3.628602206706150355e+02	1.973386205790423276e+02
4.322123580740296234e+02	2.878301650374928613e+02
3.338682886558478913e+02	2.216943546342816660e+02
3.514257382816438735e+02	1.654711665372408333e+02
3.421572977468301247e+02	3.456430608084515370e+02
4.345690353753294062e+02	1.751884094183236584e+02
4.658772782871337768e+02	2.553703420052361821e+02
3.900908979539121333e+02	2.996022691614796827e+02
4.348680273242270005e+02	3.010016863079865175e+02
4.233534812691019056e+02	2.628085173542559119e+02
5.152231587482247051e+02	1.794708437482130137e+02
5.011841290181782256e+02	2.276544246778216802e+02
5.251339130348221715e+02	1.900317927631091379e+02
3.783796920009987161e+02	1.879786849571965774e+02
4.499105611295078120e+02	2.118072916217890906e+02
4.693508419042776154e+02	1.895307680390885423e+02
3.682947617788827301e+02	2.136327025479727695e+02
3.462860011599551626e+02	1.412448642176658495e+02
2.764445285586846239e+02	3.222838733497280259e+02
4.184131304758801662e+02	2.295272353986028122e+02
3.596522268101331861e+02	3.109947487703307161e+02
3.788145964804684809e+02	1.926448501619412070e+02
4.216414495672599969e+02	2.321738457500997583e+02
4.366981214023639382e+02	2.593170671183149807e+02
4.247502904849631591e+02	2.539640879845464383e+02
4.439909587175008028e+02	2.768764567086145121e+02
4.504557265498893912e+02	1.855437353364820012e+02
3.840546865100468494e+02	3.285958282932598991e+02
4.329038063571825887e+02	1.844705919425823026e+02
5.133095953306406045e+02	1.988334574159161150e+02
4.727603989522806387e+02	2.512126914549409946e+02
3.817681342186697293e+02	1.576981910114502909e+02
3.435016043731612285e+02	1.981609262642773501e+02
3.399638279679767265e+02	2.314685828647100436e+02
3.412359199423880227e+02	2.363555988423646284e+02
4.002611844974871929e+02	2.082355638642049485e+02
4.782450198401841703e+02	2.359443720304273882e+02
3.761236759198599202e+02	1.808934095566521876e+02
4.523065132867882312e+02	1.658394128104764320e+02
4.021424841155230752e+02	2.911254230532370002e+02
4.070897254962760599e+02	1.558559781498343852e+02
3.910602974579520605e+02	2.126136571706647658e+02
4.206743170386975521e+02	2.314671592864925174e+02
3.455057176847964229e+02	1.808651883099429369e+02
3.194355376037402721e+02	3.519557041958109380e+02
3.276450610029762061e+02	2.948897330297392045e+02
4.228296088740073060e+02	2.682307167318069219e+02
3.844367621097212577e+02	3.116716806899610788e+02
4.532796904603667372e+02	1.882137702876796368e+02
4.484380281695850954e+02	3.081972476844000539e+02
