-694.652	1094.24	3257.04
-473.905	-248.572	4779.26
-595.084	850.189	4430.31
-421.504	-329.456	3645.96
-453.179	-169.812	4826.23
537.444	-94.177	3954.28
170.064	1159.81	4276.26
-359.378	526.905	5036.84
1149.79	-630.499	4708.34
-213.042	-156.873	4117.86
-830.984	1019.46	3378.89
224.997	693.724	3707.55
-28.9986	680.017	3505.19
85.5253	-172.91	4025.37
728.645	-500.434	4441.15
-392.591	612.513	4009.63
177.281	424.995	3370.38
705.883	331.449	4474.7
-585.132	-242.6	4247
659.699	1129.21	5339.33
615.15	-125.646	4358.83
-365.981	624.928	4523.84
1009.38	180.719	3994.01
1212.91	-713.816	4975.49
-105.153	-418.841	5156.75
-509.043	689.023	3848.85
-439.124	-315.875	3837.03
-257.553	360.441	5120.52
1052.31	180.347	4557.65
763.831	1002.27	3572.55
445.02	-504.735	4824.98
61.1971	-514.883	5178.06
422.014	1181.1	3298.05
927.058	-143.28	3663.55
977.64	-280.781	3668.44
-725.882	-934.371	4776.5
504.625	857.937	3651.25
-72.55	1136.56	4407.62
915.215	-225.176	4125.94
1188.16	444.141	4225.44
105.543	-662.35	4499.23
-200.457	163.188	4279.27
-904.464	826.719	4377.26
303.334	407.2	3932.88
-423.413	709.156	3366.82
932.648	305.437	3720.46
444.112	-153.517	3919.79
423.332	69.6564	4002.36
362.5	631.796	4051.4
1211.48	-2.02554	3429.19
-694.652	1094.24	3257.04
-473.905	-248.572	4779.26
-595.084	850.189	4430.31
-421.504	-329.456	3645.96
-453.179	-169.812	4826.23
537.444	-94.177	3954.28
170.064	1159.81	4276.26
-359.378	526.905	5036.84
1149.79	-630.499	4708.34
-213.042	-156.873	4117.86
-830.984	1019.46	3378.89
224.997	693.724	3707.55
-28.9986	680.017	3505.19
85.5253	-172.91	4025.37
728.645	-500.434	4441.15
-392.591	612.513	4009.63
177.281	424.995	3370.38
705.883	331.449	4474.7
-585.132	-242.6	4247
659.699	1129.21	5339.33
615.15	-125.646	4358.83
-365.981	624.928	4523.84
1009.38	180.719	3994.01
1212.91	-713.816	4975.49
-105.153	-418.841	5156.75
-509.043	689.023	3848.85
-439.124	-315.875	3837.03
-257.553	360.441	5120.52
1052.31	180.347	4557.65
763.831	1002.27	3572.55
445.02	-504.735	4824.98
61.1971	-514.883	5178.06
422.014	1181.1	3298.05
927.058	-143.28	3663.55
977.64	-280.781	3668.44
-725.882	-934.371	4776.5
504.625	857.937	3651.25
-72.55	1136.56	4407.62
915.215	-225.176	4125.94
1188.16	444.141	4225.44
105.543	-662.35	4499.23
-200.457	163.188	4279.27
-904.464	826.719	4377.26
303.334	407.2	3932.88
-423.413	709.156	3366.82
932.648	305.437	3720.46
444.112	-153.517	3919.79
423.332	69.6564	4002.36
362.5	631.796	4051.4
1211.48	-2.02554	3429.19
-694.652	1094.24	3257.04
-473.905	-248.572	4779.26
-595.084	850.189	4430.31
-421.504	-329.456	3645.96
-453.179	-169.812	4826.23
537.444	-94.177	3954.28
170.064	1159.81	4276.26
-359.378	526.905	5036.84
1149.79	-630.499	4708.34
-213.042	-156.873	4117.86
-830.984	1019.46	3378.89
224.997	693.724	3707.55
-28.9986	680.017	3505.19
85.5253	-172.91	4025.37
728.645	-500.434	4441.15
-392.591	612.513	4009.63
177.281	424.995	3370.38
705.883	331.449	4474.7
-585.132	-242.6	4247
659.699	1129.21	5339.33
615.15	-125.646	4358.83
-365.981	624.928	4523.84
1009.38	180.719	3994.01
1212.91	-713.816	4975.49
-105.153	-418.841	5156.75
-509.043	689.023	3848.85
-439.124	-315.875	3837.03
-257.553	360.441	5120.52
1052.31	180.347	4557.65
763.831	1002.27	3572.55
445.02	-504.735	4824.98
61.1971	-514.883	5178.06
422.014	1181.1	3298.05
927.058	-143.28	3663.55
977.64	-280.781	3668.44
-725.882	-934.371	4776.5
504.625	857.937	3651.25
-72.55	1136.56	4407.62
915.215	-225.176	4125.94
1188.16	444.141	4225.44
105.543	-662.35	4499.23
-200.457	163.188	4279.27
-904.464	826.719	4377.26
303.334	407.2	3932.88
-423.413	709.156	3366.82
932.648	305.437	3720.46
444.112	-153.517	3919.79
423.332	69.6564	4002.36
362.5	631.796	4051.4
1211.48	-2.02554	3429.19
-694.652	1094.24	3257.04
-473.905	-248.572	4779.26
-595.084	850.189	4430.31
-421.504	-329.456	3645.96
-453.179	-169.812	4826.23
537.444	-94.177	3954.28
170.064	1159.81	4276.26
-359.378	526.905	5036.84
1149.79	-630.499	4708.34
-213.042	-156.873	4117.86
-830.984	1019.46	3378.89
224.997	693.724	3707.55
-28.9986	680.017	3505.19
85.5253	-172.91	4025.37
728.645	-500.434	4441.15
-392.591	612.513	4009.63
177.281	424.995	3370.38
705.883	331.449	4474.7
-585.132	-242.6	4247
659.699	1129.21	5339.33
615.15	-125.646	4358.83
-365.981	624.928	4523.84
1009.38	180.719	3994.01
1212.91	-713.816	4975.49
-105.153	-418.841	5156.75
-509.043	689.023	3848.85
-439.124	-315.875	3837.03
-257.553	360.441	5120.52
1052.31	180.347	4557.65
763.831	1002.27	3572.55
445.02	-504.735	4824.98
61.1971	-514.883	5178.06
422.014	1181.1	3298.05
927.058	-143.28	3663.55
977.64	-280.781	3668.44
-725.882	-934.371	4776.5
504.625	857.937	3651.25
-72.55	1136.56	4407.62
915.215	-225.176	4125.94
1188.16	444.141	4225.44
105.543	-662.35	4499.23
-200.457	163.188	4279.27
-904.464	826.719	4377.26
303.334	407.2	3932.88
-423.413	709.156	3366.82
932.648	305.437	3720.46
444.112	-153.517	3919.79
423.332	69.6564	4002.36
362.5	631.796	4051.4
1211.48	-2.02554	3429.19
-694.652	1094.24	3257.04
-473.905	-248.572	4779.26
-595.084	850.189	4430.31
-421.504	-329.456	3645.96
-453.179	-169.812	4826.23
537.444	-94.177	3954.28
170.064	1159.81	4276.26
-359.378	526.905	5036.84
1149.79	-630.499	4708.34
-213.042	-156.873	4117.86
-830.984	1019.46	3378.89
224.997	693.724	3707.55
-28.9986	680.017	3505.19
85.5253	-172.91	4025.37
728.645	-500.434	4441.15
-392.591	612.513	4009.63
177.281	424.995	3370.38
705.883	331.449	4474.7
-585.132	-242.6	4247
659.699	1129.21	5339.33
615.15	-125.646	4358.83
-365.981	624.928	4523.84
1009.38	180.719	3994.01
1212.91	-713.816	4975.49
-105.153	-418.841	5156.75
-509.043	689.023	3848.85
-439.124	-315.875	3837.03
-257.553	360.441	5120.52
1052.31	180.347	4557.65
763.831	1002.27	3572.55
445.02	-504.735	4824.98
61.1971	-514.883	5178.06
422.014	1181.1	3298.05
927.058	-143.28	3663.55
977.64	-280.781	3668.44
-725.882	-934.371	4776.5
504.625	857.937	3651.25
-72.55	1136.56	4407.62
915.215	-225.176	4125.94
1188.16	444.141	4225.44
105.543	-662.35	4499.23
-200.457	163.188	4279.27
-904.464	826.719	4377.26
303.334	407.2	3932.88
-423.413	709.156	3366.82
932.648	305.437	3720.46
444.112	-153.517	3919.79
423.332	69.6564	4002.36
362.5	631.796	4051.4
1211.48	-2.02554	3429.19
