7149.03	-1612.04	18837.8
12847.2	-568.25	17008.7
11295.2	11527.8	15342.3
-3761.63	2507.55	23347.6
-2188.41	1000.88	13511.4
1405.04	-2231.17	11599.5
-4092.29	8788.53	13553.4
-4533.66	7555.85	15450.7
-3750.58	12066.1	23268.1
11310	8116.09	21763
3416.99	6145.52	19080.6
13614.2	262.259	8196.38
2961.6	-1225.39	11603.3
-2386.96	5748.95	12486.7
2225.14	5721.99	16082.6
3994.4	-2159.68	22532.5
7303.05	8135.05	21682.1
9431.54	-1435.32	22318.9
847.256	11630.1	15616
2378.58	-2272.05	13371.2
10716.9	4050.62	18440.9
8603.91	12419.4	21383.8
-3111.63	10031.5	13943.7
-2784.43	-638.581	18612.6
3332.18	3082.03	24508.9
-124.468	8369.01	20516.6
2196.31	-3276.21	21697.3
-2575.8	5956.89	12041.4
1786.19	-364.833	15292.6
14152.4	703.807	18455.5
9018.06	5679.02	16170.2
2886.14	14990.1	12022.6
-3277.22	8844.29	7690.23
-1156.59	13505.5	20462.8
-1333.04	12009.2	11955
14425	-1335.9	23316.5
5064.12	9667.5	14529.7
-3556.5	12106.5	17408.1
12163.8	-139.803	22289.3
1547.67	-1594.6	10380.3
-4477.23	11135.5	16609.6
-1101.77	12591.8	19760.5
12588.7	9808	18083.2
10872.7	16375.6	16526.7
10282.1	10848.7	8603.31
1763.22	3286.13	19994.5
8252.37	8265.99	18771.4
4893.9	2656.55	11836.8
-3498.11	12678.2	21640.3
-4208.69	12367.8	24989.4
7281.16	-1641.76	19186
13084.6	-578.644	17323.2
11503.8	11740.9	15626
-3831.14	2553.87	23779.1
-2228.84	1019.37	13761.1
1431.03	-2272.38	11813.9
-4167.96	8950.9	13803.8
-4617.47	7695.45	15736.2
-3819.95	12289	23698.1
11518.9	8266.15	22165.4
3480.1	6259.11	19433.3
13865.7	267.211	8348.01
3016.34	-1248	11817.8
-2431.09	5855.17	12717.5
2266.23	5827.74	16379.9
4068.25	-2199.55	22949
7437.95	8285.44	22082.9
9605.84	-1461.76	22731.5
862.84	11845	15904.7
2422.56	-2314	13618.4
10914.9	4125.55	18781.9
8762.81	12648.9	21779.1
-3169.18	10216.8	14201.4
-2835.86	-650.39	18956.6
3393.75	3139.02	24961.9
-126.811	8523.66	20895.8
2236.93	-3336.72	22098.4
-2623.43	6066.95	12263.9
1819.21	-371.552	15575.3
14413.9	716.928	18796.7
9184.66	5784.04	16469.2
2939.37	15267.1	12244.8
-3337.83	9007.7	7832.33
-1178.05	13755.1	20841
-1357.75	12231.1	12176
14691.5	-1360.46	23747.6
5157.63	9846.17	14798.3
-3622.29	12330.1	17729.8
12388.6	-142.283	22701.4
1576.29	-1624.04	10572.2
-4560.03	11341.3	16916.5
-1122.2	12824.4	20125.7
12821.2	9989.33	18417.5
11073.5	16678.3	16832.3
10472	11049.3	8762.43
1795.8	3346.88	20364
8404.81	8418.8	19118.5
4984.32	2705.68	12055.7
-3562.82	12912.4	22040.2
-4286.52	12596.3	25451.2
7351.61	-1657.65	19371.7
13211.2	-584.251	17490.8
11615.1	11854.5	15777.2
-3868.21	2578.59	24009.2
-2250.41	1029.23	13894.2
1444.88	-2294.37	11928.2
-4208.28	9037.51	13937.4
-4662.15	7769.91	15888.5
-3856.91	12408	23927.4
11630.4	8346.13	22379.9
3513.77	6319.67	19621.3
13999.9	269.788	8428.78
3045.53	-1260.08	11932.2
-2454.62	5911.82	12840.6
2288.16	5884.13	16538.4
4107.61	-2220.83	23171.1
7509.92	8365.6	22296.6
9698.79	-1475.91	22951.4
871.194	11959.6	16058.6
2445.99	-2336.4	13750.2
11020.5	4165.47	18963.6
8847.61	12771.3	21989.8
-3199.84	10315.7	14338.8
-2863.31	-656.683	19140
3426.59	3169.39	25203.4
-128.035	8606.13	21098
2258.57	-3369.01	22312.2
-2648.81	6125.65	12382.6
1836.82	-375.149	15726
14553.4	723.855	18978.6
9273.54	5840	16628.5
2967.82	15414.8	12363.3
-3370.12	9094.86	7908.12
-1189.44	13888.2	21042.7
-1370.88	12349.4	12293.8
14833.7	-1373.64	23977.4
5207.54	9941.44	14941.5
-3657.34	12449.5	17901.3
12508.5	-143.668	22921
1591.54	-1639.76	10674.5
-4604.15	11451	17080.2
-1133.05	12948.5	20320.5
12945.3	10086	18595.7
11180.7	16839.6	16995.1
10573.3	11156.2	8847.2
1813.17	3379.26	20561.1
8486.14	8500.25	19303.4
5032.55	2731.85	12172.3
-3597.29	13037.4	22253.5
-4328	12718.2	25697.5
7351.61	-1657.65	19371.7
13211.2	-584.251	17490.8
11615.1	11854.5	15777.2
-3868.21	2578.59	24009.2
-2250.41	1029.23	13894.2
1444.88	-2294.37	11928.2
-4208.28	9037.51	13937.4
-4662.15	7769.91	15888.5
-3856.91	12408	23927.4
11630.4	8346.13	22379.9
3513.77	6319.67	19621.3
13999.9	269.788	8428.78
3045.53	-1260.08	11932.2
-2454.62	5911.82	12840.6
2288.16	5884.13	16538.4
4107.61	-2220.83	23171.1
7509.92	8365.6	22296.6
9698.79	-1475.91	22951.4
871.194	11959.6	16058.6
2445.99	-2336.4	13750.2
11020.5	4165.47	18963.6
8847.61	12771.3	21989.8
-3199.84	10315.7	14338.8
-2863.31	-656.683	19140
3426.59	3169.39	25203.4
-128.035	8606.13	21098
2258.57	-3369.01	22312.2
-2648.81	6125.65	12382.6
1836.82	-375.149	15726
14553.4	723.855	18978.6
9273.54	5840	16628.5
2967.82	15414.8	12363.3
-3370.12	9094.86	7908.12
-1189.44	13888.2	21042.7
-1370.88	12349.4	12293.8
14833.7	-1373.64	23977.4
5207.54	9941.44	14941.5
-3657.34	12449.5	17901.3
12508.5	-143.668	22921
1591.54	-1639.76	10674.5
-4604.15	11451	17080.2
-1133.05	12948.5	20320.5
12945.3	10086	18595.7
11180.7	16839.6	16995.1
10573.3	11156.2	8847.2
1813.17	3379.26	20561.1
8486.14	8500.25	19303.4
5032.55	2731.85	12172.3
-3597.29	13037.4	22253.5
-4328	12718.2	25697.5
7475.08	-1685.52	19697
13433.1	-594.101	17784.6
11810.2	12053.5	16042.1
-3933.18	2621.9	24412.4
-2288.21	1046.52	14127.6
1469.14	-2332.91	12128.5
-4278.95	9189.31	14171.5
-4740.44	7900.42	16155.4
-3921.67	12616.4	24329.3
11825.8	8486.28	22755.7
3572.8	6425.81	19950.8
14235	274.284	8570.28
3096.68	-1281.26	12132.6
-2495.83	6011.12	13056.2
2326.6	5982.95	16816.1
4176.59	-2258.15	23560.2
7636.08	8506.09	22671
9861.68	-1500.73	23336.8
885.852	12160.5	16328.3
2487.07	-2375.65	13981.1
11205.6	4235.4	19282
8996.24	12985.8	22359.1
-3253.57	10489	14579.6
-2911.4	-667.71	19461.5
3484.14	3222.61	25626.7
-130.17	8750.68	21452.4
2296.49	-3425.6	22686.9
-2693.29	6228.54	12590.6
1867.66	-381.458	15990.1
14797.8	735.973	19297.3
9429.31	5938.06	16907.8
3017.7	15673.7	12570.9
-3426.71	9247.62	8040.95
-1209.39	14121.5	21396.1
-1393.88	12556.9	12500.3
15082.8	-1396.75	24380
5295.03	10108.4	15192.4
-3718.74	12658.6	18202
12718.6	-146.117	23305.9
1618.27	-1667.31	10853.8
-4681.46	11643.3	17367.1
-1152.06	13166	20661.7
13162.8	10255.4	18908
11368.5	17122.4	17280.5
10751	11343.5	8995.75
1843.63	3436.01	20906.4
8628.69	8643	19627.6
5117.08	2777.72	12376.7
-3657.68	13256.4	22627.2
-4400.67	12931.8	26129.1
