5371.85	-1210.44	14152.1
9651.38	-424.291	12776.9
8480.35	8661.97	11522.9
-2825.12	1880.23	17541.1
-1643.38	749.863	10151.2
1057.09	-1676.72	8714.91
-3076.8	6599.37	10181.5
-3407.69	5673.05	11607.3
-2820.91	9060.7	17479.5
8493.35	6098.48	16347.4
2565.23	4615.85	14333.6
10226.7	200.688	6156.01
2225.85	-920.664	8717.39
-1794.61	4316.67	9380.52
1669.98	4297.59	12081.4
3002.73	-1623.22	16928.4
5483.55	6111.44	16287.2
7086.51	-1077.27	16767.2
632.426	8735.38	11730
1788.48	-1707.28	10045.9
8049.34	3044.6	13852.4
6458.84	9330.35	16062.2
-2340.69	7533.37	10474.4
-2090.05	-482.401	13984.1
2503.19	2313.99	18412.4
-95.7698	6284.86	15412.6
1652.53	-2462.47	16301.5
-1936.58	4472.87	9045.94
1342.82	-274.944	11489.2
10631.4	531.577	13863.5
6772.45	4267.53	12146.3
2162.25	11260.4	9029.32
-2464.96	6642.1	5776.46
-873.248	10143.1	15371.3
-1005.68	9019.81	8979.74
10837.3	-1001.05	17516
3800.66	7262.55	10913.6
-2675.53	9091.65	13076.9
9138.27	-103.17	16744.2
1163.87	-1198.36	7798.81
-3366.76	8362.04	12477.3
-831.72	9456.78	14843.9
9452.85	7370.22	13582.3
8161.04	12303.5	12411.9
7719.24	8152.2	6460.19
1324.3	2467.23	15020.9
6196.37	6210.37	14100.2
3675.65	1996.09	8891.84
-2631.64	9520.75	16256.4
-3165.05	9287.06	18772.8
5412.28	-1220.39	14258.6
9724.24	-428.973	12873.3
8545.75	8726.03	11609.8
-2846.09	1894.87	17672.4
-1655.63	755.784	10227.2
1064.84	-1689.53	8780.32
-3098.98	6649.65	10257.6
-3432.5	5716.4	11694
-2840.75	9129.52	17610.3
8558.48	6143.2	16470.5
2585.37	4650.3	14441.2
10303.9	200.628	6202.83
2242.55	-927.947	8782.89
-1807.46	4349.53	9450.67
1683.29	4329.77	12172.1
3025.22	-1635.91	17055.6
5525.96	6156.73	16409.6
7139.92	-1086.48	16893.3
638.59	8801.21	11817.9
1801.76	-1720.43	10121.3
8110.64	3066.34	13956.7
6509.11	9399.77	16182.9
-2357.16	7590.59	10552.7
-2105.85	-485.706	14088.8
2522.52	2331.08	18550.6
-95.4653	6332.31	15528
1664.69	-2481.3	16423.8
-1950.48	4506.93	9113.58
1352.96	-277.216	11575.4
10711.8	533.957	13968.1
6824.29	4298.69	12237.8
2180.34	11345.1	9097.03
-2482.53	6692.6	5819.53
-878.222	10219.8	15486.4
-1011.86	9088.04	9046.9
10919.1	-1010.26	17648
3830.52	7316.78	10995.6
-2694.28	9160.68	13174.7
9207.32	-105.346	16870.4
1172.5	-1207.58	7857.36
-3390.85	8425.67	12570.5
-836.488	9528.28	14955
9525.41	7424.39	13684.6
8224.6	12395.1	12505.4
7778.8	8212.52	6509.05
1334.74	2485.66	15133.6
6244.16	6256.28	14206.3
3703.75	2010.6	8958.72
-2649.98	9593.01	16378
-3187.44	9357.65	18913.2
5465.71	-1233.28	14399.4
9820.41	-434.728	13000.9
8631.7	8810.91	11724.7
-2873.81	1914.06	17846
-1671.81	763.526	10327.7
1075.17	-1706.38	8866.83
-3128.5	6715.86	10358.2
-3465.45	5773.43	11808.7
-2867.28	9220.19	17783.2
8644.18	6202.57	16633.3
2611.77	4695.86	14583.4
10405.9	200.992	6264.83
2264.65	-937.458	8869.53
-1824.58	4392.8	9543.44
1700.7	4372.3	12291.9
3055	-1652.53	17223.7
5581.68	6216.71	16571.5
7210.47	-1098.32	17060.2
646.368	8888.09	11934.1
1819.38	-1737.7	10221.1
8191.41	3095.37	14094.8
6575.06	9491.64	16342.6
-2379.2	7665.97	10656.2
-2126.64	-490.154	14227.3
2547.96	2353.74	18733.3
-95.3038	6394.91	15680.7
1680.88	-2506.05	16585.6
-1968.99	4551.78	9203.02
1366.38	-280.154	11689.4
10817.9	537.561	14106.6
6892.52	4340.1	12358.8
2203.74	11456.8	9186.62
-2505.98	6759.13	5876.49
-885.191	10320.9	15638.6
-1020.37	9178	9135.72
11027	-1021.94	17822.7
3869.62	7388.48	11104.1
-2719.39	9251.63	13303.9
9298.46	-107.817	17037.2
1183.96	-1219.68	7934.79
-3422.96	8509.47	12693.8
-843.157	9622.57	15101.9
9620.85	7496.26	13820.1
8307.94	12516.2	12629.1
7857.04	8292.45	6573.74
1348.44	2510.02	15282.6
6306.98	6317.13	14346.6
3740.75	2029.89	9047.2
-2674.56	9688.24	16538.8
-3217.35	9450.63	19098.9
5502.03	-1618.51	14296.4
9914.29	-766.628	12914.8
8699.33	8626.61	11889.1
-2956.79	1465.14	17830.4
-1719.41	499.405	10309.6
1069.87	-1958.94	8783.7
-3203.87	6523.32	10499.5
-3547.19	5530.49	11920.2
-2961.28	8864.5	17959.6
8704.03	5856.72	16709.3
2602.21	4375.78	14641.8
10522.6	54.8067	6221.33
2273.27	-1178.64	8803.88
-1877.81	4194.52	9624.19
1685.64	4106.95	12353.1
3054.43	-2120.83	17103.7
5602.7	5868	16655.1
7262.23	-1549.06	16946
611.815	8687.14	12117.7
1820.29	-2025.08	10130
8256.46	2776.53	14100.5
6604.2	9191.46	16510.8
-2447.23	7478.65	10819.6
-2187.6	-873.062	14161.5
2531.09	1895.26	18713.5
-144.578	6063.21	15785.3
1665.71	-2970.37	16448.8
-2023.47	4364.21	9289.64
1355.7	-588.5	11631.6
10920.3	190.332	14039.2
6943.38	4080.47	12407.2
2191.73	11362.6	9445.2
-2562.58	6685.75	6035.74
-950.456	10038.4	15848.1
-1069.75	9051.61	9341.92
11125.3	-1485.96	17698.8
3880.38	7195.41	11244.4
-2800.64	9014.16	13499
9375.33	-542.381	16944.4
1181.56	-1441.5	7867.97
-3510.53	8277.66	12873.5
-905.503	9345.39	15295.3
9697.96	7241.94	13939.2
8363.52	12354.1	12887.8
7928.17	8235.7	6747.13
1324.48	2142.28	15283.5
6342.5	6029.21	14440.1
3763.14	1823.47	9055.42
-2763.79	9371.37	16732.1
-3319.36	9062.75	19276.9
5502.03	-1618.51	14296.4
9914.29	-766.628	12914.8
8699.33	8626.61	11889.1
-2956.79	1465.14	17830.4
-1719.41	499.405	10309.6
1069.87	-1958.94	8783.7
-3203.87	6523.32	10499.5
-3547.19	5530.49	11920.2
-2961.28	8864.5	17959.6
8704.03	5856.72	16709.3
2602.21	4375.78	14641.8
10522.6	54.8067	6221.33
2273.27	-1178.64	8803.88
-1877.81	4194.52	9624.19
1685.64	4106.95	12353.1
3054.43	-2120.83	17103.7
5602.7	5868	16655.1
7262.23	-1549.06	16946
611.815	8687.14	12117.7
1820.29	-2025.08	10130
8256.46	2776.53	14100.5
6604.2	9191.46	16510.8
-2447.23	7478.65	10819.6
-2187.6	-873.062	14161.5
2531.09	1895.26	18713.5
-144.578	6063.21	15785.3
1665.71	-2970.37	16448.8
-2023.47	4364.21	9289.64
1355.7	-588.5	11631.6
10920.3	190.332	14039.2
6943.38	4080.47	12407.2
2191.73	11362.6	9445.2
-2562.58	6685.75	6035.74
-950.456	10038.4	15848.1
-1069.75	9051.61	9341.92
11125.3	-1485.96	17698.8
3880.38	7195.41	11244.4
-2800.64	9014.16	13499
9375.33	-542.381	16944.4
1181.56	-1441.5	7867.97
-3510.53	8277.66	12873.5
-905.503	9345.39	15295.3
9697.96	7241.94	13939.2
8363.52	12354.1	12887.8
7928.17	8235.7	6747.13
1324.48	2142.28	15283.5
6342.5	6029.21	14440.1
3763.14	1823.47	9055.42
-2763.79	9371.37	16732.1
-3319.36	9062.75	19276.9
