6085.71	-1367.78	16031.7
10935.6	-479.908	14475.1
9614.96	9815.43	13061.6
-3200.62	2140.01	19872.2
-1862.05	855.196	11499.9
1196.35	-1896.36	9871.32
-3482.29	7483.81	11538.8
-3857.93	6435.07	13153.1
-3190.92	10275.9	19808.1
9627.74	6913.05	18524.8
2909.41	5235.33	16241.5
11588.1	224.868	6975.24
2521.25	-1040.31	9874.88
-2030.94	4896.33	10629.7
1894.82	4874.14	13689.9
3400.77	-1832.95	19176.2
6217.2	6929.26	18456.2
8028.63	-1216.58	18994.4
722.187	9902.82	13295.1
2025.05	-1930.75	11379.2
9122.59	3451.88	15695.8
7324.58	10575.9	18203.9
-2647.55	8541.84	11871.4
-2369.18	-539.028	15841
2837.37	2629.09	20860.4
-104.78	7128.3	17464.8
1870.25	-2783.46	18465.1
-2191.68	5073.22	10250.8
1520.99	-306.922	13015.2
12046.7	603.134	15706.8
7676.62	4837.43	13764
2457.53	12761.8	10237.9
-2788.8	7529.86	6548.67
-983.124	11500.3	17421
-1133.72	10224.7	10179.5
12278.8	-1131.84	19843.2
4311.27	8231.99	12369.6
-3025.99	10308.8	14820.7
10354.3	-113.954	18969.5
1317.71	-1354.82	8833.93
-3809.74	9482.23	14140.8
-936.52	10722.4	16823
10716	8352.22	15393.5
9255.6	13942	14071.5
8752.33	9235.86	7325.8
1501.75	2801.77	17018.3
7025.11	7040.01	15979
4166.07	2263.87	10075
-2976.08	10796.5	18422.9
-3580.77	10533.1	21273.3
6246.81	-1048.8	16677.3
11112.9	107.233	15060.1
9227.11	10467.4	13591
-3346.74	2015.13	20669.2
-1926.38	777.341	11961.1
1317.83	-1849.46	10267.7
-3920.2	7407.57	12002
-4244.27	6326.36	13680.9
-3769.2	10259.1	20604
9397	7531.94	19273.2
2677.82	5473.02	16895.5
11732.9	849.623	7259.46
2614.77	-911.671	10272.1
-2312.64	4862.22	11056.6
1667.73	5050.97	14241
3552.67	-1660.15	19947
5940.47	7367.06	19200.6
8208.87	-789.826	19759.6
212.236	10083.5	13830.8
2160.07	-1838.98	11836.4
9067.68	3995.74	16329.9
6868.6	11120.5	18939.2
-3130.46	8524.24	12348.5
-2363.98	-658.58	16476
2745.59	2832.42	21699.3
-476.188	7231.9	18167.1
2052.05	-2705.17	19206.6
-2485.09	5032.59	10662.4
1563.88	-219.07	13538.3
12181.8	1264.7	16341.8
7527.98	5321.11	14320.2
1817.11	13069.9	10652
-3222.47	7486.83	6811.87
-1598.44	11615.1	18122
-1686.87	10308.3	10589.5
12511.2	-477.365	20644.1
3937.09	8580.52	12869.1
-3606.32	10297	15416.4
10506.7	450.958	19734.8
1411.51	-1295.19	9188.84
-4356.85	9417.24	14708.8
-1510.19	10828.8	17499.8
10421.6	9045.33	16016.8
8644.25	14630.3	14642.1
8381.04	9829.42	7624.63
1381.23	2933.14	17702.6
6751.93	7520.08	16624.2
4105.89	2523.8	10481.4
-3579.86	10796.8	19163.3
-4177.12	10500.3	22127.9
6246.81	-1048.8	16677.3
11112.9	107.233	15060.1
9227.11	10467.4	13591
-3346.74	2015.13	20669.2
-1926.38	777.341	11961.1
1317.83	-1849.46	10267.7
-3920.2	7407.57	12002
-4244.27	6326.36	13680.9
-3769.2	10259.1	20604
9397	7531.94	19273.2
2677.82	5473.02	16895.5
11732.9	849.623	7259.46
2614.77	-911.671	10272.1
-2312.64	4862.22	11056.6
1667.73	5050.97	14241
3552.67	-1660.15	19947
5940.47	7367.06	19200.6
8208.87	-789.826	19759.6
212.236	10083.5	13830.8
2160.07	-1838.98	11836.4
9067.68	3995.74	16329.9
6868.6	11120.5	18939.2
-3130.46	8524.24	12348.5
-2363.98	-658.58	16476
2745.59	2832.42	21699.3
-476.188	7231.9	18167.1
2052.05	-2705.17	19206.6
-2485.09	5032.59	10662.4
1563.88	-219.07	13538.3
12181.8	1264.7	16341.8
7527.98	5321.11	14320.2
1817.11	13069.9	10652
-3222.47	7486.83	6811.87
-1598.44	11615.1	18122
-1686.87	10308.3	10589.5
12511.2	-477.365	20644.1
3937.09	8580.52	12869.1
-3606.32	10297	15416.4
10506.7	450.958	19734.8
1411.51	-1295.19	9188.84
-4356.85	9417.24	14708.8
-1510.19	10828.8	17499.8
10421.6	9045.33	16016.8
8644.25	14630.3	14642.1
8381.04	9829.42	7624.63
1381.23	2933.14	17702.6
6751.93	7520.08	16624.2
4105.89	2523.8	10481.4
-3579.86	10796.8	19163.3
-4177.12	10500.3	22127.9
6246.81	-1048.8	16677.3
11112.9	107.233	15060.1
9227.11	10467.4	13591
-3346.74	2015.13	20669.2
-1926.38	777.341	11961.1
1317.83	-1849.46	10267.7
-3920.2	7407.57	12002
-4244.27	6326.36	13680.9
-3769.2	10259.1	20604
9397	7531.94	19273.2
2677.82	5473.02	16895.5
11732.9	849.623	7259.46
2614.77	-911.671	10272.1
-2312.64	4862.22	11056.6
1667.73	5050.97	14241
3552.67	-1660.15	19947
5940.47	7367.06	19200.6
8208.87	-789.826	19759.6
212.236	10083.5	13830.8
2160.07	-1838.98	11836.4
9067.68	3995.74	16329.9
6868.6	11120.5	18939.2
-3130.46	8524.24	12348.5
-2363.98	-658.58	16476
2745.59	2832.42	21699.3
-476.188	7231.9	18167.1
2052.05	-2705.17	19206.6
-2485.09	5032.59	10662.4
1563.88	-219.07	13538.3
12181.8	1264.7	16341.8
7527.98	5321.11	14320.2
1817.11	13069.9	10652
-3222.47	7486.83	6811.87
-1598.44	11615.1	18122
-1686.87	10308.3	10589.5
12511.2	-477.365	20644.1
3937.09	8580.52	12869.1
-3606.32	10297	15416.4
10506.7	450.958	19734.8
1411.51	-1295.19	9188.84
-4356.85	9417.24	14708.8
-1510.19	10828.8	17499.8
10421.6	9045.33	16016.8
8644.25	14630.3	14642.1
8381.04	9829.42	7624.63
1381.23	2933.14	17702.6
6751.93	7520.08	16624.2
4105.89	2523.8	10481.4
-3579.86	10796.8	19163.3
-4177.12	10500.3	22127.9
6246.81	-1048.8	16677.3
11112.9	107.233	15060.1
9227.11	10467.4	13591
-3346.74	2015.13	20669.2
-1926.38	777.341	11961.1
1317.83	-1849.46	10267.7
-3920.2	7407.57	12002
-4244.27	6326.36	13680.9
-3769.2	10259.1	20604
9397	7531.94	19273.2
2677.82	5473.02	16895.5
11732.9	849.623	7259.46
2614.77	-911.671	10272.1
-2312.64	4862.22	11056.6
1667.73	5050.97	14241
3552.67	-1660.15	19947
5940.47	7367.06	19200.6
8208.87	-789.826	19759.6
212.236	10083.5	13830.8
2160.07	-1838.98	11836.4
9067.68	3995.74	16329.9
6868.6	11120.5	18939.2
-3130.46	8524.24	12348.5
-2363.98	-658.58	16476
2745.59	2832.42	21699.3
-476.188	7231.9	18167.1
2052.05	-2705.17	19206.6
-2485.09	5032.59	10662.4
1563.88	-219.07	13538.3
12181.8	1264.7	16341.8
7527.98	5321.11	14320.2
1817.11	13069.9	10652
-3222.47	7486.83	6811.87
-1598.44	11615.1	18122
-1686.87	10308.3	10589.5
12511.2	-477.365	20644.1
3937.09	8580.52	12869.1
-3606.32	10297	15416.4
10506.7	450.958	19734.8
1411.51	-1295.19	9188.84
-4356.85	9417.24	14708.8
-1510.19	10828.8	17499.8
10421.6	9045.33	16016.8
8644.25	14630.3	14642.1
8381.04	9829.42	7624.63
1381.23	2933.14	17702.6
6751.93	7520.08	16624.2
4105.89	2523.8	10481.4
-3579.86	10796.8	19163.3
-4177.12	10500.3	22127.9
