5494.71	-1226.5	14471.6
9905.48	-426.848	13110.8
8732.14	8921.58	11870.7
-2872.96	1931.09	17836.9
-1681.84	778.317	10386.2
1082.82	-1711.04	8929.88
-3147.81	6770.92	10433.9
-3482.02	5814.85	11873.9
-2869.46	9251.05	17817.5
8704.53	6260.11	16753.2
2626.77	4735.05	14665.3
10557.3	208.934	6356.39
2283.37	-936.956	8940.5
-1837.08	4434.56	9617.14
1713.04	4413.5	12378
3060.24	-1639.4	17250.1
5613.67	6266.33	16668.3
7239.52	-1086.99	17124.3
653.411	8967.19	12035.7
1831.39	-1740.05	10286.6
8256.86	3132.73	14208.4
6622.63	9572.17	16466.8
-2394.03	7730.04	10739.1
-2132.18	-477.214	14254.2
2551.98	2375.21	18759.6
-94.3414	6433.76	15743.8
1682.62	-2494.32	16604.1
-1982.98	4595.49	9276.81
1374.16	-270.554	11754.9
10909.6	554.74	14224.6
6955.66	4390.54	12474.7
2231.22	11593	9305.36
-2530.75	6836.34	5947.15
-886.616	10380.5	15717.3
-1027.47	9271.07	9231.39
11084.2	-1011.1	17910.5
3907.7	7468.12	11217.5
-2731.09	9311.81	13381.7
9347.47	-92.7757	17123.5
1193.69	-1222.6	7999
-3438.42	8565.33	12767.2
-844.812	9681.33	15181.6
9717.24	7582.31	13965.7
8405.75	12670	12791.2
7977.71	8422.92	6686.23
1353.78	2534.15	15339
6356.54	6378.58	14462.9
3777.41	2058.01	9136.02
-2679.45	9730	16592.1
-3216.35	9472.32	19113.1
5494.71	-1226.5	14471.6
9905.48	-426.848	13110.8
8732.14	8921.58	11870.7
-2872.96	1931.09	17836.9
-1681.84	778.317	10386.2
1082.82	-1711.04	8929.88
-3147.81	6770.92	10433.9
-3482.02	5814.85	11873.9
-2869.46	9251.05	17817.5
8704.53	6260.11	16753.2
2626.77	4735.05	14665.3
10557.3	208.934	6356.39
2283.37	-936.956	8940.5
-1837.08	4434.56	9617.14
1713.04	4413.5	12378
3060.24	-1639.4	17250.1
5613.67	6266.33	16668.3
7239.52	-1086.99	17124.3
653.411	8967.19	12035.7
1831.39	-1740.05	10286.6
8256.86	3132.73	14208.4
6622.63	9572.17	16466.8
-2394.03	7730.04	10739.1
-2132.18	-477.214	14254.2
2551.98	2375.21	18759.6
-94.3414	6433.76	15743.8
1682.62	-2494.32	16604.1
-1982.98	4595.49	9276.81
1374.16	-270.554	11754.9
10909.6	554.74	14224.6
6955.66	4390.54	12474.7
2231.22	11593	9305.36
-2530.75	6836.34	5947.15
-886.616	10380.5	15717.3
-1027.47	9271.07	9231.39
11084.2	-1011.1	17910.5
3907.7	7468.12	11217.5
-2731.09	9311.81	13381.7
9347.47	-92.7757	17123.5
1193.69	-1222.6	7999
-3438.42	8565.33	12767.2
-844.812	9681.33	15181.6
9717.24	7582.31	13965.7
8405.75	12670	12791.2
7977.71	8422.92	6686.23
1353.78	2534.15	15339
6356.54	6378.58	14462.9
3777.41	2058.01	9136.02
-2679.45	9730	16592.1
-3216.35	9472.32	19113.1
5494.71	-1226.5	14471.6
9905.48	-426.848	13110.8
8732.14	8921.58	11870.7
-2872.96	1931.09	17836.9
-1681.84	778.317	10386.2
1082.82	-1711.04	8929.88
-3147.81	6770.92	10433.9
-3482.02	5814.85	11873.9
-2869.46	9251.05	17817.5
8704.53	6260.11	16753.2
2626.77	4735.05	14665.3
10557.3	208.934	6356.39
2283.37	-936.956	8940.5
-1837.08	4434.56	9617.14
1713.04	4413.5	12378
3060.24	-1639.4	17250.1
5613.67	6266.33	16668.3
7239.52	-1086.99	17124.3
653.411	8967.19	12035.7
1831.39	-1740.05	10286.6
8256.86	3132.73	14208.4
6622.63	9572.17	16466.8
-2394.03	7730.04	10739.1
-2132.18	-477.214	14254.2
2551.98	2375.21	18759.6
-94.3414	6433.76	15743.8
1682.62	-2494.32	16604.1
-1982.98	4595.49	9276.81
1374.16	-270.554	11754.9
10909.6	554.74	14224.6
6955.66	4390.54	12474.7
2231.22	11593	9305.36
-2530.75	6836.34	5947.15
-886.616	10380.5	15717.3
-1027.47	9271.07	9231.39
11084.2	-1011.1	17910.5
3907.7	7468.12	11217.5
-2731.09	9311.81	13381.7
9347.47	-92.7757	17123.5
1193.69	-1222.6	7999
-3438.42	8565.33	12767.2
-844.812	9681.33	15181.6
9717.24	7582.31	13965.7
8405.75	12670	12791.2
7977.71	8422.92	6686.23
1353.78	2534.15	15339
6356.54	6378.58	14462.9
3777.41	2058.01	9136.02
-2679.45	9730	16592.1
-3216.35	9472.32	19113.1
5494.71	-1226.5	14471.6
9905.48	-426.848	13110.8
8732.14	8921.58	11870.7
-2872.96	1931.09	17836.9
-1681.84	778.317	10386.2
1082.82	-1711.04	8929.88
-3147.81	6770.92	10433.9
-3482.02	5814.85	11873.9
-2869.46	9251.05	17817.5
8704.53	6260.11	16753.2
2626.77	4735.05	14665.3
10557.3	208.934	6356.39
2283.37	-936.956	8940.5
-1837.08	4434.56	9617.14
1713.04	4413.5	12378
3060.24	-1639.4	17250.1
5613.67	6266.33	16668.3
7239.52	-1086.99	17124.3
653.411	8967.19	12035.7
1831.39	-1740.05	10286.6
8256.86	3132.73	14208.4
6622.63	9572.17	16466.8
-2394.03	7730.04	10739.1
-2132.18	-477.214	14254.2
2551.98	2375.21	18759.6
-94.3414	6433.76	15743.8
1682.62	-2494.32	16604.1
-1982.98	4595.49	9276.81
1374.16	-270.554	11754.9
10909.6	554.74	14224.6
6955.66	4390.54	12474.7
2231.22	11593	9305.36
-2530.75	6836.34	5947.15
-886.616	10380.5	15717.3
-1027.47	9271.07	9231.39
11084.2	-1011.1	17910.5
3907.7	7468.12	11217.5
-2731.09	9311.81	13381.7
9347.47	-92.7757	17123.5
1193.69	-1222.6	7999
-3438.42	8565.33	12767.2
-844.812	9681.33	15181.6
9717.24	7582.31	13965.7
8405.75	12670	12791.2
7977.71	8422.92	6686.23
1353.78	2534.15	15339
6356.54	6378.58	14462.9
3777.41	2058.01	9136.02
-2679.45	9730	16592.1
-3216.35	9472.32	19113.1
5494.71	-1226.5	14471.6
9905.48	-426.848	13110.8
8732.14	8921.58	11870.7
-2872.96	1931.09	17836.9
-1681.84	778.317	10386.2
1082.82	-1711.04	8929.88
-3147.81	6770.92	10433.9
-3482.02	5814.85	11873.9
-2869.46	9251.05	17817.5
8704.53	6260.11	16753.2
2626.77	4735.05	14665.3
10557.3	208.934	6356.39
2283.37	-936.956	8940.5
-1837.08	4434.56	9617.14
1713.04	4413.5	12378
3060.24	-1639.4	17250.1
5613.67	6266.33	16668.3
7239.52	-1086.99	17124.3
653.411	8967.19	12035.7
1831.39	-1740.05	10286.6
8256.86	3132.73	14208.4
6622.63	9572.17	16466.8
-2394.03	7730.04	10739.1
-2132.18	-477.214	14254.2
2551.98	2375.21	18759.6
-94.3414	6433.76	15743.8
1682.62	-2494.32	16604.1
-1982.98	4595.49	9276.81
1374.16	-270.554	11754.9
10909.6	554.74	14224.6
6955.66	4390.54	12474.7
2231.22	11593	9305.36
-2530.75	6836.34	5947.15
-886.616	10380.5	15717.3
-1027.47	9271.07	9231.39
11084.2	-1011.1	17910.5
3907.7	7468.12	11217.5
-2731.09	9311.81	13381.7
9347.47	-92.7757	17123.5
1193.69	-1222.6	7999
-3438.42	8565.33	12767.2
-844.812	9681.33	15181.6
9717.24	7582.31	13965.7
8405.75	12670	12791.2
7977.71	8422.92	6686.23
1353.78	2534.15	15339
6356.54	6378.58	14462.9
3777.41	2058.01	9136.02
-2679.45	9730	16592.1
-3216.35	9472.32	19113.1
