-0.0434025	0.0683693	0.203503
-0.0749386	-0.0393067	0.755744
-0.0805543	0.115087	0.599713
-0.0276634	-0.0216222	0.239285
-0.0771325	-0.0289026	0.821441
0.0396859	-0.00695421	0.291991
0.018988	0.129495	0.477455
-0.105841	0.15518	1.48341
0.126368	-0.0692953	0.517472
-0.0184014	-0.0135498	0.355678
-0.0553125	0.0678582	0.224908
0.0160242	0.0494067	0.26405
-0.00188853	0.0442861	0.228275
0.00677333	-0.0136939	0.318797
0.0691256	-0.0474755	0.421326
-0.0351405	0.0548257	0.358899
0.0104523	0.0250572	0.198714
0.0773971	0.036342	0.490632
-0.0567697	-0.0235371	0.412045
0.504698	0.863893	4.08481
0.0583382	-0.0119157	0.413373
-0.0507313	0.0866257	0.627081
0.0755788	0.0135316	0.299057
0.168064	-0.098908	0.689416
-0.0260905	-0.103923	1.27949
-0.0417724	0.0565417	0.315839
-0.0319942	-0.0230143	0.279562
-0.0835088	0.116869	1.66027
0.11627	0.0199267	0.503579
0.0501631	0.0658221	0.23462
0.0610759	-0.0692713	0.662195
0.0146687	-0.123415	1.24116
0.0252066	0.0705464	0.19699
0.0570051	-0.00881032	0.225273
0.0593727	-0.017052	0.222787
-0.103423	-0.133129	0.680554
0.0346947	0.0589861	0.251036
-0.00939829	0.147232	0.570973
0.0715385	-0.0176011	0.322507
0.104256	0.0389716	0.370765
0.0109261	-0.0685683	0.465772
-0.0202338	0.0164719	0.431942
-0.120531	0.110171	0.583325
0.0237424	0.0318721	0.307832
-0.0265146	0.0444082	0.210834
0.0612954	0.0200739	0.244516
0.0322013	-0.0111311	0.284213
0.033002	0.00543025	0.312014
0.0312065	0.0543893	0.348772
0.0666485	-0.000111431	0.188655
-0.0434025	0.0683693	0.203503
-0.0749386	-0.0393067	0.755744
-0.0805543	0.115087	0.599713
-0.0276634	-0.0216222	0.239285
-0.0771325	-0.0289026	0.821441
0.0396859	-0.00695421	0.291991
0.018988	0.129495	0.477455
-0.105841	0.15518	1.48341
0.126368	-0.0692953	0.517472
-0.0184014	-0.0135498	0.355678
-0.0553125	0.0678582	0.224908
0.0160242	0.0494067	0.26405
-0.00188853	0.0442861	0.228275
0.00677333	-0.0136939	0.318797
0.0691256	-0.0474755	0.421326
-0.0351405	0.0548257	0.358899
0.0104523	0.0250572	0.198714
0.0773971	0.036342	0.490632
-0.0567697	-0.0235371	0.412045
0.504698	0.863893	4.08481
0.0583382	-0.0119157	0.413373
-0.0507313	0.0866257	0.627081
0.0755788	0.0135316	0.299057
0.168064	-0.098908	0.689416
-0.0260905	-0.103923	1.27949
-0.0417724	0.0565417	0.315839
-0.0319942	-0.0230143	0.279562
-0.0835088	0.116869	1.66027
0.11627	0.0199267	0.503579
0.0501631	0.0658221	0.23462
0.0610759	-0.0692713	0.662195
0.0146687	-0.123415	1.24116
0.0252066	0.0705464	0.19699
0.0570051	-0.00881032	0.225273
0.0593727	-0.017052	0.222787
-0.103423	-0.133129	0.680554
0.0346947	0.0589861	0.251036
-0.00939829	0.147232	0.570973
0.0715385	-0.0176011	0.322507
0.104256	0.0389716	0.370765
0.0109261	-0.0685683	0.465772
-0.0202338	0.0164719	0.431942
-0.120531	0.110171	0.583325
0.0237424	0.0318721	0.307832
-0.0265146	0.0444082	0.210834
0.0612954	0.0200739	0.244516
0.0322013	-0.0111311	0.284213
0.033002	0.00543025	0.312014
0.0312065	0.0543893	0.348772
0.0666485	-0.000111431	0.188655
-0.0434025	0.0683693	0.203503
-0.0749386	-0.0393067	0.755744
-0.0805543	0.115087	0.599713
-0.0276634	-0.0216222	0.239285
-0.0771325	-0.0289026	0.821441
0.0396859	-0.00695421	0.291991
0.018988	0.129495	0.477455
-0.105841	0.15518	1.48341
0.126368	-0.0692953	0.517472
-0.0184014	-0.0135498	0.355678
-0.0553125	0.0678582	0.224908
0.0160242	0.0494067	0.26405
-0.00188853	0.0442861	0.228275
0.00677333	-0.0136939	0.318797
0.0691256	-0.0474755	0.421326
-0.0351405	0.0548257	0.358899
0.0104523	0.0250572	0.198714
0.0773971	0.036342	0.490632
-0.0567697	-0.0235371	0.412045
0.504698	0.863893	4.08481
0.0583382	-0.0119157	0.413373
-0.0507313	0.0866257	0.627081
0.0755788	0.0135316	0.299057
0.168064	-0.098908	0.689416
-0.0260905	-0.103923	1.27949
-0.0417724	0.0565417	0.315839
-0.0319942	-0.0230143	0.279562
-0.0835088	0.116869	1.66027
0.11627	0.0199267	0.503579
0.0501631	0.0658221	0.23462
0.0610759	-0.0692713	0.662195
0.0146687	-0.123415	1.24116
0.0252066	0.0705464	0.19699
0.0570051	-0.00881032	0.225273
0.0593727	-0.017052	0.222787
-0.103423	-0.133129	0.680554
0.0346947	0.0589861	0.251036
-0.00939829	0.147232	0.570973
0.0715385	-0.0176011	0.322507
0.104256	0.0389716	0.370765
0.0109261	-0.0685683	0.465772
-0.0202338	0.0164719	0.431942
-0.120531	0.110171	0.583325
0.0237424	0.0318721	0.307832
-0.0265146	0.0444082	0.210834
0.0612954	0.0200739	0.244516
0.0322013	-0.0111311	0.284213
0.033002	0.00543025	0.312014
0.0312065	0.0543893	0.348772
0.0666485	-0.000111431	0.188655
-0.0434025	0.0683693	0.203503
-0.0749386	-0.0393067	0.755744
-0.0805543	0.115087	0.599713
-0.0276634	-0.0216222	0.239285
-0.0771325	-0.0289026	0.821441
0.0396859	-0.00695421	0.291991
0.018988	0.129495	0.477455
-0.105841	0.15518	1.48341
0.126368	-0.0692953	0.517472
-0.0184014	-0.0135498	0.355678
-0.0553125	0.0678582	0.224908
0.0160242	0.0494067	0.26405
-0.00188853	0.0442861	0.228275
0.00677333	-0.0136939	0.318797
0.0691256	-0.0474755	0.421326
-0.0351405	0.0548257	0.358899
0.0104523	0.0250572	0.198714
0.0773971	0.036342	0.490632
-0.0567697	-0.0235371	0.412045
0.504698	0.863893	4.08481
0.0583382	-0.0119157	0.413373
-0.0507313	0.0866257	0.627081
0.0755788	0.0135316	0.299057
0.168064	-0.098908	0.689416
-0.0260905	-0.103923	1.27949
-0.0417724	0.0565417	0.315839
-0.0319942	-0.0230143	0.279562
-0.0835088	0.116869	1.66027
0.11627	0.0199267	0.503579
0.0501631	0.0658221	0.23462
0.0610759	-0.0692713	0.662195
0.0146687	-0.123415	1.24116
0.0252066	0.0705464	0.19699
0.0570051	-0.00881032	0.225273
0.0593727	-0.017052	0.222787
-0.103423	-0.133129	0.680554
0.0346947	0.0589861	0.251036
-0.00939829	0.147232	0.570973
0.0715385	-0.0176011	0.322507
0.104256	0.0389716	0.370765
0.0109261	-0.0685683	0.465772
-0.0202338	0.0164719	0.431942
-0.120531	0.110171	0.583325
0.0237424	0.0318721	0.307832
-0.0265146	0.0444082	0.210834
0.0612954	0.0200739	0.244516
0.0322013	-0.0111311	0.284213
0.033002	0.00543025	0.312014
0.0312065	0.0543893	0.348772
0.0666485	-0.000111431	0.188655
-0.0434025	0.0683693	0.203503
-0.0749386	-0.0393067	0.755744
-0.0805543	0.115087	0.599713
-0.0276634	-0.0216222	0.239285
-0.0771325	-0.0289026	0.821441
0.0396859	-0.00695421	0.291991
0.018988	0.129495	0.477455
-0.105841	0.15518	1.48341
0.126368	-0.0692953	0.517472
-0.0184014	-0.0135498	0.355678
-0.0553125	0.0678582	0.224908
0.0160242	0.0494067	0.26405
-0.00188853	0.0442861	0.228275
0.00677333	-0.0136939	0.318797
0.0691256	-0.0474755	0.421326
-0.0351405	0.0548257	0.358899
0.0104523	0.0250572	0.198714
0.0773971	0.036342	0.490632
-0.0567697	-0.0235371	0.412045
0.504698	0.863893	4.08481
0.0583382	-0.0119157	0.413373
-0.0507313	0.0866257	0.627081
0.0755788	0.0135316	0.299057
0.168064	-0.098908	0.689416
-0.0260905	-0.103923	1.27949
-0.0417724	0.0565417	0.315839
-0.0319942	-0.0230143	0.279562
-0.0835088	0.116869	1.66027
0.11627	0.0199267	0.503579
0.0501631	0.0658221	0.23462
0.0610759	-0.0692713	0.662195
0.0146687	-0.123415	1.24116
0.0252066	0.0705464	0.19699
0.0570051	-0.00881032	0.225273
0.0593727	-0.017052	0.222787
-0.103423	-0.133129	0.680554
0.0346947	0.0589861	0.251036
-0.00939829	0.147232	0.570973
0.0715385	-0.0176011	0.322507
0.104256	0.0389716	0.370765
0.0109261	-0.0685683	0.465772
-0.0202338	0.0164719	0.431942
-0.120531	0.110171	0.583325
0.0237424	0.0318721	0.307832
-0.0265146	0.0444082	0.210834
0.0612954	0.0200739	0.244516
0.0322013	-0.0111311	0.284213
0.033002	0.00543025	0.312014
0.0312065	0.0543893	0.348772
0.0666485	-0.000111431	0.188655
