369.736	692.337	4461.25
-387.609	-253.973	3082.3
296.447	629.578	4414.57
-229.237	-223.191	3726.77
-339.427	-148.821	3522.15
668.758	502.54	3628.66
36.0661	-462.807	4387.87
356.389	548.38	3217.26
-828.775	959.403	3227.05
909.752	392.472	3236.67
-508.346	877.748	4394.58
411.941	499.483	4636.16
262.961	4.27202	3765.82
-307.134	195.452	4469.85
697.952	952.056	4155.86
-785.789	-349.169	4927.62
-271.567	70.435	3063.72
-509.686	-389.396	4661.62
516.624	-355.369	3483.24
437.862	965.837	5176.33
-421.743	298.813	4878.54
473.207	-355.224	3874.63
-188.982	115.993	3125.4
694.105	750.376	4339.73
-594.055	-29.7704	4152.79
954.826	-608.507	4304.16
481.256	-358.74	3202.43
980.171	-599.375	3526.6
-2.4521	984.806	4442.91
474.986	-169.258	3617.15
-800.314	112.98	3962.53
993.593	-557.695	3956.61
-320.337	743.01	4290.98
-357.565	-387.297	3206.9
575.532	855.061	3579.9
-631.56	-333.701	4130.82
-816.806	320.85	4649.38
759.631	-390.318	3104.1
24.6769	1048.06	4519.01
-245.341	367.26	4764.88
1183.68	-354.216	3306.32
98.8375	-7.27768	3883.4
-199.249	786.67	3385.94
1167.32	-126.911	3948.52
606.837	344.638	4846.07
702.114	869.439	3206.49
330.907	-5.23873	4512.55
-460.063	509.103	3869.29
823.07	-571.628	4708.74
-366.986	972.215	4361.99
369.736	692.337	4461.25
-387.609	-253.973	3082.3
296.447	629.578	4414.57
-229.237	-223.191	3726.77
-339.427	-148.821	3522.15
668.758	502.54	3628.66
36.0661	-462.807	4387.87
356.389	548.38	3217.26
-828.775	959.403	3227.05
909.752	392.472	3236.67
-508.346	877.748	4394.58
411.941	499.483	4636.16
262.961	4.27202	3765.82
-307.134	195.452	4469.85
697.952	952.056	4155.86
-785.789	-349.169	4927.62
-271.567	70.435	3063.72
-509.686	-389.396	4661.62
516.624	-355.369	3483.24
437.862	965.837	5176.33
-421.743	298.813	4878.54
473.207	-355.224	3874.63
-188.982	115.993	3125.4
694.105	750.376	4339.73
-594.055	-29.7704	4152.79
954.826	-608.507	4304.16
481.256	-358.74	3202.43
980.171	-599.375	3526.6
-2.4521	984.806	4442.91
474.986	-169.258	3617.15
-800.314	112.98	3962.53
993.593	-557.695	3956.61
-320.337	743.01	4290.98
-357.565	-387.297	3206.9
575.532	855.061	3579.9
-631.56	-333.701	4130.82
-816.806	320.85	4649.38
759.631	-390.318	3104.1
24.6769	1048.06	4519.01
-245.341	367.26	4764.88
1183.68	-354.216	3306.32
98.8375	-7.27768	3883.4
-199.249	786.67	3385.94
1167.32	-126.911	3948.52
606.837	344.638	4846.07
702.114	869.439	3206.49
330.907	-5.23873	4512.55
-460.063	509.103	3869.29
823.07	-571.628	4708.74
-366.986	972.215	4361.99
369.736	692.337	4461.25
-387.609	-253.973	3082.3
296.447	629.578	4414.57
-229.237	-223.191	3726.77
-339.427	-148.821	3522.15
668.758	502.54	3628.66
36.0661	-462.807	4387.87
356.389	548.38	3217.26
-828.775	959.403	3227.05
909.752	392.472	3236.67
-508.346	877.748	4394.58
411.941	499.483	4636.16
262.961	4.27202	3765.82
-307.134	195.452	4469.85
697.952	952.056	4155.86
-785.789	-349.169	4927.62
-271.567	70.435	3063.72
-509.686	-389.396	4661.62
516.624	-355.369	3483.24
437.862	965.837	5176.33
-421.743	298.813	4878.54
473.207	-355.224	3874.63
-188.982	115.993	3125.4
694.105	750.376	4339.73
-594.055	-29.7704	4152.79
954.826	-608.507	4304.16
481.256	-358.74	3202.43
980.171	-599.375	3526.6
-2.4521	984.806	4442.91
474.986	-169.258	3617.15
-800.314	112.98	3962.53
993.593	-557.695	3956.61
-320.337	743.01	4290.98
-357.565	-387.297	3206.9
575.532	855.061	3579.9
-631.56	-333.701	4130.82
-816.806	320.85	4649.38
759.631	-390.318	3104.1
24.6769	1048.06	4519.01
-245.341	367.26	4764.88
1183.68	-354.216	3306.32
98.8375	-7.27768	3883.4
-199.249	786.67	3385.94
1167.32	-126.911	3948.52
606.837	344.638	4846.07
702.114	869.439	3206.49
330.907	-5.23873	4512.55
-460.063	509.103	3869.29
823.07	-571.628	4708.74
-366.986	972.215	4361.99
369.736	692.337	4461.25
-387.609	-253.973	3082.3
296.447	629.578	4414.57
-229.237	-223.191	3726.77
-339.427	-148.821	3522.15
668.758	502.54	3628.66
36.0661	-462.807	4387.87
356.389	548.38	3217.26
-828.775	959.403	3227.05
909.752	392.472	3236.67
-508.346	877.748	4394.58
411.941	499.483	4636.16
262.961	4.27202	3765.82
-307.134	195.452	4469.85
697.952	952.056	4155.86
-785.789	-349.169	4927.62
-271.567	70.435	3063.72
-509.686	-389.396	4661.62
516.624	-355.369	3483.24
437.862	965.837	5176.33
-421.743	298.813	4878.54
473.207	-355.224	3874.63
-188.982	115.993	3125.4
694.105	750.376	4339.73
-594.055	-29.7704	4152.79
954.826	-608.507	4304.16
481.256	-358.74	3202.43
980.171	-599.375	3526.6
-2.45209	984.806	4442.91
474.986	-169.258	3617.15
-800.314	112.98	3962.53
993.593	-557.695	3956.61
-320.337	743.01	4290.98
-357.565	-387.297	3206.9
575.532	855.061	3579.9
-631.56	-333.701	4130.82
-816.806	320.85	4649.38
759.631	-390.318	3104.1
24.6769	1048.06	4519.01
-245.341	367.26	4764.88
1183.68	-354.216	3306.32
98.8375	-7.27768	3883.4
-199.249	786.67	3385.94
1167.32	-126.911	3948.52
606.837	344.638	4846.07
702.114	869.439	3206.49
330.907	-5.23873	4512.55
-460.063	509.103	3869.29
823.07	-571.628	4708.74
-366.986	972.215	4361.99
369.736	692.337	4461.25
-387.609	-253.973	3082.3
296.447	629.578	4414.57
-229.237	-223.191	3726.77
-339.427	-148.821	3522.15
668.758	502.54	3628.66
36.0661	-462.807	4387.87
356.389	548.38	3217.26
-828.775	959.403	3227.05
909.752	392.472	3236.67
-508.346	877.748	4394.58
411.941	499.483	4636.16
262.961	4.27202	3765.82
-307.134	195.452	4469.85
697.952	952.056	4155.86
-785.789	-349.169	4927.62
-271.567	70.435	3063.72
-509.686	-389.396	4661.62
516.624	-355.369	3483.24
437.862	965.837	5176.33
-421.743	298.813	4878.54
473.207	-355.224	3874.63
-188.982	115.993	3125.4
694.105	750.376	4339.73
-594.055	-29.7704	4152.79
954.826	-608.507	4304.16
481.256	-358.74	3202.43
980.171	-599.375	3526.6
-2.4521	984.806	4442.91
474.986	-169.258	3617.15
-800.314	112.98	3962.53
993.593	-557.695	3956.61
-320.337	743.01	4290.98
-357.565	-387.297	3206.9
575.532	855.061	3579.9
-631.56	-333.701	4130.82
-816.806	320.85	4649.38
759.631	-390.318	3104.1
24.6769	1048.06	4519.01
-245.341	367.26	4764.88
1183.68	-354.216	3306.32
98.8375	-7.27768	3883.4
-199.249	786.67	3385.94
1167.32	-126.911	3948.52
606.837	344.638	4846.07
702.114	869.439	3206.49
330.907	-5.23873	4512.55
-460.063	509.103	3869.29
823.07	-571.628	4708.74
-366.986	972.215	4361.99
