367.864	688.832	4438.66
-386.194	-253.046	3071.05
294.977	626.457	4392.68
-228.349	-222.326	3712.32
-338.133	-148.253	3508.71
665.37	499.994	3610.28
35.9218	-460.954	4370.31
354.677	545.747	3201.82
-825.334	955.419	3213.65
905.084	390.458	3220.07
-506.064	873.806	4374.85
409.887	496.993	4613.05
261.798	4.25314	3749.15
-305.846	194.632	4451.1
694.14	946.857	4133.17
-783.038	-347.947	4910.37
-270.491	70.1559	3051.59
-507.822	-387.972	4644.57
514.381	-353.826	3468.11
435.502	960.631	5148.43
-419.962	297.551	4857.93
471.146	-353.676	3857.75
-188.214	115.521	3112.69
690.398	746.368	4316.55
-591.813	-29.658	4137.12
950.421	-605.7	4284.3
479.197	-357.205	3188.73
975.715	-596.65	3510.57
-2.43992	979.915	4420.85
472.871	-168.505	3601.04
-797.364	112.564	3947.93
988.987	-555.11	3938.27
-318.884	739.64	4271.52
-356.279	-385.903	3195.36
572.523	850.592	3561.18
-629.328	-332.522	4116.23
-813.62	319.599	4631.24
756.24	-388.575	3090.24
24.5525	1042.78	4496.22
-244.263	365.647	4743.95
1177.95	-352.499	3290.3
98.4125	-7.24639	3866.7
-198.343	783.092	3370.54
1161.4	-126.268	3928.51
603.767	342.894	4821.55
698.399	864.839	3189.53
329.397	-5.21486	4491.97
-458.124	506.958	3852.98
819.296	-569.007	4687.15
-365.274	967.682	4341.65
367.864	688.832	4438.66
-386.194	-253.046	3071.05
294.977	626.457	4392.68
-228.349	-222.326	3712.32
-338.133	-148.253	3508.71
665.37	499.994	3610.28
35.9218	-460.954	4370.31
354.677	545.747	3201.82
-825.334	955.419	3213.65
905.084	390.458	3220.07
-506.064	873.806	4374.85
409.887	496.993	4613.05
261.798	4.25314	3749.15
-305.846	194.632	4451.1
694.14	946.857	4133.17
-783.038	-347.947	4910.37
-270.491	70.1559	3051.59
-507.822	-387.972	4644.57
514.381	-353.826	3468.11
435.502	960.631	5148.43
-419.962	297.551	4857.93
471.146	-353.676	3857.75
-188.214	115.521	3112.69
690.398	746.368	4316.55
-591.813	-29.658	4137.12
950.421	-605.7	4284.3
479.197	-357.205	3188.73
975.715	-596.65	3510.57
-2.43992	979.915	4420.85
472.871	-168.505	3601.04
-797.364	112.564	3947.93
988.987	-555.11	3938.27
-318.884	739.64	4271.52
-356.279	-385.903	3195.36
572.523	850.592	3561.18
-629.328	-332.522	4116.23
-813.62	319.599	4631.24
756.24	-388.575	3090.24
24.5525	1042.78	4496.22
-244.263	365.647	4743.95
1177.95	-352.499	3290.3
98.4125	-7.24639	3866.7
-198.343	783.092	3370.54
1161.4	-126.268	3928.51
603.767	342.894	4821.55
698.399	864.839	3189.53
329.397	-5.21486	4491.97
-458.124	506.958	3852.98
819.296	-569.007	4687.15
-365.274	967.682	4341.65
367.864	688.832	4438.66
-386.194	-253.046	3071.05
294.977	626.457	4392.68
-228.349	-222.326	3712.32
-338.133	-148.253	3508.71
665.37	499.994	3610.28
35.9218	-460.954	4370.31
354.677	545.747	3201.82
-825.334	955.419	3213.65
905.084	390.458	3220.07
-506.064	873.806	4374.85
409.887	496.993	4613.05
261.798	4.25314	3749.15
-305.846	194.632	4451.1
694.14	946.857	4133.17
-783.038	-347.947	4910.37
-270.491	70.1559	3051.59
-507.822	-387.972	4644.57
514.381	-353.826	3468.11
435.502	960.631	5148.43
-419.962	297.551	4857.93
471.146	-353.676	3857.75
-188.214	115.521	3112.69
690.398	746.368	4316.55
-591.813	-29.658	4137.12
950.421	-605.7	4284.3
479.197	-357.205	3188.73
975.715	-596.65	3510.57
-2.43992	979.915	4420.85
472.871	-168.505	3601.04
-797.364	112.564	3947.93
988.987	-555.11	3938.27
-318.884	739.64	4271.52
-356.279	-385.903	3195.36
572.523	850.592	3561.18
-629.328	-332.522	4116.23
-813.62	319.599	4631.24
756.24	-388.575	3090.24
24.5525	1042.78	4496.22
-244.263	365.647	4743.95
1177.95	-352.499	3290.3
98.4125	-7.24639	3866.7
-198.343	783.092	3370.54
1161.4	-126.268	3928.51
603.767	342.894	4821.55
698.399	864.839	3189.53
329.397	-5.21486	4491.97
-458.124	506.958	3852.98
819.296	-569.007	4687.15
-365.274	967.682	4341.65
367.864	688.832	4438.66
-386.194	-253.046	3071.05
294.977	626.457	4392.68
-228.349	-222.326	3712.32
-338.133	-148.253	3508.71
665.37	499.994	3610.28
35.9218	-460.954	4370.31
354.677	545.747	3201.82
-825.334	955.419	3213.65
905.084	390.458	3220.07
-506.064	873.806	4374.85
409.887	496.993	4613.05
261.798	4.25314	3749.15
-305.846	194.632	4451.1
694.14	946.857	4133.17
-783.038	-347.947	4910.37
-270.491	70.1559	3051.59
-507.822	-387.972	4644.57
514.381	-353.826	3468.11
435.502	960.631	5148.43
-419.962	297.551	4857.93
471.146	-353.676	3857.75
-188.214	115.521	3112.69
690.398	746.368	4316.55
-591.813	-29.658	4137.12
950.421	-605.7	4284.3
479.197	-357.205	3188.73
975.715	-596.65	3510.57
-2.43992	979.915	4420.85
472.871	-168.505	3601.04
-797.364	112.564	3947.93
988.987	-555.11	3938.27
-318.884	739.64	4271.52
-356.279	-385.903	3195.36
572.523	850.592	3561.18
-629.328	-332.522	4116.23
-813.62	319.599	4631.24
756.24	-388.575	3090.24
24.5525	1042.78	4496.22
-244.263	365.647	4743.95
1177.95	-352.499	3290.3
98.4125	-7.24639	3866.7
-198.343	783.092	3370.54
1161.4	-126.268	3928.51
603.767	342.894	4821.55
698.399	864.839	3189.53
329.397	-5.21486	4491.97
-458.124	506.958	3852.98
819.296	-569.007	4687.15
-365.274	967.682	4341.65
367.864	688.832	4438.66
-386.194	-253.046	3071.05
294.977	626.457	4392.68
-228.349	-222.326	3712.32
-338.133	-148.253	3508.71
665.37	499.994	3610.28
35.9218	-460.954	4370.31
354.677	545.747	3201.82
-825.334	955.419	3213.65
905.084	390.458	3220.07
-506.064	873.806	4374.85
409.887	496.993	4613.05
261.798	4.25314	3749.15
-305.846	194.632	4451.1
694.14	946.857	4133.17
-783.038	-347.947	4910.37
-270.491	70.1559	3051.59
-507.822	-387.972	4644.57
514.381	-353.826	3468.11
435.502	960.631	5148.43
-419.962	297.551	4857.93
471.146	-353.676	3857.75
-188.214	115.521	3112.69
690.398	746.368	4316.55
-591.813	-29.658	4137.12
950.421	-605.7	4284.3
479.197	-357.205	3188.73
975.715	-596.65	3510.57
-2.43992	979.915	4420.85
472.871	-168.505	3601.04
-797.364	112.564	3947.93
988.987	-555.11	3938.27
-318.884	739.64	4271.52
-356.279	-385.903	3195.36
572.523	850.592	3561.18
-629.328	-332.522	4116.23
-813.62	319.599	4631.24
756.24	-388.575	3090.24
24.5525	1042.78	4496.22
-244.263	365.647	4743.95
1177.95	-352.499	3290.3
98.4125	-7.24639	3866.7
-198.343	783.092	3370.54
1161.4	-126.268	3928.51
603.767	342.894	4821.55
698.399	864.839	3189.53
329.397	-5.21486	4491.97
-458.124	506.958	3852.98
819.296	-569.007	4687.15
-365.274	967.682	4341.65
