369.087	691.122	4453.42
-387.356	-253.807	3080.28
295.953	628.53	4407.22
-229.042	-223	3723.59
-339.168	-148.707	3519.45
667.491	501.587	3621.79
36.0282	-462.319	4383.25
355.817	547.501	3212.11
-828.197	958.733	3224.8
907.896	391.671	3230.07
-507.819	876.838	4390.03
411.226	498.616	4628.11
262.601	4.26621	3760.65
-306.832	195.26	4465.45
696.476	950.044	4147.08
-785.473	-349.028	4925.64
-271.331	70.3737	3061.06
-509.373	-389.157	4658.75
515.875	-354.854	3478.19
437.003	963.943	5166.18
-421.343	298.53	4873.91
472.526	-354.712	3869.05
-188.8	115.881	3122.39
692.68	748.835	4330.82
-593.682	-29.7517	4150.18
953.098	-607.406	4296.37
480.583	-358.238	3197.95
978.427	-598.308	3520.32
-2.44835	983.304	4436.13
474.28	-169.007	3611.77
-799.929	112.926	3960.63
991.769	-556.671	3949.35
-319.969	742.156	4286.04
-357.335	-387.047	3204.83
574.421	853.411	3572.98
-631.253	-333.539	4128.82
-816.324	320.661	4646.63
758.396	-389.683	3099.05
24.638	1046.41	4511.88
-245.066	366.849	4759.55
1181.28	-353.497	3299.61
98.7159	-7.26871	3878.62
-199.009	785.721	3381.85
1164.82	-126.639	3940.07
605.702	343.993	4837.01
700.696	867.682	3200.01
330.416	-5.23094	4505.86
-459.642	508.638	3865.75
821.643	-570.637	4700.58
-366.548	971.055	4356.79
369.087	691.122	4453.42
-387.356	-253.807	3080.28
295.953	628.53	4407.22
-229.042	-223	3723.59
-339.168	-148.707	3519.45
667.491	501.587	3621.79
36.0282	-462.319	4383.25
355.817	547.501	3212.11
-828.197	958.733	3224.8
907.896	391.671	3230.07
-507.819	876.838	4390.03
411.226	498.616	4628.11
262.601	4.26621	3760.65
-306.832	195.26	4465.45
696.476	950.044	4147.08
-785.473	-349.028	4925.64
-271.331	70.3737	3061.06
-509.373	-389.157	4658.75
515.875	-354.854	3478.19
437.003	963.943	5166.18
-421.343	298.53	4873.91
472.526	-354.712	3869.05
-188.8	115.881	3122.39
692.68	748.835	4330.82
-593.682	-29.7517	4150.18
953.098	-607.406	4296.37
480.583	-358.238	3197.95
978.427	-598.308	3520.32
-2.44835	983.304	4436.13
474.28	-169.007	3611.77
-799.929	112.926	3960.63
991.769	-556.671	3949.35
-319.969	742.156	4286.04
-357.335	-387.047	3204.83
574.421	853.411	3572.98
-631.253	-333.539	4128.82
-816.324	320.661	4646.63
758.396	-389.683	3099.05
24.638	1046.41	4511.88
-245.066	366.849	4759.55
1181.28	-353.497	3299.61
98.7159	-7.26871	3878.62
-199.009	785.721	3381.85
1164.82	-126.639	3940.07
605.702	343.993	4837.01
700.696	867.682	3200.01
330.416	-5.23094	4505.86
-459.642	508.638	3865.75
821.643	-570.637	4700.58
-366.548	971.055	4356.79
369.087	691.122	4453.42
-387.356	-253.807	3080.28
295.953	628.53	4407.22
-229.042	-223	3723.59
-339.168	-148.707	3519.45
667.491	501.587	3621.79
36.0282	-462.319	4383.25
355.817	547.501	3212.11
-828.197	958.733	3224.8
907.896	391.671	3230.07
-507.819	876.838	4390.03
411.226	498.616	4628.11
262.601	4.26621	3760.65
-306.832	195.26	4465.45
696.476	950.044	4147.08
-785.473	-349.028	4925.64
-271.331	70.3737	3061.06
-509.373	-389.157	4658.75
515.875	-354.854	3478.19
437.003	963.943	5166.18
-421.343	298.53	4873.91
472.526	-354.712	3869.05
-188.8	115.881	3122.39
692.68	748.835	4330.82
-593.682	-29.7517	4150.18
953.098	-607.406	4296.37
480.583	-358.238	3197.95
978.427	-598.308	3520.32
-2.44835	983.304	4436.13
474.28	-169.007	3611.77
-799.929	112.926	3960.63
991.769	-556.671	3949.35
-319.969	742.156	4286.04
-357.335	-387.047	3204.83
574.421	853.411	3572.98
-631.253	-333.539	4128.82
-816.324	320.661	4646.63
758.396	-389.683	3099.05
24.638	1046.41	4511.88
-245.066	366.849	4759.55
1181.28	-353.497	3299.61
98.7159	-7.26871	3878.62
-199.009	785.721	3381.85
1164.82	-126.639	3940.07
605.702	343.993	4837.01
700.696	867.682	3200.01
330.416	-5.23094	4505.86
-459.642	508.638	3865.75
821.643	-570.637	4700.58
-366.548	971.055	4356.79
369.087	691.122	4453.42
-387.356	-253.807	3080.28
295.953	628.53	4407.22
-229.042	-223	3723.59
-339.168	-148.707	3519.45
667.491	501.587	3621.79
36.0282	-462.319	4383.25
355.817	547.501	3212.11
-828.197	958.733	3224.8
907.896	391.671	3230.07
-507.819	876.838	4390.03
411.226	498.616	4628.11
262.601	4.26621	3760.65
-306.832	195.26	4465.45
696.476	950.044	4147.08
-785.473	-349.028	4925.64
-271.331	70.3737	3061.06
-509.373	-389.157	4658.75
515.875	-354.854	3478.19
437.003	963.943	5166.18
-421.343	298.53	4873.91
472.526	-354.712	3869.05
-188.8	115.881	3122.39
692.68	748.835	4330.82
-593.682	-29.7517	4150.18
953.098	-607.406	4296.37
480.583	-358.238	3197.95
978.427	-598.308	3520.32
-2.44835	983.304	4436.13
474.28	-169.007	3611.77
-799.929	112.926	3960.63
991.769	-556.671	3949.35
-319.969	742.156	4286.04
-357.335	-387.047	3204.83
574.421	853.411	3572.98
-631.253	-333.539	4128.82
-816.324	320.661	4646.63
758.396	-389.683	3099.05
24.638	1046.41	4511.88
-245.066	366.849	4759.55
1181.28	-353.497	3299.61
98.7159	-7.26871	3878.62
-199.009	785.721	3381.85
1164.82	-126.639	3940.07
605.702	343.993	4837.01
700.696	867.682	3200.01
330.416	-5.23094	4505.86
-459.642	508.638	3865.75
821.643	-570.637	4700.58
-366.548	971.055	4356.79
369.087	691.122	4453.42
-387.356	-253.807	3080.28
295.953	628.53	4407.22
-229.042	-223	3723.59
-339.168	-148.707	3519.45
667.491	501.587	3621.79
36.0282	-462.319	4383.25
355.817	547.501	3212.11
-828.197	958.733	3224.8
907.896	391.671	3230.07
-507.819	876.838	4390.03
411.226	498.616	4628.11
262.601	4.26621	3760.65
-306.832	195.26	4465.45
696.476	950.044	4147.08
-785.473	-349.028	4925.64
-271.331	70.3737	3061.06
-509.373	-389.157	4658.75
515.875	-354.854	3478.19
437.003	963.943	5166.18
-421.343	298.53	4873.91
472.526	-354.712	3869.05
-188.8	115.881	3122.39
692.68	748.835	4330.82
-593.682	-29.7517	4150.18
953.098	-607.406	4296.37
480.583	-358.238	3197.95
978.427	-598.308	3520.32
-2.44835	983.304	4436.13
474.28	-169.007	3611.77
-799.929	112.926	3960.63
991.769	-556.671	3949.35
-319.969	742.156	4286.04
-357.335	-387.047	3204.83
574.421	853.411	3572.98
-631.253	-333.539	4128.82
-816.324	320.661	4646.63
758.396	-389.683	3099.05
24.638	1046.41	4511.88
-245.066	366.849	4759.55
1181.28	-353.497	3299.61
98.7159	-7.26871	3878.62
-199.009	785.721	3381.85
1164.82	-126.639	3940.07
605.702	343.993	4837.01
700.696	867.682	3200.01
330.416	-5.23094	4505.86
-459.642	508.638	3865.75
821.643	-570.637	4700.58
-366.548	971.055	4356.79
