368.573	690.873	4454.51
-387.594	-253.968	3079.52
295.425	628.251	4408.14
-229.434	-223.237	3722.96
-339.498	-148.947	3518.77
667.138	501.393	3622.74
35.4869	-462.561	4382.73
355.429	547.286	3212.64
-828.441	958.262	3224.47
907.663	391.51	3231.04
-508.334	876.403	4390.11
410.689	498.314	4629.13
262.116	3.97384	3760.78
-307.332	194.866	4465.13
696.143	950.001	4148.71
-785.735	-349.282	4924.04
-271.644	70.1093	3060.63
-509.754	-389.392	4657.54
515.406	-355.088	3478.26
436.452	963.781	5168.01
-421.878	298.084	4873.57
472.013	-354.978	3869.12
-189.149	115.606	3122.07
692.299	748.691	4332.35
-594	-30.0815	4149.27
952.594	-607.737	4296.9
480.142	-358.443	3197.95
978.002	-598.567	3520.7
-3.01697	983.044	4437.02
473.809	-169.273	3611.95
-800.128	112.556	3959.6
991.318	-556.98	3949.88
-320.492	741.761	4286.22
-357.591	-387.164	3203.98
574.08	853.315	3574.1
-631.497	-333.741	4127.56
-816.662	320.182	4645.75
757.992	-389.899	3099.27
24.0616	1046.18	4512.89
-245.635	366.428	4759.54
1181.01	-353.773	3300.32
98.2242	-7.57227	3878.57
-199.432	785.41	3382.04
1164.54	-126.95	3941.19
605.183	343.673	4838.23
700.446	867.647	3201.11
329.849	-5.58031	4506.21
-460.048	508.234	3865.48
821.071	-570.992	4701.08
-367.096	970.679	4357.14
368.573	690.873	4454.51
-387.594	-253.968	3079.52
295.425	628.251	4408.14
-229.434	-223.237	3722.96
-339.498	-148.947	3518.77
667.138	501.393	3622.74
35.4869	-462.561	4382.73
355.429	547.286	3212.64
-828.441	958.262	3224.47
907.663	391.51	3231.04
-508.334	876.403	4390.11
410.689	498.314	4629.13
262.116	3.97384	3760.78
-307.332	194.866	4465.13
696.143	950.001	4148.71
-785.735	-349.282	4924.04
-271.644	70.1093	3060.63
-509.754	-389.392	4657.54
515.406	-355.088	3478.26
436.452	963.781	5168.01
-421.878	298.084	4873.57
472.013	-354.978	3869.12
-189.149	115.606	3122.07
692.299	748.691	4332.35
-594	-30.0815	4149.27
952.594	-607.737	4296.9
480.142	-358.443	3197.95
978.002	-598.567	3520.7
-3.01697	983.044	4437.02
473.809	-169.273	3611.95
-800.128	112.556	3959.6
991.318	-556.98	3949.88
-320.492	741.761	4286.22
-357.591	-387.164	3203.98
574.08	853.315	3574.1
-631.497	-333.741	4127.56
-816.662	320.182	4645.75
757.992	-389.899	3099.27
24.0616	1046.18	4512.89
-245.635	366.428	4759.54
1181.01	-353.773	3300.32
98.2242	-7.57227	3878.57
-199.432	785.41	3382.04
1164.54	-126.95	3941.19
605.183	343.673	4838.23
700.446	867.647	3201.11
329.849	-5.58031	4506.21
-460.048	508.234	3865.48
821.071	-570.992	4701.08
-367.096	970.679	4357.14
368.588	690.901	4454.69
-387.61	-253.978	3079.65
295.437	628.277	4408.32
-229.444	-223.246	3723.11
-339.512	-148.953	3518.91
667.164	501.414	3622.89
35.4878	-462.579	4382.9
355.443	547.308	3212.77
-828.475	958.301	3224.6
907.699	391.525	3231.17
-508.355	876.438	4390.28
410.705	498.334	4629.31
262.126	3.97397	3760.93
-307.345	194.874	4465.31
696.17	950.039	4148.87
-785.767	-349.296	4924.24
-271.655	70.1121	3060.76
-509.776	-389.408	4657.73
515.427	-355.102	3478.4
436.469	963.82	5168.22
-421.895	298.096	4873.77
472.031	-354.992	3869.28
-189.157	115.611	3122.2
692.326	748.721	4332.52
-594.024	-30.0826	4149.44
952.632	-607.762	4297.07
480.161	-358.457	3198.08
978.041	-598.592	3520.84
-3.0175	983.083	4437.2
473.828	-169.28	3612.1
-800.161	112.561	3959.76
991.358	-557.002	3950.04
-320.505	741.791	4286.39
-357.606	-387.18	3204.11
574.102	853.35	3574.25
-631.523	-333.754	4127.73
-816.695	320.195	4645.94
758.022	-389.915	3099.4
24.0621	1046.22	4513.07
-245.646	366.443	4759.73
1181.06	-353.787	3300.46
98.2278	-7.57259	3878.72
-199.441	785.441	3382.18
1164.59	-126.955	3941.35
605.207	343.686	4838.42
700.474	867.681	3201.24
329.862	-5.58057	4506.4
-460.067	508.254	3865.64
821.103	-571.015	4701.27
-367.111	970.719	4357.32
368.593	690.911	4454.76
-387.616	-253.982	3079.69
295.441	628.286	4408.38
-229.447	-223.25	3723.16
-339.517	-148.955	3518.97
667.174	501.421	3622.94
35.4886	-462.586	4382.97
355.449	547.316	3212.81
-828.487	958.315	3224.65
907.712	391.531	3231.22
-508.362	876.451	4390.35
410.711	498.342	4629.38
262.13	3.97404	3760.99
-307.349	194.876	4465.37
696.181	950.053	4148.94
-785.779	-349.301	4924.31
-271.659	70.1131	3060.8
-509.783	-389.414	4657.8
515.435	-355.107	3478.45
436.476	963.834	5168.3
-421.901	298.101	4873.84
472.038	-354.997	3869.34
-189.16	115.613	3122.24
692.337	748.732	4332.59
-594.033	-30.0831	4149.5
952.646	-607.771	4297.14
480.169	-358.462	3198.13
978.056	-598.6	3520.89
-3.01731	983.098	4437.26
473.835	-169.282	3612.15
-800.172	112.562	3959.82
991.372	-557.01	3950.1
-320.509	741.802	4286.45
-357.611	-387.185	3204.16
574.111	853.362	3574.3
-631.532	-333.759	4127.79
-816.707	320.2	4646
758.033	-389.92	3099.44
24.0627	1046.23	4513.14
-245.649	366.448	4759.8
1181.07	-353.793	3300.51
98.2295	-7.5727	3878.78
-199.443	785.453	3382.23
1164.61	-126.957	3941.41
605.216	343.692	4838.49
700.484	867.694	3201.28
329.867	-5.58064	4506.46
-460.074	508.262	3865.69
821.115	-571.023	4701.33
-367.116	970.733	4357.38
368.597	690.919	4454.81
-387.62	-253.985	3079.73
295.444	628.293	4408.43
-229.449	-223.252	3723.2
-339.52	-148.957	3519
667.181	501.427	3622.98
35.489	-462.591	4383.02
355.453	547.322	3212.85
-828.496	958.326	3224.69
907.723	391.535	3231.26
-508.368	876.461	4390.4
410.716	498.347	4629.43
262.133	3.97409	3761.03
-307.353	194.879	4465.42
696.188	950.063	4148.98
-785.787	-349.305	4924.36
-271.662	70.1139	3060.83
-509.788	-389.418	4657.85
515.44	-355.111	3478.49
436.481	963.845	5168.35
-421.906	298.104	4873.9
472.044	-355.001	3869.38
-189.162	115.614	3122.28
692.345	748.74	4332.63
-594.039	-30.0834	4149.54
952.657	-607.777	4297.19
480.174	-358.466	3198.16
978.067	-598.607	3520.93
-3.01731	983.109	4437.31
473.841	-169.284	3612.19
-800.181	112.564	3959.86
991.384	-557.017	3950.14
-320.513	741.81	4286.5
-357.615	-387.19	3204.2
574.117	853.372	3574.34
-631.539	-333.763	4127.84
-816.716	320.204	4646.05
758.042	-389.925	3099.48
24.063	1046.25	4513.19
-245.652	366.452	4759.85
1181.09	-353.796	3300.54
98.2306	-7.57278	3878.82
-199.446	785.462	3382.27
1164.62	-126.959	3941.45
605.223	343.695	4838.54
700.492	867.704	3201.32
329.871	-5.58069	4506.51
-460.079	508.267	3865.73
821.125	-571.03	4701.39
-367.12	970.744	4357.43
