365.854	685.069	4414.41
-384.147	-251.705	3054.77
293.368	623.04	4368.72
-227.135	-221.144	3692.59
-336.332	-147.463	3490.03
661.772	497.29	3590.75
35.7321	-458.52	4347.22
352.757	542.792	3184.48
-820.785	950.153	3195.94
900.217	388.359	3202.75
-503.273	868.988	4350.73
407.66	494.292	4587.98
260.4	4.23044	3729.13
-304.194	193.581	4427.07
690.329	941.658	4110.48
-778.863	-346.091	4884.19
-269.044	69.7805	3035.26
-505.124	-385.911	4619.9
511.67	-351.961	3449.84
433.098	955.328	5120.01
-417.683	295.937	4831.57
468.659	-351.809	3837.38
-187.206	114.902	3096.02
686.626	742.291	4292.97
-588.639	-29.499	4114.93
945.443	-602.528	4261.86
476.674	-355.324	3171.94
970.622	-593.535	3492.24
-2.42645	974.507	4396.45
470.362	-167.611	3581.94
-793.068	111.957	3926.66
983.807	-552.202	3917.64
-317.136	735.585	4248.09
-354.397	-383.865	3178.48
569.393	845.941	3541.71
-625.984	-330.755	4094.36
-809.197	317.862	4606.07
752.269	-386.535	3074.01
24.4167	1037.01	4471.36
-242.936	363.66	4718.18
1171.76	-350.648	3273.02
97.8865	-7.20761	3846.03
-197.258	778.808	3352.1
1155.25	-125.598	3907.68
600.502	341.04	4795.48
694.587	860.118	3172.12
327.634	-5.1869	4467.92
-455.631	504.199	3832.02
814.991	-566.018	4662.53
-363.256	962.336	4317.67
365.854	685.069	4414.41
-384.147	-251.705	3054.77
293.368	623.04	4368.72
-227.135	-221.144	3692.59
-336.332	-147.463	3490.03
661.772	497.29	3590.75
35.7321	-458.52	4347.22
352.757	542.792	3184.48
-820.785	950.153	3195.94
900.217	388.359	3202.75
-503.273	868.988	4350.73
407.66	494.292	4587.98
260.4	4.23044	3729.13
-304.194	193.581	4427.07
690.329	941.658	4110.48
-778.863	-346.091	4884.19
-269.044	69.7805	3035.26
-505.124	-385.911	4619.9
511.67	-351.961	3449.84
433.098	955.328	5120.01
-417.683	295.937	4831.57
468.659	-351.809	3837.38
-187.206	114.902	3096.02
686.626	742.291	4292.97
-588.639	-29.499	4114.93
945.443	-602.528	4261.86
476.674	-355.324	3171.94
970.622	-593.535	3492.24
-2.42645	974.507	4396.45
470.362	-167.611	3581.94
-793.068	111.957	3926.66
983.807	-552.202	3917.64
-317.136	735.585	4248.09
-354.397	-383.865	3178.48
569.393	845.941	3541.71
-625.984	-330.755	4094.36
-809.197	317.862	4606.07
752.269	-386.535	3074.01
24.4167	1037.01	4471.36
-242.936	363.66	4718.18
1171.76	-350.648	3273.02
97.8865	-7.20761	3846.03
-197.258	778.808	3352.1
1155.25	-125.598	3907.68
600.502	341.04	4795.48
694.587	860.118	3172.12
327.634	-5.1869	4467.92
-455.631	504.199	3832.02
814.991	-566.018	4662.53
-363.256	962.336	4317.67
365.854	685.069	4414.41
-384.147	-251.705	3054.77
293.368	623.04	4368.72
-227.135	-221.144	3692.59
-336.332	-147.463	3490.03
661.772	497.29	3590.75
35.7321	-458.52	4347.22
352.757	542.792	3184.48
-820.785	950.153	3195.94
900.217	388.359	3202.75
-503.273	868.988	4350.73
407.66	494.292	4587.98
260.4	4.23044	3729.13
-304.194	193.581	4427.07
690.329	941.658	4110.48
-778.863	-346.091	4884.19
-269.044	69.7805	3035.26
-505.124	-385.911	4619.9
511.67	-351.961	3449.84
433.098	955.328	5120.01
-417.683	295.937	4831.57
468.659	-351.809	3837.38
-187.206	114.902	3096.02
686.626	742.291	4292.97
-588.639	-29.499	4114.93
945.443	-602.528	4261.86
476.674	-355.324	3171.94
970.622	-593.535	3492.24
-2.42645	974.507	4396.45
470.362	-167.611	3581.94
-793.068	111.957	3926.66
983.807	-552.202	3917.64
-317.136	735.585	4248.09
-354.397	-383.865	3178.48
569.393	845.941	3541.71
-625.984	-330.755	4094.36
-809.197	317.862	4606.07
752.269	-386.535	3074.01
24.4167	1037.01	4471.36
-242.936	363.66	4718.18
1171.76	-350.648	3273.02
97.8865	-7.20761	3846.03
-197.258	778.808	3352.1
1155.25	-125.598	3907.68
600.502	341.04	4795.48
694.587	860.118	3172.12
327.634	-5.1869	4467.92
-455.631	504.199	3832.02
814.991	-566.018	4662.53
-363.256	962.336	4317.67
365.854	685.069	4414.41
-384.147	-251.705	3054.77
293.368	623.04	4368.72
-227.135	-221.144	3692.59
-336.332	-147.463	3490.03
661.772	497.29	3590.75
35.7321	-458.52	4347.22
352.757	542.792	3184.48
-820.785	950.153	3195.94
900.217	388.359	3202.75
-503.273	868.988	4350.73
407.66	494.292	4587.98
260.4	4.23044	3729.13
-304.194	193.581	4427.07
690.329	941.658	4110.48
-778.863	-346.091	4884.19
-269.044	69.7805	3035.26
-505.124	-385.911	4619.9
511.67	-351.961	3449.84
433.098	955.328	5120.01
-417.683	295.937	4831.57
468.659	-351.809	3837.38
-187.206	114.902	3096.02
686.626	742.291	4292.97
-588.639	-29.499	4114.93
945.443	-602.528	4261.86
476.674	-355.324	3171.94
970.622	-593.535	3492.24
-2.42645	974.507	4396.45
470.362	-167.611	3581.94
-793.068	111.957	3926.66
983.807	-552.202	3917.64
-317.136	735.585	4248.09
-354.397	-383.865	3178.48
569.393	845.941	3541.71
-625.984	-330.755	4094.36
-809.197	317.862	4606.07
752.269	-386.535	3074.01
24.4167	1037.01	4471.36
-242.936	363.66	4718.18
1171.76	-350.648	3273.02
97.8865	-7.20761	3846.03
-197.258	778.808	3352.1
1155.25	-125.598	3907.68
600.502	341.04	4795.48
694.587	860.118	3172.12
327.634	-5.1869	4467.92
-455.631	504.199	3832.02
814.991	-566.018	4662.53
-363.256	962.336	4317.67
365.854	685.069	4414.41
-384.147	-251.705	3054.77
293.368	623.04	4368.72
-227.135	-221.144	3692.59
-336.332	-147.463	3490.03
661.772	497.29	3590.75
35.7321	-458.52	4347.22
352.757	542.792	3184.48
-820.785	950.153	3195.94
900.217	388.359	3202.75
-503.273	868.988	4350.73
407.66	494.292	4587.98
260.4	4.23044	3729.13
-304.194	193.581	4427.07
690.329	941.658	4110.48
-778.863	-346.091	4884.19
-269.044	69.7805	3035.26
-505.124	-385.911	4619.9
511.67	-351.961	3449.84
433.098	955.328	5120.01
-417.683	295.937	4831.57
468.659	-351.809	3837.38
-187.206	114.902	3096.02
686.626	742.291	4292.97
-588.639	-29.499	4114.93
945.443	-602.528	4261.86
476.674	-355.324	3171.94
970.622	-593.535	3492.24
-2.42645	974.507	4396.45
470.362	-167.611	3581.94
-793.068	111.957	3926.66
983.807	-552.202	3917.64
-317.136	735.585	4248.09
-354.397	-383.865	3178.48
569.393	845.941	3541.71
-625.984	-330.755	4094.36
-809.197	317.862	4606.07
752.269	-386.535	3074.01
24.4167	1037.01	4471.36
-242.936	363.66	4718.18
1171.76	-350.648	3273.02
97.8865	-7.20761	3846.03
-197.258	778.808	3352.1
1155.25	-125.598	3907.68
600.502	341.04	4795.48
694.587	860.118	3172.12
327.634	-5.1869	4467.92
-455.631	504.199	3832.02
814.991	-566.018	4662.53
-363.256	962.336	4317.67
