-175.775	3178.34	4025.15
1942.17	988.778	3141.65
-593.841	1814.63	2855.55
-160.626	655.688	2756.61
590.182	1591.8	4764.93
2271.85	2856.44	2888.62
2066.45	300.736	2368.53
-885.203	1355.09	5709.68
-391.496	2922.17	5573.74
365.043	-728.012	4666.63
1536.33	2963.86	3912.61
2080.59	518.538	3781.75
934.373	1443.24	3976.6
-346.417	2677.4	2142.03
2913.52	220.855	2111.85
-875.348	2667.31	3892.94
2543.82	2048.29	2497.74
-378.725	547.325	2408.83
835.036	-191.17	3767.88
1751.54	77.6453	3460.23
1552.07	3137.04	4031.75
-482.437	1218.97	4432.99
-296.833	2345.81	2829.17
1004.47	1081.68	1876.14
2820.56	2053.31	2090.58
2663.48	2255.42	4449.98
1336.22	58.4411	4441.73
179.289	906.108	2868.78
3117.02	1060.04	2249.1
2694.17	440.126	2669.21
-61.5344	1099.84	4635.9
2623.9	764.518	3157.84
-310.252	3333.15	2502.08
-105.131	254.004	5145.84
-416.986	573.083	1872.62
1070.09	3247.7	3709.09
2773.64	1494.72	3053.08
3120.26	1056.66	4016.21
2330.59	3233.48	2776.1
-69.8576	933.77	4010.2
2325.81	-423.116	3948
-292.594	2997	2603.14
857.33	-315.094	3948.06
2005.21	1206.8	2354.17
-884.099	1437.9	4457.12
-819.683	1698	3760.44
-1229.12	2350.25	5027.05
-887.246	503.201	3957.6
-849.007	3065.4	4278.76
2044.9	-208.142	5037.53
-339.635	3168.57	4129.49
1889.64	1092	3223.56
-686.431	1783.71	2929.35
-193.177	648.889	2827.8
508.779	1624.89	4888.35
2120.98	2974.24	2964.43
2049.34	410.671	2430.41
-951.736	1312.07	5856.92
-540.788	2902.83	5717.93
405.311	-703.761	4787.04
1381.38	3043.92	4014.6
2052.85	630.192	3880.13
859.849	1493.84	4079.78
-484.898	2657.67	2197.64
2899.32	375.017	2167.38
-1011.61	2621.47	3993.55
2434.66	2181.05	2563.41
-405.514	528.936	2470.95
846.076	-143.817	3865.35
1747.12	172.359	3550.12
1388.1	3217.81	4136.85
-543.101	1196.09	4547.42
-417.634	2329.73	2902.47
947.588	1134.54	1925.08
2710.56	2200.19	2145.85
2544.44	2395.93	4566.13
1333.91	132.313	4556.81
133.247	916.878	2943.02
3058.7	1223.88	2308.38
2669.1	583.016	2739.09
-116.402	1099.34	4755.7
2582.22	903.74	3240.36
-482.901	3314.77	2567.11
-115.377	252.778	5278.62
-445.376	552.176	1920.89
900.784	3302.8	3805.72
2693.47	1640.73	3133.06
3063.12	1222.26	4121.1
2159.84	3353.77	2849.09
-116.374	932.479	4113.8
2347.13	-297.237	4050.58
-447.615	2980.09	2670.72
874.931	-266.251	4050.17
1940.73	1312.32	2415.81
-955.678	1393.72	4572.06
-905.358	1656.22	3857.48
-1347.68	2287.32	5156.75
-910.179	459.631	4059.5
-1005.93	3020.76	4389.4
2055.95	-96.2778	5168.17
-339.635	3168.57	4129.49
1889.64	1092	3223.56
-686.431	1783.71	2929.35
-193.177	648.889	2827.8
508.779	1624.89	4888.35
2120.98	2974.24	2964.43
2049.34	410.671	2430.41
-951.736	1312.07	5856.92
-540.788	2902.83	5717.93
405.311	-703.761	4787.04
1381.38	3043.92	4014.6
2052.85	630.192	3880.13
859.849	1493.84	4079.78
-484.898	2657.67	2197.64
2899.32	375.017	2167.38
-1011.61	2621.47	3993.55
2434.66	2181.05	2563.41
-405.514	528.936	2470.95
846.076	-143.817	3865.35
1747.12	172.359	3550.12
1388.1	3217.81	4136.85
-543.101	1196.09	4547.42
-417.634	2329.73	2902.47
947.588	1134.54	1925.08
2710.56	2200.19	2145.85
2544.44	2395.93	4566.13
1333.91	132.313	4556.81
133.247	916.878	2943.02
3058.7	1223.88	2308.38
2669.1	583.016	2739.09
-116.402	1099.34	4755.7
2582.22	903.74	3240.36
-482.901	3314.77	2567.11
-115.377	252.778	5278.62
-445.376	552.176	1920.89
900.784	3302.8	3805.72
2693.47	1640.73	3133.06
3063.12	1222.26	4121.1
2159.84	3353.77	2849.09
-116.374	932.479	4113.8
2347.13	-297.237	4050.58
-447.615	2980.09	2670.72
874.931	-266.251	4050.17
1940.73	1312.32	2415.81
-955.678	1393.72	4572.06
-905.358	1656.22	3857.48
-1347.68	2287.32	5156.75
-910.179	459.631	4059.5
-1005.93	3020.76	4389.4
2055.95	-96.2778	5168.17
-339.635	3168.57	4129.49
1889.64	1092	3223.56
-686.431	1783.71	2929.35
-193.177	648.889	2827.8
508.779	1624.89	4888.35
2120.98	2974.24	2964.43
2049.34	410.671	2430.41
-951.736	1312.07	5856.92
-540.788	2902.83	5717.93
405.311	-703.761	4787.04
1381.38	3043.92	4014.6
2052.85	630.192	3880.13
859.849	1493.84	4079.78
-484.898	2657.67	2197.64
2899.32	375.017	2167.38
-1011.61	2621.47	3993.55
2434.66	2181.05	2563.41
-405.514	528.936	2470.95
846.076	-143.817	3865.35
1747.12	172.359	3550.12
1388.1	3217.81	4136.85
-543.101	1196.09	4547.42
-417.634	2329.73	2902.47
947.588	1134.54	1925.08
2710.56	2200.19	2145.85
2544.44	2395.93	4566.13
1333.91	132.313	4556.81
133.247	916.878	2943.02
3058.7	1223.88	2308.38
2669.1	583.016	2739.09
-116.402	1099.34	4755.7
2582.22	903.74	3240.36
-482.901	3314.77	2567.11
-115.377	252.778	5278.62
-445.376	552.176	1920.89
900.784	3302.8	3805.72
2693.47	1640.73	3133.06
3063.12	1222.26	4121.1
2159.84	3353.77	2849.09
-116.374	932.479	4113.8
2347.13	-297.237	4050.58
-447.615	2980.09	2670.72
874.931	-266.251	4050.17
1940.73	1312.32	2415.81
-955.678	1393.72	4572.06
-905.358	1656.22	3857.48
-1347.68	2287.32	5156.75
-910.179	459.631	4059.5
-1005.93	3020.76	4389.4
2055.95	-96.2778	5168.17
-339.635	3168.57	4129.49
1889.64	1092	3223.56
-686.431	1783.71	2929.35
-193.177	648.889	2827.8
508.779	1624.89	4888.35
2120.98	2974.24	2964.43
2049.34	410.671	2430.41
-951.736	1312.07	5856.92
-540.788	2902.83	5717.93
405.311	-703.761	4787.04
1381.38	3043.92	4014.6
2052.85	630.192	3880.13
859.849	1493.84	4079.78
-484.898	2657.67	2197.64
2899.32	375.017	2167.38
-1011.61	2621.47	3993.55
2434.66	2181.05	2563.41
-405.514	528.936	2470.95
846.076	-143.817	3865.35
1747.12	172.359	3550.12
1388.1	3217.81	4136.85
-543.101	1196.09	4547.42
-417.634	2329.73	2902.47
947.588	1134.54	1925.08
2710.56	2200.19	2145.85
2544.44	2395.93	4566.13
1333.91	132.313	4556.81
133.247	916.878	2943.02
3058.7	1223.88	2308.38
2669.1	583.016	2739.09
-116.402	1099.34	4755.7
2582.22	903.74	3240.36
-482.901	3314.77	2567.11
-115.377	252.778	5278.62
-445.376	552.176	1920.89
900.784	3302.8	3805.72
2693.47	1640.73	3133.06
3063.12	1222.26	4121.1
2159.84	3353.77	2849.09
-116.374	932.479	4113.8
2347.13	-297.237	4050.58
-447.615	2980.09	2670.72
874.931	-266.251	4050.17
1940.73	1312.32	2415.81
-955.678	1393.72	4572.06
-905.358	1656.22	3857.48
-1347.68	2287.32	5156.75
-910.179	459.631	4059.5
-1005.93	3020.76	4389.4
2055.95	-96.2778	5168.17
