-181.099	3278.8	4151.44
2003.42	1022.03	3241.25
-612.208	1872.82	2945.32
-165.637	678.078	2843.09
608.736	1644.85	4914.88
2342.33	2946.96	2980.99
2131.91	311.83	2443.57
-912.878	1401.3	5888.46
-403.515	3016.25	5747.87
376.735	-748.275	4813.81
1583.98	3058.29	4036.34
2146.61	537.48	3901.59
963.72	1491.14	4102.01
-357.004	2761.16	2210.29
3006.04	229.276	2179.06
-902.254	2752.13	4014.77
2623.27	2113.95	2577.78
-390.578	566.074	2484.3
861.609	-194.795	3886.58
1807.23	82.3842	3569.64
1600.15	3236.8	4159.18
-497.494	1260.07	4571.93
-305.943	2420.18	2918.42
1035.94	1116.8	1935.75
2908.64	2118.85	2158.07
2746.96	2329.05	4591.17
1378.77	63.2063	4582.18
184.945	936.412	2959
3215.35	1095	2321.14
2779.63	455.86	2754.08
-63.4168	1137.44	4781.5
2706.96	790.815	3258.21
-319.665	3436.8	2581.66
-108.422	265.408	5307.77
-430.021	592.261	1931.34
1103.16	3350.34	3826.3
2860.89	1543.78	3150.4
3219.14	1092.81	4144.05
2402.63	3335.26	2865.14
-72.0082	965.733	4136.11
2400.3	-434.086	4073.23
-301.504	3090.75	2685.68
884.656	-322.562	4072.51
2068.2	1246.28	2429.15
-911.641	1485.73	4596.55
-845.116	1753.29	3878.17
-1267.1	2426.36	5183.85
-915.112	521.609	4081.42
-875.022	3162.5	4412.49
2110.4	-211.515	5197.55
-181.099	3278.8	4151.44
2003.42	1022.03	3241.25
-612.208	1872.82	2945.32
-165.637	678.078	2843.09
608.736	1644.85	4914.88
2342.33	2946.96	2980.99
2131.91	311.83	2443.57
-912.878	1401.3	5888.46
-403.515	3016.25	5747.87
376.735	-748.275	4813.81
1583.98	3058.29	4036.34
2146.61	537.48	3901.59
963.72	1491.14	4102.01
-357.004	2761.16	2210.29
3006.04	229.276	2179.06
-902.254	2752.13	4014.77
2623.27	2113.95	2577.78
-390.578	566.074	2484.3
861.609	-194.795	3886.58
1807.23	82.3842	3569.64
1600.15	3236.8	4159.18
-497.494	1260.07	4571.93
-305.943	2420.18	2918.42
1035.94	1116.8	1935.75
2908.64	2118.85	2158.07
2746.96	2329.05	4591.17
1378.77	63.2063	4582.18
184.945	936.412	2959
3215.35	1095	2321.14
2779.63	455.86	2754.08
-63.4168	1137.44	4781.5
2706.96	790.815	3258.21
-319.665	3436.8	2581.66
-108.422	265.408	5307.77
-430.021	592.261	1931.34
1103.16	3350.34	3826.3
2860.89	1543.78	3150.4
3219.14	1092.81	4144.05
2402.63	3335.26	2865.14
-72.0082	965.733	4136.11
2400.3	-434.086	4073.23
-301.504	3090.75	2685.68
884.656	-322.562	4072.51
2068.2	1246.28	2429.15
-911.641	1485.73	4596.55
-845.116	1753.29	3878.17
-1267.1	2426.36	5183.85
-915.112	521.609	4081.42
-875.022	3162.5	4412.49
2110.4	-211.515	5197.55
-181.099	3278.8	4151.44
2003.42	1022.03	3241.25
-612.208	1872.82	2945.32
-165.637	678.078	2843.09
608.736	1644.85	4914.88
2342.33	2946.96	2980.99
2131.91	311.83	2443.57
-912.878	1401.3	5888.46
-403.515	3016.25	5747.87
376.735	-748.275	4813.81
1583.98	3058.29	4036.34
2146.61	537.48	3901.59
963.72	1491.14	4102.01
-357.004	2761.16	2210.29
3006.04	229.276	2179.06
-902.254	2752.13	4014.77
2623.27	2113.95	2577.78
-390.578	566.074	2484.3
861.609	-194.795	3886.58
1807.23	82.3842	3569.64
1600.15	3236.8	4159.18
-497.494	1260.07	4571.93
-305.943	2420.18	2918.42
1035.94	1116.8	1935.75
2908.64	2118.85	2158.07
2746.96	2329.05	4591.17
1378.77	63.2063	4582.18
184.945	936.412	2959
3215.35	1095	2321.14
2779.63	455.86	2754.08
-63.4168	1137.44	4781.5
2706.96	790.815	3258.21
-319.665	3436.8	2581.66
-108.422	265.408	5307.77
-430.021	592.261	1931.34
1103.16	3350.34	3826.3
2860.89	1543.78	3150.4
3219.14	1092.81	4144.05
2402.63	3335.26	2865.14
-72.0082	965.733	4136.11
2400.3	-434.086	4073.23
-301.504	3090.75	2685.68
884.656	-322.562	4072.51
2068.2	1246.28	2429.15
-911.641	1485.73	4596.55
-845.116	1753.29	3878.17
-1267.1	2426.36	5183.85
-915.112	521.609	4081.42
-875.022	3162.5	4412.49
2110.4	-211.515	5197.55
-181.099	3278.8	4151.44
2003.42	1022.03	3241.25
-612.208	1872.82	2945.32
-165.637	678.078	2843.09
608.736	1644.85	4914.88
2342.33	2946.96	2980.99
2131.91	311.83	2443.57
-912.878	1401.3	5888.46
-403.515	3016.25	5747.87
376.735	-748.275	4813.81
1583.98	3058.29	4036.34
2146.61	537.48	3901.59
963.72	1491.14	4102.01
-357.004	2761.16	2210.29
3006.04	229.276	2179.06
-902.254	2752.13	4014.77
2623.27	2113.95	2577.78
-390.578	566.074	2484.3
861.609	-194.795	3886.58
1807.23	82.3842	3569.64
1600.15	3236.8	4159.18
-497.494	1260.07	4571.93
-305.943	2420.18	2918.42
1035.94	1116.8	1935.75
2908.64	2118.85	2158.07
2746.96	2329.05	4591.17
1378.77	63.2063	4582.18
184.945	936.412	2959
3215.35	1095	2321.14
2779.63	455.86	2754.08
-63.4168	1137.44	4781.5
2706.96	790.815	3258.21
-319.665	3436.8	2581.66
-108.422	265.408	5307.77
-430.021	592.261	1931.34
1103.16	3350.34	3826.3
2860.89	1543.78	3150.4
3219.14	1092.81	4144.05
2402.63	3335.26	2865.14
-72.0082	965.733	4136.11
2400.3	-434.086	4073.23
-301.504	3090.75	2685.68
884.656	-322.562	4072.51
2068.2	1246.28	2429.15
-911.641	1485.73	4596.55
-845.116	1753.29	3878.17
-1267.1	2426.36	5183.85
-915.112	521.609	4081.42
-875.022	3162.5	4412.49
2110.4	-211.515	5197.55
-181.099	3278.8	4151.44
2003.42	1022.03	3241.25
-612.208	1872.82	2945.32
-165.637	678.078	2843.09
608.736	1644.85	4914.88
2342.33	2946.96	2980.99
2131.91	311.83	2443.57
-912.878	1401.3	5888.46
-403.515	3016.25	5747.87
376.735	-748.275	4813.81
1583.98	3058.29	4036.34
2146.61	537.48	3901.59
963.72	1491.14	4102.01
-357.004	2761.16	2210.29
3006.04	229.276	2179.06
-902.254	2752.13	4014.77
2623.27	2113.95	2577.78
-390.578	566.074	2484.3
861.609	-194.795	3886.58
1807.23	82.3842	3569.64
1600.15	3236.8	4159.18
-497.494	1260.07	4571.93
-305.943	2420.18	2918.42
1035.94	1116.8	1935.75
2908.64	2118.85	2158.07
2746.96	2329.05	4591.17
1378.77	63.2063	4582.18
184.945	936.412	2959
3215.35	1095	2321.14
2779.63	455.86	2754.08
-63.4168	1137.44	4781.5
2706.96	790.815	3258.21
-319.665	3436.8	2581.66
-108.422	265.408	5307.77
-430.021	592.261	1931.34
1103.16	3350.34	3826.3
2860.89	1543.78	3150.4
3219.14	1092.81	4144.05
2402.63	3335.26	2865.14
-72.0082	965.733	4136.11
2400.3	-434.086	4073.23
-301.504	3090.75	2685.68
884.656	-322.562	4072.51
2068.2	1246.28	2429.15
-911.641	1485.73	4596.55
-845.116	1753.29	3878.17
-1267.1	2426.36	5183.85
-915.112	521.609	4081.42
-875.022	3162.5	4412.49
2110.4	-211.515	5197.55
