-178.992	3240.65	4103.15
1980.11	1010.14	3203.54
-605.085	1851.03	2911.05
-163.709	670.188	2810.01
601.656	1625.72	4857.72
2315.08	2912.68	2946.31
2107.1	308.202	2415.14
-902.26	1385	5819.97
-398.822	2981.17	5681.02
372.352	-739.57	4757.81
1565.55	3022.72	3989.39
2121.63	531.227	3856.2
952.509	1473.79	4054.29
-352.85	2729.03	2184.57
2971.07	226.609	2153.7
-891.758	2720.11	3968.07
2592.75	2089.35	2547.79
-386.033	559.487	2455.39
851.586	-192.529	3841.37
1786.2	81.4257	3528.11
1581.54	3199.15	4110.8
-491.706	1245.41	4518.75
-302.383	2392.02	2884.46
1023.88	1103.81	1913.22
2874.8	2094.2	2132.96
2715.01	2301.96	4537.76
1362.73	62.4711	4528.88
182.793	925.517	2924.57
3177.94	1082.26	2294.13
2747.29	450.556	2722.03
-62.6792	1124.21	4725.88
2675.47	781.615	3220.31
-315.945	3396.81	2551.63
-107.161	262.321	5246.04
-425.016	585.368	1908.86
1090.32	3311.36	3781.79
2827.61	1525.82	3113.75
3181.69	1080.1	4095.85
2374.68	3296.46	2831.81
-71.1705	954.498	4087.99
2372.38	-429.036	4025.85
-297.996	3054.79	2654.44
874.364	-318.81	4025.13
2044.14	1231.78	2400.88
-901.036	1468.44	4543.08
-835.284	1732.89	3833.05
-1252.36	2398.14	5123.55
-904.465	515.541	4033.94
-864.843	3125.71	4361.16
2085.85	-209.054	5137.09
-178.992	3240.65	4103.15
1980.11	1010.14	3203.54
-605.085	1851.03	2911.05
-163.709	670.188	2810.01
601.656	1625.72	4857.72
2315.08	2912.68	2946.31
2107.1	308.202	2415.14
-902.26	1385	5819.97
-398.822	2981.17	5681.02
372.352	-739.57	4757.81
1565.55	3022.72	3989.39
2121.63	531.227	3856.2
952.509	1473.79	4054.29
-352.85	2729.03	2184.57
2971.07	226.609	2153.7
-891.758	2720.11	3968.07
2592.75	2089.35	2547.79
-386.033	559.487	2455.39
851.586	-192.529	3841.37
1786.2	81.4257	3528.11
1581.54	3199.15	4110.8
-491.706	1245.41	4518.75
-302.383	2392.02	2884.46
1023.88	1103.81	1913.22
2874.8	2094.2	2132.96
2715.01	2301.96	4537.76
1362.73	62.4711	4528.88
182.793	925.517	2924.57
3177.94	1082.26	2294.13
2747.29	450.556	2722.03
-62.6792	1124.21	4725.88
2675.47	781.615	3220.31
-315.945	3396.81	2551.63
-107.161	262.321	5246.04
-425.016	585.368	1908.86
1090.32	3311.36	3781.79
2827.61	1525.82	3113.75
3181.69	1080.1	4095.85
2374.68	3296.46	2831.81
-71.1705	954.498	4087.99
2372.38	-429.036	4025.85
-297.996	3054.79	2654.44
874.364	-318.81	4025.13
2044.14	1231.78	2400.88
-901.036	1468.44	4543.08
-835.284	1732.89	3833.05
-1252.36	2398.14	5123.55
-904.465	515.541	4033.94
-864.843	3125.71	4361.16
2085.85	-209.054	5137.09
-178.992	3240.65	4103.15
1980.11	1010.14	3203.54
-605.085	1851.03	2911.05
-163.709	670.188	2810.01
601.656	1625.72	4857.72
2315.08	2912.68	2946.31
2107.1	308.202	2415.14
-902.26	1385	5819.97
-398.822	2981.17	5681.02
372.352	-739.57	4757.81
1565.55	3022.72	3989.39
2121.63	531.227	3856.2
952.509	1473.79	4054.29
-352.85	2729.03	2184.57
2971.07	226.609	2153.7
-891.758	2720.11	3968.07
2592.75	2089.35	2547.79
-386.033	559.487	2455.39
851.586	-192.529	3841.37
1786.2	81.4257	3528.11
1581.54	3199.15	4110.8
-491.706	1245.41	4518.75
-302.383	2392.02	2884.46
1023.88	1103.81	1913.22
2874.8	2094.2	2132.96
2715.01	2301.96	4537.76
1362.73	62.4711	4528.88
182.793	925.517	2924.57
3177.94	1082.26	2294.13
2747.29	450.556	2722.03
-62.6792	1124.21	4725.88
2675.47	781.615	3220.31
-315.945	3396.81	2551.63
-107.161	262.321	5246.04
-425.016	585.368	1908.86
1090.32	3311.36	3781.79
2827.61	1525.82	3113.75
3181.69	1080.1	4095.85
2374.68	3296.46	2831.81
-71.1705	954.498	4087.99
2372.38	-429.036	4025.85
-297.996	3054.79	2654.44
874.364	-318.81	4025.13
2044.14	1231.78	2400.88
-901.036	1468.44	4543.08
-835.284	1732.89	3833.05
-1252.36	2398.14	5123.55
-904.465	515.541	4033.94
-864.843	3125.71	4361.16
2085.85	-209.054	5137.09
-178.992	3240.65	4103.15
1980.11	1010.14	3203.54
-605.085	1851.03	2911.05
-163.709	670.188	2810.01
601.656	1625.72	4857.72
2315.08	2912.68	2946.31
2107.1	308.202	2415.14
-902.26	1385	5819.97
-398.822	2981.17	5681.02
372.352	-739.57	4757.81
1565.55	3022.72	3989.39
2121.63	531.227	3856.2
952.509	1473.79	4054.29
-352.85	2729.03	2184.57
2971.07	226.609	2153.7
-891.758	2720.11	3968.07
2592.75	2089.35	2547.79
-386.033	559.487	2455.39
851.586	-192.529	3841.37
1786.2	81.4257	3528.11
1581.54	3199.15	4110.8
-491.706	1245.41	4518.75
-302.383	2392.02	2884.46
1023.88	1103.81	1913.22
2874.8	2094.2	2132.96
2715.01	2301.96	4537.76
1362.73	62.4711	4528.88
182.793	925.517	2924.57
3177.94	1082.26	2294.13
2747.29	450.556	2722.03
-62.6792	1124.21	4725.88
2675.47	781.615	3220.31
-315.945	3396.81	2551.63
-107.161	262.321	5246.04
-425.016	585.368	1908.86
1090.32	3311.36	3781.79
2827.61	1525.82	3113.75
3181.69	1080.1	4095.85
2374.68	3296.46	2831.81
-71.1705	954.498	4087.99
2372.38	-429.036	4025.85
-297.996	3054.79	2654.44
874.364	-318.81	4025.13
2044.14	1231.78	2400.88
-901.036	1468.44	4543.08
-835.284	1732.89	3833.05
-1252.36	2398.14	5123.55
-904.465	515.541	4033.94
-864.843	3125.71	4361.16
2085.85	-209.054	5137.09
-178.992	3240.65	4103.15
1980.11	1010.14	3203.54
-605.085	1851.03	2911.05
-163.709	670.188	2810.01
601.656	1625.72	4857.72
2315.08	2912.68	2946.31
2107.1	308.202	2415.14
-902.26	1385	5819.97
-398.822	2981.17	5681.02
372.352	-739.57	4757.81
1565.55	3022.72	3989.39
2121.63	531.227	3856.2
952.509	1473.79	4054.29
-352.85	2729.03	2184.57
2971.07	226.609	2153.7
-891.758	2720.11	3968.07
2592.75	2089.35	2547.79
-386.033	559.487	2455.39
851.586	-192.529	3841.37
1786.2	81.4257	3528.11
1581.54	3199.15	4110.8
-491.706	1245.41	4518.75
-302.383	2392.02	2884.46
1023.88	1103.81	1913.22
2874.8	2094.2	2132.96
2715.01	2301.96	4537.76
1362.73	62.4711	4528.88
182.793	925.517	2924.57
3177.94	1082.26	2294.13
2747.29	450.556	2722.03
-62.6792	1124.21	4725.88
2675.47	781.615	3220.31
-315.945	3396.81	2551.63
-107.161	262.321	5246.04
-425.016	585.368	1908.86
1090.32	3311.36	3781.79
2827.61	1525.82	3113.75
3181.69	1080.1	4095.85
2374.68	3296.46	2831.81
-71.1705	954.498	4087.99
2372.38	-429.036	4025.85
-297.996	3054.79	2654.44
874.364	-318.81	4025.13
2044.14	1231.78	2400.88
-901.036	1468.44	4543.08
-835.284	1732.89	3833.05
-1252.36	2398.14	5123.55
-904.465	515.541	4033.94
-864.843	3125.71	4361.16
2085.85	-209.054	5137.09
