-179.737	3254.14	4120.22
1988.35	1014.35	3216.87
-607.603	1858.73	2923.17
-164.39	672.976	2821.71
604.158	1632.48	4877.92
2324.71	2924.8	2958.57
2115.87	309.485	2425.19
-906.012	1390.76	5844.17
-400.481	2993.57	5704.65
373.901	-742.646	4777.6
1572.06	3035.29	4005.99
2130.46	533.437	3872.24
956.471	1479.92	4071.15
-354.318	2740.39	2193.66
2983.43	227.552	2162.67
-895.468	2731.43	3984.58
2603.54	2098.05	2558.39
-387.64	561.815	2465.61
855.128	-193.329	3857.35
1793.63	81.7645	3542.79
1588.12	3212.46	4127.91
-493.752	1250.59	4537.54
-303.641	2401.97	2896.47
1028.14	1108.4	1921.19
2886.76	2102.91	2141.83
2726.31	2311.54	4556.64
1368.4	62.7309	4547.71
183.553	929.368	2936.74
3191.17	1086.77	2303.68
2758.72	452.431	2733.36
-62.9399	1128.88	4745.54
2686.6	784.867	3233.71
-317.26	3410.94	2562.24
-107.607	263.412	5267.85
-426.785	587.805	1916.81
1094.86	3325.14	3797.52
2839.38	1532.17	3126.71
3194.93	1084.59	4112.89
2384.56	3310.18	2843.59
-71.4665	958.469	4105
2382.25	-430.821	4042.6
-299.236	3067.5	2665.48
878.001	-320.136	4041.88
2052.64	1236.9	2410.88
-904.783	1474.55	4561.98
-838.759	1740.1	3848.99
-1257.57	2408.12	5144.86
-908.228	517.685	4050.72
-868.441	3138.71	4379.3
2094.53	-209.924	5158.46
-179.737	3254.14	4120.22
1988.35	1014.35	3216.87
-607.603	1858.73	2923.17
-164.39	672.976	2821.71
604.158	1632.48	4877.92
2324.71	2924.8	2958.57
2115.87	309.485	2425.19
-906.012	1390.76	5844.17
-400.481	2993.57	5704.65
373.901	-742.646	4777.6
1572.06	3035.29	4005.99
2130.46	533.437	3872.24
956.471	1479.92	4071.15
-354.318	2740.39	2193.66
2983.43	227.552	2162.67
-895.468	2731.43	3984.58
2603.54	2098.05	2558.39
-387.64	561.815	2465.61
855.128	-193.329	3857.35
1793.63	81.7645	3542.79
1588.12	3212.46	4127.91
-493.752	1250.59	4537.54
-303.641	2401.97	2896.47
1028.14	1108.4	1921.19
2886.76	2102.91	2141.83
2726.31	2311.54	4556.64
1368.4	62.7309	4547.71
183.553	929.368	2936.74
3191.17	1086.77	2303.68
2758.72	452.431	2733.36
-62.9399	1128.88	4745.54
2686.6	784.867	3233.71
-317.26	3410.94	2562.24
-107.607	263.412	5267.85
-426.785	587.805	1916.81
1094.86	3325.14	3797.52
2839.38	1532.17	3126.71
3194.93	1084.59	4112.89
2384.56	3310.18	2843.59
-71.4665	958.469	4105
2382.25	-430.821	4042.6
-299.236	3067.5	2665.48
878.001	-320.136	4041.88
2052.64	1236.9	2410.88
-904.783	1474.55	4561.98
-838.759	1740.1	3848.99
-1257.57	2408.12	5144.86
-908.228	517.685	4050.72
-868.441	3138.71	4379.3
2094.53	-209.924	5158.46
-179.737	3254.14	4120.22
1988.35	1014.35	3216.87
-607.603	1858.73	2923.17
-164.39	672.976	2821.71
604.158	1632.48	4877.92
2324.71	2924.8	2958.57
2115.87	309.485	2425.19
-906.012	1390.76	5844.17
-400.481	2993.57	5704.65
373.901	-742.646	4777.6
1572.06	3035.29	4005.99
2130.46	533.437	3872.24
956.471	1479.92	4071.15
-354.318	2740.39	2193.66
2983.43	227.552	2162.67
-895.468	2731.43	3984.58
2603.54	2098.05	2558.39
-387.64	561.815	2465.61
855.128	-193.329	3857.35
1793.63	81.7645	3542.79
1588.12	3212.46	4127.91
-493.752	1250.59	4537.54
-303.641	2401.97	2896.47
1028.14	1108.4	1921.19
2886.76	2102.91	2141.83
2726.31	2311.54	4556.64
1368.4	62.7309	4547.71
183.553	929.368	2936.74
3191.17	1086.77	2303.68
2758.72	452.431	2733.36
-62.9399	1128.88	4745.54
2686.6	784.867	3233.71
-317.26	3410.94	2562.24
-107.607	263.412	5267.85
-426.785	587.805	1916.81
1094.86	3325.14	3797.52
2839.38	1532.17	3126.71
3194.93	1084.59	4112.89
2384.56	3310.18	2843.59
-71.4665	958.469	4105
2382.25	-430.821	4042.6
-299.236	3067.5	2665.48
878.001	-320.136	4041.88
2052.64	1236.9	2410.88
-904.783	1474.55	4561.98
-838.759	1740.1	3848.99
-1257.57	2408.12	5144.86
-908.228	517.685	4050.72
-868.441	3138.71	4379.3
2094.53	-209.924	5158.46
-179.737	3254.14	4120.22
1988.35	1014.35	3216.87
-607.603	1858.73	2923.17
-164.39	672.976	2821.71
604.158	1632.48	4877.92
2324.71	2924.8	2958.57
2115.87	309.485	2425.19
-906.012	1390.76	5844.17
-400.481	2993.57	5704.65
373.901	-742.646	4777.6
1572.06	3035.29	4005.99
2130.46	533.437	3872.24
956.471	1479.92	4071.15
-354.318	2740.39	2193.66
2983.43	227.552	2162.67
-895.468	2731.43	3984.58
2603.54	2098.05	2558.39
-387.64	561.815	2465.61
855.128	-193.329	3857.35
1793.63	81.7645	3542.79
1588.12	3212.46	4127.91
-493.752	1250.59	4537.54
-303.641	2401.97	2896.47
1028.14	1108.4	1921.19
2886.76	2102.91	2141.83
2726.31	2311.54	4556.64
1368.4	62.7309	4547.71
183.553	929.368	2936.74
3191.17	1086.77	2303.68
2758.72	452.431	2733.36
-62.9399	1128.88	4745.54
2686.6	784.867	3233.71
-317.26	3410.94	2562.24
-107.607	263.412	5267.85
-426.785	587.805	1916.81
1094.86	3325.14	3797.52
2839.38	1532.17	3126.71
3194.93	1084.59	4112.89
2384.56	3310.18	2843.59
-71.4665	958.469	4105
2382.25	-430.821	4042.6
-299.236	3067.5	2665.48
878.001	-320.136	4041.88
2052.64	1236.9	2410.88
-904.783	1474.55	4561.98
-838.759	1740.1	3848.99
-1257.57	2408.12	5144.86
-908.228	517.685	4050.72
-868.441	3138.71	4379.3
2094.53	-209.924	5158.46
-179.737	3254.14	4120.22
1988.35	1014.35	3216.87
-607.603	1858.73	2923.17
-164.39	672.976	2821.71
604.158	1632.48	4877.92
2324.71	2924.8	2958.57
2115.87	309.485	2425.19
-906.012	1390.76	5844.17
-400.481	2993.57	5704.65
373.901	-742.646	4777.6
1572.06	3035.29	4005.99
2130.46	533.437	3872.24
956.471	1479.92	4071.15
-354.318	2740.39	2193.66
2983.43	227.552	2162.67
-895.468	2731.43	3984.58
2603.54	2098.05	2558.39
-387.64	561.815	2465.61
855.128	-193.329	3857.35
1793.63	81.7645	3542.79
1588.12	3212.46	4127.91
-493.752	1250.59	4537.54
-303.641	2401.97	2896.47
1028.14	1108.4	1921.19
2886.76	2102.91	2141.83
2726.31	2311.54	4556.64
1368.4	62.7309	4547.71
183.553	929.368	2936.74
3191.17	1086.77	2303.68
2758.72	452.431	2733.36
-62.9399	1128.88	4745.54
2686.6	784.867	3233.71
-317.26	3410.94	2562.24
-107.607	263.412	5267.85
-426.785	587.805	1916.81
1094.86	3325.14	3797.52
2839.38	1532.17	3126.71
3194.93	1084.59	4112.89
2384.56	3310.18	2843.59
-71.4665	958.469	4105
2382.25	-430.821	4042.6
-299.236	3067.5	2665.48
878.001	-320.136	4041.88
2052.64	1236.9	2410.88
-904.783	1474.55	4561.98
-838.759	1740.1	3848.99
-1257.57	2408.12	5144.86
-908.228	517.685	4050.72
-868.441	3138.71	4379.3
2094.53	-209.924	5158.46
