346.169	516.539
580.697	341.201
279.159	462.08
331.48	316.721
408.344	350.685
636.595	578.451
663.443	272.056
307.846	316.128
339.772	420.839
389.585	171.024
503.927	502.278
559.179	276.724
446.443	360.865
292.455	676.751
830.397	261.517
279.137	479.679
713.85	516.611
291.814	313.341
439.222	209.304
541.354	235.176
501.619	509.619
321.748	329.995
317.47	531.131
537.964	437.518
816.976	565.976
579.677	410.428
470.931	232.278
376.987	344.832
834.331	389.797
713.597	284.702
357.33	315.754
655.729	313.404
310.55	703.92
355.409	246.62
260.644	342.88
465.509	545.04
682.095	401.575
641.008	321.066
652.527	637.196
353.656	314.287
572.611	187.604
314.574	643.175
438.232	198.623
656.575	410.914
289.163	347.744
279.901	395.096
274.5	400.743
277.196	276.157
290.387	490.77
510.521	211.883
346.169	516.539
580.697	341.201
279.159	462.08
331.48	316.721
408.344	350.685
636.595	578.451
663.443	272.056
307.846	316.128
339.772	420.839
389.585	171.024
503.927	502.278
559.179	276.724
446.443	360.865
292.455	676.751
830.397	261.517
279.137	479.679
713.85	516.611
291.814	313.341
439.222	209.304
541.354	235.176
501.619	509.619
321.748	329.995
317.47	531.131
537.964	437.518
816.976	565.976
579.677	410.428
470.931	232.278
376.987	344.832
834.331	389.797
713.597	284.702
357.33	315.754
655.729	313.404
310.55	703.92
355.409	246.62
260.644	342.88
465.509	545.04
682.095	401.575
641.008	321.066
652.527	637.196
353.656	314.287
572.611	187.604
314.574	643.175
438.232	198.623
656.575	410.914
289.163	347.744
279.901	395.096
274.5	400.743
277.196	276.157
290.387	490.77
510.521	211.883
346.169	516.539
580.697	341.201
279.159	462.08
331.48	316.721
408.344	350.685
636.595	578.451
663.443	272.056
307.846	316.128
339.772	420.839
389.585	171.024
503.927	502.278
559.179	276.724
446.443	360.865
292.455	676.751
830.397	261.517
279.137	479.679
713.85	516.611
291.814	313.341
439.222	209.304
541.354	235.176
501.619	509.619
321.748	329.995
317.47	531.131
537.964	437.518
816.976	565.976
579.677	410.428
470.931	232.278
376.987	344.832
834.331	389.797
713.597	284.702
357.33	315.754
655.729	313.404
310.55	703.92
355.409	246.62
260.644	342.88
465.509	545.04
682.095	401.575
641.008	321.066
652.527	637.196
353.656	314.287
572.611	187.604
314.574	643.175
438.232	198.623
656.575	410.914
289.163	347.744
279.901	395.096
274.5	400.743
277.196	276.157
290.387	490.77
510.521	211.883
346.169	516.539
580.697	341.201
279.159	462.08
331.48	316.721
408.344	350.685
636.595	578.451
663.443	272.056
307.846	316.128
339.772	420.839
389.585	171.024
503.927	502.278
559.179	276.724
446.443	360.865
292.455	676.751
830.397	261.517
279.137	479.679
713.85	516.611
291.814	313.341
439.222	209.304
541.354	235.176
501.619	509.619
321.748	329.995
317.47	531.131
537.964	437.518
816.976	565.976
579.677	410.428
470.931	232.278
376.987	344.832
834.331	389.797
713.597	284.702
357.33	315.754
655.729	313.404
310.55	703.92
355.409	246.62
260.644	342.88
465.509	545.04
682.095	401.575
641.008	321.066
652.527	637.196
353.656	314.287
572.611	187.604
314.574	643.175
438.232	198.623
656.575	410.914
289.163	347.744
279.901	395.096
274.5	400.743
277.196	276.157
290.387	490.77
510.521	211.883
346.169	516.539
580.697	341.201
279.159	462.08
331.48	316.721
408.344	350.685
636.595	578.451
663.443	272.056
307.846	316.128
339.772	420.839
389.585	171.024
503.927	502.278
559.179	276.724
446.443	360.865
292.455	676.751
830.397	261.517
279.137	479.679
713.85	516.611
291.814	313.341
439.222	209.304
541.354	235.176
501.619	509.619
321.748	329.995
317.47	531.131
537.964	437.518
816.976	565.976
579.677	410.428
470.931	232.278
376.987	344.832
834.331	389.797
713.597	284.702
357.33	315.754
655.729	313.404
310.55	703.92
355.409	246.62
260.644	342.88
465.509	545.04
682.095	401.575
641.008	321.066
652.527	637.196
353.656	314.287
572.611	187.604
314.574	643.175
438.232	198.623
656.575	410.914
289.163	347.744
279.901	395.096
274.5	400.743
277.196	276.157
290.387	490.77
510.521	211.883
