1799.32	746.886	3262.98
1483.68	681.708	4417.67
1572.44	3464.02	3133.82
382.878	195.174	4674.91
13.9676	1744.72	5164.62
-210.023	2487.16	3728.15
-259.181	-244.792	4735.4
3147.95	439.309	1864.11
2351.99	186.827	5306.14
-522.055	971.319	3725.78
-202.4	1774.07	4509.96
317.835	417.407	4658.86
1316.99	2488.01	5543.44
1257.91	-535.062	3345.4
1783.66	73.6165	4953.34
2268.47	1641.5	4710.79
-182.087	1424.42	4447.43
1680	65.0015	3653.33
2913.44	1148.86	5128.99
-1182.48	2821.39	5317.97
2379.59	1969.51	2225.69
-405.063	1607.53	5302.55
2478.22	1573.61	3020.65
743.796	-652.22	5290.17
-487.117	-521.567	1603.62
1992.65	1749.58	5513.77
1829.18	3600.59	3256.11
2220.02	2627.02	5520.79
143.894	2447.18	3363.99
937.249	3339.57	3068.6
2740.68	2172.66	2967.29
2288.29	3011.23	2979.87
-453.134	654.214	4270.29
2014.96	1801.38	5241.3
1079.92	962.363	1736.73
2581.46	1792.81	2585.65
1873.5	2074.26	5001.61
1291.65	1306.61	4334.15
297.107	2366.59	4285.91
653.557	-377.118	2682.25
-737.863	2228.09	3735.5
-326.987	2436.72	3924.13
-379.3	810.019	2789.26
1588.09	1214.32	5712.8
-667.23	3027.98	3147.58
3113.29	1085.22	4022.58
-280.473	1566.54	5813.07
-650.129	723.478	4771.49
-324.307	1781.86	3576.49
2882.33	2501.72	2745.53
1799.32	746.886	3262.98
1483.68	681.708	4417.67
1572.44	3464.02	3133.82
382.878	195.174	4674.91
13.9676	1744.72	5164.62
-210.023	2487.16	3728.15
-259.181	-244.792	4735.4
3147.95	439.309	1864.11
2351.99	186.827	5306.14
-522.055	971.319	3725.78
-202.4	1774.07	4509.96
317.835	417.407	4658.86
1316.99	2488.01	5543.44
1257.91	-535.062	3345.4
1783.66	73.6165	4953.34
2268.47	1641.5	4710.79
-182.087	1424.42	4447.43
1680	65.0015	3653.33
2913.44	1148.86	5128.99
-1182.48	2821.39	5317.97
2379.59	1969.51	2225.69
-405.063	1607.53	5302.55
2478.22	1573.61	3020.65
743.796	-652.22	5290.17
-487.117	-521.567	1603.62
1992.65	1749.58	5513.77
1829.18	3600.59	3256.11
2220.02	2627.02	5520.79
143.894	2447.18	3363.99
937.249	3339.57	3068.6
2740.68	2172.66	2967.29
2288.29	3011.23	2979.87
-453.134	654.214	4270.29
2014.96	1801.38	5241.3
1079.92	962.363	1736.73
2581.46	1792.81	2585.65
1873.5	2074.26	5001.61
1291.65	1306.61	4334.15
297.107	2366.59	4285.91
653.557	-377.118	2682.25
-737.863	2228.09	3735.5
-326.987	2436.72	3924.13
-379.3	810.019	2789.26
1588.09	1214.32	5712.8
-667.23	3027.98	3147.58
3113.29	1085.22	4022.58
-280.473	1566.54	5813.07
-650.129	723.478	4771.49
-324.307	1781.86	3576.49
2882.33	2501.72	2745.53
1799.32	746.886	3262.98
1483.68	681.708	4417.67
1572.44	3464.02	3133.82
382.878	195.174	4674.91
13.9676	1744.72	5164.62
-210.023	2487.16	3728.15
-259.181	-244.792	4735.4
3147.95	439.309	1864.11
2351.99	186.827	5306.14
-522.055	971.319	3725.78
-202.4	1774.07	4509.96
317.835	417.407	4658.86
1316.99	2488.01	5543.44
1257.91	-535.062	3345.4
1783.66	73.6165	4953.34
2268.47	1641.5	4710.79
-182.087	1424.42	4447.43
1680	65.0015	3653.33
2913.44	1148.86	5128.99
-1182.48	2821.39	5317.97
2379.59	1969.51	2225.69
-405.063	1607.53	5302.55
2478.22	1573.61	3020.65
743.796	-652.22	5290.17
-487.117	-521.567	1603.62
1992.65	1749.58	5513.77
1829.18	3600.59	3256.11
2220.02	2627.02	5520.79
143.894	2447.18	3363.99
937.249	3339.57	3068.6
2740.68	2172.66	2967.29
2288.29	3011.23	2979.87
-453.134	654.214	4270.29
2014.96	1801.38	5241.3
1079.92	962.363	1736.73
2581.46	1792.81	2585.65
1873.5	2074.26	5001.61
1291.65	1306.61	4334.15
297.107	2366.59	4285.91
653.557	-377.118	2682.25
-737.863	2228.09	3735.5
-326.987	2436.72	3924.13
-379.3	810.019	2789.26
1588.09	1214.32	5712.8
-667.23	3027.98	3147.58
3113.29	1085.22	4022.58
-280.473	1566.54	5813.07
-650.129	723.478	4771.49
-324.307	1781.86	3576.49
2882.33	2501.72	2745.53
1799.32	746.886	3262.98
1483.68	681.708	4417.67
1572.44	3464.02	3133.82
382.878	195.174	4674.91
13.9676	1744.72	5164.62
-210.023	2487.16	3728.15
-259.181	-244.792	4735.4
3147.95	439.309	1864.11
2351.99	186.827	5306.14
-522.055	971.319	3725.78
-202.4	1774.07	4509.96
317.835	417.407	4658.86
1316.99	2488.01	5543.44
1257.91	-535.062	3345.4
1783.66	73.6165	4953.34
2268.47	1641.5	4710.79
-182.087	1424.42	4447.43
1680	65.0015	3653.33
2913.44	1148.86	5128.99
-1182.48	2821.39	5317.97
2379.59	1969.51	2225.69
-405.063	1607.53	5302.55
2478.22	1573.61	3020.65
743.796	-652.22	5290.17
-487.117	-521.567	1603.62
1992.65	1749.58	5513.77
1829.18	3600.59	3256.11
2220.02	2627.02	5520.79
143.894	2447.18	3363.99
937.249	3339.57	3068.6
2740.68	2172.66	2967.29
2288.29	3011.23	2979.87
-453.134	654.214	4270.29
2014.96	1801.38	5241.3
1079.92	962.363	1736.73
2581.46	1792.81	2585.65
1873.5	2074.26	5001.61
1291.65	1306.61	4334.15
297.107	2366.59	4285.91
653.557	-377.118	2682.25
-737.863	2228.09	3735.5
-326.987	2436.72	3924.13
-379.3	810.019	2789.26
1588.09	1214.32	5712.8
-667.23	3027.98	3147.58
3113.29	1085.22	4022.58
-280.473	1566.54	5813.07
-650.129	723.478	4771.49
-324.307	1781.86	3576.49
2882.33	2501.72	2745.53
1799.32	746.886	3262.98
1483.68	681.708	4417.67
1572.44	3464.02	3133.82
382.878	195.174	4674.91
13.9676	1744.72	5164.62
-210.023	2487.16	3728.15
-259.181	-244.792	4735.4
3147.95	439.309	1864.11
2351.99	186.827	5306.14
-522.055	971.319	3725.78
-202.4	1774.07	4509.96
317.835	417.407	4658.86
1316.99	2488.01	5543.44
1257.91	-535.062	3345.4
1783.66	73.6165	4953.34
2268.47	1641.5	4710.79
-182.087	1424.42	4447.43
1680	65.0015	3653.33
2913.44	1148.86	5128.99
-1182.48	2821.39	5317.97
2379.59	1969.51	2225.69
-405.063	1607.53	5302.55
2478.22	1573.61	3020.65
743.796	-652.22	5290.17
-487.117	-521.567	1603.62
1992.65	1749.58	5513.77
1829.18	3600.59	3256.11
2220.02	2627.02	5520.79
143.894	2447.18	3363.99
937.249	3339.57	3068.6
2740.68	2172.66	2967.29
2288.29	3011.23	2979.87
-453.134	654.214	4270.29
2014.96	1801.38	5241.3
1079.92	962.363	1736.73
2581.46	1792.81	2585.65
1873.5	2074.26	5001.61
1291.65	1306.61	4334.15
297.107	2366.59	4285.91
653.557	-377.118	2682.25
-737.863	2228.09	3735.5
-326.987	2436.72	3924.13
-379.3	810.019	2789.26
1588.09	1214.32	5712.8
-667.23	3027.98	3147.58
3113.29	1085.22	4022.58
-280.473	1566.54	5813.07
-650.129	723.478	4771.49
-324.307	1781.86	3576.49
2882.33	2501.72	2745.53
