40.3637	284.964
41.9941	350.581
48.3524	286.462
57.8353	459.638
64.131	299.977
66.6606	427.101
71.0002	459.454
69.7983	352.526
70.2855	326.252
79.8213	298.127
87.1593	393.139
89.8885	294.322
97.7443	355.033
97.7443	355.033
108.063	289.611
135.051	444.166
135.051	444.166
170.26	359.78
170.26	359.78
196.593	295.553
196.593	295.553
235.101	204.85
260.556	143.034
376.62	444.961
377.913	359.559
378.771	295.045
378.771	295.045
380.396	204.306
381.484	359.46
454.887	26.6203
555.05	300.875
555.05	300.875
613.695	452.522
613.695	452.522
624.606	49.7278
653.857	89.6312
653.425	46.2051
661.578	126.319
671.724	135.51
675.608	59.4702
682.208	104.087
690.6	41.0474
710.588	66.382
725.115	108.411
728.459	443.09
34.4055	314.496
40.4162	284.812
48.3371	286.488
66.7864	427.245
66.4681	361.174
67.0109	336.881
70.9474	459.385
69.7178	352.493
79.893	298.049
81.3612	396.516
80.8929	269.462
87.1255	393.064
87.838	317.479
91.557	343.788
97.7649	355.091
135.037	444.154
135.037	444.154
170.227	359.787
170.227	359.787
196.652	295.548
235.104	204.865
376.633	444.985
377.931	359.58
378.772	295.067
378.772	295.067
380.424	204.33
380.424	204.33
381.51	359.718
468.323	62.658
535.357	249.904
535.357	249.904
555.038	300.877
555.038	300.877
580.895	365.912
613.667	452.519
613.667	452.519
624.715	49.7565
653.449	46.1834
653.955	89.7212
675.513	59.3162
682.184	104.051
690.395	40.98
710.52	66.3706
724.986	108.317
728.447	443.145
37.7686	319.233
40.4737	334.559
40.4797	284.862
48.4463	286.488
53.8877	355.145
58.2123	459.48
66.6808	427.212
71.0732	459.504
69.8763	352.602
79.9866	298.067
87.1209	393.086
91.3302	343.721
97.9519	355.188
107.915	289.573
135.108	444.163
135.108	444.163
137.479	335.374
170.264	359.783
170.264	359.783
196.649	295.526
260.629	143.028
269.918	118.53
286.241	79.2896
376.617	445.025
377.918	359.602
378.77	295.069
378.77	295.069
380.405	204.315
381.327	359.649
454.888	26.6391
555.042	300.857
555.042	300.857
580.939	365.936
613.656	452.52
624.62	49.7147
641.617	101.674
661.509	126.209
671.758	135.552
672.709	47.4733
675.61	59.5243
682.216	104.082
689.039	145.246
690.565	41.0334
710.463	66.3935
728.684	443.059
40.3988	284.927
45.0847	266.186
54.1011	355.151
57.6683	459.721
62.3772	323.264
62.3772	323.264
66.675	427.172
71.0155	459.526
69.9146	352.582
80.0092	298.147
81.3377	396.475
80.6615	269.388
87.0743	392.999
87.8827	317.466
135.079	444.17
135.079	444.17
196.631	295.511
196.631	295.511
260.709	143.025
286.259	79.3122
376.609	444.992
377.912	359.524
380.421	204.319
381.506	359.701
454.86	26.5654
555.009	300.871
555.009	300.871
596.18	49.7415
613.657	452.505
624.754	49.8161
653.891	89.6289
653.433	46.1984
671.847	135.612
671.847	135.612
675.575	59.4197
689.239	145.283
690.547	40.9749
704.408	148.646
710.666	66.4039
728.607	443.105
