45.3575	266.389
41.9678	350.589
45.291	309.169
58.3164	269.528
63.8951	285.821
67.6956	394.7
74.3334	366.24
71.222	459.328
71.9408	449.047
81.5102	396.694
87.0587	392.984
97.8121	355.145
97.8121	355.145
98.3653	395.57
170.259	359.804
196.643	295.559
217.903	245.24
217.903	245.24
235.091	204.905
248.844	171.591
381.452	142.748
379.512	244.651
379.512	244.651
378.76	295.043
378.76	295.043
395.784	29.0075
377.884	359.634
377.884	359.634
400.001	29.9355
431.93	28.7837
455.187	26.5754
555.073	300.872
555.073	300.872
595.573	49.2384
580.937	365.936
608.003	35.2415
638.951	71.7196
654.053	89.6154
671.823	135.632
682.135	104.184
688.366	132.113
704.17	138.161
710.341	66.4396
713.255	146.542
725.022	108.43
738.017	120.357
40.5363	285.041
45.0785	266.179
58.387	269.383
66.7296	361.243
70.2975	326.29
66.8687	427.168
72.1088	449.008
81.3973	396.528
89.9883	294.36
87.1739	393.25
97.946	355.254
107.918	289.559
135.063	444.162
170.342	359.775
170.342	359.775
196.575	295.551
196.575	295.551
248.848	171.605
248.848	171.605
260.677	142.959
368.26	27.1159
380.362	204.296
380.362	204.296
399.993	29.9804
378.749	295.066
377.876	359.703
381.429	359.625
426.798	31.8108
431.832	28.4804
473.189	82.2165
473.189	82.2165
598.383	52.0902
580.88	365.898
580.88	365.898
625.052	50.3033
613.601	452.444
664.98	83.4986
671.859	135.665
671.859	135.665
685.244	50.0089
682.107	104.263
688.35	132.143
696.939	105.822
696.939	105.822
704.226	138.151
709.388	143.926
79.8394	298.19
72.0775	449.041
81.3042	396.449
89.84	294.366
87.2683	393.336
97.723	355.005
97.723	355.005
98.218	396.003
115.051	285.988
137.508	335.333
170.237	359.783
196.449	295.549
196.449	295.549
235.115	204.973
380.35	204.356
380.35	204.356
379.466	244.59
378.744	295.063
378.744	295.063
381.51	359.497
376.562	445.075
431.679	28.4643
431.679	28.4643
455.426	48.4147
456.808	46.9399
473.163	82.2319
487.717	121.793
496.369	146.234
535.213	249.924
535.213	249.924
580.867	365.88
632.005	84.5589
638.94	71.8833
613.651	452.488
613.651	452.488
654.102	89.5189
671.96	135.751
671.96	135.751
689.878	145.402
709.204	144.026
722.698	123.447
55.8487	304.387
53.8496	355.37
64.3237	306.911
67.2618	394.564
66.7877	427.024
77.2062	413.643
98.0043	355.232
108.219	289.601
114.835	285.792
113.108	374.732
137.406	335.362
135.031	444.179
170.284	359.788
196.526	295.566
196.526	295.566
248.631	171.599
269.731	118.519
269.731	118.519
380.355	204.366
380.355	204.366
378.74	295.111
378.74	295.111
377.881	359.586
381.427	359.659
376.575	444.987
426.793	31.6775
431.926	28.6956
458.796	24.3478
462.415	52.0374
473.178	82.2322
479.964	100.619
507.432	174.501
507.432	174.501
535.284	249.925
535.284	249.925
632.499	85.8326
639.247	71.9133
613.561	452.471
613.561	452.471
654.604	90.1005
671.706	135.415
682.227	104.067
703.598	137.988
721.95	122.909
64.0596	285.743
64.8895	329.251
67.1528	394.535
72.1287	449.071
89.9376	294.322
97.9754	355.263
98.3044	396.17
170.262	359.806
170.262	359.806
196.755	295.534
217.991	245.18
235.2	204.905
235.2	204.905
248.785	171.648
368.497	27.1606
373.551	27.2461
380.368	204.297
380.368	204.297
379.495	244.685
378.747	295.089
377.892	359.561
381.433	359.551
431.98	28.8281
431.98	28.8281
462.347	52.05
467.777	62.5796
496.576	146.223
535.276	249.926
535.276	249.926
555.016	300.849
555.016	300.849
634.19	89.1701
640.401	73.1238
642.53	102.424
654.508	90.1813
671.86	135.657
696.709	105.818
703.984	138.07
721.469	122.573
724.759	108.273
