55.8487	304.387
53.8496	355.37
64.3237	306.911
67.2618	394.564
66.7877	427.024
77.2062	413.643
98.0043	355.232
108.219	289.601
114.835	285.792
113.108	374.732
137.406	335.362
135.031	444.179
170.284	359.788
196.526	295.566
196.526	295.566
248.631	171.599
269.731	118.519
269.731	118.519
380.355	204.366
380.355	204.366
378.74	295.111
378.74	295.111
377.881	359.586
381.427	359.659
376.575	444.987
426.793	31.6775
431.926	28.6956
458.796	24.3478
462.415	52.0374
473.178	82.2322
479.964	100.619
507.432	174.501
507.432	174.501
535.284	249.925
535.284	249.925
632.499	85.8326
639.247	71.9133
613.561	452.471
613.561	452.471
654.604	90.1005
671.706	135.415
682.227	104.067
703.598	137.988
721.95	122.909
64.0596	285.743
64.8895	329.251
67.1528	394.535
72.1287	449.071
89.9376	294.322
97.9754	355.263
98.3044	396.17
170.262	359.806
170.262	359.806
196.755	295.534
217.991	245.18
235.2	204.905
235.2	204.905
248.785	171.648
368.497	27.1606
373.551	27.2461
380.368	204.297
380.368	204.297
379.495	244.685
378.747	295.089
377.892	359.561
381.433	359.551
431.98	28.8281
431.98	28.8281
462.347	52.05
467.777	62.5796
496.576	146.223
535.276	249.926
535.276	249.926
555.016	300.849
555.016	300.849
634.19	89.1701
640.401	73.1238
642.53	102.424
654.508	90.1813
671.86	135.657
696.709	105.818
703.984	138.07
721.469	122.573
724.759	108.273
55.8784	304.407
71.7128	274.259
67.3313	394.557
81.4696	396.633
97.9354	355.201
97.9354	355.201
135.058	444.167
170.322	359.773
170.322	359.773
196.604	295.547
235.026	204.948
235.026	204.948
248.892	171.537
260.71	143.008
269.898	118.516
324.706	19.7043
379.488	244.669
379.488	244.669
378.744	295.031
378.744	295.031
377.877	359.538
381.415	359.936
376.582	445.032
419.777	28.9449
426.89	31.8175
473.153	82.182
487.677	121.767
496.335	146.219
535.285	249.918
535.285	249.918
640.303	73.0836
613.613	452.455
654.523	89.9903
671.866	135.576
686.353	130.502
696.733	105.746
703.983	138.088
715.59	104.064
721.458	122.602
55.8126	304.384
64.2436	306.882
66.1766	361.399
67.6732	394.671
66.8833	427.281
87.2227	393.3
97.8259	355.139
170.36	359.776
170.36	359.776
286.233	79.273
286.233	79.273
380.36	204.284
380.36	204.284
379.503	244.638
379.503	244.638
378.754	295.064
378.754	295.064
377.873	359.653
377.873	359.653
426.829	31.8182
431.934	28.7463
462.191	51.999
473.211	82.2094
496.411	146.208
507.407	174.504
519.8	208.689
535.189	249.923
535.189	249.923
633.683	88.4343
613.526	452.422
654.368	89.8077
671.737	135.473
671.737	135.473
682.267	104.205
689.363	145.312
696.951	105.933
703.973	138.064
724.835	108.28
79.9626	298.246
72.273	449.087
81.3245	396.438
87.3017	393.316
97.8899	355.189
97.8899	355.189
107.696	289.723
137.433	335.429
135.059	444.205
135.059	444.205
170.275	359.782
196.615	295.555
196.615	295.555
248.671	171.603
269.747	118.554
269.747	118.554
373.767	27.1766
381.353	142.769
380.78	170.862
395.837	29.012
380.344	204.306
380.344	204.306
399.991	30.0747
379.487	244.614
379.487	244.614
378.718	295.042
377.825	359.325
418.464	35.0371
535.275	249.914
535.275	249.914
554.991	300.883
613.488	452.395
671.983	135.686
671.983	135.686
688.801	145.208
