29.5654	317.895
40.4803	284.913
40.4803	284.913
41.9147	350.604
45.2747	309.156
58.0604	459.591
66.5997	361.166
66.6856	427.07
67.4598	394.578
72.4723	449.232
81.4567	396.572
89.9404	294.338
97.7481	355.041
97.7481	355.041
108.284	289.576
115.182	285.935
135.105	444.177
135.105	444.177
137.434	335.316
170.252	359.802
217.916	245.147
217.916	245.147
248.857	171.617
380.413	204.332
378.743	295.024
378.743	295.024
377.919	359.526
454.959	26.635
459.144	24.3498
580.878	365.884
631.56	83.6467
639.176	71.472
672.715	47.3543
675.623	59.0701
687.743	131.713
688.687	145.177
710.567	66.4154
713.282	146.519
724.883	108.196
728.738	442.968
738.132	120.41
32.8315	263.96
40.342	284.88
57.7107	459.702
64.1807	306.879
66.7053	427
67.3263	394.605
70.3223	326.25
71.5989	448.865
75.4161	348.888
75.4161	348.888
87.0415	393.088
88.0272	317.448
89.9444	294.354
97.848	355.126
97.848	355.126
115.212	286.194
135.103	444.174
170.24	359.775
170.24	359.775
217.999	245.14
217.999	245.14
248.821	171.631
278.238	97.5421
278.238	97.5421
379.501	244.631
380.395	204.337
378.747	295.047
378.747	295.047
377.921	359.485
455.204	26.6136
555.062	300.887
580.858	365.887
580.858	365.887
624.744	49.7306
631.598	83.6234
638.942	71.7897
671.671	135.481
675.57	58.9178
689.016	145.264
696.919	105.766
713.257	146.482
724.923	108.318
738.061	120.433
28.984	317.839
40.3446	285.001
45.2031	309.143
58.0292	269.309
57.6839	459.783
66.6052	361.179
66.7246	427.098
67.5404	394.637
71.7021	448.858
75.429	348.875
81.5649	396.663
87.0869	393.103
87.9757	317.421
89.899	294.349
97.7545	355.051
97.7545	355.051
107.906	289.581
115.265	285.939
135.05	444.15
170.225	359.767
170.225	359.767
217.968	245.144
217.968	245.144
235.03	204.931
248.747	171.623
278.244	97.5235
278.244	97.5235
380.411	204.341
380.411	204.341
378.759	295.026
455.156	26.5343
580.923	365.916
631.616	83.653
639.158	71.4739
653.501	46.2658
671.695	135.51
675.637	59.0066
687.906	131.804
710.488	66.3077
713.368	146.54
722.455	123.199
724.884	108.248
40.429	284.915
40.429	284.915
42.0533	350.59
62.3435	323.346
66.7024	427.15
67.0104	336.934
67.4278	394.619
69.8305	352.709
81.5071	396.694
89.8573	294.362
97.7015	354.988
108.412	289.655
114.862	286.048
120.862	326.313
135.118	444.159
170.302	359.776
218.008	245.153
218.008	245.153
248.836	171.623
380.389	204.314
378.758	295.027
378.758	295.027
381.577	359.345
454.902	26.5847
507.433	174.532
555.041	300.87
555.041	300.87
580.92	365.901
631.599	83.7478
639.068	71.6972
671.937	135.708
675.632	58.9973
688.019	131.909
690.651	41.1577
710.445	66.3858
722.404	123.186
724.884	108.235
738.129	120.465
40.3975	284.91
42.0392	350.561
48.4397	286.671
57.8365	459.705
67.0769	336.917
67.4018	394.562
70.5375	330.774
72.0053	448.981
75.1803	366.553
81.3452	396.514
87.1769	393.272
87.9196	317.499
89.8503	294.366
97.8604	355.129
97.8604	355.129
135.038	444.157
170.275	359.775
170.275	359.775
196.529	295.561
217.912	245.156
380.409	204.33
378.756	295.046
378.756	295.046
455.112	26.653
580.903	365.89
580.903	365.89
631.569	83.7227
639.12	71.5057
671.683	135.514
672.816	47.3813
675.6	58.9787
689.185	145.296
710.53	66.4328
722.192	123.025
724.874	108.268
738.26	120.42
