45.2898	309.103
54.0434	355.133
66.6699	427.161
70.3099	322.319
70.0107	352.612
84.3347	372.924
87.0397	393.022
97.1638	283.758
97.8384	355.008
107.708	289.476
137.495	335.342
135.04	444.18
135.04	444.18
170.21	359.805
170.21	359.805
196.625	295.522
196.625	295.522
269.817	118.481
269.817	118.481
369.018	27.0585
379.514	244.67
379.514	244.67
378.744	295.064
378.744	295.064
377.892	359.584
395.712	29.0298
381.441	359.878
455.832	48.4121
460.919	17.5631
460.919	17.5631
473.162	82.2034
519.778	208.663
555.105	300.908
555.105	300.908
596.335	49.7158
573.178	479.76
625.471	30.9894
630.745	82.9447
613.653	452.537
664.757	83.4284
672.71	47.4095
671.693	135.543
671.693	135.543
690.34	40.9869
689.109	145.211
696.844	105.642
710.564	66.3809
713.517	146.548
725.062	108.337
42.0038	350.579
57.9836	268.931
63.9046	285.785
57.5025	459.801
64.1661	306.909
67.3828	394.558
69.7096	352.64
72.1642	448.984
80.5674	269.041
81.3181	396.432
87.3532	393.393
96.9228	283.716
97.8212	355.073
97.8212	355.073
98.6615	395.164
108.277	289.625
135.062	444.211
170.416	359.782
170.416	359.782
217.998	245.155
269.806	118.545
269.806	118.545
381.43	142.753
381.43	142.753
380.399	204.308
377.896	359.566
376.57	445.055
381.239	359.676
419.786	29.1677
419.786	29.1677
431.909	28.5995
458.582	24.7858
496.534	146.208
519.723	208.658
535.386	462.158
555.075	300.873
555.075	300.873
595.483	49.1175
580.927	365.932
607.814	35.2463
613.573	452.452
613.573	452.452
639.12	71.6856
653.351	46.1935
654.172	89.7527
671.688	135.518
671.688	135.518
682.182	104.229
704.115	138.114
713.227	146.522
715.756	104.067
725.029	108.358
53.9808	355.14
62.4573	323.373
67.4744	394.607
69.9888	352.721
81.1363	269.663
81.372	396.493
90.0045	294.293
87.3651	393.489
97.8715	355.11
97.8715	355.11
98.7607	394.592
108.328	289.632
120.862	326.589
135.075	444.212
170.424	359.757
170.424	359.757
217.967	245.162
235.011	204.954
260.629	143.003
381.429	142.744
381.429	142.744
380.399	204.326
380.399	204.326
377.9	359.579
376.578	444.965
376.578	444.965
381.416	359.484
419.781	29.1056
419.781	29.1056
426.789	31.8161
431.923	28.6765
496.45	146.203
554.976	300.882
554.976	300.882
595.454	48.9779
580.944	365.93
580.944	365.93
608.061	35.4037
596.914	463.809
631.775	83.4422
639.281	71.5243
653.367	46.2182
654.252	89.8655
688.453	132.147
688.793	145.275
697.025	105.816
697.025	105.816
704.321	138.179
713.315	146.556
41.9107	350.632
62.3361	323.276
62.3361	323.276
67.1561	394.594
66.711	427.016
70.5867	458.733
74.5061	366.28
71.9025	448.82
87.1385	393.127
97.753	355.016
98.6934	394.842
108.37	289.574
137.585	335.298
135.103	444.234
135.103	444.234
170.345	359.772
170.345	359.772
218.005	245.147
218.005	245.147
269.765	118.51
269.765	118.51
381.433	142.721
381.433	142.721
380.411	204.318
380.411	204.318
377.891	359.57
376.567	444.909
381.436	359.86
419.804	29.1296
419.804	29.1296
455.375	48.4166
462.436	52.0011
519.701	208.659
555.008	300.892
555.008	300.892
558.607	448.173
595.432	48.928
580.937	365.914
580.937	365.914
624.735	49.6653
653.38	46.1929
671.686	135.495
677.141	60.3601
675.13	121.093
682.19	104.168
688.352	132.104
697.046	105.879
704.089	138.089
710.214	66.3852
709.509	143.929
724.784	108.29
41.9755	350.57
54.1287	355.157
58.7046	269.843
64.3003	306.922
69.8507	322.178
67.3345	394.542
72.0318	448.891
81.3445	396.502
87.3809	393.492
97.9428	355.181
97.9428	355.181
98.5961	395.12
108.148	289.628
120.827	326.57
135.098	444.192
135.098	444.192
170.411	359.749
170.411	359.749
217.991	245.165
260.692	142.965
269.758	118.515
269.758	118.515
381.439	142.713
381.439	142.713
380.388	204.338
380.388	204.338
377.9	359.565
376.561	444.996
381.224	359.779
419.76	29.1256
419.76	29.1256
431.933	28.6777
458.599	24.7471
496.516	146.198
555.005	300.884
555.005	300.884
595.447	49.0086
580.943	365.93
580.943	365.93
607.807	35.1974
594.213	466.679
639.123	71.6932
653.407	46.1996
654.249	89.8645
671.73	135.558
671.73	135.558
682.159	104.131
704.784	138.224
710.228	66.3715
713.229	146.534
724.863	108.326
738.344	120.871
