34.2867	314.495
36.5695	307.133
40.3992	284.91
48.4127	286.432
57.7277	459.757
66.6819	427.194
71.172	459.635
75.165	348.651
75.165	348.651
79.9276	298.143
81.3494	396.512
87.2812	393.259
87.9118	317.46
107.826	289.555
135.086	444.149
135.086	444.149
170.292	359.774
170.292	359.774
196.667	295.535
235.081	204.883
235.081	204.883
269.826	118.513
376.622	444.972
377.925	359.526
377.925	359.526
378.768	295.061
378.768	295.061
380.407	204.332
454.925	26.6111
496.434	146.182
496.434	146.182
555.039	300.872
555.039	300.872
613.654	452.508
613.654	452.508
624.705	49.7781
641.726	101.81
653.483	46.2498
671.797	135.585
671.797	135.585
675.574	59.4239
690.704	41.1096
697.015	105.697
710.77	66.4429
728.45	443.14
738.497	120.679
32.9994	263.997
36.6415	307.12
40.4931	284.815
42.0158	350.499
58.1066	459.449
64.1419	299.955
66.7125	427.266
69.6064	352.531
71.2244	459.635
79.9853	298.094
80.8395	269.516
87.1483	393.105
87.9071	317.491
108.142	289.556
135.015	444.135
135.015	444.135
170.272	359.779
170.272	359.779
196.676	295.53
269.901	118.513
286.294	79.2919
286.294	79.2919
376.603	444.972
377.915	359.533
378.775	295.061
378.775	295.061
380.382	204.315
454.866	26.6149
535.347	249.908
535.347	249.908
554.958	300.87
554.958	300.87
580.913	365.904
613.66	452.503
613.66	452.503
624.717	49.805
641.557	101.476
653.505	46.2024
671.684	135.512
671.684	135.512
675.71	59.5119
690.714	41.0647
703.683	138.029
703.683	138.029
710.519	66.3637
728.558	443.183
36.4915	307.141
40.3884	326.575
41.9759	350.473
44.9534	266.191
48.3938	286.429
57.6775	459.761
66.6967	427.122
67.7107	394.683
71.1483	459.519
69.9837	352.631
81.427	396.608
80.8074	269.483
87.0945	393.064
87.9214	317.475
89.8889	294.294
90.6604	343.353
108.171	289.566
135.061	444.131
135.061	444.131
170.208	359.783
170.208	359.783
196.671	295.53
260.645	143.033
376.625	445.036
377.918	359.568
378.757	295.039
378.757	295.039
455	26.6806
535.317	249.915
535.317	249.915
555	300.872
555	300.872
613.623	452.485
613.623	452.485
624.745	49.8189
653.864	89.6157
653.47	46.2055
675.744	59.5692
689.482	145.316
690.743	41.1126
710.694	66.4198
713.177	146.53
728.655	443.145
34.4126	314.529
40.5263	284.867
41.9682	350.538
48.3503	286.498
57.9816	459.821
64.1473	306.784
66.6397	427.098
71.1681	459.541
75.484	348.808
79.9423	298.091
81.5386	396.651
80.8762	269.467
87.2125	393.201
87.9554	317.501
107.944	289.59
113.517	375.382
135.002	444.182
135.002	444.182
170.282	359.77
170.282	359.77
196.631	295.531
260.662	143.038
376.611	445.004
377.919	359.534
378.77	295.042
378.77	295.042
379.515	244.647
380.399	204.327
473.081	82.1812
554.986	300.866
554.986	300.866
580.922	365.931
580.922	365.931
613.703	452.512
613.703	452.512
624.686	49.7643
641.529	101.424
653.48	46.2136
671.776	135.577
671.776	135.577
675.568	59.3225
682.222	104.107
690.57	41.051
710.434	66.3562
725.018	108.325
728.508	443.117
36.5812	307.142
40.2728	326.63
40.5785	284.946
48.4224	286.486
66.6761	427.19
66.4749	361.224
66.9959	394.52
71.0792	459.487
69.5715	352.46
79.846	298.135
80.9089	269.506
87.1452	393.117
89.8455	294.323
90.6437	343.349
97.7197	355.05
108.055	289.627
135.037	444.164
135.037	444.164
170.238	359.773
170.238	359.773
196.645	295.533
260.573	143.049
376.62	444.912
377.912	359.543
378.764	295.046
378.764	295.046
379.498	244.648
380.403	204.315
381.452	359.621
455.045	26.5984
458.727	24.6268
535.318	249.921
535.318	249.921
554.997	300.863
554.997	300.863
613.667	452.499
653.432	46.1874
653.949	89.6408
672.87	47.5991
675.65	59.4685
690.65	41.1035
703.641	138.025
703.641	138.025
710.712	66.4589
728.56	443.146
