-4007.93	803.903	4440.95
-4004.2	369.507	4468.94
-3947.14	842.001	4491.73
-3775.51	2258.46	4318.13
-3620.76	2460.12	4209.36
-3693.57	373.431	4448.87
-3687.49	1937.91	4435.53
-3316.39	1361.12	4236.97
-3316.39	1361.12	4236.97
-3481.38	644.889	4622.74
-3792.73	1501.54	5655.64
-3098.86	2585.27	4553.94
-3049.18	1750.06	5267.63
-3049.18	1750.06	5267.63
-2988.82	-697.435	7497.4
-2988.82	-697.435	7497.4
19.7076	-2255.62	8587.05
19.7076	-2255.62	8587.05
-4.17108	-672.599	7150.7
-18.9485	103.94	6477.78
-29.1632	875.216	5703.55
-29.1632	875.216	5703.55
-36.6435	1634.46	4960.77
11.4614	1630.47	4941.59
1621.19	-7259.76	12712.9
1818.09	-7471.96	12877.5
2470.51	-6697.65	11007.7
2470.51	-6697.65	11007.7
2698.41	-5468.73	11265.5
2614.86	186.533	6167.93
2614.86	186.533	6167.93
2589.56	918.356	5406.47
2589.56	918.356	5406.47
2605.67	1648.63	4723.11
6205.02	-5314.32	10254.2
7486.79	-4097.62	9841.42
6599.14	-3617.98	8333.02
7372.02	-3299.81	8763.29
6989.91	-4330.58	8180.03
1519.41	939.271	1891.18
7403.24	-3123.13	8383.22
7122.31	-2228.26	7891.78
7424.86	-2073.8	7988.65
8956.85	-3413.6	9289.74
-4283.73	338.303	4585.62
-4043.28	809.928	4478.81
-4157.52	383.029	4638.19
-3305.55	2253.06	3656.43
-3785.99	1000.07	4284.57
-3725.09	1842.85	4268.81
-3506.59	2381.01	4073.52
-3705.72	1950.51	4459.57
-3321.95	1362.77	4243.09
-3321.95	1362.77	4243.09
-3897.93	676.139	5308.65
-3558.98	1193.2	4985.92
-3091.22	2579.46	4543.76
-3034.6	1741.86	5242.76
-3034.6	1741.86	5242.76
-3023.44	-705.802	7584.52
-3023.44	-705.802	7584.52
-18.9998	103.785	6478.86
-18.9998	103.785	6478.86
-28.8317	874.559	5698.96
-36.4804	1634.32	4957.58
11.6217	1633.1	4951.82
1622.77	-7261.94	12736.1
1805.1	-7406.29	12770.2
2454.54	-6655.21	10937.9
2454.54	-6655.21	10937.9
2515.02	-5057.66	10428.5
2642.78	-4473.49	10390.2
2634.39	-1336.17	7578.2
2622.41	187.305	6188.05
2622.41	187.305	6188.05
2576.84	914.149	5381.52
2576.84	914.149	5381.52
2595.03	1641.85	4703.81
6467.21	-5540.05	10686.7
7510.93	-4112.38	9873.82
1397.93	797.236	1920.62
1397.93	797.236	1920.62
6699.01	-3672.15	8459.3
7302.6	-3268.67	8679.08
7265.88	-4504.93	8509.18
7239.48	-2527.69	8449.66
1488.44	844.638	1778.14
7580.33	-3197.93	8583.77
8260.19	-3141.49	8553.63
-4031.24	807.489	4465.76
-3998.66	368.915	4463.47
-4044.32	594.215	4601.78
-3857.73	431.735	4505.06
-3743.44	2241.63	4282.26
-3391.85	1238.96	3933.5
-3364.14	2394.26	3896.69
-3499	2374.6	4064.69
-3678.7	2018.39	4344.22
-3311.94	1358.29	4230.52
-3704.86	653.643	5057.44
-3540.37	1188.38	4962.21
-3114.16	2597.97	4576.15
-3064.21	1758.16	5292.06
-3064.21	1758.16	5292.06
-3011.7	-702.488	7554.4
-3042.32	-4194.49	10809.4
-4.03088	-673.26	7156.94
-36.8995	1637.41	4967.66
11.741	1630.53	4946.43
1627.07	-7283.96	12773.6
1772.24	-7240.23	12499.1
2724.75	-6855.85	12966
2503.7	-6797.29	11168.6
2474.28	-4974.29	10256.1
2615.87	186.582	6171.16
2615.87	186.582	6171.16
2585.15	916.888	5398.39
2585.15	916.888	5398.39
2599.21	1644.2	4710.63
2599.21	1644.2	4710.63
6560.02	-5621.82	10844
6736.47	-5202.65	9898.5
6969.75	-4516.2	9703.07
7191	-3925.06	9444.1
6474.78	-3548.19	8174.4
7373.85	-3301.51	8764.24
7351.9	-2560.57	8573.45
7206.44	-3037.02	8154.6
7372.15	-2059.38	7932.33
8881.51	-3382.82	9208.32
-4005.36	803.623	4437.65
-3985.79	365.423	4445.91
-3752.71	1330.94	4131.1
-3745.79	2242.01	4284.55
-3404.29	2421.11	3941.88
-3404.29	2421.11	3941.88
-3667.35	2009.69	4332.55
-3803.16	721.295	4727.44
-3307.78	1356.34	4225.87
-3787.35	665.735	5163.52
-3564.27	1195.9	4995.7
-3093.69	2581.32	4547.24
-3059.37	1755.79	5284.51
-3059.37	1755.79	5284.51
-2981.07	-696.189	7484.33
-2981.07	-696.189	7484.33
19.8706	-2253.23	8577.76
-3.79675	-671.134	7134.23
11.8067	1632.45	4945.38
1610.98	-7204.9	12634.9
1827.76	-7511.05	12946.9
2484.56	-6740.27	11076.7
2484.56	-6740.27	11076.7
2602.75	185.881	6138.18
2602.75	185.881	6138.18
2576.77	913.95	5380.47
2576.77	913.95	5380.47
2599.22	1644.68	4711.74
6409.19	-5482.67	10587.7
7001.41	-4537.84	9748.79
6841.01	-3730.05	8979.64
6651.67	-3647.33	8399.89
6554.44	-2324.46	8088.55
6554.44	-2324.46	8088.55
1576.01	770.554	1995.38
1576.01	770.554	1995.38
7261.82	-3246.47	8629.92
6998.31	-2943.44	7912.61
7576.73	-2201.63	8262.78
8370.14	-3184.44	8668.7
1672.78	747.177	1797.57
4252.38	-2278.83	5547.46
4110.75	-1636.74	5249.57
4456.89	-1691.52	4618.74
1692.42	1385.32	1708.38
2021.07	1116.8	1768.81
1916.22	987.092	1593.18
2612.62	925.848	2157.68
