-4197.7	386.461	4684
-4205.68	617.073	4786.29
-4088.33	872.33	4654.51
-3659.02	1808.55	4193.58
-3663.51	2192.99	4190.65
-3618.34	1319.28	4196.27
-3732.52	1542.09	4382.21
-4016.55	409.39	4837.77
-3710.64	687.308	4933.58
-3784.74	1276.55	5278.26
-2963.97	2473.54	4354.58
-2963.97	2473.54	4354.58
-2915.63	1674.04	5036.43
-2915.63	1674.04	5036.43
-2845.17	-1450.89	7879.68
-2845.17	-1450.89	7879.68
-2815.18	-3887.42	10011.9
-2815.18	-3887.42	10011.9
18.5125	-2200.02	8386.17
-28.3789	868.202	5655.81
-28.3789	868.202	5655.81
528.322	-7291.6	12610
11.1527	1626.73	4936.05
1589.45	-7124.06	12480.3
2547.79	-6980.71	11817.8
2662.81	-6079.47	11814.3
2511.59	-5089.42	10484.6
2626.19	-4439.77	10310.4
2630.39	-2102.62	8276.15
2630.39	-2102.62	8276.15
2644.76	-574.146	6938.77
2634.13	933.563	5500.31
2634.13	933.563	5500.31
2658.54	1681.41	4818.95
2658.54	1681.41	4818.95
6465.32	-4975.03	9486.77
6838.94	-3733.19	8977.68
7406.08	-3314.92	8802.4
6881.99	-4240.84	8039.4
6760.12	-3651.1	7849.34
6414.11	-2230.88	7468.93
7440.57	-2264.61	8655.67
7003.46	-2947.59	7920.31
7404.18	-3870.29	8327.2
7680.94	-2403.41	8506.97
7589.18	-3978.55	8206.07
9258.14	-3529.24	9601.52
-4185.86	838.021	4638.01
-4272.26	394.761	4768.12
-4095.32	873.585	4660.36
-3674.22	2198.38	4202.35
-3513.8	2387.92	4085.1
-3942.93	399.493	4749.24
-3624.19	1905.34	4359.48
-3418.26	1399.26	4366.71
-3418.26	1399.26	4366.71
-3619.29	670.743	4805.89
-3563.62	1410.68	5313.98
-2947.74	2459.94	4332.02
-2907.08	1669.18	5022.25
-2907.08	1669.18	5022.25
-2836.95	-660.366	7116.26
-2836.95	-660.366	7116.26
19.0095	-2208.32	8415.59
19.0095	-2208.32	8415.59
-4.16099	-661.957	7047.17
-18.72	102.868	6399.49
-28.9494	869.866	5666.26
-28.9494	869.866	5666.26
-36.393	1631.04	4947.23
11.4382	1631.22	4944.48
1579.3	-7071.94	12382.8
1774.43	-7292.5	12568.2
2489.1	-6748.01	11091.5
2489.1	-6748.01	11091.5
2661.48	-5393.6	11112
2659.6	189.588	6273.47
2659.6	189.588	6273.47
2650.56	939.582	5533.92
2650.56	939.582	5533.92
2681.53	1696.61	4860.62
6020.27	-5160.56	9944.55
7785.11	-4256.53	10236.2
6519.17	-3573.53	8232.42
7470.88	-3342.98	8881.37
6778.36	-4196.95	7934.62
1384.13	858.757	1720.66
7359.95	-3105.48	8333.88
7202.87	-2254.37	7980.7
7624.86	-2130.07	8203.7
9256.89	-3527.47	9601.18
-4537.06	360.669	4856.85
-4209.99	841.792	4663.41
-4375.07	405.391	4880.94
-3359.47	2290.46	3716.18
-3953.89	1043.23	4474.5
-3722.68	1840.54	4265.91
-3458.24	2345.95	4016.99
-3633.39	1913.35	4372.64
-3421.28	1400.18	4369.6
-3421.28	1400.18	4369.6
-3860.85	675.536	5258.43
-3505.21	1180.46	4911.1
-2942.63	2456.3	4325.53
-2898.02	1664.16	5006.91
-2898.02	1664.16	5006.91
-2858.81	-665.592	7171.35
-2858.81	-665.592	7171.35
-18.7693	102.839	6399.98
-18.7693	102.839	6399.98
-28.6199	869.362	5662.34
-36.306	1631.71	4947.54
11.5693	1633.59	4954.54
1568.53	-7017.85	12300.7
1760.9	-7224.69	12455.5
2473.6	-6706.85	11023.4
2473.6	-6706.85	11023.4
2501.92	-5031.37	10374
2616.11	-4428.17	10285.6
2651.54	-1344.94	7627.49
2667.35	190.203	6294.1
2667.35	190.203	6294.1
2638.14	935.317	5509.65
2638.14	935.317	5509.65
2671.36	1689.97	4842.24
6309.37	-5408.69	10422.1
7792.73	-4262.82	10246.6
1321.67	755.982	1814.65
1321.67	755.982	1814.65
6624.66	-3630.99	8365.67
7363.6	-3295.44	8751.86
7074.57	-4383.95	8287.14
7393.59	-2582.74	8629.04
1361.52	773.116	1626.2
7593.18	-3203.63	8598.18
8319.58	-3163.3	8615.51
-4201.38	840.226	4654.17
-4267.96	394.375	4764.09
-4224.72	619.387	4807
-4088.74	458.659	4774.87
-3657.07	2189.85	4183.45
-3591.96	1308.05	4165.18
-3350.66	2383.2	3880.83
-3447.2	2338.77	4004.4
-3614.53	1985.32	4268.74
-3413.85	1396.98	4360.35
-3740.26	662.052	5105.87
-3493.9	1177.67	4897.55
-2955.61	2466.75	4343.38
-2916.32	1674.04	5036.77
-2916.32	1674.04	5036.77
-2851.47	-663.514	7152.32
-2832.55	-3908.86	10065.7
-4.01744	-662.573	7052.04
-36.5972	1633.15	4950.99
11.8	1629.79	4942.77
1571.11	-7031.98	12324
1727.8	-7057.99	12179.6
2613.17	-6576.34	12428.3
2521.02	-6844.23	11247.5
2466.71	-4959.1	10224.5
2660.69	189.586	6276.88
2660.69	189.586	6276.88
2646.34	938.102	5526.27
2646.34	938.102	5526.27
2676.88	1693.07	4851.52
2676.88	1693.07	4851.52
6411.2	-5497.96	10594.4
6695.98	-5170.97	9839.38
6959.95	-4510.18	9689.19
7299.99	-3983.49	9587.88
6376.94	-3494.03	8051.24
7461.8	-3340.08	8869.2
7558.39	-2633.07	8814.01
7112.99	-2998.39	8048.48
7549.07	-2109.36	8122.51
9181.69	-3496.17	9520.04
-4185.58	837.706	4637.21
-4259.87	391.481	4751.64
-3893.01	1378.44	4285.33
-3657.65	2189.45	4183.76
-3375.3	2399.18	3908.09
-3375.3	2399.18	3908.09
-3607.6	1979.13	4262.26
-3911.75	741.375	4862.4
-3410.65	1395.51	4356.96
-3789.04	671.115	5166.06
-3509.98	1182.26	4920.05
-2943.64	2457.08	4326.9
-2912.21	1672.38	5030.5
-2912.21	1672.38	5030.5
-2831.25	-659.41	7107.98
-2831.25	-659.41	7107.98
19.145	-2206.63	8409.87
-3.79706	-660.781	7034.36
11.7973	1632.71	4946.41
1564.4	-6995.71	12263.5
1779.03	-7310.6	12599.9
2503	-6790.23	11160.2
2503	-6790.23	11160.2
2647.69	188.892	6244.17
2647.69	188.892	6244.17
2638.08	935.116	5508.61
2638.08	935.116	5508.61
2676.44	1693.32	4851.82
6212.56	-5319.29	10258.2
6973.66	-4520.7	9709.54
6842.21	-3731	8981.03
6587.42	-3611.28	8319.29
6628.54	-2352.77	8179.22
6628.54	-2352.77	8179.22
1481.07	723.519	1875.47
1481.07	723.519	1875.47
7280.07	-3254.97	8651.43
6859.91	-2886.02	7755.73
7756.25	-2256.79	8457.5
8507.21	-3235.08	8811.41
1534.46	679.616	1651.8
