-3607.21	253.938	3722.87
-3829.25	513.544	4042.65
-3096.55	2112.78	3428.16
-3571.82	762.698	4065.67
-3504.18	2094.11	4003.83
-3279.86	1623.96	3762
-3398.61	952.859	3946.35
-3288.96	2227.76	3814.45
-3131.98	1123.97	3697.46
-3131.98	1123.97	3697.46
-3471.92	1819.95	4258.92
-3418.16	915.022	4217.95
-3470.53	658.605	4313.23
-3093.21	1266.93	3949.96
-3093.21	1266.93	3949.96
-3460.43	617.152	4721.79
-2925.42	2439.69	4299.47
-2938.36	1684.07	5074.22
-2938.36	1684.07	5074.22
-2897.66	111.297	6501.36
-2897.66	111.297	6501.36
-2890.72	-1475.02	8003.19
-2852.46	-3940.02	10145.7
-2852.46	-3940.02	10145.7
-19.7583	104.156	6527.23
-4.18576	-673.669	7165.59
-29.0956	879.427	5731.18
-29.0956	879.427	5731.18
-36.6078	1647.41	4996.23
2241.68	-6373.13	10884.3
2741.98	972.81	5724.68
2794.4	1769.04	5065.82
2794.4	1769.04	5065.82
7651.11	-5937.55	11259.8
6819.41	-4225.87	9780.39
7150.67	-4627.98	9948.98
7595.77	-2706.45	9383.86
9004.07	-5499.68	10918.3
7774.44	-2368.63	9050.6
8950.92	-3776.13	10128.8
8513.61	-2374.13	9161.85
9855	-3748.93	10209.2
10340.4	-3436.06	10307.2
-3592.92	801.374	3663.77
-3797.88	510.087	4009.61
-3630.43	755.295	3889.65
-3363.62	310.8	3754.3
-3187.52	2174.01	3528.8
-3373.12	1308.45	3864.98
-3493.61	2088.72	3992.03
-3176.34	1574.17	3645.83
-3313.02	2245.26	3843.6
-3153.29	1132.1	3722.71
-3446.43	1814.25	4147.11
-3457.67	1812.65	4242.16
-3423.18	915.892	4223.39
-3488.75	661.463	4335.22
-3110.01	1272.4	3970.08
-3110.01	1272.4	3970.08
-3377.08	625.329	4481.64
-3443.4	607.927	4699.8
-2939.04	2450.23	4318.54
-2929.88	1679.24	5059.18
-2929.88	1679.24	5059.18
-2870.22	110.286	6438.59
-2870.22	110.286	6438.59
-2921.37	-681.348	7323.61
-2910.36	-1484.35	8053.01
-2892.76	-3996.25	10289.5
-2892.76	-3996.25	10289.5
-3.84523	-671.911	7144.92
-3.84523	-671.911	7144.92
-28.9154	879.2	5731.84
2242.35	-6381.15	10894.6
2777.86	1758.46	5034.17
6882.77	-4262.29	9870.7
7194.25	-4658.79	10001
8512.66	-6018.48	11172.4
7654.92	-2725.49	9456.2
9017.29	-5504.73	10931.8
8321.96	-2908.33	9717.99
8757.2	-4592.63	9459.33
8258.77	-2301.11	8884.53
9091.6	-3087.51	9497.82
10004.6	-3806.96	10365.6
-3784.29	507.944	3996.26
-3784.29	507.944	3996.26
-3435.5	1128.18	3641.53
-3470.74	916.33	3925.8
-3508.73	2097.93	4009.05
-3436.64	1069.58	3945.93
-3198.65	1584.05	3670.12
-3154.83	1150.66	3654.75
-3477.75	1830.73	4183.97
-3486.73	661.203	4332.07
-3108.31	1271.6	3967.05
-3100.42	575.995	4122.34
-3416.79	605.967	4656.01
-3599.78	1210.3	5018.57
-2918.69	2434.17	4289.82
-2926.24	1677.51	5054.82
-2859.32	110.065	6415.69
-2859.32	110.065	6415.69
-2905.16	-1482.73	8044.12
-4.30942	-676.029	7184.16
-28.8926	878.161	5724.96
-28.8926	878.161	5724.96
13.1298	1639.4	4972.09
2359.39	-6736.93	11502.4
2752.49	-1396.47	7915.27
2759.21	978.842	5761.39
2759.21	978.842	5761.39
2785.61	1763.19	5048.32
6850.7	-4243.06	9825.19
7151.37	-4628.73	9944.92
7355.35	-2614.79	9078.19
8861.61	-5410.72	10743.1
8012.11	-2797.94	9352.54
8745.15	-5590.26	10054.8
8634.56	-4527.77	9328.1
9180.08	-3118.43	9591.73
9984.16	-3798.53	10344.4
10109.9	-3358.56	10075.4
-3800.91	509.372	4013.48
-3421.97	1123.31	3627.05
-3734.76	531.999	4043.11
-3183.04	2171.4	3525.56
-3444.36	1072.34	3955.64
-3268.29	1618.51	3749.62
-3398.64	1002.82	3948.84
-3261.33	2213.61	3787.45
-3219.09	1339.85	3795.08
-3543.18	1864.03	4260.04
-3423.52	1796.4	4201.68
-3444.61	921.903	4249.02
-3489.71	661.832	4335.65
-3091.73	1266.11	3948.28
-3091.73	1266.11	3948.28
-2956.75	2464.99	4344.34
-2929.15	1679.1	5059.14
-2929.15	1679.1	5059.14
-2935.34	900.917	5810.57
-2883.5	110.981	6466.11
-3.88283	-672.658	7149.4
-28.9403	879.241	5731.25
-28.9403	879.241	5731.25
2347.46	-6683	11411.7
2787.17	1764.19	5051.58
2787.17	1764.19	5051.58
6931.65	-4292.12	9942.68
7180.21	-4650.5	9982.92
7599.57	-2706.96	9388.16
8982.62	-5893.83	10987.9
8817.01	-5385.25	10690.2
7860.93	-2392.86	9146.12
8520.59	-4466.57	9202.46
9497.1	-3230.87	9929.44
9899.6	-3767.62	10257
10168.6	-3377.67	10130
-3673.82	294.932	3935.23
-3609.06	722.287	3999.08
-3318.4	1397.41	3766.87
-3323.33	1289.75	3807.19
-3370.91	899.125	3910.87
-3124.19	2193.05	3597.49
-3124.19	2193.05	3597.49
-3482.24	1826.64	4272.15
-3467.02	657.62	4308.88
-3082.8	1263.44	3937.83
-3082.8	1263.44	3937.83
-3317.86	1837.55	4239.67
-3294.79	609.659	4373.36
-2919.81	1673.39	5042.54
-2919.81	1673.39	5042.54
-2838.77	872.232	5623.81
-2838.77	872.232	5623.81
-2929.25	-683.144	7340.04
-2903.31	-4011.65	10328.5
18.6888	-2223.08	8468.83
-4.56697	-674.093	7163.86
-4.56697	-674.093	7163.86
-36.9148	1650.28	5004.32
1829.81	-6635.89	12127.1
2506.37	-6389.74	12184.1
2390.51	-6540.14	11050.9
2725.76	-7573.2	12366.4
2750	975.906	5742.07
2750	975.906	5742.07
8039.51	-6823.64	11789.9
7318.82	-4559.07	10532.8
7753.53	-4041.75	10674.7
7830.11	-3148.54	10034.6
8968.89	-5472.08	10880.8
8067.16	-3231.11	9828.84
8299.35	-2868.71	9661.13
8550.29	-3606.42	9668.86
9164.29	-2554.79	9867.9
9622.58	-3657.14	9961.66
