93.2116	367.464
119.568	326.429
151.905	350.792
151.905	350.792
179.761	286.077
179.761	286.077
367.537	131.702
383.532	17.6611
365.521	193.107
365.521	193.107
364.056	233.474
362.288	283.969
360.25	348.785
360.25	348.785
406.186	23.7101
442.82	36.7566
449.884	40.2269
460.051	70.2212
466.747	88.3805
563.997	352.952
647.99	112.349
658.067	121.306
668.301	89.9286
674.496	130.593
682.289	91.1757
151.942	350.793
151.942	350.793
234.651	161.495
234.651	161.495
256.668	108.245
370.326	52.5043
369.69	68.4733
368.432	107.524
383.612	17.7344
365.492	193.106
387.653	18.8802
363.554	348.719
357.47	434.719
357.47	434.719
449.802	40.224
460.128	70.2008
482.539	133.773
504.857	195.919
504.857	195.919
538.895	287.916
657.984	121.17
657.984	121.17
179.693	286.107
179.693	286.107
220.057	195.042
220.057	195.042
300.204	35.1028
334.089	35.8594
364.043	233.431
364.043	233.431
360.251	348.734
363.674	348.845
357.503	434.809
422.644	28.5964
482.555	133.768
482.555	133.768
504.83	195.899
563.978	352.959
629.064	92.7944
658.206	121.295
658.206	121.295
695.086	128.91
18.733	342.377
31.2245	346.989
33.6357	452.423
42.5538	277.075
45.1186	419.305
48.5947	452.051
46.7431	344.364
58.5095	289.548
66.5087	385.632
75.7472	346.351
76.0512	275.02
95.001	277.557
114.932	435.852
119.697	326.293
151.908	350.782
179.659	286.128
179.659	286.128
234.592	161.459
256.493	108.185
265.309	87.0317
357.551	434.782
362.351	283.956
362.351	283.956
364.079	233.418
365.588	193.087
363.891	348.786
367.562	131.604
367.562	131.604
442.841	36.7827
449.865	40.1954
482.552	133.795
482.552	133.795
493.175	161.901
592.543	19.4993
611.382	18.0305
618.298	70.5136
625.037	58.0679
639.334	32.4184
657.95	121.237
661.959	45.4599
674.691	130.645
682.74	91.3494
699.151	131.582
699.151	131.582
710.881	93.5508
706.194	428.565
18.4678	276.56
26.5884	278.137
40.1572	314.844
40.1572	314.844
45.0062	419.32
45.0684	386.43
49.5627	441.087
52.3781	340.322
52.3781	340.322
60.5077	389.059
66.3	385.361
66.9167	309.046
76.1069	346.702
87.0963	280.899
95.6237	277.883
102.077	318.047
114.975	435.895
114.975	435.895
152.043	350.741
152.043	350.741
202.13	235.475
202.13	235.475
265.266	87.0278
265.266	87.0278
365.558	193.075
360.306	348.812
441.795	15.066
538.984	287.929
538.984	287.929
564.065	352.959
617.396	69.6411
624.678	58.1918
658.46	33.4615
661.408	45.0496
674.172	117.422
674.68	130.619
695.259	51.6798
699.042	131.729
708.137	108.345
710.875	93.5012
