18.4468	276.592
18.6923	342.39
34.2274	452.133
42.5127	277.094
42.461	298.276
45.0198	328.475
45.0252	419.261
44.785	386.359
49.6218	441.153
51.7696	357.801
60.2207	388.7
66.2855	385.309
75.9072	346.436
75.9072	346.436
95.5129	277.798
102.167	317.939
114.936	435.89
119.482	326.458
152.024	350.745
152.024	350.745
179.813	286.047
202.113	235.486
202.113	235.486
220.137	194.969
265.506	87.0641
265.506	87.0641
365.561	193.071
365.561	193.071
362.327	283.981
362.327	283.981
360.3	348.787
363.789	348.954
441.762	15.0377
564.038	352.969
595.7	439.607
617.449	69.7663
624.658	58.3083
639.503	32.4084
639.503	32.4084
657.788	121.164
673.971	117.302
682.84	91.2424
699.091	131.731
710.789	93.4742
724.085	105.591
18.3208	276.491
18.3208	276.491
18.6668	342.378
33.7802	452.21
40.1988	314.791
40.1988	314.791
44.9954	419.315
44.4758	386.219
46.8892	344.363
49.8152	441.18
60.3789	388.948
69.1364	285.604
75.7897	346.307
86.5235	281
93.5154	368.104
95.1723	277.603
102.09	317.999
114.866	435.907
152.033	350.774
234.652	161.465
364.079	233.429
362.321	283.978
362.321	283.978
360.299	348.817
363.88	348.857
441.828	15.0805
538.993	287.934
538.993	287.934
564.085	352.971
617.489	69.8717
624.735	58.1787
661.427	44.9958
674.062	117.346
675.158	130.722
675.528	26.7043
695.397	51.7544
698.899	131.695
708.284	108.412
710.955	93.5574
6.01452	309.585
18.4436	276.594
18.4436	276.594
18.6353	342.246
22.9367	300.685
34.0014	452.109
44.3387	352.867
45.0502	419.366
44.518	386.287
49.5033	441.107
60.1906	388.691
69.1614	285.593
75.8961	346.51
75.8961	346.51
87.2771	280.779
95.2896	277.677
114.925	435.88
114.925	435.88
119.524	326.469
151.943	350.752
202.096	235.472
202.096	235.472
234.621	161.487
365.554	193.088
362.317	283.974
362.317	283.974
360.304	348.839
441.914	14.9934
446.043	12.6909
564.051	352.941
617.368	69.5696
624.622	58.3194
658.593	33.5493
661.571	45.0954
673.948	117.285
674.69	130.603
695.295	51.7288
699	131.688
710.919	93.5084
706.063	428.74
724.061	105.516
9.74927	255.15
18.5083	276.612
33.5645	452.386
42.5062	298.311
45.0446	419.349
44.6563	386.307
48.237	317.826
49.2979	441.034
52.3736	340.282
52.3736	340.282
66.2554	385.287
66.9323	309.062
69.1359	285.659
75.9114	346.477
75.9114	346.477
95.6303	277.872
114.874	435.903
152.041	350.748
152.041	350.748
202.211	235.464
202.211	235.464
234.602	161.477
265.341	87.0635
265.341	87.0635
364.082	233.454
365.561	193.108
362.318	283.987
362.318	283.987
360.298	348.839
441.835	15.1285
538.946	287.939
564.038	352.944
564.038	352.944
611.028	36.0335
617.409	69.7473
624.657	58.2804
657.722	121.103
661.478	45.0899
674.87	130.675
682.922	91.3084
699.102	131.71
710.859	93.5113
724.161	105.689
5.67746	309.5
18.3973	276.617
22.8414	300.69
35.0989	260.145
34.0688	452.202
44.2718	352.83
45.0257	419.387
44.3621	386.305
49.5092	441.145
52.4878	340.393
60.3886	388.858
66.2493	385.246
66.8991	309.037
69.1665	285.585
75.8979	346.378
75.8979	346.378
87.6436	280.881
95.649	277.143
114.884	435.886
151.986	350.777
151.986	350.777
202.084	235.464
202.084	235.464
220.206	194.962
234.578	161.474
265.436	87.0581
265.436	87.0581
365.551	193.083
365.551	193.083
362.33	283.967
441.792	15.0766
564.02	352.978
617.486	69.9069
624.897	58.1358
639.516	32.3936
657.798	121.215
661.555	45.114
674.067	117.329
695.371	51.7401
698.99	131.738
708.153	108.353
710.912	93.5418
