-487.522	-926.09	3451.53
331.424	25.8733	4554.73
894.538	95.3615	4639.31
-111.62	194.967	3598.38
510.495	-524.02	3408.3
-13.6651	-128.371	4357.29
941.818	-120.705	4453.53
882.352	928.65	4690.49
-687.595	-303.936	4181.09
-557.639	200.225	3487.98
-218.425	646.233	5160.77
-213.949	360.399	3984.58
958.934	-324.6	4479.47
1242.52	26.1169	4230.27
-762.146	1133.71	3295.36
892.155	734.904	4907.48
-500.63	-286.529	4442.29
-394.979	405.011	4740.7
630.247	419.667	4158.8
-280.928	36.1775	4949.24
642.944	-117.041	3891.4
1320.36	-416.158	3790.85
1086.28	513.178	5319.4
-579.947	-716.851	3564.7
891.99	883.519	4622.24
668.456	-601.995	3949.77
424.637	525.525	3361.07
-736.464	234.659	4260.78
-399.725	-575.573	3436.43
-745.746	-64.856	3219.02
1092.22	-136.1	3273.19
1005.85	206.057	4885.73
-887.26	773.435	4547.04
-139.715	-121.497	4881.19
239.138	-826.454	4721.4
794.549	330.564	5220.1
984.377	286.304	3355.95
1043.39	1019.69	3757.68
-56.5703	-575.221	3200.03
915.945	-384.994	3798.63
-417.515	-644.26	5015.76
-291.025	1096.03	3843.64
14.0258	79.8329	4147.76
-157.885	-503.683	4717
-407.848	-701.355	4149.06
-536.309	71.765	3970.19
903.872	-319.309	4059.24
1084.49	-311.366	3766.81
-698.584	744.207	3363.16
261.378	415.126	3889.89
-487.522	-926.09	3451.53
331.424	25.8733	4554.73
894.538	95.3615	4639.31
-111.62	194.967	3598.38
510.495	-524.02	3408.3
-13.6651	-128.371	4357.29
941.818	-120.705	4453.53
882.352	928.65	4690.49
-687.595	-303.936	4181.09
-557.639	200.225	3487.98
-218.425	646.233	5160.77
-213.949	360.399	3984.58
958.934	-324.6	4479.47
1242.52	26.1169	4230.27
-762.146	1133.71	3295.36
892.155	734.904	4907.48
-500.63	-286.529	4442.29
-394.979	405.011	4740.7
630.247	419.667	4158.8
-280.928	36.1775	4949.24
642.944	-117.041	3891.4
1320.36	-416.158	3790.85
1086.28	513.178	5319.4
-579.947	-716.851	3564.7
891.99	883.519	4622.24
668.456	-601.995	3949.77
424.637	525.525	3361.07
-736.464	234.659	4260.78
-399.725	-575.573	3436.43
-745.746	-64.856	3219.02
1092.22	-136.1	3273.19
1005.85	206.057	4885.73
-887.26	773.435	4547.04
-139.715	-121.497	4881.19
239.138	-826.454	4721.4
794.549	330.564	5220.1
984.377	286.304	3355.95
1043.39	1019.69	3757.68
-56.5703	-575.221	3200.03
915.945	-384.994	3798.63
-417.515	-644.26	5015.76
-291.025	1096.03	3843.64
14.0258	79.8329	4147.76
-157.885	-503.683	4717
-407.848	-701.355	4149.06
-536.309	71.765	3970.19
903.872	-319.309	4059.24
1084.49	-311.366	3766.81
-698.584	744.207	3363.16
261.378	415.126	3889.89
-487.522	-926.09	3451.53
331.424	25.8733	4554.73
894.538	95.3615	4639.31
-111.62	194.967	3598.38
510.495	-524.02	3408.3
-13.6651	-128.371	4357.29
941.818	-120.705	4453.53
882.352	928.65	4690.49
-687.595	-303.936	4181.09
-557.639	200.225	3487.98
-218.425	646.233	5160.77
-213.949	360.399	3984.58
958.934	-324.6	4479.47
1242.52	26.1169	4230.27
-762.146	1133.71	3295.36
892.155	734.904	4907.48
-500.63	-286.529	4442.29
-394.979	405.011	4740.7
630.247	419.667	4158.8
-280.928	36.1775	4949.24
642.944	-117.041	3891.4
1320.36	-416.158	3790.85
1086.28	513.178	5319.4
-579.947	-716.851	3564.7
891.99	883.519	4622.24
668.456	-601.995	3949.77
424.637	525.525	3361.07
-736.464	234.659	4260.78
-399.725	-575.573	3436.43
-745.746	-64.856	3219.02
1092.22	-136.1	3273.19
1005.85	206.057	4885.73
-887.26	773.435	4547.04
-139.715	-121.497	4881.19
239.138	-826.454	4721.4
794.549	330.564	5220.1
984.377	286.304	3355.95
1043.39	1019.69	3757.68
-56.5703	-575.221	3200.03
915.945	-384.994	3798.63
-417.515	-644.26	5015.76
-291.025	1096.03	3843.64
14.0258	79.8329	4147.76
-157.885	-503.683	4717
-407.848	-701.355	4149.06
-536.309	71.765	3970.19
903.872	-319.309	4059.24
1084.49	-311.366	3766.81
-698.584	744.207	3363.16
261.378	415.126	3889.89
-487.522	-926.09	3451.53
331.424	25.8733	4554.73
894.538	95.3615	4639.31
-111.62	194.967	3598.38
510.495	-524.02	3408.3
-13.6651	-128.371	4357.29
941.818	-120.705	4453.53
882.352	928.65	4690.49
-687.595	-303.936	4181.09
-557.639	200.225	3487.98
-218.425	646.233	5160.77
-213.949	360.399	3984.58
958.934	-324.6	4479.47
1242.52	26.1169	4230.27
-762.146	1133.71	3295.36
892.155	734.904	4907.48
-500.63	-286.529	4442.29
-394.979	405.011	4740.7
630.247	419.667	4158.8
-280.928	36.1775	4949.24
642.944	-117.041	3891.4
1320.36	-416.158	3790.85
1086.28	513.178	5319.4
-579.947	-716.851	3564.7
891.99	883.519	4622.24
668.456	-601.995	3949.77
424.637	525.525	3361.07
-736.464	234.659	4260.78
-399.725	-575.573	3436.43
-745.746	-64.856	3219.02
1092.22	-136.1	3273.19
1005.85	206.057	4885.73
-887.26	773.435	4547.04
-139.715	-121.497	4881.19
239.138	-826.454	4721.4
794.549	330.564	5220.1
984.377	286.304	3355.95
1043.39	1019.69	3757.68
-56.5703	-575.221	3200.03
915.945	-384.994	3798.63
-417.515	-644.26	5015.76
-291.025	1096.03	3843.64
14.0258	79.8329	4147.76
-157.885	-503.683	4717
-407.848	-701.355	4149.06
-536.309	71.765	3970.19
903.872	-319.309	4059.24
1084.49	-311.366	3766.81
-698.584	744.207	3363.16
261.378	415.126	3889.89
-487.522	-926.09	3451.53
331.424	25.8733	4554.73
894.538	95.3615	4639.31
-111.62	194.967	3598.38
510.495	-524.02	3408.3
-13.6651	-128.371	4357.29
941.818	-120.705	4453.53
882.352	928.65	4690.49
-687.595	-303.936	4181.09
-557.639	200.225	3487.98
-218.425	646.233	5160.77
-213.949	360.399	3984.58
958.934	-324.6	4479.47
1242.52	26.1169	4230.27
-762.146	1133.71	3295.36
892.155	734.904	4907.48
-500.63	-286.529	4442.29
-394.979	405.011	4740.7
630.247	419.667	4158.8
-280.928	36.1775	4949.24
642.944	-117.041	3891.4
1320.36	-416.158	3790.85
1086.28	513.178	5319.4
-579.947	-716.851	3564.7
891.99	883.519	4622.24
668.456	-601.995	3949.77
424.637	525.525	3361.07
-736.464	234.659	4260.78
-399.725	-575.573	3436.43
-745.746	-64.856	3219.02
1092.22	-136.1	3273.19
1005.85	206.057	4885.73
-887.26	773.435	4547.04
-139.715	-121.497	4881.19
239.138	-826.454	4721.4
794.549	330.564	5220.1
984.377	286.304	3355.95
1043.39	1019.69	3757.68
-56.5703	-575.221	3200.03
915.945	-384.994	3798.63
-417.515	-644.26	5015.76
-291.025	1096.03	3843.64
14.0258	79.8329	4147.76
-157.885	-503.683	4717
-407.848	-701.355	4149.06
-536.309	71.765	3970.19
903.872	-319.309	4059.24
1084.49	-311.366	3766.81
-698.584	744.207	3363.16
261.378	415.126	3889.89
