-484.501	-920.351	3430.15
329.337	25.7103	4526.04
888.917	94.7623	4610.16
-110.913	193.731	3575.57
507.324	-520.765	3387.13
-13.5792	-127.564	4329.88
935.929	-119.95	4425.68
876.701	922.703	4660.46
-683.269	-302.024	4154.78
-554.094	198.952	3465.8
-217.026	642.092	5127.71
-212.587	358.104	3959.21
952.968	-322.581	4451.59
1234.74	25.9534	4203.78
-757.191	1126.34	3273.94
886.466	730.218	4876.19
-497.483	-284.728	4414.36
-392.458	402.427	4710.45
626.25	417.006	4132.43
-279.152	35.9487	4917.94
638.917	-116.308	3867.03
1312.18	-413.579	3767.36
1079.4	509.926	5285.7
-576.335	-712.386	3542.5
886.284	877.867	4592.67
664.316	-598.266	3925.3
421.934	522.18	3339.67
-731.773	233.165	4233.65
-397.23	-571.981	3414.98
-741.026	-64.4456	3198.64
1085.41	-135.25	3252.75
999.515	204.76	4854.97
-881.536	768.445	4517.7
-138.836	-120.732	4850.46
237.661	-821.348	4692.23
789.526	328.474	5187.1
978.167	284.498	3334.77
1036.7	1013.15	3733.59
-56.218	-571.638	3180.1
910.252	-382.601	3775.02
-414.913	-640.246	4984.51
-289.141	1088.93	3818.76
13.9372	79.3285	4121.56
-156.899	-500.54	4687.57
-405.311	-696.991	4123.24
-532.91	71.3101	3945.03
898.246	-317.322	4033.98
1077.74	-309.43	3743.38
-694.083	739.412	3341.5
259.717	412.487	3865.17
-484.501	-920.351	3430.15
329.337	25.7103	4526.04
888.917	94.7623	4610.16
-110.913	193.731	3575.57
507.324	-520.765	3387.13
-13.5792	-127.564	4329.88
935.929	-119.95	4425.68
876.701	922.703	4660.46
-683.269	-302.024	4154.78
-554.094	198.952	3465.8
-217.026	642.092	5127.71
-212.587	358.104	3959.21
952.968	-322.581	4451.59
1234.74	25.9534	4203.78
-757.191	1126.34	3273.94
886.466	730.218	4876.19
-497.483	-284.728	4414.36
-392.458	402.427	4710.45
626.25	417.006	4132.43
-279.152	35.9487	4917.94
638.917	-116.308	3867.03
1312.18	-413.579	3767.36
1079.4	509.926	5285.7
-576.335	-712.386	3542.5
886.284	877.867	4592.67
664.316	-598.266	3925.3
421.934	522.18	3339.67
-731.773	233.165	4233.65
-397.23	-571.981	3414.98
-741.026	-64.4456	3198.64
1085.41	-135.25	3252.75
999.515	204.76	4854.97
-881.536	768.445	4517.7
-138.836	-120.732	4850.46
237.661	-821.348	4692.23
789.526	328.474	5187.1
978.167	284.498	3334.77
1036.7	1013.15	3733.59
-56.218	-571.638	3180.1
910.252	-382.601	3775.02
-414.913	-640.246	4984.51
-289.141	1088.93	3818.76
13.9372	79.3285	4121.56
-156.899	-500.54	4687.57
-405.311	-696.991	4123.24
-532.91	71.3101	3945.03
898.246	-317.322	4033.98
1077.74	-309.43	3743.38
-694.083	739.412	3341.5
259.717	412.487	3865.17
-484.501	-920.351	3430.15
329.337	25.7103	4526.04
888.917	94.7623	4610.16
-110.913	193.731	3575.57
507.324	-520.765	3387.13
-13.5792	-127.564	4329.88
935.929	-119.95	4425.68
876.701	922.703	4660.46
-683.269	-302.024	4154.78
-554.094	198.952	3465.8
-217.026	642.092	5127.71
-212.587	358.104	3959.21
952.968	-322.581	4451.59
1234.74	25.9534	4203.78
-757.191	1126.34	3273.94
886.466	730.218	4876.19
-497.483	-284.728	4414.36
-392.458	402.427	4710.45
626.25	417.006	4132.43
-279.152	35.9487	4917.94
638.917	-116.308	3867.03
1312.18	-413.579	3767.36
1079.4	509.926	5285.7
-576.335	-712.386	3542.5
886.284	877.867	4592.67
664.316	-598.266	3925.3
421.934	522.18	3339.67
-731.773	233.165	4233.65
-397.23	-571.981	3414.98
-741.026	-64.4456	3198.64
1085.41	-135.25	3252.75
999.515	204.76	4854.97
-881.536	768.445	4517.7
-138.836	-120.732	4850.46
237.661	-821.348	4692.23
789.526	328.474	5187.1
978.167	284.498	3334.77
1036.7	1013.15	3733.59
-56.218	-571.638	3180.1
910.252	-382.601	3775.02
-414.913	-640.246	4984.51
-289.141	1088.93	3818.76
13.9372	79.3285	4121.56
-156.899	-500.54	4687.57
-405.311	-696.991	4123.24
-532.91	71.3101	3945.03
898.246	-317.322	4033.98
1077.74	-309.43	3743.38
-694.083	739.412	3341.5
259.717	412.487	3865.17
-484.501	-920.351	3430.15
329.337	25.7103	4526.04
888.917	94.7623	4610.16
-110.913	193.731	3575.57
507.324	-520.765	3387.13
-13.5792	-127.564	4329.88
935.929	-119.95	4425.68
876.701	922.703	4660.46
-683.269	-302.024	4154.78
-554.094	198.952	3465.8
-217.026	642.092	5127.71
-212.587	358.104	3959.21
952.968	-322.581	4451.59
1234.74	25.9534	4203.78
-757.191	1126.34	3273.94
886.466	730.218	4876.19
-497.483	-284.728	4414.36
-392.458	402.427	4710.45
626.25	417.006	4132.43
-279.152	35.9487	4917.94
638.917	-116.308	3867.03
1312.18	-413.579	3767.36
1079.4	509.926	5285.7
-576.335	-712.386	3542.5
886.284	877.867	4592.67
664.316	-598.266	3925.3
421.934	522.18	3339.67
-731.773	233.165	4233.65
-397.23	-571.981	3414.98
-741.026	-64.4456	3198.64
1085.41	-135.25	3252.75
999.515	204.76	4854.97
-881.536	768.445	4517.7
-138.836	-120.732	4850.46
237.661	-821.348	4692.23
789.526	328.474	5187.1
978.167	284.498	3334.77
1036.7	1013.15	3733.59
-56.218	-571.638	3180.1
910.252	-382.601	3775.02
-414.913	-640.246	4984.51
-289.141	1088.93	3818.76
13.9372	79.3285	4121.56
-156.899	-500.54	4687.57
-405.311	-696.991	4123.24
-532.91	71.3101	3945.03
898.246	-317.322	4033.98
1077.74	-309.43	3743.38
-694.083	739.412	3341.5
259.717	412.487	3865.17
-484.501	-920.351	3430.15
329.337	25.7103	4526.04
888.917	94.7623	4610.16
-110.913	193.731	3575.57
507.324	-520.765	3387.13
-13.5792	-127.564	4329.88
935.929	-119.95	4425.68
876.701	922.703	4660.46
-683.269	-302.024	4154.78
-554.094	198.952	3465.8
-217.026	642.092	5127.71
-212.587	358.104	3959.21
952.968	-322.581	4451.59
1234.74	25.9534	4203.78
-757.191	1126.34	3273.94
886.466	730.218	4876.19
-497.483	-284.728	4414.36
-392.458	402.427	4710.45
626.25	417.006	4132.43
-279.152	35.9487	4917.94
638.917	-116.308	3867.03
1312.18	-413.579	3767.36
1079.4	509.926	5285.7
-576.335	-712.386	3542.5
886.284	877.867	4592.67
664.316	-598.266	3925.3
421.934	522.18	3339.67
-731.773	233.165	4233.65
-397.23	-571.981	3414.98
-741.026	-64.4456	3198.64
1085.41	-135.25	3252.75
999.515	204.76	4854.97
-881.536	768.445	4517.7
-138.836	-120.732	4850.46
237.661	-821.348	4692.23
789.526	328.474	5187.1
978.167	284.498	3334.77
1036.7	1013.15	3733.59
-56.218	-571.638	3180.1
910.252	-382.601	3775.02
-414.913	-640.246	4984.51
-289.141	1088.93	3818.76
13.9372	79.3285	4121.56
-156.899	-500.54	4687.57
-405.311	-696.991	4123.24
-532.91	71.3101	3945.03
898.246	-317.322	4033.98
1077.74	-309.43	3743.38
-694.083	739.412	3341.5
259.717	412.487	3865.17
