-487.681	-926.391	3452.65
331.534	25.8819	4556.24
894.833	95.393	4640.84
-111.657	195.03	3599.55
510.658	-524.187	3409.39
-13.6697	-128.414	4358.74
942.127	-120.744	4454.99
882.643	928.957	4692.04
-687.825	-304.037	4182.48
-557.82	200.29	3489.11
-218.5	646.454	5162.54
-214.02	360.517	3985.89
959.249	-324.707	4480.94
1242.92	26.1253	4231.64
-762.393	1134.08	3296.43
892.451	735.148	4909.11
-500.798	-286.625	4443.78
-395.112	405.148	4742.3
630.452	419.804	4160.16
-281.024	36.1898	4950.92
643.152	-117.079	3892.66
1320.78	-416.29	3792.06
1086.65	513.351	5321.19
-580.137	-717.085	3565.87
892.284	883.81	4623.76
668.673	-602.19	3951.05
424.772	525.692	3362.14
-736.711	234.738	4262.21
-399.854	-575.76	3437.55
-745.987	-64.877	3220.06
1092.57	-136.143	3274.21
1006.18	206.126	4887.35
-887.561	773.697	4548.58
-139.763	-121.538	4882.84
239.218	-826.732	4722.98
794.816	330.676	5221.86
984.687	286.394	3357
1043.73	1020.01	3758.88
-56.5884	-575.405	3201.05
916.239	-385.117	3799.84
-417.658	-644.481	5017.48
-291.12	1096.39	3844.9
14.0304	79.8592	4149.13
-157.938	-503.853	4718.59
-407.984	-701.589	4150.44
-536.486	71.7887	3971.5
904.164	-319.413	4060.56
1084.83	-311.465	3768.01
-698.81	744.448	3364.25
261.463	415.26	3891.16
-487.681	-926.391	3452.65
331.534	25.8819	4556.24
894.833	95.393	4640.84
-111.657	195.03	3599.55
510.658	-524.187	3409.39
-13.6697	-128.414	4358.74
942.127	-120.744	4454.99
882.643	928.957	4692.04
-687.825	-304.037	4182.48
-557.82	200.29	3489.11
-218.5	646.454	5162.54
-214.02	360.517	3985.89
959.249	-324.707	4480.94
1242.92	26.1253	4231.64
-762.393	1134.08	3296.43
892.451	735.148	4909.11
-500.798	-286.625	4443.78
-395.112	405.148	4742.3
630.452	419.804	4160.16
-281.024	36.1898	4950.92
643.152	-117.079	3892.66
1320.78	-416.29	3792.06
1086.65	513.351	5321.19
-580.137	-717.085	3565.87
892.284	883.81	4623.76
668.673	-602.19	3951.05
424.772	525.692	3362.14
-736.711	234.738	4262.21
-399.854	-575.76	3437.55
-745.987	-64.877	3220.06
1092.57	-136.143	3274.21
1006.18	206.126	4887.35
-887.561	773.697	4548.58
-139.763	-121.538	4882.84
239.218	-826.732	4722.98
794.816	330.676	5221.86
984.687	286.394	3357
1043.73	1020.01	3758.88
-56.5884	-575.405	3201.05
916.239	-385.117	3799.84
-417.658	-644.481	5017.48
-291.12	1096.39	3844.9
14.0304	79.8592	4149.13
-157.938	-503.853	4718.59
-407.984	-701.589	4150.44
-536.486	71.7887	3971.5
904.164	-319.413	4060.56
1084.83	-311.465	3768.01
-698.81	744.448	3364.25
261.463	415.26	3891.16
-487.681	-926.391	3452.65
331.534	25.8819	4556.24
894.833	95.393	4640.84
-111.657	195.03	3599.55
510.658	-524.187	3409.39
-13.6697	-128.414	4358.74
942.127	-120.744	4454.99
882.643	928.957	4692.04
-687.825	-304.037	4182.48
-557.82	200.29	3489.11
-218.5	646.454	5162.54
-214.02	360.517	3985.89
959.249	-324.707	4480.94
1242.92	26.1253	4231.64
-762.393	1134.08	3296.43
892.451	735.148	4909.11
-500.798	-286.625	4443.78
-395.112	405.148	4742.3
630.452	419.804	4160.16
-281.024	36.1898	4950.92
643.152	-117.079	3892.66
1320.78	-416.29	3792.06
1086.65	513.351	5321.19
-580.137	-717.085	3565.87
892.284	883.81	4623.76
668.673	-602.19	3951.05
424.772	525.692	3362.14
-736.711	234.738	4262.21
-399.854	-575.76	3437.55
-745.987	-64.877	3220.06
1092.57	-136.143	3274.21
1006.18	206.126	4887.35
-887.561	773.697	4548.58
-139.763	-121.538	4882.84
239.218	-826.732	4722.98
794.816	330.676	5221.86
984.687	286.394	3357
1043.73	1020.01	3758.88
-56.5884	-575.405	3201.05
916.239	-385.117	3799.84
-417.658	-644.481	5017.48
-291.12	1096.39	3844.9
14.0304	79.8592	4149.13
-157.938	-503.853	4718.59
-407.984	-701.589	4150.44
-536.486	71.7887	3971.5
904.164	-319.413	4060.56
1084.83	-311.465	3768.01
-698.81	744.448	3364.25
261.463	415.26	3891.16
-487.681	-926.391	3452.65
331.534	25.8819	4556.24
894.833	95.393	4640.84
-111.657	195.03	3599.55
510.658	-524.187	3409.39
-13.6697	-128.414	4358.74
942.127	-120.744	4454.99
882.643	928.957	4692.04
-687.825	-304.037	4182.48
-557.82	200.29	3489.11
-218.5	646.454	5162.54
-214.02	360.517	3985.89
959.249	-324.707	4480.94
1242.92	26.1253	4231.64
-762.393	1134.08	3296.43
892.451	735.148	4909.11
-500.798	-286.625	4443.78
-395.112	405.148	4742.3
630.452	419.804	4160.16
-281.024	36.1898	4950.92
643.152	-117.079	3892.66
1320.78	-416.29	3792.06
1086.65	513.351	5321.19
-580.137	-717.085	3565.87
892.284	883.81	4623.76
668.673	-602.19	3951.05
424.772	525.692	3362.14
-736.711	234.738	4262.21
-399.854	-575.76	3437.55
-745.987	-64.877	3220.06
1092.57	-136.143	3274.21
1006.18	206.126	4887.35
-887.561	773.697	4548.58
-139.763	-121.538	4882.84
239.218	-826.732	4722.98
794.816	330.676	5221.86
984.687	286.394	3357
1043.73	1020.01	3758.88
-56.5884	-575.405	3201.05
916.239	-385.117	3799.84
-417.658	-644.481	5017.48
-291.12	1096.39	3844.9
14.0304	79.8592	4149.13
-157.938	-503.853	4718.59
-407.984	-701.589	4150.44
-536.486	71.7887	3971.5
904.164	-319.413	4060.56
1084.83	-311.465	3768.01
-698.81	744.448	3364.25
261.463	415.26	3891.16
-487.681	-926.391	3452.65
331.534	25.8819	4556.24
894.833	95.393	4640.84
-111.657	195.03	3599.55
510.658	-524.187	3409.39
-13.6697	-128.414	4358.74
942.127	-120.744	4454.99
882.643	928.957	4692.04
-687.825	-304.037	4182.48
-557.82	200.29	3489.11
-218.5	646.454	5162.54
-214.02	360.517	3985.89
959.249	-324.707	4480.94
1242.92	26.1253	4231.64
-762.393	1134.08	3296.43
892.451	735.148	4909.11
-500.798	-286.625	4443.78
-395.112	405.148	4742.3
630.452	419.804	4160.16
-281.024	36.1898	4950.92
643.152	-117.079	3892.66
1320.78	-416.29	3792.06
1086.65	513.351	5321.19
-580.137	-717.085	3565.87
892.284	883.81	4623.76
668.673	-602.19	3951.05
424.772	525.692	3362.14
-736.711	234.738	4262.21
-399.854	-575.76	3437.55
-745.987	-64.877	3220.06
1092.57	-136.143	3274.21
1006.18	206.126	4887.35
-887.561	773.697	4548.58
-139.763	-121.538	4882.84
239.218	-826.732	4722.98
794.816	330.676	5221.86
984.687	286.394	3357
1043.73	1020.01	3758.88
-56.5884	-575.405	3201.05
916.239	-385.117	3799.84
-417.658	-644.481	5017.48
-291.12	1096.39	3844.9
14.0304	79.8592	4149.13
-157.938	-503.853	4718.59
-407.984	-701.589	4150.44
-536.486	71.7887	3971.5
904.164	-319.413	4060.56
1084.83	-311.465	3768.01
-698.81	744.448	3364.25
261.463	415.26	3891.16
