0.889904	1.56446	5.03773
-0.536287	0.0348797	4.89891
0.238159	0.0643493	3.8688
-0.752005	0.0822031	4.69713
0.965814	0.330211	4.94688
-0.285771	-0.406019	4.34194
0.424264	0.121296	5.60348
-0.639644	-0.930271	4.3912
1.02342	0.615932	4.4967
-0.250618	-0.221552	4.42179
-0.888775	-0.00971153	5.69493
-0.0771401	-0.675398	4.95914
0.865672	-0.0155586	4.41638
-0.598444	0.418686	4.03796
-0.430888	-1.18247	5.39728
-0.194383	0.534949	5.10368
1.22715	1.21789	5.66288
-0.450825	0.13025	6.03924
0.475708	0.768733	4.65095
1.3399	0.545608	3.87682
-0.0704019	-0.204567	5.56012
1.32665	-0.229666	6.2171
-0.416609	-0.982177	4.15265
0.392219	-0.897874	5.54398
0.858709	-0.0120112	4.55122
0.353099	0.770562	5.0774
-0.174989	-0.665026	5.54421
-1.04999	1.24521	4.72684
-0.382395	0.821827	5.75307
-0.0705198	1.38316	5.14981
0.81649	1.31254	6.39818
-0.195669	0.105812	5.35781
-0.619039	-0.937378	5.22947
-0.0530961	0.957349	3.95624
-0.0061902	-1.12196	5.53547
-0.567115	1.06669	6.02336
1.36256	-0.333971	5.01797
1.01955	-0.414645	4.08544
0.862845	-0.631338	5.84608
0.840017	1.38949	4.91253
1.09202	0.643365	5.4662
1.18375	-0.17841	4.17623
-0.687765	1.07066	3.95004
-0.255491	-0.345803	6.12095
0.706541	0.665028	5.82385
-0.551638	-0.114383	5.66968
-0.739641	1.30008	4.02461
-0.340521	-0.412443	4.99452
-0.010217	0.775176	5.89261
-0.374164	0.134108	4.62286
0.441519	0.650446	2.11519
-0.155072	0.0148091	2.04023
0.153311	0.0268137	1.61906
-0.247788	0.0345412	1.95338
0.47168	0.137195	2.07808
-0.0585185	-0.168613	1.81049
0.255114	0.0504961	2.34595
-0.205403	-0.386507	1.82686
0.48945	0.255973	1.8907
-0.0427212	-0.0919157	1.84428
-0.290868	-0.00360887	2.3686
0.037009	-0.280665	2.0708
0.422476	-0.00657195	1.85525
-0.19294	0.174394	1.67984
-0.104388	-0.491403	2.24962
-0.0096318	0.222658	2.12985
0.590748	0.50626	2.38033
-0.10351	0.0544783	2.51764
0.263358	0.319669	1.94867
0.612679	0.226622	1.63549
0.0482914	-0.0848669	2.32197
0.639714	-0.0956743	2.61297
-0.115789	-0.408161	1.72984
0.240757	-0.373289	2.32068
0.421458	-0.00509066	1.9115
0.218215	0.320477	2.12537
0.00440267	-0.276307	2.31407
-0.371367	0.518228	1.96232
-0.0788708	0.342022	2.39893
0.0427776	0.575328	2.15063
0.429884	0.545755	2.68265
-0.00669041	0.0442234	2.23599
-0.185107	-0.389442	2.1773
0.0332952	0.398225	1.65219
0.0745543	-0.466354	2.31238
-0.15204	0.4439	2.50967
0.637915	-0.139094	2.11244
0.481918	-0.172574	1.7188
0.441165	-0.262579	2.45246
0.41895	0.577701	2.06228
0.531587	0.267391	2.29654
0.551662	-0.0743859	1.75869
-0.231284	0.445519	1.64208
-0.0210382	-0.143526	2.55406
0.375929	0.276519	2.44139
-0.150728	-0.0472285	2.36204
-0.251825	0.540935	1.67264
-0.0722224	-0.171249	2.08248
0.0781838	0.322524	2.46163
-0.0913436	0.0560159	1.92683
0.441519	0.650446	2.11519
-0.155072	0.0148091	2.04023
0.153311	0.0268137	1.61906
-0.247788	0.0345412	1.95338
0.47168	0.137195	2.07808
-0.0585185	-0.168613	1.81049
0.255114	0.0504961	2.34595
-0.205403	-0.386507	1.82686
0.48945	0.255973	1.8907
-0.0427212	-0.0919157	1.84428
-0.290868	-0.00360887	2.3686
0.037009	-0.280665	2.0708
0.422476	-0.00657195	1.85525
-0.19294	0.174394	1.67984
-0.104388	-0.491403	2.24962
-0.0096318	0.222658	2.12985
0.590748	0.50626	2.38033
-0.10351	0.0544783	2.51764
0.263358	0.319669	1.94867
0.612679	0.226622	1.63549
0.0482914	-0.0848669	2.32197
0.639714	-0.0956743	2.61297
-0.115789	-0.408161	1.72984
0.240757	-0.373289	2.32068
0.421458	-0.00509066	1.9115
0.218215	0.320477	2.12537
0.00440267	-0.276307	2.31407
-0.371367	0.518228	1.96232
-0.0788708	0.342022	2.39893
0.0427776	0.575328	2.15063
0.429884	0.545755	2.68265
-0.00669041	0.0442234	2.23599
-0.185107	-0.389442	2.1773
0.0332952	0.398225	1.65219
0.0745543	-0.466354	2.31238
-0.15204	0.4439	2.50967
0.637915	-0.139094	2.11244
0.481918	-0.172574	1.7188
0.441165	-0.262579	2.45246
0.41895	0.577701	2.06228
0.531587	0.267391	2.29654
0.551662	-0.0743859	1.75869
-0.231284	0.445519	1.64208
-0.0210382	-0.143526	2.55406
0.375929	0.276519	2.44139
-0.150728	-0.0472285	2.36204
-0.251825	0.540935	1.67264
-0.0722224	-0.171249	2.08248
0.0781838	0.322524	2.46163
-0.0913436	0.0560159	1.92683
0.179638	0.281506	0.913049
-0.0778811	0.006345	0.883367
0.0577144	0.0116032	0.699745
-0.11752	0.014868	0.846219
0.192949	0.0594177	0.896865
-0.0348818	-0.0730039	0.783538
0.0978841	0.0218572	1.01375
-0.0984604	-0.167318	0.791296
0.201611	0.110822	0.815718
-0.0282398	-0.0398131	0.798082
-0.138346	-0.00165526	1.02605
0.00506611	-0.121478	0.895717
0.172871	-0.00279826	0.800692
-0.0923693	0.0753998	0.727624
-0.057002	-0.212698	0.973733
-0.0154875	0.0963106	0.921466
0.242788	0.219136	1.02708
-0.0581187	0.023512	1.08967
0.103518	0.138342	0.841829
0.25626	0.0981482	0.70474
0.00858657	-0.0367545	1.00432
0.262815	-0.0413279	1.12751
-0.0591883	-0.17667	0.748913
0.0918681	-0.161525	1.00289
0.172133	-0.00215842	0.825032
0.0830585	0.13868	0.918482
-0.0103252	-0.119602	1.00111
-0.171078	0.224146	0.850642
-0.0468741	0.147945	1.0382
0.00701845	0.248927	0.93021
0.171612	0.236192	1.1586
-0.0147533	0.0190969	0.967376
-0.0915406	-0.16859	0.942813
0.00558469	0.172298	0.714618
0.0200483	-0.201827	1.00006
-0.0791183	0.192014	1.08643
0.264696	-0.0601083	0.910975
0.199324	-0.0746174	0.741391
0.177823	-0.113585	1.05898
0.170168	0.250024	0.890266
0.217681	0.115764	0.991099
0.229261	-0.0321175	0.758327
-0.10879	0.192715	0.71146
-0.0226183	-0.062154	1.10505
0.149595	0.119683	1.05448
-0.0777001	-0.0205046	1.02257
-0.117848	0.233999	0.724769
-0.0422498	-0.0741517	0.901268
0.0207168	0.139535	1.0646
-0.0497255	0.0241896	0.834015
0.179638	0.281506	0.913049
-0.0778811	0.006345	0.883367
0.0577144	0.0116032	0.699745
-0.11752	0.014868	0.846219
0.192949	0.0594177	0.896865
-0.0348818	-0.0730039	0.783538
0.0978841	0.0218572	1.01375
-0.0984604	-0.167318	0.791296
0.201611	0.110822	0.815718
-0.0282398	-0.0398131	0.798082
-0.138346	-0.00165526	1.02605
0.00506611	-0.121478	0.895717
0.172871	-0.00279826	0.800692
-0.0923693	0.0753998	0.727624
-0.057002	-0.212698	0.973733
-0.0154875	0.0963106	0.921466
0.242788	0.219136	1.02708
-0.0581187	0.023512	1.08967
0.103518	0.138342	0.841829
0.25626	0.0981482	0.70474
0.00858657	-0.0367545	1.00432
0.262815	-0.0413279	1.12751
-0.0591883	-0.17667	0.748913
0.0918681	-0.161525	1.00289
0.172133	-0.00215842	0.825032
0.0830585	0.13868	0.918482
-0.0103252	-0.119602	1.00111
-0.171078	0.224146	0.850642
-0.0468741	0.147945	1.0382
0.00701845	0.248927	0.93021
0.171612	0.236192	1.1586
-0.0147533	0.0190969	0.967376
-0.0915406	-0.16859	0.942813
0.00558469	0.172298	0.714618
0.0200483	-0.201827	1.00006
-0.0791183	0.192014	1.08643
0.264696	-0.0601083	0.910975
0.199324	-0.0746174	0.741391
0.177823	-0.113585	1.05898
0.170168	0.250024	0.890266
0.217681	0.115764	0.991099
0.229261	-0.0321175	0.758327
-0.10879	0.192715	0.71146
-0.0226183	-0.062154	1.10505
0.149595	0.119683	1.05448
-0.0777001	-0.0205046	1.02257
-0.117848	0.233999	0.724769
-0.0422498	-0.0741517	0.901268
0.0207168	0.139535	1.0646
-0.0497255	0.0241896	0.834015
