4.17523e-07	7.31589e-07	2.36711e-06
-9.14651e-07	6.37103e-08	8.50531e-06
1.23813e-06	3.66428e-07	2.2125e-05
-1.13368e-06	1.28133e-07	7.15433e-06
1.50517e-06	5.1159e-07	7.71424e-06
-1.06246e-06	-1.46167e-06	1.57613e-05
4.9228e-07	1.34795e-07	6.25624e-06
-1.89824e-06	-2.72545e-06	1.29631e-05
1.50475e-06	9.11289e-07	6.68601e-06
-1.01776e-06	-8.72831e-07	1.76131e-05
-6.31556e-07	-4.97853e-09	4.19031e-06
-2.13322e-07	-1.98658e-06	1.46551e-05
2.12733e-06	-4.24136e-08	1.10092e-05
-1.02961e-06	7.07974e-07	6.85099e-06
-9.69522e-07	-2.75623e-06	1.26434e-05
-1.60621e-07	4.64574e-07	4.44768e-06
6.89938e-07	6.74998e-07	3.15076e-06
-5.72962e-07	1.81307e-07	8.32127e-06
4.45496e-07	7.25646e-07	4.41137e-06
2.72596e-06	1.12536e-06	8.0413e-06
-1.12378e-07	-4.50517e-07	1.23522e-05
1.90604e-06	-3.26325e-07	8.7471e-06
-1.4662e-06	-3.34309e-06	1.42206e-05
9.6609e-07	-2.12642e-06	1.31458e-05
2.01865e-06	-3.19048e-08	1.08143e-05
2.29525e-07	4.93287e-07	3.26513e-06
-3.34777e-07	-1.42274e-06	1.19241e-05
-7.14137e-07	8.52966e-07	3.26365e-06
-3.1449e-07	7.26908e-07	5.10908e-06
-3.24757e-08	7.35382e-07	2.75449e-06
5.13344e-07	7.90399e-07	3.86824e-06
-2.98196e-07	1.77381e-07	8.91601e-06
-1.32342e-06	-2.0417e-06	1.14696e-05
-6.81942e-08	9.19785e-07	3.82603e-06
2.65158e-08	-2.74472e-06	1.35817e-05
-5.63621e-07	1.13109e-06	6.41718e-06
3.06064e-06	-7.55868e-07	1.12626e-05
3.02976e-06	-1.26281e-06	1.23836e-05
-2.09173e-06	1.49273e-06	-1.38071e-05
4.15898e-07	6.87805e-07	2.44337e-06
8.90369e-07	5.17467e-07	4.41669e-06
3.16044e-06	-4.90054e-07	1.13228e-05
-4.56404e-07	6.95443e-07	2.58695e-06
-2.13472e-07	-3.29081e-07	5.8715e-06
4.66487e-07	4.25682e-07	3.74315e-06
-5.10544e-07	-1.08475e-07	5.50738e-06
-3.24856e-07	5.60015e-07	1.74939e-06
-8.57846e-07	-1.0573e-06	1.29127e-05
1.13605e-08	5.34517e-07	4.07861e-06
-8.76127e-07	3.17324e-07	1.08734e-05
4.17523e-07	7.31589e-07	2.36711e-06
-9.14651e-07	6.37103e-08	8.50531e-06
1.23813e-06	3.66428e-07	2.2125e-05
-1.13368e-06	1.28133e-07	7.15433e-06
1.50517e-06	5.1159e-07	7.71424e-06
-1.06246e-06	-1.46167e-06	1.57613e-05
4.9228e-07	1.34795e-07	6.25624e-06
-1.89824e-06	-2.72545e-06	1.29631e-05
1.50475e-06	9.11289e-07	6.68601e-06
-1.01776e-06	-8.72831e-07	1.76131e-05
-6.31556e-07	-4.97853e-09	4.19031e-06
-2.13322e-07	-1.98658e-06	1.46551e-05
2.12733e-06	-4.24136e-08	1.10092e-05
-1.02961e-06	7.07974e-07	6.85099e-06
-9.69522e-07	-2.75623e-06	1.26434e-05
-1.60621e-07	4.64574e-07	4.44768e-06
6.89938e-07	6.74998e-07	3.15076e-06
-5.72962e-07	1.81307e-07	8.32127e-06
4.45496e-07	7.25646e-07	4.41137e-06
2.72596e-06	1.12536e-06	8.0413e-06
-1.12378e-07	-4.50517e-07	1.23522e-05
1.90604e-06	-3.26325e-07	8.7471e-06
-1.4662e-06	-3.34309e-06	1.42206e-05
9.6609e-07	-2.12642e-06	1.31458e-05
2.01865e-06	-3.19048e-08	1.08143e-05
2.29525e-07	4.93287e-07	3.26513e-06
-3.34777e-07	-1.42274e-06	1.19241e-05
-7.14137e-07	8.52966e-07	3.26365e-06
-3.1449e-07	7.26908e-07	5.10908e-06
-3.24757e-08	7.35382e-07	2.75449e-06
5.13344e-07	7.90399e-07	3.86824e-06
-2.98196e-07	1.77381e-07	8.91601e-06
-1.32342e-06	-2.0417e-06	1.14696e-05
-6.81942e-08	9.19785e-07	3.82603e-06
2.65158e-08	-2.74472e-06	1.35817e-05
-5.63621e-07	1.13109e-06	6.41718e-06
3.06064e-06	-7.55868e-07	1.12626e-05
3.02976e-06	-1.26281e-06	1.23836e-05
-2.09173e-06	1.49273e-06	-1.38071e-05
4.15898e-07	6.87805e-07	2.44337e-06
8.90369e-07	5.17467e-07	4.41669e-06
3.16044e-06	-4.90054e-07	1.13228e-05
-4.56404e-07	6.95443e-07	2.58695e-06
-2.13472e-07	-3.29081e-07	5.8715e-06
4.66487e-07	4.25682e-07	3.74315e-06
-5.10544e-07	-1.08475e-07	5.50738e-06
-3.24856e-07	5.60015e-07	1.74939e-06
-8.57846e-07	-1.0573e-06	1.29127e-05
1.13605e-08	5.34517e-07	4.07861e-06
-8.76127e-07	3.17324e-07	1.08734e-05
3.32801e-06	5.80275e-06	1.87751e-05
4.60735e-07	-3.26039e-08	-4.32051e-06
-5.86068e-08	-1.67551e-08	-1.00001e-06
5.92361e-07	-6.76365e-08	-3.76344e-06
-4.46852e-07	-1.51025e-07	-2.27472e-06
3.15457e-07	4.38234e-07	-4.72816e-06
-3.25184e-07	-8.82001e-08	-4.08241e-06
7.08532e-07	1.02203e-06	-4.86284e-06
-4.32746e-07	-2.60398e-07	-1.90957e-06
2.56788e-07	2.22701e-07	-4.49813e-06
6.2518e-07	4.64183e-09	-4.18303e-06
7.50161e-08	7.29966e-07	-5.38735e-06
-5.32817e-07	1.03531e-08	-2.74224e-06
3.77204e-07	-2.61976e-07	-2.53355e-06
4.37591e-07	1.2541e-06	-5.75476e-06
8.41513e-08	-2.54847e-07	-2.43838e-06
5.78183e-07	5.66022e-07	2.64212e-06
3.78568e-07	-1.21391e-07	-5.56135e-06
-1.75007e-07	-2.79727e-07	-1.69981e-06
-6.3442e-07	-2.60895e-07	-1.86335e-06
9.80849e-08	4.11986e-07	-1.13087e-05
-6.51132e-07	1.10696e-07	-2.97408e-06
4.78147e-07	1.09758e-06	-4.67031e-06
-3.52163e-07	7.6754e-07	-4.74724e-06
-5.11694e-07	7.8294e-09	-2.72551e-06
-1.37041e-07	-2.86385e-07	-1.89477e-06
1.60521e-07	6.97693e-07	-5.85051e-06
-5.06859e-07	6.04456e-07	2.31281e-06
-1.22734e-07	2.8002e-07	1.96845e-06
-2.23027e-08	4.85748e-07	1.81948e-06
2.61502e-07	4.04404e-07	1.97928e-06
2.58464e-07	-1.56852e-07	-7.87179e-06
6.39689e-07	9.92382e-07	-5.57711e-06
1.97244e-08	-3.11403e-07	-1.29503e-06
-1.41548e-08	1.10556e-06	-5.4726e-06
-2.36969e-07	4.72517e-07	2.68096e-06
-6.01523e-07	1.47642e-07	-2.20353e-06
-7.65409e-07	3.17554e-07	-3.11669e-06
-5.14143e-07	3.65467e-07	-3.38208e-06
3.3123e-07	5.4857e-07	1.94877e-06
-3.0515e-07	-1.75674e-07	-1.49829e-06
-6.88971e-07	1.06172e-07	-2.45845e-06
2.04718e-07	-3.17827e-07	-1.18216e-06
2.76685e-07	4.35075e-07	-7.77317e-06
-2.4865e-07	-2.23731e-07	-1.96614e-06
4.97459e-07	1.06427e-07	-5.42187e-06
2.185e-06	-3.8022e-06	-1.18775e-05
3.65993e-07	4.55258e-07	-5.56371e-06
1.87486e-09	1.6833e-07	1.28489e-06
3.05808e-07	-1.12211e-07	-3.83792e-06
3.07064e-06	5.35431e-06	1.73242e-05
1.37404e-05	-9.62536e-07	-0.000128155
2.01284e-06	5.95351e-07	3.59399e-05
-6.73037e-06	7.62917e-07	4.2555e-05
4.12752e-06	1.40175e-06	2.11334e-05
-2.30296e-06	-3.17208e-06	3.42072e-05
2.89265e-06	7.8959e-07	3.66137e-05
-3.76613e-06	-5.41071e-06	2.57363e-05
4.11959e-06	2.4926e-06	1.82866e-05
-2.41497e-06	-2.07379e-06	4.18521e-05
-7.29113e-06	-5.59581e-08	4.85611e-05
-4.60346e-07	-4.31387e-06	3.18257e-05
3.72821e-06	-7.41688e-08	1.92848e-05
-4.47404e-05	3.08451e-05	0.000298434
-2.20032e-06	-6.26406e-06	2.87363e-05
-1.04354e-06	3.05959e-06	2.92856e-05
4.70626e-06	4.59149e-06	2.14309e-05
-6.42126e-06	2.04175e-06	9.36454e-05
1.94724e-06	3.15887e-06	1.92016e-05
5.502e-06	2.27055e-06	1.62236e-05
-5.34178e-07	-2.1791e-06	5.9771e-05
5.26044e-06	-8.99594e-07	2.41225e-05
-2.35088e-06	-5.36359e-06	2.28159e-05
2.02929e-06	-4.46045e-06	2.75769e-05
3.77118e-06	-5.94251e-08	2.0192e-05
1.56471e-06	3.3332e-06	2.20594e-05
-1.03118e-06	-4.40413e-06	3.69156e-05
-2.63934e-06	3.16114e-06	1.20951e-05
-1.61299e-06	3.75307e-06	2.63766e-05
-1.65414e-07	3.99767e-06	1.49735e-05
3.17942e-06	4.87664e-06	2.38654e-05
-1.74692e-06	1.04723e-06	5.26053e-05
-3.58056e-06	-5.53022e-06	3.10696e-05
-2.07303e-07	2.86775e-06	1.19284e-05
5.80029e-08	-5.72567e-06	2.83338e-05
-2.00444e-06	4.03597e-06	2.28972e-05
4.57067e-06	-1.12842e-06	1.68151e-05
3.52003e-06	-1.46696e-06	1.43859e-05
3.91446e-06	-2.79897e-06	2.58832e-05
2.94273e-06	4.84314e-06	1.72044e-05
4.4942e-06	2.6069e-06	2.2247e-05
3.98662e-06	-6.18019e-07	1.42807e-05
-1.96528e-06	3.00801e-06	1.1189e-05
-1.844e-06	-2.87107e-06	5.12601e-05
3.28332e-06	2.98365e-06	2.62311e-05
-4.61391e-06	-9.83293e-07	4.99973e-05
-2.3161e-06	4.02086e-06	1.25606e-05
-2.5731e-06	-3.1772e-06	3.8808e-05
9.55314e-08	3.78339e-06	2.88658e-05
-4.47464e-06	1.62508e-06	5.56629e-05
3.07064e-06	5.35431e-06	1.73242e-05
1.37404e-05	-9.62536e-07	-0.000128155
2.01284e-06	5.95351e-07	3.59399e-05
-6.73037e-06	7.62917e-07	4.2555e-05
4.12752e-06	1.40175e-06	2.11334e-05
-2.30296e-06	-3.17208e-06	3.42072e-05
2.89265e-06	7.8959e-07	3.66137e-05
-3.76613e-06	-5.41071e-06	2.57363e-05
4.11959e-06	2.4926e-06	1.82866e-05
-2.41497e-06	-2.07379e-06	4.18521e-05
-7.29113e-06	-5.59581e-08	4.85611e-05
-4.60346e-07	-4.31387e-06	3.18257e-05
3.72821e-06	-7.41688e-08	1.92848e-05
-4.47404e-05	3.08451e-05	0.000298434
-2.20032e-06	-6.26406e-06	2.87363e-05
-1.04354e-06	3.05959e-06	2.92856e-05
4.70626e-06	4.59149e-06	2.14309e-05
-6.42126e-06	2.04175e-06	9.36454e-05
1.94724e-06	3.15887e-06	1.92016e-05
5.502e-06	2.27055e-06	1.62236e-05
-5.34178e-07	-2.1791e-06	5.9771e-05
5.26044e-06	-8.99594e-07	2.41225e-05
-2.35088e-06	-5.36359e-06	2.28159e-05
2.02929e-06	-4.46045e-06	2.75769e-05
3.77118e-06	-5.94251e-08	2.0192e-05
1.56471e-06	3.3332e-06	2.20594e-05
-1.03118e-06	-4.40413e-06	3.69156e-05
-2.63934e-06	3.16114e-06	1.20951e-05
-1.61299e-06	3.75307e-06	2.63766e-05
-1.65414e-07	3.99767e-06	1.49735e-05
3.17942e-06	4.87664e-06	2.38654e-05
-1.74692e-06	1.04723e-06	5.26053e-05
-3.58056e-06	-5.53022e-06	3.10696e-05
-2.07303e-07	2.86775e-06	1.19284e-05
5.80029e-08	-5.72567e-06	2.83338e-05
-2.00444e-06	4.03597e-06	2.28972e-05
4.57067e-06	-1.12842e-06	1.68151e-05
3.52003e-06	-1.46696e-06	1.43859e-05
3.91446e-06	-2.79897e-06	2.58832e-05
2.94273e-06	4.84314e-06	1.72044e-05
4.4942e-06	2.6069e-06	2.2247e-05
3.98662e-06	-6.18019e-07	1.42807e-05
-1.96528e-06	3.00801e-06	1.1189e-05
-1.844e-06	-2.87107e-06	5.12601e-05
3.28332e-06	2.98365e-06	2.62311e-05
-4.61391e-06	-9.83293e-07	4.99973e-05
-2.3161e-06	4.02086e-06	1.25606e-05
-2.5731e-06	-3.1772e-06	3.8808e-05
9.55314e-08	3.78339e-06	2.88658e-05
-4.47464e-06	1.62508e-06	5.56629e-05
