202.597	827.489	2661.2
-539.854	17.3181	2637.19
-78.3704	33.5163	2059.5
-642.688	42.2762	2536.87
247.515	174.417	2610.22
-378.72	-215.758	2330.8
-71.801	63.4543	2980.15
-567.32	-493.38	2369.62
301.454	325.721	2367.53
-364.468	-118.139	2372.22
-767.11	-6.60949	3074.99
-301.437	-358.297	2653.44
222.83	-8.51749	2330.24
-527.299	220.531	2179.12
-510.44	-626.894	2900.1
-370.912	282.092	2734.57
347.113	644.172	2983.6
-554.94	67.6358	3243.68
5.26886	406.251	2469.11
500.522	288.789	2025.15
-329.604	-109.247	2974.34
370.525	-121.873	3276.62
-437.464	-520.683	2234.32
-85.3444	-475.867	2949.66
212.072	-6.66735	2402.55
-81.6537	407.078	2701.33
-383.688	-352.963	2969.58
-801.16	657.537	2562.96
-504.013	433.685	3088.2
-308.35	731.001	2754.74
92.4365	693.905	3390.96
-384.888	54.9617	2870.53
-600.599	-497.274	2816.94
-236.298	505.889	2116.26
-294.378	-594.663	2959.09
-615.423	563.109	3239.08
452.537	-176.842	2634.46
321.24	-219.56	2148.04
146.21	-334.617	3094.61
182.982	734.895	2596.06
286.502	340.109	2883.31
402.774	-94.4773	2190.78
-569.759	565.502	2135.13
-456.431	-184.184	3280.6
64.9538	351.299	3087.96
-588.465	-61.8085	3049.72
-601.005	686.862	2176.75
-441.855	-219.301	2681.52
-315.623	409.179	3149.77
-440.084	69.9633	2483.95
202.597	827.489	2661.2
-539.854	17.3181	2637.19
-78.3704	33.5163	2059.5
-642.688	42.2762	2536.87
247.515	174.417	2610.22
-378.72	-215.758	2330.8
-71.801	63.4543	2980.15
-567.32	-493.38	2369.62
301.454	325.721	2367.53
-364.468	-118.139	2372.22
-767.11	-6.60949	3074.99
-301.437	-358.297	2653.44
222.83	-8.51749	2330.24
-527.299	220.531	2179.12
-510.44	-626.894	2900.1
-370.912	282.092	2734.57
347.113	644.172	2983.6
-554.94	67.6358	3243.68
5.26886	406.251	2469.11
500.522	288.789	2025.15
-329.604	-109.247	2974.34
370.525	-121.873	3276.62
-437.464	-520.683	2234.32
-85.3444	-475.867	2949.66
212.072	-6.66735	2402.55
-81.6537	407.078	2701.33
-383.688	-352.963	2969.58
-801.16	657.537	2562.96
-504.013	433.685	3088.2
-308.35	731.001	2754.74
92.4365	693.905	3390.96
-384.888	54.9617	2870.53
-600.599	-497.274	2816.94
-236.298	505.889	2116.26
-294.378	-594.663	2959.09
-615.423	563.109	3239.08
452.537	-176.842	2634.46
321.24	-219.56	2148.04
146.21	-334.617	3094.61
182.982	734.895	2596.06
286.502	340.109	2883.31
402.774	-94.4773	2190.78
-569.759	565.502	2135.13
-456.431	-184.184	3280.6
64.9538	351.299	3087.96
-588.465	-61.8085	3049.72
-601.005	686.862	2176.75
-441.855	-219.301	2681.52
-315.623	409.179	3149.77
-440.084	69.9633	2483.95
202.597	827.489	2661.2
-539.854	17.3181	2637.19
-78.3704	33.5163	2059.5
-642.688	42.2762	2536.87
247.515	174.417	2610.22
-378.72	-215.758	2330.8
-71.801	63.4543	2980.15
-567.32	-493.38	2369.62
301.454	325.721	2367.53
-364.468	-118.139	2372.22
-767.11	-6.60949	3074.99
-301.437	-358.297	2653.44
222.83	-8.51749	2330.24
-527.299	220.531	2179.12
-510.44	-626.894	2900.1
-370.912	282.092	2734.57
347.113	644.172	2983.6
-554.94	67.6358	3243.68
5.26886	406.251	2469.11
500.522	288.789	2025.15
-329.604	-109.247	2974.34
370.525	-121.873	3276.62
-437.464	-520.683	2234.32
-85.3444	-475.867	2949.66
212.072	-6.66735	2402.55
-81.6537	407.078	2701.33
-383.688	-352.963	2969.58
-801.16	657.537	2562.96
-504.013	433.685	3088.2
-308.35	731.001	2754.74
92.4365	693.905	3390.96
-384.888	54.9617	2870.53
-600.599	-497.274	2816.94
-236.298	505.889	2116.26
-294.378	-594.663	2959.09
-615.423	563.109	3239.08
452.537	-176.842	2634.46
321.24	-219.56	2148.04
146.21	-334.617	3094.61
182.982	734.895	2596.06
286.502	340.109	2883.31
402.774	-94.4773	2190.78
-569.759	565.502	2135.13
-456.431	-184.184	3280.6
64.9538	351.299	3087.96
-588.465	-61.8085	3049.72
-601.005	686.862	2176.75
-441.855	-219.301	2681.52
-315.623	409.179	3149.77
-440.084	69.9633	2483.95
202.597	827.489	2661.2
-539.854	17.3181	2637.19
-78.3704	33.5163	2059.5
-642.688	42.2762	2536.87
247.515	174.417	2610.22
-378.72	-215.758	2330.8
-71.801	63.4543	2980.15
-567.32	-493.38	2369.62
301.454	325.721	2367.53
-364.468	-118.139	2372.22
-767.11	-6.60949	3074.99
-301.437	-358.297	2653.44
222.83	-8.51749	2330.24
-527.299	220.531	2179.12
-510.44	-626.894	2900.1
-370.912	282.092	2734.57
347.113	644.172	2983.6
-554.94	67.6358	3243.68
5.26886	406.251	2469.11
500.522	288.789	2025.15
-329.604	-109.247	2974.34
370.525	-121.873	3276.62
-437.464	-520.683	2234.32
-85.3444	-475.867	2949.66
212.072	-6.66735	2402.55
-81.6537	407.078	2701.33
-383.688	-352.963	2969.58
-801.16	657.537	2562.96
-504.013	433.685	3088.2
-308.35	731.001	2754.74
92.4365	693.905	3390.96
-384.888	54.9617	2870.53
-600.599	-497.274	2816.94
-236.298	505.889	2116.26
-294.378	-594.663	2959.09
-615.423	563.109	3239.08
452.537	-176.842	2634.46
321.24	-219.56	2148.04
146.21	-334.617	3094.61
182.982	734.895	2596.06
286.502	340.109	2883.31
402.774	-94.4773	2190.78
-569.759	565.502	2135.13
-456.431	-184.184	3280.6
64.9538	351.299	3087.96
-588.465	-61.8085	3049.72
-601.005	686.862	2176.75
-441.855	-219.301	2681.52
-315.623	409.179	3149.77
-440.084	69.9633	2483.95
202.597	827.489	2661.2
-539.854	17.3181	2637.19
-78.3704	33.5163	2059.5
-642.688	42.2762	2536.87
247.515	174.417	2610.22
-378.72	-215.758	2330.8
-71.801	63.4543	2980.15
-567.32	-493.38	2369.62
301.454	325.721	2367.53
-364.468	-118.139	2372.22
-767.11	-6.60949	3074.99
-301.437	-358.297	2653.44
222.83	-8.51749	2330.24
-527.299	220.531	2179.12
-510.44	-626.894	2900.1
-370.912	282.092	2734.57
347.113	644.172	2983.6
-554.94	67.6358	3243.68
5.26886	406.251	2469.11
500.522	288.789	2025.15
-329.604	-109.247	2974.34
370.525	-121.873	3276.62
-437.464	-520.683	2234.32
-85.3444	-475.867	2949.66
212.072	-6.66735	2402.55
-81.6537	407.078	2701.33
-383.688	-352.963	2969.58
-801.16	657.537	2562.96
-504.013	433.685	3088.2
-308.35	731.001	2754.74
92.4365	693.905	3390.96
-384.888	54.9617	2870.53
-600.599	-497.274	2816.94
-236.298	505.889	2116.26
-294.378	-594.663	2959.09
-615.423	563.109	3239.08
452.537	-176.842	2634.46
321.24	-219.56	2148.04
146.21	-334.617	3094.61
182.982	734.895	2596.06
286.502	340.109	2883.31
402.774	-94.4773	2190.78
-569.759	565.502	2135.13
-456.431	-184.184	3280.6
64.9538	351.299	3087.96
-588.465	-61.8085	3049.72
-601.005	686.862	2176.75
-441.855	-219.301	2681.52
-315.623	409.179	3149.77
-440.084	69.9633	2483.95
