2.35709e-07	4.08824e-07	1.3293e-06
-1.30789e-07	8.90711e-09	1.22771e-06
6.13538e-08	1.68104e-08	1e-06
-1.85244e-07	2.07061e-08	1.17526e-06
2.62095e-07	8.8908e-08	1.34027e-06
-7.02316e-08	-1.01944e-07	1.09381e-06
1.27061e-07	3.55025e-08	1.64167e-06
-1.61333e-07	-2.36781e-07	1.11844e-06
2.72672e-07	1.63405e-07	1.20276e-06
-6.04341e-08	-5.50169e-08	1.10364e-06
-2.1943e-07	-2.24951e-09	1.44432e-06
-1.70904e-08	-1.76337e-07	1.30097e-06
2.34115e-07	-3.95727e-09	1.19856e-06
-1.48302e-07	1.0441e-07	1.00711e-06
-1.06756e-07	-3.05235e-07	1.3971e-06
-4.70291e-08	1.39096e-07	1.3318e-06
3.2828e-07	3.20854e-07	1.50665e-06
-1.11137e-07	3.41728e-08	1.58066e-06
1.27686e-07	2.03467e-07	1.23934e-06
3.52276e-07	1.43745e-07	1.03098e-06
-1.60229e-08	-5.76814e-08	1.5832e-06
3.63504e-07	-6.13514e-08	1.68651e-06
-1.05582e-07	-2.50817e-07	1.0615e-06
1.09392e-07	-2.39109e-07	1.48651e-06
2.33195e-07	-3.00273e-09	1.23823e-06
9.68961e-08	2.04763e-07	1.358e-06
-4.114e-08	-1.74418e-07	1.46195e-06
-2.65789e-07	3.17986e-07	1.20989e-06
-9.35847e-08	2.1296e-07	1.49724e-06
-1.47407e-08	3.58631e-07	1.34361e-06
2.22945e-07	3.46722e-07	1.70502e-06
-4.84532e-08	2.85368e-08	1.44037e-06
-1.54641e-07	-2.40097e-07	1.34257e-06
-1.35886e-08	2.46068e-07	1.02161e-06
3.30671e-09	-2.9349e-07	1.45479e-06
-1.40044e-07	2.75288e-07	1.56138e-06
3.6592e-07	-8.85761e-08	1.3478e-06
2.7132e-07	-1.09989e-07	1.09441e-06
2.38671e-07	-1.70117e-07	1.5906e-06
2.2263e-07	3.63705e-07	1.29787e-06
2.95655e-07	1.7179e-07	1.4716e-06
3.15155e-07	-4.71707e-08	1.11958e-06
-1.74875e-07	2.72416e-07	1.00737e-06
-6.26395e-08	-9.30445e-08	1.66044e-06
1.95983e-07	1.79611e-07	1.58463e-06
-1.35312e-07	-2.89483e-08	1.45093e-06
-1.88624e-07	3.31958e-07	1.03054e-06
-8.36833e-08	-1.05245e-07	1.28045e-06
2.96744e-09	2.05748e-07	1.57288e-06
-9.04662e-08	3.35252e-08	1.15238e-06
2.35709e-07	4.08824e-07	1.3293e-06
-1.30789e-07	8.90711e-09	1.22771e-06
6.13538e-08	1.68104e-08	1e-06
-1.85244e-07	2.07061e-08	1.17526e-06
2.62095e-07	8.8908e-08	1.34027e-06
-7.02316e-08	-1.01944e-07	1.09381e-06
1.27061e-07	3.55025e-08	1.64167e-06
-1.61333e-07	-2.36781e-07	1.11844e-06
2.72672e-07	1.63405e-07	1.20276e-06
-6.04341e-08	-5.50169e-08	1.10364e-06
-2.1943e-07	-2.24951e-09	1.44432e-06
-1.70904e-08	-1.76337e-07	1.30097e-06
2.34115e-07	-3.95727e-09	1.19856e-06
-1.48302e-07	1.0441e-07	1.00711e-06
-1.06756e-07	-3.05235e-07	1.3971e-06
-4.70291e-08	1.39096e-07	1.3318e-06
3.2828e-07	3.20854e-07	1.50665e-06
-1.11137e-07	3.41728e-08	1.58066e-06
1.27686e-07	2.03467e-07	1.23934e-06
3.52276e-07	1.43745e-07	1.03098e-06
-1.60229e-08	-5.76814e-08	1.5832e-06
3.63504e-07	-6.13514e-08	1.68651e-06
-1.05582e-07	-2.50817e-07	1.0615e-06
1.09392e-07	-2.39109e-07	1.48651e-06
2.33195e-07	-3.00273e-09	1.23823e-06
9.68961e-08	2.04763e-07	1.358e-06
-4.114e-08	-1.74418e-07	1.46195e-06
-2.65789e-07	3.17986e-07	1.20989e-06
-9.35847e-08	2.1296e-07	1.49724e-06
-1.47407e-08	3.58631e-07	1.34361e-06
2.22945e-07	3.46722e-07	1.70502e-06
-4.84532e-08	2.85368e-08	1.44037e-06
-1.54641e-07	-2.40097e-07	1.34257e-06
-1.35886e-08	2.46068e-07	1.02161e-06
3.30671e-09	-2.9349e-07	1.45479e-06
-1.40044e-07	2.75288e-07	1.56138e-06
3.6592e-07	-8.85761e-08	1.3478e-06
2.7132e-07	-1.09989e-07	1.09441e-06
2.38671e-07	-1.70117e-07	1.5906e-06
2.2263e-07	3.63705e-07	1.29787e-06
2.95655e-07	1.7179e-07	1.4716e-06
3.15155e-07	-4.71707e-08	1.11958e-06
-1.74875e-07	2.72416e-07	1.00737e-06
-6.26395e-08	-9.30445e-08	1.66044e-06
1.95983e-07	1.79611e-07	1.58463e-06
-1.35312e-07	-2.89483e-08	1.45093e-06
-1.88624e-07	3.31958e-07	1.03054e-06
-8.36833e-08	-1.05245e-07	1.28045e-06
2.96744e-09	2.05748e-07	1.57288e-06
-9.04662e-08	3.35252e-08	1.15238e-06
2.35709e-07	4.08824e-07	1.3293e-06
-1.30789e-07	8.90711e-09	1.22771e-06
6.13538e-08	1.68104e-08	1e-06
-1.85244e-07	2.07061e-08	1.17526e-06
2.62095e-07	8.8908e-08	1.34027e-06
-7.02316e-08	-1.01944e-07	1.09381e-06
1.27061e-07	3.55025e-08	1.64167e-06
-1.61333e-07	-2.36781e-07	1.11844e-06
2.72672e-07	1.63405e-07	1.20276e-06
-6.04341e-08	-5.50169e-08	1.10364e-06
-2.1943e-07	-2.24951e-09	1.44432e-06
-1.70904e-08	-1.76337e-07	1.30097e-06
2.34115e-07	-3.95727e-09	1.19856e-06
-1.48302e-07	1.0441e-07	1.00711e-06
-1.06756e-07	-3.05235e-07	1.3971e-06
-4.70291e-08	1.39096e-07	1.3318e-06
3.2828e-07	3.20854e-07	1.50665e-06
-1.11137e-07	3.41728e-08	1.58066e-06
1.27686e-07	2.03467e-07	1.23934e-06
3.52276e-07	1.43745e-07	1.03098e-06
-1.60229e-08	-5.76814e-08	1.5832e-06
3.63504e-07	-6.13514e-08	1.68651e-06
-1.05582e-07	-2.50817e-07	1.0615e-06
1.09392e-07	-2.39109e-07	1.48651e-06
2.33195e-07	-3.00273e-09	1.23823e-06
9.68961e-08	2.04763e-07	1.358e-06
-4.114e-08	-1.74418e-07	1.46195e-06
-2.65789e-07	3.17986e-07	1.20989e-06
-9.35847e-08	2.1296e-07	1.49724e-06
-1.47407e-08	3.58631e-07	1.34361e-06
2.22945e-07	3.46722e-07	1.70502e-06
-4.84532e-08	2.85368e-08	1.44037e-06
-1.54641e-07	-2.40097e-07	1.34257e-06
-1.35886e-08	2.46068e-07	1.02161e-06
3.30671e-09	-2.9349e-07	1.45479e-06
-1.40044e-07	2.75288e-07	1.56138e-06
3.6592e-07	-8.85761e-08	1.3478e-06
2.7132e-07	-1.09989e-07	1.09441e-06
2.38671e-07	-1.70117e-07	1.5906e-06
2.2263e-07	3.63705e-07	1.29787e-06
2.95655e-07	1.7179e-07	1.4716e-06
3.15155e-07	-4.71707e-08	1.11958e-06
-1.74875e-07	2.72416e-07	1.00737e-06
-6.26395e-08	-9.30445e-08	1.66044e-06
1.95983e-07	1.79611e-07	1.58463e-06
-1.35312e-07	-2.89483e-08	1.45093e-06
-1.88624e-07	3.31958e-07	1.03054e-06
-8.36833e-08	-1.05245e-07	1.28045e-06
2.96744e-09	2.05748e-07	1.57288e-06
-9.04662e-08	3.35252e-08	1.15238e-06
2.35709e-07	4.08824e-07	1.3293e-06
-1.30789e-07	8.90711e-09	1.22771e-06
6.13538e-08	1.68104e-08	1e-06
-1.85244e-07	2.07061e-08	1.17526e-06
2.62095e-07	8.8908e-08	1.34027e-06
-7.02316e-08	-1.01944e-07	1.09381e-06
1.27061e-07	3.55025e-08	1.64167e-06
-1.61333e-07	-2.36781e-07	1.11844e-06
2.72672e-07	1.63405e-07	1.20276e-06
-6.04341e-08	-5.50169e-08	1.10364e-06
-2.1943e-07	-2.24951e-09	1.44432e-06
-1.70904e-08	-1.76337e-07	1.30097e-06
2.34115e-07	-3.95727e-09	1.19856e-06
-1.48302e-07	1.0441e-07	1.00711e-06
-1.06756e-07	-3.05235e-07	1.3971e-06
-4.70291e-08	1.39096e-07	1.3318e-06
3.2828e-07	3.20854e-07	1.50665e-06
-1.11137e-07	3.41728e-08	1.58066e-06
1.27686e-07	2.03467e-07	1.23934e-06
3.52276e-07	1.43745e-07	1.03098e-06
-1.60229e-08	-5.76814e-08	1.5832e-06
3.63504e-07	-6.13514e-08	1.68651e-06
-1.05582e-07	-2.50817e-07	1.0615e-06
1.09392e-07	-2.39109e-07	1.48651e-06
2.33195e-07	-3.00273e-09	1.23823e-06
9.68961e-08	2.04763e-07	1.358e-06
-4.114e-08	-1.74418e-07	1.46195e-06
-2.65789e-07	3.17986e-07	1.20989e-06
-9.35847e-08	2.1296e-07	1.49724e-06
-1.47407e-08	3.58631e-07	1.34361e-06
2.22945e-07	3.46722e-07	1.70502e-06
-4.84532e-08	2.85368e-08	1.44037e-06
-1.54641e-07	-2.40097e-07	1.34257e-06
-1.35886e-08	2.46068e-07	1.02161e-06
3.30671e-09	-2.9349e-07	1.45479e-06
-1.40044e-07	2.75288e-07	1.56138e-06
3.6592e-07	-8.85761e-08	1.3478e-06
2.7132e-07	-1.09989e-07	1.09441e-06
2.38671e-07	-1.70117e-07	1.5906e-06
2.2263e-07	3.63705e-07	1.29787e-06
2.95655e-07	1.7179e-07	1.4716e-06
3.15155e-07	-4.71707e-08	1.11958e-06
-1.74875e-07	2.72416e-07	1.00737e-06
-6.26395e-08	-9.30445e-08	1.66044e-06
1.95983e-07	1.79611e-07	1.58463e-06
-1.35312e-07	-2.89483e-08	1.45093e-06
-1.88624e-07	3.31958e-07	1.03054e-06
-8.36833e-08	-1.05245e-07	1.28045e-06
2.96744e-09	2.05748e-07	1.57288e-06
-9.04662e-08	3.35252e-08	1.15238e-06
2.35709e-07	4.08824e-07	1.3293e-06
-1.30789e-07	8.90711e-09	1.22771e-06
6.13538e-08	1.68104e-08	1e-06
-1.85244e-07	2.07061e-08	1.17526e-06
2.62095e-07	8.8908e-08	1.34027e-06
-7.02316e-08	-1.01944e-07	1.09381e-06
1.27061e-07	3.55025e-08	1.64167e-06
-1.61333e-07	-2.36781e-07	1.11844e-06
2.72672e-07	1.63405e-07	1.20276e-06
-6.04341e-08	-5.50169e-08	1.10364e-06
-2.1943e-07	-2.24951e-09	1.44432e-06
-1.70904e-08	-1.76337e-07	1.30097e-06
2.34115e-07	-3.95727e-09	1.19856e-06
-1.48302e-07	1.0441e-07	1.00711e-06
-1.06756e-07	-3.05235e-07	1.3971e-06
-4.70291e-08	1.39096e-07	1.3318e-06
3.2828e-07	3.20854e-07	1.50665e-06
-1.11137e-07	3.41728e-08	1.58066e-06
1.27686e-07	2.03467e-07	1.23934e-06
3.52276e-07	1.43745e-07	1.03098e-06
-1.60229e-08	-5.76814e-08	1.5832e-06
3.63504e-07	-6.13514e-08	1.68651e-06
-1.05582e-07	-2.50817e-07	1.0615e-06
1.09392e-07	-2.39109e-07	1.48651e-06
2.33195e-07	-3.00273e-09	1.23823e-06
9.68961e-08	2.04763e-07	1.358e-06
-4.114e-08	-1.74418e-07	1.46195e-06
-2.65789e-07	3.17986e-07	1.20989e-06
-9.35847e-08	2.1296e-07	1.49724e-06
-1.47407e-08	3.58631e-07	1.34361e-06
2.22945e-07	3.46722e-07	1.70502e-06
-4.84532e-08	2.85368e-08	1.44037e-06
-1.54641e-07	-2.40097e-07	1.34257e-06
-1.35886e-08	2.46068e-07	1.02161e-06
3.30671e-09	-2.9349e-07	1.45479e-06
-1.40044e-07	2.75288e-07	1.56138e-06
3.6592e-07	-8.85761e-08	1.3478e-06
2.7132e-07	-1.09989e-07	1.09441e-06
2.38671e-07	-1.70117e-07	1.5906e-06
2.2263e-07	3.63705e-07	1.29787e-06
2.95655e-07	1.7179e-07	1.4716e-06
3.15155e-07	-4.71707e-08	1.11958e-06
-1.74875e-07	2.72416e-07	1.00737e-06
-6.26395e-08	-9.30445e-08	1.66044e-06
1.95983e-07	1.79611e-07	1.58463e-06
-1.35312e-07	-2.89483e-08	1.45093e-06
-1.88624e-07	3.31958e-07	1.03054e-06
-8.36833e-08	-1.05245e-07	1.28045e-06
2.96744e-09	2.05748e-07	1.57288e-06
-9.04662e-08	3.35252e-08	1.15238e-06
