-128.883	154.673	5146.58
-217.38	379.799	5497.36
599.215	-716.949	3385.78
574.047	278.044	4468.6
494.156	264.856	4875.9
-84.8237	104.366	4189.32
-455.714	662.055	4819.71
1358.28	-534.749	5325.56
1019.53	273.856	5371.48
-326.309	-253.837	4839.73
507.361	1227.43	3511.4
442.434	-14.7338	5404.44
-372.973	-320.827	3340.76
678.025	1046.39	3485.25
-785.242	132.749	4638.24
-220.344	-383.298	5413.21
216.034	265.847	4582.94
304.129	-264.668	3356.76
95.5852	483.548	4729.5
-298.453	775.627	5084.71
446.89	879.789	5340.49
230.88	-976.621	5334.69
-165.355	28.0049	4753.08
263.456	-147.075	5127.16
1136.9	644.561	4446.77
209.356	-277.097	3477.41
605.523	-795.714	4808.13
324.932	-687.501	5337.76
-392.402	-2.39637	4452.39
1175.24	1089.35	3807.51
-580.533	642.741	4536.22
-82.2443	270.899	4815.17
58.4682	151.025	4562.01
-280.655	-173.812	3306.19
-548.447	1191.55	4234.05
858.462	1270.98	4057.31
-16.3973	440.554	4832.53
-65.9289	-459.977	3650.77
981.926	486.11	4549.74
470.747	71.0841	3965.81
-88.2103	273.775	5515.34
-404.161	-265.569	5432.89
-633.771	952.64	5557.94
-579.923	973.424	4139.98
982.365	1177.8	4039.54
191.632	788.059	3616.52
-435.002	1004.05	3773.86
178.308	694.654	4836.51
346.59	1263.95	5067.49
-140.14	260.521	4045.11
-128.883	154.673	5146.58
-217.38	379.799	5497.36
599.215	-716.949	3385.78
574.047	278.044	4468.6
494.156	264.856	4875.9
-84.8237	104.366	4189.32
-455.714	662.055	4819.71
1358.28	-534.749	5325.56
1019.53	273.856	5371.48
-326.309	-253.837	4839.73
507.361	1227.43	3511.4
442.434	-14.7338	5404.44
-372.973	-320.827	3340.76
678.025	1046.39	3485.25
-785.242	132.749	4638.24
-220.344	-383.298	5413.21
216.034	265.847	4582.94
304.129	-264.668	3356.76
95.5852	483.548	4729.5
-298.453	775.627	5084.71
446.89	879.789	5340.49
230.88	-976.621	5334.69
-165.355	28.0049	4753.08
263.456	-147.075	5127.16
1136.9	644.561	4446.77
209.356	-277.097	3477.41
605.523	-795.714	4808.13
324.932	-687.501	5337.76
-392.402	-2.39637	4452.39
1175.24	1089.35	3807.51
-580.533	642.741	4536.22
-82.2443	270.899	4815.17
58.4682	151.025	4562.01
-280.655	-173.812	3306.19
-548.447	1191.55	4234.05
858.462	1270.98	4057.31
-16.3973	440.554	4832.53
-65.9289	-459.977	3650.77
981.926	486.11	4549.74
470.747	71.0841	3965.81
-88.2103	273.775	5515.34
-404.161	-265.569	5432.89
-633.771	952.64	5557.94
-579.923	973.424	4139.98
982.365	1177.8	4039.54
191.632	788.059	3616.52
-435.002	1004.05	3773.86
178.308	694.654	4836.51
346.59	1263.95	5067.49
-140.14	260.521	4045.11
-128.883	154.673	5146.58
-217.38	379.799	5497.36
599.215	-716.949	3385.78
574.047	278.044	4468.6
494.156	264.856	4875.9
-84.8237	104.366	4189.32
-455.714	662.055	4819.71
1358.28	-534.749	5325.56
1019.53	273.856	5371.48
-326.309	-253.837	4839.73
507.361	1227.43	3511.4
442.434	-14.7338	5404.44
-372.973	-320.827	3340.76
678.025	1046.39	3485.25
-785.242	132.749	4638.24
-220.344	-383.298	5413.21
216.034	265.847	4582.94
304.129	-264.668	3356.76
95.5852	483.548	4729.5
-298.453	775.627	5084.71
446.89	879.789	5340.49
230.88	-976.621	5334.69
-165.355	28.0049	4753.08
263.456	-147.075	5127.16
1136.9	644.561	4446.77
209.356	-277.097	3477.41
605.523	-795.714	4808.13
324.932	-687.501	5337.76
-392.402	-2.39637	4452.39
1175.24	1089.35	3807.51
-580.533	642.741	4536.22
-82.2443	270.899	4815.17
58.4682	151.025	4562.01
-280.655	-173.812	3306.19
-548.447	1191.55	4234.05
858.462	1270.98	4057.31
-16.3973	440.554	4832.53
-65.9289	-459.977	3650.77
981.926	486.11	4549.74
470.747	71.0841	3965.81
-88.2103	273.775	5515.34
-404.161	-265.569	5432.89
-633.771	952.64	5557.94
-579.923	973.424	4139.98
982.365	1177.8	4039.54
191.632	788.059	3616.52
-435.002	1004.05	3773.86
178.308	694.654	4836.51
346.59	1263.95	5067.49
-140.14	260.521	4045.11
-128.883	154.673	5146.58
-217.38	379.799	5497.36
599.215	-716.949	3385.78
574.047	278.044	4468.6
494.156	264.856	4875.9
-84.8237	104.366	4189.32
-455.714	662.055	4819.71
1358.28	-534.749	5325.56
1019.53	273.856	5371.48
-326.309	-253.837	4839.73
507.361	1227.43	3511.4
442.434	-14.7338	5404.44
-372.973	-320.827	3340.76
678.025	1046.39	3485.25
-785.242	132.749	4638.24
-220.344	-383.298	5413.21
216.034	265.847	4582.94
304.129	-264.668	3356.76
95.5852	483.548	4729.5
-298.453	775.627	5084.71
446.89	879.789	5340.49
230.88	-976.621	5334.69
-165.355	28.0049	4753.08
263.456	-147.075	5127.16
1136.9	644.561	4446.77
209.356	-277.097	3477.41
605.523	-795.714	4808.13
324.932	-687.501	5337.76
-392.402	-2.39637	4452.39
1175.24	1089.35	3807.51
-580.533	642.741	4536.22
-82.2443	270.899	4815.17
58.4682	151.025	4562.01
-280.655	-173.812	3306.19
-548.447	1191.55	4234.05
858.462	1270.98	4057.31
-16.3973	440.554	4832.53
-65.9289	-459.977	3650.77
981.926	486.11	4549.74
470.747	71.0841	3965.81
-88.2103	273.775	5515.34
-404.161	-265.569	5432.89
-633.771	952.64	5557.94
-579.923	973.424	4139.98
982.365	1177.8	4039.54
191.632	788.059	3616.52
-435.002	1004.05	3773.86
178.308	694.654	4836.51
346.59	1263.95	5067.49
-140.14	260.521	4045.11
-128.883	154.673	5146.58
-217.38	379.799	5497.36
599.215	-716.949	3385.78
574.047	278.044	4468.6
494.156	264.856	4875.9
-84.8237	104.366	4189.32
-455.714	662.055	4819.71
1358.28	-534.749	5325.56
1019.53	273.856	5371.48
-326.309	-253.837	4839.73
507.361	1227.43	3511.4
442.434	-14.7338	5404.44
-372.973	-320.827	3340.76
678.025	1046.39	3485.25
-785.242	132.749	4638.24
-220.344	-383.298	5413.21
216.034	265.847	4582.94
304.129	-264.668	3356.76
95.5852	483.548	4729.5
-298.453	775.627	5084.71
446.89	879.789	5340.49
230.88	-976.621	5334.69
-165.355	28.0049	4753.08
263.456	-147.075	5127.16
1136.9	644.561	4446.77
209.356	-277.097	3477.41
605.523	-795.714	4808.13
324.932	-687.501	5337.76
-392.402	-2.39637	4452.39
1175.24	1089.35	3807.51
-580.533	642.741	4536.22
-82.2443	270.899	4815.17
58.4682	151.025	4562.01
-280.655	-173.812	3306.19
-548.447	1191.55	4234.05
858.462	1270.98	4057.31
-16.3973	440.554	4832.53
-65.9289	-459.977	3650.77
981.926	486.11	4549.74
470.747	71.0841	3965.81
-88.2103	273.775	5515.34
-404.161	-265.569	5432.89
-633.771	952.64	5557.94
-579.923	973.424	4139.98
982.365	1177.8	4039.54
191.632	788.059	3616.52
-435.002	1004.05	3773.86
178.308	694.654	4836.51
346.59	1263.95	5067.49
-140.14	260.521	4045.11
