567.169	829.865	3432.95
-829.928	763.201	4031.65
-607.154	-88.1096	3000.99
420.667	248.422	4013.49
1190	78.3454	4359.1
307.219	805.153	3180.87
1049.37	-340.375	4021.56
127.995	-580.33	3439.95
489.102	45.1489	4704.48
1323.85	-564.733	4027.6
453.94	1209.04	3210.39
-135.375	-871.038	4868.84
382.357	-167.693	4958.75
1007.32	-60.446	4593.68
733.113	-451.474	4566.23
-246.419	472.276	4435.39
-777.799	779.014	3473.3
697.796	-673.554	3944.97
-189.854	-286.445	4182.35
119.771	333.187	3546.47
291.148	116.23	3199.88
590.285	109.535	4054.44
213.795	1225.12	3620.98
-448.813	289.129	3241.67
760.919	-639.927	4940.01
58.091	178.826	4613.74
-511.46	502.82	3561.02
201.545	-322.606	4187.88
157.129	-16.8836	3426.61
-170.921	-28.5943	4287.32
-213.24	853.814	3771.6
1142.97	-225.219	4471.03
197.507	-364.009	3045.18
389.964	954.513	4109.34
1073.78	1026.47	3856.22
0.11927	771.817	3796.29
284.832	-345.974	3685.42
-381.436	702.677	5082.86
372.17	-240.262	3240.87
-84.6045	-362.108	4650.13
127.533	385.632	3511.06
147.146	1173.74	4301.1
-528.382	380.906	3850.61
-686.034	382.347	4465.98
-678.132	415.914	4237.5
413.817	356.666	4245.62
-227.047	-103.071	3068.81
945.579	24.8384	4141.34
178.141	765.963	4515.05
768.184	739.272	4077.4
567.169	829.865	3432.95
-829.928	763.201	4031.65
-607.154	-88.1096	3000.99
420.667	248.422	4013.49
1190	78.3454	4359.1
307.219	805.153	3180.87
1049.37	-340.375	4021.56
127.995	-580.33	3439.95
489.102	45.1489	4704.48
1323.85	-564.733	4027.6
453.94	1209.04	3210.39
-135.375	-871.038	4868.84
382.357	-167.693	4958.75
1007.32	-60.446	4593.68
733.113	-451.474	4566.23
-246.419	472.276	4435.39
-777.799	779.014	3473.3
697.796	-673.554	3944.97
-189.854	-286.445	4182.35
119.771	333.187	3546.47
291.148	116.23	3199.88
590.285	109.535	4054.44
213.795	1225.12	3620.98
-448.813	289.129	3241.67
760.919	-639.927	4940.01
58.091	178.826	4613.74
-511.46	502.82	3561.02
201.545	-322.606	4187.88
157.129	-16.8836	3426.61
-170.921	-28.5943	4287.32
-213.24	853.814	3771.6
1142.97	-225.219	4471.03
197.507	-364.009	3045.18
389.964	954.513	4109.34
1073.78	1026.47	3856.22
0.11927	771.817	3796.29
284.832	-345.974	3685.42
-381.436	702.677	5082.86
372.17	-240.262	3240.87
-84.6045	-362.108	4650.13
127.533	385.632	3511.06
147.146	1173.74	4301.1
-528.382	380.906	3850.61
-686.034	382.347	4465.98
-678.132	415.914	4237.5
413.817	356.666	4245.62
-227.047	-103.071	3068.81
945.579	24.8384	4141.34
178.141	765.963	4515.05
768.184	739.272	4077.4
567.169	829.865	3432.95
-829.928	763.201	4031.65
-607.154	-88.1096	3000.99
420.667	248.422	4013.49
1190	78.3454	4359.1
307.219	805.153	3180.87
1049.37	-340.375	4021.56
127.995	-580.33	3439.95
489.102	45.1489	4704.48
1323.85	-564.733	4027.6
453.94	1209.04	3210.39
-135.375	-871.038	4868.84
382.357	-167.693	4958.75
1007.32	-60.446	4593.68
733.113	-451.474	4566.23
-246.419	472.276	4435.39
-777.799	779.014	3473.3
697.796	-673.554	3944.97
-189.854	-286.445	4182.35
119.771	333.187	3546.47
291.148	116.23	3199.88
590.285	109.535	4054.44
213.795	1225.12	3620.98
-448.813	289.129	3241.67
760.919	-639.927	4940.01
58.091	178.826	4613.74
-511.46	502.82	3561.02
201.545	-322.606	4187.88
157.129	-16.8836	3426.61
-170.921	-28.5943	4287.32
-213.24	853.814	3771.6
1142.97	-225.219	4471.03
197.507	-364.009	3045.18
389.964	954.513	4109.34
1073.78	1026.47	3856.22
0.11927	771.817	3796.29
284.832	-345.974	3685.42
-381.436	702.677	5082.86
372.17	-240.262	3240.87
-84.6045	-362.108	4650.13
127.533	385.632	3511.06
147.146	1173.74	4301.1
-528.382	380.906	3850.61
-686.034	382.347	4465.98
-678.132	415.914	4237.5
413.817	356.666	4245.62
-227.047	-103.071	3068.81
945.579	24.8384	4141.34
178.141	765.963	4515.05
768.184	739.272	4077.4
567.169	829.865	3432.95
-829.928	763.201	4031.65
-607.154	-88.1096	3000.99
420.667	248.422	4013.49
1190	78.3454	4359.1
307.219	805.153	3180.87
1049.37	-340.375	4021.56
127.995	-580.33	3439.95
489.102	45.1489	4704.48
1323.85	-564.733	4027.6
453.94	1209.04	3210.39
-135.375	-871.038	4868.84
382.357	-167.693	4958.75
1007.32	-60.446	4593.68
733.113	-451.474	4566.23
-246.419	472.276	4435.39
-777.799	779.014	3473.3
697.796	-673.554	3944.97
-189.854	-286.445	4182.35
119.771	333.187	3546.47
291.148	116.23	3199.88
590.285	109.535	4054.44
213.795	1225.12	3620.98
-448.813	289.129	3241.67
760.919	-639.927	4940.01
58.091	178.826	4613.74
-511.46	502.82	3561.02
201.545	-322.606	4187.88
157.129	-16.8836	3426.61
-170.921	-28.5943	4287.32
-213.24	853.814	3771.6
1142.97	-225.219	4471.03
197.507	-364.009	3045.18
389.964	954.513	4109.34
1073.78	1026.47	3856.22
0.11927	771.817	3796.29
284.832	-345.974	3685.42
-381.436	702.677	5082.86
372.17	-240.262	3240.87
-84.6045	-362.108	4650.13
127.533	385.632	3511.06
147.146	1173.74	4301.1
-528.382	380.906	3850.61
-686.034	382.347	4465.98
-678.132	415.914	4237.5
413.817	356.666	4245.62
-227.047	-103.071	3068.81
945.579	24.8384	4141.34
178.141	765.963	4515.05
768.184	739.272	4077.4
567.169	829.865	3432.95
-829.928	763.201	4031.65
-607.154	-88.1096	3000.99
420.667	248.422	4013.49
1190	78.3454	4359.1
307.219	805.153	3180.87
1049.37	-340.375	4021.56
127.995	-580.33	3439.95
489.102	45.1489	4704.48
1323.85	-564.733	4027.6
453.94	1209.04	3210.39
-135.375	-871.038	4868.84
382.357	-167.693	4958.75
1007.32	-60.446	4593.68
733.113	-451.474	4566.23
-246.419	472.276	4435.39
-777.799	779.014	3473.3
697.796	-673.554	3944.97
-189.854	-286.445	4182.35
119.771	333.187	3546.47
291.148	116.23	3199.88
590.285	109.535	4054.44
213.795	1225.12	3620.98
-448.813	289.129	3241.67
760.919	-639.927	4940.01
58.091	178.826	4613.74
-511.46	502.82	3561.02
201.545	-322.606	4187.88
157.129	-16.8836	3426.61
-170.921	-28.5943	4287.32
-213.24	853.814	3771.6
1142.97	-225.219	4471.03
197.507	-364.009	3045.18
389.964	954.513	4109.34
1073.78	1026.47	3856.22
0.11927	771.817	3796.29
284.832	-345.974	3685.42
-381.436	702.677	5082.86
372.17	-240.262	3240.87
-84.6045	-362.108	4650.13
127.533	385.632	3511.06
147.146	1173.74	4301.1
-528.382	380.906	3850.61
-686.034	382.347	4465.98
-678.132	415.914	4237.5
413.817	356.666	4245.62
-227.047	-103.071	3068.81
945.579	24.8384	4141.34
178.141	765.963	4515.05
768.184	739.272	4077.4
