566.619	829.06	3429.62
-830.021	763.287	4032.11
-607.374	-88.1416	3002.08
420.348	248.233	4010.44
1188.34	78.2357	4352.99
307.002	804.584	3178.62
1048.22	-340.001	4017.14
127.974	-580.234	3439.39
488.679	45.1098	4700.41
1322.19	-564.024	4022.54
453.505	1207.88	3207.31
-135.363	-870.962	4868.42
382.07	-167.567	4955.02
1006.06	-60.3709	4587.97
732.461	-451.072	4562.17
-246.334	472.113	4433.86
-777.92	779.135	3473.83
697.314	-673.09	3942.25
-189.833	-286.412	4181.88
119.715	333.033	3544.83
291.008	116.174	3198.35
589.775	109.441	4050.94
213.618	1224.1	3617.97
-448.846	289.15	3241.91
760.223	-639.342	4935.49
58.0599	178.73	4611.27
-511.463	502.823	3561.04
201.459	-322.468	4186.09
157.072	-16.8775	3425.36
-170.882	-28.5878	4286.35
-213.158	853.485	3770.14
1141.5	-224.93	4465.29
197.463	-363.927	3044.49
389.585	953.586	4105.34
1072.14	1024.91	3850.36
0.119205	771.4	3794.24
284.716	-345.833	3683.92
-381.279	702.389	5080.77
372.005	-240.156	3239.44
-84.5832	-362.016	4648.96
127.472	385.448	3509.38
147.018	1172.72	4297.36
-528.388	380.91	3850.66
-686.063	382.363	4466.17
-678.175	415.94	4237.77
413.476	356.371	4242.12
-227.056	-103.075	3068.93
944.495	24.81	4136.6
177.998	765.349	4511.43
767.252	738.375	4072.46
566.619	829.06	3429.62
-830.021	763.287	4032.11
-607.374	-88.1416	3002.08
420.348	248.233	4010.44
1188.34	78.2357	4352.99
307.002	804.584	3178.62
1048.22	-340.001	4017.14
127.974	-580.234	3439.39
488.679	45.1098	4700.41
1322.19	-564.024	4022.54
453.505	1207.88	3207.31
-135.363	-870.962	4868.42
382.07	-167.567	4955.02
1006.06	-60.3709	4587.97
732.461	-451.072	4562.17
-246.334	472.113	4433.86
-777.92	779.135	3473.83
697.314	-673.09	3942.25
-189.833	-286.412	4181.88
119.715	333.033	3544.83
291.008	116.174	3198.35
589.775	109.441	4050.94
213.618	1224.1	3617.97
-448.846	289.15	3241.91
760.223	-639.342	4935.49
58.0599	178.73	4611.27
-511.463	502.823	3561.04
201.459	-322.468	4186.09
157.072	-16.8775	3425.36
-170.882	-28.5878	4286.35
-213.158	853.485	3770.14
1141.5	-224.93	4465.29
197.463	-363.927	3044.49
389.585	953.586	4105.34
1072.14	1024.91	3850.36
0.119205	771.4	3794.24
284.716	-345.833	3683.92
-381.279	702.389	5080.77
372.005	-240.156	3239.44
-84.5832	-362.016	4648.96
127.472	385.448	3509.38
147.018	1172.72	4297.36
-528.388	380.91	3850.66
-686.063	382.363	4466.17
-678.175	415.94	4237.77
413.476	356.371	4242.12
-227.056	-103.075	3068.93
944.495	24.81	4136.6
177.998	765.349	4511.43
767.252	738.375	4072.46
566.619	829.06	3429.62
-830.021	763.287	4032.11
-607.374	-88.1416	3002.08
420.348	248.233	4010.44
1188.34	78.2357	4352.99
307.002	804.584	3178.62
1048.22	-340.001	4017.14
127.974	-580.234	3439.39
488.679	45.1098	4700.41
1322.19	-564.024	4022.54
453.505	1207.88	3207.31
-135.363	-870.962	4868.42
382.07	-167.567	4955.02
1006.06	-60.3709	4587.97
732.461	-451.072	4562.17
-246.334	472.113	4433.86
-777.92	779.135	3473.83
697.314	-673.09	3942.25
-189.833	-286.412	4181.88
119.715	333.033	3544.83
291.008	116.174	3198.35
589.775	109.441	4050.94
213.618	1224.1	3617.97
-448.846	289.15	3241.91
760.223	-639.342	4935.49
58.0599	178.73	4611.27
-511.463	502.823	3561.04
201.459	-322.468	4186.09
157.072	-16.8775	3425.36
-170.882	-28.5878	4286.35
-213.158	853.485	3770.14
1141.5	-224.93	4465.29
197.463	-363.927	3044.49
389.585	953.586	4105.34
1072.14	1024.91	3850.36
0.119205	771.4	3794.24
284.716	-345.833	3683.92
-381.279	702.389	5080.77
372.005	-240.156	3239.44
-84.5832	-362.016	4648.96
127.472	385.448	3509.38
147.018	1172.72	4297.36
-528.388	380.91	3850.66
-686.063	382.363	4466.17
-678.175	415.94	4237.77
413.476	356.371	4242.12
-227.056	-103.075	3068.93
944.495	24.81	4136.6
177.998	765.349	4511.43
767.252	738.375	4072.46
566.619	829.06	3429.62
-830.021	763.287	4032.11
-607.374	-88.1416	3002.08
420.348	248.233	4010.44
1188.34	78.2357	4352.99
307.002	804.584	3178.62
1048.22	-340.001	4017.14
127.974	-580.234	3439.39
488.679	45.1098	4700.41
1322.19	-564.024	4022.54
453.505	1207.88	3207.31
-135.363	-870.962	4868.42
382.07	-167.567	4955.02
1006.06	-60.3709	4587.97
732.461	-451.072	4562.17
-246.334	472.113	4433.86
-777.92	779.135	3473.83
697.314	-673.09	3942.25
-189.833	-286.412	4181.88
119.715	333.033	3544.83
291.008	116.174	3198.35
589.775	109.441	4050.94
213.618	1224.1	3617.97
-448.846	289.15	3241.91
760.224	-639.342	4935.49
58.0599	178.73	4611.27
-511.463	502.823	3561.04
201.459	-322.468	4186.09
157.072	-16.8775	3425.36
-170.882	-28.5878	4286.35
-213.158	853.485	3770.14
1141.5	-224.93	4465.29
197.463	-363.927	3044.49
389.585	953.586	4105.34
1072.14	1024.91	3850.36
0.119205	771.4	3794.24
284.716	-345.833	3683.92
-381.279	702.389	5080.77
372.005	-240.156	3239.44
-84.5832	-362.016	4648.96
127.472	385.448	3509.38
147.018	1172.72	4297.36
-528.388	380.91	3850.66
-686.063	382.363	4466.17
-678.175	415.94	4237.77
413.476	356.371	4242.12
-227.056	-103.075	3068.93
944.495	24.81	4136.6
177.998	765.349	4511.43
767.252	738.375	4072.46
566.619	829.06	3429.62
-830.021	763.287	4032.11
-607.374	-88.1416	3002.08
420.348	248.233	4010.44
1188.34	78.2357	4352.99
307.002	804.584	3178.62
1048.22	-340.001	4017.14
127.974	-580.234	3439.39
488.679	45.1098	4700.41
1322.19	-564.024	4022.54
453.505	1207.88	3207.31
-135.363	-870.962	4868.42
382.07	-167.567	4955.02
1006.06	-60.3709	4587.97
732.461	-451.072	4562.17
-246.334	472.113	4433.86
-777.92	779.135	3473.83
697.314	-673.09	3942.25
-189.833	-286.412	4181.88
119.715	333.033	3544.83
291.008	116.174	3198.35
589.775	109.441	4050.94
213.618	1224.1	3617.97
-448.846	289.15	3241.91
760.224	-639.342	4935.49
58.0599	178.73	4611.27
-511.463	502.823	3561.04
201.459	-322.468	4186.09
157.072	-16.8775	3425.36
-170.882	-28.5878	4286.35
-213.158	853.485	3770.14
1141.5	-224.93	4465.29
197.463	-363.927	3044.49
389.585	953.586	4105.34
1072.14	1024.91	3850.36
0.119205	771.4	3794.24
284.716	-345.833	3683.92
-381.279	702.389	5080.77
372.005	-240.156	3239.44
-84.5832	-362.016	4648.96
127.472	385.448	3509.38
147.018	1172.72	4297.36
-528.388	380.91	3850.66
-686.063	382.363	4466.17
-678.175	415.94	4237.77
413.476	356.371	4242.12
-227.056	-103.075	3068.93
944.495	24.81	4136.6
177.998	765.349	4511.43
767.252	738.375	4072.46
