564.193	825.51	3414.93
-825.713	759.325	4011.18
-604.29	-87.6939	2986.83
418.502	247.143	3992.83
1183.71	77.9312	4336.05
305.635	801.001	3164.47
1044.03	-338.641	4001.08
127.384	-577.558	3423.53
486.554	44.9137	4679.97
1317.13	-561.865	4007.15
451.534	1202.63	3193.37
-134.716	-866.797	4845.13
380.381	-166.826	4933.12
1002.03	-60.1287	4569.56
729.381	-449.176	4542.99
-245.148	469.839	4412.51
-773.906	775.115	3455.91
694.358	-670.236	3925.53
-188.921	-285.036	4161.78
119.166	331.506	3528.57
289.703	115.653	3184
587.248	108.972	4033.58
212.657	1218.6	3601.7
-446.619	287.716	3225.82
757.04	-636.664	4914.82
57.7913	177.903	4589.94
-508.908	500.312	3543.25
200.542	-321	4167.04
156.353	-16.8003	3409.69
-170.065	-28.451	4265.84
-212.138	849.4	3752.1
1137.01	-224.046	4447.74
196.562	-362.266	3030.6
387.875	949.401	4087.33
1067.92	1020.87	3835.19
0.118649	767.813	3776.59
283.435	-344.277	3667.34
-379.413	698.951	5055.91
370.352	-239.089	3225.05
-84.1827	-360.302	4626.95
126.888	383.682	3493.31
146.351	1167.4	4277.86
-525.742	379.003	3831.37
-682.56	380.411	4443.36
-674.714	413.818	4216.15
411.66	354.806	4223.49
-225.96	-102.577	3054.11
940.666	24.7094	4119.82
177.192	761.883	4490.99
764.07	735.313	4055.57
564.193	825.51	3414.93
-825.713	759.325	4011.18
-604.29	-87.6939	2986.83
418.502	247.143	3992.83
1183.71	77.9312	4336.05
305.635	801.001	3164.47
1044.03	-338.641	4001.08
127.384	-577.558	3423.53
486.554	44.9137	4679.97
1317.13	-561.865	4007.15
451.534	1202.63	3193.37
-134.716	-866.797	4845.13
380.381	-166.826	4933.12
1002.03	-60.1287	4569.56
729.381	-449.176	4542.99
-245.148	469.839	4412.51
-773.906	775.115	3455.91
694.358	-670.236	3925.53
-188.921	-285.036	4161.78
119.166	331.506	3528.57
289.703	115.653	3184
587.248	108.972	4033.58
212.657	1218.6	3601.7
-446.619	287.716	3225.82
757.04	-636.664	4914.82
57.7913	177.903	4589.94
-508.908	500.312	3543.25
200.542	-321	4167.04
156.353	-16.8003	3409.69
-170.065	-28.451	4265.84
-212.138	849.4	3752.1
1137.01	-224.046	4447.74
196.562	-362.266	3030.6
387.875	949.401	4087.33
1067.92	1020.87	3835.19
0.118649	767.813	3776.59
283.435	-344.277	3667.34
-379.413	698.951	5055.91
370.352	-239.089	3225.05
-84.1827	-360.302	4626.95
126.888	383.682	3493.31
146.351	1167.4	4277.86
-525.742	379.003	3831.37
-682.56	380.411	4443.36
-674.714	413.818	4216.15
411.66	354.806	4223.49
-225.96	-102.577	3054.11
940.666	24.7094	4119.82
177.192	761.883	4490.99
764.07	735.313	4055.57
564.193	825.51	3414.93
-825.713	759.325	4011.18
-604.29	-87.6939	2986.83
418.502	247.143	3992.83
1183.71	77.9312	4336.05
305.635	801.001	3164.47
1044.03	-338.641	4001.08
127.384	-577.558	3423.53
486.554	44.9137	4679.97
1317.13	-561.865	4007.15
451.534	1202.63	3193.37
-134.716	-866.797	4845.13
380.381	-166.826	4933.12
1002.03	-60.1287	4569.56
729.381	-449.176	4542.99
-245.148	469.839	4412.51
-773.906	775.115	3455.91
694.358	-670.236	3925.53
-188.921	-285.036	4161.78
119.166	331.506	3528.57
289.703	115.653	3184
587.248	108.972	4033.58
212.657	1218.6	3601.7
-446.619	287.716	3225.82
757.04	-636.664	4914.82
57.7913	177.903	4589.94
-508.908	500.312	3543.25
200.542	-321	4167.04
156.353	-16.8003	3409.69
-170.065	-28.451	4265.84
-212.138	849.4	3752.1
1137.01	-224.046	4447.74
196.562	-362.266	3030.6
387.875	949.401	4087.33
1067.92	1020.87	3835.19
0.118649	767.813	3776.59
283.435	-344.277	3667.34
-379.413	698.951	5055.91
370.352	-239.089	3225.05
-84.1827	-360.302	4626.95
126.888	383.682	3493.31
146.351	1167.4	4277.86
-525.742	379.003	3831.37
-682.56	380.411	4443.36
-674.714	413.818	4216.15
411.66	354.806	4223.49
-225.96	-102.577	3054.11
940.666	24.7094	4119.82
177.192	761.883	4490.99
764.07	735.313	4055.57
564.193	825.51	3414.93
-825.713	759.325	4011.18
-604.29	-87.6939	2986.83
418.502	247.143	3992.83
1183.71	77.9312	4336.05
305.635	801.001	3164.47
1044.03	-338.641	4001.08
127.384	-577.558	3423.53
486.554	44.9137	4679.97
1317.13	-561.865	4007.15
451.534	1202.63	3193.37
-134.716	-866.797	4845.13
380.381	-166.826	4933.12
1002.03	-60.1287	4569.56
729.381	-449.176	4542.99
-245.148	469.839	4412.51
-773.906	775.115	3455.91
694.358	-670.236	3925.53
-188.921	-285.036	4161.78
119.166	331.506	3528.57
289.703	115.653	3184
587.248	108.972	4033.58
212.657	1218.6	3601.7
-446.619	287.716	3225.82
757.04	-636.664	4914.82
57.7913	177.903	4589.94
-508.908	500.312	3543.25
200.542	-321	4167.04
156.353	-16.8003	3409.69
-170.065	-28.451	4265.84
-212.138	849.4	3752.1
1137.01	-224.046	4447.74
196.562	-362.266	3030.6
387.875	949.401	4087.33
1067.92	1020.87	3835.19
0.118649	767.813	3776.59
283.435	-344.277	3667.34
-379.413	698.951	5055.91
370.352	-239.089	3225.05
-84.1827	-360.302	4626.95
126.888	383.682	3493.31
146.351	1167.4	4277.86
-525.742	379.003	3831.37
-682.56	380.411	4443.36
-674.714	413.818	4216.15
411.66	354.806	4223.49
-225.96	-102.577	3054.11
940.666	24.7094	4119.82
177.192	761.883	4490.99
764.07	735.313	4055.57
564.193	825.51	3414.93
-825.713	759.325	4011.18
-604.29	-87.6939	2986.83
418.502	247.143	3992.83
1183.71	77.9312	4336.05
305.635	801.001	3164.47
1044.03	-338.641	4001.08
127.384	-577.558	3423.53
486.554	44.9137	4679.97
1317.13	-561.865	4007.15
451.534	1202.63	3193.37
-134.716	-866.797	4845.13
380.381	-166.826	4933.12
1002.03	-60.1287	4569.56
729.381	-449.176	4542.99
-245.148	469.839	4412.51
-773.906	775.115	3455.91
694.358	-670.236	3925.53
-188.921	-285.036	4161.78
119.166	331.506	3528.57
289.703	115.653	3184
587.248	108.972	4033.58
212.657	1218.6	3601.7
-446.619	287.716	3225.82
757.04	-636.664	4914.82
57.7913	177.903	4589.94
-508.908	500.312	3543.25
200.542	-321	4167.04
156.353	-16.8003	3409.69
-170.065	-28.451	4265.84
-212.138	849.4	3752.1
1137.01	-224.046	4447.74
196.562	-362.266	3030.6
387.875	949.401	4087.33
1067.92	1020.87	3835.19
0.118649	767.813	3776.59
283.435	-344.277	3667.34
-379.413	698.951	5055.91
370.352	-239.089	3225.05
-84.1827	-360.302	4626.95
126.888	383.682	3493.31
146.351	1167.4	4277.86
-525.742	379.003	3831.37
-682.56	380.411	4443.36
-674.714	413.818	4216.15
411.66	354.806	4223.49
-225.96	-102.577	3054.11
940.666	24.7094	4119.82
177.192	761.883	4490.99
764.07	735.313	4055.57
