7.197755440452832545e+02	2.444467866377724761e+02
4.850413565554462139e+02	2.869449327243200401e+02
6.702217779721454463e+02	6.119779278781561516e+02
4.657004301812845029e+02	2.659694847535425311e+02
4.622746093226270432e+02	6.066506598768036156e+02
4.208065273224808038e+02	6.950724200423522916e+02
3.240429347272929590e+02	6.310925367911969488e+02
6.047275531760677723e+02	4.592193964996629347e+02
6.598936632460664669e+02	4.989903870997694071e+02
5.413355455910552791e+02	5.324922229150945441e+02
7.081244751711811887e+02	6.528828802166470950e+02
6.068128525927966166e+02	2.619976858947026130e+02
4.537410437556789589e+02	3.374406461204298466e+02
4.139195740428643262e+02	3.417351545236608672e+02
7.077202959978637864e+02	5.068951538646206814e+02
3.711929057588081378e+02	1.474787991806140042e+02
5.402695713800804924e+02	3.425341197931335842e+02
5.417364486852411574e+02	2.756246443292821482e+02
4.248815349705990911e+02	3.068174331574285816e+02
5.149981829230961239e+02	4.136731252793715043e+02
5.581006316635117628e+02	4.621180482920922259e+02
4.690940991787226721e+02	6.620118439656615692e+02
5.407305452064903193e+02	4.398055834495457930e+02
7.063842178816898922e+02	2.899650202450569054e+02
5.633753523598852553e+02	3.114585963213235686e+02
4.029431573066888745e+02	1.873574998497318802e+02
4.277677887086909436e+02	3.760016429011490118e+02
3.831034093667161073e+02	3.445643614483701640e+02
5.427008061514092105e+02	1.942881086863454527e+02
3.303963291675420351e+02	4.250103433195967000e+02
5.241258911377581171e+02	3.995434801778026213e+02
7.483531355372615508e+02	2.768787107849734070e+02
3.425427897606116403e+02	4.472075579470210300e+02
5.177005017271175120e+02	2.302080641978336075e+02
4.816370532520565462e+02	5.383147320376306197e+02
3.012232920930309774e+02	4.081732103793918895e+02
4.323757224083416304e+02	2.101936785544328927e+02
2.570776350199924423e+02	6.641549175325179704e+02
4.317829484631046171e+02	2.925539893234440569e+02
3.251133480834801617e+02	4.501269559585894626e+02
4.689626013520447145e+02	2.816489235665268325e+02
4.862927798632257463e+02	5.521736494180287309e+02
7.115227833031407272e+02	2.949215394602866240e+02
3.810233741263969591e+02	3.859920858696273740e+02
4.797789692487829711e+02	1.575672305810759610e+02
5.801663125594413941e+02	2.398928299977010852e+02
5.819521137394547168e+02	2.442771228025209211e+02
5.305024380757420204e+02	3.218392940111118605e+02
5.955065684885180417e+02	2.225836005783003202e+02
4.199731621273875248e+02	4.092714357367619300e+02
