6.292268088318729724e+02	2.252636587790791793e+02
4.495857979207061703e+02	2.943436636792445711e+02
5.634693562713396204e+02	5.013621015724099834e+02
4.204425601490285089e+02	2.722318109845909362e+02
4.260138370641936945e+02	5.227697068538044505e+02
3.842289977253313396e+02	5.586100716497707026e+02
3.217406109253254272e+02	5.282325247187401374e+02
5.421899915629322777e+02	4.128754940918241800e+02
5.785378903876439836e+02	4.316390774855551058e+02
4.929345731795672236e+02	4.655617068158233565e+02
5.889405997061907101e+02	5.012651169262586563e+02
5.508953974324754199e+02	2.506559699311671352e+02
4.077549712174783849e+02	3.252512563740467044e+02
3.861962811417060379e+02	3.498361917768393141e+02
6.083470273307386833e+02	4.329448363658183325e+02
3.282209180850584858e+02	1.480792370405648057e+02
4.996467606587332853e+02	3.327833660820231785e+02
5.007345753216332582e+02	2.741164639833974661e+02
3.891843877413239170e+02	3.127333777768125742e+02
4.728651490569822045e+02	3.923771565862811030e+02
4.992994617247811675e+02	4.228592601644003821e+02
4.210867223134688402e+02	5.421347419295157124e+02
4.976417676022020373e+02	4.159855821282563397e+02
6.193789725157104158e+02	2.675675718515807944e+02
5.235650241362956194e+02	2.989114627114651057e+02
3.519135719544057110e+02	1.890334235160887886e+02
3.977933234351375518e+02	3.716994279490298823e+02
3.469938680594213452e+02	3.364071678247450450e+02
5.014308912575058343e+02	1.895382577495397811e+02
2.967096671378185420e+02	4.066061388181798293e+02
4.790316734982063736e+02	3.802097155920093314e+02
6.468580204365310919e+02	2.591424169240056017e+02
3.040857489633278874e+02	4.317996250305700414e+02
4.607236565391038994e+02	2.240998656170592369e+02
4.414102213044108680e+02	4.753018400821790692e+02
2.826044658725109002e+02	3.894814334250498860e+02
3.816597395525523098e+02	2.125479732066833094e+02
2.796151587072180860e+02	5.354793481797680670e+02
3.938714804915971399e+02	2.932320110910573021e+02
3.050023228096124512e+02	4.195827163432721250e+02
4.255913607702743207e+02	2.760544803060548702e+02
4.375967275704016402e+02	4.841258035615870199e+02
6.306553391743841530e+02	2.795482735883326200e+02
3.534227728357659544e+02	3.818834179161596012e+02
4.160799349482740581e+02	1.657593327005715764e+02
5.335706470337892142e+02	2.290016162487016516e+02
5.343898770372226181e+02	2.351173383523869234e+02
4.963129748179142098e+02	3.151821442204890786e+02
5.401951989068942339e+02	2.154388077364177718e+02
3.897652191828858577e+02	4.015536139737287158e+02
