6.729415359376897641e+02	2.348073654871288056e+02
4.505464881117028426e+02	2.897409613208003520e+02
6.450007073418335040e+02	6.164326851796472511e+02
4.265430082027955905e+02	2.701523244759121667e+02
4.384626167057379007e+02	6.112927210045945685e+02
3.990961850144700520e+02	7.020778560122641920e+02
2.982516477001868225e+02	6.362111263150615059e+02
5.816305721523077636e+02	4.581945745085710087e+02
6.391888374879002868e+02	4.980149145393036179e+02
5.197385250598814537e+02	5.345827366554576656e+02
6.954794585822396584e+02	6.600605734404641680e+02
5.720253479730994286e+02	2.587839211524927236e+02
4.184561438073195063e+02	3.408520982787658227e+02
3.840421685645878824e+02	3.467006533336984830e+02
6.870519047513827218e+02	5.053585524501822874e+02
3.269574525566979446e+02	1.615923620913257253e+02
5.059480147689355363e+02	3.423098986134043571e+02
5.077131232687748366e+02	2.757425365256701184e+02
3.861148777190944088e+02	3.120478657022509310e+02
4.878050500427721090e+02	4.144973082047488901e+02
5.175574924583189613e+02	4.623120727281548170e+02
4.414657476099112046e+02	6.683283697683784794e+02
5.170314254177353632e+02	4.401044968747154371e+02
6.700486728904122629e+02	2.816415910126152653e+02
5.319697689430964829e+02	3.102794352656892443e+02
3.654676399946083620e+02	1.976077120303460788e+02
4.010057873988418464e+02	3.798907346805891621e+02
3.508685087258807016e+02	3.507005517960485008e+02
5.028845656542711708e+02	1.956838953520355631e+02
2.988143949843043856e+02	4.312083079325539074e+02
4.955095573168740657e+02	4.000067413229028261e+02
7.107463465252486685e+02	2.661072053594351132e+02
3.112585743489616448e+02	4.527033900437970146e+02
4.640783177058709725e+02	2.323383993275806745e+02
4.530941589010282087e+02	5.413214123865019474e+02
2.766163406773250131e+02	4.155994141552192218e+02
3.884337669432147777e+02	2.178117072514933739e+02
2.353569700247699075e+02	6.692181490655207199e+02
3.985704831252815552e+02	2.977954217862932182e+02
2.899960840041990195e+02	4.560078363268843873e+02
4.352491163220191766e+02	2.853324303607185470e+02
4.611077669906262599e+02	5.553981229797801689e+02
6.763569914829512300e+02	2.864127307586044822e+02
3.533606949761650640e+02	3.913537134729427862e+02
4.227995897361312245e+02	1.640765339121643080e+02
5.425147483339630980e+02	2.383118768999925408e+02
5.442138574901626953e+02	2.425514923279398545e+02
4.980262582079480467e+02	3.221119297665571821e+02
5.556607002326553584e+02	2.202921010202692287e+02
3.933791586564589693e+02	4.130564637526061347e+02
