6.926921442582117834e+02	2.444467866275147969e+02
4.720053743022318145e+02	2.869449327243200969e+02
6.389251119860223298e+02	6.119779398222470945e+02
4.488460190868459563e+02	2.659694847535425879e+02
4.402454438991473467e+02	6.066506598655111020e+02
3.956934499335663986e+02	6.950724226267448103e+02
2.966277259275539109e+02	6.310925364263301844e+02
5.902126178346208007e+02	4.592193964965086366e+02
6.422353892808040428e+02	4.989903873500925329e+02
5.251453053362577066e+02	5.324922228989864834e+02
6.829662862053412482e+02	6.528829231692438952e+02
5.946054650492975497e+02	2.619976858946778293e+02
4.363278106493524433e+02	3.374406461204297898e+02
4.008603736725408453e+02	3.417351545236607535e+02
6.864326409192680103e+02	5.068951556530847711e+02
3.520804722234225324e+02	1.474787991806138905e+02
5.239823550750268168e+02	3.425341197931276156e+02
5.301747552335862110e+02	2.756246443292816934e+02
4.049919350598999017e+02	3.068174331574285816e+02
5.014307978791438245e+02	4.136731252791342968e+02
5.273426743798173675e+02	4.621180482961764824e+02
4.397914693465438063e+02	6.620118453537590995e+02
5.286650878055150997e+02	4.398055834478596466e+02
6.868486573845291332e+02	2.899650202554930161e+02
5.518844236403136847e+02	3.114585963213123705e+02
3.903560009066838461e+02	1.873574998497319370e+02
4.162784883287481534e+02	3.760016429011472496e+02
3.664111259490711063e+02	3.445643614483700503e+02
5.306164862209518560e+02	1.942881086863404789e+02
3.078292112809416494e+02	4.250103433194030913e+02
5.099770247736133228e+02	3.995434801776640938e+02
7.261494788604220503e+02	2.768787108207058623e+02
3.196900239988773933e+02	4.472075579464725479e+02
4.890246290077141111e+02	2.302080641978334938e+02
4.589776887840264976e+02	5.383147320230915511e+02
2.852185784821767243e+02	4.081732103792679140e+02
4.129445749716416572e+02	2.101936785544329780e+02
2.293645193533702127e+02	6.641549168455511563e+02
4.186438794599316111e+02	2.925539893234440569e+02
2.973519330648137498e+02	4.501269559575863468e+02
4.568085069325535414e+02	2.816489235665268325e+02
4.661077627813191384e+02	5.521736493949210853e+02
6.924804894323646067e+02	2.949215394746512402e+02
3.666963143569549857e+02	3.859920858696237929e+02
4.514296148518276368e+02	1.575672305810749094e+02
5.670522800343728704e+02	2.398928299976918481e+02
5.684269393186808657e+02	2.442771228025122241e+02
5.175020166148782437e+02	3.218392940111093594e+02
5.811704552880640904e+02	2.225836005782468021e+02
4.065443283819648173e+02	4.092714357367366347e+02
