5.052252525782459998e+02	2.380563694351732806e+02
7.013128653283627045e+02	6.286560554841547628e+02
5.256290391713389454e+02	3.185112303588513782e+02
5.726986749866952096e+02	4.718621903003525517e+02
3.008802190272377857e+02	5.011525030342322111e+02
6.705280106883833469e+02	8.862753993867768258e+02
6.047103475715308605e+02	2.281111772881271804e+02
7.010393316714860248e+02	2.243086543388306779e+02
3.641707259155696192e+02	4.621376904377433448e+02
5.853178294652591376e+02	5.974576136237402579e+02
5.287105256548031775e+02	3.228010866150860352e+02
2.713023508221241400e+02	3.880165292083433997e+02
3.767474604135261984e+02	5.088104387119067269e+02
5.279393857020340874e+02	4.780182894359323313e+02
4.407121033650349773e+02	4.656251005552329616e+02
3.691371406002398317e+02	1.897372455390451762e+02
4.640636706960332845e+02	2.859484445395075909e+02
5.119936256891095354e+02	4.040884348443899512e+02
3.214521620946035227e+02	1.901013535973112596e+02
6.205959149150210123e+02	6.298454030449694301e+02
4.850390255847036656e+02	2.025482533750037817e+02
5.328910397858238639e+02	2.293256981703775921e+02
6.935807867051679523e+02	2.279376926055457488e+02
5.180683395720585622e+02	3.706565110376475900e+02
4.425259307158572710e+02	4.300228063693485865e+02
5.189352869445366423e+02	6.395272395368303933e+02
5.114500256895381654e+02	2.982714526452638779e+02
5.144522787737840872e+02	2.468319759238842153e+02
4.150079914044684415e+02	5.281002988813547745e+02
5.857100195356736094e+02	2.167211453072001461e+02
6.158981533180879069e+02	6.913829905031944918e+02
3.008260305013812967e+02	6.410997355151157535e+02
4.255137760232463506e+02	3.431311569952806622e+02
3.681599238278915891e+02	2.680928993756507452e+02
5.492708284157497474e+02	6.376965474188980352e+02
6.724508478990372851e+02	2.965416012831790340e+02
5.315772707285825618e+02	5.992029353453740441e+02
6.992077037301545488e+02	3.375037019694906348e+02
5.122660982879031053e+02	3.581334366539643952e+02
4.748063737189198150e+02	2.275965197039594443e+02
3.896515629695672374e+02	3.021220579009156495e+02
2.997387678230251709e+02	4.177921432812395324e+02
4.441770506974391992e+02	3.178307298470894011e+02
4.689918615956987651e+02	4.188964344416883705e+02
5.770121454367788374e+02	3.022940250206733026e+02
2.860889330194297031e+02	3.180753161683920212e+02
7.153371517627062985e+02	2.588261672320945763e+02
4.691842183590524655e+02	3.742056817726294184e+02
5.565416841398084671e+02	2.968727690842623019e+02
4.384668329330817187e+02	6.352935348199974896e+02
