3.612851854550378334e+02	2.575886464200789305e+02
4.820936223708190482e+02	2.505989644456137739e+02
3.476831505248080703e+02	3.338737034187790869e+02
3.524535442559575245e+02	2.722554024541170179e+02
3.504790151617875722e+02	2.354197607608928422e+02
3.970996365576248195e+02	1.949775617244440298e+02
3.722779950103301303e+02	2.401429131542822120e+02
3.833016056433502854e+02	3.022922336071631548e+02
4.578135317545629164e+02	3.630140403439898478e+02
3.554472497560353759e+02	3.185980716302285032e+02
4.112536715347480936e+02	2.516345494113908501e+02
3.644315196222822237e+02	2.421069565186039654e+02
4.593265526861953276e+02	2.372521637745039698e+02
4.545844240251590804e+02	2.765728658532391933e+02
3.927081963776685143e+02	1.886209675156571848e+02
4.220767473433944019e+02	3.141695734847298809e+02
3.886558028279995938e+02	3.197933289613978332e+02
4.332049947372329939e+02	2.320384846017571761e+02
5.030937859039075306e+02	2.294372565416053078e+02
3.336094148005474267e+02	1.577449646638802960e+02
4.386624104509549511e+02	3.248706993051998211e+02
4.988789141745631923e+02	1.751639444994087285e+02
3.381794579805712146e+02	2.748281638151028119e+02
4.098971859298222853e+02	1.882126746549974428e+02
3.796368513701440293e+02	2.759133516189720581e+02
4.286354783350925572e+02	2.505298666444507774e+02
4.609940496601295195e+02	2.361451294792011026e+02
4.684938370678712545e+02	2.354535442290414835e+02
4.503738135947339174e+02	1.901681144558772303e+02
3.785461437538895666e+02	3.110473868066030150e+02
3.211793318965717958e+02	2.868052792230897126e+02
3.798676553738030748e+02	2.384181521634325804e+02
4.579276123878759677e+02	3.285263304739331716e+02
3.149061367873012500e+02	2.379131955446815994e+02
4.464219949330152986e+02	3.151862039684112347e+02
4.497787870794723517e+02	1.933253933010061019e+02
3.262182108946864787e+02	2.543359296422394777e+02
4.329990709372117976e+02	3.367982053846239978e+02
4.014567753394343868e+02	3.194841052900677028e+02
3.332990838477380748e+02	1.677132798272421610e+02
4.020750488529540689e+02	1.766703237561257254e+02
3.748864784983643403e+02	2.340308749419561138e+02
3.703627951728826133e+02	3.015590083104423798e+02
3.975483954054581659e+02	2.741157026419443810e+02
4.252319863821475678e+02	2.574771293708624853e+02
4.312275657245315870e+02	3.273005717288228880e+02
4.028248564912821053e+02	1.782834843437947541e+02
4.060122892792867333e+02	2.094490895481880841e+02
3.740053086152450987e+02	1.940416578861436392e+02
3.903486754604109024e+02	2.588357649314662012e+02
