380.256	206.504
420.814	265.14
454.218	228.273
483.077	215.47
424.329	301.884
457.608	352.558
443.382	315.323
411.03	218.345
443.053	315.85
318.585	206.263
528.734	186.911
388.621	259.677
411.869	171.88
456.915	209.692
429.577	242.6
472.897	226.355
423.331	270.992
320.471	287.235
327.514	253.362
397.637	192.909
351.411	284.246
332.392	155.84
465.538	189.813
417.675	194.368
404.048	288.849
507.081	302.018
355.799	309.767
336.697	356.529
430.299	294.482
439.427	306.548
404.98	354.716
481.219	199.514
378.005	284.105
444.21	296.686
524.317	217.884
426.852	210.692
305.14	322.617
348.34	172.34
462.182	307.628
426.505	232.189
421.959	339.177
382.193	215.6
435.246	224.605
339.636	318.512
477.22	240.613
320.581	232.08
355.593	355.988
428.581	246.979
364.136	224.513
373.278	162.677
380.256	206.504
420.814	265.14
454.218	228.273
483.077	215.47
424.329	301.884
457.608	352.558
443.382	315.323
411.03	218.345
443.053	315.85
318.585	206.263
528.734	186.911
388.621	259.677
411.869	171.88
456.915	209.692
429.577	242.6
472.897	226.355
423.331	270.992
320.471	287.235
327.514	253.362
397.637	192.909
351.411	284.246
332.392	155.84
465.538	189.813
417.675	194.368
404.048	288.849
507.081	302.018
355.799	309.767
336.697	356.529
430.299	294.482
439.427	306.548
404.98	354.716
481.219	199.514
378.005	284.105
444.21	296.686
524.317	217.884
426.852	210.692
305.14	322.617
348.34	172.34
462.182	307.628
426.505	232.189
421.959	339.177
382.193	215.6
435.246	224.605
339.636	318.512
477.22	240.613
320.581	232.08
355.593	355.988
428.581	246.979
364.136	224.513
373.278	162.677
380.256	206.504
420.814	265.14
454.218	228.273
483.077	215.47
424.329	301.884
457.608	352.558
443.382	315.323
411.03	218.345
443.053	315.85
318.585	206.263
528.734	186.911
388.621	259.677
411.869	171.88
456.915	209.692
429.577	242.6
472.897	226.355
423.331	270.992
320.471	287.235
327.514	253.362
397.637	192.909
351.411	284.246
332.392	155.84
465.538	189.813
417.675	194.368
404.048	288.849
507.081	302.018
355.799	309.767
336.697	356.529
430.299	294.482
439.427	306.548
404.98	354.716
481.219	199.514
378.005	284.105
444.21	296.686
524.317	217.884
426.852	210.692
305.14	322.617
348.34	172.34
462.182	307.628
426.505	232.189
421.959	339.177
382.193	215.6
435.246	224.605
339.636	318.512
477.22	240.613
320.581	232.08
355.593	355.988
428.581	246.979
364.136	224.513
373.278	162.677
380.256	206.504
420.814	265.14
454.218	228.273
483.077	215.47
424.329	301.884
457.608	352.558
443.382	315.323
411.03	218.345
443.053	315.85
318.585	206.263
528.734	186.911
388.621	259.677
411.869	171.88
456.915	209.692
429.577	242.6
472.897	226.355
423.331	270.992
320.471	287.235
327.514	253.362
397.637	192.909
351.411	284.246
332.392	155.84
465.538	189.813
417.675	194.368
404.048	288.849
507.081	302.018
355.799	309.767
336.697	356.529
430.299	294.482
439.427	306.548
404.98	354.716
481.219	199.514
378.005	284.105
444.21	296.686
524.317	217.884
426.852	210.692
305.14	322.617
348.34	172.34
462.182	307.628
426.505	232.189
421.959	339.177
382.193	215.6
435.246	224.605
339.636	318.512
477.22	240.613
320.581	232.08
355.593	355.988
428.581	246.979
364.136	224.513
373.278	162.677
