-4.09732	-374.193	4246.74
414.39	271.384	3774.3
705.793	-100.913	3507.88
1161.73	-264.644	4143.18
389.089	560.908	3257.84
835.13	1232.01	3963.08
840.924	1023.96	4901.16
343.223	-230.464	4130.56
773.161	952.917	4529.92
-661.135	-346.633	3900.66
1380.7	-484.124	3397.26
105.952	276.13	4844.29
366.417	-783.831	4286.22
739.929	-282.147	3546.22
683.116	53.0983	5107.24
1243.14	-167.77	4925.13
567.213	427.187	4861.6
-752.424	605.529	4581.05
-565.356	155.018	3899.23
231.977	-624.576	4985.33
-280.347	436.138	3516.97
-486.958	-837.609	3691.69
1053.91	-607.716	4535.01
394.36	-472.328	3892.85
309.147	659.691	4830.24
1202.62	599.97	3472.24
-333.206	952.546	4918.93
-436.1	1168.21	3633.37
534.001	597.864	3933.97
810.276	932.324	5041.23
258.219	1226.26	3873.93
1268.07	-495.19	4604.81
-27.0503	470.531	3806.19
865.164	786.617	4978.08
1315.5	-192.001	3339.34
548.349	-332.993	4339.64
-774.473	859.264	3754.76
-354.194	-729.121	4015.05
880.945	742.357	3949.67
640.107	-91.9957	5105.82
375.288	909.867	3319.88
18.8728	-276.101	4363.87
567.769	-147.351	3803.24
-360.395	700.61	3220.51
1220.72	22.6013	4619.95
-627.117	-70.1227	3824.55
-222.152	1040.03	3250.07
464.602	79.242	3545.88
-168.035	-145.454	3735.46
-73.0381	-758.439	3645.6
-4.09732	-374.193	4246.74
414.39	271.384	3774.3
705.793	-100.913	3507.88
1161.73	-264.644	4143.18
389.089	560.908	3257.84
835.13	1232.01	3963.08
840.924	1023.96	4901.16
343.223	-230.464	4130.56
773.161	952.917	4529.92
-661.135	-346.633	3900.66
1380.7	-484.124	3397.26
105.952	276.13	4844.29
366.417	-783.831	4286.22
739.929	-282.147	3546.22
683.116	53.0983	5107.24
1243.14	-167.77	4925.13
567.213	427.187	4861.6
-752.424	605.529	4581.05
-565.356	155.018	3899.23
231.977	-624.576	4985.33
-280.347	436.138	3516.97
-486.958	-837.609	3691.69
1053.91	-607.716	4535.01
394.36	-472.328	3892.85
309.147	659.691	4830.24
1202.62	599.97	3472.24
-333.206	952.546	4918.93
-436.1	1168.21	3633.37
534.001	597.864	3933.97
810.276	932.324	5041.23
258.219	1226.26	3873.93
1268.07	-495.19	4604.81
-27.0503	470.531	3806.19
865.164	786.617	4978.08
1315.5	-192.001	3339.34
548.349	-332.993	4339.64
-774.473	859.264	3754.76
-354.194	-729.121	4015.05
880.945	742.357	3949.67
640.107	-91.9957	5105.82
375.288	909.867	3319.88
18.8728	-276.101	4363.87
567.769	-147.351	3803.24
-360.395	700.61	3220.51
1220.72	22.6013	4619.95
-627.117	-70.1227	3824.55
-222.152	1040.03	3250.07
464.602	79.242	3545.88
-168.035	-145.454	3735.46
-73.0381	-758.439	3645.6
-4.09732	-374.193	4246.74
414.39	271.384	3774.3
705.793	-100.913	3507.88
1161.73	-264.644	4143.18
389.089	560.908	3257.84
835.13	1232.01	3963.08
840.924	1023.96	4901.16
343.223	-230.464	4130.56
773.161	952.917	4529.92
-661.135	-346.633	3900.66
1380.7	-484.124	3397.26
105.952	276.13	4844.29
366.417	-783.831	4286.22
739.929	-282.147	3546.22
683.116	53.0983	5107.24
1243.14	-167.77	4925.13
567.213	427.187	4861.6
-752.424	605.529	4581.05
-565.356	155.018	3899.23
231.977	-624.576	4985.33
-280.347	436.138	3516.97
-486.958	-837.609	3691.69
1053.91	-607.716	4535.01
394.36	-472.328	3892.85
309.147	659.691	4830.24
1202.62	599.97	3472.24
-333.206	952.546	4918.93
-436.1	1168.21	3633.37
534.001	597.864	3933.97
810.276	932.324	5041.23
258.219	1226.26	3873.93
1268.07	-495.19	4604.81
-27.0503	470.531	3806.19
865.164	786.617	4978.08
1315.5	-192.001	3339.34
548.349	-332.993	4339.64
-774.473	859.264	3754.76
-354.194	-729.121	4015.05
880.945	742.357	3949.67
640.107	-91.9957	5105.82
375.288	909.867	3319.88
18.8728	-276.101	4363.87
567.769	-147.351	3803.24
-360.395	700.61	3220.51
1220.72	22.6013	4619.95
-627.117	-70.1227	3824.55
-222.152	1040.03	3250.07
464.602	79.242	3545.88
-168.035	-145.454	3735.46
-73.0381	-758.439	3645.6
-4.09732	-374.193	4246.74
414.39	271.384	3774.3
705.793	-100.913	3507.88
1161.73	-264.644	4143.18
389.089	560.908	3257.84
835.13	1232.01	3963.08
840.924	1023.96	4901.16
343.223	-230.464	4130.56
773.161	952.917	4529.92
-661.135	-346.633	3900.66
1380.7	-484.124	3397.26
105.952	276.13	4844.29
366.417	-783.831	4286.22
739.929	-282.147	3546.22
683.116	53.0983	5107.24
1243.14	-167.77	4925.13
567.213	427.187	4861.6
-752.424	605.529	4581.05
-565.356	155.018	3899.23
231.977	-624.576	4985.33
-280.347	436.138	3516.97
-486.958	-837.609	3691.69
1053.91	-607.716	4535.01
394.36	-472.328	3892.85
309.147	659.691	4830.24
1202.62	599.97	3472.24
-333.206	952.546	4918.93
-436.1	1168.21	3633.37
534.001	597.864	3933.97
810.276	932.324	5041.23
258.219	1226.26	3873.93
1268.07	-495.19	4604.81
-27.0503	470.531	3806.19
865.164	786.617	4978.08
1315.5	-192.001	3339.34
548.349	-332.993	4339.64
-774.473	859.264	3754.76
-354.194	-729.121	4015.05
880.945	742.357	3949.67
640.107	-91.9957	5105.82
375.288	909.867	3319.88
18.8728	-276.101	4363.87
567.769	-147.351	3803.24
-360.395	700.61	3220.51
1220.72	22.6013	4619.95
-627.117	-70.1227	3824.55
-222.152	1040.03	3250.07
464.602	79.242	3545.88
-168.035	-145.454	3735.46
-73.0381	-758.439	3645.6
-4.09732	-374.193	4246.74
414.39	271.384	3774.3
705.793	-100.913	3507.88
1161.73	-264.644	4143.18
389.089	560.908	3257.84
835.13	1232.01	3963.08
840.924	1023.96	4901.16
343.223	-230.464	4130.56
773.161	952.917	4529.92
-661.135	-346.633	3900.66
1380.7	-484.124	3397.26
105.952	276.13	4844.29
366.417	-783.831	4286.22
739.929	-282.147	3546.22
683.116	53.0983	5107.24
1243.14	-167.77	4925.13
567.213	427.187	4861.6
-752.424	605.529	4581.05
-565.356	155.018	3899.23
231.977	-624.576	4985.33
-280.347	436.138	3516.97
-486.958	-837.609	3691.69
1053.91	-607.716	4535.01
394.36	-472.328	3892.85
309.147	659.691	4830.24
1202.62	599.97	3472.24
-333.206	952.546	4918.93
-436.1	1168.21	3633.37
534.001	597.864	3933.97
810.276	932.324	5041.23
258.219	1226.26	3873.93
1268.07	-495.19	4604.81
-27.0503	470.531	3806.19
865.164	786.617	4978.08
1315.5	-192.001	3339.34
548.349	-332.993	4339.64
-774.473	859.264	3754.76
-354.194	-729.121	4015.05
880.945	742.357	3949.67
640.107	-91.9957	5105.82
375.288	909.867	3319.88
18.8728	-276.101	4363.87
567.769	-147.351	3803.24
-360.395	700.61	3220.51
1220.72	22.6013	4619.95
-627.117	-70.1227	3824.55
-222.152	1040.03	3250.07
464.602	79.242	3545.88
-168.035	-145.454	3735.46
-73.0381	-758.439	3645.6
