-4.06514	-371.255	4213.39
411.212	269.303	3745.35
700.501	-100.157	3481.58
1153.09	-262.674	4112.34
386.13	556.643	3233.07
828.761	1222.61	3932.86
834.382	1015.99	4863.03
340.571	-228.683	4098.65
767.184	945.551	4494.91
-655.833	-343.853	3869.38
1370.73	-480.629	3372.73
105.108	273.929	4805.68
363.593	-777.789	4253.19
734.394	-280.036	3519.7
677.785	52.6839	5067.38
1233.73	-166.5	4887.86
562.773	423.843	4823.55
-746.225	600.54	4543.31
-560.822	153.775	3867.96
230.146	-619.647	4945.98
-278.14	432.705	3489.29
-483.117	-831.003	3662.57
1045.98	-603.14	4500.86
391.344	-468.716	3863.08
306.698	654.464	4791.97
1193.76	595.549	3446.65
-330.48	944.755	4878.7
-432.614	1158.87	3604.32
529.899	593.272	3903.75
803.948	925.044	5001.86
256.203	1216.69	3843.7
1258.59	-491.487	4570.37
-26.8383	466.842	3776.34
858.442	780.506	4939.4
1305.96	-190.609	3315.12
544.135	-330.434	4306.29
-768.19	852.293	3724.3
-351.393	-723.355	3983.3
874.273	736.734	3919.75
635.107	-91.2772	5065.94
372.419	902.911	3294.5
18.7242	-273.926	4329.5
563.457	-146.232	3774.35
-357.561	695.101	3195.18
1211.53	22.4311	4585.15
-622.093	-69.561	3793.91
-220.41	1031.87	3224.58
461.072	78.6398	3518.94
-166.719	-144.315	3706.2
-72.4726	-752.567	3617.37
-4.06514	-371.255	4213.39
411.212	269.303	3745.35
700.501	-100.157	3481.58
1153.09	-262.674	4112.34
386.13	556.643	3233.07
828.761	1222.61	3932.86
834.382	1015.99	4863.03
340.571	-228.683	4098.65
767.184	945.551	4494.91
-655.833	-343.853	3869.38
1370.73	-480.629	3372.73
105.108	273.929	4805.68
363.593	-777.789	4253.19
734.394	-280.036	3519.7
677.785	52.6839	5067.38
1233.73	-166.5	4887.86
562.773	423.843	4823.55
-746.225	600.54	4543.31
-560.822	153.775	3867.96
230.146	-619.647	4945.98
-278.14	432.705	3489.29
-483.117	-831.003	3662.57
1045.98	-603.14	4500.86
391.344	-468.716	3863.08
306.698	654.464	4791.97
1193.76	595.549	3446.65
-330.48	944.755	4878.7
-432.614	1158.87	3604.32
529.899	593.272	3903.75
803.948	925.044	5001.86
256.203	1216.69	3843.7
1258.59	-491.487	4570.37
-26.8383	466.842	3776.34
858.442	780.506	4939.4
1305.96	-190.609	3315.12
544.135	-330.434	4306.29
-768.19	852.293	3724.3
-351.393	-723.355	3983.3
874.273	736.734	3919.75
635.107	-91.2772	5065.94
372.419	902.911	3294.5
18.7242	-273.926	4329.5
563.457	-146.232	3774.35
-357.561	695.101	3195.18
1211.53	22.4311	4585.15
-622.093	-69.561	3793.91
-220.41	1031.87	3224.58
461.072	78.6398	3518.94
-166.719	-144.315	3706.2
-72.4726	-752.567	3617.37
-4.06514	-371.255	4213.39
411.212	269.303	3745.35
700.501	-100.157	3481.58
1153.09	-262.674	4112.34
386.13	556.643	3233.07
828.761	1222.61	3932.86
834.382	1015.99	4863.03
340.571	-228.683	4098.65
767.184	945.551	4494.91
-655.833	-343.853	3869.38
1370.73	-480.629	3372.73
105.108	273.929	4805.68
363.593	-777.789	4253.19
734.394	-280.036	3519.7
677.785	52.6839	5067.38
1233.73	-166.5	4887.86
562.773	423.843	4823.55
-746.225	600.54	4543.31
-560.822	153.775	3867.96
230.146	-619.647	4945.98
-278.14	432.705	3489.29
-483.117	-831.003	3662.57
1045.98	-603.14	4500.86
391.344	-468.716	3863.08
306.698	654.464	4791.97
1193.76	595.549	3446.65
-330.48	944.755	4878.7
-432.614	1158.87	3604.32
529.899	593.272	3903.75
803.948	925.044	5001.86
256.203	1216.69	3843.7
1258.59	-491.487	4570.37
-26.8383	466.842	3776.34
858.442	780.506	4939.4
1305.96	-190.609	3315.12
544.135	-330.434	4306.29
-768.19	852.293	3724.3
-351.393	-723.355	3983.3
874.273	736.734	3919.75
635.107	-91.2772	5065.94
372.419	902.911	3294.5
18.7242	-273.926	4329.5
563.457	-146.232	3774.35
-357.561	695.101	3195.18
1211.53	22.4311	4585.15
-622.093	-69.561	3793.91
-220.41	1031.87	3224.58
461.072	78.6398	3518.94
-166.719	-144.315	3706.2
-72.4726	-752.567	3617.37
-4.06514	-371.255	4213.39
411.212	269.303	3745.35
700.501	-100.157	3481.58
1153.09	-262.674	4112.34
386.13	556.643	3233.07
828.761	1222.61	3932.86
834.382	1015.99	4863.03
340.571	-228.683	4098.65
767.184	945.551	4494.91
-655.833	-343.853	3869.38
1370.73	-480.629	3372.73
105.108	273.929	4805.68
363.593	-777.789	4253.19
734.394	-280.036	3519.7
677.785	52.6839	5067.38
1233.73	-166.5	4887.86
562.773	423.843	4823.55
-746.225	600.54	4543.31
-560.822	153.775	3867.96
230.146	-619.647	4945.98
-278.14	432.705	3489.29
-483.117	-831.003	3662.57
1045.98	-603.14	4500.86
391.344	-468.716	3863.08
306.698	654.464	4791.97
1193.76	595.549	3446.65
-330.48	944.755	4878.7
-432.614	1158.87	3604.32
529.899	593.272	3903.75
803.948	925.044	5001.86
256.203	1216.69	3843.7
1258.59	-491.487	4570.37
-26.8383	466.842	3776.34
858.442	780.506	4939.4
1305.96	-190.609	3315.12
544.135	-330.434	4306.29
-768.19	852.293	3724.3
-351.393	-723.355	3983.3
874.273	736.734	3919.75
635.107	-91.2772	5065.94
372.419	902.911	3294.5
18.7242	-273.926	4329.5
563.457	-146.232	3774.35
-357.561	695.101	3195.18
1211.53	22.4311	4585.15
-622.093	-69.561	3793.91
-220.41	1031.87	3224.58
461.072	78.6398	3518.94
-166.719	-144.315	3706.2
-72.4726	-752.567	3617.37
-4.06514	-371.255	4213.39
411.212	269.303	3745.35
700.501	-100.157	3481.58
1153.09	-262.674	4112.34
386.13	556.643	3233.07
828.761	1222.61	3932.86
834.382	1015.99	4863.03
340.571	-228.683	4098.65
767.184	945.551	4494.91
-655.833	-343.853	3869.38
1370.73	-480.629	3372.73
105.108	273.929	4805.68
363.593	-777.789	4253.19
734.394	-280.036	3519.7
677.785	52.6839	5067.38
1233.73	-166.5	4887.86
562.773	423.843	4823.55
-746.225	600.54	4543.31
-560.822	153.775	3867.96
230.146	-619.647	4945.98
-278.14	432.705	3489.29
-483.117	-831.003	3662.57
1045.98	-603.14	4500.86
391.344	-468.716	3863.08
306.698	654.464	4791.97
1193.76	595.549	3446.65
-330.48	944.755	4878.7
-432.614	1158.87	3604.32
529.899	593.272	3903.75
803.948	925.044	5001.86
256.203	1216.69	3843.7
1258.59	-491.487	4570.37
-26.8383	466.842	3776.34
858.442	780.506	4939.4
1305.96	-190.609	3315.12
544.135	-330.434	4306.29
-768.19	852.293	3724.3
-351.393	-723.355	3983.3
874.273	736.734	3919.75
635.107	-91.2772	5065.94
372.419	902.911	3294.5
18.7242	-273.926	4329.5
563.457	-146.232	3774.35
-357.561	695.101	3195.18
1211.53	22.4311	4585.15
-622.093	-69.561	3793.91
-220.41	1031.87	3224.58
461.072	78.6398	3518.94
-166.719	-144.315	3706.2
-72.4726	-752.567	3617.37
