-284.445	-133.15	2918.35
525.843	369.554	3795.9
146.705	-232.995	3058.44
193.494	101.898	3353.97
861.92	-66.0722	3155.14
-507.731	-292.761	2643.68
515.631	246.317	2579.42
903.461	-125.499	2330.42
298.712	795.591	3519.76
647.798	583.482	3827.73
859.642	-76.7182	2974.84
-15.5458	483.465	3303.19
-536.31	85.3509	2846.22
697.521	128.9	3497.16
503.167	624.224	3755.42
259.996	-323.813	3533.6
0.830276	641.211	2467.43
270.966	550.585	2843.07
657.661	130.968	2795.4
411.339	-61.7709	2896.59
-144.829	69.6926	3405.87
178.849	-491.981	3066.61
301.682	-248.95	3269.07
152.237	427.183	3269.75
139.299	-236.212	2405.83
353.694	-461.485	3078.76
428.939	382.086	2448.35
669.616	263.885	2396.11
-533.804	-38.3917	2567.87
205.452	-72.5119	3075.73
514.798	941.233	2852.26
-338.56	-509.705	2559.5
-492.963	160.341	3437.99
-500.263	718.854	3442.83
-656.922	721.186	2940.03
589.595	347.731	3230.57
562.447	825.309	3387.54
-77.3817	-609.847	3018.31
775.866	267.966	3019.9
615.22	163.545	2792.78
47.579	675.598	2473.18
773.904	15.6793	2867.55
746.996	993.655	2502.77
533.51	-437.105	2469.69
667.094	918.559	2906.39
247.717	-507.508	2738.99
397.638	-31.1973	2830.81
-469.652	437.307	2277.34
384.521	848.982	3282.66
423.818	959.666	2775.16
-284.445	-133.15	2918.35
525.843	369.554	3795.9
146.705	-232.995	3058.44
193.494	101.898	3353.97
861.92	-66.0722	3155.14
-507.731	-292.761	2643.68
515.631	246.317	2579.42
903.461	-125.499	2330.42
298.712	795.591	3519.76
647.798	583.482	3827.73
859.642	-76.7182	2974.84
-15.5458	483.465	3303.19
-536.31	85.3509	2846.22
697.521	128.9	3497.16
503.167	624.224	3755.42
259.996	-323.813	3533.6
0.830276	641.211	2467.43
270.966	550.585	2843.07
657.661	130.968	2795.4
411.339	-61.7709	2896.59
-144.829	69.6926	3405.87
178.849	-491.981	3066.61
301.682	-248.95	3269.07
152.237	427.183	3269.75
139.299	-236.212	2405.83
353.694	-461.485	3078.76
428.939	382.086	2448.35
669.616	263.885	2396.11
-533.804	-38.3917	2567.87
205.452	-72.5119	3075.73
514.798	941.233	2852.26
-338.56	-509.705	2559.5
-492.963	160.341	3437.99
-500.263	718.854	3442.83
-656.922	721.186	2940.03
589.595	347.731	3230.57
562.447	825.309	3387.54
-77.3817	-609.847	3018.31
775.866	267.966	3019.9
615.22	163.545	2792.78
47.579	675.598	2473.18
773.904	15.6793	2867.55
746.996	993.655	2502.77
533.51	-437.105	2469.69
667.094	918.559	2906.39
247.717	-507.508	2738.99
397.638	-31.1973	2830.81
-469.652	437.307	2277.34
384.521	848.982	3282.66
423.818	959.666	2775.16
-284.445	-133.15	2918.35
525.843	369.554	3795.9
146.705	-232.995	3058.44
193.494	101.898	3353.97
861.92	-66.0722	3155.14
-507.731	-292.761	2643.68
515.631	246.317	2579.42
903.461	-125.499	2330.42
298.712	795.591	3519.76
647.798	583.482	3827.73
859.642	-76.7182	2974.84
-15.5458	483.465	3303.19
-536.31	85.3509	2846.22
697.521	128.9	3497.16
503.167	624.224	3755.42
259.996	-323.813	3533.6
0.830276	641.211	2467.43
270.966	550.585	2843.07
657.661	130.968	2795.4
411.339	-61.7709	2896.59
-144.829	69.6926	3405.87
178.849	-491.981	3066.61
301.682	-248.95	3269.07
152.237	427.183	3269.75
139.299	-236.212	2405.83
353.694	-461.485	3078.76
428.939	382.086	2448.35
669.616	263.885	2396.11
-533.804	-38.3917	2567.87
205.452	-72.5119	3075.73
514.798	941.233	2852.26
-338.56	-509.705	2559.5
-492.963	160.341	3437.99
-500.263	718.854	3442.83
-656.922	721.186	2940.03
589.595	347.731	3230.57
562.447	825.309	3387.54
-77.3817	-609.847	3018.31
775.866	267.966	3019.9
615.22	163.545	2792.78
47.579	675.598	2473.18
773.904	15.6793	2867.55
746.996	993.655	2502.77
533.51	-437.105	2469.69
667.094	918.559	2906.39
247.717	-507.508	2738.99
397.638	-31.1973	2830.81
-469.652	437.307	2277.34
384.521	848.982	3282.66
423.818	959.666	2775.16
-285.883	-133.821	2933.06
528.486	371.417	3815.02
147.439	-234.169	3073.85
194.464	102.412	3370.87
866.257	-66.4053	3171.03
-510.294	-294.236	2657.01
518.225	247.559	2592.41
908.009	-126.131	2342.15
300.211	799.601	3537.49
651.055	586.423	3847.02
863.968	-77.105	2989.82
-15.6296	485.902	3319.84
-539.017	85.7812	2860.57
701.03	129.549	3514.77
505.696	627.37	3774.34
261.3	-325.445	3551.41
0.830429	644.442	2479.86
272.327	553.359	2857.39
660.969	131.628	2809.48
413.406	-62.0824	2911.18
-145.564	70.0438	3423.03
179.744	-494.46	3082.06
303.197	-250.205	3285.54
152.998	429.335	3286.23
139.997	-237.402	2417.95
355.471	-463.811	3094.27
431.096	384.012	2460.69
672.986	265.215	2408.18
-536.498	-38.5851	2580.82
206.482	-72.8774	3091.23
517.387	945.976	2866.63
-340.27	-512.273	2572.41
-495.453	161.149	3455.32
-502.789	722.477	3460.19
-660.237	724.82	2954.86
592.56	349.483	3246.84
565.275	829.468	3404.6
-77.7769	-612.921	3033.52
779.77	269.316	3035.11
618.315	164.369	2806.84
47.8147	679.003	2485.64
777.799	15.7582	2881.99
750.756	998.662	2515.38
536.194	-439.308	2482.13
670.45	923.188	2921.03
248.96	-510.066	2752.79
399.636	-31.3546	2845.07
-472.022	439.511	2288.83
386.453	853.261	3299.2
425.949	964.502	2789.14
-286.661	-134.189	2941.1
529.944	372.436	3825.49
147.85	-234.811	3082.28
195.004	102.693	3380.12
868.64	-66.5868	3179.74
-511.688	-295.043	2664.29
519.652	248.238	2599.53
910.505	-126.477	2348.59
301.042	801.794	3547.2
652.849	588.031	3857.58
866.345	-77.3158	2998.03
-15.6659	487.234	3328.95
-540.489	86.0158	2868.41
702.961	129.905	3524.42
507.091	629.091	3784.7
262.025	-326.337	3561.15
0.837402	646.209	2486.67
273.08	554.877	2865.23
662.789	131.99	2817.2
414.547	-62.2523	2919.18
-145.956	70.2356	3432.42
180.245	-495.816	3090.52
304.036	-250.891	3294.56
153.425	430.513	3295.24
140.386	-238.053	2424.59
356.453	-465.083	3102.76
432.284	385.065	2467.44
674.837	265.943	2414.79
-537.964	-38.6915	2587.89
207.055	-73.0772	3099.71
518.812	948.57	2874.5
-341.198	-513.678	2579.46
-496.805	161.591	3464.79
-504.162	724.458	3469.67
-662.043	726.807	2962.95
594.192	350.442	3255.76
566.832	831.743	3413.95
-77.9832	-614.602	3041.84
781.916	270.055	3043.45
620.018	164.82	2814.55
47.9505	680.865	2492.46
779.939	15.802	2889.91
752.82	1001.4	2522.29
537.671	-440.512	2488.95
672.295	925.72	2929.05
249.649	-511.464	2760.35
400.739	-31.4404	2852.88
-473.312	440.716	2295.1
387.519	855.601	3308.26
427.123	967.147	2796.8
