-359.079	-167.604	3679.71
662.464	466.318	4786.15
184.517	-293.472	3856.17
243.478	128.8	4228.9
1086.08	-82.9969	3977.49
-640.579	-368.879	3333.38
649.573	310.725	3251.38
1138.33	-157.957	2937.21
376.107	1003.4	4437.66
816.194	736.022	4826.08
1083.19	-96.4304	3750.03
-20.0765	609.895	4164.83
-676.648	107.899	3588.8
878.885	162.84	4409.09
633.861	787.394	4734.94
327.319	-407.974	4455.74
0.695499	808.521	3110.32
341.174	694.344	3584.01
828.593	165.353	3523.75
518.133	-77.598	3651.68
-183.121	88.2098	4294.72
225.043	-620.018	3866.57
379.89	-313.575	4121.83
191.467	538.905	4122.51
175.246	-297.542	3032.85
445.477	-581.546	3881.74
540.305	481.836	3086.07
843.625	332.822	3020.07
-673.411	-48.1533	3237.66
258.579	-91.1283	3877.87
648.492	1186.69	3595.26
-427.248	-642.405	3227.14
-622.161	202.538	4335.55
-631.322	906.815	4341.38
-828.722	909.627	3707.01
742.812	438.678	4072.71
708.57	1040.76	4270.56
-98.0216	-768.676	3805.88
977.579	338.069	3806.8
775.102	206.418	3520.46
59.6236	851.857	3117.53
975.112	20.0324	3614.72
941.086	1252.54	3154.27
672.141	-550.758	3113.22
840.433	1158.08	3663.42
311.892	-639.565	3453.16
500.862	-39.0605	3568.68
-592.396	551.522	2870.93
484.288	1070.61	4138.39
533.823	1209.91	3498.04
-359.079	-167.604	3679.71
662.464	466.318	4786.15
184.517	-293.472	3856.17
243.478	128.8	4228.9
1086.08	-82.9969	3977.49
-640.579	-368.879	3333.38
649.573	310.725	3251.38
1138.33	-157.957	2937.21
376.107	1003.4	4437.66
816.194	736.022	4826.08
1083.19	-96.4304	3750.03
-20.0765	609.895	4164.83
-676.648	107.899	3588.8
878.885	162.84	4409.09
633.861	787.394	4734.94
327.319	-407.974	4455.74
0.695499	808.521	3110.32
341.174	694.344	3584.01
828.593	165.353	3523.75
518.133	-77.598	3651.68
-183.121	88.2098	4294.72
225.043	-620.018	3866.57
379.89	-313.575	4121.83
191.467	538.905	4122.51
175.246	-297.542	3032.85
445.477	-581.546	3881.74
540.305	481.836	3086.07
843.625	332.822	3020.07
-673.411	-48.1533	3237.66
258.579	-91.1283	3877.87
648.492	1186.69	3595.26
-427.248	-642.405	3227.14
-622.161	202.538	4335.55
-631.322	906.815	4341.38
-828.722	909.627	3707.01
742.812	438.678	4072.71
708.57	1040.76	4270.56
-98.0216	-768.676	3805.88
977.579	338.069	3806.8
775.102	206.418	3520.46
59.6236	851.857	3117.53
975.112	20.0324	3614.72
941.086	1252.54	3154.27
672.141	-550.758	3113.22
840.433	1158.08	3663.42
311.892	-639.565	3453.16
500.862	-39.0605	3568.68
-592.396	551.522	2870.93
484.288	1070.61	4138.39
533.823	1209.91	3498.04
-359.079	-167.604	3679.71
662.464	466.318	4786.15
184.517	-293.472	3856.17
243.478	128.8	4228.9
1086.08	-82.9969	3977.49
-640.579	-368.879	3333.38
649.573	310.725	3251.38
1138.33	-157.957	2937.21
376.107	1003.4	4437.66
816.194	736.022	4826.08
1083.19	-96.4304	3750.03
-20.0765	609.895	4164.83
-676.648	107.899	3588.8
878.885	162.84	4409.09
633.861	787.394	4734.94
327.319	-407.974	4455.74
0.695499	808.521	3110.32
341.174	694.344	3584.01
828.593	165.353	3523.75
518.133	-77.598	3651.68
-183.121	88.2098	4294.72
225.043	-620.018	3866.57
379.89	-313.575	4121.83
191.467	538.905	4122.51
175.246	-297.542	3032.85
445.477	-581.546	3881.74
540.305	481.836	3086.07
843.625	332.822	3020.07
-673.411	-48.1533	3237.66
258.579	-91.1283	3877.87
648.492	1186.69	3595.26
-427.248	-642.405	3227.14
-622.161	202.538	4335.55
-631.322	906.815	4341.38
-828.722	909.627	3707.01
742.812	438.678	4072.71
708.57	1040.76	4270.56
-98.0216	-768.676	3805.88
977.579	338.069	3806.8
775.102	206.418	3520.46
59.6236	851.857	3117.53
975.112	20.0324	3614.72
941.086	1252.54	3154.27
672.141	-550.758	3113.22
840.433	1158.08	3663.42
311.892	-639.565	3453.16
500.862	-39.0605	3568.68
-592.396	551.522	2870.93
484.288	1070.61	4138.39
533.823	1209.91	3498.04
-359.079	-167.604	3679.71
662.464	466.318	4786.15
184.517	-293.472	3856.17
243.478	128.8	4228.9
1086.08	-82.9969	3977.49
-640.579	-368.879	3333.38
649.573	310.725	3251.38
1138.33	-157.957	2937.21
376.107	1003.4	4437.66
816.194	736.022	4826.08
1083.19	-96.4304	3750.03
-20.0765	609.895	4164.83
-676.648	107.899	3588.8
878.885	162.84	4409.09
633.861	787.394	4734.94
327.319	-407.974	4455.74
0.695499	808.521	3110.32
341.174	694.344	3584.01
828.593	165.353	3523.75
518.133	-77.598	3651.68
-183.121	88.2098	4294.72
225.043	-620.018	3866.57
379.89	-313.575	4121.83
191.467	538.905	4122.51
175.246	-297.542	3032.85
445.477	-581.546	3881.74
540.305	481.836	3086.07
843.625	332.822	3020.07
-673.411	-48.1533	3237.66
258.579	-91.1283	3877.87
648.492	1186.69	3595.26
-427.248	-642.405	3227.14
-622.161	202.538	4335.55
-631.322	906.815	4341.38
-828.722	909.627	3707.01
742.812	438.678	4072.71
708.57	1040.76	4270.56
-98.0216	-768.676	3805.88
977.579	338.069	3806.8
775.102	206.418	3520.46
59.6236	851.857	3117.53
975.112	20.0324	3614.72
941.086	1252.54	3154.27
672.141	-550.758	3113.22
840.433	1158.08	3663.42
311.892	-639.565	3453.16
500.862	-39.0605	3568.68
-592.396	551.522	2870.93
484.288	1070.61	4138.39
533.823	1209.91	3498.04
-359.079	-167.604	3679.71
662.464	466.318	4786.15
184.517	-293.472	3856.17
243.478	128.8	4228.9
1086.08	-82.9969	3977.49
-640.579	-368.879	3333.38
649.573	310.725	3251.38
1138.33	-157.957	2937.21
376.107	1003.4	4437.66
816.194	736.022	4826.08
1083.19	-96.4304	3750.03
-20.0765	609.895	4164.83
-676.648	107.899	3588.8
878.885	162.84	4409.09
633.861	787.394	4734.94
327.319	-407.974	4455.74
0.695499	808.521	3110.32
341.174	694.344	3584.01
828.593	165.353	3523.75
518.133	-77.598	3651.68
-183.121	88.2098	4294.72
225.043	-620.018	3866.57
379.89	-313.575	4121.83
191.467	538.905	4122.51
175.246	-297.542	3032.85
445.477	-581.546	3881.74
540.305	481.836	3086.07
843.625	332.822	3020.07
-673.411	-48.1533	3237.66
258.579	-91.1283	3877.87
648.492	1186.69	3595.26
-427.248	-642.405	3227.14
-622.161	202.538	4335.55
-631.322	906.815	4341.38
-828.722	909.627	3707.01
742.812	438.678	4072.71
708.57	1040.76	4270.56
-98.0216	-768.676	3805.88
977.579	338.069	3806.8
775.102	206.418	3520.46
59.6236	851.857	3117.53
975.112	20.0324	3614.72
941.086	1252.54	3154.27
672.141	-550.758	3113.22
840.433	1158.08	3663.42
311.892	-639.565	3453.16
500.862	-39.0605	3568.68
-592.396	551.522	2870.93
484.288	1070.61	4138.39
533.823	1209.91	3498.04
