322.321	211.095
413.254	262.73
376.309	199.372
381.67	238.435
459.38	218.845
285.766	187.592
429.632	261.833
495.395	206.454
393.02	310.235
424.811	282.839
464.175	217.02
358.948	281.3
288.772	239.182
434.22	240.29
411.699	288.05
387.788	193.612
356.16	323.023
393.421	298.31
443.837	243.838
410.068	219.164
345.086	235.152
379.836	168.504
393.575	199.226
377.563	275.329
375.526	191.297
400.631	172.174
419.794	284.18
457.31	266.891
279.667	222.762
383.492	218.598
425.149	347.971
306.813	155.058
308.293	245.129
308.135	304.753
277.18	318.411
427.138	266.343
422.292	316.35
348.714	153.59
453.211	259.112
438.395	248.191
363.193	327.835
456.741	228.537
466.039	371.875
433.535	161.999
443.363	342.617
389.584	159.333
409.152	222.951
278.462	298.796
403.961	322.073
414.554	353.899
322.321	211.095
413.254	262.73
376.309	199.372
381.67	238.435
459.38	218.845
285.766	187.592
429.632	261.833
495.395	206.454
393.02	310.235
424.811	282.839
464.175	217.02
358.948	281.3
288.772	239.182
434.22	240.29
411.699	288.05
387.788	193.612
356.16	323.023
393.421	298.31
443.837	243.838
410.068	219.164
345.086	235.152
379.836	168.504
393.575	199.226
377.563	275.329
375.526	191.297
400.631	172.174
419.794	284.18
457.31	266.891
279.667	222.762
383.492	218.598
425.149	347.971
306.813	155.058
308.293	245.129
308.135	304.753
277.18	318.411
427.138	266.343
422.292	316.35
348.714	153.59
453.211	259.112
438.395	248.191
363.193	327.835
456.741	228.537
466.039	371.875
433.535	161.999
443.363	342.617
389.584	159.333
409.152	222.951
278.462	298.796
403.961	322.073
414.554	353.899
322.321	211.095
413.254	262.73
376.309	199.372
381.67	238.435
459.38	218.845
285.766	187.592
429.632	261.833
495.395	206.454
393.02	310.235
424.811	282.839
464.175	217.02
358.948	281.3
288.772	239.182
434.22	240.29
411.699	288.05
387.788	193.612
356.16	323.023
393.421	298.31
443.837	243.838
410.068	219.164
345.086	235.152
379.836	168.504
393.575	199.226
377.563	275.329
375.526	191.297
400.631	172.174
419.794	284.18
457.31	266.891
279.667	222.762
383.492	218.598
425.149	347.971
306.813	155.058
308.293	245.129
308.135	304.753
277.18	318.411
427.138	266.343
422.292	316.35
348.714	153.59
453.211	259.112
438.395	248.191
363.193	327.835
456.741	228.537
466.039	371.875
433.535	161.999
443.363	342.617
389.584	159.333
409.152	222.951
278.462	298.796
403.961	322.073
414.554	353.899
322.321	211.095
413.254	262.73
376.309	199.372
381.67	238.435
459.38	218.845
285.766	187.592
429.632	261.833
495.395	206.454
393.02	310.235
424.811	282.839
464.175	217.02
358.948	281.3
288.772	239.182
434.22	240.29
411.699	288.05
387.788	193.612
356.16	323.023
393.421	298.31
443.837	243.838
410.068	219.164
345.086	235.152
379.836	168.504
393.575	199.226
377.563	275.329
375.526	191.297
400.631	172.174
419.794	284.18
457.31	266.891
279.667	222.762
383.492	218.598
425.149	347.971
306.813	155.058
308.293	245.129
308.135	304.753
277.18	318.411
427.138	266.343
422.292	316.35
348.714	153.59
453.211	259.112
438.395	248.191
363.193	327.835
456.741	228.537
466.039	371.875
433.535	161.999
443.363	342.617
389.584	159.333
409.152	222.951
278.462	298.796
403.961	322.073
414.554	353.899
322.321	211.095
413.254	262.73
376.309	199.372
381.67	238.435
459.38	218.845
285.766	187.592
429.632	261.833
495.395	206.454
393.02	310.235
424.811	282.839
464.175	217.02
358.948	281.3
288.772	239.182
434.22	240.29
411.699	288.05
387.788	193.612
356.16	323.023
393.421	298.31
443.837	243.838
410.068	219.164
345.086	235.152
379.836	168.504
393.575	199.226
377.563	275.329
375.526	191.297
400.631	172.174
419.794	284.18
457.31	266.891
279.667	222.762
383.492	218.598
425.149	347.971
306.813	155.058
308.293	245.129
308.135	304.753
277.18	318.411
427.138	266.343
422.292	316.35
348.714	153.59
453.211	259.112
438.395	248.191
363.193	327.835
456.741	228.537
466.039	371.875
433.535	161.999
443.363	342.617
389.584	159.333
409.152	222.951
278.462	298.796
403.961	322.073
414.554	353.899
