322.321	211.095
413.254	262.73
376.309	199.372
381.67	238.435
459.38	218.845
285.766	187.592
429.632	261.833
495.395	206.454
393.02	310.235
424.811	282.839
464.175	217.02
358.948	281.3
288.772	239.182
434.22	240.29
411.699	288.05
387.788	193.612
356.16	323.023
393.421	298.31
443.837	243.838
410.068	219.164
345.086	235.152
379.836	168.504
393.575	199.226
377.563	275.329
375.526	191.297
400.631	172.174
419.794	284.18
457.31	266.891
279.667	222.762
383.492	218.598
425.149	347.971
306.813	155.058
308.293	245.129
308.135	304.753
277.18	318.411
427.138	266.343
422.292	316.35
348.714	153.59
453.211	259.112
438.395	248.191
363.193	327.835
456.741	228.537
466.039	371.875
433.535	161.999
443.363	342.617
389.584	159.333
409.152	222.951
278.462	298.796
403.961	322.073
414.554	353.899
322.321	211.095
413.254	262.73
376.309	199.372
381.67	238.435
459.38	218.845
285.766	187.592
429.632	261.833
495.395	206.454
393.02	310.235
424.811	282.839
464.175	217.02
358.948	281.3
288.772	239.182
434.22	240.29
411.699	288.05
387.788	193.612
356.16	323.023
393.421	298.31
443.837	243.838
410.068	219.164
345.086	235.152
379.836	168.504
393.575	199.226
377.563	275.329
375.526	191.297
400.631	172.174
419.794	284.18
457.31	266.891
279.667	222.762
383.492	218.598
425.149	347.971
306.813	155.058
308.293	245.129
308.135	304.753
277.18	318.411
427.138	266.343
422.292	316.35
348.714	153.59
453.211	259.112
438.395	248.191
363.193	327.835
456.741	228.537
466.039	371.875
433.535	161.999
443.363	342.617
389.584	159.333
409.152	222.951
278.462	298.796
403.961	322.073
414.554	353.899
322.389	211.111
413.218	262.692
376.309	199.402
381.664	238.419
459.282	218.851
285.893	187.643
429.555	261.779
495.207	206.482
393.002	310.144
424.764	282.782
464.066	217.029
358.967	281.236
288.886	239.162
434.159	240.273
411.664	287.987
387.776	193.644
356.19	322.874
393.399	298.213
443.748	243.812
410.025	219.17
345.12	235.139
379.832	168.571
393.556	199.255
377.562	275.271
375.527	191.348
400.602	172.236
419.728	284.089
457.185	266.825
279.806	222.763
383.483	218.604
425.086	347.811
306.913	155.158
308.366	245.106
308.209	304.666
277.305	318.292
427.079	266.295
422.241	316.249
348.747	153.676
453.117	259.069
438.313	248.159
363.212	327.68
456.638	228.531
465.907	371.657
433.45	162.091
443.277	342.467
389.566	159.42
409.109	222.952
278.621	298.675
403.929	321.962
414.503	353.726
322.389	211.111
413.218	262.692
376.309	199.402
381.664	238.419
459.282	218.851
285.893	187.643
429.555	261.779
495.207	206.482
393.002	310.144
424.764	282.782
464.066	217.029
358.967	281.236
288.886	239.162
434.159	240.273
411.664	287.987
387.776	193.644
356.19	322.874
393.399	298.213
443.748	243.812
410.025	219.17
345.12	235.139
379.832	168.571
393.556	199.255
377.562	275.271
375.527	191.348
400.602	172.236
419.728	284.089
457.185	266.825
279.806	222.763
383.483	218.604
425.086	347.811
306.913	155.158
308.366	245.106
308.209	304.666
277.305	318.292
427.079	266.295
422.241	316.249
348.747	153.676
453.117	259.069
438.313	248.159
363.212	327.68
456.638	228.531
465.907	371.657
433.45	162.091
443.277	342.467
389.566	159.42
409.109	222.952
278.621	298.675
403.929	321.962
414.503	353.726
322.389	211.111
413.218	262.692
376.309	199.402
381.664	238.419
459.282	218.851
285.893	187.643
429.555	261.779
495.207	206.482
393.002	310.144
424.764	282.782
464.066	217.029
358.967	281.236
288.886	239.162
434.159	240.273
411.664	287.987
387.776	193.644
356.19	322.874
393.399	298.213
443.748	243.812
410.025	219.17
345.12	235.139
379.832	168.571
393.556	199.255
377.562	275.271
375.527	191.348
400.602	172.236
419.728	284.089
457.185	266.825
279.806	222.763
383.483	218.604
425.086	347.811
306.913	155.158
308.366	245.106
308.209	304.666
277.305	318.292
427.079	266.295
422.241	316.249
348.747	153.676
453.117	259.069
438.313	248.159
363.212	327.68
456.638	228.531
465.907	371.657
433.45	162.091
443.277	342.467
389.566	159.42
409.109	222.952
278.621	298.675
403.929	321.962
414.503	353.726
