-0.525831	-0.511742	7.34468
1.28825	1.54805	9.90651
-1.49023	0.0535713	9.70197
-1.07249	-1.35082	8.96709
-0.561416	2.31569	6.86631
0.846875	-1.11275	7.37938
1.53368	0.37828	6.70716
0.22453	1.52663	7.66589
1.38761	1.8755	9.7982
0.847529	0.708883	7.89626
2.40185	-1.16908	7.12234
2.03157	-0.189155	6.35635
2.38858	-0.890806	6.40037
-0.156673	-0.631634	6.29682
1.27143	-0.43364	7.68659
1.83314	-1.08766	8.92971
-0.410636	-0.207765	7.60652
-1.19076	-1.83945	8.60013
-1.8834	2.06459	7.07956
0.692439	0.011854	8.60189
-0.504979	2.14862	8.97957
-0.42685	-0.858038	10.0177
0.656065	0.0370624	6.23599
1.07516	0.562126	7.38539
0.960156	0.627688	9.49081
1.34908	0.989759	8.09678
1.403	-1.17422	9.27038
0.166776	2.1136	7.55385
0.95998	-1.15272	9.27928
2.39142	-0.785257	7.06676
1.73323	0.309305	7.12782
-0.152433	-1.14556	6.27607
-0.794816	-0.416755	6.69854
-1.34314	0.298781	9.92315
-0.886841	0.310146	7.44597
0.242824	-0.355007	6.84462
2.07954	0.00900935	8.45866
-0.27761	-0.837259	7.09805
1.27306	-1.48219	8.19548
0.485436	1.6832	9.69248
0.233363	-1.83799	9.5186
0.0676173	-0.267377	7.21611
0.6884	0.0378199	7.29542
-0.68147	-0.663931	6.0485
-0.895745	2.33479	6.48076
-1.33677	1.85559	9.07504
0.918824	0.945754	8.98831
0.0992952	2.09496	8.94326
1.24714	-0.893399	7.35917
1.40191	1.495	7.25714
-0.234525	-0.228159	3.27546
0.574748	0.690306	4.4181
-0.664568	0.0240608	4.32666
-0.478403	-0.602319	3.99897
-0.250121	1.03283	3.0621
0.377624	-0.496331	3.29107
0.684073	0.168576	2.99132
0.100327	0.680849	3.41876
0.61909	0.836334	4.3698
0.378098	0.316089	3.52156
1.07112	-0.521605	3.17657
0.90607	-0.0845398	2.83492
1.06522	-0.397499	2.85459
-0.0699031	-0.281667	2.80819
0.56704	-0.193499	3.4281
0.817497	-0.485231	3.98255
-0.183119	-0.0926007	3.39225
-0.531197	-0.820229	3.83531
-0.839731	0.920973	3.15708
0.308865	0.00524209	3.83624
-0.224956	0.958322	4.00455
-0.190401	-0.382604	4.46757
0.292633	0.016482	2.78112
0.479599	0.250614	3.29375
0.428328	0.27987	4.23269
0.601813	0.441307	3.61103
0.625652	-0.523793	4.13444
0.0746268	0.942636	3.36878
0.428074	-0.514163	4.13837
1.0665	-0.350424	3.15178
0.773066	0.137796	3.17894
-0.0680627	-0.510869	2.79893
-0.354483	-0.185772	2.98728
-0.598939	0.133407	4.42531
-0.39545	0.138425	3.3206
0.108297	-0.158333	3.05252
0.927491	0.00383919	3.77249
-0.123855	-0.373359	3.1655
0.567666	-0.661134	3.65506
0.216714	0.750658	4.32258
0.103947	-0.819712	4.24505
0.0301681	-0.119234	3.21817
0.307059	0.0168195	3.2536
-0.30396	-0.296021	2.6974
-0.399227	1.04138	2.89012
-0.595954	0.827717	4.04706
0.409923	0.421726	4.00859
0.0445368	0.934334	3.98841
0.556157	-0.398543	3.28208
0.625417	0.666629	3.23657
-0.234525	-0.228159	3.27546
0.574748	0.690306	4.4181
-0.664568	0.0240608	4.32666
-0.478403	-0.602319	3.99897
-0.250121	1.03283	3.0621
0.377624	-0.496331	3.29107
0.684073	0.168576	2.99132
0.100327	0.680849	3.41876
0.61909	0.836334	4.3698
0.378098	0.316089	3.52156
1.07112	-0.521605	3.17657
0.90607	-0.0845398	2.83492
1.06522	-0.397499	2.85459
-0.0699031	-0.281667	2.80819
0.56704	-0.193499	3.4281
0.817497	-0.485231	3.98255
-0.183119	-0.0926007	3.39225
-0.531197	-0.820229	3.83531
-0.839731	0.920973	3.15708
0.308865	0.00524209	3.83624
-0.224956	0.958322	4.00455
-0.190401	-0.382604	4.46757
0.292633	0.016482	2.78112
0.479599	0.250614	3.29375
0.428328	0.27987	4.23269
0.601813	0.441307	3.61103
0.625652	-0.523793	4.13444
0.0746268	0.942636	3.36878
0.428074	-0.514163	4.13837
1.0665	-0.350424	3.15178
0.773066	0.137796	3.17894
-0.0680627	-0.510869	2.79893
-0.354483	-0.185772	2.98728
-0.598939	0.133407	4.42531
-0.39545	0.138425	3.3206
0.108297	-0.158333	3.05252
0.927491	0.00383919	3.77249
-0.123855	-0.373359	3.1655
0.567666	-0.661134	3.65506
0.216714	0.750658	4.32258
0.103947	-0.819712	4.24505
0.0301681	-0.119234	3.21817
0.307059	0.0168195	3.2536
-0.30396	-0.296021	2.6974
-0.399227	1.04138	2.89012
-0.595954	0.827717	4.04706
0.409923	0.421726	4.00859
0.0445368	0.934334	3.98841
0.556157	-0.398543	3.28208
0.625417	0.666629	3.23657
-0.234525	-0.228159	3.27546
0.574748	0.690306	4.4181
-0.664568	0.0240608	4.32666
-0.478403	-0.602319	3.99897
-0.250121	1.03283	3.0621
0.377624	-0.496331	3.29107
0.684073	0.168576	2.99132
0.100327	0.680849	3.41876
0.61909	0.836334	4.3698
0.378098	0.316089	3.52156
1.07112	-0.521605	3.17657
0.90607	-0.0845398	2.83492
1.06522	-0.397499	2.85459
-0.0699031	-0.281667	2.80819
0.56704	-0.193499	3.4281
0.817497	-0.485231	3.98255
-0.183119	-0.0926007	3.39225
-0.531197	-0.820229	3.83531
-0.839731	0.920973	3.15708
0.308865	0.00524209	3.83624
-0.224956	0.958322	4.00455
-0.190401	-0.382604	4.46757
0.292633	0.016482	2.78112
0.479599	0.250614	3.29375
0.428328	0.27987	4.23269
0.601813	0.441307	3.61103
0.625652	-0.523793	4.13444
0.0746268	0.942636	3.36878
0.428074	-0.514163	4.13837
1.0665	-0.350424	3.15178
0.773066	0.137796	3.17894
-0.0680627	-0.510869	2.79893
-0.354483	-0.185772	2.98728
-0.598939	0.133407	4.42531
-0.39545	0.138425	3.3206
0.108297	-0.158333	3.05252
0.927491	0.00383919	3.77249
-0.123855	-0.373359	3.1655
0.567666	-0.661134	3.65506
0.216714	0.750658	4.32258
0.103947	-0.819712	4.24505
0.0301681	-0.119234	3.21817
0.307059	0.0168195	3.2536
-0.30396	-0.296021	2.6974
-0.399227	1.04138	2.89012
-0.595954	0.827717	4.04706
0.409923	0.421726	4.00859
0.0445368	0.934334	3.98841
0.556157	-0.398543	3.28208
0.625417	0.666629	3.23657
-0.107345	-0.104287	1.49962
0.263661	0.315925	2.02326
-0.304098	0.011404	1.98064
-0.219146	-0.275479	1.83076
-0.113941	0.473077	1.40184
0.172831	-0.227335	1.50717
0.313428	0.0769638	1.37008
0.0463841	0.311774	1.56539
0.284026	0.382766	2.00117
0.173415	0.144648	1.61266
0.490354	-0.239206	1.45518
0.414959	-0.0390273	1.29862
0.487694	-0.182387	1.30775
-0.0320106	-0.128868	1.28577
0.259701	-0.0887567	1.57001
0.374276	-0.222424	1.82406
-0.0837421	-0.0422392	1.55311
-0.243422	-0.375234	1.7558
-0.383959	0.422114	1.44496
0.141591	0.00235971	1.75672
-0.102411	0.438972	1.83339
-0.0871577	-0.174992	2.04549
0.134118	0.00748781	1.27359
0.219852	0.114621	1.50842
0.196429	0.12806	1.9383
0.275909	0.201887	1.65376
0.286423	-0.239994	1.89349
0.0347291	0.431647	1.54247
0.19596	-0.2355	1.89516
0.488315	-0.160827	1.44382
0.354171	0.0628372	1.45604
-0.031269	-0.233812	1.28155
-0.162265	-0.0848352	1.36759
-0.273996	0.0614436	2.02585
-0.180867	0.063628	1.52016
0.0496491	-0.0724683	1.39775
0.424846	0.00145138	1.72792
-0.0567394	-0.170819	1.44935
0.259791	-0.302864	1.67396
0.0997451	0.343709	1.97929
0.0474176	-0.375259	1.94381
0.0138993	-0.0545288	1.47355
0.140744	0.00764743	1.48993
-0.139192	-0.135343	1.23489
-0.182218	0.47705	1.323
-0.27234	0.379332	1.85262
0.188054	0.193013	1.83567
0.0209743	0.427873	1.82617
0.254621	-0.182637	1.50316
0.2868	0.305035	1.4823
