-4.62082	-4.48805	64.5553
11.354	13.5989	87.1008
-13.0896	0.493873	85.2606
-9.43476	-11.8567	78.8094
-4.90055	20.3666	60.3454
7.43951	-9.78709	64.8832
13.4942	3.31141	58.9828
2.00016	13.4216	67.3878
12.2312	16.4762	86.1498
7.46746	6.22621	69.424
21.1084	-10.3004	62.6486
17.8641	-1.68258	55.9078
20.9942	-7.85453	56.3016
-1.3781	-5.54685	55.3502
11.1802	-3.82213	67.5894
16.1117	-9.57702	78.527
-3.60425	-1.81714	66.8584
-10.4806	-16.1508	75.5825
-16.5248	18.1747	62.1991
6.09653	0.101216	75.6254
-4.40415	18.8985	78.923
-3.75195	-7.53174	88.0545
5.77455	0.321846	54.8275
9.46623	4.93321	64.9371
8.4583	5.5121	83.4427
11.8802	8.68955	71.1943
12.3297	-10.3327	81.5149
1.4993	18.5821	66.4011
8.43537	-10.1386	81.586
21.0212	-6.92635	62.1593
15.2481	2.70302	62.6839
-1.34696	-10.0645	55.1686
-6.98502	-3.65033	58.871
-11.7933	2.6478	87.2069
-7.78458	2.74097	65.4386
2.13774	-3.11948	60.1716
18.2903	0.0600504	74.3886
-2.44285	-7.35252	62.3918
11.1826	-13.0391	72.0644
4.2978	14.7962	85.2063
2.0398	-16.1539	83.6791
0.598941	-2.34693	63.4342
6.05994	0.32875	64.1408
-5.99223	-5.82482	53.159
-7.83982	20.5381	56.9508
-11.7198	16.3323	79.7494
8.09819	8.30824	79.0244
0.907342	18.4198	78.6136
10.9608	-7.86353	64.7116
12.3497	13.1298	63.8136
-2.10007	-2.0419	29.3281
5.14977	6.17994	39.5618
-5.94983	0.218046	38.7389
-4.28491	-5.39141	35.8057
-2.2357	9.24952	27.417
3.38055	-4.44515	29.4699
6.12672	1.50767	26.7868
0.901325	6.09664	30.612
5.54729	7.48738	39.1294
3.38746	2.82958	31.5336
9.59032	-4.67367	28.4471
8.11374	-0.759541	25.3872
9.53783	-3.56239	25.564
-0.626237	-2.52161	25.1446
5.07768	-1.73406	30.6975
7.31957	-4.34706	35.6631
-1.63929	-0.828214	30.3738
-4.75839	-7.34251	34.3401
-7.51569	8.24975	28.2656
2.76658	0.0464019	34.3511
-2.0104	8.58234	35.856
-1.70519	-3.42486	40.0025
2.62104	0.146979	24.9034
4.29609	2.24295	29.4941
3.83729	2.50519	37.9012
5.39114	3.95014	32.3354
5.60161	-4.69174	37.0225
0.672024	8.44086	30.1643
3.83243	-4.60488	37.057
9.54954	-3.14084	28.2251
6.92355	1.2318	28.4671
-0.610498	-4.57397	25.0618
-3.17415	-1.66201	26.7472
-5.36179	1.19697	39.6225
-3.53987	1.24114	29.7315
0.969907	-1.41777	27.3329
8.30604	0.0318764	33.7824
-1.10957	-3.34244	28.3439
5.08182	-5.92141	32.7299
1.94393	6.72148	38.7052
0.929077	-7.33984	38.0111
0.270462	-1.06739	28.8159
2.75032	0.150009	29.134
-2.72217	-2.64941	24.1518
-3.57088	9.32651	25.8767
-5.3329	7.41403	36.2354
3.67289	3.77545	35.8945
0.402693	8.36668	35.7124
4.97953	-3.57008	29.3901
5.60314	5.96764	28.9825
-1.25096	-1.21716	17.4717
3.06531	3.68231	23.5663
-3.54496	0.127999	23.0791
-2.55168	-3.21306	21.3311
-1.33468	5.50904	16.3337
2.01438	-2.64735	17.5547
3.64871	0.899437	15.9557
0.534762	3.63167	18.236
3.30177	4.46124	23.3087
2.01655	1.68614	18.7842
5.71351	-2.78187	16.9436
4.83297	-0.450601	15.1213
5.68201	-2.11988	15.2261
-0.372825	-1.5025	14.9791
3.0246	-1.03195	18.2856
4.36065	-2.58796	21.2429
-0.976819	-0.494064	18.0946
-2.83318	-4.37542	20.4581
-4.47964	4.91212	16.8406
1.64739	0.0280346	20.4627
-1.20045	5.11159	21.3608
-1.01557	-2.04098	23.8305
1.56083	0.0879978	14.8346
2.558	1.33694	17.569
2.28448	1.49296	22.5774
3.2098	2.35415	19.2613
3.33736	-2.79374	22.0532
0.397564	5.02805	17.9694
2.28347	-2.74245	22.0743
5.68882	-1.86878	16.8114
4.12341	0.73529	16.9564
-0.36291	-2.72507	14.9298
-1.89083	-0.991109	15.9346
-3.19495	0.711281	23.6053
-2.1095	0.738151	17.7126
0.577644	-0.844557	16.2824
4.94716	0.0208118	20.1224
-0.660579	-1.99161	16.8851
3.02813	-3.52634	19.4961
1.15552	4.00408	23.057
0.554685	-4.3724	22.6434
0.160878	-0.636034	17.166
1.63777	0.0897969	17.3548
-1.62128	-1.57916	14.3883
-2.13002	5.55458	15.4164
-3.17931	4.41478	21.5877
2.18625	2.24962	21.382
0.237049	4.98375	21.2746
2.96664	-2.12566	17.5067
3.33562	3.55605	17.2639
-1.25096	-1.21716	17.4717
3.06531	3.68231	23.5663
-3.54496	0.127999	23.0791
-2.55168	-3.21306	21.3311
-1.33468	5.50904	16.3337
2.01438	-2.64735	17.5547
3.64871	0.899437	15.9557
0.534762	3.63167	18.236
3.30177	4.46124	23.3087
2.01655	1.68614	18.7842
5.71351	-2.78187	16.9436
4.83297	-0.450601	15.1213
5.68201	-2.11988	15.2261
-0.372825	-1.5025	14.9791
3.0246	-1.03195	18.2856
4.36065	-2.58796	21.2429
-0.976819	-0.494064	18.0946
-2.83318	-4.37542	20.4581
-4.47964	4.91212	16.8406
1.64739	0.0280346	20.4627
-1.20045	5.11159	21.3608
-1.01557	-2.04098	23.8305
1.56083	0.0879978	14.8346
2.558	1.33694	17.569
2.28448	1.49296	22.5774
3.2098	2.35415	19.2613
3.33736	-2.79374	22.0532
0.397564	5.02805	17.9694
2.28347	-2.74245	22.0743
5.68882	-1.86878	16.8114
4.12341	0.73529	16.9564
-0.36291	-2.72507	14.9298
-1.89083	-0.991109	15.9346
-3.19495	0.711281	23.6053
-2.1095	0.738151	17.7126
0.577644	-0.844557	16.2824
4.94716	0.0208118	20.1224
-0.660579	-1.99161	16.8851
3.02813	-3.52634	19.4961
1.15552	4.00408	23.057
0.554685	-4.3724	22.6434
0.160878	-0.636034	17.166
1.63777	0.0897969	17.3548
-1.62128	-1.57916	14.3883
-2.13002	5.55458	15.4164
-3.17931	4.41478	21.5877
2.18625	2.24962	21.382
0.237049	4.98375	21.2746
2.96664	-2.12566	17.5067
3.33562	3.55605	17.2639
-0.525831	-0.511742	7.34468
1.28825	1.54805	9.90651
-1.49023	0.0535713	9.70197
-1.07249	-1.35082	8.96709
-0.561416	2.31569	6.86631
0.846875	-1.11275	7.37938
1.53368	0.37828	6.70716
0.22453	1.52663	7.66589
1.38761	1.8755	9.7982
0.847529	0.708883	7.89626
2.40185	-1.16908	7.12234
2.03157	-0.189155	6.35635
2.38858	-0.890806	6.40037
-0.156673	-0.631634	6.29682
1.27143	-0.43364	7.68659
1.83314	-1.08766	8.92971
-0.410636	-0.207765	7.60652
-1.19076	-1.83945	8.60013
-1.8834	2.06459	7.07956
0.692439	0.011854	8.60189
-0.504979	2.14862	8.97957
-0.42685	-0.858038	10.0177
0.656065	0.0370624	6.23599
1.07516	0.562126	7.38539
0.960156	0.627688	9.49081
1.34908	0.989759	8.09678
1.403	-1.17422	9.27038
0.166776	2.1136	7.55385
0.95998	-1.15272	9.27928
2.39142	-0.785257	7.06676
1.73323	0.309305	7.12782
-0.152433	-1.14556	6.27607
-0.794816	-0.416755	6.69854
-1.34314	0.298781	9.92315
-0.886841	0.310146	7.44597
0.242824	-0.355007	6.84462
2.07954	0.00900935	8.45866
-0.27761	-0.837259	7.09805
1.27306	-1.48219	8.19548
0.485436	1.6832	9.69248
0.233363	-1.83799	9.5186
0.0676173	-0.267377	7.21611
0.6884	0.0378199	7.29542
-0.68147	-0.663931	6.0485
-0.895745	2.33479	6.48076
-1.33677	1.85559	9.07504
0.918824	0.945754	8.98831
0.0992952	2.09496	8.94326
1.24714	-0.893399	7.35917
1.40191	1.495	7.25714
