1790.14	743.074	3246.33
1476.11	678.23	4395.13
1564.42	3446.35	3117.83
380.924	194.178	4651.06
13.8963	1735.82	5138.27
-208.952	2474.47	3709.13
-257.859	-243.543	4711.24
3131.88	437.066	1854.6
2339.99	185.873	5279.07
-519.391	966.362	3706.77
-201.368	1765.02	4486.95
316.213	415.278	4635.09
1310.28	2475.32	5515.16
1251.49	-532.331	3328.33
1774.56	73.2409	4928.06
2256.89	1633.12	4686.76
-181.158	1417.16	4424.74
1671.42	64.6698	3634.68
2898.57	1143	5102.82
-1176.45	2807	5290.84
2367.45	1959.46	2214.33
-402.997	1599.33	5275.5
2465.57	1565.58	3005.23
740.001	-648.893	5263.18
-484.63	-518.905	1595.43
1982.49	1740.65	5485.64
1819.84	3582.21	3239.49
2208.7	2613.62	5492.63
143.16	2434.69	3346.83
932.467	3322.53	3052.94
2726.69	2161.57	2952.15
2276.62	2995.87	2964.66
-450.822	650.875	4248.5
2004.68	1792.19	5214.56
1074.41	957.45	1727.86
2568.28	1783.66	2572.45
1863.94	2063.68	4976.09
1285.06	1299.94	4312.03
295.591	2354.52	4264.05
650.221	-375.193	2668.56
-734.098	2216.73	3716.44
-325.319	2424.29	3904.11
-377.365	805.885	2775.03
1579.99	1208.13	5683.66
-663.825	3012.53	3131.52
3097.4	1079.68	4002.05
-279.042	1558.55	5783.42
-646.812	719.787	4747.15
-322.652	1772.76	3558.24
2867.62	2488.95	2731.52
1790.14	743.074	3246.33
1476.11	678.23	4395.13
1564.42	3446.35	3117.83
380.924	194.178	4651.06
13.8963	1735.82	5138.27
-208.952	2474.47	3709.13
-257.859	-243.543	4711.24
3131.88	437.066	1854.6
2339.99	185.873	5279.07
-519.391	966.362	3706.77
-201.368	1765.02	4486.95
316.213	415.278	4635.09
1310.28	2475.32	5515.16
1251.49	-532.331	3328.33
1774.56	73.2409	4928.06
2256.89	1633.12	4686.76
-181.158	1417.16	4424.74
1671.42	64.6698	3634.68
2898.57	1143	5102.82
-1176.45	2807	5290.84
2367.45	1959.46	2214.33
-402.997	1599.33	5275.5
2465.57	1565.58	3005.23
740.001	-648.893	5263.18
-484.63	-518.905	1595.43
1982.49	1740.65	5485.64
1819.84	3582.21	3239.49
2208.7	2613.62	5492.63
143.16	2434.69	3346.83
932.467	3322.53	3052.94
2726.69	2161.57	2952.15
2276.62	2995.87	2964.66
-450.822	650.875	4248.5
2004.68	1792.19	5214.56
1074.41	957.45	1727.86
2568.28	1783.66	2572.45
1863.94	2063.68	4976.09
1285.06	1299.94	4312.03
295.591	2354.52	4264.05
650.221	-375.193	2668.56
-734.098	2216.73	3716.44
-325.319	2424.29	3904.11
-377.365	805.885	2775.03
1579.99	1208.13	5683.66
-663.825	3012.53	3131.52
3097.4	1079.68	4002.05
-279.042	1558.55	5783.42
-646.812	719.787	4747.15
-322.652	1772.76	3558.24
2867.62	2488.95	2731.52
1790.14	743.074	3246.33
1476.11	678.23	4395.13
1564.42	3446.35	3117.83
380.924	194.178	4651.06
13.8963	1735.82	5138.27
-208.952	2474.47	3709.13
-257.859	-243.543	4711.24
3131.88	437.066	1854.6
2339.99	185.873	5279.07
-519.391	966.362	3706.77
-201.368	1765.02	4486.95
316.213	415.278	4635.09
1310.28	2475.32	5515.16
1251.49	-532.331	3328.33
1774.56	73.2409	4928.06
2256.89	1633.12	4686.76
-181.158	1417.16	4424.74
1671.42	64.6698	3634.68
2898.57	1143	5102.82
-1176.45	2807	5290.84
2367.45	1959.46	2214.33
-402.997	1599.33	5275.5
2465.57	1565.58	3005.23
740.001	-648.893	5263.18
-484.63	-518.905	1595.43
1982.49	1740.65	5485.64
1819.84	3582.21	3239.49
2208.7	2613.62	5492.63
143.16	2434.69	3346.83
932.467	3322.53	3052.94
2726.69	2161.57	2952.15
2276.62	2995.87	2964.66
-450.822	650.875	4248.5
2004.68	1792.19	5214.56
1074.41	957.45	1727.86
2568.28	1783.66	2572.45
1863.94	2063.68	4976.09
1285.06	1299.94	4312.03
295.591	2354.52	4264.05
650.221	-375.193	2668.56
-734.098	2216.73	3716.44
-325.319	2424.29	3904.11
-377.365	805.885	2775.03
1579.99	1208.13	5683.66
-663.825	3012.53	3131.52
3097.4	1079.68	4002.05
-279.042	1558.55	5783.42
-646.812	719.787	4747.15
-322.652	1772.76	3558.24
2867.62	2488.95	2731.52
1790.14	743.074	3246.33
1476.11	678.23	4395.13
1564.42	3446.35	3117.83
380.924	194.178	4651.06
13.8963	1735.82	5138.27
-208.952	2474.47	3709.13
-257.859	-243.543	4711.24
3131.88	437.066	1854.6
2339.99	185.873	5279.07
-519.391	966.362	3706.77
-201.368	1765.02	4486.95
316.213	415.278	4635.09
1310.28	2475.32	5515.16
1251.49	-532.331	3328.33
1774.56	73.2409	4928.06
2256.89	1633.12	4686.76
-181.158	1417.16	4424.74
1671.42	64.6698	3634.68
2898.57	1143	5102.82
-1176.45	2807	5290.84
2367.45	1959.46	2214.33
-402.997	1599.33	5275.5
2465.57	1565.58	3005.23
740.001	-648.893	5263.18
-484.63	-518.905	1595.43
1982.49	1740.65	5485.64
1819.84	3582.21	3239.49
2208.7	2613.62	5492.63
143.16	2434.69	3346.83
932.467	3322.53	3052.94
2726.69	2161.57	2952.15
2276.62	2995.87	2964.66
-450.822	650.875	4248.5
2004.68	1792.19	5214.56
1074.41	957.45	1727.86
2568.28	1783.66	2572.45
1863.94	2063.68	4976.09
1285.06	1299.94	4312.03
295.591	2354.52	4264.05
650.221	-375.193	2668.56
-734.098	2216.73	3716.44
-325.319	2424.29	3904.11
-377.365	805.885	2775.03
1579.99	1208.13	5683.66
-663.825	3012.53	3131.52
3097.4	1079.68	4002.05
-279.042	1558.55	5783.42
-646.812	719.787	4747.15
-322.652	1772.76	3558.24
2867.62	2488.95	2731.52
1790.14	743.074	3246.33
1476.11	678.23	4395.13
1564.42	3446.35	3117.83
380.924	194.178	4651.06
13.8963	1735.82	5138.27
-208.952	2474.47	3709.13
-257.859	-243.543	4711.24
3131.88	437.066	1854.6
2339.99	185.873	5279.07
-519.391	966.362	3706.77
-201.368	1765.02	4486.95
316.213	415.278	4635.09
1310.28	2475.32	5515.16
1251.49	-532.331	3328.33
1774.56	73.2409	4928.06
2256.89	1633.12	4686.76
-181.158	1417.16	4424.74
1671.42	64.6698	3634.68
2898.57	1143	5102.82
-1176.45	2807	5290.84
2367.45	1959.46	2214.33
-402.997	1599.33	5275.5
2465.57	1565.58	3005.23
740.001	-648.893	5263.18
-484.63	-518.905	1595.43
1982.49	1740.65	5485.64
1819.84	3582.21	3239.49
2208.7	2613.62	5492.63
143.16	2434.69	3346.83
932.467	3322.53	3052.94
2726.69	2161.57	2952.15
2276.62	2995.87	2964.66
-450.822	650.875	4248.5
2004.68	1792.19	5214.56
1074.41	957.45	1727.86
2568.28	1783.66	2572.45
1863.94	2063.68	4976.09
1285.06	1299.94	4312.03
295.591	2354.52	4264.05
650.221	-375.193	2668.56
-734.098	2216.73	3716.44
-325.319	2424.29	3904.11
-377.365	805.885	2775.03
1579.99	1208.13	5683.66
-663.825	3012.53	3131.52
3097.4	1079.68	4002.05
-279.042	1558.55	5783.42
-646.812	719.787	4747.15
-322.652	1772.76	3558.24
2867.62	2488.95	2731.52
