3.536397685608502570e+02	3.014244807220490543e+02
4.684644106064938001e+02	2.839210810077369729e+02
3.701994368570158827e+02	1.805830876252703092e+02
3.616820627159395372e+02	2.583326090724478945e+02
3.218809778575551945e+02	2.033024477399242187e+02
4.543772253631835270e+02	1.865186855526387149e+02
3.536759837100758546e+02	2.331659951823299082e+02
4.831717419779623128e+02	2.337540673472678918e+02
3.492500648258376827e+02	2.181007866576150320e+02
4.120739577582374977e+02	2.257350119379416640e+02
3.216413220445742240e+02	2.406164638539589191e+02
3.639679512065846438e+02	2.703825072148531490e+02
4.937739018490514127e+02	3.194035775261428967e+02
3.191916098552375161e+02	2.478540342094844391e+02
5.064397565220915567e+02	2.231646732685022414e+02
4.397834218245652664e+02	2.326990659736305815e+02
5.073342453632378692e+02	2.233074532390901936e+02
4.365756400439008189e+02	3.431704085109518587e+02
3.706542806057331632e+02	1.541526454361491858e+02
4.838515893453695753e+02	2.111845540607599787e+02
3.995223214453948231e+02	3.256232565388687590e+02
3.375001865841346671e+02	2.743613084988998594e+02
4.865071127020167978e+02	3.493464921358524293e+02
4.676833083494993843e+02	1.881308019455359499e+02
4.032828629235231119e+02	2.210916679066466202e+02
3.480169061791692684e+02	2.774497081468254009e+02
3.025387579482537035e+02	2.887519314563788271e+02
4.170443225529300548e+02	2.871174608998879876e+02
4.075492951725134390e+02	2.565074383535962852e+02
3.195368837619057558e+02	2.717187014338755944e+02
3.720971333787641697e+02	3.186965826415284937e+02
4.925061842511762507e+02	2.632536509478491666e+02
3.140725621653581356e+02	2.392607058067941921e+02
4.711345249288868899e+02	2.982079697928728592e+02
4.415252793074300826e+02	2.291361475047922340e+02
3.653521323175702378e+02	2.466917668231976393e+02
3.712175467806896449e+02	2.202548043626318872e+02
3.654628940758842646e+02	2.836890642322480858e+02
3.427883768771996529e+02	2.766409000973504817e+02
4.821745736191142555e+02	1.977830941865618115e+02
3.954810693795581642e+02	3.055532900542056609e+02
3.165847638152417858e+02	2.279008711666718909e+02
3.528234249565234677e+02	3.544903267504091104e+02
4.787890184667902531e+02	3.524516934441975309e+02
3.354776401522408946e+02	2.386164443083565061e+02
4.843085980432380211e+02	1.915701559542506800e+02
4.238411910920531795e+02	2.480962815981497442e+02
3.053508385153346580e+02	3.236364843774292126e+02
3.846148016134878276e+02	3.014543049985578591e+02
3.897236817207345894e+02	3.159313236945865810e+02
3.759036778530721108e+02	1.706347708081049177e+02
4.233532367453676102e+02	3.571175480557507740e+02
3.336011316765518586e+02	3.323667521626755388e+02
4.154809513957889635e+02	2.853362185339161670e+02
3.019148588772958419e+02	2.636771682399777319e+02
4.844269926569301674e+02	2.989688082038798029e+02
3.568315736465703480e+02	1.891292177659216520e+02
4.631679672348948316e+02	3.448803184851170158e+02
3.221681894864595961e+02	2.897932197226429025e+02
4.476231276970186741e+02	2.208510785947923978e+02
3.200136336348120949e+02	2.230501253672498194e+02
3.111241216762963404e+02	2.539022532111023054e+02
3.652100602862092842e+02	2.464393774545541191e+02
3.871440621498080645e+02	2.591011673628908056e+02
4.240467202533782825e+02	2.827149953670573268e+02
3.903104023084451910e+02	3.286172779385499894e+02
4.588770893086762612e+02	2.513779327552872473e+02
3.353139811389526699e+02	2.481748496858199928e+02
3.029286083937614649e+02	1.900349259476387260e+02
4.925503225113150734e+02	2.435139340626200521e+02
3.401972427268769934e+02	2.886592300211914335e+02
3.448040633053858528e+02	2.934977416416523397e+02
3.314368429195064891e+02	2.472077774599798943e+02
3.580156822952987454e+02	2.595842683663430535e+02
4.801526262661216151e+02	2.686749528351032268e+02
3.372216674078828760e+02	2.376476644648257661e+02
3.178981623980859581e+02	2.038309665997862794e+02
4.310181389394248299e+02	2.078552569236526608e+02
3.183839725720994807e+02	3.025468094961991596e+02
3.660979999957941118e+02	1.734425825046693603e+02
3.669973726245128773e+02	1.578402838790281919e+02
4.493223650092775756e+02	3.537113405355473787e+02
3.844866570429066996e+02	2.732640437783838934e+02
3.890549017496512647e+02	1.714007761455828813e+02
4.333333132836197024e+02	2.921562203532666899e+02
4.343641273982691473e+02	1.910575416462187945e+02
4.567707181680783606e+02	3.557298556841061554e+02
3.038418553332546708e+02	3.233795524266171810e+02
4.409065322900336241e+02	3.073910404553483886e+02
4.163405735652243607e+02	3.244623384135542210e+02
4.217177235963325188e+02	1.826610545352179713e+02
3.491421594092354326e+02	1.799753634900276609e+02
3.811011178498991967e+02	3.322938462610777606e+02
4.798789934505131214e+02	2.830245840815038605e+02
3.456565414011217854e+02	1.982823155815428890e+02
3.584008191207246341e+02	2.947241730401233326e+02
3.977524413764683686e+02	2.100634003169793687e+02
4.363712266208792130e+02	2.236379294760031087e+02
3.342480670764783213e+02	2.532709857553981578e+02
3.061889862501008110e+02	3.364966187003716982e+02
3.311318880834536458e+02	3.047210288072009234e+02
3.457890889952979023e+02	2.014520143944560004e+02
4.809605455658766573e+02	2.778753267524525654e+02
4.204220442923634096e+02	2.348894214562354534e+02
3.421788234341112229e+02	1.601355726223353315e+02
4.564696838653807731e+02	3.026841524871729234e+02
4.569047212564900633e+02	1.916811868135334009e+02
3.531921177058273429e+02	1.670111903689145549e+02
4.461392407985296700e+02	3.087703004546773400e+02
3.598813112793520190e+02	2.864202852177887166e+02
4.302447292504836582e+02	2.455201825575168755e+02
4.286216218181403406e+02	2.079740116136884467e+02
4.289085428875196726e+02	2.065917681289853078e+02
3.855444538060420996e+02	1.912535737401543940e+02
4.646871167931441846e+02	1.815117285919289429e+02
3.779106174633466253e+02	2.987437883890412991e+02
4.220037888582131700e+02	2.331636054414314572e+02
3.240493877556016287e+02	2.700545364969046886e+02
3.473391457414435308e+02	2.634643129140274027e+02
3.206348588048021497e+02	2.227702196543938840e+02
4.477672786193955972e+02	2.737297599001021808e+02
3.784556838149811711e+02	2.460320303267056659e+02
4.595937540399164618e+02	1.925551436237837777e+02
4.510356294002953632e+02	1.991553864725266862e+02
4.954128515518597169e+02	1.748711993100086772e+02
3.327457148058109624e+02	2.882796381769732079e+02
4.235550269998844328e+02	2.684590938638309012e+02
4.294238541592345655e+02	2.802054960226548133e+02
3.274291588691431798e+02	2.931748247110276111e+02
4.127952556313047126e+02	1.767390779227254427e+02
3.719404387010549158e+02	2.594731718268912459e+02
3.928479702783992025e+02	3.219940185237215928e+02
4.474878195645984533e+02	2.321769827565924800e+02
3.300963086508956508e+02	2.728705259805194601e+02
4.411894763982755308e+02	2.309772898713797815e+02
4.186045203294043517e+02	2.002948140396459848e+02
3.334416956385866229e+02	3.077868898175877348e+02
3.687238576365231211e+02	3.230709810253576393e+02
3.658683109925997883e+02	3.139635320142592718e+02
4.480911669237343631e+02	2.145601479902498170e+02
3.116768394976509740e+02	3.352597010767473762e+02
4.602115031845860926e+02	2.679496419063333406e+02
4.053118503445123224e+02	3.449054154745976462e+02
4.484264487910847947e+02	3.771067817506995539e+02
3.816827015928102469e+02	2.154596225367530167e+02
4.004292457520891730e+02	1.663832593916274618e+02
4.500020341047062402e+02	2.087312839101339819e+02
3.835490562464754021e+02	3.448491170352334620e+02
3.532494567922065016e+02	2.125747587678934565e+02
3.933702891361587035e+02	3.226090769796600171e+02
3.289383128963380045e+02	2.058446771797270003e+02
4.163114493021533917e+02	2.460662429518039573e+02
3.157787596047347165e+02	2.881960436750401300e+02
4.696894459914045115e+02	3.187241354653763210e+02
3.334041727850498091e+02	2.852282573656461864e+02
4.121681195885044531e+02	1.807900191838372166e+02
4.452811153411640817e+02	3.095157988487064245e+02
3.066140895965702384e+02	3.319413646313723802e+02
5.042075667644136274e+02	1.940038268980399039e+02
4.144483493328048667e+02	3.215796677979844276e+02
3.153629235926819661e+02	2.213389751044542209e+02
3.892657983833573780e+02	2.906323247361970630e+02
2.981676526593411154e+02	3.358661424071161150e+02
3.936810366591655566e+02	2.567893591399414390e+02
4.641853185033016302e+02	1.825030142652362315e+02
3.140344480084727365e+02	2.071057478809672716e+02
3.207729925453646160e+02	3.186779572712873687e+02
4.300200077787154669e+02	1.779953647769207805e+02
4.667961933265920607e+02	2.631038458622688267e+02
4.351603187682418366e+02	2.799373588460297810e+02
4.459644892178556006e+02	2.925002632149968349e+02
4.094718689428710832e+02	2.288852504536153845e+02
4.474357197478993839e+02	3.570964777515869741e+02
4.479802938886180641e+02	2.800400072781768017e+02
4.590229118434639304e+02	2.013452960563416525e+02
4.284771440443499841e+02	2.155365190383016909e+02
5.293681462912591087e+02	2.072114687910449220e+02
4.378910999704777396e+02	1.786125483350481318e+02
3.771680987611381966e+02	2.957293239717527058e+02
3.630985323923412125e+02	2.180269940906053137e+02
3.363453808389090796e+02	3.220270759923594142e+02
4.018468519078096506e+02	2.968750105513019548e+02
4.430435516873516804e+02	3.041388489448724499e+02
4.625089344500837569e+02	1.794424898783196056e+02
3.528779415699862625e+02	1.954444913893323985e+02
4.042847796032687597e+02	3.120876866043398081e+02
4.611918015125948500e+02	1.995163120901326010e+02
3.365942702295270692e+02	3.405956236941854058e+02
3.434513237911586430e+02	2.604288883249340074e+02
3.835868265229012763e+02	3.114378375951043836e+02
4.424007012647917350e+02	3.046800621158400872e+02
3.940670524596805535e+02	2.299546737837940213e+02
4.142500299046859027e+02	2.571765513218198294e+02
4.469697029946022440e+02	1.814858203421734970e+02
3.953081129614334941e+02	2.577895039042976464e+02
3.955710921828688242e+02	3.262023699821929767e+02
3.553176793000513953e+02	2.393531128286418834e+02
4.468559968166371732e+02	2.281693972313101426e+02
4.563372779196807869e+02	3.041899643969709359e+02
4.709943340927899840e+02	3.520702501263024260e+02
5.115255756293796594e+02	2.114281856669305739e+02
3.270013789339358254e+02	2.190307307899308569e+02
3.729455673285895045e+02	2.315297713426246844e+02
4.391107552545631734e+02	3.157884811208519409e+02
3.891671526862073733e+02	3.404432487606230211e+02
3.856550464507240008e+02	1.975438157133170307e+02
3.448158570763135344e+02	1.733691195137216425e+02
3.547349907093189927e+02	1.686382841827529546e+02
4.671747831921493344e+02	3.650319824923805072e+02
3.048936476063711325e+02	2.670360639806355039e+02
4.579886651488548068e+02	2.812466095370833159e+02
3.793653910902557413e+02	1.966670263459519674e+02
4.445068813517635817e+02	2.532138712679432331e+02
3.528437320192650191e+02	1.811883617567413580e+02
4.468289834133069007e+02	1.941616663522108865e+02
3.204486679396352429e+02	1.587170237315448276e+02
3.289766252816364158e+02	1.583607207723889019e+02
3.884980140747686050e+02	2.474498045053568944e+02
3.610585395296507158e+02	2.012470321542196245e+02
3.672227919115791224e+02	2.905445885870152551e+02
3.118498027157789920e+02	2.756474665328832998e+02
3.902075960966050729e+02	2.003392447132419818e+02
3.903932618906741823e+02	3.576565645690095607e+02
3.182564375041763469e+02	2.434938042948978989e+02
3.150510629209767330e+02	2.518766970419455618e+02
3.939883624159202782e+02	3.086913092711202466e+02
4.036637751311575357e+02	2.275324911844070925e+02
3.644733898292840877e+02	2.066752390094846703e+02
3.642864046440860193e+02	1.890775676801642078e+02
3.971482671150361625e+02	3.596378354820704430e+02
3.375790938438516946e+02	1.591426563353009271e+02
4.332416057522345909e+02	1.636289405418726801e+02
4.367646840467178322e+02	2.298672024846625561e+02
4.172552599412316567e+02	2.677954116954519463e+02
4.001864778769474356e+02	2.544453293044467443e+02
4.174429756546592216e+02	1.995835573858814200e+02
4.229122154495714199e+02	2.897046206355690856e+02
4.307160852533588127e+02	2.861551266808979790e+02
3.207871554765891915e+02	1.990429630921691455e+02
3.687518516049030382e+02	2.240872253764666766e+02
4.456522888273482295e+02	2.696653494333579602e+02
3.642176135462994466e+02	2.908048083912360653e+02
4.001877739756400274e+02	1.870124414648273046e+02
4.502419923634002998e+02	3.256912227414779863e+02
3.512465800223459382e+02	2.590688009090094397e+02
4.694684852736420453e+02	1.812598691154061612e+02
3.660402775099569226e+02	2.775564132728538880e+02
4.378532963091271313e+02	2.599725815521648542e+02
4.498373551362590774e+02	3.546236089166565648e+02
4.523864537483430581e+02	2.591144078681930409e+02
5.114915812700729134e+02	1.855460451617780393e+02
3.607124679575028949e+02	3.359600645784875041e+02
3.374827287236614097e+02	1.957073718249035892e+02
4.284937059275232514e+02	2.312196175006529870e+02
3.132380053228131942e+02	3.121069056132382116e+02
5.042661544763242318e+02	2.325864821241174525e+02
4.265242112423267713e+02	2.043912918952727296e+02
2.972628370059914005e+02	3.469484139697576097e+02
3.713137011672185395e+02	1.799315335891030259e+02
4.247406579229831891e+02	1.853207326115403362e+02
3.130543825796655710e+02	2.877830900755457151e+02
5.118698582984471273e+02	2.826191747871127973e+02
4.620860809608802811e+02	2.190474225640522263e+02
4.108397587485172835e+02	3.017665583079876797e+02
3.825696358441842904e+02	1.705177129587195566e+02
4.834875506569023855e+02	1.946603087605215308e+02
3.744860064593600555e+02	2.377741100813179003e+02
3.369629408581116650e+02	2.134745583044979753e+02
3.738285843608049390e+02	3.014083979705317802e+02
3.610849457536118052e+02	2.339173767654060043e+02
4.149419680885652042e+02	2.878775009318087541e+02
3.811362626185621707e+02	2.908826168772267806e+02
4.250384277208704020e+02	3.184644477446655628e+02
4.399798391521041481e+02	2.242217051437361306e+02
3.684435620304852250e+02	3.081445202437021749e+02
4.651638088178369799e+02	1.886990182481399074e+02
4.337546393236314657e+02	2.434168513370753146e+02
3.256590952828168497e+02	3.009119112975541839e+02
4.386472673797449033e+02	1.951929814990411671e+02
5.192894580932554618e+02	1.828083868166960428e+02
3.696178689536598654e+02	3.255573850666214639e+02
4.651099567463644462e+02	3.632887131495090216e+02
4.354149184911398720e+02	1.945726948029041523e+02
3.862912416186352402e+02	1.549994769384111919e+02
2.996056248703199003e+02	3.299716895965807453e+02
4.557883230534402514e+02	2.533720050389689220e+02
4.768573587713733559e+02	3.056668481293248192e+02
3.762716634563706748e+02	2.056816002303480104e+02
3.569587943366531135e+02	1.746522533893140690e+02
4.079902004226678400e+02	2.148110424377106256e+02
3.307863410472147621e+02	2.257037540218792913e+02
3.597621959193203907e+02	2.785129148423147285e+02
4.116334936219741394e+02	3.037582923420818020e+02
3.446604685715349206e+02	2.006815177006608337e+02
4.084333066610629430e+02	1.760828591003189558e+02
4.657726839586020446e+02	2.882312640249717219e+02
4.030392577067291882e+02	3.001750401510929009e+02
4.588678257530619931e+02	2.634325892204365118e+02
4.546916870311812318e+02	2.263885444326036236e+02
3.490891274778333582e+02	3.318173359071162167e+02
4.374358171167784803e+02	3.037396924660008608e+02
3.981648456164556933e+02	3.094555549486313453e+02
3.755686860651425718e+02	2.571827823514138913e+02
3.842406870427098511e+02	3.015275140529441842e+02
4.296469421725261668e+02	3.038282325728080764e+02
3.699920593242360383e+02	3.287262251514669060e+02
4.322828114957623029e+02	3.338312968873688078e+02
4.048389225939192784e+02	3.502505233894333969e+02
4.386042723203346441e+02	2.350375479555773381e+02
4.084359265454242518e+02	2.948749088784906576e+02
4.664143246837419952e+02	2.773934542071025930e+02
4.192029408955880285e+02	2.554357539496246261e+02
4.260779652615851774e+02	2.959577170461231503e+02
3.505103713868870727e+02	3.343583499561729013e+02
4.860839235247094052e+02	3.136731542768336567e+02
3.501728021894698486e+02	2.457256115741941187e+02
4.649463363326991612e+02	2.169374457664312956e+02
4.694382686559558806e+02	1.821188147474165078e+02
3.455870581979456233e+02	2.025536737698583920e+02
4.326967849212616102e+02	3.381422935111180550e+02
3.294295141443319608e+02	3.068153469332975760e+02
4.045186474583077256e+02	3.071555745059129094e+02
3.432078227192189956e+02	1.955997766216853790e+02
3.973826566495256998e+02	1.998053240915305935e+02
4.958603206932384637e+02	2.605609717927638940e+02
4.315058024994891639e+02	2.027945291573997224e+02
3.412157363875143119e+02	2.547038364136294888e+02
3.323226012565263545e+02	2.798133377442511005e+02
3.459196566242243307e+02	3.122208819272791516e+02
3.711967658317343535e+02	1.784193778105320405e+02
3.295500290533960879e+02	1.751892344604245011e+02
4.271923852873502483e+02	2.958461785391692729e+02
3.938832516818857243e+02	1.924924248439819507e+02
3.835069165464849448e+02	2.363917656060033323e+02
4.265956714382674022e+02	2.943698939431189388e+02
3.221665996839254831e+02	3.361749335696333674e+02
3.384618236027719149e+02	1.987882185872610137e+02
3.699385296524952196e+02	2.574444605191699225e+02
4.297858754424666472e+02	3.174072787722153635e+02
4.410988935384901879e+02	3.386730534507344714e+02
3.918483692543940720e+02	3.001793200844803664e+02
4.027147184612248907e+02	1.801412325697702386e+02
4.207130595940290618e+02	1.803319748014361892e+02
3.103532715532733732e+02	1.921991398091513474e+02
3.447109589679546389e+02	2.085741059246181521e+02
3.273713881945615185e+02	2.406887522151266126e+02
4.406632710499094401e+02	1.984423759613736991e+02
4.168536493974388009e+02	3.212996386810649483e+02
3.192216424330254085e+02	2.441634336632111797e+02
3.284927357994056365e+02	1.810902564478169268e+02
4.724812354512248476e+02	2.053848209531110740e+02
3.924872923570032981e+02	2.225355791706452351e+02
5.248860664888413794e+02	2.324916930170799390e+02
4.854996751504207850e+02	2.314693803959187619e+02
3.420408599631791162e+02	2.049026418277410926e+02
3.075552618294993863e+02	3.422419132340717738e+02
3.470915355436956133e+02	1.929811665942913237e+02
3.215912057919802010e+02	2.473276413219800247e+02
4.454737204551350942e+02	2.465363066560221910e+02
3.738077717062836314e+02	1.733687375333270211e+02
4.327495059023436283e+02	2.213691412845709579e+02
3.820290111310095540e+02	2.862580502567366239e+02
3.854735712581240250e+02	2.124081443102667492e+02
3.526511720096816589e+02	2.964265495526159384e+02
4.327015067370222141e+02	3.226064971222027680e+02
3.492131429603074366e+02	2.074476864972853321e+02
2.958373601979042746e+02	3.223145305381017351e+02
3.812795692420131104e+02	2.374289409971644886e+02
4.012408230054197134e+02	3.577004349265970973e+02
3.319497415355590419e+02	3.466527147915141995e+02
3.585238607345386868e+02	3.008432867412481642e+02
3.148519360387580264e+02	2.518213299872139146e+02
4.827082234855048455e+02	2.924472471969319827e+02
4.887211310700207605e+02	2.644553552940058125e+02
3.758516157444444730e+02	2.423672762686780686e+02
3.873215296790461366e+02	2.498088675480464644e+02
4.559141165280273071e+02	1.798305727861115884e+02
2.836652017785367548e+02	3.339323308899431595e+02
3.226227926317297943e+02	2.826113794190065391e+02
4.063815267881909676e+02	3.034230745616524700e+02
3.388683222250742801e+02	2.412355349307586607e+02
4.221236534386619610e+02	1.951409287716878680e+02
4.061683568433972482e+02	2.586916433574837129e+02
4.213189171362085403e+02	2.002899629652811200e+02
4.211358677791923242e+02	2.069234401362225526e+02
2.928351412530383300e+02	2.589046837482897558e+02
3.799121121832260997e+02	1.951290875865541068e+02
3.465980007073872571e+02	3.619396667093463975e+02
3.323960566835970099e+02	2.974788298391389958e+02
4.622784204033883952e+02	3.460390217351763340e+02
3.510143271928394597e+02	2.074963651403864731e+02
4.095643013486283621e+02	2.484054398842732780e+02
4.564246956496122607e+02	2.254072494967795137e+02
3.768288711081686415e+02	2.681092365641518995e+02
4.235563270079254039e+02	2.801221690737187942e+02
3.778940570271211641e+02	2.927093864013498887e+02
3.313959896583660338e+02	3.082809236804454827e+02
4.593065237284418458e+02	2.092738817763281531e+02
4.275737486062074026e+02	3.055903849914562898e+02
3.258405809306461265e+02	3.026296422862783970e+02
3.738665070787626519e+02	2.103742540011511437e+02
3.014737574352583351e+02	3.436919677803035711e+02
4.683809169323602646e+02	2.156161696766562272e+02
4.103107125209522792e+02	2.124244791925406730e+02
3.050386220920822211e+02	3.175884114553107338e+02
3.861267277592593814e+02	2.739620781451891389e+02
3.720520499269855463e+02	2.126861914241525540e+02
3.825908525847303849e+02	2.156372702497109799e+02
4.311886854248439249e+02	1.772699187270655727e+02
3.309810833853796908e+02	2.135358956826866859e+02
5.219842010841716728e+02	1.781288315924790311e+02
4.722184162024260559e+02	2.210779520978982475e+02
4.068876488382459229e+02	2.048918495011642165e+02
3.564409356331387926e+02	3.321403917280237010e+02
3.298370559429449713e+02	2.598595438904467869e+02
4.332550865973626628e+02	2.414382401811818397e+02
4.348001631588641658e+02	3.486606590163725059e+02
5.143006830262100948e+02	1.743288504186034515e+02
4.280189606832292952e+02	2.233649075271391951e+02
4.221907745493327297e+02	2.576195803667484370e+02
4.371623823685345656e+02	3.027991528868093383e+02
3.360047491594619942e+02	3.098717177222617352e+02
3.713408393556243254e+02	3.336450660681318823e+02
3.645445656485594554e+02	2.739209999469723584e+02
3.282788975722910436e+02	2.094569713499774366e+02
4.515675808240234801e+02	1.852864403146084555e+02
3.266745065051900383e+02	1.444748311535412881e+02
4.408664335483994705e+02	2.345708873199620825e+02
3.483155356684452499e+02	1.939570911682899350e+02
3.409234563514666547e+02	1.621683109912474094e+02
3.396625719010055491e+02	2.963366232853467181e+02
4.620052915015860435e+02	2.573214417536459564e+02
4.457410018518902461e+02	3.235695840977243734e+02
3.084234034626664425e+02	2.672592024475347330e+02
3.760437017001273148e+02	3.650079662449933267e+02
4.248379556270180615e+02	2.585394278893093656e+02
3.395652947462697284e+02	3.213141921997245731e+02
3.235632928111078286e+02	2.186070223705218041e+02
3.843079697142871964e+02	2.697870526681225556e+02
4.458772914414318507e+02	2.992664454711317603e+02
4.729094396240570291e+02	1.867007896357929440e+02
4.777573408960897723e+02	3.540227073782964453e+02
3.502481695318496122e+02	2.701602201915907813e+02
3.732967892293441423e+02	2.985569972556939433e+02
4.431382796162439490e+02	1.752094759365326695e+02
3.961522454081548972e+02	2.000815369311903851e+02
3.758263433115308203e+02	3.397749660877257725e+02
3.298348523741956910e+02	3.089448209261661873e+02
4.839879992865071472e+02	3.140598016266413879e+02
4.920521531349372140e+02	3.506712145357188319e+02
3.180584501383949600e+02	2.989985342028850823e+02
4.472910321198000929e+02	2.385803264674659090e+02
4.744225211793631729e+02	1.864360803463154070e+02
3.606656714139259634e+02	2.474367816409273928e+02
4.863638593675611901e+02	3.332501335319271902e+02
4.963890268798159013e+02	1.783188754193487000e+02
4.227463588525392879e+02	2.796678267380348188e+02
3.418639590162456443e+02	2.032073507005453052e+02
3.999961880805601595e+02	3.441819150775430103e+02
4.078666313556392424e+02	2.475130053067028371e+02
4.245674135306564381e+02	1.847985507364340378e+02
3.598028414376367436e+02	1.836442930492314929e+02
5.104134012888191592e+02	2.323922632585354506e+02
3.763581034858318048e+02	1.696550986778721892e+02
4.308552265921928210e+02	2.171206422985607958e+02
4.060023330388411296e+02	3.394047101609760375e+02
4.492286390423514604e+02	3.707603158992279759e+02
3.419193665930047246e+02	2.828330700922598453e+02
3.342867348581289662e+02	2.848343469999118724e+02
3.641579049145988165e+02	1.636946290809080438e+02
3.437326696176955352e+02	1.746397284919508195e+02
4.527237662169735586e+02	2.973373982617162028e+02
4.419728939084158696e+02	2.442183367235458604e+02
4.740186556368205402e+02	2.282714203337054641e+02
3.694827927693218612e+02	2.815735873332305914e+02
4.484266298604279655e+02	2.140846774759243658e+02
3.199507656927360131e+02	3.174336661982563328e+02
3.261683703757551029e+02	3.255055521743303757e+02
3.543689543834597089e+02	2.504348251655658828e+02
3.282011836867236525e+02	2.450361036607840219e+02
2.810989636079959837e+02	3.366790216238150606e+02
3.477912790796030436e+02	2.319106110481258725e+02
3.673513150241349763e+02	3.045351555169289668e+02
5.066071132844249405e+02	1.746830787699317966e+02
3.286650602760074094e+02	2.971038604698969152e+02
3.809978437335336707e+02	2.430684902393460618e+02
4.560697503333740315e+02	1.904442296826541678e+02
3.856112418109565283e+02	2.616261832349549081e+02
3.461373132152294829e+02	2.592782311033305973e+02
3.352271703253152850e+02	1.776044716268169736e+02
4.181686761020147856e+02	3.124926405050063067e+02
3.312762845303815880e+02	2.648451296939736608e+02
3.881873194347679714e+02	2.152326597760469156e+02
4.624961657929126204e+02	2.761792586956956370e+02
3.997263163999921858e+02	1.738243103288721159e+02
4.020185359751020542e+02	3.023842562617138583e+02
4.541769430660529565e+02	2.313194486610620118e+02
3.904947244740058636e+02	2.153600822553613909e+02
3.409848028146420233e+02	2.752559182469023540e+02
4.599491756952852484e+02	3.276251108416566922e+02
