3.318733977884151614e+02	2.913573753529515784e+02
4.469486557382632554e+02	2.726405331067003885e+02
3.490601205719059408e+02	1.703104436747106547e+02
3.434740166798815153e+02	2.479397834107866174e+02
2.979524725012956878e+02	1.936555997446464801e+02
4.346653272481219119e+02	1.753106577879460986e+02
3.328130167466751459e+02	2.230012996665816445e+02
4.615026280719347369e+02	2.223297028426608790e+02
3.264769345504947751e+02	2.081077554783939547e+02
3.901202671075690773e+02	2.150717508833694467e+02
2.967297605704157490e+02	2.310102094187252817e+02
3.384443191893865333e+02	2.604012865316800003e+02
4.706389362736711064e+02	3.079529962825622533e+02
2.989211460349423533e+02	2.379806415557658852e+02
4.823531160815763315e+02	2.116525401864158766e+02
4.193905355096758285e+02	2.216509259154660469e+02
4.829212753666083699e+02	2.118062836184674040e+02
4.128603987285176800e+02	3.324007948349878916e+02
3.453170486793085843e+02	1.442417123452724468e+02
4.626469608708493411e+02	1.997426160306049781e+02
3.775394208644690366e+02	3.151374327375631879e+02
3.143237557260013659e+02	2.645028275722349917e+02
4.645409577305037487e+02	3.379553158078626893e+02
4.468671874975434548e+02	1.768609440694773980e+02
3.831251673569265108e+02	2.104008419120153803e+02
3.287200538391857094e+02	2.672741216909823265e+02
2.811968709473428589e+02	2.791343456329962009e+02
3.997091275265928516e+02	2.761537373422239625e+02
3.881739949382476880e+02	2.457283644634678694e+02
2.940249181059953685e+02	2.621622535784213710e+02
3.538607283958788798e+02	3.082974399802039329e+02
4.686973734770289752e+02	2.518426870940540425e+02
2.934527991621714591e+02	2.294520340152423046e+02
4.501371569909860000e+02	2.868787600718189879e+02
4.213505973416361030e+02	2.180573014838085157e+02
3.474201320144464944e+02	2.362361248140453540e+02
3.448145396329762207e+02	2.102917726441917807e+02
3.475706044780438901e+02	2.732736443827755011e+02
3.221069934506672894e+02	2.665926282691178244e+02
4.617018634884004769e+02	1.863254303121216822e+02
3.752591867115332889e+02	2.949922128350681305e+02
2.962146477907883764e+02	2.180495807087372100e+02
3.306529796864645618e+02	3.445408424457156684e+02
4.570643699474176742e+02	3.411411361682203278e+02
3.159527661939039263e+02	2.285394706398494691e+02
4.589889886994534436e+02	1.804311382456947968e+02
4.057714156451281724e+02	2.370682664658987733e+02
2.843415857173615677e+02	3.140336053452388114e+02
3.650019335896353141e+02	2.909664780851613841e+02
3.723948421291496516e+02	3.053014196128467006e+02
3.511723125284407843e+02	1.605904498305795300e+02
4.012799729013324850e+02	3.464390177795954742e+02
3.121360477205104758e+02	3.225309276936777110e+02
3.957973151596807497e+02	2.745158009998517059e+02
2.789906917062448883e+02	2.541320804413298902e+02
4.614571151265089952e+02	2.876004589777470528e+02
3.360251534167729801e+02	1.789490621530585486e+02
4.426180883814978984e+02	3.336763232480357146e+02
3.035096353019865205e+02	2.798490074631255879e+02
4.261692839475922483e+02	2.097964107705718106e+02
3.013074747895414021e+02	2.130556962298111898e+02
2.920556919807723943e+02	2.440345993574850922e+02
3.443035873590345091e+02	2.361687104650463880e+02
3.624040102197204760e+02	2.488473301646673406e+02
4.066747146955617040e+02	2.716744501793182849e+02
3.716547394015805708e+02	3.180731057659915564e+02
4.335258299207039840e+02	2.404277223006506858e+02
3.134541827384810517e+02	2.382491703724109300e+02
2.768870498688547173e+02	1.807307737450057346e+02
4.693913581229987813e+02	2.320742898622053190e+02
3.173039303406715135e+02	2.787689290347233282e+02
3.268427139497449048e+02	2.833053904573297359e+02
3.084933384529604155e+02	2.373854165028789964e+02
3.351923190786055216e+02	2.495025925522862451e+02
4.597185174535038072e+02	2.572008565250467882e+02
3.152284096583735504e+02	2.277110802986218800e+02
2.957910693247555400e+02	1.940914687641111982e+02
4.113444468900377160e+02	1.968613549022020095e+02
2.993183613343973093e+02	2.926835820421341623e+02
3.467596991343814921e+02	1.630827023798159985e+02
3.397307666703859468e+02	1.481048703754828466e+02
4.291132344011499526e+02	3.426615111889436207e+02
3.657826153562043032e+02	2.626912690476498256e+02
3.670524555912890037e+02	1.610252861770329105e+02
4.136278406179893636e+02	2.811575068510296092e+02
4.075867662973575420e+02	1.805409375646914327e+02
4.367660667616841010e+02	3.445927061985397017e+02
2.841683577736251323e+02	3.137282021996613821e+02
4.165522213464865899e+02	2.965712731126250219e+02
3.957192893999243779e+02	3.137331586650140025e+02
4.016469270444065955e+02	1.718110195239596010e+02
3.274834601086483872e+02	1.699385440145366317e+02
3.611292781824095073e+02	3.219141710851076823e+02
4.575092177323454052e+02	2.716674430709379067e+02
3.199232310338621801e+02	1.885488228809327893e+02
3.398561273565911165e+02	2.844316909597657741e+02
3.760634840508583920e+02	1.995353155687104163e+02
4.130936879619141564e+02	2.128154530335867776e+02
3.156718689580925457e+02	2.431574894955517436e+02
2.854904999257512372e+02	3.268994562135360979e+02
3.123490942366029230e+02	2.947254820736756074e+02
3.259334127712965596e+02	1.912990660580888402e+02
4.572097552206006412e+02	2.665837943069626590e+02
4.021316758477348117e+02	2.239056384255158889e+02
3.163213875161488886e+02	1.505181379184222124e+02
4.343785797303364120e+02	2.915759880778617230e+02
4.342150599883510154e+02	1.806474925137239040e+02
3.330110021065141268e+02	1.568413222817732731e+02
4.219673661650858207e+02	2.978861939849681448e+02
3.388247270181474846e+02	2.762368552842063991e+02
4.121380137134303254e+02	2.344277336731507546e+02
4.095966435633512788e+02	1.969604602822536492e+02
4.092195902909676875e+02	1.956209972795755903e+02
3.629716844880618396e+02	1.809249597449210682e+02
4.445712583457234359e+02	1.702332496669026227e+02
3.528050886798325791e+02	2.886076750255429033e+02
4.035943927076813793e+02	2.221711079872094956e+02
3.029657227445526360e+02	2.602011156740043134e+02
3.256203975288910897e+02	2.534217609479354962e+02
3.023076416948285896e+02	2.127447013575304595e+02
4.256448214113574409e+02	2.627014260175843106e+02
3.595644719756065797e+02	2.355076858696587863e+02
4.408789525518838559e+02	1.812177149097579729e+02
4.318482888599068588e+02	1.879318754805154299e+02
4.702982095055443779e+02	1.636365868347554056e+02
3.149170500374856374e+02	2.781870779974929064e+02
4.057653534440329395e+02	2.574315946163538911e+02
4.111000392973799649e+02	2.691590589647174170e+02
3.088054783943368875e+02	2.831846768640306209e+02
3.923798061460524877e+02	1.660091325610540594e+02
3.496118961814888735e+02	2.492263152247704454e+02
3.732182375511441705e+02	3.114572167907093672e+02
4.284611129181918159e+02	2.209626400904984109e+02
3.113313251155678927e+02	2.628304592020921859e+02
4.221941115631206571e+02	2.198261830146483931e+02
3.938502780932674909e+02	1.897802834674124597e+02
3.123293943236309929e+02	2.978921369322632131e+02
3.466313702132414960e+02	3.129005403973341117e+02
3.448641145516139659e+02	3.037544715338197534e+02
4.285566990470470614e+02	2.033788889142028040e+02
2.903686318285957100e+02	3.256343642468758617e+02
4.424948893608919889e+02	2.565321366779753021e+02
3.808837962487244795e+02	3.345010196155736253e+02
4.253433588531933083e+02	3.662388047968447609e+02
3.631957979628552380e+02	2.048701776338891989e+02
3.764423323302160611e+02	1.560551277627100717e+02
4.263224640446962894e+02	1.978116086779140232e+02
3.618948454626504940e+02	3.345459282144884128e+02
3.299830334347417988e+02	2.025811930985276206e+02
3.700627149185877443e+02	3.122465230051006984e+02
3.057491339521432678e+02	1.960786007497575554e+02
3.978620548175410363e+02	2.351373134940357659e+02
2.982388708844318899e+02	2.782491278699024519e+02
4.496350919972210818e+02	3.073831441725622540e+02
3.102781757256018977e+02	2.754129817012182002e+02
3.926046405137856254e+02	1.699995774458699316e+02
4.267950052530511016e+02	2.983473905647009587e+02
2.843752222874280164e+02	3.223989190613294795e+02
4.775376842526159749e+02	1.827381738819607619e+02
3.939046489303242424e+02	3.108619880172166177e+02
2.939540302886269387e+02	2.115676981977166520e+02
3.698970056314418571e+02	2.800692387592064279e+02
2.766733694300363595e+02	3.263783867157210352e+02
3.755859265968676937e+02	2.460733186841291911e+02
4.448022628409572121e+02	1.711766936650284379e+02
2.883363177003536180e+02	1.976509024944114401e+02
3.007146378664626809e+02	3.088732412570059296e+02
4.074094083830539148e+02	1.672518969812780654e+02
4.471110586533204696e+02	2.517286104632954675e+02
4.163309951575830041e+02	2.688588906518588146e+02
4.242553091789849304e+02	2.814767310028607312e+02
3.899691402669160993e+02	2.180886711546748700e+02
4.261746378026791149e+02	3.461212661873885281e+02
4.299650474099218513e+02	2.687803011058451830e+02
4.327062831827083755e+02	1.905216240471295919e+02
4.040367345012406304e+02	2.048796740519028106e+02
5.032738302756702637e+02	1.956033357427421890e+02
4.173354391888252621e+02	1.676415675054524854e+02
3.580949778914637136e+02	2.852796354667447076e+02
3.431603287644766169e+02	2.077126317896170349e+02
3.173804762853766874e+02	3.120264604002968554e+02
3.829801506868209344e+02	2.861651876795557428e+02
4.214457638871460290e+02	2.931500011096178469e+02
4.373520812322960296e+02	1.685468732008788493e+02
3.341052942048071372e+02	1.851513754032552583e+02
3.871677987301264920e+02	3.012882430652325638e+02
4.415800104023650761e+02	1.882170574343764144e+02
3.152742884207368093e+02	3.307408956139164502e+02
3.250303090330821760e+02	2.502263498760309233e+02
3.607580232655259920e+02	3.011381701831635951e+02
4.243664135202723173e+02	2.935117691767583779e+02
3.741822666555164574e+02	2.193355900652957189e+02
3.924184850120947203e+02	2.464764844746374592e+02
4.260669490118493741e+02	1.704438968385448732e+02
3.751325561112571449e+02	2.471821627778038817e+02
3.744578043891920061e+02	3.157165224544896773e+02
3.299143251242876431e+02	2.294602188654492068e+02
4.282655957297463374e+02	2.169343726946394781e+02
4.339990865742868209e+02	2.930974436473655373e+02
4.503787508527084924e+02	3.407952287222520908e+02
4.874710380611654159e+02	1.998751954528361523e+02
3.074556084888160967e+02	2.090275572963631987e+02
3.533148217055178861e+02	2.211007291831182044e+02
4.213622594292346548e+02	3.046590940407160133e+02
3.695663545860852537e+02	3.299806572883028934e+02
3.595158153599718958e+02	1.874565166877187607e+02
3.258785353768103050e+02	1.631749580715232071e+02
3.356361588853231410e+02	1.583700371781068270e+02
4.464999631311386565e+02	3.538280962320029630e+02
2.840911557914439527e+02	2.573419732988970168e+02
4.387614025629486605e+02	2.699491755975354295e+02
3.577020534206602633e+02	1.863275392916953592e+02
4.212956482683350146e+02	2.422846386454108085e+02
3.267660148850030168e+02	1.714422594045021242e+02
4.270316077446263989e+02	1.830277446583368999e+02
2.973229610517369110e+02	1.490857848984672387e+02
3.064509755450948205e+02	1.486058953636715501e+02
3.686170114152590713e+02	2.368881895069369534e+02
3.419047730374946923e+02	1.909023826548595650e+02
3.420956574379302424e+02	2.805121961040562155e+02
2.891013118491817409e+02	2.660075462395935233e+02
3.683845875571148554e+02	1.899025938575406371e+02
3.687507679101525468e+02	3.473084428295896942e+02
2.986753042734136443e+02	2.335832687547113835e+02
2.935696959560638106e+02	2.421183326894278593e+02
3.735772531304872928e+02	2.981597418629676781e+02
3.846911310018798531e+02	2.167596245310369909e+02
3.443055071595673553e+02	1.963666719963131868e+02
3.399404829311484946e+02	1.790827346544653551e+02
3.750663340048914165e+02	3.492420445342017956e+02
3.160039439447364202e+02	1.492339593370742250e+02
4.089424077300598128e+02	1.530055749234215625e+02
4.182880919691177155e+02	2.187285422214239645e+02
3.993075060859242171e+02	2.568414020095400474e+02
3.803528284857509902e+02	2.437670276205760729e+02
3.989294009948115445e+02	1.886513704833667475e+02
4.054632695993817038e+02	2.786896090484463002e+02
4.087504009488912402e+02	2.753026020153633908e+02
2.951419663301221590e+02	1.895333722512073393e+02
3.485953413079200800e+02	2.137325947659799397e+02
4.272952744362038970e+02	2.584408429493857398e+02
3.434787918029712159e+02	2.805663958157091429e+02
3.776333672216545665e+02	1.765459009694988595e+02
4.277140307002540567e+02	3.146953034861999186e+02
3.296423353711744539e+02	2.489797623381229243e+02
4.444277654209710704e+02	1.702795590393788245e+02
3.477314097405399593e+02	2.671495558538835553e+02
4.136914308591508416e+02	2.491674893908968897e+02
4.279637348471069345e+02	3.436447611744120536e+02
4.292501474130216934e+02	2.480962672359743522e+02
4.880888961640119419e+02	1.739957570545029455e+02
3.374163107638685233e+02	3.259461052226558877e+02
3.149580854762704689e+02	1.858246022906543828e+02
4.090974308619068438e+02	2.202240536829190773e+02
2.945208739502018034e+02	3.022951756233283618e+02
4.798511417597308082e+02	2.211074417766915303e+02
4.069037999916815807e+02	1.934413414860898683e+02
2.746101204885963512e+02	3.375421389696005008e+02
3.456038898897257923e+02	1.699851433914195695e+02
4.027175523456082828e+02	1.745762925671926382e+02
2.941611608785373733e+02	2.779340620222492930e+02
4.870304936077499178e+02	2.710472985779887267e+02
4.411281482311379136e+02	2.078114451455407732e+02
3.898682763283438817e+02	2.910812211638672125e+02
3.633079896164991283e+02	1.600008636518534786e+02
4.608574843247365607e+02	1.833401048746036111e+02
3.557674991561741535e+02	2.272736944054748847e+02
3.171230562452046229e+02	2.033993947243763785e+02
3.562479917909727192e+02	2.909236389635290720e+02
3.416783429211791372e+02	2.235885868070017182e+02
3.966286405393203722e+02	2.769902723489427103e+02
3.604519459047483565e+02	2.804728240500638776e+02
4.074654826376334995e+02	3.074819165502208307e+02
4.218692784901896857e+02	2.130270657615140522e+02
3.501920083019798540e+02	2.977613782609296322e+02
4.461298323675762845e+02	1.773305901895934653e+02
4.105671002631127067e+02	2.326018378107006015e+02
3.076377822592808684e+02	2.909223217450611969e+02
4.151390025521811253e+02	1.843976396930564476e+02
4.935345182477765889e+02	1.713414826925604189e+02
3.508975383018132561e+02	3.152215672252087870e+02
4.412572990642579498e+02	3.522445478703922959e+02
4.169133061792956028e+02	1.834640083568099556e+02
3.605276056749609097e+02	1.449699467430914410e+02
2.757946406970444286e+02	3.205623688832585572e+02
4.375987910803976320e+02	2.420215337369486690e+02
4.560517022527938025e+02	2.942710631809572419e+02
3.559896766355415139e+02	1.952689049270797454e+02
3.374449014613749114e+02	1.643890308128342497e+02
3.872540623509001421e+02	2.041146143429966173e+02
3.121090184574082400e+02	2.156096064344941112e+02
3.382505369863801548e+02	2.683483394690867954e+02
3.929087444723107296e+02	2.929500038365230807e+02
3.261758190473024683e+02	1.904427342119299169e+02
3.887925369011243220e+02	1.653398558090345318e+02
4.468988178133768088e+02	2.768361109350774996e+02
3.847141837125571442e+02	2.894293203221627664e+02
4.390977583459950324e+02	2.521471050303951529e+02
4.316883498956971721e+02	2.153561813823012585e+02
3.258859926940443756e+02	3.219079315168930862e+02
4.190153554304530417e+02	2.926433953406906880e+02
3.749554205465722134e+02	2.990245638219424791e+02
3.539585593110011814e+02	2.468568262722488669e+02
3.592614060464253498e+02	2.913228070484907448e+02
4.107662349850063492e+02	2.928389886995373104e+02
3.493249707837185838e+02	3.184851188537887765e+02
4.121919161325876644e+02	3.229229413713007375e+02
3.820878299988012259e+02	3.397849477812518444e+02
4.166817662609117292e+02	2.240974561423643365e+02
3.909583512100638245e+02	2.840199282569075194e+02
4.445169918701668621e+02	2.661542101330975356e+02
4.014036863508403030e+02	2.444430101064782264e+02
4.081678404843843282e+02	2.849433909374375276e+02
3.275533785182783504e+02	3.244277800027712715e+02
4.645233733317194265e+02	3.022222403399871382e+02
3.280319341257369388e+02	2.356759063772311436e+02
4.452127909596570703e+02	2.055930507033201877e+02
4.493382932099789286e+02	1.707893871404465074e+02
3.262805220974811391e+02	1.923636919142895749e+02
4.140232577020142912e+02	3.271707830341531462e+02
3.118895996144928517e+02	2.967778118250321313e+02
3.844649838809679636e+02	2.964950329592876983e+02
3.230519416577910761e+02	1.854947528317930505e+02
3.780441215400412034e+02	1.891268683149374397e+02
4.731244082109434999e+02	2.490508557963230487e+02
4.131021022856322702e+02	1.917127835119102599e+02
3.227592780618405186e+02	2.445186455673457999e+02
3.130247132052233496e+02	2.697916910265836918e+02
3.236552524031180269e+02	3.022688749472837912e+02
3.519354476433089189e+02	1.680014802945522661e+02
3.097894074463975471e+02	1.651938672595270816e+02
4.072439570360274956e+02	2.849292228819863340e+02
3.676157335388932665e+02	1.823426894518443078e+02
3.622240091969206333e+02	2.259654672545660503e+02
4.089980091191713427e+02	2.833310184749063865e+02
3.008307967348737861e+02	3.264520207710754676e+02
3.152684088456208542e+02	1.889409891318334473e+02
3.501330212206810870e+02	2.470659115157101269e+02
4.105104172695885154e+02	3.064575897242399378e+02
4.226973619920237866e+02	3.275986358317802569e+02
3.699421816575874686e+02	2.897362274296855844e+02
3.825424099272702279e+02	1.694875570918942458e+02
3.947143812380018630e+02	1.699212732148629357e+02
2.849564786490836354e+02	1.827769928306225040e+02
3.259487380667050616e+02	1.983534999618105417e+02
3.066937935494759131e+02	2.307613738752523602e+02
4.184329996362947668e+02	1.875338078841980121e+02
3.970648132448311571e+02	3.105190183253738496e+02
3.000018074799735928e+02	2.342218180816422546e+02
3.090849750470817980e+02	1.710734893637867344e+02
4.511982194838242890e+02	1.940746113479511337e+02
3.740450475180766148e+02	2.118381946863126473e+02
4.996383072118147766e+02	2.208374495934199331e+02
4.652137807270721055e+02	2.199341520935073504e+02
3.209671865903865751e+02	1.948682005700601962e+02
2.828072639646629796e+02	3.328180615468596670e+02
3.225840577622917067e+02	1.831545196249103640e+02
3.009661660165880903e+02	2.374536555692187676e+02
4.274448023068032967e+02	2.352818918889485644e+02
3.547813438328445272e+02	1.629137075325043611e+02
4.110383166364502472e+02	2.104836239864716276e+02
3.569296559561927324e+02	2.760757695915440308e+02
3.646502713527716537e+02	2.019400131912452139e+02
3.350762388848197020e+02	2.861425393476122281e+02
4.134227910931410861e+02	3.116345112783824334e+02
3.294380416034730388e+02	1.972552954796217932e+02
2.731255340791659023e+02	3.128777348961251050e+02
3.619817401183740344e+02	2.268988517708428390e+02
3.802208235062798849e+02	3.472124109744987663e+02
3.104720449181670006e+02	3.368635195327632346e+02
3.381637837470516388e+02	2.906545014029874210e+02
2.912519289214762352e+02	2.421943030469188045e+02
4.615977659743115282e+02	2.809933205191098864e+02
4.663240966954798523e+02	2.530024364138296562e+02
3.536680879055998616e+02	2.320720464279219186e+02
3.695105778781504569e+02	2.391333782945034159e+02
4.341707492503239791e+02	1.687598642570472407e+02
2.590474767162140779e+02	3.247126115705527809e+02
3.051064440205283290e+02	2.725878013238765902e+02
3.821766333172193413e+02	2.929539951481434059e+02
3.170006345718555849e+02	2.312756593702227406e+02
4.026030177611759768e+02	1.842352412654614682e+02
3.838584102646445899e+02	2.481023351762040363e+02
3.990593858190756009e+02	1.895765083082013973e+02
3.967745261409114619e+02	1.963468790084181137e+02
2.669542901844896505e+02	2.496172223363777505e+02
3.601571459079837041e+02	1.846511696861251437e+02
3.237327600898692026e+02	3.520967091976326628e+02
3.146111512447215546e+02	2.874051226354654318e+02
4.436246561452731498e+02	3.347584480127070492e+02
3.270187838683495443e+02	1.975787059240593635e+02
3.913891512280706593e+02	2.375290614018782378e+02
4.327844580346800285e+02	2.143986640626411884e+02
3.558040908176249673e+02	2.577414999874830528e+02
4.028070229279986165e+02	2.692728469818591748e+02
3.584287680748841467e+02	2.822689235126520089e+02
3.120694136907143275e+02	2.983172580106329974e+02
4.378868815306437341e+02	1.981061311324441192e+02
4.087416790378915152e+02	2.946231105372356751e+02
3.075476377671653836e+02	2.926558226896413544e+02
3.500612041872185500e+02	2.002222855446180176e+02
2.778958046067277223e+02	3.342783036198539435e+02
4.478459967461934639e+02	2.042893090638752653e+02
3.904761957765709894e+02	2.016459834319842344e+02
2.853377510637840828e+02	3.079141433268649735e+02
3.671138309988400579e+02	2.633912367384606910e+02
3.530761914830050046e+02	2.022224013770274667e+02
3.576024330892938679e+02	2.054746717531550644e+02
4.112992574477217431e+02	1.663198232532747625e+02
3.058766714676276024e+02	2.038759740229407385e+02
4.964472597067020843e+02	1.666286546745473629e+02
4.507858960977190463e+02	2.097646923154370882e+02
3.840400218970223705e+02	1.943572721402426851e+02
3.342069122792675557e+02	3.221142214263289247e+02
3.117657602255567326e+02	2.497645470759784985e+02
4.122650592734408406e+02	2.304927818027690591e+02
4.144809181759681564e+02	3.377640772047494124e+02
4.876911280264839661e+02	1.629972596082926373e+02
4.094222509414544788e+02	2.123237248644013846e+02
4.013141664012860019e+02	2.467813554586128362e+02
4.184728619702902961e+02	2.917185782886630250e+02
3.162242658691787938e+02	2.998891134719150386e+02
3.495440058233384093e+02	3.234519027180763828e+02
3.466288872324560657e+02	2.635016822886994419e+02
3.093414170904601974e+02	1.993997352448921276e+02
4.312295623496464145e+02	1.741525692891049459e+02
3.014375728403791754e+02	1.349881682297230725e+02
4.151437789762123884e+02	2.238476640003240448e+02
3.261032618030266121e+02	1.839530841928979328e+02
3.185463144918877560e+02	1.522869620229307088e+02
3.220290931960123544e+02	2.861823922166839225e+02
4.432577275908968772e+02	2.459399599871771045e+02
4.265051775596790549e+02	3.124565855717874001e+02
2.878985497681030097e+02	2.575166150002165750e+02
3.531681198591808197e+02	3.548747804084720769e+02
4.021211846379527515e+02	2.477836705411590401e+02
3.190837787610645933e+02	3.113527830878916802e+02
3.049566716672940743e+02	2.085718810673751022e+02
3.661968248104178656e+02	2.591781966652840765e+02
4.251408623943816565e+02	2.881971101725553126e+02
4.534802812101376048e+02	1.752822568781528503e+02
4.569675856607417472e+02	3.426833946011816465e+02
3.307376561885765796e+02	2.599666948234979031e+02
3.552878285758362722e+02	2.880946939295672564e+02
4.219552842544493956e+02	1.642360564070183386e+02
3.765648177982342872e+02	1.894321394791758735e+02
3.541318783581077696e+02	3.295428511872752892e+02
3.069486442068504175e+02	2.991752006666771422e+02
4.631469608867004695e+02	3.025952829778077557e+02
4.697398075645950826e+02	3.392356112354880224e+02
2.934985257619315462e+02	2.894157365777663244e+02
4.261803018774954808e+02	2.274977973195517507e+02
4.543294981873252141e+02	1.750483853817134730e+02
3.402533674657694860e+02	2.371798664940506285e+02
4.642832485105105320e+02	3.218436597482290153e+02
4.695739436020022595e+02	1.671851085973730733e+02
3.984007767894372591e+02	2.690283208366410577e+02
3.204139923185842918e+02	1.932018448578289167e+02
3.796799178287595851e+02	3.336468307777411724e+02
3.882593534508746984e+02	2.367411145926979543e+02
4.004694831322926234e+02	1.742042334681519264e+02
3.397675581090507535e+02	1.733851168311234119e+02
4.845131849275537093e+02	2.209394688399323172e+02
3.541270609132350273e+02	1.594205594089937392e+02
4.124724751940393048e+02	2.060380451991138386e+02
3.868813901262129207e+02	3.287417766490573285e+02
4.261431827459565511e+02	3.598711229277043913e+02
3.184630296850882587e+02	2.729526382400208604e+02
3.166449653704093521e+02	2.747105726304963582e+02
3.409525042541245625e+02	1.536594121181630612e+02
3.244277978455093034e+02	1.644820828990790460e+02
4.339912822674587574e+02	2.860852657299572002e+02
4.161819067925285367e+02	2.334783429001184345e+02
4.529867541950227405e+02	2.169079646987722754e+02
3.455912518314616477e+02	2.714479219430852481e+02
4.278978367864274333e+02	2.029660197704711209e+02
2.999874454354179534e+02	3.076297332070029142e+02
3.032106369518751308e+02	3.157981601413532644e+02
3.347718793510623527e+02	2.401899724935186953e+02
3.060186711666207771e+02	2.351965798388451390e+02
2.566443788393232239e+02	3.274799904905493690e+02
3.293501133497068167e+02	2.216451873592154413e+02
3.476092874700945003e+02	2.942325322606606051e+02
4.817588754534771169e+02	1.633100782663863129e+02
3.047966770544691144e+02	2.873829789571922220e+02
3.582959652833366704e+02	2.327550210044209678e+02
4.366505099011586140e+02	1.791938942162628621e+02
3.664605371016810409e+02	2.510571951594796758e+02
3.277332812717053798e+02	2.490477715485968702e+02
3.163287210443088497e+02	1.674911653710159385e+02
4.012474803315545842e+02	3.015383950353954674e+02
3.073122484258190639e+02	2.550877647909795201e+02
3.689697276465864775e+02	2.046291827614794556e+02
4.394219022499275979e+02	2.650487742166749285e+02
3.783158318380362743e+02	1.632984495494835642e+02
3.812551231953935371e+02	2.917799014205044728e+02
4.351085651150174272e+02	2.200383792516535948e+02
3.717693065991500134e+02	2.047011976491122596e+02
3.232783965346288824e+02	2.650553798332914539e+02
4.400443525037450172e+02	3.163967187820097138e+02
