1128.54	0.604153	4802.37
578.832	-413.154	3324.58
428.822	-484.371	4751.94
-140.212	5.5124	4018.43
-416.785	-358.853	3042.64
1067.88	1178.93	3642.97
100.693	1070.35	3285.58
87.9269	-266.233	3691.07
362.735	475.618	3272.63
343.702	1220.84	3779.87
556.267	-713.734	4934.73
334.533	927.935	3962.46
-266.427	215.155	4308.27
826.767	1013.71	4849.27
-421.162	-48.3767	3159.91
1244.86	-524.074	4800.55
-359.788	55.5355	3816.09
-333.409	861.221	3930.81
-624.689	682.634	4195.99
-340.056	-180.863	3524.62
-794.234	950.456	4242.55
871.155	133.41	3875.04
-290.538	-100.366	4081.54
1109.61	546.288	4005.74
-163.625	-915.874	4734.47
-315.973	-706.72	3227.43
-616.684	650.55	4829
800.368	1007	5167.23
911.582	-617.327	3552.19
-291.76	-54.4639	4236.43
-460.312	652.873	4826.64
-6.51461	-270.358	4554.09
720.41	993.351	3262.46
1280.82	-554.38	4085.27
615.548	215.652	3866.98
438.93	322.388	4633.2
-220.764	168.81	4689.96
870.366	1179.78	3706.32
879.446	-172.58	3917.4
-813.912	687.438	3203.23
-798.991	1048.64	3139.78
-117.431	-495.361	3270.91
558.383	-226.931	5009.46
-131.396	378.217	3734.21
-61.8785	-59.7984	3400.9
1158.35	-168.303	4361.56
665.413	-380.849	4524.77
-821.218	403.177	5043.88
-70.9981	-517.65	3965.8
737.023	-349.501	3963.25
1128.54	0.604153	4802.37
578.832	-413.154	3324.58
428.822	-484.371	4751.94
-140.212	5.5124	4018.43
-416.785	-358.853	3042.64
1067.88	1178.93	3642.97
100.693	1070.35	3285.58
87.9269	-266.233	3691.07
362.735	475.618	3272.63
343.702	1220.84	3779.87
556.267	-713.734	4934.73
334.533	927.935	3962.46
-266.427	215.155	4308.27
826.767	1013.71	4849.27
-421.162	-48.3767	3159.91
1244.86	-524.074	4800.55
-359.788	55.5355	3816.09
-333.409	861.221	3930.81
-624.689	682.634	4195.99
-340.056	-180.863	3524.62
-794.234	950.456	4242.55
871.155	133.41	3875.04
-290.538	-100.366	4081.54
1109.61	546.288	4005.74
-163.625	-915.874	4734.47
-315.973	-706.72	3227.43
-616.684	650.551	4829
800.368	1007	5167.23
911.582	-617.327	3552.19
-291.76	-54.4639	4236.43
-460.312	652.873	4826.64
-6.51461	-270.358	4554.09
720.41	993.351	3262.46
1280.82	-554.38	4085.27
615.548	215.652	3866.98
438.93	322.388	4633.2
-220.764	168.81	4689.96
870.366	1179.78	3706.32
879.446	-172.58	3917.4
-813.912	687.438	3203.23
-798.991	1048.64	3139.78
-117.431	-495.361	3270.91
558.383	-226.931	5009.46
-131.396	378.217	3734.21
-61.8785	-59.7984	3400.9
1158.35	-168.303	4361.56
665.413	-380.849	4524.77
-821.218	403.177	5043.88
-70.9981	-517.65	3965.8
737.023	-349.501	3963.25
1128.54	0.604153	4802.37
578.832	-413.154	3324.58
428.822	-484.371	4751.94
-140.212	5.5124	4018.43
-416.785	-358.853	3042.64
1067.88	1178.93	3642.97
100.693	1070.35	3285.58
87.9269	-266.233	3691.07
362.735	475.618	3272.63
343.702	1220.84	3779.87
556.267	-713.734	4934.73
334.533	927.935	3962.46
-266.427	215.155	4308.27
826.767	1013.71	4849.27
-421.162	-48.3767	3159.91
1244.86	-524.074	4800.55
-359.788	55.5355	3816.09
-333.409	861.221	3930.81
-624.689	682.634	4195.99
-340.056	-180.863	3524.62
-794.234	950.456	4242.55
871.155	133.41	3875.04
-290.538	-100.366	4081.54
1109.61	546.288	4005.74
-163.625	-915.874	4734.47
-315.973	-706.72	3227.43
-616.684	650.551	4829
800.368	1007	5167.23
911.582	-617.327	3552.19
-291.76	-54.4639	4236.43
-460.312	652.873	4826.64
-6.51461	-270.358	4554.09
720.41	993.351	3262.46
1280.82	-554.38	4085.27
615.548	215.652	3866.98
438.93	322.388	4633.2
-220.764	168.81	4689.96
870.366	1179.78	3706.32
879.446	-172.58	3917.4
-813.912	687.438	3203.23
-798.991	1048.64	3139.78
-117.431	-495.361	3270.91
558.383	-226.931	5009.46
-131.396	378.217	3734.21
-61.8785	-59.7984	3400.9
1158.35	-168.303	4361.56
665.413	-380.849	4524.77
-821.218	403.177	5043.88
-70.9981	-517.65	3965.8
737.023	-349.501	3963.25
1128.54	0.604153	4802.37
578.832	-413.154	3324.58
428.822	-484.371	4751.94
-140.212	5.5124	4018.43
-416.785	-358.853	3042.64
1067.88	1178.93	3642.97
100.693	1070.35	3285.58
87.9269	-266.233	3691.07
362.735	475.618	3272.63
343.702	1220.84	3779.87
556.267	-713.734	4934.73
334.533	927.935	3962.46
-266.427	215.155	4308.27
826.767	1013.71	4849.27
-421.162	-48.3767	3159.91
1244.86	-524.074	4800.55
-359.788	55.5355	3816.09
-333.409	861.221	3930.81
-624.689	682.634	4195.99
-340.056	-180.863	3524.62
-794.234	950.456	4242.55
871.155	133.41	3875.04
-290.538	-100.366	4081.54
1109.61	546.288	4005.74
-163.625	-915.874	4734.47
-315.973	-706.72	3227.43
-616.684	650.551	4829
800.368	1007	5167.23
911.582	-617.327	3552.19
-291.76	-54.4639	4236.43
-460.312	652.873	4826.64
-6.51461	-270.358	4554.09
720.41	993.351	3262.46
1280.82	-554.38	4085.27
615.548	215.652	3866.98
438.93	322.388	4633.2
-220.764	168.81	4689.96
870.366	1179.78	3706.32
879.446	-172.58	3917.4
-813.912	687.438	3203.23
-798.991	1048.64	3139.78
-117.431	-495.361	3270.91
558.383	-226.931	5009.46
-131.396	378.217	3734.21
-61.8785	-59.7984	3400.9
1158.35	-168.303	4361.56
665.413	-380.849	4524.77
-821.218	403.177	5043.88
-70.9981	-517.65	3965.8
737.023	-349.501	3963.25
1128.54	0.604153	4802.37
578.832	-413.154	3324.58
428.822	-484.371	4751.94
-140.212	5.5124	4018.43
-416.785	-358.853	3042.64
1067.88	1178.93	3642.97
100.693	1070.35	3285.58
87.9269	-266.233	3691.07
362.735	475.618	3272.63
343.702	1220.84	3779.87
556.267	-713.734	4934.73
334.533	927.935	3962.46
-266.427	215.155	4308.27
826.767	1013.71	4849.27
-421.162	-48.3767	3159.91
1244.86	-524.074	4800.55
-359.788	55.5355	3816.09
-333.409	861.221	3930.81
-624.689	682.634	4195.99
-340.056	-180.863	3524.62
-794.234	950.456	4242.55
871.155	133.41	3875.04
-290.538	-100.366	4081.54
1109.61	546.288	4005.74
-163.625	-915.874	4734.47
-315.973	-706.72	3227.43
-616.684	650.551	4829
800.368	1007	5167.23
911.582	-617.327	3552.19
-291.76	-54.4639	4236.43
-460.312	652.873	4826.64
-6.51461	-270.358	4554.09
720.41	993.351	3262.46
1280.82	-554.38	4085.27
615.548	215.652	3866.98
438.93	322.388	4633.2
-220.764	168.81	4689.96
870.366	1179.78	3706.32
879.446	-172.58	3917.4
-813.912	687.438	3203.23
-798.991	1048.64	3139.78
-117.431	-495.361	3270.91
558.383	-226.931	5009.46
-131.396	378.217	3734.21
-61.8785	-59.7984	3400.9
1158.35	-168.303	4361.56
665.413	-380.849	4524.77
-821.218	403.177	5043.88
-70.9981	-517.65	3965.8
737.023	-349.501	3963.25
