406.197	223.471
317.589	224.278
380.523	187.915
347.014	182.717
463.232	358.726
440.746	325.692
431.804	258.155
436.657	196.347
326.736	261.878
463.699	207.155
436.602	329.472
411.242	224.328
327.99	256.01
327.357	252.45
328.876	254.963
498.417	254.551
385.722	302.413
311.65	269.862
388.066	259.341
378.313	221.222
417.523	181.866
343.761	246.068
396.663	237.494
293.071	286.848
440.549	298.071
460.674	268.436
496.385	328.403
480.086	213.689
447.346	234.02
430.404	282.75
404.199	170.094
483.076	308.036
468.688	394.099
332.374	197.027
381.095	180.36
380.637	324.969
454.473	208.277
437.546	316.348
458.508	195.915
358.134	292.842
452.499	200.903
341.02	182.37
388.08	168.41
397.759	193.66
429.174	197.264
392.402	210.234
405.222	272.393
385.185	241.319
380.358	292.948
312.792	242.041
406.197	223.471
317.589	224.278
380.523	187.915
347.014	182.717
463.232	358.726
440.746	325.692
431.804	258.155
436.657	196.347
326.736	261.878
463.699	207.155
436.602	329.472
411.242	224.328
327.99	256.01
327.357	252.45
328.876	254.963
498.417	254.551
385.722	302.413
311.65	269.862
388.066	259.341
378.313	221.222
417.523	181.866
343.761	246.068
396.663	237.494
293.071	286.848
440.549	298.071
460.674	268.436
496.385	328.403
480.086	213.689
447.346	234.02
430.404	282.75
404.199	170.094
483.076	308.036
468.688	394.099
332.374	197.027
381.095	180.36
380.637	324.969
454.473	208.277
437.546	316.348
458.508	195.915
358.134	292.842
452.499	200.903
341.02	182.37
388.08	168.41
397.759	193.66
429.174	197.264
392.402	210.234
405.222	272.393
385.185	241.319
380.358	292.948
312.792	242.041
406.197	223.471
317.589	224.278
380.523	187.915
347.014	182.717
463.232	358.726
440.746	325.692
431.804	258.155
436.657	196.347
326.736	261.878
463.699	207.155
436.602	329.472
411.242	224.328
327.99	256.01
327.357	252.45
328.876	254.963
498.417	254.551
385.722	302.413
311.65	269.862
388.066	259.341
378.313	221.222
417.523	181.866
343.761	246.068
396.663	237.494
293.071	286.848
440.549	298.071
460.674	268.436
496.385	328.403
480.086	213.689
447.346	234.02
430.404	282.75
404.199	170.094
483.076	308.036
468.688	394.099
332.374	197.027
381.095	180.36
380.637	324.969
454.473	208.277
437.546	316.348
458.508	195.915
358.134	292.842
452.499	200.903
341.02	182.37
388.08	168.41
397.759	193.66
429.174	197.264
392.402	210.234
405.222	272.393
385.185	241.319
380.358	292.948
312.792	242.041
406.197	223.471
317.589	224.278
380.523	187.915
347.014	182.717
463.232	358.726
440.746	325.692
431.804	258.155
436.657	196.347
326.736	261.878
463.699	207.155
436.602	329.472
411.242	224.328
327.99	256.01
327.357	252.45
328.876	254.963
498.417	254.551
385.722	302.413
311.65	269.862
388.066	259.341
378.313	221.222
417.523	181.866
343.761	246.068
396.663	237.494
293.071	286.848
440.549	298.071
460.674	268.436
496.385	328.403
480.086	213.689
447.346	234.02
430.404	282.75
404.199	170.094
483.076	308.036
468.688	394.099
332.374	197.027
381.095	180.36
380.637	324.969
454.473	208.277
437.546	316.348
458.508	195.915
358.134	292.842
452.499	200.903
341.02	182.37
388.08	168.41
397.759	193.66
429.174	197.264
392.402	210.234
405.222	272.393
385.185	241.319
380.358	292.948
312.792	242.041
406.197	223.471
317.589	224.278
380.523	187.915
347.014	182.717
463.232	358.726
440.746	325.692
431.804	258.155
436.657	196.347
326.736	261.878
463.699	207.155
436.602	329.472
411.242	224.328
327.99	256.01
327.357	252.45
328.876	254.963
498.417	254.551
385.722	302.413
311.65	269.862
388.066	259.341
378.313	221.222
417.523	181.866
343.761	246.068
396.663	237.494
293.071	286.848
440.549	298.071
460.674	268.436
496.385	328.403
480.086	213.689
447.346	234.02
430.404	282.75
404.199	170.094
483.076	308.036
468.688	394.099
332.374	197.027
381.095	180.36
380.637	324.969
454.473	208.277
437.546	316.348
458.508	195.915
358.134	292.842
452.499	200.903
341.02	182.37
388.08	168.41
397.759	193.66
429.174	197.264
392.402	210.234
405.222	272.393
385.185	241.319
380.358	292.948
312.792	242.041
