341.87	-204.451	4892.01
-787.599	-181.368	4574.58
-1.0857	-651.942	4692.62
-408.776	-681.984	4452.03
820.194	1188.67	3625.97
847.778	1223.49	5156.86
632.01	238.837	4519.8
530.087	-401.228	3459.48
-744.196	318.64	5058.6
1156.05	-440.174	5086.98
527.669	853.462	3447.28
264.995	-124.983	3167.31
-591.875	193.515	4119.1
-697.074	178.639	4793.42
-710.207	221.823	5027.28
1052.98	140.276	3265.72
64.6689	803.52	4629.26
-902.257	406.078	4790.06
72.6284	200.087	3567.75
-27.3575	-209.021	4361.98
473.75	-730.14	4694.15
-509.721	100.65	5066.3
218.403	-17.5117	4982.71
-750.002	411.196	3135.15
604.88	597.529	3693.22
701.707	259.42	3206.52
1100.58	850.316	3471.15
1242.7	-313.804	4565.55
897.427	-64.2449	4920.81
485.526	428.202	3569.68
251.538	-732.019	3898.96
1070.21	722.02	3817.2
804.16	1415.33	3329.63
-608.126	-526.31	4613.72
6.74827	-807.875	5061.81
0.341858	872.625	3710.79
972.168	-401.547	4813.49
740.117	1006.92	4756.25
923.542	-508.227	4334.25
-238.586	573.387	3888.46
947.044	-498.99	4817.37
-473.845	-675.027	4379.04
81.9431	-771.213	4009.76
144.804	-380.774	3089.9
522.374	-446.43	3935.13
122.478	-296.31	3802.33
311.157	424.515	4630.16
47.2708	26.207	3784.26
-2.94375	640.51	4335.19
-821.546	39.2236	4434.65
341.87	-204.451	4892.01
-787.599	-181.368	4574.58
-1.0857	-651.942	4692.62
-408.776	-681.984	4452.03
820.194	1188.67	3625.97
847.778	1223.49	5156.86
632.01	238.837	4519.8
530.087	-401.228	3459.48
-744.196	318.64	5058.6
1156.05	-440.174	5086.98
527.669	853.462	3447.28
264.995	-124.983	3167.31
-591.875	193.515	4119.1
-697.074	178.639	4793.42
-710.207	221.823	5027.28
1052.98	140.276	3265.72
64.6689	803.52	4629.26
-902.257	406.078	4790.06
72.6284	200.087	3567.75
-27.3575	-209.021	4361.98
473.75	-730.14	4694.15
-509.721	100.65	5066.3
218.403	-17.5117	4982.71
-750.002	411.196	3135.15
604.88	597.529	3693.22
701.707	259.42	3206.52
1100.58	850.316	3471.15
1242.7	-313.804	4565.55
897.427	-64.2449	4920.81
485.526	428.202	3569.68
251.538	-732.019	3898.96
1070.21	722.02	3817.2
804.16	1415.33	3329.63
-608.126	-526.31	4613.72
6.74827	-807.875	5061.81
0.341858	872.625	3710.79
972.168	-401.547	4813.49
740.117	1006.92	4756.25
923.542	-508.227	4334.25
-238.586	573.387	3888.46
947.044	-498.99	4817.37
-473.845	-675.027	4379.04
81.9431	-771.213	4009.76
144.804	-380.774	3089.9
522.374	-446.43	3935.13
122.478	-296.31	3802.33
311.157	424.515	4630.16
47.2708	26.207	3784.26
-2.94375	640.51	4335.19
-821.546	39.2236	4434.65
341.87	-204.451	4892.01
-787.599	-181.368	4574.58
-1.0857	-651.942	4692.62
-408.776	-681.984	4452.03
820.194	1188.67	3625.97
847.778	1223.49	5156.86
632.01	238.837	4519.8
530.087	-401.228	3459.48
-744.196	318.64	5058.6
1156.05	-440.174	5086.98
527.669	853.462	3447.28
264.995	-124.983	3167.31
-591.875	193.515	4119.1
-697.074	178.639	4793.42
-710.207	221.823	5027.28
1052.98	140.276	3265.72
64.6689	803.52	4629.26
-902.257	406.078	4790.06
72.6284	200.087	3567.75
-27.3575	-209.021	4361.98
473.75	-730.14	4694.15
-509.721	100.65	5066.3
218.403	-17.5117	4982.71
-750.002	411.196	3135.15
604.88	597.529	3693.22
701.707	259.42	3206.52
1100.58	850.316	3471.15
1242.7	-313.804	4565.55
897.427	-64.2449	4920.81
485.526	428.202	3569.68
251.538	-732.019	3898.96
1070.21	722.02	3817.2
804.16	1415.33	3329.63
-608.126	-526.31	4613.72
6.74827	-807.875	5061.81
0.341858	872.625	3710.79
972.168	-401.547	4813.49
740.117	1006.92	4756.25
923.542	-508.227	4334.25
-238.586	573.387	3888.46
947.044	-498.99	4817.37
-473.845	-675.027	4379.04
81.9431	-771.213	4009.76
144.804	-380.774	3089.9
522.374	-446.43	3935.13
122.478	-296.31	3802.33
311.157	424.515	4630.16
47.2708	26.207	3784.26
-2.94375	640.51	4335.19
-821.546	39.2236	4434.65
341.87	-204.451	4892.01
-787.599	-181.368	4574.58
-1.0857	-651.942	4692.62
-408.776	-681.984	4452.03
820.194	1188.67	3625.97
847.778	1223.49	5156.86
632.01	238.837	4519.8
530.087	-401.228	3459.48
-744.196	318.64	5058.6
1156.05	-440.174	5086.98
527.669	853.462	3447.28
264.995	-124.983	3167.31
-591.875	193.515	4119.1
-697.074	178.639	4793.42
-710.207	221.823	5027.28
1052.98	140.276	3265.72
64.6689	803.52	4629.26
-902.257	406.078	4790.06
72.6284	200.087	3567.75
-27.3575	-209.021	4361.98
473.75	-730.14	4694.15
-509.721	100.65	5066.3
218.403	-17.5117	4982.71
-750.002	411.196	3135.15
604.88	597.529	3693.22
701.707	259.42	3206.52
1100.58	850.316	3471.15
1242.7	-313.804	4565.55
897.427	-64.2449	4920.81
485.526	428.202	3569.68
251.538	-732.019	3898.96
1070.21	722.02	3817.2
804.16	1415.33	3329.63
-608.126	-526.31	4613.72
6.74827	-807.875	5061.81
0.341858	872.625	3710.79
972.168	-401.547	4813.49
740.117	1006.92	4756.25
923.542	-508.227	4334.25
-238.586	573.387	3888.46
947.044	-498.99	4817.37
-473.845	-675.027	4379.04
81.9431	-771.213	4009.76
144.804	-380.774	3089.9
522.374	-446.43	3935.13
122.478	-296.31	3802.33
311.157	424.515	4630.16
47.2708	26.207	3784.26
-2.94375	640.51	4335.19
-821.546	39.2236	4434.65
341.87	-204.451	4892.01
-787.599	-181.368	4574.58
-1.0857	-651.942	4692.62
-408.776	-681.984	4452.03
820.194	1188.67	3625.97
847.778	1223.49	5156.86
632.01	238.837	4519.8
530.087	-401.228	3459.48
-744.196	318.64	5058.6
1156.05	-440.174	5086.98
527.669	853.462	3447.28
264.995	-124.983	3167.31
-591.875	193.515	4119.1
-697.074	178.639	4793.42
-710.207	221.823	5027.28
1052.98	140.276	3265.72
64.6689	803.52	4629.26
-902.257	406.078	4790.06
72.6284	200.087	3567.75
-27.3575	-209.021	4361.98
473.75	-730.14	4694.15
-509.721	100.65	5066.3
218.403	-17.5117	4982.71
-750.002	411.196	3135.15
604.88	597.529	3693.22
701.707	259.42	3206.52
1100.58	850.316	3471.15
1242.7	-313.804	4565.55
897.427	-64.2449	4920.81
485.526	428.202	3569.68
251.538	-732.019	3898.96
1070.21	722.02	3817.2
804.16	1415.33	3329.63
-608.126	-526.31	4613.72
6.74827	-807.875	5061.81
0.341858	872.625	3710.79
972.168	-401.547	4813.49
740.117	1006.92	4756.25
923.542	-508.227	4334.25
-238.586	573.387	3888.46
947.044	-498.99	4817.37
-473.845	-675.027	4379.04
81.9431	-771.213	4009.76
144.804	-380.774	3089.9
522.374	-446.43	3935.13
122.478	-296.31	3802.33
311.157	424.515	4630.16
47.2708	26.207	3784.26
-2.94375	640.51	4335.19
-821.546	39.2236	4434.65
