341.788	-204.401	4890.82
-787.408	-181.324	4573.47
-1.08544	-651.784	4691.48
-408.677	-681.818	4450.94
819.994	1188.38	3625.09
847.574	1223.19	5155.62
631.856	238.78	4518.71
529.957	-401.13	3458.63
-744.016	318.563	5057.38
1155.77	-440.067	5085.74
527.541	853.254	3446.44
264.93	-124.953	3166.54
-591.731	193.468	4118.09
-696.904	178.596	4792.26
-710.035	221.769	5026.06
1052.72	140.241	3264.92
64.6532	803.326	4628.13
-902.038	405.98	4788.89
72.6107	200.039	3566.88
-27.3508	-208.97	4360.92
473.635	-729.962	4693.01
-509.597	100.626	5065.07
218.35	-17.5074	4981.5
-749.819	411.095	3134.39
604.732	597.384	3692.33
701.535	259.356	3205.74
1100.31	850.109	3470.3
1242.4	-313.728	4564.45
897.21	-64.2293	4919.61
485.408	428.097	3568.81
251.476	-731.84	3898.01
1069.95	721.845	3816.27
803.965	1414.99	3328.82
-607.978	-526.182	4612.6
6.74663	-807.679	5060.58
0.341775	872.412	3709.88
971.932	-401.449	4812.32
739.937	1006.68	4755.1
923.318	-508.103	4333.2
-238.528	573.248	3887.51
946.814	-498.869	4816.2
-473.73	-674.863	4377.97
81.9231	-771.025	4008.78
144.769	-380.68	3089.15
522.247	-446.322	3934.17
122.448	-296.238	3801.4
311.082	424.413	4629.04
47.2593	26.2006	3783.34
-2.94303	640.355	4334.13
-821.346	39.2141	4433.57
341.788	-204.401	4890.82
-787.408	-181.324	4573.47
-1.08544	-651.784	4691.48
-408.677	-681.818	4450.94
819.994	1188.38	3625.09
847.574	1223.19	5155.62
631.856	238.78	4518.71
529.957	-401.13	3458.63
-744.016	318.563	5057.38
1155.77	-440.067	5085.74
527.541	853.254	3446.44
264.93	-124.953	3166.54
-591.731	193.468	4118.09
-696.904	178.596	4792.26
-710.035	221.769	5026.06
1052.72	140.241	3264.92
64.6532	803.326	4628.13
-902.038	405.98	4788.89
72.6107	200.039	3566.88
-27.3508	-208.97	4360.92
473.635	-729.962	4693.01
-509.597	100.626	5065.07
218.35	-17.5074	4981.5
-749.819	411.095	3134.39
604.732	597.384	3692.33
701.535	259.356	3205.74
1100.31	850.109	3470.3
1242.4	-313.728	4564.45
897.21	-64.2293	4919.61
485.408	428.097	3568.81
251.476	-731.84	3898.01
1069.95	721.845	3816.27
803.965	1414.99	3328.82
-607.978	-526.182	4612.6
6.74663	-807.679	5060.58
0.341775	872.412	3709.88
971.932	-401.449	4812.32
739.937	1006.68	4755.1
923.318	-508.103	4333.2
-238.528	573.248	3887.51
946.814	-498.869	4816.2
-473.73	-674.863	4377.97
81.9231	-771.025	4008.78
144.769	-380.68	3089.15
522.247	-446.322	3934.17
122.448	-296.238	3801.4
311.082	424.413	4629.04
47.2593	26.2006	3783.34
-2.94303	640.355	4334.13
-821.346	39.2141	4433.57
341.788	-204.401	4890.82
-787.408	-181.324	4573.47
-1.08544	-651.784	4691.48
-408.677	-681.818	4450.94
819.994	1188.38	3625.09
847.574	1223.19	5155.62
631.856	238.78	4518.71
529.957	-401.13	3458.63
-744.016	318.563	5057.38
1155.77	-440.067	5085.74
527.541	853.254	3446.44
264.93	-124.953	3166.54
-591.731	193.468	4118.09
-696.904	178.596	4792.26
-710.035	221.769	5026.06
1052.72	140.241	3264.92
64.6532	803.326	4628.13
-902.038	405.98	4788.89
72.6107	200.039	3566.88
-27.3508	-208.97	4360.92
473.635	-729.962	4693.01
-509.597	100.626	5065.07
218.35	-17.5074	4981.5
-749.819	411.095	3134.39
604.732	597.384	3692.33
701.535	259.356	3205.74
1100.31	850.109	3470.3
1242.4	-313.728	4564.45
897.21	-64.2293	4919.61
485.408	428.097	3568.81
251.476	-731.84	3898.01
1069.95	721.845	3816.27
803.965	1414.99	3328.82
-607.978	-526.182	4612.6
6.74663	-807.679	5060.58
0.341775	872.412	3709.88
971.932	-401.449	4812.32
739.937	1006.68	4755.1
923.318	-508.103	4333.2
-238.528	573.248	3887.51
946.814	-498.869	4816.2
-473.73	-674.863	4377.97
81.9231	-771.025	4008.78
144.769	-380.68	3089.15
522.247	-446.322	3934.17
122.448	-296.238	3801.4
311.082	424.413	4629.04
47.2593	26.2006	3783.34
-2.94303	640.355	4334.13
-821.346	39.2141	4433.57
341.788	-204.401	4890.82
-787.408	-181.324	4573.47
-1.08544	-651.784	4691.48
-408.677	-681.818	4450.94
819.994	1188.38	3625.09
847.574	1223.19	5155.62
631.856	238.78	4518.71
529.957	-401.13	3458.63
-744.016	318.563	5057.38
1155.77	-440.067	5085.74
527.541	853.254	3446.44
264.93	-124.953	3166.54
-591.731	193.468	4118.09
-696.904	178.596	4792.26
-710.035	221.769	5026.06
1052.72	140.241	3264.92
64.6532	803.326	4628.13
-902.038	405.98	4788.89
72.6107	200.039	3566.88
-27.3508	-208.97	4360.92
473.635	-729.962	4693.01
-509.597	100.626	5065.07
218.35	-17.5074	4981.5
-749.819	411.095	3134.39
604.732	597.384	3692.33
701.535	259.356	3205.74
1100.31	850.109	3470.3
1242.4	-313.728	4564.45
897.21	-64.2293	4919.61
485.408	428.097	3568.81
251.476	-731.84	3898.01
1069.95	721.845	3816.27
803.965	1414.99	3328.82
-607.978	-526.182	4612.6
6.74663	-807.679	5060.58
0.341775	872.412	3709.88
971.932	-401.449	4812.32
739.937	1006.68	4755.1
923.318	-508.103	4333.2
-238.528	573.248	3887.51
946.814	-498.869	4816.2
-473.73	-674.863	4377.97
81.9231	-771.025	4008.78
144.769	-380.68	3089.15
522.247	-446.322	3934.17
122.448	-296.238	3801.4
311.082	424.413	4629.04
47.2593	26.2006	3783.34
-2.94303	640.355	4334.13
-821.346	39.2141	4433.57
341.788	-204.401	4890.82
-787.408	-181.324	4573.47
-1.08544	-651.784	4691.48
-408.677	-681.818	4450.94
819.994	1188.38	3625.09
847.574	1223.19	5155.62
631.856	238.78	4518.71
529.957	-401.13	3458.63
-744.016	318.563	5057.38
1155.77	-440.067	5085.74
527.541	853.254	3446.44
264.93	-124.953	3166.54
-591.731	193.468	4118.09
-696.904	178.596	4792.26
-710.035	221.769	5026.06
1052.72	140.241	3264.92
64.6532	803.326	4628.13
-902.038	405.98	4788.89
72.6107	200.039	3566.88
-27.3508	-208.97	4360.92
473.635	-729.962	4693.01
-509.597	100.626	5065.07
218.35	-17.5074	4981.5
-749.819	411.095	3134.39
604.732	597.384	3692.33
701.535	259.356	3205.74
1100.31	850.109	3470.3
1242.4	-313.728	4564.45
897.21	-64.2293	4919.61
485.408	428.097	3568.81
251.476	-731.84	3898.01
1069.95	721.845	3816.27
803.965	1414.99	3328.82
-607.978	-526.182	4612.6
6.74663	-807.679	5060.58
0.341775	872.412	3709.88
971.932	-401.449	4812.32
739.937	1006.68	4755.1
923.318	-508.103	4333.2
-238.528	573.248	3887.51
946.814	-498.869	4816.2
-473.73	-674.863	4377.97
81.9231	-771.025	4008.78
144.769	-380.68	3089.15
522.247	-446.322	3934.17
122.448	-296.238	3801.4
311.082	424.413	4629.04
47.2593	26.2006	3783.34
-2.94303	640.355	4334.13
-821.346	39.2141	4433.57
