386.72	213.018
297.02	214.753
360.095	177.724
325.73	172.902
440.46	348.475
423.084	315.072
411.571	247.603
411.226	186.064
307.917	252.234
444.626	196.058
412.468	319.484
384.259	214.486
306.079	246.604
307.72	242.84
309.919	245.287
472.513	243.789
366.188	292.424
292.11	260.449
363.776	249.585
357.099	211.185
397.065	171.315
324.864	236.221
377.56	227.135
266.197	278.302
417.401	287.822
434.478	258.142
472.535	317.742
459.579	202.558
428.1	223.158
406.441	272.621
380.693	159.927
460.723	297.302
444.677	384.091
311.726	187.313
361.646	170.066
357.689	315.427
434.657	197.341
418.673	305.828
437.016	185.066
335.651	283.34
432.616	189.982
319.475	172.632
365.029	158.354
369.938	183.965
406.103	186.849
368.824	200.247
385.443	262.116
361.804	231.459
359.728	283.069
291.895	232.64
386.72	213.018
297.02	214.753
360.095	177.724
325.73	172.902
440.46	348.475
423.084	315.072
411.571	247.603
411.226	186.064
307.917	252.234
444.626	196.058
412.468	319.484
384.259	214.486
306.079	246.604
307.72	242.84
309.919	245.287
472.513	243.789
366.188	292.424
292.11	260.449
363.776	249.585
357.099	211.185
397.065	171.315
324.864	236.221
377.56	227.135
266.197	278.302
417.401	287.822
434.478	258.142
472.535	317.742
459.579	202.558
428.1	223.158
406.441	272.621
380.693	159.927
460.723	297.302
444.677	384.091
311.726	187.313
361.646	170.066
357.689	315.427
434.657	197.341
418.673	305.828
437.016	185.066
335.651	283.34
432.616	189.982
319.475	172.632
365.029	158.354
369.938	183.965
406.103	186.849
368.824	200.247
385.443	262.116
361.804	231.459
359.728	283.069
291.895	232.64
386.72	213.018
297.02	214.753
360.095	177.724
325.73	172.902
440.46	348.475
423.084	315.072
411.571	247.603
411.226	186.064
307.917	252.234
444.626	196.058
412.468	319.484
384.259	214.486
306.079	246.604
307.72	242.84
309.919	245.287
472.513	243.789
366.188	292.424
292.11	260.449
363.776	249.585
357.099	211.185
397.065	171.315
324.864	236.221
377.56	227.135
266.197	278.302
417.401	287.822
434.478	258.142
472.535	317.742
459.579	202.558
428.1	223.158
406.441	272.621
380.693	159.927
460.723	297.302
444.677	384.091
311.726	187.313
361.646	170.066
357.689	315.427
434.657	197.341
418.673	305.828
437.016	185.066
335.651	283.34
432.616	189.982
319.475	172.632
365.029	158.354
369.938	183.965
406.103	186.849
368.824	200.247
385.443	262.116
361.804	231.459
359.728	283.069
291.895	232.64
386.72	213.018
297.02	214.753
360.095	177.724
325.73	172.902
440.46	348.475
423.084	315.072
411.571	247.603
411.226	186.064
307.917	252.234
444.626	196.058
412.468	319.484
384.259	214.486
306.079	246.604
307.72	242.84
309.919	245.287
472.513	243.789
366.188	292.424
292.11	260.449
363.776	249.585
357.099	211.185
397.065	171.315
324.864	236.221
377.56	227.135
266.197	278.302
417.401	287.822
434.478	258.142
472.535	317.742
459.579	202.558
428.1	223.158
406.441	272.621
380.693	159.927
460.723	297.302
444.677	384.091
311.726	187.313
361.646	170.066
357.689	315.427
434.657	197.341
418.673	305.828
437.016	185.066
335.651	283.34
432.616	189.982
319.475	172.632
365.029	158.354
369.938	183.965
406.103	186.849
368.824	200.247
385.443	262.116
361.804	231.459
359.728	283.069
291.895	232.64
386.72	213.018
297.02	214.753
360.095	177.724
325.73	172.902
440.46	348.475
423.084	315.072
411.571	247.603
411.226	186.064
307.917	252.234
444.626	196.058
412.468	319.484
384.259	214.486
306.079	246.604
307.72	242.84
309.919	245.287
472.513	243.789
366.188	292.424
292.11	260.449
363.776	249.585
357.099	211.185
397.065	171.315
324.864	236.221
377.56	227.135
266.197	278.302
417.401	287.822
434.478	258.142
472.535	317.742
459.579	202.558
428.1	223.158
406.441	272.621
380.693	159.927
460.723	297.302
444.677	384.091
311.726	187.313
361.646	170.066
357.689	315.427
434.657	197.341
418.673	305.828
437.016	185.066
335.651	283.34
432.616	189.982
319.475	172.632
365.029	158.354
369.938	183.965
406.103	186.849
368.824	200.247
385.443	262.116
361.804	231.459
359.728	283.069
291.895	232.64
