-1044.36	690.851	5491.6
-12.8088	-597.411	4562.12
1140.16	583.265	4843.29
1070.79	971.084	4539.61
931.645	421.894	5418.6
928.444	593.803	5438.08
-531.162	-656.303	5208.06
435.994	-33.4217	4754.87
-770.629	-26.8633	4658.12
-158.882	585.727	4666.54
-624.935	996.638	4707.99
-584.953	-471.845	3765.4
-616.433	342.875	4929.53
-86.3438	789.172	4470.71
56.4015	751.243	5055.44
128.499	539.629	5057.82
1101.24	1442.54	3625.1
727.136	714.765	4200.17
1000.11	-39.862	3550.45
206.141	1106.95	4805.1
809.052	1175.08	4522.9
-109.366	160.923	5479.61
194.124	876.738	3955.23
-838.469	1008.63	4517.01
507.011	-825.296	4446.2
-533.337	1109.61	4430.37
-111.395	884.26	4712.28
860.092	-86.7935	5312.81
340.357	-374.69	3761.03
-732.739	-491.504	4184.88
131.942	989.548	4699.35
1266.76	258.241	3731.55
1407.43	-437.413	3620.16
703.311	1178.38	3890.74
93.2606	1050.5	5481.9
574.864	1068.88	4503.21
622.964	283.235	3506.42
912.558	1257.57	5165.33
106.344	964.325	5342.73
-257.54	191.894	5142.56
-290.211	311.867	4173.6
276.722	1282.12	4457.38
818.058	-440.098	4095.05
1022.26	-348.507	4432.49
199.014	-312.958	4439.43
-154.037	-201.849	5379.57
362.813	627.214	5420.78
-165.636	-857.091	4288.65
-869.666	21.0927	5289
621.751	1315.68	4277.41
-1044.36	690.851	5491.6
-12.8088	-597.411	4562.12
1140.16	583.265	4843.29
1070.79	971.084	4539.61
931.645	421.894	5418.6
928.444	593.803	5438.08
-531.162	-656.303	5208.06
435.994	-33.4217	4754.87
-770.629	-26.8633	4658.12
-158.882	585.727	4666.54
-624.935	996.638	4707.99
-584.953	-471.845	3765.4
-616.433	342.875	4929.53
-86.3438	789.172	4470.71
56.4015	751.243	5055.44
128.499	539.629	5057.82
1101.24	1442.54	3625.1
727.136	714.765	4200.17
1000.11	-39.862	3550.45
206.141	1106.95	4805.1
809.052	1175.08	4522.9
-109.366	160.923	5479.61
194.124	876.738	3955.23
-838.469	1008.63	4517.01
507.011	-825.296	4446.2
-533.337	1109.61	4430.37
-111.395	884.26	4712.28
860.092	-86.7935	5312.81
340.357	-374.69	3761.03
-732.739	-491.504	4184.88
131.942	989.548	4699.35
1266.76	258.241	3731.55
1407.43	-437.413	3620.16
703.311	1178.38	3890.74
93.2606	1050.5	5481.9
574.864	1068.88	4503.21
622.964	283.235	3506.42
912.558	1257.57	5165.33
106.344	964.325	5342.73
-257.54	191.894	5142.56
-290.211	311.867	4173.6
276.722	1282.12	4457.38
818.058	-440.098	4095.05
1022.26	-348.507	4432.49
199.014	-312.958	4439.43
-154.037	-201.849	5379.57
362.813	627.214	5420.78
-165.636	-857.091	4288.65
-869.666	21.0927	5289
621.751	1315.68	4277.41
-1044.36	690.851	5491.6
-12.8088	-597.411	4562.12
1140.16	583.265	4843.29
1070.79	971.084	4539.61
931.645	421.894	5418.6
928.444	593.803	5438.08
-531.162	-656.303	5208.06
435.994	-33.4217	4754.87
-770.629	-26.8633	4658.12
-158.882	585.727	4666.54
-624.935	996.638	4707.99
-584.953	-471.845	3765.4
-616.433	342.875	4929.53
-86.3438	789.172	4470.71
56.4015	751.243	5055.44
128.499	539.629	5057.82
1101.24	1442.54	3625.1
727.136	714.765	4200.17
1000.11	-39.862	3550.45
206.141	1106.95	4805.1
809.052	1175.08	4522.9
-109.366	160.923	5479.61
194.124	876.738	3955.23
-838.469	1008.63	4517.01
507.011	-825.296	4446.2
-533.337	1109.61	4430.37
-111.395	884.26	4712.28
860.092	-86.7935	5312.81
340.357	-374.69	3761.03
-732.739	-491.504	4184.88
131.942	989.548	4699.35
1266.76	258.241	3731.55
1407.43	-437.413	3620.16
703.311	1178.38	3890.74
93.2606	1050.5	5481.9
574.864	1068.88	4503.21
622.964	283.235	3506.42
912.558	1257.57	5165.33
106.344	964.325	5342.73
-257.54	191.894	5142.56
-290.211	311.867	4173.6
276.722	1282.12	4457.38
818.058	-440.098	4095.05
1022.26	-348.507	4432.49
199.014	-312.958	4439.43
-154.037	-201.849	5379.57
362.813	627.214	5420.78
-165.636	-857.091	4288.65
-869.666	21.0927	5289
621.751	1315.68	4277.41
-1044.65	691.039	5493.09
-12.8126	-597.573	4563.36
1140.47	583.424	4844.6
1071.09	971.348	4540.84
931.898	422.009	5420.07
928.697	593.965	5439.56
-531.307	-656.481	5209.48
436.112	-33.4306	4756.16
-770.839	-26.8703	4659.39
-158.925	585.887	4667.81
-625.105	996.909	4709.27
-585.112	-471.973	3766.42
-616.601	342.969	4930.87
-86.3675	789.387	4471.93
56.4166	751.448	5056.81
128.534	539.776	5059.19
1101.54	1442.93	3626.08
727.334	714.96	4201.31
1000.39	-39.8728	3551.41
206.197	1107.25	4806.41
809.272	1175.4	4524.13
-109.396	160.967	5481.1
194.177	876.977	3956.3
-838.697	1008.9	4518.24
507.148	-825.521	4447.41
-533.483	1109.91	4431.57
-111.426	884.501	4713.56
860.326	-86.817	5314.26
340.449	-374.792	3762.05
-732.939	-491.637	4186.02
131.978	989.817	4700.63
1267.11	258.311	3732.56
1407.81	-437.532	3621.14
703.502	1178.7	3891.8
93.2858	1050.79	5483.39
575.02	1069.17	4504.43
623.133	283.312	3507.37
912.806	1257.91	5166.74
106.373	964.588	5344.18
-257.61	191.947	5143.95
-290.29	311.952	4174.74
276.797	1282.47	4458.59
818.28	-440.218	4096.17
1022.54	-348.602	4433.69
199.068	-313.043	4440.63
-154.079	-201.904	5381.03
362.912	627.384	5422.25
-165.681	-857.324	4289.82
-869.903	21.0988	5290.44
621.92	1316.03	4278.57
-1044.77	691.122	5493.76
-12.8138	-597.646	4563.91
1140.6	583.494	4845.19
1071.21	971.465	4541.39
932.011	422.059	5420.73
928.809	594.036	5440.22
-531.37	-656.561	5210.11
436.165	-33.4348	4756.74
-770.931	-26.8738	4659.95
-158.944	585.958	4668.37
-625.18	997.029	4709.84
-585.183	-472.03	3766.88
-616.674	343.01	4931.47
-86.3776	789.482	4472.47
56.4238	751.538	5057.43
128.55	539.841	5059.81
1101.68	1443.11	3626.52
727.422	715.046	4201.82
1000.51	-39.8777	3551.84
206.223	1107.39	4806.99
809.37	1175.54	4524.68
-109.409	160.986	5481.77
194.201	877.082	3956.78
-838.798	1009.02	4518.79
507.21	-825.62	4447.95
-533.547	1110.04	4432.11
-111.439	884.607	4714.13
860.43	-86.8276	5314.9
340.491	-374.837	3762.51
-733.027	-491.697	4186.52
131.994	989.936	4701.2
1267.26	258.342	3733.02
1407.98	-437.584	3621.58
703.587	1178.84	3892.27
93.2974	1050.91	5484.05
575.09	1069.3	4504.98
623.209	283.346	3507.8
912.917	1258.06	5167.36
106.386	964.704	5344.83
-257.641	191.97	5144.58
-290.325	311.99	4175.24
276.831	1282.62	4459.13
818.379	-440.271	4096.66
1022.66	-348.644	4434.23
199.092	-313.081	4441.17
-154.097	-201.929	5381.68
362.956	627.46	5422.91
-165.701	-857.428	4290.34
-870.008	21.101	5291.08
621.995	1316.19	4279.09
