-1011.03	669.677	5319.14
-11.8635	-578.359	4418.77
1104.68	565.184	4689.47
1037.47	940.705	4395.4
902.848	408.971	5246.61
899.739	575.439	5265.4
-513.951	-635.396	5044.75
422.857	-32.0039	4604.77
-746.015	-25.6568	4512.13
-153.33	567.709	4519.49
-604.777	965.774	4559.85
-566.278	-456.846	3647.6
-596.548	332.535	4774.66
-83.089	764.736	4329.75
55.2406	728.001	4895.75
125.07	523.048	4898.09
1066.85	1397.18	3509.95
704.718	692.548	4067.19
969.061	-38.3381	3438.24
200.232	1072.45	4653.1
784.034	1138.29	4379.37
-105.272	156.297	5306.86
188.504	849.482	3830.39
-811.684	977.426	4375.11
491.638	-799.068	4306.18
-516.077	1075.17	4290.92
-107.321	856.84	4563.6
833.598	-83.6481	5144.54
330.141	-362.658	3642.7
-709.414	-475.862	4053.99
128.361	958.764	4550.83
1227.23	250.371	3613.29
1363.5	-423.353	3505.59
681.596	1141.5	3767.49
90.988	1017.81	5308.42
557.274	1035.49	4360.54
603.806	274.6	3395.76
884.286	1218.13	5001.08
103.643	934.359	5173.73
-248.846	186.279	4980.67
-280.621	302.43	4042.41
268.546	1242.05	4316.33
792.829	-425.949	3965.79
990.587	-337.19	4292.29
193.306	-302.801	4299.67
-148.562	-195.101	5210.23
352.031	607.857	5249.19
-159.953	-829.99	4154.18
-841.868	20.8519	5123.14
602.646	1274.47	4141.83
-1011.03	669.677	5319.14
-11.8635	-578.359	4418.77
1104.68	565.184	4689.47
1037.47	940.705	4395.4
902.848	408.971	5246.61
899.739	575.439	5265.4
-513.951	-635.396	5044.75
422.857	-32.0039	4604.77
-746.015	-25.6568	4512.13
-153.33	567.709	4519.49
-604.777	965.774	4559.85
-566.278	-456.846	3647.6
-596.548	332.535	4774.66
-83.089	764.736	4329.75
55.2406	728.001	4895.75
125.07	523.048	4898.09
1066.85	1397.18	3509.95
704.718	692.548	4067.19
969.061	-38.3381	3438.24
200.232	1072.45	4653.1
784.034	1138.29	4379.37
-105.272	156.297	5306.86
188.504	849.482	3830.39
-811.684	977.426	4375.11
491.638	-799.068	4306.18
-516.077	1075.17	4290.92
-107.321	856.84	4563.6
833.598	-83.6481	5144.54
330.141	-362.658	3642.7
-709.414	-475.862	4053.99
128.361	958.764	4550.83
1227.23	250.371	3613.29
1363.5	-423.353	3505.59
681.596	1141.5	3767.49
90.988	1017.81	5308.42
557.274	1035.49	4360.54
603.806	274.6	3395.76
884.286	1218.13	5001.08
103.643	934.359	5173.73
-248.846	186.279	4980.67
-280.621	302.43	4042.41
268.546	1242.05	4316.33
792.829	-425.949	3965.79
990.587	-337.19	4292.29
193.306	-302.801	4299.67
-148.562	-195.101	5210.23
352.031	607.857	5249.19
-159.953	-829.99	4154.18
-841.868	20.8519	5123.14
602.646	1274.47	4141.83
-1011.03	669.677	5319.14
-11.8635	-578.359	4418.77
1104.68	565.184	4689.47
1037.47	940.705	4395.4
902.848	408.971	5246.61
899.739	575.439	5265.4
-513.951	-635.396	5044.75
422.857	-32.0039	4604.77
-746.015	-25.6568	4512.13
-153.33	567.709	4519.49
-604.777	965.774	4559.85
-566.278	-456.846	3647.6
-596.548	332.535	4774.66
-83.089	764.736	4329.75
55.2406	728.001	4895.75
125.07	523.048	4898.09
1066.85	1397.18	3509.95
704.718	692.548	4067.19
969.061	-38.3381	3438.24
200.232	1072.45	4653.1
784.034	1138.29	4379.37
-105.272	156.297	5306.86
188.504	849.482	3830.39
-811.684	977.426	4375.11
491.638	-799.068	4306.18
-516.077	1075.17	4290.92
-107.321	856.84	4563.6
833.598	-83.6481	5144.54
330.141	-362.658	3642.7
-709.414	-475.862	4053.99
128.361	958.764	4550.83
1227.23	250.371	3613.29
1363.5	-423.353	3505.59
681.596	1141.5	3767.49
90.988	1017.81	5308.42
557.274	1035.49	4360.54
603.806	274.6	3395.76
884.286	1218.13	5001.08
103.643	934.359	5173.73
-248.846	186.279	4980.67
-280.621	302.43	4042.41
268.546	1242.05	4316.33
792.829	-425.949	3965.79
990.587	-337.19	4292.29
193.306	-302.801	4299.67
-148.562	-195.101	5210.23
352.031	607.857	5249.19
-159.953	-829.99	4154.18
-841.868	20.8519	5123.14
602.646	1274.47	4141.83
-1011.03	669.677	5319.14
-11.8635	-578.359	4418.77
1104.68	565.184	4689.47
1037.47	940.705	4395.4
902.848	408.971	5246.61
899.739	575.439	5265.4
-513.951	-635.396	5044.75
422.857	-32.0039	4604.77
-746.015	-25.6568	4512.13
-153.33	567.709	4519.49
-604.777	965.774	4559.85
-566.278	-456.846	3647.6
-596.548	332.535	4774.66
-83.089	764.736	4329.75
55.2406	728.001	4895.75
125.07	523.048	4898.09
1066.85	1397.18	3509.95
704.718	692.548	4067.19
969.061	-38.3381	3438.24
200.232	1072.45	4653.1
784.034	1138.29	4379.37
-105.272	156.297	5306.86
188.504	849.482	3830.39
-811.684	977.426	4375.11
491.638	-799.068	4306.18
-516.077	1075.17	4290.92
-107.321	856.84	4563.6
833.598	-83.6481	5144.54
330.141	-362.658	3642.7
-709.414	-475.862	4053.99
128.361	958.764	4550.83
1227.23	250.371	3613.29
1363.5	-423.353	3505.59
681.596	1141.5	3767.49
90.988	1017.81	5308.42
557.274	1035.49	4360.54
603.806	274.6	3395.76
884.286	1218.13	5001.08
103.643	934.359	5173.73
-248.846	186.279	4980.67
-280.621	302.43	4042.41
268.546	1242.05	4316.33
792.829	-425.949	3965.79
990.587	-337.19	4292.29
193.306	-302.801	4299.67
-148.562	-195.101	5210.23
352.031	607.857	5249.19
-159.953	-829.99	4154.18
-841.868	20.8519	5123.14
602.646	1274.47	4141.83
-1011.03	669.677	5319.14
-11.8635	-578.359	4418.77
1104.68	565.184	4689.47
1037.47	940.705	4395.4
902.848	408.971	5246.61
899.739	575.439	5265.4
-513.951	-635.396	5044.75
422.857	-32.0039	4604.77
-746.015	-25.6568	4512.13
-153.33	567.709	4519.49
-604.777	965.774	4559.85
-566.278	-456.846	3647.6
-596.548	332.535	4774.66
-83.089	764.736	4329.75
55.2406	728.001	4895.75
125.07	523.048	4898.09
1066.85	1397.18	3509.95
704.718	692.548	4067.19
969.061	-38.3381	3438.24
200.232	1072.45	4653.1
784.034	1138.29	4379.37
-105.272	156.297	5306.86
188.504	849.482	3830.39
-811.684	977.426	4375.11
491.638	-799.068	4306.18
-516.077	1075.17	4290.92
-107.321	856.84	4563.6
833.598	-83.6481	5144.54
330.141	-362.658	3642.7
-709.414	-475.862	4053.99
128.361	958.764	4550.83
1227.23	250.371	3613.29
1363.5	-423.353	3505.59
681.596	1141.5	3767.49
90.988	1017.81	5308.42
557.274	1035.49	4360.54
603.806	274.6	3395.76
884.286	1218.13	5001.08
103.643	934.359	5173.73
-248.846	186.279	4980.67
-280.621	302.43	4042.41
268.546	1242.05	4316.33
792.829	-425.949	3965.79
990.587	-337.19	4292.29
193.306	-302.801	4299.67
-148.562	-195.101	5210.23
352.031	607.857	5249.19
-159.953	-829.99	4154.18
-841.868	20.8519	5123.14
602.646	1274.47	4141.83
