-1011.26	668.965	5317.61
-12.3862	-578.483	4417.58
1104.06	564.794	4689.86
1036.89	940.326	4395.78
902.149	408.533	5246.92
899.051	574.998	5265.8
-514.317	-635.512	5043.07
422.198	-32.3598	4604.23
-746.2	-26.0114	4510.54
-153.834	567.175	4518.7
-605.123	965.067	4558.84
-566.409	-456.897	3646.11
-596.889	332.016	4773.36
-83.5946	764.174	4329.07
54.631	727.447	4895.27
124.445	522.537	4897.57
1066.37	1396.85	3510.25
704.114	692.126	4067.1
968.445	-38.5958	3437.97
199.626	1071.89	4652.88
783.437	1137.86	4379.61
-105.883	155.828	5306.01
187.987	848.967	3829.92
-811.894	976.678	4373.91
490.966	-799.149	4305.34
-516.428	1074.46	4290
-107.851	856.251	4562.98
832.865	-84.0397	5144.5
329.589	-362.818	3641.88
-709.511	-475.933	4052.29
127.777	958.203	4550.47
1226.65	250.064	3613.32
1362.86	-423.552	3505.46
681.044	1141.06	3767.49
90.3231	1017.22	5308.22
556.667	1035.02	4360.55
603.242	274.266	3395.34
883.666	1217.74	5001.69
102.992	933.78	5173.47
-249.365	185.818	4979.64
-281.003	301.989	4041.37
267.969	1241.51	4316.16
792.157	-426.152	3965.31
989.892	-337.463	4292.06
192.726	-303.041	4298.78
-149.138	-195.453	5209.14
351.337	607.346	5249.03
-160.372	-829.938	4152.78
-842.1	20.4257	5121.45
602.068	1274	4141.9
-1011.33	669.015	5318
-12.3872	-578.526	4417.9
1104.14	564.836	4690.21
1036.96	940.395	4396.11
902.216	408.563	5247.31
899.118	575.04	5266.19
-514.355	-635.558	5043.44
422.23	-32.3624	4604.57
-746.255	-26.013	4510.87
-153.845	567.217	4519.03
-605.168	965.139	4559.17
-566.451	-456.93	3646.38
-596.933	332.04	4773.71
-83.6004	764.23	4329.39
54.6354	727.501	4895.63
124.455	522.576	4897.93
1066.45	1396.95	3510.51
704.167	692.176	4067.4
968.516	-38.599	3438.22
199.641	1071.97	4653.22
783.495	1137.95	4379.93
-105.891	155.839	5306.4
188.001	849.029	3830.2
-811.953	976.75	4374.23
491.002	-799.208	4305.66
-516.465	1074.54	4290.31
-107.859	856.314	4563.32
832.926	-84.0462	5144.88
329.613	-362.845	3642.15
-709.564	-475.968	4052.59
127.787	958.274	4550.8
1226.74	250.082	3613.59
1362.96	-423.584	3505.72
681.094	1141.14	3767.76
90.3303	1017.3	5308.61
556.709	1035.1	4360.87
603.286	274.286	3395.59
883.732	1217.83	5002.06
103	933.849	5173.85
-249.383	185.832	4980.01
-281.023	302.011	4041.67
267.989	1241.6	4316.48
792.215	-426.184	3965.6
989.965	-337.488	4292.38
192.74	-303.064	4299.1
-149.149	-195.467	5209.52
351.363	607.391	5249.41
-160.384	-829.999	4153.09
-842.162	20.4275	5121.82
602.113	1274.1	4142.21
-1011.43	669.081	5318.52
-12.3883	-578.582	4418.34
1104.25	564.891	4690.67
1037.07	940.486	4396.54
902.305	408.602	5247.82
899.207	575.096	5266.71
-514.406	-635.62	5043.94
422.271	-32.3657	4605.02
-746.328	-26.0152	4511.32
-153.859	567.272	4519.47
-605.226	965.234	4559.62
-566.507	-456.975	3646.73
-596.991	332.073	4774.18
-83.608	764.305	4329.82
54.6414	727.572	4896.11
124.467	522.627	4898.42
1066.55	1397.09	3510.85
704.236	692.244	4067.8
968.612	-38.6031	3438.56
199.662	1072.07	4653.68
783.573	1138.06	4380.36
-105.901	155.855	5306.92
188.02	849.113	3830.58
-812.032	976.846	4374.66
491.05	-799.287	4306.08
-516.515	1074.64	4290.73
-107.869	856.398	4563.77
833.008	-84.0548	5145.38
329.645	-362.881	3642.5
-709.633	-476.014	4052.99
127.8	958.368	4551.25
1226.86	250.106	3613.94
1363.09	-423.626	3506.07
681.162	1141.25	3768.13
90.3399	1017.4	5309.13
556.764	1035.2	4361.3
603.346	274.313	3395.92
883.819	1217.95	5002.55
103.011	933.941	5174.35
-249.407	185.85	4980.5
-281.051	302.041	4042.06
268.016	1241.72	4316.9
792.293	-426.226	3965.99
990.062	-337.521	4292.8
192.759	-303.094	4299.52
-149.164	-195.486	5210.04
351.398	607.45	5249.93
-160.4	-830.081	4153.49
-842.244	20.4299	5122.33
602.173	1274.22	4142.61
-1011.56	669.163	5319.17
-12.3894	-578.653	4418.87
1104.38	564.959	4691.24
1037.19	940.6	4397.08
902.416	408.652	5248.46
899.317	575.165	5267.35
-514.468	-635.698	5044.55
422.324	-32.37	4605.58
-746.418	-26.0183	4511.87
-153.877	567.341	4520.02
-605.299	965.351	4560.17
-566.575	-457.031	3647.18
-597.063	332.114	4774.76
-83.6172	764.398	4330.34
54.649	727.66	4896.71
124.483	522.69	4899.01
1066.68	1397.26	3511.28
704.323	692.328	4068.3
968.73	-38.6084	3438.98
199.687	1072.21	4654.25
783.669	1138.2	4380.9
-105.913	155.873	5307.57
188.044	849.216	3831.05
-812.13	976.965	4375.19
491.111	-799.385	4306.6
-516.577	1074.77	4291.26
-107.881	856.502	4564.32
833.11	-84.0655	5146.01
329.686	-362.925	3642.95
-709.719	-476.072	4053.48
127.817	958.484	4551.81
1227.01	250.136	3614.39
1363.26	-423.678	3506.5
681.246	1141.39	3768.59
90.3521	1017.52	5309.78
556.833	1035.32	4361.83
603.42	274.346	3396.33
883.928	1218.09	5003.16
103.024	934.054	5174.99
-249.437	185.873	4981.11
-281.084	302.078	4042.56
268.05	1241.87	4317.43
792.39	-426.279	3966.48
990.183	-337.563	4293.32
192.783	-303.131	4300.04
-149.181	-195.51	5210.67
351.442	607.524	5250.57
-160.419	-830.182	4154
-842.346	20.4325	5122.95
602.247	1274.38	4143.12
-1011.56	669.163	5319.17
-12.3894	-578.653	4418.87
1104.38	564.959	4691.24
1037.19	940.6	4397.08
902.416	408.652	5248.46
899.317	575.165	5267.35
-514.468	-635.698	5044.55
422.324	-32.37	4605.58
-746.418	-26.0183	4511.87
-153.877	567.341	4520.02
-605.299	965.351	4560.17
-566.575	-457.031	3647.18
-597.063	332.114	4774.76
-83.6172	764.398	4330.34
54.649	727.66	4896.71
124.483	522.69	4899.01
1066.68	1397.26	3511.28
704.323	692.328	4068.3
968.73	-38.6084	3438.98
199.687	1072.21	4654.25
783.669	1138.2	4380.9
-105.913	155.873	5307.57
188.044	849.216	3831.05
-812.13	976.965	4375.19
491.111	-799.385	4306.6
-516.577	1074.77	4291.26
-107.881	856.502	4564.32
833.11	-84.0655	5146.01
329.686	-362.925	3642.95
-709.719	-476.072	4053.48
127.817	958.484	4551.81
1227.01	250.136	3614.39
1363.26	-423.678	3506.5
681.246	1141.39	3768.59
90.3521	1017.52	5309.78
556.833	1035.32	4361.83
603.42	274.346	3396.33
883.928	1218.09	5003.16
103.024	934.054	5174.99
-249.437	185.873	4981.11
-281.084	302.078	4042.56
268.05	1241.87	4317.43
792.39	-426.279	3966.48
990.183	-337.563	4293.32
192.783	-303.131	4300.04
-149.181	-195.51	5210.67
351.442	607.524	5250.57
-160.419	-830.182	4154
-842.346	20.4325	5122.95
602.247	1274.38	4143.12
