-1010.44	669.281	5316
-11.8583	-578.108	4416.84
1104.38	565.029	4688.19
1037.16	940.429	4394.11
902.582	408.851	5245.06
899.471	575.268	5263.83
-513.693	-635.077	5042.22
422.7	-31.992	4603.05
-745.602	-25.6426	4509.64
-153.258	567.442	4517.37
-604.448	965.25	4557.38
-565.977	-456.603	3645.66
-596.232	332.358	4772.12
-83.0504	764.381	4327.74
55.2166	727.685	4893.62
125.017	522.828	4896.02
1066.52	1396.75	3508.87
704.474	692.308	4065.79
968.766	-38.3264	3437.19
200.148	1072	4651.15
783.771	1137.91	4377.91
-105.225	156.227	5304.49
188.423	849.117	3828.74
-811.215	976.862	4372.58
491.463	-798.784	4304.65
-515.801	1074.59	4288.62
-107.272	856.442	4561.48
833.347	-83.6229	5142.99
330.011	-362.514	3641.25
-709.026	-475.601	4051.77
128.306	958.351	4548.87
1226.91	250.304	3612.33
1363.18	-423.252	3504.75
681.351	1141.09	3766.13
90.9492	1017.38	5306.15
557.068	1035.11	4358.94
603.586	274.5	3394.52
884.01	1217.75	4999.52
103.599	933.961	5171.53
-248.728	186.191	4978.31
-280.483	302.281	4040.42
268.434	1241.54	4314.53
792.576	-425.813	3964.52
990.304	-337.094	4291.06
193.227	-302.677	4297.91
-148.496	-195.014	5207.89
351.897	607.625	5247.18
-159.88	-829.61	4152.28
-841.397	20.8402	5120.28
602.424	1274	4140.3
-1010.44	669.281	5316
-11.8583	-578.108	4416.84
1104.38	565.029	4688.19
1037.16	940.429	4394.11
902.582	408.851	5245.06
899.471	575.268	5263.83
-513.693	-635.077	5042.22
422.7	-31.992	4603.05
-745.602	-25.6426	4509.64
-153.258	567.442	4517.37
-604.448	965.25	4557.38
-565.977	-456.603	3645.66
-596.232	332.358	4772.12
-83.0504	764.381	4327.74
55.2166	727.685	4893.62
125.017	522.828	4896.02
1066.52	1396.75	3508.87
704.474	692.308	4065.79
968.766	-38.3264	3437.19
200.148	1072	4651.15
783.771	1137.91	4377.91
-105.225	156.227	5304.49
188.423	849.117	3828.74
-811.215	976.862	4372.58
491.463	-798.784	4304.65
-515.801	1074.59	4288.62
-107.272	856.442	4561.48
833.347	-83.6229	5142.99
330.011	-362.514	3641.25
-709.026	-475.601	4051.77
128.306	958.351	4548.87
1226.91	250.304	3612.33
1363.18	-423.252	3504.75
681.351	1141.09	3766.13
90.9492	1017.38	5306.15
557.068	1035.11	4358.94
603.586	274.5	3394.52
884.01	1217.75	4999.52
103.599	933.961	5171.53
-248.728	186.191	4978.31
-280.483	302.281	4040.42
268.434	1241.54	4314.53
792.576	-425.813	3964.52
990.304	-337.094	4291.06
193.227	-302.677	4297.91
-148.496	-195.014	5207.89
351.897	607.625	5247.18
-159.88	-829.61	4152.28
-841.397	20.8402	5120.28
602.424	1274	4140.3
-1010.44	669.281	5316
-11.8583	-578.108	4416.84
1104.38	565.029	4688.19
1037.16	940.429	4394.11
902.582	408.851	5245.06
899.471	575.268	5263.83
-513.693	-635.077	5042.22
422.7	-31.992	4603.05
-745.602	-25.6426	4509.64
-153.258	567.442	4517.37
-604.448	965.25	4557.38
-565.977	-456.603	3645.66
-596.232	332.358	4772.12
-83.0504	764.381	4327.74
55.2166	727.685	4893.62
125.017	522.828	4896.02
1066.52	1396.75	3508.87
704.474	692.308	4065.79
968.766	-38.3264	3437.19
200.148	1072	4651.15
783.771	1137.91	4377.91
-105.225	156.227	5304.49
188.423	849.117	3828.74
-811.215	976.862	4372.58
491.463	-798.784	4304.65
-515.801	1074.59	4288.62
-107.272	856.442	4561.48
833.347	-83.6229	5142.99
330.011	-362.514	3641.25
-709.026	-475.601	4051.77
128.306	958.351	4548.87
1226.91	250.304	3612.33
1363.18	-423.252	3504.75
681.351	1141.09	3766.13
90.9492	1017.38	5306.15
557.068	1035.11	4358.94
603.586	274.5	3394.52
884.01	1217.75	4999.52
103.599	933.961	5171.53
-248.728	186.191	4978.31
-280.483	302.281	4040.42
268.434	1241.54	4314.53
792.576	-425.813	3964.52
990.304	-337.094	4291.06
193.227	-302.677	4297.91
-148.496	-195.014	5207.89
351.897	607.625	5247.18
-159.88	-829.61	4152.28
-841.397	20.8402	5120.28
602.424	1274	4140.3
-1010.44	669.281	5316
-11.8583	-578.108	4416.84
1104.38	565.029	4688.19
1037.16	940.429	4394.11
902.582	408.851	5245.06
899.471	575.268	5263.83
-513.693	-635.077	5042.22
422.7	-31.992	4603.05
-745.602	-25.6426	4509.64
-153.258	567.442	4517.37
-604.448	965.25	4557.38
-565.977	-456.603	3645.66
-596.232	332.358	4772.12
-83.0504	764.381	4327.74
55.2166	727.685	4893.62
125.017	522.828	4896.02
1066.52	1396.75	3508.87
704.474	692.308	4065.79
968.766	-38.3264	3437.19
200.148	1072	4651.15
783.771	1137.91	4377.91
-105.225	156.227	5304.49
188.423	849.117	3828.74
-811.215	976.862	4372.58
491.463	-798.784	4304.65
-515.801	1074.59	4288.62
-107.272	856.442	4561.48
833.347	-83.6229	5142.99
330.011	-362.514	3641.25
-709.026	-475.601	4051.77
128.306	958.351	4548.87
1226.91	250.304	3612.33
1363.18	-423.252	3504.75
681.351	1141.09	3766.13
90.9492	1017.38	5306.15
557.068	1035.11	4358.94
603.586	274.5	3394.52
884.01	1217.75	4999.52
103.599	933.961	5171.53
-248.728	186.191	4978.31
-280.483	302.281	4040.42
268.434	1241.54	4314.53
792.576	-425.813	3964.52
990.304	-337.094	4291.06
193.227	-302.677	4297.91
-148.496	-195.014	5207.89
351.897	607.625	5247.18
-159.88	-829.61	4152.28
-841.397	20.8402	5120.28
602.424	1274	4140.3
-1010.44	669.281	5316
-11.8583	-578.108	4416.84
1104.38	565.029	4688.19
1037.16	940.429	4394.11
902.582	408.851	5245.06
899.471	575.268	5263.83
-513.693	-635.077	5042.22
422.7	-31.992	4603.05
-745.602	-25.6426	4509.64
-153.258	567.442	4517.37
-604.448	965.25	4557.38
-565.977	-456.603	3645.66
-596.232	332.358	4772.12
-83.0504	764.381	4327.74
55.2166	727.685	4893.62
125.017	522.828	4896.02
1066.52	1396.75	3508.87
704.474	692.308	4065.79
968.766	-38.3264	3437.19
200.148	1072	4651.15
783.771	1137.91	4377.91
-105.225	156.227	5304.49
188.423	849.117	3828.74
-811.215	976.862	4372.58
491.463	-798.784	4304.65
-515.801	1074.59	4288.62
-107.272	856.442	4561.48
833.347	-83.6229	5142.99
330.011	-362.514	3641.25
-709.026	-475.601	4051.77
128.306	958.351	4548.87
1226.91	250.304	3612.33
1363.18	-423.252	3504.75
681.351	1141.09	3766.13
90.9492	1017.38	5306.15
557.068	1035.11	4358.94
603.586	274.5	3394.52
884.01	1217.75	4999.52
103.599	933.961	5171.53
-248.728	186.191	4978.31
-280.483	302.281	4040.42
268.434	1241.54	4314.53
792.576	-425.813	3964.52
990.304	-337.094	4291.06
193.227	-302.677	4297.91
-148.496	-195.014	5207.89
351.897	607.625	5247.18
-159.88	-829.61	4152.28
-841.397	20.8402	5120.28
602.424	1274	4140.3
