-402.183	1010.15	4491.48
787.208	294.956	4005.49
757.821	1019.01	3590.7
766.757	626.161	3957.74
374.074	-209.322	5132.1
192.725	194.681	3262.88
-434.811	416.646	3813.24
263.321	854.218	4853.05
93.6391	185.165	3518.09
970.571	-584.628	4207.82
1059.5	414.169	4235.46
-702.447	1.29119	4624.14
-307.338	673.902	3641.39
1006.59	-666.039	3794.7
-204.444	440.69	4635.15
824.457	1223.1	3451.05
-962.047	797.203	4164.4
917.48	-4.6249	4329.26
17.7671	-836.6	5166.79
1236.59	-115.463	3978.53
1102.48	-287.023	3761.82
926.903	629.962	3975.24
-331.15	264.919	3745.97
-535.975	-90.8927	3881.79
-105.667	1226.97	3537.94
1132.9	-311.031	4908.09
1014.38	376.745	3408.14
565.34	-509.218	4210.63
958.562	1423.56	3695.21
-930.864	229.379	5239.93
-676.969	-417.137	5070.16
1305.75	-349.226	4793.57
-755.756	820.079	3649.74
259.768	-487.073	3876.3
1086.04	-476.794	4872.49
75.757	1091.66	5367.96
1074.9	-88.9387	4753.05
943.354	422.64	5173.57
-608.2	943.164	4401.54
924.57	209.699	5148.8
153.444	-448.717	4849.41
680.099	-48.7184	4526.23
781.062	-247.554	3878.82
1060.24	649.89	4542.6
279.73	584.752	5128.12
-631.149	-791.286	4246.68
-196.582	855.415	3981.53
801.037	1071.98	5026.26
607.754	858.012	3618.27
32.9941	-343.603	3210.25
-402.197	1010.15	4491.57
787.214	294.968	4005.57
757.819	1019.03	3590.77
766.76	626.176	3957.82
374.081	-209.321	5132.19
192.725	194.685	3262.94
-434.82	416.647	3813.31
263.316	854.231	4853.14
93.6387	185.168	3518.16
970.588	-584.625	4207.9
1059.51	414.185	4235.54
-702.454	1.28438	4624.23
-307.348	673.907	3641.45
1006.61	-666.036	3794.77
-204.45	440.693	4635.23
824.455	1223.12	3451.11
-962.065	797.203	4164.48
917.491	-4.61552	4329.34
17.7762	-836.609	5166.88
1236.61	-115.452	3978.61
1102.5	-287.015	3761.89
926.908	629.979	3975.31
-331.156	264.918	3746.04
-535.979	-90.899	3881.86
-105.68	1226.99	3538
1132.92	-311.023	4908.18
1014.39	376.759	3408.2
565.352	-509.217	4210.71
958.559	1423.58	3695.28
-930.876	229.373	5240.03
-676.972	-417.148	5070.26
1305.77	-349.217	4793.66
-755.773	820.081	3649.8
259.776	-487.076	3876.37
1086.05	-476.789	4872.58
75.7475	1091.67	5368.06
1074.91	-88.9287	4753.14
943.361	422.655	5173.67
-608.216	943.169	4401.62
924.579	209.711	5148.9
153.451	-448.72	4849.5
680.108	-48.7119	4526.31
781.074	-247.549	3878.89
1060.25	649.908	4542.68
279.728	584.762	5128.21
-631.148	-791.302	4246.76
-196.592	855.424	3981.6
801.036	1072	5026.35
607.753	858.028	3618.34
32.9982	-343.606	3210.31
-402.281	1010.33	4492.42
787.355	295.032	4006.34
757.945	1019.23	3591.46
766.893	626.3	3958.58
374.154	-209.353	5133.18
192.759	194.724	3263.56
-434.902	416.717	3814.04
263.355	854.39	4854.07
93.6549	185.204	3518.83
970.774	-584.718	4208.71
1059.7	414.275	4236.36
-702.58	1.27617	4625.11
-307.411	674.026	3642.15
1006.8	-666.143	3795.5
-204.491	440.771	4636.12
824.59	1223.35	3451.78
-962.249	797.336	4165.27
917.66	-4.60364	4330.18
17.7929	-836.76	5167.88
1236.84	-115.456	3979.38
1102.7	-287.052	3762.62
927.07	630.106	3976.08
-331.218	264.963	3746.75
-536.074	-90.9219	3882.61
-105.714	1227.21	3538.68
1133.13	-311.064	4909.13
1014.57	376.842	3408.86
565.463	-509.302	4211.52
958.716	1423.86	3695.99
-931.046	229.403	5241.03
-677.087	-417.232	5071.22
1306.02	-349.262	4794.59
-755.919	820.221	3650.5
259.832	-487.16	3877.12
1086.26	-476.86	4873.52
75.7495	1091.87	5369.09
1075.11	-88.93	4754.06
943.529	422.745	5174.66
-608.337	943.333	4402.46
924.747	209.762	5149.89
153.487	-448.799	4850.43
680.234	-48.7111	4527.18
781.221	-247.583	3879.64
1060.43	650.041	4543.56
279.774	584.873	5129.2
-631.25	-791.453	4247.57
-196.637	855.577	3982.36
801.17	1072.21	5027.32
607.853	858.192	3619.04
33.0103	-343.667	3210.93
-102.777	1002.75	4398.48
1060.39	288.41	3990.46
1002.66	1012.02	3577.96
1036.48	619.218	3941.24
721.061	-216.412	5078.02
412.961	189.734	3224.91
-180.913	411.063	3730.21
590.531	846.063	4793.51
330.523	179.948	3470.64
1258.66	-590.319	4203.02
1349.49	406.937	4232.35
-395.248	-4.62813	4514.89
-64.4423	668.097	3567.49
1267.14	-671.066	3798.38
105.88	433.767	4553.12
1060.17	1215.96	3443.6
-687.426	790.962	4044.6
1213.22	-11.2821	4317.85
365.511	-842.58	5093.55
1510.46	-121.702	3991.07
1361.15	-292.618	3770.36
1198.63	622.876	3967.7
-81.175	259.574	3670.39
-277.777	-95.7679	3793.46
131.083	1220.37	3475.53
1468.79	-318.203	4901.41
1248.55	370.748	3414.84
851.5	-514.732	4182.19
1211.29	1415.69	3691.26
-583.547	222.44	5107.66
-339.481	-423.09	4957.01
1634.85	-356.309	4798.7
-514.674	814.371	3549.41
521.87	-491.937	3835.14
1419.36	-483.647	4864.15
436.51	1082.58	5289.23
1399.97	-96.1751	4744.67
1295.8	414.177	5149.81
-315.874	936.132	4298.19
1275.34	201.59	5124.96
480.391	-454.911	4787.53
987.872	-55.4162	4498.32
1045.92	-253.139	3866.96
1370.78	641.892	4534.26
625.628	576.592	5066.25
-348.62	-795.591	4149.55
69.6728	848.797	3908.41
1142.57	1062.89	4994.51
853.741	851.32	3596.95
249.095	-347.587	3165.47
-102.777	1002.75	4398.48
1060.39	288.41	3990.46
1002.66	1012.02	3577.96
1036.48	619.218	3941.24
721.061	-216.412	5078.02
412.961	189.734	3224.91
-180.913	411.063	3730.21
590.531	846.063	4793.51
330.523	179.948	3470.64
1258.66	-590.319	4203.02
1349.49	406.937	4232.35
-395.248	-4.62813	4514.89
-64.4423	668.097	3567.49
1267.14	-671.066	3798.38
105.88	433.767	4553.12
1060.17	1215.96	3443.6
-687.426	790.962	4044.6
1213.22	-11.2821	4317.85
365.511	-842.58	5093.55
1510.46	-121.702	3991.07
1361.15	-292.618	3770.36
1198.63	622.876	3967.7
-81.175	259.574	3670.39
-277.777	-95.7679	3793.46
131.083	1220.37	3475.53
1468.79	-318.203	4901.41
1248.55	370.748	3414.84
851.5	-514.732	4182.19
1211.29	1415.69	3691.26
-583.547	222.44	5107.66
-339.481	-423.09	4957.01
1634.85	-356.309	4798.7
-514.674	814.371	3549.41
521.87	-491.937	3835.14
1419.36	-483.647	4864.15
436.51	1082.58	5289.23
1399.97	-96.1751	4744.67
1295.8	414.177	5149.81
-315.874	936.132	4298.19
1275.34	201.59	5124.96
480.391	-454.911	4787.53
987.872	-55.4162	4498.32
1045.92	-253.139	3866.96
1370.78	641.892	4534.26
625.628	576.592	5066.25
-348.62	-795.591	4149.55
69.6728	848.797	3908.41
1142.57	1062.89	4994.51
853.741	851.32	3596.95
249.095	-347.587	3165.47
