-815.046	1290.14	4272.17
1680.77	880.275	4423.21
911.304	1905.21	4628.83
1720.64	1702.12	3851.61
244.98	2628.03	2756.29
1853.6	523.516	5714.96
625.212	3578.6	2580.22
1674.15	1545.39	2490.08
101.554	1352.16	2108.88
1221.21	1209.59	2063.15
1358.65	2703.22	5418.95
2273.03	2567.67	3243.43
-194.938	848.643	4193.97
1024.89	1889.2	4436.84
-168.937	-176.633	3800.03
803.319	-249.315	1947.19
289.084	3288.22	3277.79
2096.13	1077.98	2753.22
1564.85	2518.05	3477.28
2943.25	1063.98	5249.7
1134.36	413.199	2321.54
-614.818	141.248	3764.12
405.607	1430.12	4963.75
1926.71	2742.19	5456.01
2674.67	1458.48	5359.48
2980.57	2290.55	2115.33
-509.265	1173.44	2598.67
128.789	3083.22	3767.27
1670.98	1105.22	4275.42
2967.26	2243.66	4011.3
864.704	1244.31	5228.31
-1090.24	1474.49	4950.61
2837.55	1835.55	5134.71
415.622	1019.36	2586.31
-1085.52	2505.46	3381.96
1237.42	2281.3	2956.76
-600.493	435.477	1617.3
1765.96	235.529	4204.77
1134.67	1721.65	2420.99
-923.638	2915.01	4360.78
1690.37	198.552	2950.25
2433.46	1989.09	3625.74
790.798	731.498	4277.36
-688.248	468.737	2998.73
183.211	418.272	3490.85
375.001	-506.249	5385.96
495.6	1635.84	2821.35
-180.07	-107.25	3403.49
412.992	-100.964	5234.41
260.555	2966.12	5204.02
-814.962	1290.05	4271.84
1680.64	880.203	4423.03
911.248	1905.05	4628.59
1720.52	1701.97	3851.47
244.979	2627.82	2756.12
1853.46	523.475	5714.71
625.184	3578.31	2580.09
1674.02	1545.25	2490.02
101.557	1352.05	2108.75
1221.12	1209.48	2063.09
1358.56	2703	5418.68
2272.86	2567.45	3243.36
-194.908	848.581	4193.69
1024.83	1889.04	4436.61
-168.916	-176.611	3799.78
803.255	-249.294	1947.12
289.084	3287.95	3277.59
2095.97	1077.89	2753.17
1564.74	2517.84	3477.14
2943.02	1063.89	5249.54
1134.28	413.164	2321.46
-614.758	141.245	3763.85
405.591	1430.01	4963.45
1926.57	2741.96	5455.77
2674.47	1458.36	5359.3
2980.34	2290.35	2115.37
-509.211	1173.35	2598.48
128.802	3082.97	3767.03
1670.86	1105.13	4275.24
2967.03	2243.47	4011.22
864.65	1244.21	5228.03
-1090.14	1474.38	4950.23
2837.33	1835.4	5134.55
415.598	1019.27	2586.17
-1085.41	2505.26	3381.67
1237.33	2281.11	2956.64
-600.438	435.446	1617.16
1765.83	235.51	4204.61
1134.59	1721.51	2420.9
-923.537	2914.78	4360.44
1690.24	198.534	2950.17
2433.28	1988.92	3625.65
790.746	731.441	4277.13
-688.182	468.705	2998.5
183.205	418.242	3490.64
374.978	-506.199	5385.64
495.573	1635.7	2821.19
-180.049	-107.234	3403.26
412.969	-100.948	5234.11
260.559	2965.88	5203.7
-814.595	1289.52	4270.05
1679.95	879.82	4421.33
910.896	1904.24	4626.76
1719.82	1701.24	3850
244.912	2626.71	2755.01
1852.7	523.243	5712.49
624.968	3576.79	2579.07
1673.34	1544.59	2489.1
101.535	1351.48	2107.9
1220.62	1208.96	2062.32
1358.03	2701.85	5416.55
2271.94	2566.34	3242.16
-194.807	848.231	4191.97
1024.43	1888.24	4434.86
-168.839	-176.529	3798.22
802.918	-249.194	1946.37
289.008	3286.56	3276.27
2095.1	1077.42	2752.17
1564.12	2516.76	3475.81
2941.81	1063.42	5247.57
1133.81	412.981	2320.58
-614.49	141.198	3762.28
405.447	1429.41	4961.45
1925.8	2740.79	5453.65
2673.37	1457.72	5357.27
2979.11	2289.36	2114.68
-508.977	1172.86	2597.39
128.792	3081.67	3765.5
1670.18	1104.65	4273.6
2965.82	2242.49	4009.75
864.311	1243.68	5225.95
-1089.65	1473.78	4948.15
2836.17	1834.6	5132.63
415.441	1018.84	2585.14
-1084.92	2504.22	3380.23
1236.84	2280.14	2955.5
-600.176	435.271	1616.47
1765.09	235.398	4203
1134.14	1720.77	2419.98
-923.104	2913.57	4358.61
1689.53	198.437	2949.06
2432.28	1988.06	3624.31
790.43	731.131	4275.44
-687.88	468.52	2997.24
183.14	418.069	3489.23
374.825	-505.98	5383.47
495.389	1635.01	2820.07
-179.967	-107.181	3401.86
412.804	-100.901	5232
260.495	2964.63	5201.59
-814.351	1289.2	4268.95
1679.54	879.573	4420.36
910.698	1903.74	4625.68
1719.41	1700.78	3849.17
244.896	2626.02	2754.34
1852.23	523.09	5711.21
624.866	3575.85	2578.47
1672.93	1544.16	2488.6
101.534	1351.13	2107.39
1220.33	1208.63	2061.9
1357.73	2701.13	5415.31
2271.39	2565.64	3241.52
-194.733	848.019	4190.93
1024.2	1887.74	4433.84
-168.788	-176.473	3797.28
802.708	-249.136	1945.95
288.991	3285.7	3275.48
2094.58	1077.11	2751.63
1563.75	2516.09	3475.06
2941.06	1063.1	5246.48
1133.52	412.861	2320.09
-614.318	141.176	3761.31
405.375	1429.04	4960.26
1925.36	2740.05	5452.44
2672.7	1457.31	5356.14
2978.37	2288.72	2114.36
-508.82	1172.57	2596.71
128.815	3080.87	3764.58
1669.77	1104.35	4272.66
2965.08	2241.87	4008.97
864.116	1243.35	5224.72
-1089.33	1473.42	4946.86
2835.47	1834.09	5131.56
415.354	1018.58	2584.53
-1084.59	2503.58	3379.32
1236.56	2279.53	2954.86
-600.008	435.168	1616.03
1764.65	235.32	4202.09
1133.87	1720.31	2419.46
-922.807	2912.82	4357.47
1689.1	198.366	2948.46
2431.68	1987.51	3623.59
790.244	730.936	4274.44
-687.685	468.412	2996.46
183.107	417.963	3488.39
374.732	-505.843	5382.18
495.292	1634.58	2819.41
-179.913	-107.144	3401.02
412.707	-100.871	5230.75
260.486	2963.86	5200.33
-878.251	1248.64	4378.68
1633.71	970.209	4534.76
812.47	1952.91	4745.26
1630.24	1791.85	3949.02
108.749	2637.68	2825.7
1825.54	624.406	5858.79
438.411	3605.93	2645.6
1591.25	1631.8	2553.42
31.9086	1356.47	2161.85
1156.58	1272.67	2115.54
1217.62	2773.3	5555.49
2135.87	2683.87	3326.08
-236.455	840.416	4298.78
926.544	1942.71	4548.53
-157.177	-181.66	3894.83
815.732	-205.048	1996.22
118.571	3299.23	3360.37
2036.9	1187.69	2823.29
1431.94	2597.56	3565.39
2884.35	1220.24	5382.57
1111.67	473.683	2380.2
-618.727	112.206	3857.85
332.867	1452.73	5088.21
1782.44	2841.91	5593.77
2595.8	1599.95	5495.01
2855.73	2443.3	2170.13
-567.984	1146.65	2663.52
-30.3929	3086.74	3861.96
1612.11	1194.03	4383.29
2845.98	2397.53	4113.45
800.837	1291.54	5359.59
-1162.1	1418.82	5073.96
2738.5	1984.52	5264.78
362.96	1041.22	2651.31
-1212.14	2446.41	3466.28
1117.28	2343.73	3031.65
-621.029	404.62	1657.46
1752.28	331.098	4310.79
1043.68	1779.44	2482.36
-1071.44	2864.43	4469.71
1678.06	289.119	3024.89
2326.41	2115.26	3717.93
753.334	775.109	4384.75
-709.543	434.466	3073.35
162.962	430.094	3578.23
403.717	-480.716	5520.62
410.698	1660.77	2892.36
-172.137	-113.364	3488.39
420.37	-74.4511	5365.38
108.028	2978.07	5334.65
