-354.478	891.75	3959.78
645.722	242.718	3284.04
611.918	823.387	2898.2
634.18	518.601	3271.94
340.38	-189.176	4665.7
144.842	146.818	2449.76
-346.303	332.723	3037.48
242.941	788.589	4472.81
72.1922	143.196	2707.1
786.483	-472.785	3408.09
898.78	352.187	3591.46
-599.605	2.08809	3947.27
-243.136	534.123	2881.55
778.521	-514.298	2933.57
-179.009	387.267	4061.57
661.706	982.173	2768.77
-804.302	667.479	3481.44
771.48	-2.96835	3638.64
15.912	-738.294	4565.43
999.194	-92.468	3213.43
863.351	-223.986	2944.63
769.562	523.761	3299.07
-260.542	209.274	2947.99
-420.938	-70.6458	3048.82
-84.6384	984.923	2837.38
1007.46	-275.433	4362.6
785.168	292.237	2637
457.743	-411.303	3407.15
797.837	1185.45	3074.55
-861.418	213.529	4849
-597.657	-367.272	4476.43
1145.9	-305.356	4204.9
-599.286	651.148	2894.07
202.592	-378.848	3020.21
954.134	-417.718	4278.67
75.5069	1086.03	5332.53
947.219	-77.3001	4186.57
894.634	401.952	4904
-527.716	819.564	3819.43
865.089	197.375	4815.16
133.336	-388.297	4206.71
582.189	-40.7153	3872.45
618.172	-195.107	3068.38
941.729	578.155	4033.13
263.768	552.151	4830.42
-500.481	-626.816	3367.52
-162.683	709.358	3297.13
767.844	1028.49	4815.61
488.238	689.835	2905.36
24.2269	-250.601	2346.2
-354.478	891.75	3959.78
645.722	242.718	3284.04
611.918	823.387	2898.2
634.18	518.601	3271.94
340.38	-189.176	4665.7
144.842	146.818	2449.76
-346.303	332.723	3037.48
242.941	788.589	4472.81
72.1922	143.196	2707.1
786.483	-472.785	3408.09
898.78	352.187	3591.46
-599.605	2.08809	3947.27
-243.136	534.123	2881.55
778.521	-514.298	2933.57
-179.009	387.267	4061.57
661.706	982.173	2768.77
-804.302	667.479	3481.44
771.48	-2.96835	3638.64
15.912	-738.294	4565.43
999.194	-92.468	3213.43
863.351	-223.986	2944.63
769.562	523.761	3299.07
-260.542	209.274	2947.99
-420.938	-70.6458	3048.82
-84.6384	984.923	2837.38
1007.46	-275.433	4362.6
785.168	292.237	2637
457.743	-411.303	3407.15
797.837	1185.45	3074.55
-861.418	213.529	4849
-597.657	-367.272	4476.43
1145.9	-305.356	4204.9
-599.286	651.148	2894.07
202.592	-378.848	3020.21
954.134	-417.718	4278.67
75.5069	1086.03	5332.53
947.219	-77.3001	4186.57
894.634	401.952	4904
-527.716	819.564	3819.43
865.089	197.375	4815.16
133.336	-388.297	4206.71
582.189	-40.7153	3872.45
618.172	-195.107	3068.38
941.729	578.155	4033.13
263.768	552.151	4830.42
-500.481	-626.816	3367.52
-162.683	709.358	3297.13
767.844	1028.49	4815.61
488.238	689.835	2905.36
24.2269	-250.601	2346.2
-354.478	891.75	3959.78
645.722	242.718	3284.04
611.918	823.387	2898.2
634.18	518.601	3271.94
340.38	-189.176	4665.7
144.842	146.818	2449.76
-346.303	332.723	3037.48
242.941	788.589	4472.81
72.1922	143.196	2707.1
786.483	-472.785	3408.09
898.78	352.187	3591.46
-599.605	2.08809	3947.27
-243.136	534.123	2881.55
778.521	-514.298	2933.57
-179.009	387.267	4061.57
661.706	982.173	2768.77
-804.302	667.479	3481.44
771.48	-2.96835	3638.64
15.912	-738.294	4565.43
999.194	-92.468	3213.43
863.351	-223.986	2944.63
769.562	523.761	3299.07
-260.542	209.274	2947.99
-420.938	-70.6458	3048.82
-84.6384	984.923	2837.38
1007.46	-275.433	4362.6
785.168	292.237	2637
457.743	-411.303	3407.15
797.837	1185.45	3074.55
-861.418	213.529	4849
-597.657	-367.272	4476.43
1145.9	-305.356	4204.9
-599.286	651.148	2894.07
202.592	-378.848	3020.21
954.134	-417.718	4278.67
75.5069	1086.03	5332.53
947.219	-77.3001	4186.57
894.634	401.952	4904
-527.716	819.564	3819.43
865.089	197.375	4815.16
133.336	-388.297	4206.71
582.189	-40.7153	3872.45
618.172	-195.107	3068.38
941.729	578.155	4033.13
263.768	552.151	4830.42
-500.481	-626.816	3367.52
-162.683	709.358	3297.13
767.844	1028.49	4815.61
488.238	689.835	2905.36
24.2269	-250.601	2346.2
-354.478	891.75	3959.78
645.722	242.718	3284.04
611.918	823.387	2898.2
634.18	518.601	3271.94
340.38	-189.176	4665.7
144.842	146.818	2449.76
-346.303	332.723	3037.48
242.941	788.589	4472.81
72.1922	143.196	2707.1
786.483	-472.785	3408.09
898.78	352.187	3591.46
-599.605	2.08809	3947.27
-243.136	534.123	2881.55
778.521	-514.298	2933.57
-179.009	387.267	4061.57
661.706	982.173	2768.77
-804.302	667.479	3481.44
771.48	-2.96835	3638.64
15.912	-738.294	4565.43
999.194	-92.468	3213.43
863.351	-223.986	2944.63
769.562	523.761	3299.07
-260.542	209.274	2947.99
-420.938	-70.6458	3048.82
-84.6384	984.923	2837.38
1007.46	-275.433	4362.6
785.168	292.237	2637
457.743	-411.303	3407.15
797.837	1185.45	3074.55
-861.418	213.529	4849
-597.657	-367.272	4476.43
1145.9	-305.356	4204.9
-599.286	651.148	2894.07
202.592	-378.848	3020.21
954.134	-417.718	4278.67
75.5069	1086.03	5332.53
947.219	-77.3001	4186.57
894.634	401.952	4904
-527.716	819.564	3819.43
865.089	197.375	4815.16
133.336	-388.297	4206.71
582.189	-40.7153	3872.45
618.172	-195.107	3068.38
941.729	578.155	4033.13
263.768	552.151	4830.42
-500.481	-626.816	3367.52
-162.683	709.358	3297.13
767.844	1028.49	4815.61
488.238	689.835	2905.36
24.2269	-250.601	2346.2
-354.478	891.75	3959.78
645.722	242.718	3284.04
611.918	823.387	2898.2
634.18	518.601	3271.94
340.38	-189.176	4665.7
144.842	146.818	2449.76
-346.303	332.723	3037.48
242.941	788.589	4472.81
72.1922	143.196	2707.1
786.483	-472.785	3408.09
898.78	352.187	3591.46
-599.605	2.08809	3947.27
-243.136	534.123	2881.55
778.521	-514.298	2933.57
-179.009	387.267	4061.57
661.706	982.173	2768.77
-804.302	667.479	3481.44
771.48	-2.96835	3638.64
15.912	-738.294	4565.43
999.194	-92.468	3213.43
863.351	-223.986	2944.63
769.562	523.761	3299.07
-260.542	209.274	2947.99
-420.938	-70.6458	3048.82
-84.6384	984.923	2837.38
1007.46	-275.433	4362.6
785.168	292.237	2637
457.743	-411.303	3407.15
797.837	1185.45	3074.55
-861.418	213.529	4849
-597.657	-367.272	4476.43
1145.9	-305.356	4204.9
-599.286	651.148	2894.07
202.592	-378.848	3020.21
954.134	-417.718	4278.67
75.5069	1086.03	5332.53
947.219	-77.3001	4186.57
894.634	401.952	4904
-527.716	819.564	3819.43
865.089	197.375	4815.16
133.336	-388.297	4206.71
582.189	-40.7153	3872.45
618.172	-195.107	3068.38
941.729	578.155	4033.13
263.768	552.151	4830.42
-500.481	-626.816	3367.52
-162.683	709.358	3297.13
767.844	1028.49	4815.61
488.238	689.835	2905.36
24.2269	-250.601	2346.2
