917.402	-807.996	5147.1
1129.67	467.337	5038.04
861.193	270.214	4157.32
424.052	-338.308	5129.63
-494.038	692.511	5365.24
-346.682	732.843	3588.99
1074.09	1242.94	4615.99
-677.544	-106.08	5233.4
558.372	1229.55	3699.91
1082.93	232.928	3552.28
-664.611	761.321	3362.15
-806.625	-577.456	5191.54
36.9022	-876.951	5120.66
-376.09	911.021	4272.61
-442.109	755.771	4743.67
-551.663	-320.621	4676.16
-6.91931	202.909	4836.93
564.373	-470.669	3362.34
468.246	-184.977	4072.07
-559.689	850.338	5252.05
323.909	610.269	4899.69
-774.619	751.214	3998.94
635.107	1215.69	4465.41
907.041	532.108	3619.82
316.562	1047.77	3673.35
-635.162	322.528	3473.52
372.076	-589.808	4520.01
912.713	903.638	3396.39
-766.884	1051.38	3274.01
456.043	28.5741	3338.04
229.157	699.307	3971.9
418.802	-107.977	4003.28
505.13	313.585	4056.94
1319.62	-68.3685	3895.59
1278.18	-422.595	4679.41
-634.226	-1004.75	4803.49
-289.476	-289.783	5038.62
1048.58	-505.232	4007.05
-584.209	816.458	5245.85
-357.898	877.452	3425.96
360.877	-626.026	3755.59
744.33	-591.505	5248.08
-259.41	27.5129	4470.5
216.989	-451.116	4194.6
819.57	-655.507	4544.97
-181.276	-112.753	3873.74
605.366	916.595	3910.72
-3.36143	974.476	3614.26
535.915	236.008	4987.82
187.803	-228.03	4282.6
917.402	-807.996	5147.1
1129.67	467.337	5038.04
861.193	270.214	4157.32
424.052	-338.308	5129.63
-494.038	692.511	5365.24
-346.682	732.843	3588.99
1074.09	1242.94	4615.99
-677.544	-106.08	5233.4
558.372	1229.55	3699.91
1082.93	232.928	3552.28
-664.611	761.321	3362.15
-806.625	-577.456	5191.54
36.9022	-876.951	5120.66
-376.09	911.021	4272.61
-442.109	755.771	4743.67
-551.663	-320.621	4676.16
-6.91931	202.909	4836.93
564.373	-470.669	3362.34
468.246	-184.977	4072.07
-559.689	850.338	5252.05
323.909	610.269	4899.69
-774.619	751.214	3998.94
635.107	1215.69	4465.41
907.041	532.108	3619.82
316.562	1047.77	3673.35
-635.162	322.528	3473.52
372.076	-589.808	4520.01
912.713	903.638	3396.39
-766.884	1051.38	3274.01
456.043	28.5741	3338.04
229.157	699.307	3971.9
418.802	-107.977	4003.28
505.13	313.585	4056.94
1319.62	-68.3685	3895.59
1278.18	-422.595	4679.41
-634.226	-1004.75	4803.49
-289.476	-289.783	5038.62
1048.58	-505.232	4007.05
-584.209	816.458	5245.85
-357.898	877.452	3425.96
360.877	-626.026	3755.59
744.33	-591.505	5248.08
-259.41	27.5129	4470.5
216.989	-451.116	4194.6
819.57	-655.507	4544.97
-181.276	-112.753	3873.74
605.366	916.595	3910.72
-3.36143	974.476	3614.26
535.915	236.008	4987.82
187.803	-228.03	4282.6
917.402	-807.996	5147.1
1129.67	467.337	5038.04
861.193	270.214	4157.32
424.052	-338.308	5129.63
-494.038	692.511	5365.24
-346.682	732.843	3588.99
1074.09	1242.94	4615.99
-677.544	-106.08	5233.4
558.372	1229.55	3699.91
1082.93	232.928	3552.28
-664.611	761.321	3362.15
-806.625	-577.456	5191.54
36.9022	-876.951	5120.66
-376.09	911.021	4272.61
-442.109	755.771	4743.67
-551.663	-320.621	4676.16
-6.91931	202.909	4836.93
564.373	-470.669	3362.34
468.246	-184.977	4072.07
-559.689	850.338	5252.05
323.909	610.269	4899.69
-774.619	751.214	3998.94
635.107	1215.69	4465.41
907.041	532.108	3619.82
316.562	1047.77	3673.35
-635.162	322.528	3473.52
372.076	-589.808	4520.01
912.713	903.638	3396.39
-766.884	1051.38	3274.01
456.043	28.5741	3338.04
229.157	699.307	3971.9
418.802	-107.977	4003.28
505.13	313.585	4056.94
1319.62	-68.3685	3895.59
1278.18	-422.595	4679.41
-634.226	-1004.75	4803.49
-289.476	-289.783	5038.62
1048.58	-505.232	4007.05
-584.209	816.458	5245.85
-357.898	877.452	3425.96
360.877	-626.026	3755.59
744.33	-591.505	5248.08
-259.41	27.5129	4470.5
216.989	-451.116	4194.6
819.57	-655.507	4544.97
-181.276	-112.753	3873.74
605.366	916.595	3910.72
-3.36143	974.476	3614.26
535.915	236.008	4987.82
187.803	-228.03	4282.6
917.402	-807.996	5147.1
1129.67	467.337	5038.04
861.193	270.214	4157.32
424.052	-338.308	5129.63
-494.038	692.511	5365.24
-346.682	732.843	3588.99
1074.09	1242.94	4615.99
-677.544	-106.08	5233.4
558.372	1229.55	3699.91
1082.93	232.928	3552.28
-664.611	761.321	3362.15
-806.625	-577.456	5191.54
36.9022	-876.951	5120.66
-376.09	911.021	4272.61
-442.109	755.771	4743.67
-551.663	-320.621	4676.16
-6.91931	202.909	4836.93
564.373	-470.669	3362.34
468.246	-184.977	4072.07
-559.689	850.338	5252.05
323.909	610.269	4899.69
-774.619	751.214	3998.94
635.107	1215.69	4465.41
907.041	532.108	3619.82
316.562	1047.77	3673.35
-635.162	322.528	3473.52
372.076	-589.808	4520.01
912.713	903.638	3396.39
-766.884	1051.38	3274.01
456.043	28.5741	3338.04
229.157	699.307	3971.9
418.802	-107.977	4003.28
505.13	313.585	4056.94
1319.62	-68.3685	3895.59
1278.18	-422.595	4679.41
-634.226	-1004.75	4803.49
-289.476	-289.783	5038.62
1048.58	-505.232	4007.05
-584.209	816.458	5245.85
-357.898	877.452	3425.96
360.877	-626.026	3755.59
744.33	-591.505	5248.08
-259.41	27.5129	4470.5
216.989	-451.116	4194.6
819.57	-655.507	4544.97
-181.276	-112.753	3873.74
605.366	916.595	3910.72
-3.36143	974.476	3614.26
535.915	236.008	4987.82
187.803	-228.03	4282.6
917.402	-807.996	5147.1
1129.67	467.337	5038.04
861.193	270.214	4157.32
424.052	-338.308	5129.63
-494.038	692.511	5365.24
-346.682	732.843	3588.99
1074.09	1242.94	4615.99
-677.544	-106.08	5233.4
558.372	1229.55	3699.91
1082.93	232.928	3552.28
-664.611	761.321	3362.15
-806.625	-577.456	5191.54
36.9022	-876.951	5120.66
-376.09	911.021	4272.61
-442.109	755.771	4743.67
-551.663	-320.621	4676.16
-6.91931	202.909	4836.93
564.373	-470.669	3362.34
468.246	-184.977	4072.07
-559.689	850.338	5252.05
323.909	610.269	4899.69
-774.619	751.214	3998.94
635.107	1215.69	4465.41
907.041	532.108	3619.82
316.562	1047.77	3673.35
-635.162	322.528	3473.52
372.076	-589.808	4520.01
912.713	903.638	3396.39
-766.884	1051.38	3274.01
456.043	28.5741	3338.04
229.157	699.307	3971.9
418.802	-107.977	4003.28
505.13	313.585	4056.94
1319.62	-68.3685	3895.59
1278.18	-422.595	4679.41
-634.226	-1004.75	4803.49
-289.476	-289.783	5038.62
1048.58	-505.232	4007.05
-584.209	816.458	5245.85
-357.898	877.452	3425.96
360.877	-626.026	3755.59
744.33	-591.505	5248.08
-259.41	27.5129	4470.5
216.989	-451.116	4194.6
819.57	-655.507	4544.97
-181.276	-112.753	3873.74
605.366	916.595	3910.72
-3.36143	974.476	3614.26
535.915	236.008	4987.82
187.803	-228.03	4282.6
