939.1	-827.106	5268.84
1156.38	478.384	5157.14
881.552	276.602	4255.6
434.055	-346.289	5250.63
-505.63	708.761	5491.13
-354.836	750.079	3673.4
1099.47	1272.31	4725.05
-693.447	-108.57	5356.23
571.547	1258.56	3787.21
1108.58	238.443	3636.39
-680.225	779.206	3441.14
-825.555	-591.008	5313.37
37.7717	-897.615	5241.32
-384.927	932.427	4373
-452.492	773.52	4855.08
-564.629	-328.156	4786.06
-7.08219	207.686	4950.8
577.719	-481.8	3441.85
479.302	-189.344	4168.22
-572.817	870.285	5375.25
331.54	624.646	5015.12
-792.797	768.843	4092.79
650.087	1244.37	4570.73
928.494	544.693	3705.43
324.026	1072.47	3759.96
-650.091	330.109	3555.17
380.859	-603.73	4626.7
934.296	925.006	3476.71
-784.889	1076.07	3350.88
466.817	29.2492	3416.9
234.558	715.789	4065.52
428.689	-110.526	4097.79
517.053	320.987	4152.71
1350.89	-69.9889	3987.91
1308.45	-432.605	4790.25
-649.135	-1028.37	4916.4
-296.284	-296.599	5157.13
1073.41	-517.197	4101.95
-597.912	835.608	5368.89
-366.315	898.089	3506.53
369.402	-640.814	3844.31
761.914	-605.478	5372.06
-265.512	28.1601	4575.67
222.109	-461.76	4293.57
838.953	-671.011	4652.46
-185.545	-115.408	3964.97
619.655	938.23	4003.03
-3.44059	997.423	3699.37
548.557	241.575	5105.48
192.232	-233.407	4383.59
939.1	-827.106	5268.84
1156.38	478.384	5157.14
881.552	276.602	4255.6
434.055	-346.289	5250.63
-505.63	708.761	5491.13
-354.836	750.079	3673.4
1099.47	1272.31	4725.05
-693.447	-108.57	5356.23
571.547	1258.56	3787.21
1108.58	238.443	3636.39
-680.225	779.206	3441.14
-825.555	-591.008	5313.37
37.7717	-897.615	5241.32
-384.927	932.427	4373
-452.492	773.52	4855.08
-564.629	-328.156	4786.06
-7.08219	207.686	4950.8
577.719	-481.8	3441.85
479.302	-189.344	4168.22
-572.817	870.285	5375.25
331.54	624.646	5015.12
-792.797	768.843	4092.79
650.087	1244.37	4570.73
928.494	544.693	3705.43
324.026	1072.47	3759.96
-650.091	330.109	3555.17
380.859	-603.73	4626.7
934.296	925.006	3476.71
-784.889	1076.07	3350.88
466.817	29.2492	3416.9
234.558	715.789	4065.52
428.689	-110.526	4097.79
517.053	320.987	4152.71
1350.89	-69.9889	3987.91
1308.45	-432.605	4790.25
-649.135	-1028.37	4916.4
-296.284	-296.599	5157.13
1073.41	-517.197	4101.95
-597.912	835.608	5368.89
-366.315	898.089	3506.53
369.402	-640.814	3844.31
761.914	-605.478	5372.06
-265.512	28.1601	4575.67
222.109	-461.76	4293.57
838.953	-671.011	4652.46
-185.545	-115.408	3964.97
619.655	938.23	4003.03
-3.44059	997.423	3699.37
548.557	241.575	5105.48
192.232	-233.407	4383.59
939.1	-827.106	5268.84
1156.38	478.384	5157.14
881.552	276.602	4255.6
434.055	-346.289	5250.63
-505.63	708.761	5491.13
-354.836	750.079	3673.4
1099.47	1272.31	4725.05
-693.447	-108.57	5356.23
571.547	1258.56	3787.21
1108.58	238.443	3636.39
-680.225	779.206	3441.14
-825.555	-591.008	5313.37
37.7717	-897.615	5241.32
-384.927	932.427	4373
-452.492	773.52	4855.08
-564.629	-328.156	4786.06
-7.08219	207.686	4950.8
577.719	-481.8	3441.85
479.302	-189.344	4168.22
-572.817	870.285	5375.25
331.54	624.646	5015.12
-792.797	768.843	4092.79
650.087	1244.37	4570.73
928.494	544.693	3705.43
324.026	1072.47	3759.96
-650.091	330.109	3555.17
380.859	-603.73	4626.7
934.296	925.006	3476.71
-784.889	1076.07	3350.88
466.817	29.2492	3416.9
234.558	715.789	4065.52
428.689	-110.526	4097.79
517.053	320.987	4152.71
1350.89	-69.9889	3987.91
1308.45	-432.605	4790.25
-649.135	-1028.37	4916.4
-296.284	-296.599	5157.13
1073.41	-517.197	4101.95
-597.912	835.608	5368.89
-366.315	898.089	3506.53
369.402	-640.814	3844.31
761.914	-605.478	5372.06
-265.512	28.1601	4575.67
222.109	-461.76	4293.57
838.953	-671.011	4652.46
-185.545	-115.408	3964.97
619.655	938.23	4003.03
-3.44059	997.423	3699.37
548.557	241.575	5105.48
192.232	-233.407	4383.59
939.1	-827.106	5268.84
1156.38	478.384	5157.14
881.552	276.602	4255.6
434.055	-346.289	5250.63
-505.63	708.761	5491.13
-354.836	750.079	3673.4
1099.47	1272.31	4725.05
-693.447	-108.57	5356.23
571.547	1258.56	3787.21
1108.58	238.443	3636.39
-680.225	779.206	3441.14
-825.555	-591.008	5313.37
37.7717	-897.615	5241.32
-384.927	932.427	4373
-452.492	773.52	4855.08
-564.629	-328.156	4786.06
-7.08219	207.686	4950.8
577.719	-481.8	3441.85
479.302	-189.344	4168.22
-572.817	870.285	5375.25
331.54	624.646	5015.12
-792.797	768.843	4092.79
650.087	1244.37	4570.73
928.494	544.693	3705.43
324.026	1072.47	3759.96
-650.091	330.109	3555.17
380.859	-603.73	4626.7
934.296	925.006	3476.71
-784.889	1076.07	3350.88
466.817	29.2492	3416.9
234.558	715.789	4065.52
428.689	-110.526	4097.79
517.053	320.987	4152.71
1350.89	-69.9889	3987.91
1308.45	-432.605	4790.25
-649.135	-1028.37	4916.4
-296.284	-296.599	5157.13
1073.41	-517.197	4101.95
-597.912	835.608	5368.89
-366.315	898.089	3506.53
369.402	-640.814	3844.31
761.914	-605.478	5372.06
-265.512	28.1601	4575.67
222.109	-461.76	4293.57
838.953	-671.011	4652.46
-185.545	-115.408	3964.97
619.655	938.23	4003.03
-3.44059	997.423	3699.37
548.557	241.575	5105.48
192.232	-233.407	4383.59
939.1	-827.106	5268.84
1156.38	478.384	5157.14
881.552	276.602	4255.6
434.055	-346.289	5250.63
-505.63	708.761	5491.13
-354.836	750.079	3673.4
1099.47	1272.31	4725.05
-693.447	-108.57	5356.23
571.547	1258.56	3787.21
1108.58	238.443	3636.39
-680.225	779.206	3441.14
-825.555	-591.008	5313.37
37.7717	-897.615	5241.32
-384.927	932.427	4373
-452.492	773.52	4855.08
-564.629	-328.156	4786.06
-7.08219	207.686	4950.8
577.719	-481.8	3441.85
479.302	-189.344	4168.22
-572.817	870.285	5375.25
331.54	624.646	5015.12
-792.797	768.843	4092.79
650.087	1244.37	4570.73
928.494	544.693	3705.43
324.026	1072.47	3759.96
-650.091	330.109	3555.17
380.859	-603.73	4626.7
934.296	925.006	3476.71
-784.889	1076.07	3350.88
466.817	29.2492	3416.9
234.558	715.789	4065.52
428.689	-110.526	4097.79
517.053	320.987	4152.71
1350.89	-69.9889	3987.91
1308.45	-432.605	4790.25
-649.135	-1028.37	4916.4
-296.284	-296.599	5157.13
1073.41	-517.197	4101.95
-597.912	835.608	5368.89
-366.315	898.089	3506.53
369.402	-640.814	3844.31
761.914	-605.478	5372.06
-265.512	28.1601	4575.67
222.109	-461.76	4293.57
838.953	-671.011	4652.46
-185.545	-115.408	3964.97
619.655	938.23	4003.03
-3.44059	997.423	3699.37
548.557	241.575	5105.48
192.232	-233.407	4383.59
