35057.1	309.125	38959
19526.8	13249.5	83998.9
27421.2	35670.2	33207.2
11481.2	6704.11	65261.9
10710.1	51446	48912.4
5004.57	55929	42968.2
-6324.24	44805.2	40160.7
44013.7	46122.4	73134.9
45863	44159.6	59394.6
28457.9	55516.3	65973.5
38865.4	49002	40925
50346.6	6453.46	88022.7
9694.81	18883.5	63014.5
3865.37	26646.2	84556.9
44815.2	37386.8	48834.1
-5610.77	-11863.4	58871.8
26289.9	20284.7	66382.5
36519.7	11232.4	93883.4
3913.6	12153.3	55537.4
26804.4	40341.1	79674.3
16254.7	22287.4	34782.6
9039.22	44294.6	36601.1
36849.4	51508.7	89057.3
46913.5	7511.55	53978.3
42854.4	20338.3	93907.6
-491.59	-8928.96	88717.4
8456.56	39024	95689.3
-2466.74	21646.1	66477.8
34138.2	-9413.44	90264.1
-8253.2	27051	49355.7
27476.2	35591.7	76349.8
46833.8	4545.69	47187.9
-6411.51	29536.3	48576.2
11974.5	-79.4871	38112.2
12499.7	40852.6	47600.7
-17247.1	35282.1	69996.1
4389.82	-2505.78	57114.2
-13293	48277	40088.2
7326.19	15064.7	84049
-7137.82	24727.9	40094.4
16922.8	13115.9	90363.9
14827.4	47879.2	53347.3
48975.5	8442.59	55310
-2860.86	33898.1	77283.2
7718.86	-7538.75	38968.3
40532.9	1283.2	82421
39745.5	2193.62	79869.6
30445.3	20766.9	83409.9
40088.8	-2609.6	75281.9
5883.56	40895.6	81806.8
35235.7	309.48	39155.5
19626.6	13316.3	84424.1
27562.1	35851.1	33374.7
11539.9	6737.8	65592.3
10766.3	51707.7	49160
5031.83	56213.8	43185.8
-6355.07	45033.7	40364.5
44239.4	46355.9	73504.3
46098.1	44383	59694.3
28604.6	55798.2	66307.1
39065	49250.4	41131.3
50603.3	6484.55	88467.3
9744.74	18979.4	63333.6
3885.81	26781.8	84985.3
45044.8	37575.8	49080.4
-5639.84	-11923.7	59170.3
26424.5	20387.1	66718.2
36706.1	11288.3	94358.2
3933.86	12215	55818.8
26942.2	40545.7	80077.3
16338.2	22400.4	34958.4
9086.68	44520	36786.4
37038.7	51769.9	89507.6
47152.8	7548.19	54250.6
43073.3	20440.4	94382.3
-494.52	-8974.57	89167.1
8500.79	39222.5	96174
-2478.71	21756.4	66814.8
34311.8	-9462.68	90720.6
-8294.45	27189.1	49606.1
27617.3	35772.1	76736
47072.6	4567.23	47425.7
-6443.3	29687	48822.6
12035.5	-80.3439	38305
12564.6	41060.3	47841.6
-17333.9	35462.4	70351.3
4412.02	-2518.78	57403.6
-13359.2	48523.4	40291.8
7363.9	15141.1	84474.8
-7173.45	24854.2	40297.8
17009.4	13182	90821.4
14904.4	48122.6	53617.2
49225.3	8483.91	55588.9
-2874.45	34070.8	77675
7757.9	-7577.49	39165.6
40739.4	1288.27	82837.5
39948	2203.36	80273.2
30601	20871.6	83831.8
40292.9	-2624.34	75662.3
5914.76	41103.7	82221.3
35520.4	311.292	39472.1
19785.5	13423.5	85105.9
27785.5	36140.2	33644.6
11633.3	6792.01	66122
10854.4	52125.2	49557
5073.62	56667.8	43534.5
-6405.5	45397.6	40690.2
44597.7	46729.5	74098.3
46471.4	44740.7	60176.9
28836.8	56248.4	66842.8
39381.6	49647.5	41463.9
51012.2	6535.95	89182.3
9823.87	19132.5	63845
3917.77	26998	85671.5
45409.4	37878.5	49477.2
-5685.61	-12019.9	59647.9
26638.4	20551.3	67257.2
37002.9	11378.8	95120.5
3965.91	12313.6	56269.4
27160.7	40872.7	80724.2
16470.7	22581.1	35240.8
9160.99	44879.4	37083.4
37339	52187.4	90230.7
47533.9	7608.25	54689.2
43421.7	20604.7	95144.9
-498.656	-9047.06	89886.9
8570.28	39539.2	96950.6
-2498.27	21932.2	67354.1
34588.8	-9539.79	91453.5
-8360.9	27408.9	50006.4
27841.2	36060.6	77355.9
47453	4603.21	47809.3
-6494.74	29926.9	49216.6
12132.7	-81.2266	38614.5
12667	41391.8	48228
-17473.2	35749.2	70919
4447.64	-2539.21	57867.1
-13466.2	48915.7	40616.9
7423.72	15263.3	85156.8
-7230.89	25055.1	40623
17147.1	13288.2	91554.9
15025.8	48511.1	54050.3
49623.2	8551.49	56038.4
-2896.96	34346.1	78302
7820.44	-7638.85	39481.9
41068.6	1297.89	83506.9
40270.8	2220.38	80921.9
30848.6	21039.6	84509
40618.4	-2646.32	76273.8
5963.39	41435.6	82885.1
35980.2	315.653	39987.2
20041.7	13597.5	86211.7
28145	36608.1	34083.3
11784	6880.14	66980.8
10994.7	52799.9	50200.8
5139.15	57401.2	44099.6
-6488.46	45985.1	41217.5
45174.8	47334.6	75063.3
47072.7	45320	60961.4
29209.9	56976.6	67712.3
39891.1	50290.3	42005.1
51672.6	6621.08	90343.6
9951.11	19380.3	64674.1
3968.63	27347.6	86783.3
45997	38369.1	50122.9
-5758.93	-12175.3	60421.4
26983.2	20817.5	68132
37482	11526.5	96357.7
4017.35	12473.1	56999.8
27512.2	41402	81773.7
16683.8	22873.5	35699.4
9279.45	45460.3	37565.2
37822.2	52863.1	91404.4
48149.1	7707.15	55402.7
43983.8	20871.8	96382.9
-504.767	-9163.89	91053.1
8681.32	40051.1	98209
-2530.48	22216.1	68227.8
35036.7	-9662.77	92643
-8469.05	27763.6	50654.5
28201.5	36527.5	78361.8
48067.2	4663.21	48433.5
-6578.76	30314.3	49854.6
12289.8	-82.099	39116.5
12830.9	41927.6	48854.6
-17699.3	36211.8	71837.6
4505.4	-2571.89	58618.2
-13640.5	49548.6	41142.6
7520	15461.1	86262.3
-7324.44	25379.3	41149.4
17369.2	13460.5	92744.1
15220.2	49139.1	54752.7
50265.5	8662.6	56769.5
-2934.35	34790.7	79317.6
7921.8	-7737.54	39994.9
41600.3	1315.16	84593.8
40792.2	2249.58	81975.1
31248	21312.3	85608
41144.3	-2680.1	77266.7
6040.64	41972	83960.9
36654.8	2278.47	41829.1
19732.5	14996.1	90164.3
26731.6	38824.6	35658.7
11669.9	7695.64	70049.8
8404.4	54416	52509.9
2190.68	58785.1	46128.4
-9045.51	46532.1	43108.3
43526.7	50696.5	78520.9
45560.6	48733.7	63774.5
26745.2	59659.1	70829.7
37970	53396.8	43949.5
52328.1	9583.24	94495
9133.88	20329.2	67639.2
2625.18	28144.5	90758.7
44830.7	41586.1	52438.5
-5185.76	-12658.7	63180.8
26408.7	22706.3	71261.4
37613.9	13827.1	100780
3454.52	12969.4	59610.4
25854.8	43714.9	85530.7
15791.1	24222.5	37342.1
7042.87	46837	39294.6
35749.7	55949.2	95607.5
48663.8	10471.5	57955.6
43737.9	23694.4	100811
20.9219	-9283.98	95215.9
6752.9	41346.7	102711
-3730.38	22554.1	71351.4
36253.2	-7891.57	96891.4
-10084.9	27872.7	52973
26815.6	38783.5	81962.2
48739.3	7360.32	50666.9
-8296.02	30571.3	52137.7
12543.1	606.598	40910
10854.9	43437.8	51101.1
-19928.1	36003.6	75123.2
4756.21	-2328.96	61300.5
-16521.4	49779.9	43028
6877.55	16225.4	90213
-8796.34	25496.9	43033.2
17020.7	14719.3	96994.9
12906.6	50916.6	57271
50769.1	11559	59385.7
-4807.98	35351.3	82950.3
8503	-7424.41	41825.6
42348.8	3635.17	88478.3
41474.3	4541.6	85739.7
30735.5	23453.3	89538.4
42094	-465.33	80815.3
3953.19	43150.3	87810.5
