30087.2	259.721	33440.1
16755.4	11346.9	72094.4
23521.5	30609.4	28481.5
9852.52	5733.81	56015.2
9174.78	44140	41953.9
4276.49	47988.4	36848.9
-5442.17	38439.5	34446.3
37758.5	39570	62747.6
39346.2	37890.7	50954.5
24405	47631.5	56595.5
33338.6	42051.6	35097.8
43207.7	5519.61	75551
8315.1	16187.5	54078.8
3310.02	22841.1	72566
38448.9	32081.2	41893.5
-4809.68	-10203.8	50542.2
22556.7	17392.5	56968
31339.9	9616.04	80579.6
3355.77	10412.3	47664.9
22991.5	34601.8	68365.2
13943	19120.2	29842.4
7742.97	38006	31390.4
31608.6	44185.7	76412.2
40260.2	6438.81	46327.4
36772.9	17432.7	80594.1
-416.669	-7694.48	76159.2
7246.17	33461.8	82114.1
-2122.95	18554.5	57050.5
29303.1	-8102.95	77485.5
-7091.22	23198	42350.1
23569.7	30527	65514.5
40192.7	3895.65	40500.4
-5511.55	25331.7	41679.4
10277.6	-78.774	32714.5
10714.2	35048.9	40834.3
-14812.2	30253.2	60062.8
3769.61	-2169.54	49027.3
-11424	41417.7	34382.3
6284.15	12902	72136.9
-6133.4	21207.7	34401.7
14520.9	11229.3	77558.3
12709.5	41078.1	45762.6
42029.5	7237.9	47469.7
-2465.18	29066.1	66318.1
6627.95	-6482.11	33454.1
34787.2	1081.84	70746.3
34111.2	1863.94	68555.9
26123.1	17801.5	71583.8
34407.2	-2256.84	64620.6
5037.01	35072.3	70196.5
30493.3	258.073	33892.8
16984	11497	73064.8
23844.2	31017.9	28866.5
9986.89	5809.48	56768.9
9306.46	44733.4	42518.1
4342.73	48634.4	37343.9
-5508.65	38958.6	34908.1
38275.1	40096.9	63594.5
39883.7	38394.7	51643.2
24742.8	48269.4	57358.2
33795.7	42612.7	35572.6
43792	5586.65	76571
8430.51	16404.3	54806.2
3359.25	23148.5	73541.1
38973.3	32507	42460.4
-4875.82	-10340.4	51220.9
22864.4	17623.1	57735.8
31764.9	9740.35	81665.7
3403.25	10552.2	48305.6
23308.1	35064.3	69286
14134.6	19375.5	30244.8
7854.2	38517	31812.6
32043.1	44775.9	77442
40804.7	6518.7	46954.3
37272.6	17661.4	81680.9
-422.899	-7797.99	77182.5
7350.39	33911.6	83217.9
-2147.86	18805	57816.6
29697.6	-8217.1	78530
-7182.48	23512	42918
23893.4	30934.5	66397.1
40735.8	3941.27	41049.1
-5581.15	25674.2	42238.4
10416.4	-81.5605	33155.3
10865.1	35519.5	41383.8
-15006.2	30663.6	60867.8
3820.53	-2199.35	49686.5
-11570.7	41978	34842.5
6371.78	13074.9	73106.7
-6212.16	21494.6	34862.9
14719.4	11378.3	78601.9
12888.4	41629.6	46378.4
42598	7328.26	48112.2
-2492.83	29458.4	67208.5
6716.53	-6570.57	33904.5
35257.2	1090.52	71700.8
34572.1	1883.28	69480.9
26479.1	18037	72548.4
34871.4	-2293.1	65492.8
5111.6	35544.2	71139.8
30998.4	-585.372	33915.6
17115	9812.24	73510.5
24184.9	30884.8	29704.3
10031.6	4435.79	57039.6
9311.53	44479.2	43783.8
4258.5	48583.9	38710.9
-5761.81	38772.1	36035.2
38795.1	39242	64725.8
40466.6	37825.5	52696.4
25003.9	47714.4	58719.6
34293.8	42539.6	36711.4
44441	3737.82	76809.9
8433.3	15282.5	55355.5
3207.7	21652.7	74325.9
39570.4	32066.6	43337.6
-5078.89	-11899.1	51084.2
23136.7	16469.7	58292.9
32162.8	7817.62	82053.4
3334.15	9482.58	48695.5
23533.2	33939.7	70331.2
14302.8	18968.5	30799.8
7867.23	38424.6	32891
32401.6	43634.9	78744.5
41467.2	5465.73	47152
37764.3	15898.2	82265.9
-607.538	-9987.34	77167
7235.24	32372.1	84302.1
-2360.39	17633.2	58460.1
30091.9	-10403.4	78440.8
-7463.16	22816.1	43660.4
24143.4	29808.1	67324.7
41415.3	2994.98	41164.2
-5832.68	25040	43032.8
10536.5	-943.137	33211.5
10917.6	35121.6	42399.8
-15493.1	29617.9	61860.5
3776.21	-3548.49	49742
-11945.4	41841.5	36062.6
6295.33	11402.7	73617.6
-6451.23	20974.5	35530.1
14793.3	9541.41	79063.1
12958.1	41219.6	47563.8
43290.9	6262.94	48330.1
-2751.79	28241.5	68157.4
6773.61	-7581.7	33799.3
35760.7	-728.756	71828.1
35066.5	136.756	69625
26784.3	16505.6	73144.7
35388	-4013.6	65516.3
4980.21	34351.5	72242.4
30998.4	-585.372	33915.6
17115	9812.24	73510.5
24184.9	30884.8	29704.3
10031.6	4435.79	57039.6
9311.53	44479.2	43783.8
4258.5	48583.9	38710.9
-5761.81	38772.1	36035.2
38795.1	39242	64725.8
40466.6	37825.5	52696.4
25003.9	47714.4	58719.6
34293.8	42539.6	36711.4
44441	3737.82	76809.9
8433.3	15282.5	55355.5
3207.7	21652.7	74325.9
39570.4	32066.6	43337.6
-5078.89	-11899.1	51084.2
23136.7	16469.7	58292.9
32162.8	7817.62	82053.4
3334.15	9482.58	48695.5
23533.2	33939.7	70331.2
14302.8	18968.5	30799.8
7867.23	38424.6	32891
32401.6	43634.9	78744.5
41467.2	5465.73	47152
37764.3	15898.2	82265.9
-607.538	-9987.34	77167
7235.24	32372.1	84302.1
-2360.39	17633.2	58460.1
30091.9	-10403.4	78440.8
-7463.16	22816.1	43660.4
24143.4	29808.1	67324.7
41415.3	2994.98	41164.2
-5832.68	25040	43032.8
10536.5	-943.137	33211.5
10917.6	35121.6	42399.8
-15493.1	29617.9	61860.5
3776.21	-3548.49	49742
-11945.4	41841.5	36062.6
6295.33	11402.7	73617.6
-6451.23	20974.5	35530.1
14793.3	9541.41	79063.1
12958.1	41219.6	47563.8
43290.9	6262.94	48330.1
-2751.79	28241.5	68157.4
6773.61	-7581.7	33799.3
35760.7	-728.756	71828.1
35066.5	136.756	69625
26784.3	16505.6	73144.7
35388	-4013.6	65516.3
4980.21	34351.5	72242.4
30998.4	-585.372	33915.6
17115	9812.24	73510.5
24184.9	30884.8	29704.3
10031.6	4435.79	57039.6
9311.53	44479.2	43783.8
4258.5	48583.9	38710.9
-5761.81	38772.1	36035.2
38795.1	39242	64725.8
40466.6	37825.5	52696.4
25003.9	47714.4	58719.6
34293.8	42539.6	36711.4
44441	3737.82	76809.9
8433.3	15282.5	55355.5
3207.7	21652.7	74325.9
39570.4	32066.6	43337.6
-5078.89	-11899.1	51084.2
23136.7	16469.7	58292.9
32162.8	7817.62	82053.4
3334.15	9482.58	48695.5
23533.2	33939.7	70331.2
14302.8	18968.5	30799.8
7867.23	38424.6	32891
32401.6	43634.9	78744.5
41467.2	5465.73	47152
37764.3	15898.2	82265.9
-607.538	-9987.34	77167
7235.24	32372.1	84302.1
-2360.39	17633.2	58460.1
30091.9	-10403.4	78440.8
-7463.16	22816.1	43660.4
24143.4	29808.1	67324.7
41415.3	2994.98	41164.2
-5832.68	25040	43032.8
10536.5	-943.137	33211.5
10917.6	35121.6	42399.8
-15493.1	29617.9	61860.5
3776.21	-3548.49	49742
-11945.4	41841.5	36062.6
6295.33	11402.7	73617.6
-6451.23	20974.5	35530.1
14793.3	9541.41	79063.1
12958.1	41219.6	47563.8
43290.9	6262.94	48330.1
-2751.79	28241.5	68157.4
6773.61	-7581.7	33799.3
35760.7	-728.756	71828.1
35066.5	136.756	69625
26784.3	16505.6	73144.7
35388	-4013.6	65516.3
4980.21	34351.5	72242.4
