702.49	210.162
466.985	266.356
653.061	584.156
442.274	246.496
450.79	573.717
412.213	649.41
317.644	588.936
598.109	435.577
654.689	474.554
532.682	506.785
699.37	622.72
594.878	234.515
433.613	318.011
398.662	323.19
702.588	482.073
339.748	135.487
523.666	320.245
526.767	252.043
400.734	288.983
503.538	391.626
532.617	439.446
452.737	623.371
532.769	416.969
697.608	258.766
551.484	287.587
379.353	171.843
415.756	356.135
365.319	326.911
522.842	168.642
314.87	404.026
511.716	377.547
741.07	242.7
327.239	424.702
481.552	208.162
466.241	511.517
293.142	388.252
403.019	192.924
260.925	612.833
413.448	274.313
306.749	427.389
451.195	261.754
473.902	524.476
704.04	263.698
368.035	366.633
438.691	137.211
564.117	213.238
565.828	217.689
515.836	299.553
578.409	194.378
408.002	388.459
702.49	210.162
466.985	266.356
653.061	584.156
442.274	246.496
450.79	573.717
412.213	649.41
317.644	588.936
598.109	435.577
654.689	474.554
532.682	506.785
699.37	622.72
594.878	234.515
433.613	318.011
398.662	323.19
702.588	482.073
339.748	135.487
523.666	320.245
526.767	252.043
400.734	288.983
503.538	391.626
532.617	439.446
452.737	623.371
532.769	416.969
697.608	258.766
551.484	287.587
379.353	171.843
415.756	356.135
365.319	326.911
522.842	168.642
314.87	404.026
511.716	377.547
741.07	242.7
327.239	424.702
481.552	208.162
466.241	511.517
293.142	388.252
403.019	192.924
260.925	612.833
413.448	274.313
306.749	427.389
451.195	261.754
473.902	524.476
704.04	263.698
368.035	366.633
438.691	137.211
564.117	213.238
565.828	217.689
515.836	299.553
578.409	194.378
408.002	388.459
702.49	210.162
466.985	266.356
653.061	584.156
442.274	246.496
450.79	573.717
412.213	649.41
317.644	588.936
598.109	435.577
654.689	474.554
532.682	506.785
699.37	622.72
594.878	234.515
433.613	318.011
398.662	323.19
702.588	482.073
339.748	135.487
523.666	320.245
526.767	252.043
400.734	288.983
503.538	391.626
532.617	439.446
452.737	623.371
532.769	416.969
697.608	258.766
551.484	287.587
379.353	171.843
415.756	356.135
365.319	326.911
522.842	168.642
314.87	404.026
511.716	377.547
741.07	242.7
327.239	424.702
481.552	208.162
466.241	511.517
293.142	388.252
403.019	192.924
260.925	612.833
413.448	274.313
306.749	427.389
451.195	261.754
473.902	524.476
704.04	263.698
368.035	366.633
438.691	137.211
564.117	213.238
565.828	217.689
515.836	299.553
578.409	194.378
408.002	388.459
702.49	210.162
466.985	266.356
653.061	584.156
442.274	246.496
450.79	573.717
412.213	649.41
317.644	588.936
598.109	435.577
654.689	474.554
532.682	506.785
699.37	622.72
594.878	234.515
433.613	318.011
398.662	323.19
702.588	482.073
339.748	135.487
523.666	320.245
526.767	252.043
400.734	288.983
503.538	391.626
532.617	439.446
452.737	623.371
532.769	416.969
697.608	258.766
551.484	287.587
379.353	171.843
415.756	356.135
365.319	326.911
522.842	168.642
314.87	404.026
511.716	377.547
741.07	242.7
327.239	424.702
481.552	208.162
466.241	511.517
293.142	388.252
403.019	192.924
260.925	612.833
413.448	274.313
306.749	427.389
451.195	261.754
473.902	524.476
704.04	263.698
368.035	366.633
438.691	137.211
564.117	213.238
565.828	217.689
515.836	299.553
578.409	194.378
408.002	388.459
702.49	210.162
466.985	266.356
653.061	584.156
442.274	246.496
450.79	573.717
412.213	649.41
317.644	588.936
598.109	435.577
654.689	474.554
532.682	506.785
699.37	622.72
594.878	234.515
433.613	318.011
398.662	323.19
702.588	482.073
339.748	135.487
523.666	320.245
526.767	252.043
400.734	288.983
503.538	391.626
532.617	439.446
452.737	623.371
532.769	416.969
697.608	258.766
551.484	287.587
379.353	171.843
415.756	356.135
365.319	326.911
522.842	168.642
314.87	404.026
511.716	377.547
741.07	242.7
327.239	424.702
481.552	208.162
466.241	511.517
293.142	388.252
403.019	192.924
260.925	612.833
413.448	274.313
306.749	427.389
451.195	261.754
473.902	524.476
704.04	263.698
368.035	366.633
438.691	137.211
564.117	213.238
565.828	217.689
515.836	299.553
578.409	194.378
408.002	388.459
