1801.71	747.877	3267.32
1479.76	679.907	4406
1580.76	3482.35	3150.4
380.771	194.1	4649.18
13.8941	1735.54	5137.43
-209.98	2486.65	3727.38
-257.337	-243.05	4701.7
3169.63	442.335	1876.95
2340.51	185.914	5280.23
-520.625	968.659	3715.58
-201.682	1767.78	4493.96
316.174	415.225	4634.51
1312.14	2478.83	5522.99
1256.1	-534.296	3340.61
1775.25	73.2693	4929.97
2265.83	1639.59	4705.32
-181.391	1418.98	4430.41
1678.37	64.9386	3649.79
2906.79	1146.24	5117.28
-1175.69	2805.19	5287.43
2396.19	1983.24	2241.21
-402.47	1597.24	5268.6
2488.41	1580.08	3033.08
737.807	-646.969	5247.57
-487.888	-522.392	1606.16
1985.14	1742.98	5492.98
1839.15	3620.21	3273.85
2214.99	2621.07	5508.28
144.08	2450.34	3368.34
941.454	3354.55	3082.37
2755.69	2184.55	2983.54
2302.14	3029.45	2997.89
-450.995	651.124	4250.12
2009.21	1796.24	5226.33
1085.68	967.488	1745.98
2596.65	1803.36	2600.87
1869.88	2070.25	4991.93
1289.37	1304.31	4326.52
296.691	2363.28	4279.91
653.562	-377.121	2682.27
-736.922	2225.25	3730.74
-326.654	2434.24	3920.13
-379.313	810.045	2789.35
1579.15	1207.48	5680.62
-668.377	3033.19	3152.99
3117.06	1086.53	4027.45
-278.281	1554.3	5767.64
-645.99	718.871	4741.11
-324.017	1780.27	3573.3
2901.95	2518.75	2764.22
1801.71	747.877	3267.32
1479.76	679.907	4406
1580.76	3482.35	3150.4
380.771	194.1	4649.18
13.8941	1735.54	5137.43
-209.98	2486.65	3727.38
-257.337	-243.05	4701.7
3169.63	442.335	1876.95
2340.51	185.914	5280.23
-520.625	968.659	3715.58
-201.682	1767.78	4493.96
316.174	415.225	4634.51
1312.14	2478.83	5522.99
1256.1	-534.296	3340.61
1775.25	73.2693	4929.97
2265.83	1639.59	4705.32
-181.391	1418.98	4430.41
1678.37	64.9386	3649.79
2906.79	1146.24	5117.28
-1175.69	2805.19	5287.43
2396.19	1983.24	2241.21
-402.47	1597.24	5268.6
2488.41	1580.08	3033.08
737.807	-646.969	5247.57
-487.888	-522.392	1606.16
1985.14	1742.98	5492.98
1839.15	3620.21	3273.85
2214.99	2621.07	5508.28
144.08	2450.34	3368.34
941.454	3354.55	3082.37
2755.69	2184.55	2983.54
2302.14	3029.45	2997.89
-450.995	651.124	4250.12
2009.21	1796.24	5226.33
1085.68	967.488	1745.98
2596.65	1803.36	2600.87
1869.88	2070.25	4991.93
1289.37	1304.31	4326.52
296.691	2363.28	4279.91
653.562	-377.121	2682.27
-736.922	2225.25	3730.74
-326.654	2434.24	3920.13
-379.313	810.045	2789.35
1579.15	1207.48	5680.62
-668.377	3033.19	3152.99
3117.06	1086.53	4027.45
-278.281	1554.3	5767.64
-645.99	718.871	4741.11
-324.017	1780.27	3573.3
2901.95	2518.75	2764.22
1801.71	747.877	3267.32
1479.76	679.907	4406
1580.76	3482.35	3150.4
380.771	194.1	4649.18
13.8941	1735.54	5137.43
-209.98	2486.65	3727.38
-257.337	-243.05	4701.7
3169.63	442.335	1876.95
2340.51	185.914	5280.23
-520.625	968.659	3715.58
-201.682	1767.78	4493.96
316.174	415.225	4634.51
1312.14	2478.83	5522.99
1256.1	-534.296	3340.61
1775.25	73.2693	4929.97
2265.83	1639.59	4705.32
-181.391	1418.98	4430.41
1678.37	64.9386	3649.79
2906.79	1146.24	5117.28
-1175.69	2805.19	5287.43
2396.19	1983.24	2241.21
-402.47	1597.24	5268.6
2488.41	1580.08	3033.08
737.807	-646.969	5247.57
-487.888	-522.392	1606.16
1985.14	1742.98	5492.98
1839.15	3620.21	3273.85
2214.99	2621.07	5508.28
144.08	2450.34	3368.34
941.454	3354.55	3082.37
2755.69	2184.55	2983.54
2302.14	3029.45	2997.89
-450.995	651.124	4250.12
2009.21	1796.24	5226.33
1085.68	967.488	1745.98
2596.65	1803.36	2600.87
1869.88	2070.25	4991.93
1289.37	1304.31	4326.52
296.691	2363.28	4279.91
653.562	-377.121	2682.27
-736.922	2225.25	3730.74
-326.654	2434.24	3920.13
-379.313	810.045	2789.35
1579.15	1207.48	5680.62
-668.377	3033.19	3152.99
3117.06	1086.53	4027.45
-278.281	1554.3	5767.64
-645.99	718.871	4741.11
-324.017	1780.27	3573.3
2901.95	2518.75	2764.22
1801.71	747.877	3267.32
1479.76	679.907	4406
1580.76	3482.35	3150.4
380.771	194.1	4649.18
13.8941	1735.54	5137.43
-209.98	2486.65	3727.38
-257.337	-243.05	4701.7
3169.63	442.335	1876.95
2340.51	185.914	5280.23
-520.625	968.659	3715.58
-201.682	1767.78	4493.96
316.174	415.225	4634.51
1312.14	2478.83	5522.99
1256.1	-534.296	3340.61
1775.25	73.2693	4929.97
2265.83	1639.59	4705.32
-181.391	1418.98	4430.41
1678.37	64.9386	3649.79
2906.79	1146.24	5117.28
-1175.69	2805.19	5287.43
2396.19	1983.24	2241.21
-402.47	1597.24	5268.6
2488.41	1580.08	3033.08
737.807	-646.969	5247.57
-487.888	-522.392	1606.16
1985.14	1742.98	5492.98
1839.15	3620.21	3273.85
2214.99	2621.07	5508.28
144.08	2450.34	3368.34
941.454	3354.55	3082.37
2755.69	2184.55	2983.54
2302.14	3029.45	2997.89
-450.995	651.124	4250.12
2009.21	1796.24	5226.33
1085.68	967.488	1745.98
2596.65	1803.36	2600.87
1869.88	2070.25	4991.93
1289.37	1304.31	4326.52
296.691	2363.28	4279.91
653.562	-377.121	2682.27
-736.922	2225.25	3730.74
-326.654	2434.24	3920.13
-379.313	810.045	2789.35
1579.15	1207.48	5680.62
-668.377	3033.19	3152.99
3117.06	1086.53	4027.45
-278.281	1554.3	5767.64
-645.99	718.871	4741.11
-324.017	1780.27	3573.3
2901.95	2518.75	2764.22
1801.71	747.877	3267.32
1479.76	679.907	4406
1580.76	3482.35	3150.4
380.771	194.1	4649.18
13.8941	1735.54	5137.43
-209.98	2486.65	3727.38
-257.337	-243.05	4701.7
3169.63	442.335	1876.95
2340.51	185.914	5280.23
-520.625	968.659	3715.58
-201.682	1767.78	4493.96
316.174	415.225	4634.51
1312.14	2478.83	5522.99
1256.1	-534.296	3340.61
1775.25	73.2693	4929.97
2265.83	1639.59	4705.32
-181.391	1418.98	4430.41
1678.37	64.9386	3649.79
2906.79	1146.24	5117.28
-1175.69	2805.19	5287.43
2396.19	1983.24	2241.21
-402.47	1597.24	5268.6
2488.41	1580.08	3033.08
737.807	-646.969	5247.57
-487.888	-522.392	1606.16
1985.14	1742.98	5492.98
1839.15	3620.21	3273.85
2214.99	2621.07	5508.28
144.08	2450.34	3368.34
941.454	3354.55	3082.37
2755.69	2184.55	2983.54
2302.14	3029.45	2997.89
-450.995	651.124	4250.12
2009.21	1796.24	5226.33
1085.68	967.488	1745.98
2596.65	1803.36	2600.87
1869.88	2070.25	4991.93
1289.37	1304.31	4326.52
296.691	2363.28	4279.91
653.562	-377.121	2682.27
-736.922	2225.25	3730.74
-326.654	2434.24	3920.13
-379.313	810.045	2789.35
1579.15	1207.48	5680.62
-668.377	3033.19	3152.99
3117.06	1086.53	4027.45
-278.281	1554.3	5767.64
-645.99	718.871	4741.11
-324.017	1780.27	3573.3
2901.95	2518.75	2764.22
