556.552	-115.767	3606.75
2.16844	754.724	3481.99
-452.033	1170.71	3597.66
322.471	-740.326	4565.98
-498.82	-741.541	3837.37
-797.26	861.012	3468.06
-376.468	1027.14	4861.29
-279.371	-274.474	3475.63
-496.707	824.384	5245.74
1142.61	-408.605	3599.4
-472.561	156.206	3827.11
1043.26	223.842	3889.34
498.708	1332.18	3520.57
333.47	-64.0672	4574.18
-114.226	680.632	4839.85
816.344	674.609	3697.26
1049.79	372.159	5264.7
-112.283	-9.54528	4371.49
683.49	1213.02	4819.35
-120.631	-596.828	3706.64
-337.263	249.02	4792.65
1224.23	-463.076	3791.79
884.329	-138.338	4943.49
470.591	678.161	4428.78
-877.531	184.846	4791.92
-719.507	278.873	3713.26
-861.999	666.935	3985.13
590.746	713.048	4251.63
-502.148	-708.4	3079.99
-669.578	-81.0452	3593.01
-204.361	719.494	4873.69
282.622	516.642	4506.11
866.282	-459.027	3875.57
-863.279	1067.72	3348.76
-141.153	-142.923	3550.52
351.221	-665.902	3423.7
-529.776	796.097	4422.27
-467.633	-787.936	3288.78
-351.121	-728.862	3281.93
1081.48	986.699	4104.62
809.194	-458.88	4894.2
1179.46	-84.0587	3664.65
1095.19	849.151	3895.88
985.425	1281.87	3606.66
667.32	1245.37	4796.42
-337.727	847.254	4654.54
-334.715	518.763	5158.4
1196.61	-80.4321	3288.06
510.198	-57.4297	4168.1
812.912	117.023	4883.93
556.552	-115.767	3606.75
2.16844	754.724	3481.99
-452.033	1170.71	3597.66
322.471	-740.326	4565.98
-498.82	-741.541	3837.37
-797.26	861.012	3468.06
-376.468	1027.14	4861.29
-279.371	-274.474	3475.63
-496.707	824.384	5245.74
1142.61	-408.605	3599.4
-472.561	156.206	3827.11
1043.26	223.842	3889.34
498.708	1332.18	3520.57
333.47	-64.0672	4574.18
-114.226	680.632	4839.85
816.344	674.609	3697.26
1049.79	372.159	5264.7
-112.283	-9.54528	4371.49
683.49	1213.02	4819.35
-120.631	-596.828	3706.64
-337.263	249.02	4792.65
1224.23	-463.076	3791.79
884.329	-138.338	4943.49
470.591	678.161	4428.78
-877.531	184.846	4791.92
-719.507	278.873	3713.26
-861.999	666.935	3985.13
590.746	713.048	4251.63
-502.148	-708.4	3079.99
-669.578	-81.0452	3593.01
-204.361	719.494	4873.69
282.622	516.642	4506.11
866.282	-459.027	3875.57
-863.279	1067.72	3348.76
-141.153	-142.923	3550.52
351.221	-665.902	3423.7
-529.776	796.097	4422.27
-467.633	-787.936	3288.78
-351.121	-728.862	3281.93
1081.48	986.699	4104.62
809.194	-458.88	4894.2
1179.46	-84.0587	3664.65
1095.19	849.151	3895.88
985.425	1281.87	3606.66
667.32	1245.37	4796.42
-337.727	847.254	4654.54
-334.715	518.763	5158.4
1196.61	-80.4321	3288.06
510.198	-57.4297	4168.1
812.912	117.023	4883.93
556.552	-115.767	3606.75
2.16844	754.724	3481.99
-452.033	1170.71	3597.66
322.471	-740.326	4565.98
-498.82	-741.541	3837.37
-797.26	861.012	3468.06
-376.468	1027.14	4861.29
-279.371	-274.474	3475.63
-496.707	824.384	5245.74
1142.61	-408.605	3599.4
-472.561	156.206	3827.11
1043.26	223.842	3889.34
498.708	1332.18	3520.57
333.47	-64.0672	4574.18
-114.226	680.632	4839.85
816.344	674.609	3697.26
1049.79	372.159	5264.7
-112.283	-9.54528	4371.49
683.49	1213.02	4819.35
-120.631	-596.828	3706.64
-337.263	249.02	4792.65
1224.23	-463.076	3791.79
884.329	-138.338	4943.49
470.591	678.161	4428.78
-877.531	184.846	4791.92
-719.507	278.873	3713.26
-861.999	666.935	3985.13
590.746	713.048	4251.63
-502.148	-708.4	3079.99
-669.578	-81.0452	3593.01
-204.361	719.494	4873.69
282.622	516.642	4506.11
866.282	-459.027	3875.57
-863.279	1067.72	3348.76
-141.153	-142.923	3550.52
351.221	-665.902	3423.7
-529.776	796.097	4422.27
-467.633	-787.936	3288.78
-351.121	-728.862	3281.93
1081.48	986.699	4104.62
809.194	-458.88	4894.2
1179.46	-84.0587	3664.65
1095.19	849.151	3895.88
985.425	1281.87	3606.66
667.32	1245.37	4796.42
-337.727	847.254	4654.54
-334.715	518.763	5158.4
1196.61	-80.4321	3288.06
510.198	-57.4297	4168.1
812.912	117.023	4883.93
556.552	-115.767	3606.75
2.16844	754.724	3481.99
-452.033	1170.71	3597.66
322.471	-740.326	4565.98
-498.82	-741.541	3837.37
-797.26	861.012	3468.06
-376.468	1027.14	4861.29
-279.371	-274.474	3475.63
-496.707	824.384	5245.74
1142.61	-408.605	3599.4
-472.561	156.206	3827.11
1043.26	223.842	3889.34
498.708	1332.18	3520.57
333.47	-64.0672	4574.18
-114.226	680.632	4839.85
816.344	674.609	3697.26
1049.79	372.159	5264.7
-112.283	-9.54528	4371.49
683.49	1213.02	4819.35
-120.631	-596.828	3706.64
-337.263	249.02	4792.65
1224.23	-463.076	3791.79
884.329	-138.338	4943.49
470.591	678.161	4428.78
-877.531	184.846	4791.92
-719.507	278.873	3713.26
-861.999	666.935	3985.13
590.746	713.048	4251.63
-502.148	-708.4	3079.99
-669.578	-81.0452	3593.01
-204.361	719.494	4873.69
282.622	516.642	4506.11
866.282	-459.027	3875.57
-863.279	1067.72	3348.76
-141.153	-142.923	3550.52
351.221	-665.902	3423.7
-529.776	796.097	4422.27
-467.633	-787.936	3288.78
-351.121	-728.862	3281.93
1081.48	986.699	4104.62
809.194	-458.88	4894.2
1179.46	-84.0587	3664.65
1095.19	849.151	3895.88
985.425	1281.87	3606.66
667.32	1245.37	4796.42
-337.727	847.254	4654.54
-334.715	518.763	5158.4
1196.61	-80.4321	3288.06
510.198	-57.4297	4168.1
812.912	117.023	4883.93
556.552	-115.767	3606.75
2.16844	754.724	3481.99
-452.033	1170.71	3597.66
322.471	-740.326	4565.98
-498.82	-741.541	3837.37
-797.26	861.012	3468.06
-376.468	1027.14	4861.29
-279.371	-274.474	3475.63
-496.707	824.384	5245.74
1142.61	-408.605	3599.4
-472.561	156.206	3827.11
1043.26	223.842	3889.34
498.708	1332.18	3520.57
333.47	-64.0672	4574.18
-114.226	680.632	4839.85
816.344	674.609	3697.26
1049.79	372.159	5264.7
-112.283	-9.54528	4371.49
683.49	1213.02	4819.35
-120.631	-596.828	3706.64
-337.263	249.02	4792.65
1224.23	-463.076	3791.79
884.329	-138.338	4943.49
470.591	678.161	4428.78
-877.531	184.846	4791.92
-719.507	278.873	3713.26
-861.999	666.935	3985.13
590.746	713.048	4251.63
-502.148	-708.4	3079.99
-669.578	-81.0452	3593.01
-204.361	719.494	4873.69
282.622	516.642	4506.11
866.282	-459.027	3875.57
-863.279	1067.72	3348.76
-141.153	-142.923	3550.52
351.221	-665.902	3423.7
-529.776	796.097	4422.27
-467.633	-787.936	3288.78
-351.121	-728.862	3281.93
1081.48	986.699	4104.62
809.194	-458.88	4894.2
1179.46	-84.0587	3664.65
1095.19	849.151	3895.88
985.425	1281.87	3606.66
667.32	1245.37	4796.42
-337.727	847.254	4654.54
-334.715	518.763	5158.4
1196.61	-80.4321	3288.06
510.198	-57.4297	4168.1
812.912	117.023	4883.93
