551.592	-114.736	3574.61
2.14804	747.624	3449.24
-447.423	1158.77	3560.96
319.07	-732.517	4517.82
-492.72	-732.473	3790.44
-788.264	851.296	3428.93
-372.418	1016.09	4808.99
-276.277	-271.435	3437.15
-491.027	814.956	5185.75
1133.78	-405.449	3571.6
-467.214	154.438	3783.8
1035.42	222.16	3860.12
494.896	1322	3493.66
330.173	-63.4338	4528.96
-113.035	673.536	4789.39
810.172	669.509	3669.31
1041.36	369.172	5222.43
-111.066	-9.44176	4324.09
678.071	1203.41	4781.14
-119.293	-590.207	3665.51
-333.431	246.191	4738.2
1214.84	-459.527	3762.72
876.576	-137.125	4900.15
466.462	672.211	4389.92
-866.335	182.488	4730.78
-711.048	275.595	3669.6
-851.761	659.014	3937.8
585.81	707.089	4216.1
-496.203	-700.013	3043.52
-661.602	-80.0797	3550.21
-202.189	711.846	4821.89
279.956	511.769	4463.6
858.837	-455.082	3842.26
-853.615	1055.77	3311.28
-139.65	-141.402	3512.73
347.762	-659.343	3389.98
-523.872	787.226	4372.99
-462.053	-778.535	3249.54
-347.054	-720.419	3243.92
1074.13	979.988	4076.71
801.723	-454.644	4849.01
1170.78	-83.4403	3637.69
1087.74	843.381	3869.4
979.003	1273.52	3583.16
662.029	1235.5	4758.4
-334.103	838.161	4604.59
-330.94	512.912	5100.21
1188.08	-79.8589	3264.63
505.482	-56.8989	4129.57
805.861	116.008	4841.56
551.592	-114.736	3574.61
2.14804	747.624	3449.24
-447.423	1158.77	3560.96
319.07	-732.517	4517.82
-492.72	-732.473	3790.44
-788.264	851.296	3428.93
-372.418	1016.09	4808.99
-276.277	-271.435	3437.15
-491.027	814.956	5185.75
1133.78	-405.449	3571.6
-467.214	154.438	3783.8
1035.42	222.16	3860.12
494.896	1322	3493.66
330.173	-63.4338	4528.96
-113.035	673.536	4789.39
810.172	669.509	3669.31
1041.36	369.172	5222.43
-111.066	-9.44176	4324.09
678.071	1203.41	4781.14
-119.293	-590.207	3665.51
-333.431	246.191	4738.2
1214.84	-459.527	3762.72
876.576	-137.125	4900.15
466.462	672.211	4389.92
-866.335	182.488	4730.78
-711.048	275.595	3669.6
-851.761	659.014	3937.8
585.81	707.089	4216.1
-496.203	-700.013	3043.52
-661.602	-80.0797	3550.21
-202.189	711.846	4821.89
279.956	511.769	4463.6
858.837	-455.082	3842.26
-853.615	1055.77	3311.28
-139.65	-141.402	3512.73
347.762	-659.343	3389.98
-523.872	787.226	4372.99
-462.053	-778.535	3249.54
-347.054	-720.419	3243.92
1074.13	979.988	4076.71
801.723	-454.644	4849.01
1170.78	-83.4403	3637.69
1087.74	843.381	3869.4
979.003	1273.52	3583.16
662.029	1235.5	4758.4
-334.103	838.161	4604.59
-330.94	512.912	5100.21
1188.08	-79.8589	3264.63
505.482	-56.8989	4129.57
805.861	116.008	4841.56
551.592	-114.736	3574.61
2.14804	747.624	3449.24
-447.423	1158.77	3560.96
319.07	-732.517	4517.82
-492.72	-732.473	3790.44
-788.264	851.296	3428.93
-372.418	1016.09	4808.99
-276.277	-271.435	3437.15
-491.027	814.956	5185.75
1133.78	-405.449	3571.6
-467.214	154.438	3783.8
1035.42	222.16	3860.12
494.896	1322	3493.66
330.173	-63.4338	4528.96
-113.035	673.536	4789.39
810.172	669.509	3669.31
1041.36	369.172	5222.43
-111.066	-9.44176	4324.09
678.071	1203.41	4781.14
-119.293	-590.207	3665.51
-333.431	246.191	4738.2
1214.84	-459.527	3762.72
876.576	-137.125	4900.15
466.462	672.211	4389.92
-866.335	182.488	4730.78
-711.048	275.595	3669.6
-851.761	659.014	3937.8
585.81	707.089	4216.1
-496.203	-700.013	3043.52
-661.602	-80.0797	3550.21
-202.189	711.846	4821.89
279.956	511.769	4463.6
858.837	-455.082	3842.26
-853.615	1055.77	3311.28
-139.65	-141.402	3512.73
347.762	-659.343	3389.98
-523.872	787.226	4372.99
-462.053	-778.535	3249.54
-347.054	-720.419	3243.92
1074.13	979.988	4076.71
801.723	-454.644	4849.01
1170.78	-83.4403	3637.69
1087.74	843.381	3869.4
979.003	1273.52	3583.16
662.029	1235.5	4758.4
-334.103	838.161	4604.59
-330.94	512.912	5100.21
1188.08	-79.8589	3264.63
505.482	-56.8989	4129.57
805.861	116.008	4841.56
551.592	-114.736	3574.61
2.14804	747.624	3449.24
-447.423	1158.77	3560.96
319.07	-732.517	4517.82
-492.72	-732.473	3790.44
-788.264	851.296	3428.93
-372.418	1016.09	4808.99
-276.277	-271.435	3437.15
-491.027	814.956	5185.75
1133.78	-405.449	3571.6
-467.214	154.438	3783.8
1035.42	222.16	3860.12
494.896	1322	3493.66
330.173	-63.4338	4528.96
-113.035	673.536	4789.39
810.172	669.509	3669.31
1041.36	369.172	5222.43
-111.066	-9.44176	4324.09
678.071	1203.41	4781.14
-119.293	-590.207	3665.51
-333.431	246.191	4738.2
1214.84	-459.527	3762.72
876.576	-137.125	4900.15
466.462	672.211	4389.92
-866.335	182.488	4730.78
-711.048	275.595	3669.6
-851.761	659.014	3937.8
585.81	707.089	4216.1
-496.203	-700.013	3043.52
-661.602	-80.0797	3550.21
-202.189	711.846	4821.89
279.956	511.769	4463.6
858.837	-455.082	3842.26
-853.615	1055.77	3311.28
-139.65	-141.402	3512.73
347.762	-659.343	3389.98
-523.872	787.226	4372.99
-462.053	-778.535	3249.54
-347.054	-720.419	3243.92
1074.13	979.988	4076.71
801.723	-454.644	4849.01
1170.78	-83.4403	3637.69
1087.74	843.381	3869.4
979.003	1273.52	3583.16
662.029	1235.5	4758.4
-334.103	838.161	4604.59
-330.94	512.912	5100.21
1188.08	-79.8589	3264.63
505.482	-56.8989	4129.57
805.861	116.008	4841.56
551.592	-114.736	3574.61
2.14804	747.624	3449.24
-447.423	1158.77	3560.96
319.07	-732.517	4517.82
-492.72	-732.473	3790.44
-788.264	851.296	3428.93
-372.418	1016.09	4808.99
-276.277	-271.435	3437.15
-491.027	814.956	5185.75
1133.78	-405.449	3571.6
-467.214	154.438	3783.8
1035.42	222.16	3860.12
494.896	1322	3493.66
330.173	-63.4338	4528.96
-113.035	673.536	4789.39
810.172	669.509	3669.31
1041.36	369.172	5222.43
-111.066	-9.44176	4324.09
678.071	1203.41	4781.14
-119.293	-590.207	3665.51
-333.431	246.191	4738.2
1214.84	-459.527	3762.72
876.576	-137.125	4900.15
466.462	672.211	4389.92
-866.335	182.488	4730.78
-711.048	275.595	3669.6
-851.761	659.014	3937.8
585.81	707.089	4216.1
-496.203	-700.013	3043.52
-661.602	-80.0797	3550.21
-202.189	711.846	4821.89
279.956	511.769	4463.6
858.837	-455.082	3842.26
-853.615	1055.77	3311.28
-139.65	-141.402	3512.73
347.762	-659.343	3389.98
-523.872	787.226	4372.99
-462.053	-778.535	3249.54
-347.054	-720.419	3243.92
1074.13	979.988	4076.71
801.723	-454.644	4849.01
1170.78	-83.4403	3637.69
1087.74	843.381	3869.4
979.003	1273.52	3583.16
662.029	1235.5	4758.4
-334.103	838.161	4604.59
-330.94	512.912	5100.21
1188.08	-79.8589	3264.63
505.482	-56.8989	4129.57
805.861	116.008	4841.56
