554.747	-115.392	3595.05
2.16059	751.988	3469.37
-450.069	1165.62	3582.02
320.894	-736.705	4543.65
-495.533	-736.655	3812.08
-792.904	856.307	3449.11
-374.641	1022.16	4837.69
-277.861	-272.991	3456.85
-493.962	819.827	5216.75
1140.2	-407.743	3591.8
-469.929	155.336	3805.79
1041.38	223.438	3882.32
497.808	1329.78	3514.21
332.086	-63.8013	4555.21
-113.704	677.522	4817.74
814.874	673.395	3690.61
1047.46	371.332	5253
-111.711	-9.49657	4349.21
682.1	1210.56	4809.55
-119.973	-593.572	3686.41
-335.39	247.637	4766.04
1221.71	-462.126	3784.01
881.645	-137.918	4928.49
469.198	676.153	4415.66
-871.441	183.563	4758.66
-715.193	277.202	3691
-856.786	662.902	3961.03
589.238	711.227	4240.78
-499.015	-703.98	3060.77
-665.425	-80.5425	3570.72
-203.388	716.066	4850.47
281.596	514.768	4489.76
863.715	-457.666	3864.08
-858.656	1062	3330.83
-140.453	-142.215	3532.91
349.728	-663.07	3409.14
-526.976	791.889	4398.89
-464.674	-782.95	3267.97
-349.022	-724.505	3262.31
1080.41	985.724	4100.57
806.328	-457.255	4876.87
1177.45	-83.9156	3658.41
1094.08	848.291	3891.93
984.739	1280.98	3604.15
665.964	1242.84	4786.68
-336.086	843.136	4631.92
-332.901	515.952	5130.44
1194.82	-80.3119	3283.15
508.395	-57.2267	4153.37
810.544	116.682	4869.7
554.747	-115.392	3595.05
2.16059	751.988	3469.37
-450.069	1165.62	3582.02
320.894	-736.705	4543.65
-495.533	-736.655	3812.08
-792.904	856.307	3449.11
-374.641	1022.16	4837.69
-277.861	-272.991	3456.85
-493.962	819.827	5216.75
1140.2	-407.743	3591.8
-469.929	155.336	3805.79
1041.38	223.438	3882.32
497.808	1329.78	3514.21
332.086	-63.8013	4555.21
-113.704	677.522	4817.74
814.874	673.395	3690.61
1047.46	371.332	5253
-111.711	-9.49657	4349.21
682.1	1210.56	4809.55
-119.973	-593.572	3686.41
-335.39	247.637	4766.04
1221.71	-462.126	3784.01
881.645	-137.918	4928.49
469.198	676.153	4415.66
-871.441	183.563	4758.66
-715.193	277.202	3691
-856.786	662.902	3961.03
589.238	711.227	4240.78
-499.015	-703.98	3060.77
-665.425	-80.5425	3570.72
-203.388	716.066	4850.47
281.596	514.768	4489.76
863.715	-457.666	3864.08
-858.656	1062	3330.83
-140.453	-142.215	3532.91
349.728	-663.07	3409.14
-526.976	791.889	4398.89
-464.674	-782.95	3267.97
-349.022	-724.505	3262.31
1080.41	985.724	4100.57
806.328	-457.255	4876.87
1177.45	-83.9156	3658.41
1094.08	848.291	3891.93
984.739	1280.98	3604.15
665.964	1242.84	4786.68
-336.086	843.136	4631.92
-332.901	515.952	5130.44
1194.82	-80.3119	3283.15
508.395	-57.2267	4153.37
810.544	116.682	4869.7
554.747	-115.392	3595.05
2.16059	751.988	3469.37
-450.069	1165.62	3582.02
320.894	-736.705	4543.65
-495.533	-736.655	3812.08
-792.904	856.307	3449.11
-374.641	1022.16	4837.69
-277.861	-272.991	3456.85
-493.962	819.827	5216.75
1140.2	-407.743	3591.8
-469.929	155.336	3805.79
1041.38	223.438	3882.32
497.808	1329.78	3514.21
332.086	-63.8013	4555.21
-113.704	677.522	4817.74
814.874	673.395	3690.61
1047.46	371.332	5253
-111.711	-9.49657	4349.21
682.1	1210.56	4809.55
-119.973	-593.572	3686.41
-335.39	247.637	4766.04
1221.71	-462.126	3784.01
881.645	-137.918	4928.49
469.198	676.153	4415.66
-871.441	183.563	4758.66
-715.193	277.202	3691
-856.786	662.902	3961.03
589.238	711.227	4240.78
-499.015	-703.98	3060.77
-665.425	-80.5425	3570.72
-203.388	716.066	4850.47
281.596	514.768	4489.76
863.715	-457.666	3864.08
-858.656	1062	3330.83
-140.453	-142.215	3532.91
349.728	-663.07	3409.14
-526.976	791.889	4398.89
-464.674	-782.95	3267.97
-349.022	-724.505	3262.31
1080.41	985.724	4100.57
806.328	-457.255	4876.87
1177.45	-83.9156	3658.41
1094.08	848.291	3891.93
984.739	1280.98	3604.15
665.964	1242.84	4786.68
-336.086	843.136	4631.92
-332.901	515.952	5130.44
1194.82	-80.3119	3283.15
508.395	-57.2267	4153.37
810.544	116.682	4869.7
554.747	-115.392	3595.05
2.16059	751.988	3469.37
-450.069	1165.62	3582.02
320.894	-736.705	4543.65
-495.533	-736.655	3812.08
-792.904	856.307	3449.11
-374.641	1022.16	4837.69
-277.861	-272.991	3456.85
-493.962	819.827	5216.75
1140.2	-407.743	3591.8
-469.929	155.336	3805.79
1041.38	223.438	3882.32
497.808	1329.78	3514.21
332.086	-63.8013	4555.21
-113.704	677.522	4817.74
814.874	673.395	3690.61
1047.46	371.332	5253
-111.711	-9.49657	4349.21
682.1	1210.56	4809.55
-119.973	-593.572	3686.41
-335.39	247.637	4766.04
1221.71	-462.126	3784.01
881.645	-137.918	4928.49
469.198	676.153	4415.66
-871.441	183.563	4758.66
-715.193	277.202	3691
-856.786	662.902	3961.03
589.238	711.227	4240.78
-499.015	-703.98	3060.77
-665.425	-80.5425	3570.72
-203.388	716.066	4850.47
281.596	514.768	4489.76
863.715	-457.666	3864.08
-858.656	1062	3330.83
-140.453	-142.215	3532.91
349.728	-663.07	3409.14
-526.976	791.889	4398.89
-464.674	-782.95	3267.97
-349.022	-724.505	3262.31
1080.41	985.724	4100.57
806.328	-457.255	4876.87
1177.45	-83.9156	3658.41
1094.08	848.291	3891.93
984.739	1280.98	3604.15
665.964	1242.84	4786.68
-336.086	843.136	4631.92
-332.901	515.952	5130.44
1194.82	-80.3119	3283.15
508.395	-57.2267	4153.37
810.544	116.682	4869.7
554.747	-115.392	3595.05
2.16059	751.988	3469.37
-450.069	1165.62	3582.02
320.894	-736.705	4543.65
-495.533	-736.655	3812.08
-792.904	856.307	3449.11
-374.641	1022.16	4837.69
-277.861	-272.991	3456.85
-493.962	819.827	5216.75
1140.2	-407.743	3591.8
-469.929	155.336	3805.79
1041.38	223.438	3882.32
497.808	1329.78	3514.21
332.086	-63.8013	4555.21
-113.704	677.522	4817.74
814.874	673.395	3690.61
1047.46	371.332	5253
-111.711	-9.49657	4349.21
682.1	1210.56	4809.55
-119.973	-593.572	3686.41
-335.39	247.637	4766.04
1221.71	-462.126	3784.01
881.645	-137.918	4928.49
469.198	676.153	4415.66
-871.441	183.563	4758.66
-715.193	277.202	3691
-856.786	662.902	3961.03
589.238	711.227	4240.78
-499.015	-703.98	3060.77
-665.425	-80.5425	3570.72
-203.388	716.066	4850.47
281.596	514.768	4489.76
863.715	-457.666	3864.08
-858.656	1062	3330.83
-140.453	-142.215	3532.91
349.728	-663.07	3409.14
-526.976	791.889	4398.89
-464.674	-782.95	3267.97
-349.022	-724.505	3262.31
1080.41	985.724	4100.57
806.328	-457.255	4876.87
1177.45	-83.9156	3658.41
1094.08	848.291	3891.93
984.739	1280.98	3604.15
665.964	1242.84	4786.68
-336.086	843.136	4631.92
-332.901	515.952	5130.44
1194.82	-80.3119	3283.15
508.395	-57.2267	4153.37
810.544	116.682	4869.7
