554.824	-115.408	3595.55
2.16047	751.949	3469.19
-449.948	1165.31	3581.06
320.854	-736.613	4543.09
-495.144	-736.076	3809.09
-792.417	855.781	3446.99
-374.584	1022	4836.95
-277.714	-272.846	3455.01
-493.831	819.61	5215.36
1140.76	-407.945	3593.58
-469.679	155.253	3803.76
1042.02	223.575	3884.7
498.042	1330.41	3515.87
332.107	-63.8053	4555.49
-113.698	677.487	4817.49
815.32	673.763	3692.63
1048.26	371.615	5257
-111.681	-9.49402	4348.04
682.562	1211.38	4812.81
-119.915	-593.287	3684.64
-335.278	247.555	4764.45
1222.39	-462.383	3786.11
882.068	-137.984	4930.85
469.361	676.388	4417.2
-870.789	183.426	4755.1
-714.699	277.01	3688.45
-856.21	662.456	3958.36
589.493	711.535	4242.61
-498.597	-703.39	3058.21
-664.921	-80.4815	3568.02
-203.366	715.99	4849.96
281.645	514.856	4490.53
863.972	-457.803	3865.24
-858.125	1061.34	3328.77
-140.398	-142.159	3531.54
349.667	-662.956	3408.55
-526.786	791.604	4397.31
-464.294	-782.31	3265.3
-348.771	-723.985	3259.97
1081.34	986.57	4104.09
806.599	-457.409	4878.5
1178.17	-83.9671	3660.66
1094.97	848.984	3895.11
985.554	1282.04	3607.14
666.412	1243.68	4789.9
-336.023	842.978	4631.05
-332.824	515.832	5129.25
1195.53	-80.36	3285.11
508.478	-57.236	4154.05
810.94	116.739	4872.08
554.824	-115.408	3595.55
2.16047	751.949	3469.19
-449.948	1165.31	3581.06
320.854	-736.613	4543.09
-495.144	-736.076	3809.09
-792.417	855.781	3446.99
-374.584	1022	4836.95
-277.714	-272.846	3455.01
-493.831	819.61	5215.36
1140.76	-407.945	3593.58
-469.679	155.253	3803.76
1042.02	223.575	3884.7
498.042	1330.41	3515.87
332.107	-63.8053	4555.49
-113.698	677.487	4817.49
815.32	673.763	3692.63
1048.26	371.615	5257
-111.681	-9.49402	4348.04
682.562	1211.38	4812.81
-119.915	-593.287	3684.64
-335.278	247.555	4764.45
1222.39	-462.383	3786.11
882.068	-137.984	4930.85
469.361	676.388	4417.2
-870.789	183.426	4755.1
-714.699	277.01	3688.45
-856.21	662.456	3958.36
589.493	711.535	4242.61
-498.597	-703.39	3058.21
-664.921	-80.4815	3568.02
-203.366	715.99	4849.96
281.645	514.856	4490.53
863.972	-457.803	3865.24
-858.125	1061.34	3328.77
-140.398	-142.159	3531.54
349.667	-662.956	3408.55
-526.786	791.604	4397.31
-464.294	-782.31	3265.3
-348.771	-723.985	3259.97
1081.34	986.57	4104.09
806.599	-457.409	4878.5
1178.17	-83.9671	3660.66
1094.97	848.984	3895.11
985.554	1282.04	3607.14
666.412	1243.68	4789.9
-336.023	842.978	4631.05
-332.824	515.832	5129.25
1195.53	-80.36	3285.11
508.478	-57.236	4154.05
810.94	116.739	4872.08
554.824	-115.408	3595.55
2.16047	751.949	3469.19
-449.948	1165.31	3581.06
320.854	-736.613	4543.09
-495.144	-736.076	3809.09
-792.417	855.781	3446.99
-374.584	1022	4836.95
-277.714	-272.846	3455.01
-493.831	819.61	5215.36
1140.76	-407.945	3593.58
-469.679	155.253	3803.76
1042.02	223.575	3884.7
498.042	1330.41	3515.87
332.107	-63.8053	4555.49
-113.698	677.487	4817.49
815.32	673.763	3692.63
1048.26	371.615	5257
-111.681	-9.49402	4348.04
682.562	1211.38	4812.81
-119.915	-593.287	3684.64
-335.278	247.555	4764.45
1222.39	-462.383	3786.11
882.068	-137.984	4930.85
469.361	676.388	4417.2
-870.789	183.426	4755.1
-714.699	277.01	3688.45
-856.21	662.456	3958.36
589.493	711.535	4242.61
-498.597	-703.39	3058.21
-664.921	-80.4815	3568.02
-203.366	715.99	4849.96
281.645	514.856	4490.53
863.972	-457.803	3865.24
-858.125	1061.34	3328.77
-140.398	-142.159	3531.54
349.667	-662.956	3408.55
-526.786	791.604	4397.31
-464.294	-782.31	3265.3
-348.771	-723.985	3259.97
1081.34	986.57	4104.09
806.599	-457.409	4878.5
1178.17	-83.9671	3660.66
1094.97	848.984	3895.11
985.554	1282.04	3607.14
666.412	1243.68	4789.9
-336.023	842.978	4631.05
-332.824	515.832	5129.25
1195.53	-80.36	3285.11
508.478	-57.236	4154.05
810.94	116.739	4872.08
554.824	-115.408	3595.55
2.16047	751.949	3469.19
-449.948	1165.31	3581.06
320.854	-736.613	4543.09
-495.144	-736.076	3809.09
-792.417	855.781	3446.99
-374.584	1022	4836.95
-277.714	-272.846	3455.01
-493.831	819.61	5215.36
1140.76	-407.945	3593.58
-469.679	155.253	3803.76
1042.02	223.575	3884.7
498.042	1330.41	3515.87
332.107	-63.8053	4555.49
-113.698	677.487	4817.49
815.32	673.763	3692.63
1048.26	371.615	5257
-111.681	-9.49402	4348.04
682.562	1211.38	4812.81
-119.915	-593.287	3684.64
-335.278	247.555	4764.45
1222.39	-462.383	3786.11
882.068	-137.984	4930.85
469.361	676.388	4417.2
-870.789	183.426	4755.1
-714.699	277.01	3688.45
-856.21	662.456	3958.36
589.493	711.535	4242.61
-498.597	-703.39	3058.21
-664.921	-80.4815	3568.02
-203.366	715.99	4849.96
281.645	514.856	4490.53
863.972	-457.803	3865.24
-858.125	1061.34	3328.77
-140.398	-142.159	3531.54
349.667	-662.956	3408.55
-526.786	791.604	4397.31
-464.294	-782.31	3265.3
-348.771	-723.985	3259.97
1081.34	986.57	4104.09
806.599	-457.409	4878.5
1178.17	-83.9671	3660.66
1094.97	848.984	3895.11
985.554	1282.04	3607.14
666.412	1243.68	4789.9
-336.023	842.978	4631.05
-332.824	515.832	5129.25
1195.53	-80.36	3285.11
508.478	-57.236	4154.05
810.94	116.739	4872.08
554.824	-115.408	3595.55
2.16047	751.949	3469.19
-449.948	1165.31	3581.06
320.854	-736.613	4543.09
-495.144	-736.076	3809.09
-792.417	855.781	3446.99
-374.584	1022	4836.95
-277.714	-272.846	3455.01
-493.831	819.61	5215.36
1140.76	-407.945	3593.58
-469.679	155.253	3803.76
1042.02	223.575	3884.7
498.042	1330.41	3515.87
332.107	-63.8053	4555.49
-113.698	677.487	4817.49
815.32	673.763	3692.63
1048.26	371.615	5257
-111.681	-9.49402	4348.04
682.562	1211.38	4812.81
-119.915	-593.287	3684.64
-335.278	247.555	4764.45
1222.39	-462.383	3786.11
882.068	-137.984	4930.85
469.361	676.388	4417.2
-870.789	183.426	4755.1
-714.699	277.01	3688.45
-856.21	662.456	3958.36
589.493	711.535	4242.61
-498.597	-703.39	3058.21
-664.921	-80.4815	3568.02
-203.366	715.99	4849.96
281.645	514.856	4490.53
863.972	-457.803	3865.24
-858.125	1061.34	3328.77
-140.398	-142.159	3531.54
349.667	-662.956	3408.55
-526.786	791.604	4397.31
-464.294	-782.31	3265.3
-348.771	-723.985	3259.97
1081.34	986.57	4104.09
806.599	-457.409	4878.5
1178.17	-83.9671	3660.66
1094.97	848.984	3895.11
985.554	1282.04	3607.14
666.412	1243.68	4789.9
-336.023	842.978	4631.05
-332.824	515.832	5129.25
1195.53	-80.36	3285.11
508.478	-57.236	4154.05
810.94	116.739	4872.08
