554.717	-115.386	3594.86
2.16048	751.952	3469.2
-450.047	1165.57	3581.84
320.867	-736.643	4543.27
-495.503	-736.61	3811.85
-792.867	856.268	3448.95
-374.608	1022.07	4837.27
-277.847	-272.977	3456.68
-493.912	819.745	5216.22
1140.13	-407.72	3591.6
-469.901	155.327	3805.57
1041.32	223.424	3882.08
497.784	1329.72	3514.05
332.059	-63.796	4554.83
-113.694	677.462	4817.31
814.829	673.358	3690.41
1047.35	371.294	5252.45
-111.703	-9.49585	4348.88
682.04	1210.45	4809.13
-119.966	-593.538	3686.2
-335.361	247.616	4765.62
1221.64	-462.098	3783.78
881.562	-137.905	4928.02
469.162	676.101	4415.32
-871.364	183.547	4758.24
-715.154	277.186	3690.8
-856.733	662.861	3960.78
589.196	711.176	4240.47
-498.996	-703.953	3060.66
-665.39	-80.5383	3570.54
-203.37	716.002	4850.04
281.574	514.727	4489.4
863.66	-457.637	3863.84
-858.62	1061.96	3330.69
-140.445	-142.207	3532.73
349.71	-663.037	3408.97
-526.936	791.83	4398.56
-464.653	-782.915	3267.82
-349.006	-724.472	3262.17
1080.34	985.658	4100.29
806.253	-457.213	4876.41
1177.38	-83.9109	3658.21
1094.01	848.24	3891.7
984.689	1280.91	3603.97
665.907	1242.73	4786.26
-336.058	843.067	4631.54
-332.869	515.901	5129.94
1194.77	-80.3084	3283
508.359	-57.2227	4153.07
810.469	116.671	4869.25
554.717	-115.386	3594.86
2.16048	751.952	3469.2
-450.047	1165.57	3581.84
320.867	-736.643	4543.27
-495.503	-736.61	3811.85
-792.867	856.268	3448.95
-374.608	1022.07	4837.27
-277.847	-272.977	3456.68
-493.912	819.745	5216.22
1140.13	-407.72	3591.6
-469.901	155.327	3805.57
1041.32	223.424	3882.08
497.784	1329.72	3514.05
332.059	-63.796	4554.83
-113.694	677.462	4817.31
814.829	673.358	3690.41
1047.35	371.294	5252.45
-111.703	-9.49585	4348.88
682.04	1210.45	4809.13
-119.966	-593.538	3686.2
-335.361	247.616	4765.62
1221.64	-462.098	3783.78
881.562	-137.905	4928.02
469.162	676.101	4415.32
-871.364	183.547	4758.24
-715.154	277.186	3690.8
-856.733	662.861	3960.78
589.196	711.176	4240.47
-498.996	-703.953	3060.66
-665.39	-80.5383	3570.54
-203.37	716.002	4850.04
281.574	514.727	4489.4
863.66	-457.637	3863.84
-858.62	1061.96	3330.69
-140.445	-142.207	3532.73
349.71	-663.037	3408.97
-526.936	791.83	4398.56
-464.653	-782.915	3267.82
-349.006	-724.472	3262.17
1080.34	985.658	4100.29
806.253	-457.213	4876.41
1177.38	-83.9109	3658.21
1094.01	848.24	3891.7
984.689	1280.91	3603.97
665.907	1242.73	4786.26
-336.058	843.067	4631.54
-332.869	515.901	5129.94
1194.77	-80.3084	3283
508.359	-57.2227	4153.07
810.469	116.671	4869.25
554.717	-115.386	3594.86
2.16048	751.952	3469.2
-450.047	1165.57	3581.84
320.867	-736.643	4543.27
-495.503	-736.61	3811.85
-792.867	856.268	3448.95
-374.608	1022.07	4837.27
-277.847	-272.977	3456.68
-493.912	819.745	5216.22
1140.13	-407.72	3591.6
-469.901	155.327	3805.57
1041.32	223.424	3882.08
497.784	1329.72	3514.05
332.059	-63.796	4554.83
-113.694	677.462	4817.31
814.829	673.358	3690.41
1047.35	371.294	5252.45
-111.703	-9.49585	4348.88
682.04	1210.45	4809.13
-119.966	-593.538	3686.2
-335.361	247.616	4765.62
1221.64	-462.098	3783.78
881.562	-137.905	4928.02
469.162	676.101	4415.32
-871.364	183.547	4758.24
-715.154	277.186	3690.8
-856.733	662.861	3960.78
589.196	711.176	4240.47
-498.996	-703.953	3060.66
-665.39	-80.5383	3570.54
-203.37	716.002	4850.04
281.574	514.727	4489.4
863.66	-457.637	3863.84
-858.62	1061.96	3330.69
-140.445	-142.207	3532.73
349.71	-663.037	3408.97
-526.936	791.83	4398.56
-464.653	-782.915	3267.82
-349.006	-724.472	3262.17
1080.34	985.658	4100.29
806.253	-457.213	4876.41
1177.38	-83.9109	3658.21
1094.01	848.24	3891.7
984.689	1280.91	3603.97
665.907	1242.73	4786.26
-336.058	843.067	4631.54
-332.869	515.901	5129.94
1194.77	-80.3084	3283
508.359	-57.2227	4153.07
810.469	116.671	4869.25
554.717	-115.386	3594.86
2.16048	751.952	3469.2
-450.047	1165.57	3581.84
320.867	-736.643	4543.27
-495.503	-736.61	3811.85
-792.867	856.268	3448.95
-374.608	1022.07	4837.27
-277.847	-272.977	3456.68
-493.912	819.745	5216.22
1140.13	-407.72	3591.6
-469.901	155.327	3805.57
1041.32	223.424	3882.08
497.784	1329.72	3514.05
332.059	-63.796	4554.83
-113.694	677.462	4817.31
814.829	673.358	3690.41
1047.35	371.294	5252.45
-111.703	-9.49585	4348.88
682.04	1210.45	4809.13
-119.966	-593.538	3686.2
-335.361	247.616	4765.62
1221.64	-462.098	3783.78
881.562	-137.905	4928.02
469.162	676.101	4415.32
-871.364	183.547	4758.24
-715.154	277.186	3690.8
-856.733	662.861	3960.78
589.196	711.176	4240.47
-498.996	-703.953	3060.66
-665.39	-80.5383	3570.54
-203.37	716.002	4850.04
281.574	514.727	4489.4
863.66	-457.637	3863.84
-858.62	1061.96	3330.69
-140.445	-142.207	3532.73
349.71	-663.037	3408.97
-526.936	791.83	4398.56
-464.653	-782.915	3267.82
-349.006	-724.472	3262.17
1080.34	985.658	4100.29
806.253	-457.213	4876.41
1177.38	-83.9109	3658.21
1094.01	848.24	3891.7
984.689	1280.91	3603.97
665.907	1242.73	4786.26
-336.058	843.067	4631.54
-332.869	515.901	5129.94
1194.77	-80.3084	3283
508.359	-57.2227	4153.07
810.469	116.671	4869.25
554.717	-115.386	3594.86
2.16048	751.952	3469.2
-450.047	1165.57	3581.84
320.867	-736.643	4543.27
-495.503	-736.61	3811.85
-792.867	856.268	3448.95
-374.608	1022.07	4837.27
-277.847	-272.977	3456.68
-493.912	819.745	5216.22
1140.13	-407.72	3591.6
-469.901	155.327	3805.57
1041.32	223.424	3882.08
497.784	1329.72	3514.05
332.059	-63.796	4554.83
-113.694	677.462	4817.31
814.829	673.358	3690.41
1047.35	371.294	5252.45
-111.703	-9.49585	4348.88
682.04	1210.45	4809.13
-119.966	-593.538	3686.2
-335.361	247.616	4765.62
1221.64	-462.098	3783.78
881.562	-137.905	4928.02
469.162	676.101	4415.32
-871.364	183.547	4758.24
-715.154	277.186	3690.8
-856.733	662.861	3960.78
589.196	711.176	4240.47
-498.996	-703.953	3060.66
-665.39	-80.5383	3570.54
-203.37	716.002	4850.04
281.574	514.727	4489.4
863.66	-457.637	3863.84
-858.62	1061.96	3330.69
-140.445	-142.207	3532.73
349.71	-663.037	3408.97
-526.936	791.83	4398.56
-464.653	-782.915	3267.82
-349.006	-724.472	3262.17
1080.34	985.658	4100.29
806.253	-457.213	4876.41
1177.38	-83.9109	3658.21
1094.01	848.24	3891.7
984.689	1280.91	3603.97
665.907	1242.73	4786.26
-336.058	843.067	4631.54
-332.869	515.901	5129.94
1194.77	-80.3084	3283
508.359	-57.2227	4153.07
810.469	116.671	4869.25
