557.966	-116.061	3615.91
2.17345	756.464	3490.02
-452.785	1172.66	3603.64
322.732	-740.924	4569.68
-498.401	-740.918	3834.14
-797.675	861.46	3469.87
-376.89	1028.29	4866.73
-279.483	-274.584	3477.02
-496.916	824.73	5247.95
1146.72	-410.078	3612.37
-472.702	156.253	3828.25
1047.43	224.737	3904.89
500.793	1337.75	3535.29
334.017	-64.1723	4581.69
-114.379	681.546	4846.35
819.672	677.36	3712.34
1053.56	373.494	5283.58
-112.365	-9.55221	4374.66
686.163	1217.77	4838.2
-120.666	-597.004	3707.73
-337.369	249.098	4794.15
1228.69	-464.766	3805.63
886.731	-138.714	4956.91
471.968	680.145	4441.74
-876.604	184.651	4786.85
-719.438	278.847	3712.9
-861.919	666.874	3984.76
592.717	715.426	4265.81
-501.908	-708.06	3078.51
-669.341	-81.0164	3591.74
-204.598	720.327	4879.34
283.256	517.803	4516.23
868.669	-460.291	3886.25
-863.85	1068.42	3350.98
-141.273	-143.046	3553.56
351.736	-666.879	3428.72
-530.129	796.628	4425.22
-467.36	-787.477	3286.86
-351.04	-728.694	3281.18
1086.8	991.548	4124.79
810.951	-459.877	4904.82
1184.24	-84.3995	3679.51
1100.52	853.29	3914.87
990.606	1288.61	3625.63
669.936	1250.25	4815.23
-338.094	848.175	4659.6
-334.876	519.013	5160.88
1201.71	-80.7752	3302.09
511.348	-57.5591	4177.49
815.25	117.359	4897.97
557.966	-116.061	3615.91
2.17345	756.464	3490.02
-452.785	1172.66	3603.64
322.732	-740.924	4569.68
-498.401	-740.918	3834.14
-797.675	861.46	3469.87
-376.89	1028.29	4866.73
-279.483	-274.584	3477.02
-496.916	824.73	5247.95
1146.72	-410.078	3612.37
-472.702	156.253	3828.25
1047.43	224.737	3904.89
500.793	1337.75	3535.29
334.017	-64.1723	4581.69
-114.379	681.546	4846.35
819.672	677.36	3712.34
1053.56	373.494	5283.58
-112.365	-9.55221	4374.66
686.163	1217.77	4838.2
-120.666	-597.004	3707.73
-337.369	249.098	4794.15
1228.69	-464.766	3805.63
886.731	-138.714	4956.91
471.968	680.145	4441.74
-876.604	184.651	4786.85
-719.438	278.847	3712.9
-861.919	666.874	3984.76
592.717	715.426	4265.81
-501.908	-708.06	3078.51
-669.341	-81.0164	3591.74
-204.598	720.327	4879.34
283.256	517.803	4516.23
868.669	-460.291	3886.25
-863.85	1068.42	3350.98
-141.273	-143.046	3553.56
351.736	-666.879	3428.72
-530.129	796.628	4425.22
-467.36	-787.477	3286.86
-351.04	-728.694	3281.18
1086.8	991.548	4124.79
810.951	-459.877	4904.82
1184.24	-84.3995	3679.51
1100.52	853.29	3914.87
990.606	1288.61	3625.63
669.936	1250.25	4815.23
-338.094	848.175	4659.6
-334.876	519.013	5160.88
1201.71	-80.7752	3302.09
511.348	-57.5591	4177.49
815.25	117.359	4897.97
557.966	-116.061	3615.91
2.17345	756.464	3490.02
-452.785	1172.66	3603.64
322.732	-740.924	4569.68
-498.401	-740.918	3834.14
-797.675	861.46	3469.87
-376.89	1028.29	4866.73
-279.483	-274.584	3477.02
-496.916	824.73	5247.95
1146.72	-410.078	3612.37
-472.702	156.253	3828.25
1047.43	224.737	3904.89
500.793	1337.75	3535.29
334.017	-64.1723	4581.69
-114.379	681.546	4846.35
819.672	677.36	3712.34
1053.56	373.494	5283.58
-112.365	-9.55221	4374.66
686.163	1217.77	4838.2
-120.666	-597.004	3707.73
-337.369	249.098	4794.15
1228.69	-464.766	3805.63
886.731	-138.714	4956.91
471.968	680.145	4441.74
-876.604	184.651	4786.85
-719.438	278.847	3712.9
-861.919	666.874	3984.76
592.717	715.426	4265.81
-501.908	-708.06	3078.51
-669.341	-81.0164	3591.74
-204.598	720.327	4879.34
283.256	517.803	4516.23
868.669	-460.291	3886.25
-863.85	1068.42	3350.98
-141.273	-143.046	3553.56
351.736	-666.879	3428.72
-530.129	796.628	4425.22
-467.36	-787.477	3286.86
-351.04	-728.694	3281.18
1086.8	991.548	4124.79
810.951	-459.877	4904.82
1184.24	-84.3995	3679.51
1100.52	853.29	3914.87
990.606	1288.61	3625.63
669.936	1250.25	4815.23
-338.094	848.175	4659.6
-334.876	519.013	5160.88
1201.71	-80.7752	3302.09
511.348	-57.5591	4177.49
815.25	117.359	4897.97
557.966	-116.061	3615.91
2.17345	756.464	3490.02
-452.785	1172.66	3603.64
322.732	-740.924	4569.68
-498.401	-740.918	3834.14
-797.675	861.46	3469.87
-376.89	1028.29	4866.73
-279.483	-274.584	3477.02
-496.916	824.73	5247.95
1146.72	-410.078	3612.37
-472.702	156.253	3828.25
1047.43	224.737	3904.89
500.793	1337.75	3535.29
334.017	-64.1723	4581.69
-114.379	681.546	4846.35
819.672	677.36	3712.34
1053.56	373.494	5283.58
-112.365	-9.55221	4374.66
686.163	1217.77	4838.2
-120.666	-597.004	3707.73
-337.369	249.098	4794.15
1228.69	-464.766	3805.63
886.731	-138.714	4956.91
471.968	680.145	4441.74
-876.604	184.651	4786.85
-719.438	278.847	3712.9
-861.919	666.874	3984.76
592.717	715.426	4265.81
-501.908	-708.06	3078.51
-669.341	-81.0164	3591.74
-204.598	720.327	4879.34
283.256	517.803	4516.23
868.669	-460.291	3886.25
-863.85	1068.42	3350.98
-141.273	-143.046	3553.56
351.736	-666.879	3428.72
-530.129	796.628	4425.22
-467.36	-787.477	3286.86
-351.04	-728.694	3281.18
1086.8	991.548	4124.79
810.951	-459.877	4904.82
1184.24	-84.3995	3679.51
1100.52	853.29	3914.87
990.606	1288.61	3625.63
669.936	1250.25	4815.23
-338.094	848.175	4659.6
-334.876	519.013	5160.88
1201.71	-80.7752	3302.09
511.348	-57.5591	4177.49
815.25	117.359	4897.97
557.966	-116.061	3615.91
2.17345	756.464	3490.02
-452.785	1172.66	3603.64
322.732	-740.924	4569.68
-498.401	-740.918	3834.14
-797.675	861.46	3469.87
-376.89	1028.29	4866.73
-279.483	-274.584	3477.02
-496.916	824.73	5247.95
1146.72	-410.078	3612.37
-472.702	156.253	3828.25
1047.43	224.737	3904.89
500.793	1337.75	3535.29
334.017	-64.1723	4581.69
-114.379	681.546	4846.35
819.672	677.36	3712.34
1053.56	373.494	5283.58
-112.365	-9.55221	4374.66
686.163	1217.77	4838.2
-120.666	-597.004	3707.73
-337.369	249.098	4794.15
1228.69	-464.766	3805.63
886.731	-138.714	4956.91
471.968	680.145	4441.74
-876.604	184.651	4786.85
-719.438	278.847	3712.9
-861.919	666.874	3984.76
592.717	715.426	4265.81
-501.908	-708.06	3078.51
-669.341	-81.0164	3591.74
-204.598	720.327	4879.34
283.256	517.803	4516.23
868.669	-460.291	3886.25
-863.85	1068.42	3350.98
-141.273	-143.046	3553.56
351.736	-666.879	3428.72
-530.129	796.628	4425.22
-467.36	-787.477	3286.86
-351.04	-728.694	3281.18
1086.8	991.548	4124.79
810.951	-459.877	4904.82
1184.24	-84.3995	3679.51
1100.52	853.29	3914.87
990.606	1288.61	3625.63
669.936	1250.25	4815.23
-338.094	848.175	4659.6
-334.876	519.013	5160.88
1201.71	-80.7752	3302.09
511.348	-57.5591	4177.49
815.25	117.359	4897.97
