-432.707	2050.03	4380.78
1738.65	90.8893	5285.82
1091.02	2419.37	2310.2
2626.45	82.6112	2681.42
-983.106	2216.77	3220.69
1921.24	3703.52	2428.83
-903.857	2533.79	4817.69
-659.873	2418.26	5627.3
-220.974	1992.57	5363.12
133.588	928.065	2612.36
2524.37	2565.36	2292.53
1681.16	2677.54	3790.61
-309.727	1283.43	3035.62
1259.04	-380.217	3474.84
386.371	2802.11	4114.54
-471.745	1019.08	4860.57
1198.77	3132.35	3932.33
1506.08	1299.19	4466.25
1891.09	1409.39	2752.83
-735.681	858.425	4426.3
575.593	-815.413	4698.64
240.049	1420.78	1709.68
-806.52	-81.0895	5210.99
1832.57	1720.72	3832.6
-246.048	492.46	2697.24
-952.74	1248.69	3819.96
528.576	2629.39	5008.79
2821.51	296.203	4415.71
-989.334	2815.85	3011.11
2414.56	482.427	4140.64
476.423	3025.17	2107.41
-486.767	2016.51	2791.41
1062.29	-99.5172	3277
-815.155	1382.47	4742.34
2345.88	2290.1	4073.53
490.486	1784.21	5450.21
980.994	2832.87	4869.91
431.582	2815.38	5630.21
-375.477	1876.38	4888.4
37.1019	2142.73	4685.69
-1087.98	2339.92	3220.64
1932.58	2217.78	3551.91
3203.03	-115.484	5047.8
229.593	2486.27	2466.72
2021.02	452.309	5336.92
-396.138	1646.79	1870.84
-646.302	2621.74	3816.14
2990.88	-21.019	3505.36
798.114	2895.86	4187.19
2443.49	1424.23	5171.58
-432.707	2050.03	4380.78
1738.65	90.8893	5285.82
1091.02	2419.37	2310.2
2626.45	82.6112	2681.42
-983.106	2216.77	3220.69
1921.24	3703.52	2428.83
-903.857	2533.79	4817.69
-659.873	2418.26	5627.3
-220.974	1992.57	5363.12
133.588	928.065	2612.36
2524.37	2565.36	2292.53
1681.16	2677.54	3790.61
-309.727	1283.43	3035.62
1259.04	-380.217	3474.84
386.371	2802.11	4114.54
-471.745	1019.08	4860.57
1198.77	3132.35	3932.33
1506.08	1299.19	4466.25
1891.09	1409.39	2752.83
-735.681	858.425	4426.3
575.593	-815.413	4698.64
240.049	1420.78	1709.68
-806.52	-81.0895	5210.99
1832.57	1720.72	3832.6
-246.048	492.46	2697.24
-952.74	1248.69	3819.96
528.576	2629.39	5008.79
2821.51	296.203	4415.71
-989.334	2815.85	3011.11
2414.56	482.427	4140.64
476.423	3025.17	2107.41
-486.767	2016.51	2791.41
1062.29	-99.5172	3277
-815.155	1382.47	4742.34
2345.88	2290.1	4073.53
490.486	1784.21	5450.21
980.994	2832.87	4869.91
431.582	2815.38	5630.21
-375.477	1876.38	4888.4
37.1019	2142.73	4685.69
-1087.98	2339.92	3220.64
1932.58	2217.78	3551.91
3203.03	-115.484	5047.8
229.593	2486.27	2466.72
2021.02	452.309	5336.92
-396.138	1646.79	1870.84
-646.302	2621.74	3816.14
2990.88	-21.019	3505.36
798.114	2895.86	4187.19
2443.49	1424.23	5171.58
-432.707	2050.03	4380.78
1738.65	90.8893	5285.82
1091.02	2419.37	2310.2
2626.45	82.6112	2681.42
-983.106	2216.77	3220.69
1921.24	3703.52	2428.83
-903.857	2533.79	4817.69
-659.873	2418.26	5627.3
-220.974	1992.57	5363.12
133.588	928.065	2612.36
2524.37	2565.36	2292.53
1681.16	2677.54	3790.61
-309.727	1283.43	3035.62
1259.04	-380.217	3474.84
386.371	2802.11	4114.54
-471.745	1019.08	4860.57
1198.77	3132.35	3932.33
1506.08	1299.19	4466.25
1891.09	1409.39	2752.83
-735.681	858.425	4426.3
575.593	-815.413	4698.64
240.049	1420.78	1709.68
-806.52	-81.0895	5210.99
1832.57	1720.72	3832.6
-246.048	492.46	2697.24
-952.74	1248.69	3819.96
528.576	2629.39	5008.79
2821.51	296.203	4415.71
-989.334	2815.85	3011.11
2414.56	482.427	4140.64
476.423	3025.17	2107.41
-486.767	2016.51	2791.41
1062.29	-99.5172	3277
-815.155	1382.47	4742.34
2345.88	2290.1	4073.53
490.486	1784.21	5450.21
980.994	2832.87	4869.91
431.582	2815.38	5630.21
-375.477	1876.38	4888.4
37.1019	2142.73	4685.69
-1087.98	2339.92	3220.64
1932.58	2217.78	3551.91
3203.03	-115.484	5047.8
229.593	2486.27	2466.72
2021.02	452.309	5336.92
-396.138	1646.79	1870.84
-646.302	2621.74	3816.14
2990.88	-21.019	3505.36
798.114	2895.86	4187.19
2443.49	1424.23	5171.58
-432.707	2050.03	4380.78
1738.65	90.8893	5285.82
1091.02	2419.37	2310.2
2626.45	82.6112	2681.42
-983.106	2216.77	3220.69
1921.24	3703.52	2428.83
-903.857	2533.79	4817.69
-659.873	2418.26	5627.3
-220.974	1992.57	5363.12
133.588	928.065	2612.36
2524.37	2565.36	2292.53
1681.16	2677.54	3790.61
-309.727	1283.43	3035.62
1259.04	-380.217	3474.84
386.371	2802.11	4114.54
-471.745	1019.08	4860.57
1198.77	3132.35	3932.33
1506.08	1299.19	4466.25
1891.09	1409.39	2752.83
-735.681	858.425	4426.3
575.593	-815.413	4698.64
240.049	1420.78	1709.68
-806.52	-81.0895	5210.99
1832.57	1720.72	3832.6
-246.048	492.46	2697.24
-952.74	1248.69	3819.96
528.576	2629.39	5008.79
2821.51	296.203	4415.71
-989.334	2815.85	3011.11
2414.56	482.427	4140.64
476.423	3025.17	2107.41
-486.767	2016.51	2791.41
1062.29	-99.5172	3277
-815.155	1382.47	4742.34
2345.88	2290.1	4073.53
490.486	1784.21	5450.21
980.994	2832.87	4869.91
431.582	2815.38	5630.21
-375.477	1876.38	4888.4
37.1019	2142.73	4685.69
-1087.98	2339.92	3220.64
1932.58	2217.78	3551.91
3203.03	-115.484	5047.8
229.593	2486.27	2466.72
2021.02	452.309	5336.92
-396.138	1646.79	1870.84
-646.302	2621.74	3816.14
2990.88	-21.019	3505.36
798.114	2895.86	4187.19
2443.49	1424.23	5171.58
-432.707	2050.03	4380.78
1738.65	90.8893	5285.82
1091.02	2419.37	2310.2
2626.45	82.6112	2681.42
-983.106	2216.77	3220.69
1921.24	3703.52	2428.83
-903.857	2533.79	4817.69
-659.873	2418.26	5627.3
-220.974	1992.57	5363.12
133.588	928.065	2612.36
2524.37	2565.36	2292.53
1681.16	2677.54	3790.61
-309.727	1283.43	3035.62
1259.04	-380.217	3474.84
386.371	2802.11	4114.54
-471.745	1019.08	4860.57
1198.77	3132.35	3932.33
1506.08	1299.19	4466.25
1891.09	1409.39	2752.83
-735.681	858.425	4426.3
575.593	-815.413	4698.64
240.049	1420.78	1709.68
-806.52	-81.0895	5210.99
1832.57	1720.72	3832.6
-246.048	492.46	2697.24
-952.74	1248.69	3819.96
528.576	2629.39	5008.79
2821.51	296.203	4415.71
-989.334	2815.85	3011.11
2414.56	482.427	4140.64
476.423	3025.17	2107.41
-486.767	2016.51	2791.41
1062.29	-99.5172	3277
-815.155	1382.47	4742.34
2345.88	2290.1	4073.53
490.486	1784.21	5450.21
980.994	2832.87	4869.91
431.582	2815.38	5630.21
-375.477	1876.38	4888.4
37.1019	2142.73	4685.69
-1087.98	2339.92	3220.64
1932.58	2217.78	3551.91
3203.03	-115.484	5047.8
229.593	2486.27	2466.72
2021.02	452.309	5336.92
-396.138	1646.79	1870.84
-646.302	2621.74	3816.14
2990.88	-21.019	3505.36
798.114	2895.86	4187.19
2443.49	1424.23	5171.58
