-429.48	2034.75	4348.11
1725.69	90.2115	5246.4
1082.88	2401.32	2292.97
2606.86	81.9948	2661.41
-975.774	2200.24	3196.67
1906.91	3675.9	2410.72
-897.118	2514.9	4781.77
-654.954	2400.23	5585.35
-219.326	1977.71	5323.14
132.592	921.141	2592.87
2505.54	2546.22	2275.43
1668.63	2657.58	3762.35
-307.416	1273.86	3012.98
1249.64	-377.381	3448.92
383.49	2781.22	4083.86
-468.227	1011.48	4824.32
1189.83	3109	3903.01
1494.85	1289.51	4432.94
1876.98	1398.88	2732.29
-730.194	852.023	4393.29
571.299	-809.331	4663.59
238.258	1410.18	1696.93
-800.505	-80.4848	5172.13
1818.91	1707.89	3804.01
-244.212	488.786	2677.11
-945.634	1239.38	3791.47
524.636	2609.79	4971.45
2800.47	293.994	4382.78
-981.956	2794.85	2988.65
2396.55	478.828	4109.76
472.869	3002.6	2091.7
-483.136	2001.46	2770.59
1054.37	-98.7747	3252.55
-809.076	1372.16	4706.98
2328.39	2273.02	4043.15
486.829	1770.91	5409.58
973.68	2811.75	4833.6
428.365	2794.4	5588.24
-372.677	1862.39	4851.95
36.8252	2126.76	4650.76
-1079.86	2322.46	3196.62
1918.17	2201.24	3525.43
3179.14	-114.622	5010.16
227.881	2467.73	2448.32
2005.95	448.936	5297.12
-393.183	1634.5	1856.88
-641.483	2602.19	3787.68
2968.57	-20.8622	3479.21
792.163	2874.27	4155.97
2425.27	1413.61	5133.02
-429.48	2034.75	4348.11
1725.69	90.2115	5246.4
1082.88	2401.32	2292.97
2606.86	81.9948	2661.41
-975.774	2200.24	3196.67
1906.91	3675.9	2410.72
-897.118	2514.9	4781.77
-654.954	2400.23	5585.35
-219.326	1977.71	5323.14
132.592	921.141	2592.87
2505.54	2546.22	2275.43
1668.63	2657.58	3762.35
-307.416	1273.86	3012.98
1249.64	-377.381	3448.92
383.49	2781.22	4083.86
-468.227	1011.48	4824.32
1189.83	3109	3903.01
1494.85	1289.51	4432.94
1876.98	1398.88	2732.29
-730.194	852.023	4393.29
571.299	-809.331	4663.59
238.258	1410.18	1696.93
-800.505	-80.4848	5172.13
1818.91	1707.89	3804.01
-244.212	488.786	2677.11
-945.634	1239.38	3791.47
524.636	2609.79	4971.45
2800.47	293.994	4382.78
-981.956	2794.85	2988.65
2396.55	478.828	4109.76
472.869	3002.6	2091.7
-483.136	2001.46	2770.59
1054.37	-98.7747	3252.55
-809.076	1372.16	4706.98
2328.39	2273.02	4043.15
486.829	1770.91	5409.58
973.68	2811.75	4833.6
428.365	2794.4	5588.24
-372.677	1862.39	4851.95
36.8252	2126.76	4650.76
-1079.86	2322.46	3196.62
1918.17	2201.24	3525.43
3179.14	-114.622	5010.16
227.881	2467.73	2448.32
2005.95	448.936	5297.12
-393.183	1634.5	1856.88
-641.483	2602.19	3787.68
2968.57	-20.8622	3479.21
792.163	2874.27	4155.97
2425.27	1413.61	5133.02
-429.48	2034.75	4348.11
1725.69	90.2115	5246.4
1082.88	2401.32	2292.97
2606.86	81.9948	2661.41
-975.774	2200.24	3196.67
1906.91	3675.9	2410.72
-897.118	2514.9	4781.77
-654.954	2400.23	5585.35
-219.326	1977.71	5323.14
132.592	921.141	2592.87
2505.54	2546.22	2275.43
1668.63	2657.58	3762.35
-307.416	1273.86	3012.98
1249.64	-377.381	3448.92
383.49	2781.22	4083.86
-468.227	1011.48	4824.32
1189.83	3109	3903.01
1494.85	1289.51	4432.94
1876.98	1398.88	2732.29
-730.194	852.023	4393.29
571.299	-809.331	4663.59
238.258	1410.18	1696.93
-800.505	-80.4848	5172.13
1818.91	1707.89	3804.01
-244.212	488.786	2677.11
-945.634	1239.38	3791.47
524.636	2609.79	4971.45
2800.47	293.994	4382.78
-981.956	2794.85	2988.65
2396.55	478.828	4109.76
472.869	3002.6	2091.7
-483.136	2001.46	2770.59
1054.37	-98.7747	3252.55
-809.076	1372.16	4706.98
2328.39	2273.02	4043.15
486.829	1770.91	5409.58
973.68	2811.75	4833.6
428.365	2794.4	5588.24
-372.677	1862.39	4851.95
36.8252	2126.76	4650.76
-1079.86	2322.46	3196.62
1918.17	2201.24	3525.43
3179.14	-114.622	5010.16
227.881	2467.73	2448.32
2005.95	448.936	5297.12
-393.183	1634.5	1856.88
-641.483	2602.19	3787.68
2968.57	-20.8622	3479.21
792.163	2874.27	4155.97
2425.27	1413.61	5133.02
-429.48	2034.75	4348.11
1725.69	90.2115	5246.4
1082.88	2401.32	2292.97
2606.86	81.9948	2661.41
-975.774	2200.24	3196.67
1906.91	3675.9	2410.72
-897.118	2514.9	4781.77
-654.954	2400.23	5585.35
-219.326	1977.71	5323.14
132.592	921.141	2592.87
2505.54	2546.22	2275.43
1668.63	2657.58	3762.35
-307.416	1273.86	3012.98
1249.64	-377.381	3448.92
383.49	2781.22	4083.86
-468.227	1011.48	4824.32
1189.83	3109	3903.01
1494.85	1289.51	4432.94
1876.98	1398.88	2732.29
-730.194	852.023	4393.29
571.299	-809.331	4663.59
238.258	1410.18	1696.93
-800.505	-80.4848	5172.13
1818.91	1707.89	3804.01
-244.212	488.786	2677.11
-945.634	1239.38	3791.47
524.636	2609.79	4971.45
2800.47	293.994	4382.78
-981.956	2794.85	2988.65
2396.55	478.828	4109.76
472.869	3002.6	2091.7
-483.136	2001.46	2770.59
1054.37	-98.7747	3252.55
-809.076	1372.16	4706.98
2328.39	2273.02	4043.15
486.829	1770.91	5409.58
973.68	2811.75	4833.6
428.365	2794.4	5588.24
-372.677	1862.39	4851.95
36.8252	2126.76	4650.76
-1079.86	2322.46	3196.62
1918.17	2201.24	3525.43
3179.14	-114.622	5010.16
227.881	2467.73	2448.32
2005.95	448.936	5297.12
-393.183	1634.5	1856.88
-641.483	2602.19	3787.68
2968.57	-20.8622	3479.21
792.163	2874.27	4155.97
2425.27	1413.61	5133.02
-429.48	2034.75	4348.11
1725.69	90.2115	5246.4
1082.88	2401.32	2292.97
2606.86	81.9948	2661.41
-975.774	2200.24	3196.67
1906.91	3675.9	2410.72
-897.118	2514.9	4781.77
-654.954	2400.23	5585.35
-219.326	1977.71	5323.14
132.592	921.141	2592.87
2505.54	2546.22	2275.43
1668.63	2657.58	3762.35
-307.416	1273.86	3012.98
1249.64	-377.381	3448.92
383.49	2781.22	4083.86
-468.227	1011.48	4824.32
1189.83	3109	3903.01
1494.85	1289.51	4432.94
1876.98	1398.88	2732.29
-730.194	852.023	4393.29
571.299	-809.331	4663.59
238.258	1410.18	1696.93
-800.505	-80.4848	5172.13
1818.91	1707.89	3804.01
-244.212	488.786	2677.11
-945.634	1239.38	3791.47
524.636	2609.79	4971.45
2800.47	293.994	4382.78
-981.956	2794.85	2988.65
2396.55	478.828	4109.76
472.869	3002.6	2091.7
-483.136	2001.46	2770.59
1054.37	-98.7747	3252.55
-809.076	1372.16	4706.98
2328.39	2273.02	4043.15
486.829	1770.91	5409.58
973.68	2811.75	4833.6
428.365	2794.4	5588.24
-372.677	1862.39	4851.95
36.8252	2126.76	4650.76
-1079.86	2322.46	3196.62
1918.17	2201.24	3525.43
3179.14	-114.622	5010.16
227.881	2467.73	2448.32
2005.95	448.936	5297.12
-393.183	1634.5	1856.88
-641.483	2602.19	3787.68
2968.57	-20.8622	3479.21
792.163	2874.27	4155.97
2425.27	1413.61	5133.02
