-431.995	2046.66	4373.57
1735.79	90.7398	5277.12
1089.22	2415.38	2306.4
2622.13	82.4753	2677.01
-981.488	2213.12	3215.39
1918.08	3697.42	2424.84
-902.37	2529.62	4809.76
-658.787	2414.28	5618.04
-220.61	1989.29	5354.3
133.368	926.538	2608.06
2520.22	2561.14	2288.75
1678.4	2673.14	3784.38
-309.217	1281.32	3030.63
1256.96	-379.592	3469.12
385.736	2797.5	4107.77
-470.969	1017.4	4852.57
1196.8	3127.2	3925.86
1503.61	1297.06	4458.9
1887.98	1407.07	2748.3
-734.47	857.012	4419.02
574.646	-814.072	4690.91
239.654	1418.44	1706.87
-805.193	-80.9561	5202.42
1829.56	1717.89	3826.29
-245.643	491.65	2692.8
-951.172	1246.64	3813.67
527.706	2625.07	5000.55
2816.87	295.716	4408.44
-987.706	2811.22	3006.15
2410.59	481.633	4133.83
475.639	3020.19	2103.95
-485.966	2013.19	2786.82
1060.55	-99.3535	3271.61
-813.813	1380.2	4734.54
2342.02	2286.33	4066.82
489.679	1781.27	5441.25
979.379	2828.21	4861.9
430.872	2810.75	5620.94
-374.859	1873.3	4880.36
37.0408	2139.21	4677.98
-1086.19	2336.07	3215.34
1929.4	2214.13	3546.07
3197.76	-115.294	5039.49
229.216	2482.18	2462.66
2017.69	451.564	5328.14
-395.487	1644.08	1867.76
-645.239	2617.42	3809.86
2985.96	-20.9844	3499.59
796.8	2891.1	4180.3
2439.47	1421.88	5163.07
-431.995	2046.66	4373.57
1735.79	90.7398	5277.12
1089.22	2415.38	2306.4
2622.13	82.4753	2677.01
-981.488	2213.12	3215.39
1918.08	3697.42	2424.84
-902.37	2529.62	4809.76
-658.787	2414.28	5618.04
-220.61	1989.29	5354.3
133.368	926.538	2608.06
2520.22	2561.14	2288.75
1678.4	2673.14	3784.38
-309.217	1281.32	3030.63
1256.96	-379.592	3469.12
385.736	2797.5	4107.77
-470.969	1017.4	4852.57
1196.8	3127.2	3925.86
1503.61	1297.06	4458.9
1887.98	1407.07	2748.3
-734.47	857.012	4419.02
574.646	-814.072	4690.91
239.654	1418.44	1706.87
-805.193	-80.9561	5202.42
1829.56	1717.89	3826.29
-245.643	491.65	2692.8
-951.172	1246.64	3813.67
527.706	2625.07	5000.55
2816.87	295.716	4408.44
-987.706	2811.22	3006.15
2410.59	481.633	4133.83
475.639	3020.19	2103.95
-485.966	2013.19	2786.82
1060.55	-99.3535	3271.61
-813.813	1380.2	4734.54
2342.02	2286.33	4066.82
489.679	1781.27	5441.25
979.379	2828.21	4861.9
430.872	2810.75	5620.94
-374.859	1873.3	4880.36
37.0408	2139.21	4677.98
-1086.19	2336.07	3215.34
1929.4	2214.13	3546.07
3197.76	-115.294	5039.49
229.216	2482.18	2462.66
2017.69	451.564	5328.14
-395.487	1644.08	1867.76
-645.239	2617.42	3809.86
2985.96	-20.9844	3499.59
796.8	2891.1	4180.3
2439.47	1421.88	5163.07
-431.995	2046.66	4373.57
1735.79	90.7398	5277.12
1089.22	2415.38	2306.4
2622.13	82.4753	2677.01
-981.488	2213.12	3215.39
1918.08	3697.42	2424.84
-902.37	2529.62	4809.76
-658.787	2414.28	5618.04
-220.61	1989.29	5354.3
133.368	926.538	2608.06
2520.22	2561.14	2288.75
1678.4	2673.14	3784.38
-309.217	1281.32	3030.63
1256.96	-379.592	3469.12
385.736	2797.5	4107.77
-470.969	1017.4	4852.57
1196.8	3127.2	3925.86
1503.61	1297.06	4458.9
1887.98	1407.07	2748.3
-734.47	857.012	4419.02
574.646	-814.072	4690.91
239.654	1418.44	1706.87
-805.193	-80.9561	5202.42
1829.56	1717.89	3826.29
-245.643	491.65	2692.8
-951.172	1246.64	3813.67
527.706	2625.07	5000.55
2816.87	295.716	4408.44
-987.706	2811.22	3006.15
2410.59	481.633	4133.83
475.639	3020.19	2103.95
-485.966	2013.19	2786.82
1060.55	-99.3535	3271.61
-813.813	1380.2	4734.54
2342.02	2286.33	4066.82
489.679	1781.27	5441.25
979.379	2828.21	4861.9
430.872	2810.75	5620.94
-374.859	1873.3	4880.36
37.0408	2139.21	4677.98
-1086.19	2336.07	3215.34
1929.4	2214.13	3546.07
3197.76	-115.294	5039.49
229.216	2482.18	2462.66
2017.69	451.564	5328.14
-395.487	1644.08	1867.76
-645.239	2617.42	3809.86
2985.96	-20.9844	3499.59
796.8	2891.1	4180.3
2439.47	1421.88	5163.07
-431.995	2046.66	4373.57
1735.79	90.7398	5277.12
1089.22	2415.38	2306.4
2622.13	82.4753	2677.01
-981.488	2213.12	3215.39
1918.08	3697.42	2424.84
-902.37	2529.62	4809.76
-658.787	2414.28	5618.04
-220.61	1989.29	5354.3
133.368	926.538	2608.06
2520.22	2561.14	2288.75
1678.4	2673.14	3784.38
-309.217	1281.32	3030.63
1256.96	-379.592	3469.12
385.736	2797.5	4107.77
-470.969	1017.4	4852.57
1196.8	3127.2	3925.86
1503.61	1297.06	4458.9
1887.98	1407.07	2748.3
-734.47	857.012	4419.02
574.646	-814.072	4690.91
239.654	1418.44	1706.87
-805.193	-80.9561	5202.42
1829.56	1717.89	3826.29
-245.643	491.65	2692.8
-951.172	1246.64	3813.67
527.706	2625.07	5000.55
2816.87	295.716	4408.44
-987.706	2811.22	3006.15
2410.59	481.633	4133.83
475.639	3020.19	2103.95
-485.966	2013.19	2786.82
1060.55	-99.3535	3271.61
-813.813	1380.2	4734.54
2342.02	2286.33	4066.82
489.679	1781.27	5441.25
979.379	2828.21	4861.9
430.872	2810.75	5620.94
-374.859	1873.3	4880.36
37.0408	2139.21	4677.98
-1086.19	2336.07	3215.34
1929.4	2214.13	3546.07
3197.76	-115.294	5039.49
229.216	2482.18	2462.66
2017.69	451.564	5328.14
-395.487	1644.08	1867.76
-645.239	2617.42	3809.86
2985.96	-20.9844	3499.59
796.8	2891.1	4180.3
2439.47	1421.88	5163.07
-431.995	2046.66	4373.57
1735.79	90.7398	5277.12
1089.22	2415.38	2306.4
2622.13	82.4753	2677.01
-981.488	2213.12	3215.39
1918.08	3697.42	2424.84
-902.37	2529.62	4809.76
-658.787	2414.28	5618.04
-220.61	1989.29	5354.3
133.368	926.538	2608.06
2520.22	2561.14	2288.75
1678.4	2673.14	3784.38
-309.217	1281.32	3030.63
1256.96	-379.592	3469.12
385.736	2797.5	4107.77
-470.969	1017.4	4852.57
1196.8	3127.2	3925.86
1503.61	1297.06	4458.9
1887.98	1407.07	2748.3
-734.47	857.012	4419.02
574.646	-814.072	4690.91
239.654	1418.44	1706.87
-805.193	-80.9561	5202.42
1829.56	1717.89	3826.29
-245.643	491.65	2692.8
-951.172	1246.64	3813.67
527.706	2625.07	5000.55
2816.87	295.716	4408.44
-987.706	2811.22	3006.15
2410.59	481.633	4133.83
475.639	3020.19	2103.95
-485.966	2013.19	2786.82
1060.55	-99.3535	3271.61
-813.813	1380.2	4734.54
2342.02	2286.33	4066.82
489.679	1781.27	5441.25
979.379	2828.21	4861.9
430.872	2810.75	5620.94
-374.859	1873.3	4880.36
37.0408	2139.21	4677.98
-1086.19	2336.07	3215.34
1929.4	2214.13	3546.07
3197.76	-115.294	5039.49
229.216	2482.18	2462.66
2017.69	451.564	5328.14
-395.487	1644.08	1867.76
-645.239	2617.42	3809.86
2985.96	-20.9844	3499.59
796.8	2891.1	4180.3
2439.47	1421.88	5163.07
