-427.588	2025.78	4328.95
1718.43	89.832	5224.33
1077.71	2389.87	2282.04
2595.13	81.6259	2649.44
-971.4	2190.37	3182.34
1897.32	3657.4	2398.59
-893.165	2503.82	4760.7
-652.111	2389.82	5561.1
-218.376	1969.14	5300.07
132.005	917.065	2581.4
2493.23	2533.71	2264.24
1660.73	2644.99	3744.53
-306.061	1268.24	2999.7
1244.34	-375.779	3434.28
381.72	2768.38	4065
-466.261	1007.23	4804.06
1184.18	3094.22	3884.45
1488.21	1283.77	4413.23
1868.27	1392.39	2719.62
-727.136	848.454	4374.88
569.007	-806.083	4644.87
237.165	1403.71	1689.14
-797.328	-80.1654	5151.61
1810.55	1700.05	3786.54
-243.158	486.675	2665.56
-941.584	1234.07	3775.23
522.26	2597.98	4948.94
2788.14	292.699	4363.47
-977.444	2782.01	2974.92
2385.96	476.711	4091.58
470.586	2988.1	2081.6
-480.948	1992.4	2758.04
1049.85	-98.3513	3238.61
-805.647	1366.35	4687.03
2317.43	2262.32	4024.12
484.71	1763.2	5386.03
969.192	2798.79	4811.32
426.439	2781.83	5563.11
-371.059	1854.31	4830.89
36.6619	2117.32	4630.13
-1075.01	2312.03	3182.26
1909.15	2190.89	3508.84
3165.41	-114.127	4988.52
226.812	2456.15	2436.84
1997.35	447.013	5274.43
-391.392	1627.06	1848.42
-638.58	2590.41	3770.54
2955.38	-20.7695	3463.75
788.47	2860.88	4136.59
2414.39	1407.27	5109.99
-427.588	2025.78	4328.95
1718.43	89.832	5224.33
1077.71	2389.87	2282.04
2595.13	81.6259	2649.44
-971.4	2190.37	3182.34
1897.32	3657.4	2398.59
-893.165	2503.82	4760.7
-652.111	2389.82	5561.1
-218.376	1969.14	5300.07
132.005	917.065	2581.4
2493.23	2533.71	2264.24
1660.73	2644.99	3744.53
-306.061	1268.24	2999.7
1244.34	-375.779	3434.28
381.72	2768.38	4065
-466.261	1007.23	4804.06
1184.18	3094.22	3884.45
1488.21	1283.77	4413.23
1868.27	1392.39	2719.62
-727.136	848.454	4374.88
569.007	-806.083	4644.87
237.165	1403.71	1689.14
-797.328	-80.1654	5151.61
1810.55	1700.05	3786.54
-243.158	486.675	2665.56
-941.584	1234.07	3775.23
522.26	2597.98	4948.94
2788.14	292.699	4363.47
-977.444	2782.01	2974.92
2385.96	476.711	4091.58
470.586	2988.1	2081.6
-480.948	1992.4	2758.04
1049.85	-98.3513	3238.61
-805.647	1366.35	4687.03
2317.43	2262.32	4024.12
484.71	1763.2	5386.03
969.192	2798.79	4811.32
426.439	2781.83	5563.11
-371.059	1854.31	4830.89
36.6619	2117.32	4630.13
-1075.01	2312.03	3182.26
1909.15	2190.89	3508.84
3165.41	-114.127	4988.52
226.812	2456.15	2436.84
1997.35	447.013	5274.43
-391.392	1627.06	1848.42
-638.58	2590.41	3770.54
2955.38	-20.7695	3463.75
788.47	2860.88	4136.59
2414.39	1407.27	5109.99
-427.588	2025.78	4328.95
1718.43	89.832	5224.33
1077.71	2389.87	2282.04
2595.13	81.6259	2649.44
-971.4	2190.37	3182.34
1897.32	3657.4	2398.59
-893.165	2503.82	4760.7
-652.111	2389.82	5561.1
-218.376	1969.14	5300.07
132.005	917.065	2581.4
2493.23	2533.71	2264.24
1660.73	2644.99	3744.53
-306.061	1268.24	2999.7
1244.34	-375.779	3434.28
381.72	2768.38	4065
-466.261	1007.23	4804.06
1184.18	3094.22	3884.45
1488.21	1283.77	4413.23
1868.27	1392.39	2719.62
-727.136	848.454	4374.88
569.007	-806.083	4644.87
237.165	1403.71	1689.14
-797.328	-80.1654	5151.61
1810.55	1700.05	3786.54
-243.158	486.675	2665.56
-941.584	1234.07	3775.23
522.26	2597.98	4948.94
2788.14	292.699	4363.47
-977.444	2782.01	2974.92
2385.96	476.711	4091.58
470.586	2988.1	2081.6
-480.948	1992.4	2758.04
1049.85	-98.3513	3238.61
-805.647	1366.35	4687.03
2317.43	2262.32	4024.12
484.71	1763.2	5386.03
969.192	2798.79	4811.32
426.439	2781.83	5563.11
-371.059	1854.31	4830.89
36.6619	2117.32	4630.13
-1075.01	2312.03	3182.26
1909.15	2190.89	3508.84
3165.41	-114.127	4988.52
226.812	2456.15	2436.84
1997.35	447.013	5274.43
-391.392	1627.06	1848.42
-638.58	2590.41	3770.54
2955.38	-20.7695	3463.75
788.47	2860.88	4136.59
2414.39	1407.27	5109.99
-427.588	2025.78	4328.95
1718.43	89.832	5224.33
1077.71	2389.87	2282.04
2595.13	81.6259	2649.44
-971.4	2190.37	3182.34
1897.32	3657.4	2398.59
-893.165	2503.82	4760.7
-652.111	2389.82	5561.1
-218.376	1969.14	5300.07
132.005	917.065	2581.4
2493.23	2533.71	2264.24
1660.73	2644.99	3744.53
-306.061	1268.24	2999.7
1244.34	-375.779	3434.28
381.72	2768.38	4065
-466.261	1007.23	4804.06
1184.18	3094.22	3884.45
1488.21	1283.77	4413.23
1868.27	1392.39	2719.62
-727.136	848.454	4374.88
569.007	-806.083	4644.87
237.165	1403.71	1689.14
-797.328	-80.1654	5151.61
1810.55	1700.05	3786.54
-243.158	486.675	2665.56
-941.584	1234.07	3775.23
522.26	2597.98	4948.94
2788.14	292.699	4363.47
-977.444	2782.01	2974.92
2385.96	476.711	4091.58
470.586	2988.1	2081.6
-480.948	1992.4	2758.04
1049.85	-98.3513	3238.61
-805.647	1366.35	4687.03
2317.43	2262.32	4024.12
484.71	1763.2	5386.03
969.192	2798.79	4811.32
426.439	2781.83	5563.11
-371.059	1854.31	4830.89
36.6619	2117.32	4630.13
-1075.01	2312.03	3182.26
1909.15	2190.89	3508.84
3165.41	-114.127	4988.52
226.812	2456.15	2436.84
1997.35	447.013	5274.43
-391.392	1627.06	1848.42
-638.58	2590.41	3770.54
2955.38	-20.7695	3463.75
788.47	2860.88	4136.59
2414.39	1407.27	5109.99
-427.588	2025.78	4328.95
1718.43	89.832	5224.33
1077.71	2389.87	2282.04
2595.13	81.6259	2649.44
-971.4	2190.37	3182.34
1897.32	3657.4	2398.59
-893.165	2503.82	4760.7
-652.111	2389.82	5561.1
-218.376	1969.14	5300.07
132.005	917.065	2581.4
2493.23	2533.71	2264.24
1660.73	2644.99	3744.53
-306.061	1268.24	2999.7
1244.34	-375.779	3434.28
381.72	2768.38	4065
-466.261	1007.23	4804.06
1184.18	3094.22	3884.45
1488.21	1283.77	4413.23
1868.27	1392.39	2719.62
-727.136	848.454	4374.88
569.007	-806.083	4644.87
237.165	1403.71	1689.14
-797.328	-80.1654	5151.61
1810.55	1700.05	3786.54
-243.158	486.675	2665.56
-941.584	1234.07	3775.23
522.26	2597.98	4948.94
2788.14	292.699	4363.47
-977.444	2782.01	2974.92
2385.96	476.711	4091.58
470.586	2988.1	2081.6
-480.948	1992.4	2758.04
1049.85	-98.3513	3238.61
-805.647	1366.35	4687.03
2317.43	2262.32	4024.12
484.71	1763.2	5386.03
969.192	2798.79	4811.32
426.439	2781.83	5563.11
-371.059	1854.31	4830.89
36.6619	2117.32	4630.13
-1075.01	2312.03	3182.26
1909.15	2190.89	3508.84
3165.41	-114.127	4988.52
226.812	2456.15	2436.84
1997.35	447.013	5274.43
-391.392	1627.06	1848.42
-638.58	2590.41	3770.54
2955.38	-20.7695	3463.75
788.47	2860.88	4136.59
2414.39	1407.27	5109.99
