325.38	400.404
482.906	233.265
519.881	603.652
701.93	236.497
245.686	480.9
628.916	757.455
294.452	421.705
321.786	386.318
348.899	364.783
369.753	359.213
735.981	617.216
521.109	483.532
317.334	384.285
487.962	187.263
395.658	476.923
326.541	305.632
471.748	516.863
484.66	333.619
601.664	411.93
299.771	300.16
405.213	164.255
390.556	531.57
305.551	222.993
533.633	390.488
317.687	296.29
267.41	349.341
402.325	420.221
592.357	250.411
237.607	568.518
571.687	268.713
429.201	736.737
290.358	493.144
473.344	216.331
299.03	335.967
569.755	430.498
397.089	348.045
437.128	440.303
393.136	411.212
334.679	369.49
365.443	396.062
234.124	494.608
556.053	453.31
592.132	217.63
385.592	593.276
501.39	257.796
266.24	549.826
298.309	480.12
663.61	223.368
431.204	480.142
535.617	327.055
325.38	400.404
482.906	233.265
519.881	603.652
701.93	236.497
245.686	480.9
628.916	757.455
294.452	421.705
321.786	386.318
348.899	364.783
369.753	359.213
735.981	617.216
521.109	483.532
317.334	384.285
487.962	187.263
395.658	476.923
326.541	305.632
471.748	516.863
484.66	333.619
601.664	411.93
299.771	300.16
405.213	164.255
390.556	531.57
305.551	222.993
533.633	390.488
317.687	296.29
267.41	349.341
402.325	420.221
592.357	250.411
237.607	568.518
571.687	268.713
429.201	736.737
290.358	493.144
473.344	216.331
299.03	335.967
569.755	430.498
397.089	348.045
437.128	440.303
393.136	411.212
334.679	369.49
365.443	396.062
234.124	494.608
556.053	453.31
592.132	217.63
385.592	593.276
501.39	257.796
266.24	549.826
298.309	480.12
663.61	223.368
431.204	480.142
535.617	327.055
325.38	400.404
482.906	233.265
519.881	603.652
701.93	236.497
245.686	480.9
628.916	757.455
294.452	421.705
321.786	386.318
348.899	364.783
369.753	359.213
735.981	617.216
521.109	483.532
317.334	384.285
487.962	187.263
395.658	476.923
326.541	305.632
471.748	516.863
484.66	333.619
601.664	411.93
299.771	300.16
405.213	164.255
390.556	531.57
305.551	222.993
533.633	390.488
317.687	296.29
267.41	349.341
402.325	420.221
592.357	250.411
237.607	568.518
571.687	268.713
429.201	736.737
290.358	493.144
473.344	216.331
299.03	335.967
569.755	430.498
397.089	348.045
437.128	440.303
393.136	411.212
334.679	369.49
365.443	396.062
234.124	494.608
556.053	453.31
592.132	217.63
385.592	593.276
501.39	257.796
266.24	549.826
298.309	480.12
663.61	223.368
431.204	480.142
535.617	327.055
325.38	400.404
482.906	233.265
519.881	603.652
701.93	236.497
245.686	480.9
628.916	757.455
294.452	421.705
321.786	386.318
348.899	364.783
369.753	359.213
735.981	617.216
521.109	483.532
317.334	384.285
487.962	187.263
395.658	476.923
326.541	305.632
471.748	516.863
484.66	333.619
601.664	411.93
299.771	300.16
405.213	164.255
390.556	531.57
305.551	222.993
533.633	390.488
317.687	296.29
267.41	349.341
402.325	420.221
592.357	250.411
237.607	568.518
571.687	268.713
429.201	736.737
290.358	493.144
473.344	216.331
299.03	335.967
569.755	430.498
397.089	348.045
437.128	440.303
393.136	411.212
334.679	369.49
365.443	396.062
234.124	494.608
556.053	453.31
592.132	217.63
385.592	593.276
501.39	257.796
266.24	549.826
298.309	480.12
663.61	223.368
431.204	480.142
535.617	327.055
325.38	400.404
482.906	233.265
519.881	603.652
701.93	236.497
245.686	480.9
628.916	757.455
294.452	421.705
321.786	386.318
348.899	364.783
369.753	359.213
735.981	617.216
521.109	483.532
317.334	384.285
487.962	187.263
395.658	476.923
326.541	305.632
471.748	516.863
484.66	333.619
601.664	411.93
299.771	300.16
405.213	164.255
390.556	531.57
305.551	222.993
533.633	390.488
317.687	296.29
267.41	349.341
402.325	420.221
592.357	250.411
237.607	568.518
571.687	268.713
429.201	736.737
290.358	493.144
473.344	216.331
299.03	335.967
569.755	430.498
397.089	348.045
437.128	440.303
393.136	411.212
334.679	369.49
365.443	396.062
234.124	494.608
556.053	453.31
592.132	217.63
385.592	593.276
501.39	257.796
266.24	549.826
298.309	480.12
663.61	223.368
431.204	480.142
535.617	327.055
