-688.22	753.479	5295.41
-71.2934	382.025	4201.34
-57.1741	186.203	4043.63
493.806	200.391	4224.22
1126.36	1286.18	3497
587.395	1312.09	3401.4
300.618	-92.3602	4232.39
-535.7	955.679	3666.19
285.605	-293.412	3312.53
589.979	1148.63	4756.32
-799.453	566.402	3360.72
343.908	-117.944	4075.71
-916.638	534.869	4569.04
-426.946	-546.399	4431.61
26.0732	730.43	5290.73
1312.22	-664.617	4792.76
-318.989	-125.289	5189.92
973.427	-418.122	4023.62
32.516	-250.203	3741.8
39.6683	924.812	5109.48
307.418	-648.121	4692.65
-701.672	-26.4011	4551.21
-943.258	564.992	4803.05
189.867	-724.414	5204.63
441.162	179.029	4744.5
-186.04	79.6101	5225.54
-455.169	139.613	4505.72
99.2936	1071.66	4150.46
306.662	893.204	3691.01
183.74	1071.76	5327.77
624.144	-436.137	4482.14
605.665	359.607	3299.79
42.7069	-812.766	4297.57
590.063	873.87	3792.79
882.179	359.322	4560.46
-637.617	-27.1073	3621.74
396.857	1069.01	5056.79
529.335	-837.637	5092.64
82.6526	97.9714	5223
-842.763	261.126	4444.23
-755.674	196.16	3970.14
174.149	314.271	4756.16
-668.492	-145.555	4844.37
890.672	1076.74	4283.16
-311.457	1113.43	3862.69
247.221	190.104	4036.24
-699.742	-213.425	3146.24
636.194	66.0506	4586.07
1302.87	-571.789	4592.82
-793.733	-227.916	4969.27
-688.22	753.479	5295.41
-71.2934	382.025	4201.34
-57.1741	186.203	4043.63
493.806	200.391	4224.22
1126.36	1286.18	3497
587.395	1312.09	3401.4
300.618	-92.3602	4232.39
-535.7	955.679	3666.19
285.605	-293.412	3312.53
589.979	1148.63	4756.32
-799.453	566.402	3360.72
343.908	-117.944	4075.71
-916.638	534.869	4569.04
-426.946	-546.399	4431.61
26.0732	730.43	5290.73
1312.22	-664.617	4792.76
-318.989	-125.289	5189.92
973.427	-418.122	4023.62
32.516	-250.203	3741.8
39.6683	924.812	5109.48
307.418	-648.121	4692.65
-701.672	-26.4011	4551.21
-943.258	564.992	4803.05
189.867	-724.414	5204.63
441.162	179.029	4744.5
-186.04	79.6101	5225.54
-455.169	139.613	4505.72
99.2936	1071.66	4150.46
306.662	893.204	3691.01
183.74	1071.76	5327.77
624.144	-436.137	4482.14
605.665	359.607	3299.79
42.7069	-812.766	4297.57
590.063	873.87	3792.79
882.179	359.322	4560.46
-637.617	-27.1073	3621.74
396.857	1069.01	5056.79
529.335	-837.637	5092.64
82.6526	97.9714	5223
-842.763	261.126	4444.23
-755.674	196.16	3970.14
174.149	314.271	4756.16
-668.492	-145.555	4844.37
890.672	1076.74	4283.16
-311.457	1113.43	3862.69
247.221	190.104	4036.24
-699.742	-213.425	3146.24
636.194	66.0506	4586.07
1302.87	-571.789	4592.82
-793.733	-227.916	4969.27
-688.22	753.479	5295.41
-71.2934	382.025	4201.34
-57.1741	186.203	4043.63
493.806	200.391	4224.22
1126.36	1286.18	3497
587.395	1312.09	3401.4
300.618	-92.3602	4232.39
-535.7	955.679	3666.19
285.605	-293.412	3312.53
589.979	1148.63	4756.32
-799.453	566.402	3360.72
343.908	-117.944	4075.71
-916.638	534.869	4569.04
-426.946	-546.399	4431.61
26.0732	730.43	5290.73
1312.22	-664.617	4792.76
-318.989	-125.289	5189.92
973.427	-418.122	4023.62
32.516	-250.203	3741.8
39.6683	924.812	5109.48
307.418	-648.121	4692.65
-701.672	-26.4011	4551.21
-943.258	564.992	4803.05
189.867	-724.414	5204.63
441.162	179.029	4744.5
-186.04	79.6101	5225.54
-455.169	139.613	4505.72
99.2936	1071.66	4150.46
306.662	893.204	3691.01
183.74	1071.76	5327.77
624.144	-436.137	4482.14
605.665	359.607	3299.79
42.7069	-812.766	4297.57
590.063	873.87	3792.79
882.179	359.322	4560.46
-637.617	-27.1073	3621.74
396.857	1069.01	5056.79
529.335	-837.637	5092.64
82.6526	97.9714	5223
-842.763	261.126	4444.23
-755.674	196.16	3970.14
174.149	314.271	4756.16
-668.492	-145.555	4844.37
890.672	1076.74	4283.16
-311.457	1113.43	3862.69
247.221	190.104	4036.24
-699.742	-213.425	3146.24
636.194	66.0506	4586.07
1302.87	-571.789	4592.82
-793.733	-227.916	4969.27
-688.22	753.479	5295.41
-71.2934	382.025	4201.34
-57.1741	186.203	4043.63
493.806	200.391	4224.22
1126.36	1286.18	3497
587.395	1312.09	3401.4
300.618	-92.3602	4232.39
-535.7	955.679	3666.19
285.605	-293.412	3312.53
589.979	1148.63	4756.32
-799.453	566.402	3360.72
343.908	-117.944	4075.71
-916.638	534.869	4569.04
-426.946	-546.399	4431.61
26.0732	730.43	5290.73
1312.22	-664.617	4792.76
-318.989	-125.289	5189.92
973.427	-418.122	4023.62
32.516	-250.203	3741.8
39.6683	924.812	5109.48
307.418	-648.121	4692.65
-701.672	-26.4011	4551.21
-943.258	564.992	4803.05
189.867	-724.414	5204.63
441.162	179.029	4744.5
-186.04	79.6101	5225.54
-455.169	139.613	4505.72
99.2936	1071.66	4150.46
306.662	893.204	3691.01
183.74	1071.76	5327.77
624.144	-436.137	4482.14
605.665	359.607	3299.79
42.7069	-812.766	4297.57
590.063	873.87	3792.79
882.179	359.322	4560.46
-637.617	-27.1073	3621.74
396.857	1069.01	5056.79
529.335	-837.637	5092.64
82.6526	97.9714	5223
-842.763	261.126	4444.23
-755.674	196.16	3970.14
174.149	314.271	4756.16
-668.492	-145.555	4844.37
890.672	1076.74	4283.16
-311.457	1113.43	3862.69
247.221	190.104	4036.24
-699.742	-213.425	3146.24
636.194	66.0506	4586.07
1302.87	-571.789	4592.82
-793.733	-227.916	4969.27
-688.22	753.479	5295.41
-71.2934	382.025	4201.34
-57.1741	186.203	4043.63
493.806	200.391	4224.22
1126.36	1286.18	3497
587.395	1312.09	3401.4
300.618	-92.3602	4232.39
-535.7	955.679	3666.19
285.605	-293.412	3312.53
589.979	1148.63	4756.32
-799.453	566.402	3360.72
343.908	-117.944	4075.71
-916.638	534.869	4569.04
-426.946	-546.399	4431.61
26.0732	730.43	5290.73
1312.22	-664.617	4792.76
-318.989	-125.289	5189.92
973.427	-418.122	4023.62
32.516	-250.203	3741.8
39.6683	924.812	5109.48
307.418	-648.121	4692.65
-701.672	-26.4011	4551.21
-943.258	564.992	4803.05
189.867	-724.414	5204.63
441.162	179.029	4744.5
-186.04	79.6101	5225.54
-455.169	139.613	4505.72
99.2936	1071.66	4150.46
306.662	893.204	3691.01
183.74	1071.76	5327.77
624.144	-436.137	4482.14
605.665	359.607	3299.79
42.7069	-812.766	4297.57
590.063	873.87	3792.79
882.179	359.322	4560.46
-637.617	-27.1073	3621.74
396.857	1069.01	5056.79
529.335	-837.637	5092.64
82.6526	97.9714	5223
-842.763	261.126	4444.23
-755.674	196.16	3970.14
174.149	314.271	4756.16
-668.492	-145.555	4844.37
890.672	1076.74	4283.16
-311.457	1113.43	3862.69
247.221	190.104	4036.24
-699.742	-213.425	3146.24
636.194	66.0506	4586.07
1302.87	-571.789	4592.82
-793.733	-227.916	4969.27
