0.00234998	-0.000325155	-0.0165171
-0.00364887	-0.00236379	-0.0184724
-0.00087394	-0.0041098	-0.014351
0.000545342	0.00240979	-0.0121858
0.00194417	0.00016644	-0.0121172
0.000869902	-0.000227258	-0.0392621
-0.00349406	0.00219032	-0.0136232
0.000461557	0.00213681	-0.0112476
-0.00232946	0.00181108	-0.0135687
0.00221715	0.00306539	-0.0174021
0.00252398	-0.000408514	-0.0156118
0.000502068	4.8708e-05	-0.00862981
-0.00312394	0.00219342	-0.0157694
-0.000562341	-0.00148051	-0.0150396
0.000218932	-0.00264142	-0.0119504
0.00252707	-0.00255276	-0.0135282
-0.00293504	-0.00481729	-0.0131619
-0.00151861	0.00207472	-0.0171994
0.00132317	-0.000200938	-0.0161122
-0.000383112	-0.00148042	-0.0122019
0.000172301	-0.00195045	-0.0118311
-0.00383945	-0.000618948	-0.0180733
6.06225e-05	0.00295337	-0.0134267
0.00155034	0.000532358	-0.0114806
-0.00346759	-0.000340837	-0.0124371
0.00181294	-0.00213784	-0.0140203
-0.00421617	-0.000151917	-0.0142182
-0.00319976	0.00124699	-0.0123844
-0.00261619	-0.00123029	-0.0123382
0.00226942	0.000354319	-0.0103792
0.000918096	-0.00229981	-0.0151073
0.000425928	0.000819554	-0.0214511
0.00121365	0.00245358	-0.0119882
-0.000823275	-0.00308276	-0.0156038
-0.00215882	0.00168503	-0.0143376
-0.00177245	0.00278429	-0.0163401
0.0020012	-0.0031866	-0.0169083
0.00275366	-0.0037137	-0.0113535
-0.00275729	0.00197757	-0.0136614
0.00010121	-0.00234952	-0.0122045
0.00246215	-0.00138041	-0.0130722
0.00183205	0.00300887	-0.0110501
-0.000717259	0.00205976	-0.0164645
-0.00155353	-0.00394124	-0.0162978
-0.00405774	0.00156073	-0.0181764
-0.00203659	0.00185928	-0.0154274
-0.00299638	-0.00210017	-0.0153605
-0.00309368	0.00209941	-0.0176503
0.00083809	-0.00109118	-0.0137093
0.00175038	-0.00324224	-0.0169709
0.00234998	-0.000325155	-0.0165171
-0.00364887	-0.00236379	-0.0184724
-0.00087394	-0.0041098	-0.014351
0.000545342	0.00240979	-0.0121858
0.00194417	0.00016644	-0.0121172
0.000869902	-0.000227258	-0.0392621
-0.00349406	0.00219032	-0.0136232
0.000461557	0.00213681	-0.0112476
-0.00232946	0.00181108	-0.0135687
0.00221715	0.00306539	-0.0174021
0.00252398	-0.000408514	-0.0156118
0.000502068	4.8708e-05	-0.00862981
-0.00312394	0.00219342	-0.0157694
-0.000562341	-0.00148051	-0.0150396
0.000218932	-0.00264142	-0.0119504
0.00252707	-0.00255276	-0.0135282
-0.00293504	-0.00481729	-0.0131619
-0.00151861	0.00207472	-0.0171994
0.00132317	-0.000200938	-0.0161122
-0.000383112	-0.00148042	-0.0122019
0.000172301	-0.00195045	-0.0118311
-0.00383945	-0.000618948	-0.0180733
6.06225e-05	0.00295337	-0.0134267
0.00155034	0.000532358	-0.0114806
-0.00346759	-0.000340837	-0.0124371
0.00181294	-0.00213784	-0.0140203
-0.00421617	-0.000151917	-0.0142182
-0.00319976	0.00124699	-0.0123844
-0.00261619	-0.00123029	-0.0123382
0.00226942	0.000354319	-0.0103792
0.000918096	-0.00229981	-0.0151073
0.000425928	0.000819554	-0.0214511
0.00121365	0.00245358	-0.0119882
-0.000823275	-0.00308276	-0.0156038
-0.00215882	0.00168503	-0.0143376
-0.00177245	0.00278429	-0.0163401
0.0020012	-0.0031866	-0.0169083
0.00275366	-0.0037137	-0.0113535
-0.00275729	0.00197757	-0.0136614
0.00010121	-0.00234952	-0.0122045
0.00246215	-0.00138041	-0.0130722
0.00183205	0.00300887	-0.0110501
-0.000717259	0.00205976	-0.0164645
-0.00155353	-0.00394124	-0.0162978
-0.00405774	0.00156073	-0.0181764
-0.00203659	0.00185928	-0.0154274
-0.00299638	-0.00210017	-0.0153605
-0.00309368	0.00209941	-0.0176503
0.00083809	-0.00109118	-0.0137093
0.00175038	-0.00324224	-0.0169709
0.00234998	-0.000325155	-0.0165171
-0.00364887	-0.00236379	-0.0184724
-0.00087394	-0.0041098	-0.014351
0.000545342	0.00240979	-0.0121858
0.00194417	0.00016644	-0.0121172
0.000869902	-0.000227258	-0.0392621
-0.00349406	0.00219032	-0.0136232
0.000461557	0.00213681	-0.0112476
-0.00232946	0.00181108	-0.0135687
0.00221715	0.00306539	-0.0174021
0.00252398	-0.000408514	-0.0156118
0.000502068	4.8708e-05	-0.00862981
-0.00312394	0.00219342	-0.0157694
-0.000562341	-0.00148051	-0.0150396
0.000218932	-0.00264142	-0.0119504
0.00252707	-0.00255276	-0.0135282
-0.00293504	-0.00481729	-0.0131619
-0.00151861	0.00207472	-0.0171994
0.00132317	-0.000200938	-0.0161122
-0.000383112	-0.00148042	-0.0122019
0.000172301	-0.00195045	-0.0118311
-0.00383945	-0.000618948	-0.0180733
6.06225e-05	0.00295337	-0.0134267
0.00155034	0.000532358	-0.0114806
-0.00346759	-0.000340837	-0.0124371
0.00181294	-0.00213784	-0.0140203
-0.00421617	-0.000151917	-0.0142182
-0.00319976	0.00124699	-0.0123844
-0.00261619	-0.00123029	-0.0123382
0.00226942	0.000354319	-0.0103792
0.000918096	-0.00229981	-0.0151073
0.000425928	0.000819554	-0.0214511
0.00121365	0.00245358	-0.0119882
-0.000823275	-0.00308276	-0.0156038
-0.00215882	0.00168503	-0.0143376
-0.00177245	0.00278429	-0.0163401
0.0020012	-0.0031866	-0.0169083
0.00275366	-0.0037137	-0.0113535
-0.00275729	0.00197757	-0.0136614
0.00010121	-0.00234952	-0.0122045
0.00246215	-0.00138041	-0.0130722
0.00183205	0.00300887	-0.0110501
-0.000717259	0.00205976	-0.0164645
-0.00155353	-0.00394124	-0.0162978
-0.00405774	0.00156073	-0.0181764
-0.00203659	0.00185928	-0.0154274
-0.00299638	-0.00210017	-0.0153605
-0.00309368	0.00209941	-0.0176503
0.00083809	-0.00109118	-0.0137093
0.00175038	-0.00324224	-0.0169709
0.00234998	-0.000325155	-0.0165171
-0.00364887	-0.00236379	-0.0184724
-0.00087394	-0.0041098	-0.014351
0.000545342	0.00240979	-0.0121858
0.00194417	0.00016644	-0.0121172
0.000869902	-0.000227258	-0.0392621
-0.00349406	0.00219032	-0.0136232
0.000461557	0.00213681	-0.0112476
-0.00232946	0.00181108	-0.0135687
0.00221715	0.00306539	-0.0174021
0.00252398	-0.000408514	-0.0156118
0.000502068	4.8708e-05	-0.00862981
-0.00312394	0.00219342	-0.0157694
-0.000562341	-0.00148051	-0.0150396
0.000218932	-0.00264142	-0.0119504
0.00252707	-0.00255276	-0.0135282
-0.00293504	-0.00481729	-0.0131619
-0.00151861	0.00207472	-0.0171994
0.00132317	-0.000200938	-0.0161122
-0.000383112	-0.00148042	-0.0122019
0.000172301	-0.00195045	-0.0118311
-0.00383945	-0.000618948	-0.0180733
6.06225e-05	0.00295337	-0.0134267
0.00155034	0.000532358	-0.0114806
-0.00346759	-0.000340837	-0.0124371
0.00181294	-0.00213784	-0.0140203
-0.00421617	-0.000151917	-0.0142182
-0.00319976	0.00124699	-0.0123844
-0.00261619	-0.00123029	-0.0123382
0.00226942	0.000354319	-0.0103792
0.000918096	-0.00229981	-0.0151073
0.000425928	0.000819554	-0.0214511
0.00121365	0.00245358	-0.0119882
-0.000823275	-0.00308276	-0.0156038
-0.00215882	0.00168503	-0.0143376
-0.00177245	0.00278429	-0.0163401
0.0020012	-0.0031866	-0.0169083
0.00275366	-0.0037137	-0.0113535
-0.00275729	0.00197757	-0.0136614
0.00010121	-0.00234952	-0.0122045
0.00246215	-0.00138041	-0.0130722
0.00183205	0.00300887	-0.0110501
-0.000717259	0.00205976	-0.0164645
-0.00155353	-0.00394124	-0.0162978
-0.00405774	0.00156073	-0.0181764
-0.00203659	0.00185928	-0.0154274
-0.00299638	-0.00210017	-0.0153605
-0.00309368	0.00209941	-0.0176503
0.00083809	-0.00109118	-0.0137093
0.00175038	-0.00324224	-0.0169709
6.20679e-05	-8.58856e-06	-0.000436286
-4.30114e-05	-2.78599e-05	-0.000217718
-7.06976e-07	-3.30002e-06	-1.15222e-05
7.26138e-08	3.44166e-07	-1.73765e-06
4.31545e-07	3.75772e-08	-2.72062e-06
0.000453214	-0.000118401	-0.0204555
-7.18148e-07	4.47143e-07	-2.77818e-06
3.88803e-08	2.04379e-07	-1.07303e-06
-4.76498e-07	3.66624e-07	-2.74362e-06
3.50716e-05	4.84967e-05	-0.00027531
4.5409e-05	-7.35025e-06	-0.000280903
-0.000174427	-1.69211e-05	0.00299803
-1.49986e-05	1.05276e-05	-7.56841e-05
-5.61656e-06	-1.47733e-05	-0.000150073
1.73452e-08	-2.71992e-07	-1.2296e-06
6.25774e-06	-6.32647e-06	-3.35259e-05
-4.62771e-07	-7.50912e-07	-2.05041e-06
-3.21463e-05	4.39116e-05	-0.000364023
6.0219e-05	-9.14547e-06	-0.000733343
-5.44658e-08	-1.90169e-07	-1.56714e-06
1.32692e-08	-2.09056e-07	-1.26742e-06
-4.97739e-05	-8.02292e-06	-0.000234273
1.50693e-08	9.88734e-07	-4.49237e-06
2.18321e-07	7.69534e-08	-1.6538e-06
-3.74005e-07	-3.607e-08	-1.32125e-06
6.90798e-06	-8.15194e-06	-5.34614e-05
-1.93948e-06	-6.95111e-08	-6.5214e-06
-3.37812e-07	1.29831e-07	-1.2858e-06
-2.70749e-07	-1.24712e-07	-1.2508e-06
2.1378e-07	3.43811e-08	-1e-06
8.34422e-06	-2.09149e-05	-0.000137388
8.8326e-05	0.000169962	-0.00444859
1.7809e-07	3.70824e-07	-1.80913e-06
-5.03564e-06	-1.88364e-05	-9.53427e-05
-1.23658e-06	9.6133e-07	-8.17646e-06
-1.67604e-05	2.63206e-05	-0.000154464
2.47577e-05	-3.94308e-05	-0.000209222
3.22409e-07	-4.41737e-07	-1.34921e-06
-5.87091e-07	4.17553e-07	-2.88148e-06
6.60634e-09	-2.74195e-07	-1.42346e-06
3.96312e-06	-2.2247e-06	-2.10674e-05
1.94887e-07	3.28895e-07	-1.20538e-06
-1.56099e-05	4.48127e-05	-0.000358203
-8.93249e-06	-2.26481e-05	-9.36533e-05
-4.49459e-05	1.72857e-05	-0.000201308
-1.24395e-05	1.13519e-05	-9.41895e-05
-1.00407e-05	-7.03374e-06	-5.14437e-05
-3.81116e-05	2.58598e-05	-0.000217406
7.81208e-07	-1.02375e-06	-1.28626e-05
2.22117e-05	-4.11523e-05	-0.000215403
