2.32569e-06	-3.1757e-07	-1.65579e-05
-3.7768e-06	-2.44238e-06	-1.9113e-05
-9.77998e-07	-4.26066e-06	-1.49433e-05
4.68064e-07	2.54244e-06	-1.28645e-05
1.96615e-06	1.82273e-07	-1.28606e-05
3.96936e-07	-1.03058e-07	-1.83167e-05
-3.72932e-06	2.25786e-06	-1.41516e-05
3.71472e-07	2.28557e-06	-1.20392e-05
-2.52563e-06	1.87666e-06	-1.41508e-05
2.24359e-06	3.12201e-06	-1.77017e-05
2.52035e-06	-4.05706e-07	-1.58455e-05
6.07981e-07	7.18509e-08	-1.23955e-05
-3.29781e-06	2.25771e-06	-1.63441e-05
-6.41374e-07	-1.52436e-06	-1.55341e-05
1.24035e-07	-2.7864e-06	-1.26576e-05
2.55606e-06	-2.64003e-06	-1.40696e-05
-3.1432e-06	-4.98947e-06	-1.36939e-05
-1.5876e-06	2.11603e-06	-1.76177e-05
1.25164e-06	-1.92469e-07	-1.58357e-05
-5.15925e-07	-1.596e-06	-1.31945e-05
7.68748e-08	-2.08521e-06	-1.26968e-05
-3.98326e-06	-6.46549e-07	-1.86884e-05
-2.73761e-08	3.07814e-06	-1.40127e-05
1.57153e-06	5.80348e-07	-1.24328e-05
-3.72383e-06	-3.62959e-07	-1.29477e-05
1.81411e-06	-2.20677e-06	-1.45524e-05
-4.45495e-06	-1.68209e-07	-1.47416e-05
-3.45362e-06	1.28586e-06	-1.29075e-05
-2.85012e-06	-1.28935e-06	-1.29152e-05
2.31796e-06	3.87465e-07	-1.11694e-05
8.93027e-07	-2.35961e-06	-1.55755e-05
3.16582e-07	6.62603e-07	-1.73309e-05
1.17085e-06	2.58565e-06	-1.26268e-05
-9.00639e-07	-3.18127e-06	-1.61658e-05
-2.32829e-06	1.74245e-06	-1.49202e-05
-1.87878e-06	2.86506e-06	-1.68829e-05
2.03247e-06	-3.24576e-06	-1.73168e-05
2.77898e-06	-3.87591e-06	-1.1908e-05
-2.96639e-06	2.04427e-06	-1.42195e-05
4.02974e-09	-2.48315e-06	-1.29492e-05
2.48728e-06	-1.42891e-06	-1.36321e-05
1.80689e-06	3.17046e-06	-1.16242e-05
-7.75483e-07	2.09626e-06	-1.68063e-05
-1.6453e-06	-4.06905e-06	-1.68953e-05
-4.21612e-06	1.59882e-06	-1.88115e-05
-2.17242e-06	1.91512e-06	-1.59807e-05
-3.16547e-06	-2.1758e-06	-1.59347e-05
-3.22288e-06	2.15455e-06	-1.82393e-05
8.032e-07	-1.1385e-06	-1.43828e-05
1.77576e-06	-3.30312e-06	-1.73821e-05
2.15658e-06	-3.06235e-07	-1.59707e-05
-3.74404e-06	-2.36065e-06	-1.84664e-05
-1.01939e-06	-4.11104e-06	-1.44282e-05
3.81036e-07	2.45041e-06	-1.24149e-05
1.82882e-06	1.75884e-07	-1.24038e-05
2.85782e-07	-1.01258e-07	-1.76777e-05
-3.67604e-06	2.17224e-06	-1.36775e-05
2.92441e-07	2.20274e-06	-1.16187e-05
-2.51413e-06	1.8057e-06	-1.36709e-05
2.0682e-06	3.0102e-06	-1.70752e-05
2.3483e-06	-3.90967e-07	-1.52822e-05
5.20757e-07	6.82995e-08	-1.19614e-05
-3.27129e-06	2.1722e-06	-1.57916e-05
-7.00132e-07	-1.47231e-06	-1.49969e-05
5.49081e-08	-2.68824e-06	-1.22167e-05
2.39419e-06	-2.54519e-06	-1.35678e-05
-3.10153e-06	-4.8155e-06	-1.32326e-05
-1.62757e-06	2.0369e-06	-1.70126e-05
1.12385e-06	-1.86439e-07	-1.52789e-05
-5.66574e-07	-1.541e-06	-1.2738e-05
8.56346e-09	-2.01216e-06	-1.22548e-05
-3.94262e-06	-6.29127e-07	-1.80576e-05
-1.03647e-07	2.9664e-06	-1.35255e-05
1.44994e-06	5.59444e-07	-1.19928e-05
-3.66201e-06	-3.54753e-07	-1.25153e-05
1.67525e-06	-2.12811e-06	-1.40375e-05
-4.37725e-06	-1.67809e-07	-1.42503e-05
-3.40252e-06	1.23537e-06	-1.24752e-05
-2.81788e-06	-1.24728e-06	-1.24797e-05
2.17713e-06	3.74249e-07	-1.07697e-05
7.81099e-07	-2.2764e-06	-1.50294e-05
2.12796e-07	6.37089e-07	-1.67265e-05
1.06046e-06	2.49271e-06	-1.2182e-05
-9.52201e-07	-3.0703e-06	-1.56078e-05
-2.32767e-06	1.67637e-06	-1.44125e-05
-1.90533e-06	2.75899e-06	-1.63048e-05
1.87221e-06	-3.13011e-06	-1.67046e-05
2.6219e-06	-3.73644e-06	-1.14804e-05
-2.93999e-06	1.96693e-06	-1.37393e-05
-6.27184e-08	-2.39597e-06	-1.24987e-05
2.32906e-06	-1.37736e-06	-1.31459e-05
1.67904e-06	3.05729e-06	-1.12112e-05
-8.39545e-07	2.01863e-06	-1.62256e-05
-1.67388e-06	-3.92708e-06	-1.63155e-05
-4.16999e-06	1.53577e-06	-1.81776e-05
-2.18304e-06	1.84287e-06	-1.54354e-05
-3.13744e-06	-2.10268e-06	-1.53957e-05
-3.20897e-06	2.07257e-06	-1.76205e-05
6.99664e-07	-1.09886e-06	-1.38786e-05
1.62419e-06	-3.18565e-06	-1.67689e-05
2.15658e-06	-3.06235e-07	-1.59707e-05
-3.74404e-06	-2.36065e-06	-1.84664e-05
-1.01939e-06	-4.11104e-06	-1.44282e-05
3.81036e-07	2.45041e-06	-1.24149e-05
1.82882e-06	1.75884e-07	-1.24038e-05
2.85782e-07	-1.01258e-07	-1.76777e-05
-3.67604e-06	2.17224e-06	-1.36775e-05
2.92441e-07	2.20274e-06	-1.16187e-05
-2.51413e-06	1.8057e-06	-1.36709e-05
2.0682e-06	3.0102e-06	-1.70752e-05
2.3483e-06	-3.90967e-07	-1.52822e-05
5.20757e-07	6.82995e-08	-1.19614e-05
-3.27129e-06	2.1722e-06	-1.57916e-05
-7.00132e-07	-1.47231e-06	-1.49969e-05
5.49081e-08	-2.68824e-06	-1.22167e-05
2.39419e-06	-2.54519e-06	-1.35678e-05
-3.10153e-06	-4.8155e-06	-1.32326e-05
-1.62757e-06	2.0369e-06	-1.70126e-05
1.12385e-06	-1.86439e-07	-1.52789e-05
-5.66574e-07	-1.541e-06	-1.2738e-05
8.56346e-09	-2.01216e-06	-1.22548e-05
-3.94262e-06	-6.29127e-07	-1.80576e-05
-1.03647e-07	2.9664e-06	-1.35255e-05
1.44994e-06	5.59444e-07	-1.19928e-05
-3.66201e-06	-3.54753e-07	-1.25153e-05
1.67525e-06	-2.12811e-06	-1.40375e-05
-4.37725e-06	-1.67809e-07	-1.42503e-05
-3.40252e-06	1.23537e-06	-1.24752e-05
-2.81788e-06	-1.24728e-06	-1.24797e-05
2.17713e-06	3.74249e-07	-1.07697e-05
7.81099e-07	-2.2764e-06	-1.50294e-05
2.12796e-07	6.37089e-07	-1.67265e-05
1.06046e-06	2.49271e-06	-1.2182e-05
-9.52201e-07	-3.0703e-06	-1.56078e-05
-2.32767e-06	1.67637e-06	-1.44125e-05
-1.90533e-06	2.75899e-06	-1.63048e-05
1.87221e-06	-3.13011e-06	-1.67046e-05
2.6219e-06	-3.73644e-06	-1.14804e-05
-2.93999e-06	1.96693e-06	-1.37393e-05
-6.27184e-08	-2.39597e-06	-1.24987e-05
2.32906e-06	-1.37736e-06	-1.31459e-05
1.67904e-06	3.05729e-06	-1.12112e-05
-8.39545e-07	2.01863e-06	-1.62256e-05
-1.67388e-06	-3.92708e-06	-1.63155e-05
-4.16999e-06	1.53577e-06	-1.81776e-05
-2.18304e-06	1.84287e-06	-1.54354e-05
-3.13744e-06	-2.10268e-06	-1.53957e-05
-3.20897e-06	2.07257e-06	-1.76205e-05
6.99664e-07	-1.09886e-06	-1.38786e-05
1.62419e-06	-3.18565e-06	-1.67689e-05
6.85929e-05	-9.21351e-06	-0.000468948
-0.00010485	-6.9264e-05	-0.000542859
-2.59281e-05	-0.000121183	-0.000423936
1.53742e-05	7.22931e-05	-0.000364687
5.78521e-05	5.0376e-06	-0.0003642
1.39727e-05	-2.98238e-06	-0.000519289
-0.000103913	6.44765e-05	-0.000402193
1.24873e-05	6.49919e-05	-0.000341305
-6.96817e-05	5.35492e-05	-0.000401878
6.66524e-05	8.86581e-05	-0.000501424
7.40228e-05	-1.17334e-05	-0.000448701
1.91234e-05	1.9877e-06	-0.000351337
-9.13114e-05	6.44404e-05	-0.000464259
-1.60794e-05	-4.33496e-05	-0.000440627
5.19883e-06	-7.93069e-05	-0.000358869
7.46305e-05	-7.53077e-05	-0.000398321
-8.77808e-05	-0.000141773	-0.000389025
-4.24618e-05	6.02925e-05	-0.000499958
3.79283e-05	-5.58077e-06	-0.000448731
-1.28566e-05	-4.53936e-05	-0.000374254
3.90898e-06	-5.93526e-05	-0.000359995
-0.000110669	-1.81523e-05	-0.00053088
1.47782e-06	8.75675e-05	-0.000397366
4.65852e-05	1.63912e-05	-0.000352167
-0.000104107	-1.00933e-05	-0.000368036
5.36141e-05	-6.29306e-05	-0.000412194
-0.000124639	-4.50515e-06	-0.000419081
-9.63137e-05	3.68028e-05	-0.000366841
-7.93082e-05	-3.6511e-05	-0.000366898
6.76305e-05	1.08545e-05	-0.000316161
2.754e-05	-6.72187e-05	-0.000441424
1.15923e-05	1.88099e-05	-0.000491358
3.53436e-05	7.34755e-05	-0.000357776
-2.34757e-05	-9.04776e-05	-0.000458591
-6.39619e-05	4.97163e-05	-0.000423646
-5.08067e-05	8.16253e-05	-0.000479198
6.01646e-05	-9.25114e-05	-0.00049052
8.05762e-05	-0.000110485	-0.000336967
-8.22046e-05	5.83477e-05	-0.000403933
1.84635e-06	-7.06706e-05	-0.000367168
7.26895e-05	-4.0842e-05	-0.000385939
5.3337e-05	9.00739e-05	-0.000329197
-1.94693e-05	5.96764e-05	-0.000476756
-4.46206e-05	-0.000115689	-0.00047945
-0.000117129	4.57514e-05	-0.000534439
-5.93588e-05	5.46174e-05	-0.00045368
-8.78994e-05	-6.1716e-05	-0.00045259
-8.89082e-05	6.14978e-05	-0.000517978
2.48899e-05	-3.24664e-05	-0.000407633
5.28645e-05	-9.41263e-05	-0.000492433
6.85929e-05	-9.21351e-06	-0.000468948
-0.00010485	-6.9264e-05	-0.000542859
-2.59281e-05	-0.000121183	-0.000423936
1.53742e-05	7.22931e-05	-0.000364687
5.78521e-05	5.0376e-06	-0.0003642
1.39727e-05	-2.98238e-06	-0.000519289
-0.000103913	6.44765e-05	-0.000402193
1.24873e-05	6.49919e-05	-0.000341305
-6.96817e-05	5.35492e-05	-0.000401878
6.66524e-05	8.86581e-05	-0.000501424
7.40228e-05	-1.17334e-05	-0.000448701
1.91234e-05	1.9877e-06	-0.000351337
-9.13114e-05	6.44404e-05	-0.000464259
-1.60794e-05	-4.33496e-05	-0.000440627
5.19883e-06	-7.93069e-05	-0.000358869
7.46305e-05	-7.53077e-05	-0.000398321
-8.77808e-05	-0.000141773	-0.000389025
-4.24618e-05	6.02925e-05	-0.000499958
3.79283e-05	-5.58077e-06	-0.000448731
-1.28566e-05	-4.53936e-05	-0.000374254
3.90898e-06	-5.93526e-05	-0.000359995
-0.000110669	-1.81523e-05	-0.00053088
1.47782e-06	8.75675e-05	-0.000397366
4.65852e-05	1.63912e-05	-0.000352167
-0.000104107	-1.00933e-05	-0.000368036
5.36141e-05	-6.29306e-05	-0.000412194
-0.000124639	-4.50515e-06	-0.000419081
-9.63137e-05	3.68028e-05	-0.000366841
-7.93082e-05	-3.6511e-05	-0.000366898
6.76305e-05	1.08545e-05	-0.000316161
2.754e-05	-6.72187e-05	-0.000441424
1.15923e-05	1.88099e-05	-0.000491358
3.53436e-05	7.34755e-05	-0.000357776
-2.34757e-05	-9.04776e-05	-0.000458591
-6.39619e-05	4.97163e-05	-0.000423646
-5.08067e-05	8.16253e-05	-0.000479198
6.01646e-05	-9.25114e-05	-0.00049052
8.05762e-05	-0.000110485	-0.000336967
-8.22046e-05	5.83477e-05	-0.000403933
1.84635e-06	-7.06706e-05	-0.000367168
7.26895e-05	-4.0842e-05	-0.000385939
5.3337e-05	9.00739e-05	-0.000329197
-1.94693e-05	5.96764e-05	-0.000476756
-4.46206e-05	-0.000115689	-0.00047945
-0.000117129	4.57514e-05	-0.000534439
-5.93588e-05	5.46174e-05	-0.00045368
-8.78994e-05	-6.1716e-05	-0.00045259
-8.89082e-05	6.14978e-05	-0.000517978
2.48899e-05	-3.24664e-05	-0.000407633
5.28645e-05	-9.41263e-05	-0.000492433
