2.97668e-05	-4.63742e-06	-0.000235321
-5.8331e-05	-3.48649e-05	-0.000273185
-1.73531e-05	-6.09459e-05	-0.000213107
4.00446e-06	3.63325e-05	-0.000183159
2.54219e-05	2.52927e-06	-0.000182738
1.74072e-06	-1.51786e-06	-0.000260842
-5.64584e-05	3.23772e-05	-0.000202503
2.79079e-06	3.26623e-05	-0.000171423
-3.92108e-05	2.68906e-05	-0.000202202
2.84329e-05	4.45644e-05	-0.000251642
3.2709e-05	-5.90236e-06	-0.000225126
6.04715e-06	9.88707e-07	-0.000176438
-5.07444e-05	3.23591e-05	-0.000233633
-1.25829e-05	-2.18148e-05	-0.000221449
-1.0222e-06	-3.98841e-05	-0.000180284
3.35454e-05	-3.78612e-05	-0.000199814
-4.81454e-05	-7.13081e-05	-0.000195827
-2.65031e-05	3.02822e-05	-0.000251365
1.45271e-05	-2.81645e-06	-0.000225293
-1.0282e-05	-2.2839e-05	-0.000188088
-1.6885e-06	-2.98527e-05	-0.000180854
-6.11526e-05	-9.16988e-06	-0.000267189
-3.33217e-06	4.40073e-05	-0.000199635
1.98668e-05	8.23538e-06	-0.00017674
-5.61886e-05	-5.11035e-06	-0.000185346
2.28152e-05	-3.16436e-05	-0.000206872
-6.70522e-05	-2.3072e-06	-0.000211078
-5.2263e-05	1.84677e-05	-0.000184711
-4.36794e-05	-1.83864e-05	-0.000184671
3.08356e-05	5.45756e-06	-0.000158561
9.38516e-06	-3.38059e-05	-0.000221667
8.21105e-07	9.43857e-06	-0.000246818
1.41327e-05	3.69312e-05	-0.000179603
-1.64794e-05	-4.55099e-05	-0.000230507
-3.6551e-05	2.49639e-05	-0.000213114
-3.05e-05	4.10061e-05	-0.000240969
2.53231e-05	-4.65169e-05	-0.000246198
3.71751e-05	-5.55423e-05	-0.000168965
-4.55405e-05	2.93004e-05	-0.000203286
-2.79766e-06	-3.55434e-05	-0.000184467
3.26852e-05	-2.0534e-05	-0.0001936
2.34829e-05	4.52806e-05	-0.000165168
-1.46855e-05	2.9978e-05	-0.000239611
-2.73359e-05	-5.81896e-05	-0.000241076
-6.44592e-05	2.29553e-05	-0.000269002
-3.45402e-05	2.74276e-05	-0.000228185
-4.88743e-05	-3.10632e-05	-0.000227761
-5.00813e-05	3.0878e-05	-0.000260613
8.38618e-06	-1.63338e-05	-0.0002047
2.16271e-05	-4.73303e-05	-0.00024719
7.26659e-07	-3.07659e-07	-1.34399e-05
-4.60843e-06	-2.04073e-06	-1.58885e-05
-1.95694e-06	-3.56761e-06	-1.23037e-05
-5.43901e-07	2.09369e-06	-1.0524e-05
7.01466e-07	1.17301e-07	-1.04301e-05
-1.02449e-06	-1.18794e-07	-1.4995e-05
-4.17118e-06	1.8829e-06	-1.1824e-05
-5.65576e-07	1.88171e-06	-9.85254e-06
-3.16119e-06	1.55718e-06	-1.17526e-05
5.9446e-07	2.55652e-06	-1.43871e-05
9.42622e-07	-3.81226e-07	-1.28443e-05
-4.06998e-07	3.52721e-08	-1.01279e-05
-3.97079e-06	1.87623e-06	-1.35965e-05
-1.70042e-06	-1.29125e-06	-1.27722e-05
-8.51416e-07	-2.34309e-06	-1.03673e-05
1.09023e-06	-2.23995e-06	-1.13831e-05
-3.6899e-06	-4.15806e-06	-1.14048e-05
-2.62775e-06	1.74452e-06	-1.45407e-05
-1.22325e-07	-1.94972e-07	-1.29107e-05
-1.42194e-06	-1.34792e-06	-1.08465e-05
-8.89572e-07	-1.75868e-06	-1.04031e-05
-4.7393e-06	-5.42532e-07	-1.55548e-05
-1.04231e-06	2.54144e-06	-1.1495e-05
4.03798e-07	4.52314e-07	-1.01029e-05
-4.09381e-06	-2.98549e-07	-1.08331e-05
4.33171e-07	-1.87477e-06	-1.18229e-05
-4.84044e-06	-1.34316e-07	-1.23469e-05
-3.85321e-06	1.07331e-06	-1.07865e-05
-3.36242e-06	-1.07619e-06	-1.07541e-05
1.12399e-06	2.88656e-07	-9.02319e-06
-4.18269e-07	-1.99756e-06	-1.27154e-05
-1.01418e-06	5.2125e-07	-1.41923e-05
6.5055e-08	2.12532e-06	-1.0288e-05
-1.97571e-06	-2.67091e-06	-1.33031e-05
-3.0531e-06	1.44276e-06	-1.23717e-05
-2.81347e-06	2.37172e-06	-1.39562e-05
4.05388e-07	-2.7464e-06	-1.40754e-05
1.43016e-06	-3.2675e-06	-9.59617e-06
-3.53592e-06	1.69968e-06	-1.18349e-05
-9.72048e-07	-2.09012e-06	-1.06138e-05
1.07244e-06	-1.22978e-06	-1.10301e-05
6.77965e-07	2.60988e-06	-9.42964e-06
-1.88473e-06	1.72389e-06	-1.3828e-05
-2.66163e-06	-3.40668e-06	-1.39435e-05
-4.93014e-06	1.32945e-06	-1.56723e-05
-2.99952e-06	1.58381e-06	-1.32323e-05
-3.85703e-06	-1.81754e-06	-1.32472e-05
-4.0489e-06	1.78666e-06	-1.51459e-05
-3.97729e-07	-9.77672e-07	-1.17443e-05
1.8429e-07	-2.79255e-06	-1.41438e-05
7.26659e-07	-3.07659e-07	-1.34399e-05
-4.60843e-06	-2.04073e-06	-1.58885e-05
-1.95694e-06	-3.56761e-06	-1.23037e-05
-5.43901e-07	2.09369e-06	-1.0524e-05
7.01466e-07	1.17301e-07	-1.04301e-05
-1.02449e-06	-1.18794e-07	-1.4995e-05
-4.17118e-06	1.8829e-06	-1.1824e-05
-5.65576e-07	1.88171e-06	-9.85254e-06
-3.16119e-06	1.55718e-06	-1.17526e-05
5.9446e-07	2.55652e-06	-1.43871e-05
9.42622e-07	-3.81226e-07	-1.28443e-05
-4.06998e-07	3.52721e-08	-1.01279e-05
-3.97079e-06	1.87623e-06	-1.35965e-05
-1.70042e-06	-1.29125e-06	-1.27722e-05
-8.51416e-07	-2.34309e-06	-1.03673e-05
1.09023e-06	-2.23995e-06	-1.13831e-05
-3.6899e-06	-4.15806e-06	-1.14048e-05
-2.62775e-06	1.74452e-06	-1.45407e-05
-1.22325e-07	-1.94972e-07	-1.29107e-05
-1.42194e-06	-1.34792e-06	-1.08465e-05
-8.89572e-07	-1.75868e-06	-1.04031e-05
-4.7393e-06	-5.42532e-07	-1.55548e-05
-1.04231e-06	2.54144e-06	-1.1495e-05
4.03798e-07	4.52314e-07	-1.01029e-05
-4.09381e-06	-2.98549e-07	-1.08331e-05
4.33171e-07	-1.87477e-06	-1.18229e-05
-4.84044e-06	-1.34316e-07	-1.23469e-05
-3.85321e-06	1.07331e-06	-1.07865e-05
-3.36242e-06	-1.07619e-06	-1.07541e-05
1.12399e-06	2.88656e-07	-9.02319e-06
-4.18269e-07	-1.99756e-06	-1.27154e-05
-1.01418e-06	5.2125e-07	-1.41923e-05
6.5055e-08	2.12532e-06	-1.0288e-05
-1.97571e-06	-2.67091e-06	-1.33031e-05
-3.0531e-06	1.44276e-06	-1.23717e-05
-2.81347e-06	2.37172e-06	-1.39562e-05
4.05388e-07	-2.7464e-06	-1.40754e-05
1.43016e-06	-3.2675e-06	-9.59617e-06
-3.53592e-06	1.69968e-06	-1.18349e-05
-9.72048e-07	-2.09012e-06	-1.06138e-05
1.07244e-06	-1.22978e-06	-1.10301e-05
6.77965e-07	2.60988e-06	-9.42964e-06
-1.88473e-06	1.72389e-06	-1.3828e-05
-2.66163e-06	-3.40668e-06	-1.39435e-05
-4.93014e-06	1.32945e-06	-1.56723e-05
-2.99952e-06	1.58381e-06	-1.32323e-05
-3.85703e-06	-1.81754e-06	-1.32472e-05
-4.0489e-06	1.78666e-06	-1.51459e-05
-3.97729e-07	-9.77672e-07	-1.17443e-05
1.8429e-07	-2.79255e-06	-1.41438e-05
7.26659e-07	-3.07659e-07	-1.34399e-05
-4.60843e-06	-2.04073e-06	-1.58885e-05
-1.95694e-06	-3.56761e-06	-1.23037e-05
-5.43901e-07	2.09369e-06	-1.0524e-05
7.01466e-07	1.17301e-07	-1.04301e-05
-1.02449e-06	-1.18794e-07	-1.4995e-05
-4.17118e-06	1.8829e-06	-1.1824e-05
-5.65576e-07	1.88171e-06	-9.85254e-06
-3.16119e-06	1.55718e-06	-1.17526e-05
5.9446e-07	2.55652e-06	-1.43871e-05
9.42622e-07	-3.81226e-07	-1.28443e-05
-4.06998e-07	3.52721e-08	-1.01279e-05
-3.97079e-06	1.87623e-06	-1.35965e-05
-1.70042e-06	-1.29125e-06	-1.27722e-05
-8.51416e-07	-2.34309e-06	-1.03673e-05
1.09023e-06	-2.23995e-06	-1.13831e-05
-3.6899e-06	-4.15806e-06	-1.14048e-05
-2.62775e-06	1.74452e-06	-1.45407e-05
-1.22325e-07	-1.94972e-07	-1.29107e-05
-1.42194e-06	-1.34792e-06	-1.08465e-05
-8.89572e-07	-1.75868e-06	-1.04031e-05
-4.7393e-06	-5.42532e-07	-1.55548e-05
-1.04231e-06	2.54144e-06	-1.1495e-05
4.03798e-07	4.52314e-07	-1.01029e-05
-4.09381e-06	-2.98549e-07	-1.08331e-05
4.33171e-07	-1.87477e-06	-1.18229e-05
-4.84044e-06	-1.34316e-07	-1.23469e-05
-3.85321e-06	1.07331e-06	-1.07865e-05
-3.36242e-06	-1.07619e-06	-1.07541e-05
1.12399e-06	2.88656e-07	-9.02319e-06
-4.18269e-07	-1.99756e-06	-1.27154e-05
-1.01418e-06	5.2125e-07	-1.41923e-05
6.5055e-08	2.12532e-06	-1.0288e-05
-1.97571e-06	-2.67091e-06	-1.33031e-05
-3.0531e-06	1.44276e-06	-1.23717e-05
-2.81347e-06	2.37172e-06	-1.39562e-05
4.05388e-07	-2.7464e-06	-1.40754e-05
1.43016e-06	-3.2675e-06	-9.59617e-06
-3.53592e-06	1.69968e-06	-1.18349e-05
-9.72048e-07	-2.09012e-06	-1.06138e-05
1.07244e-06	-1.22978e-06	-1.10301e-05
6.77965e-07	2.60988e-06	-9.42964e-06
-1.88473e-06	1.72389e-06	-1.3828e-05
-2.66163e-06	-3.40668e-06	-1.39435e-05
-4.93014e-06	1.32945e-06	-1.56723e-05
-2.99952e-06	1.58381e-06	-1.32323e-05
-3.85703e-06	-1.81754e-06	-1.32472e-05
-4.0489e-06	1.78666e-06	-1.51459e-05
-3.97729e-07	-9.77672e-07	-1.17443e-05
1.8429e-07	-2.79255e-06	-1.41438e-05
1.74162e-06	-2.95621e-07	-1.47744e-05
-3.80918e-06	-2.19886e-06	-1.71761e-05
-1.2016e-06	-3.83124e-06	-1.33906e-05
1.49554e-07	2.27506e-06	-1.15054e-05
1.4969e-06	1.5526e-07	-1.14725e-05
-3.23767e-08	-1.02304e-07	-1.63852e-05
-3.65752e-06	2.0226e-06	-1.27368e-05
7.99568e-08	2.045e-06	-1.07684e-05
-2.57393e-06	1.67939e-06	-1.27131e-05
1.6458e-06	2.79123e-06	-1.5801e-05
1.932e-06	-3.74534e-07	-1.41332e-05
2.83766e-07	5.75668e-08	-1.1082e-05
-3.31563e-06	2.02096e-06	-1.46908e-05
-9.09117e-07	-1.37573e-06	-1.39141e-05
-1.59605e-07	-2.50772e-06	-1.13247e-05
2.00035e-06	-2.37919e-06	-1.25422e-05
-3.12517e-06	-4.4829e-06	-1.23132e-05
-1.80288e-06	1.89164e-06	-1.57981e-05
7.89961e-07	-1.82023e-07	-1.41486e-05
-7.46429e-07	-1.43893e-06	-1.18178e-05
-2.02406e-07	-1.87831e-06	-1.13609e-05
-3.98477e-06	-5.86525e-07	-1.68008e-05
-3.20609e-07	2.75574e-06	-1.25425e-05
1.15095e-06	5.13137e-07	-1.10973e-05
-3.62883e-06	-3.29236e-07	-1.16582e-05
1.3223e-06	-1.98989e-06	-1.29886e-05
-4.32519e-06	-1.54718e-07	-1.32776e-05
-3.3835e-06	1.15053e-06	-1.16177e-05
-2.84207e-06	-1.16151e-06	-1.16122e-05
1.84981e-06	3.40008e-07	-9.95238e-06
4.71046e-07	-2.12681e-06	-1.39216e-05
-8.32107e-08	5.85534e-07	-1.55047e-05
7.87462e-07	2.31335e-06	-1.12793e-05
-1.15719e-06	-2.86307e-06	-1.44837e-05
-2.41271e-06	1.55836e-06	-1.33979e-05
-2.04891e-06	2.5646e-06	-1.51463e-05
1.45937e-06	-2.92411e-06	-1.5458e-05
2.24619e-06	-3.48759e-06	-1.0603e-05
-2.97215e-06	1.83018e-06	-1.2783e-05
-2.73651e-07	-2.23557e-06	-1.1588e-05
1.94859e-06	-1.29179e-06	-1.21524e-05
1.38192e-06	2.83824e-06	-1.03702e-05
-1.05437e-06	1.87361e-06	-1.50565e-05
-1.84386e-06	-3.65968e-06	-1.51503e-05
-4.19548e-06	1.42906e-06	-1.69162e-05
-2.29479e-06	1.71266e-06	-1.43441e-05
-3.1909e-06	-1.95847e-06	-1.43202e-05
-3.28855e-06	1.92732e-06	-1.63854e-05
4.16407e-07	-1.03004e-06	-1.28563e-05
1.22679e-06	-2.9754e-06	-1.55213e-05
