-787.492	1249.49	4128.76
1624.4	853.344	4275.02
880.858	1843.95	4474.37
1662.96	1647.2	3723.58
236.985	2541.41	2665.86
1791.38	509.343	5522.63
604.48	3459.8	2496.8
1618.04	1494.95	2408.03
98.2808	1308.09	2039.08
1180.33	1170.21	1995.1
1313.16	2615.47	5238.47
2196.76	2483.19	3137
-188.258	822.743	4052.98
990.626	1828.37	4288.92
-163.222	-168.371	3671.43
776.398	-239.807	1881.47
279.656	3179.62	3170.32
2025.83	1043.39	2661.94
1512.43	2435.44	3362.67
2844.35	1031.28	5073.93
1096.36	400.715	2243.92
-594.116	138.852	3636.92
392.152	1385.09	4797.35
1862.06	2653.1	5274.44
2584.8	1412.57	5180.25
2880.51	2214.72	2047.1
-492.037	1135.7	2511.93
124.748	2981.83	3642.93
1614.95	1070.64	4132.42
2867.59	2170.5	3878.7
835.797	1205.66	5052.9
-1053.4	1428.06	4784.3
2742.22	1776.82	4963.55
401.786	986.729	2500.12
-1048.78	2423.42	3269.8
1196.02	2206.39	2859.48
-580.3	421.91	1562.98
1706.72	230.12	4063.4
1096.71	1665.28	2341.31
-892.259	2819.71	4215.83
1633.69	193.623	2851.32
2351.78	1924.33	3505.83
764.349	709.528	4133.71
-665.071	454.896	2897.72
177.147	406.376	3373.39
362.455	-485.977	5203.5
479.116	1582.63	2727.82
-173.984	-101.557	3288.37
399.195	-94.3824	5057.46
252.086	2869.47	5030.8
-787.492	1249.49	4128.76
1624.4	853.344	4275.02
880.858	1843.95	4474.37
1662.96	1647.2	3723.58
236.985	2541.41	2665.86
1791.38	509.343	5522.63
604.48	3459.8	2496.8
1618.04	1494.95	2408.03
98.2808	1308.09	2039.08
1180.33	1170.21	1995.1
1313.16	2615.47	5238.47
2196.76	2483.19	3137
-188.258	822.743	4052.98
990.626	1828.37	4288.92
-163.222	-168.371	3671.43
776.398	-239.807	1881.47
279.656	3179.62	3170.32
2025.83	1043.39	2661.94
1512.43	2435.44	3362.67
2844.35	1031.28	5073.93
1096.36	400.715	2243.92
-594.116	138.852	3636.92
392.152	1385.09	4797.35
1862.06	2653.1	5274.44
2584.8	1412.57	5180.25
2880.51	2214.72	2047.1
-492.037	1135.7	2511.93
124.748	2981.83	3642.93
1614.95	1070.64	4132.42
2867.59	2170.5	3878.7
835.797	1205.66	5052.9
-1053.4	1428.06	4784.3
2742.22	1776.82	4963.55
401.786	986.729	2500.12
-1048.78	2423.42	3269.8
1196.02	2206.39	2859.48
-580.3	421.91	1562.98
1706.72	230.12	4063.4
1096.71	1665.28	2341.31
-892.259	2819.71	4215.83
1633.69	193.623	2851.32
2351.78	1924.33	3505.83
764.349	709.528	4133.71
-665.071	454.896	2897.72
177.147	406.376	3373.39
362.455	-485.977	5203.5
479.116	1582.63	2727.82
-173.984	-101.557	3288.37
399.195	-94.3824	5057.46
252.086	2869.47	5030.8
-787.492	1249.49	4128.76
1624.4	853.344	4275.02
880.858	1843.95	4474.37
1662.96	1647.2	3723.58
236.985	2541.41	2665.86
1791.38	509.343	5522.63
604.48	3459.8	2496.8
1618.04	1494.95	2408.03
98.2808	1308.09	2039.08
1180.33	1170.21	1995.1
1313.16	2615.47	5238.47
2196.76	2483.19	3137
-188.258	822.743	4052.98
990.626	1828.37	4288.92
-163.222	-168.371	3671.43
776.398	-239.807	1881.47
279.656	3179.62	3170.32
2025.83	1043.39	2661.94
1512.43	2435.44	3362.67
2844.35	1031.28	5073.93
1096.36	400.715	2243.92
-594.116	138.852	3636.92
392.152	1385.09	4797.35
1862.06	2653.1	5274.44
2584.8	1412.57	5180.25
2880.51	2214.72	2047.1
-492.037	1135.7	2511.93
124.748	2981.83	3642.93
1614.95	1070.64	4132.42
2867.59	2170.5	3878.7
835.797	1205.66	5052.9
-1053.4	1428.06	4784.3
2742.22	1776.82	4963.55
401.786	986.729	2500.12
-1048.78	2423.42	3269.8
1196.02	2206.39	2859.48
-580.3	421.91	1562.98
1706.72	230.12	4063.4
1096.71	1665.28	2341.31
-892.259	2819.71	4215.83
1633.69	193.623	2851.32
2351.78	1924.33	3505.83
764.349	709.528	4133.71
-665.071	454.896	2897.72
177.147	406.376	3373.39
362.455	-485.977	5203.5
479.116	1582.63	2727.82
-173.984	-101.557	3288.37
399.195	-94.3824	5057.46
252.086	2869.47	5030.8
-787.492	1249.49	4128.76
1624.4	853.344	4275.02
880.858	1843.95	4474.37
1662.96	1647.2	3723.58
236.985	2541.41	2665.86
1791.38	509.343	5522.63
604.48	3459.8	2496.8
1618.04	1494.95	2408.03
98.2808	1308.09	2039.08
1180.33	1170.21	1995.1
1313.16	2615.47	5238.47
2196.76	2483.19	3137
-188.258	822.743	4052.98
990.626	1828.37	4288.92
-163.222	-168.371	3671.43
776.398	-239.807	1881.47
279.656	3179.62	3170.32
2025.83	1043.39	2661.94
1512.43	2435.44	3362.67
2844.35	1031.28	5073.93
1096.36	400.715	2243.92
-594.116	138.852	3636.92
392.152	1385.09	4797.35
1862.06	2653.1	5274.44
2584.8	1412.57	5180.25
2880.51	2214.72	2047.1
-492.037	1135.7	2511.93
124.748	2981.83	3642.93
1614.95	1070.64	4132.42
2867.59	2170.5	3878.7
835.797	1205.66	5052.9
-1053.4	1428.06	4784.3
2742.22	1776.82	4963.55
401.786	986.729	2500.12
-1048.78	2423.42	3269.8
1196.02	2206.39	2859.48
-580.3	421.91	1562.98
1706.72	230.12	4063.4
1096.71	1665.28	2341.31
-892.259	2819.71	4215.83
1633.69	193.623	2851.32
2351.78	1924.33	3505.83
764.349	709.528	4133.71
-665.071	454.896	2897.72
177.147	406.376	3373.39
362.455	-485.977	5203.5
479.116	1582.63	2727.82
-173.984	-101.557	3288.37
399.195	-94.3824	5057.46
252.086	2869.47	5030.8
-787.492	1249.49	4128.76
1624.4	853.344	4275.02
880.858	1843.95	4474.37
1662.96	1647.2	3723.58
236.985	2541.41	2665.86
1791.38	509.343	5522.63
604.48	3459.8	2496.8
1618.04	1494.95	2408.03
98.2808	1308.09	2039.08
1180.33	1170.21	1995.1
1313.16	2615.47	5238.47
2196.76	2483.19	3137
-188.258	822.743	4052.98
990.626	1828.37	4288.92
-163.222	-168.371	3671.43
776.398	-239.807	1881.47
279.656	3179.62	3170.32
2025.83	1043.39	2661.94
1512.43	2435.44	3362.67
2844.35	1031.28	5073.93
1096.36	400.715	2243.92
-594.116	138.852	3636.92
392.152	1385.09	4797.35
1862.06	2653.1	5274.44
2584.8	1412.57	5180.25
2880.51	2214.72	2047.1
-492.037	1135.7	2511.93
124.748	2981.83	3642.93
1614.95	1070.64	4132.42
2867.59	2170.5	3878.7
835.797	1205.66	5052.9
-1053.4	1428.06	4784.3
2742.22	1776.82	4963.55
401.786	986.729	2500.12
-1048.78	2423.42	3269.8
1196.02	2206.39	2859.48
-580.3	421.91	1562.98
1706.72	230.12	4063.4
1096.71	1665.28	2341.31
-892.259	2819.71	4215.83
1633.69	193.623	2851.32
2351.78	1924.33	3505.83
764.349	709.528	4133.71
-665.071	454.896	2897.72
177.147	406.376	3373.39
362.455	-485.977	5203.5
479.116	1582.63	2727.82
-173.984	-101.557	3288.37
399.195	-94.3824	5057.46
252.086	2869.47	5030.8
