-787.647	1249.74	4129.58
1624.24	853.257	4274.58
880.51	1843.22	4472.6
1662.81	1647.05	3723.24
237.067	2542.29	2666.78
1790.28	509.028	5519.22
604.534	3460.11	2497.03
1619	1495.83	2409.46
98.384	1309.46	2041.22
1181.45	1171.33	1997
1311.76	2612.69	5232.9
2196.44	2482.84	3136.55
-188.311	822.973	4054.11
990.311	1827.79	4287.55
-163.346	-168.499	3674.23
777.567	-240.168	1884.3
279.628	3179.31	3170
2026.95	1043.96	2663.41
1512.22	2435.1	3362.2
2842.33	1030.55	5070.31
1097.56	401.151	2246.36
-594.56	138.956	3639.63
392.02	1384.63	4795.74
1859.88	2650	5268.27
2582.63	1411.39	5175.89
2881.54	2215.52	2047.84
-492.511	1136.79	2514.35
124.718	2981.12	3642.06
1614.79	1070.53	4132.02
2866.15	2169.41	3876.76
835.406	1205.1	5050.53
-1053.26	1427.87	4783.66
2739.81	1775.25	4959.18
402.141	987.601	2502.33
-1049.08	2424.1	3270.72
1196.28	2206.88	2860.11
-581.259	422.608	1565.57
1707.02	230.161	4064.12
1097.42	1666.36	2342.82
-891.978	2818.82	4214.51
1634.97	193.775	2853.56
2351.39	1924	3505.24
764.452	709.623	4134.27
-665.745	455.357	2900.65
177.267	406.652	3375.68
362.474	-486.002	5203.76
479.394	1583.54	2729.39
-174.145	-101.651	3291.43
399.193	-94.382	5057.44
251.862	2866.92	5026.32
-787.647	1249.74	4129.58
1624.24	853.257	4274.58
880.51	1843.22	4472.6
1662.81	1647.05	3723.24
237.067	2542.29	2666.78
1790.28	509.028	5519.22
604.534	3460.11	2497.03
1619	1495.83	2409.46
98.384	1309.46	2041.22
1181.45	1171.33	1997
1311.76	2612.69	5232.9
2196.44	2482.84	3136.55
-188.311	822.973	4054.11
990.311	1827.79	4287.55
-163.346	-168.499	3674.23
777.567	-240.168	1884.3
279.628	3179.31	3170
2026.95	1043.96	2663.41
1512.22	2435.1	3362.2
2842.33	1030.55	5070.31
1097.56	401.151	2246.36
-594.56	138.956	3639.63
392.02	1384.63	4795.74
1859.88	2650	5268.27
2582.63	1411.39	5175.89
2881.54	2215.52	2047.84
-492.511	1136.79	2514.35
124.718	2981.12	3642.06
1614.79	1070.53	4132.02
2866.15	2169.41	3876.76
835.406	1205.1	5050.53
-1053.26	1427.87	4783.66
2739.81	1775.25	4959.18
402.141	987.601	2502.33
-1049.08	2424.1	3270.72
1196.28	2206.88	2860.11
-581.259	422.608	1565.57
1707.02	230.161	4064.12
1097.42	1666.36	2342.82
-891.978	2818.82	4214.51
1634.97	193.775	2853.56
2351.39	1924	3505.24
764.452	709.623	4134.27
-665.745	455.357	2900.65
177.267	406.652	3375.68
362.474	-486.002	5203.76
479.394	1583.54	2729.39
-174.145	-101.651	3291.43
399.193	-94.382	5057.44
251.862	2866.92	5026.32
-787.647	1249.74	4129.58
1624.24	853.257	4274.58
880.51	1843.22	4472.6
1662.81	1647.05	3723.24
237.067	2542.29	2666.78
1790.28	509.028	5519.22
604.534	3460.11	2497.03
1619	1495.83	2409.46
98.384	1309.46	2041.22
1181.45	1171.33	1997
1311.76	2612.69	5232.9
2196.44	2482.84	3136.55
-188.311	822.973	4054.11
990.311	1827.79	4287.55
-163.346	-168.499	3674.23
777.567	-240.168	1884.3
279.628	3179.31	3170
2026.95	1043.96	2663.41
1512.22	2435.1	3362.2
2842.33	1030.55	5070.31
1097.56	401.151	2246.36
-594.56	138.956	3639.63
392.02	1384.63	4795.74
1859.88	2650	5268.27
2582.63	1411.39	5175.89
2881.54	2215.52	2047.84
-492.511	1136.79	2514.35
124.718	2981.12	3642.06
1614.79	1070.53	4132.02
2866.15	2169.41	3876.76
835.406	1205.1	5050.53
-1053.26	1427.87	4783.66
2739.81	1775.25	4959.18
402.141	987.601	2502.33
-1049.08	2424.1	3270.72
1196.28	2206.88	2860.11
-581.259	422.608	1565.57
1707.02	230.161	4064.12
1097.42	1666.36	2342.82
-891.978	2818.82	4214.51
1634.97	193.775	2853.56
2351.39	1924	3505.24
764.452	709.623	4134.27
-665.745	455.357	2900.65
177.267	406.652	3375.68
362.474	-486.002	5203.76
479.394	1583.54	2729.39
-174.145	-101.651	3291.43
399.193	-94.382	5057.44
251.862	2866.92	5026.32
-787.647	1249.74	4129.58
1624.24	853.257	4274.58
880.51	1843.22	4472.6
1662.81	1647.05	3723.24
237.067	2542.29	2666.78
1790.28	509.028	5519.22
604.534	3460.11	2497.03
1619	1495.83	2409.46
98.384	1309.46	2041.22
1181.45	1171.33	1997
1311.76	2612.69	5232.9
2196.44	2482.84	3136.55
-188.311	822.973	4054.11
990.311	1827.79	4287.55
-163.346	-168.499	3674.23
777.567	-240.168	1884.3
279.628	3179.31	3170
2026.95	1043.96	2663.41
1512.22	2435.1	3362.2
2842.33	1030.55	5070.31
1097.56	401.151	2246.36
-594.56	138.956	3639.63
392.02	1384.63	4795.74
1859.88	2650	5268.27
2582.63	1411.39	5175.89
2881.54	2215.52	2047.84
-492.511	1136.79	2514.35
124.718	2981.12	3642.06
1614.79	1070.53	4132.02
2866.15	2169.41	3876.76
835.406	1205.1	5050.53
-1053.26	1427.87	4783.66
2739.81	1775.25	4959.18
402.141	987.601	2502.33
-1049.08	2424.1	3270.72
1196.28	2206.88	2860.11
-581.259	422.608	1565.57
1707.02	230.161	4064.12
1097.42	1666.36	2342.82
-891.978	2818.82	4214.51
1634.97	193.775	2853.56
2351.39	1924	3505.24
764.452	709.623	4134.27
-665.745	455.357	2900.65
177.267	406.652	3375.68
362.474	-486.002	5203.76
479.394	1583.54	2729.39
-174.145	-101.651	3291.43
399.193	-94.382	5057.44
251.862	2866.92	5026.32
-787.647	1249.74	4129.58
1624.24	853.257	4274.58
880.51	1843.22	4472.6
1662.81	1647.05	3723.24
237.067	2542.29	2666.78
1790.28	509.028	5519.22
604.534	3460.11	2497.03
1619	1495.83	2409.46
98.384	1309.46	2041.22
1181.45	1171.33	1997
1311.76	2612.69	5232.9
2196.44	2482.84	3136.55
-188.311	822.973	4054.11
990.311	1827.79	4287.55
-163.346	-168.499	3674.23
777.567	-240.168	1884.3
279.628	3179.31	3170
2026.95	1043.96	2663.41
1512.22	2435.1	3362.2
2842.33	1030.55	5070.31
1097.56	401.151	2246.36
-594.56	138.956	3639.63
392.02	1384.63	4795.74
1859.88	2650	5268.27
2582.63	1411.39	5175.89
2881.54	2215.52	2047.84
-492.511	1136.79	2514.35
124.718	2981.12	3642.06
1614.79	1070.53	4132.02
2866.15	2169.41	3876.76
835.406	1205.1	5050.53
-1053.26	1427.87	4783.66
2739.81	1775.25	4959.18
402.141	987.601	2502.33
-1049.08	2424.1	3270.72
1196.28	2206.88	2860.11
-581.259	422.608	1565.57
1707.02	230.161	4064.12
1097.42	1666.36	2342.82
-891.978	2818.82	4214.51
1634.97	193.775	2853.56
2351.39	1924	3505.24
764.452	709.623	4134.27
-665.745	455.357	2900.65
177.267	406.652	3375.68
362.474	-486.002	5203.76
479.394	1583.54	2729.39
-174.145	-101.651	3291.43
399.193	-94.382	5057.44
251.862	2866.92	5026.32
