369.417	691.74	4457.4
-387.761	-254.073	3083.51
296.22	629.097	4411.19
-229.279	-223.232	3727.45
-339.514	-148.859	3523.05
668.131	502.069	3625.26
36.067	-462.817	4387.97
356.153	548.018	3215.14
-828.872	959.515	3227.43
908.801	392.062	3233.29
-508.235	877.556	4393.62
411.605	499.076	4632.38
262.869	4.27052	3764.49
-307.122	195.444	4469.68
697.084	950.872	4150.69
-786.262	-349.379	4930.59
-271.602	70.444	3064.11
-509.898	-389.558	4663.56
516.443	-355.244	3482.02
437.368	964.747	5170.49
-421.728	298.803	4878.36
473.042	-355.099	3873.27
-188.988	115.996	3125.49
693.305	749.511	4334.72
-594.262	-29.7808	4154.24
954.193	-608.104	4301.31
481.115	-358.635	3201.49
979.567	-599.006	3524.42
-2.45037	984.115	4439.79
474.784	-169.186	3615.61
-800.686	113.033	3964.38
992.909	-557.311	3953.89
-320.242	742.79	4289.71
-357.717	-387.461	3208.26
574.935	854.174	3576.18
-631.9	-333.881	4133.05
-817.056	320.948	4650.8
759.25	-390.122	3102.54
24.658	1047.26	4515.55
-245.29	367.184	4763.89
1182.63	-353.9	3303.37
98.8158	-7.27608	3882.55
-199.182	786.406	3384.8
1166.08	-126.777	3944.34
606.28	344.322	4841.63
701.331	868.469	3202.91
330.75	-5.23625	4510.42
-460.054	509.094	3869.22
822.568	-571.28	4705.87
-366.845	971.843	4360.32
369.417	691.74	4457.4
-387.761	-254.073	3083.51
296.22	629.097	4411.19
-229.279	-223.232	3727.45
-339.514	-148.859	3523.05
668.131	502.069	3625.26
36.067	-462.817	4387.97
356.153	548.018	3215.14
-828.872	959.515	3227.43
908.801	392.062	3233.29
-508.235	877.556	4393.62
411.605	499.076	4632.38
262.869	4.27052	3764.49
-307.122	195.444	4469.68
697.084	950.872	4150.69
-786.262	-349.379	4930.59
-271.602	70.444	3064.11
-509.898	-389.558	4663.56
516.443	-355.244	3482.02
437.368	964.747	5170.49
-421.728	298.803	4878.36
473.042	-355.099	3873.27
-188.988	115.996	3125.49
693.305	749.511	4334.72
-594.262	-29.7808	4154.24
954.193	-608.104	4301.31
481.115	-358.635	3201.49
979.567	-599.006	3524.42
-2.45037	984.115	4439.79
474.784	-169.186	3615.61
-800.686	113.033	3964.38
992.909	-557.311	3953.89
-320.242	742.79	4289.71
-357.717	-387.461	3208.26
574.935	854.174	3576.18
-631.9	-333.881	4133.05
-817.056	320.948	4650.8
759.25	-390.122	3102.54
24.658	1047.26	4515.55
-245.29	367.184	4763.89
1182.63	-353.9	3303.37
98.8158	-7.27608	3882.55
-199.182	786.406	3384.8
1166.08	-126.777	3944.34
606.28	344.322	4841.63
701.331	868.469	3202.91
330.75	-5.23625	4510.42
-460.054	509.094	3869.22
822.568	-571.28	4705.87
-366.845	971.843	4360.32
369.417	691.74	4457.4
-387.761	-254.073	3083.51
296.22	629.097	4411.19
-229.279	-223.232	3727.45
-339.514	-148.859	3523.05
668.131	502.069	3625.26
36.067	-462.817	4387.97
356.153	548.018	3215.14
-828.872	959.515	3227.43
908.801	392.062	3233.29
-508.235	877.556	4393.62
411.605	499.076	4632.38
262.869	4.27052	3764.49
-307.122	195.444	4469.68
697.084	950.872	4150.69
-786.262	-349.379	4930.59
-271.602	70.444	3064.11
-509.898	-389.558	4663.56
516.443	-355.244	3482.02
437.368	964.747	5170.49
-421.728	298.803	4878.36
473.042	-355.099	3873.27
-188.988	115.996	3125.49
693.305	749.511	4334.72
-594.262	-29.7808	4154.24
954.193	-608.104	4301.31
481.115	-358.635	3201.49
979.567	-599.006	3524.42
-2.45037	984.115	4439.79
474.784	-169.186	3615.61
-800.686	113.033	3964.38
992.909	-557.311	3953.89
-320.242	742.79	4289.71
-357.717	-387.461	3208.26
574.935	854.174	3576.18
-631.9	-333.881	4133.05
-817.056	320.948	4650.8
759.25	-390.122	3102.54
24.658	1047.26	4515.55
-245.29	367.184	4763.89
1182.63	-353.9	3303.37
98.8158	-7.27608	3882.55
-199.182	786.406	3384.8
1166.08	-126.777	3944.34
606.28	344.322	4841.63
701.331	868.469	3202.91
330.75	-5.23625	4510.42
-460.054	509.094	3869.22
822.568	-571.28	4705.87
-366.845	971.843	4360.32
369.417	691.74	4457.4
-387.761	-254.073	3083.51
296.22	629.097	4411.19
-229.279	-223.232	3727.45
-339.514	-148.859	3523.05
668.131	502.069	3625.26
36.067	-462.817	4387.97
356.153	548.018	3215.14
-828.872	959.515	3227.43
908.801	392.062	3233.29
-508.235	877.556	4393.62
411.605	499.076	4632.38
262.869	4.27052	3764.49
-307.122	195.444	4469.68
697.084	950.872	4150.69
-786.262	-349.379	4930.59
-271.602	70.444	3064.11
-509.898	-389.558	4663.56
516.443	-355.244	3482.02
437.368	964.747	5170.49
-421.728	298.803	4878.36
473.042	-355.099	3873.27
-188.988	115.996	3125.49
693.305	749.511	4334.72
-594.262	-29.7808	4154.24
954.193	-608.104	4301.31
481.115	-358.635	3201.49
979.567	-599.006	3524.42
-2.45037	984.115	4439.79
474.784	-169.186	3615.61
-800.686	113.033	3964.38
992.909	-557.311	3953.89
-320.242	742.79	4289.71
-357.717	-387.461	3208.26
574.935	854.174	3576.18
-631.9	-333.881	4133.05
-817.056	320.948	4650.8
759.25	-390.122	3102.54
24.658	1047.26	4515.55
-245.29	367.184	4763.89
1182.63	-353.9	3303.37
98.8158	-7.27608	3882.55
-199.182	786.406	3384.8
1166.08	-126.777	3944.34
606.28	344.322	4841.63
701.331	868.469	3202.91
330.75	-5.23625	4510.42
-460.054	509.094	3869.22
822.568	-571.28	4705.87
-366.845	971.843	4360.32
369.417	691.74	4457.4
-387.761	-254.073	3083.51
296.22	629.097	4411.19
-229.279	-223.232	3727.45
-339.514	-148.859	3523.05
668.131	502.069	3625.26
36.067	-462.817	4387.97
356.153	548.018	3215.14
-828.872	959.515	3227.43
908.801	392.062	3233.29
-508.235	877.556	4393.62
411.605	499.076	4632.38
262.869	4.27052	3764.49
-307.122	195.444	4469.68
697.084	950.872	4150.69
-786.262	-349.379	4930.59
-271.602	70.444	3064.11
-509.898	-389.558	4663.56
516.443	-355.244	3482.02
437.368	964.747	5170.49
-421.728	298.803	4878.36
473.042	-355.099	3873.27
-188.988	115.996	3125.49
693.305	749.511	4334.72
-594.262	-29.7808	4154.24
954.193	-608.104	4301.31
481.115	-358.635	3201.49
979.567	-599.006	3524.42
-2.45037	984.115	4439.79
474.784	-169.186	3615.61
-800.686	113.033	3964.38
992.909	-557.311	3953.89
-320.242	742.79	4289.71
-357.717	-387.461	3208.26
574.935	854.174	3576.18
-631.9	-333.881	4133.05
-817.056	320.948	4650.8
759.25	-390.122	3102.54
24.658	1047.26	4515.55
-245.29	367.184	4763.89
1182.63	-353.9	3303.37
98.8158	-7.27608	3882.55
-199.182	786.406	3384.8
1166.08	-126.777	3944.34
606.28	344.322	4841.63
701.331	868.469	3202.91
330.75	-5.23625	4510.42
-460.054	509.094	3869.22
822.568	-571.28	4705.87
-366.845	971.843	4360.32
