369.303	691.603	4461.95
-388.083	-254.619	3084.72
296.039	628.885	4415.49
-229.652	-223.889	3729.23
-339.897	-149.468	3524.7
668.307	501.898	3628.79
35.7128	-463.635	4390.12
356.095	547.891	3217.99
-829.635	959.491	3229.82
909.195	391.877	3236.44
-508.982	877.414	4397.41
411.495	498.73	4636.87
262.665	3.68243	3767.1
-307.65	194.807	4472.61
697.37	951.168	4155.61
-786.777	-350.237	4932.34
-271.957	69.9689	3065.77
-510.373	-390.384	4665.4
516.347	-355.914	3484.13
437.31	964.883	5176.62
-422.363	298.153	4881.75
472.9	-355.836	3875.65
-189.332	115.534	3127.31
693.53	749.527	4339.57
-594.775	-30.4712	4156.24
954.255	-609.019	4304.18
481.018	-359.253	3203.35
979.672	-599.771	3526.66
-2.87418	984.226	4444.39
474.688	-169.821	3618.04
-801.236	112.402	3966.25
993.025	-558.153	3956.57
-320.848	742.575	4293.37
-358.025	-388.033	3209.4
575.096	854.375	3580.05
-632.328	-334.605	4134.53
-817.773	320.298	4653.53
759.301	-390.747	3104.52
24.2484	1047.45	4520.39
-245.85	366.615	4767.5
1182.99	-354.573	3305.9
98.5217	-7.89399	3885.08
-199.633	786.365	3387.66
1166.51	-127.447	3947.83
606.304	343.832	4846.33
701.646	868.76	3206.42
330.532	-5.94548	4513.79
-460.635	508.712	3871.94
822.54	-572.251	4709.03
-367.526	971.844	4364.39
352.001	701.897	4409.97
-378.693	-264.096	3048.61
280.57	637.241	4364.04
-221.021	-228.856	3685.63
-333.256	-157.666	3483.47
655.303	520.556	3586.58
50.9057	-460.677	4338.83
342.109	557.718	3180.53
-853.048	935.812	3192.05
898.623	417.279	3198.83
-530.011	863.067	4346.06
399.559	510.561	4582.85
264.202	11.977	3723.15
-310.073	187.189	4420.35
672.17	970.027	4107.28
-773.063	-370.087	4874.58
-271.756	63.1617	3029.93
-496.154	-402.59	4610.81
527.264	-340.077	3443.51
412.723	976.799	5116.33
-427.232	287.299	4824.7
484.103	-341.095	3830.45
-190.496	110.955	3090.77
674.021	768.666	4289.08
-590.659	-45.7504	4107.61
971.905	-580.413	4254.02
491.931	-344.464	3166
996.597	-570.69	3485.6
-27.6715	983.725	4392.58
480.595	-155.409	3575.86
-800.84	91.1178	3919.81
1009.01	-528.655	3910.49
-338.512	733.631	4243.24
-344.924	-396.423	3171.83
552.462	869.853	3538.42
-619.742	-350.424	4086.12
-822.725	298.398	4599.07
770.571	-368.229	3068.36
-2.30229	1047.62	4467.7
-252.969	360.503	4711.83
1192.67	-320.332	3267.47
100.716	-4.09193	3839.73
-219.209	780.457	3348.14
1170.28	-93.8634	3901.92
598.449	361.37	4789.87
678.198	887.615	3169.17
332.635	4.4479	4461.14
-471.824	496.173	3826.69
839.615	-547.243	4654.14
-391.422	961.247	4313.45
352.001	701.897	4409.97
-378.693	-264.096	3048.61
280.57	637.241	4364.04
-221.021	-228.856	3685.63
-333.256	-157.666	3483.47
655.303	520.556	3586.58
50.9057	-460.677	4338.83
342.109	557.718	3180.53
-853.048	935.812	3192.05
898.623	417.279	3198.83
-530.011	863.067	4346.06
399.559	510.561	4582.85
264.202	11.977	3723.15
-310.073	187.189	4420.35
672.17	970.027	4107.28
-773.063	-370.087	4874.58
-271.756	63.1617	3029.93
-496.154	-402.59	4610.81
527.264	-340.077	3443.51
412.723	976.799	5116.33
-427.232	287.299	4824.7
484.103	-341.095	3830.45
-190.496	110.955	3090.77
674.021	768.666	4289.08
-590.659	-45.7504	4107.61
971.905	-580.413	4254.02
491.931	-344.464	3166
996.597	-570.69	3485.6
-27.6715	983.725	4392.58
480.595	-155.409	3575.86
-800.84	91.1178	3919.81
1009.01	-528.655	3910.49
-338.512	733.631	4243.24
-344.924	-396.423	3171.83
552.462	869.853	3538.42
-619.742	-350.424	4086.12
-822.725	298.398	4599.07
770.571	-368.229	3068.36
-2.30229	1047.62	4467.7
-252.969	360.503	4711.83
1192.67	-320.332	3267.47
100.716	-4.09193	3839.73
-219.209	780.457	3348.14
1170.28	-93.8634	3901.92
598.449	361.37	4789.87
678.198	887.615	3169.17
332.635	4.4479	4461.14
-471.824	496.173	3826.69
839.615	-547.243	4654.14
-391.422	961.247	4313.45
352.001	701.897	4409.97
-378.693	-264.096	3048.61
280.57	637.241	4364.04
-221.021	-228.856	3685.63
-333.256	-157.666	3483.47
655.303	520.556	3586.58
50.9057	-460.677	4338.83
342.109	557.718	3180.53
-853.048	935.812	3192.05
898.623	417.279	3198.83
-530.011	863.067	4346.06
399.559	510.561	4582.85
264.202	11.977	3723.15
-310.073	187.189	4420.35
672.17	970.027	4107.28
-773.063	-370.087	4874.58
-271.756	63.1617	3029.93
-496.154	-402.59	4610.81
527.264	-340.077	3443.51
412.723	976.799	5116.33
-427.232	287.299	4824.7
484.103	-341.095	3830.45
-190.496	110.955	3090.77
674.021	768.666	4289.08
-590.659	-45.7504	4107.61
971.905	-580.413	4254.02
491.931	-344.464	3166
996.597	-570.69	3485.6
-27.6715	983.725	4392.58
480.595	-155.409	3575.86
-800.84	91.1178	3919.81
1009.01	-528.655	3910.49
-338.512	733.631	4243.24
-344.924	-396.423	3171.83
552.462	869.853	3538.42
-619.742	-350.424	4086.12
-822.725	298.398	4599.07
770.571	-368.229	3068.36
-2.30229	1047.62	4467.7
-252.969	360.503	4711.83
1192.67	-320.332	3267.47
100.716	-4.09193	3839.73
-219.209	780.457	3348.14
1170.28	-93.8634	3901.92
598.449	361.37	4789.87
678.198	887.615	3169.17
332.635	4.4479	4461.14
-471.824	496.173	3826.69
839.615	-547.243	4654.14
-391.422	961.247	4313.45
352.001	701.897	4409.97
-378.693	-264.096	3048.61
280.57	637.241	4364.04
-221.021	-228.856	3685.63
-333.256	-157.666	3483.47
655.303	520.556	3586.58
50.9057	-460.677	4338.83
342.109	557.718	3180.53
-853.048	935.812	3192.05
898.623	417.279	3198.83
-530.011	863.067	4346.06
399.559	510.561	4582.85
264.202	11.977	3723.15
-310.073	187.189	4420.35
672.17	970.027	4107.28
-773.063	-370.087	4874.58
-271.756	63.1617	3029.93
-496.154	-402.59	4610.81
527.264	-340.077	3443.51
412.723	976.799	5116.33
-427.232	287.299	4824.7
484.103	-341.095	3830.45
-190.496	110.955	3090.77
674.021	768.666	4289.08
-590.659	-45.7504	4107.61
971.905	-580.413	4254.02
491.931	-344.464	3166
996.597	-570.69	3485.6
-27.6715	983.725	4392.58
480.595	-155.409	3575.86
-800.84	91.1178	3919.81
1009.01	-528.655	3910.49
-338.512	733.631	4243.24
-344.924	-396.423	3171.83
552.462	869.853	3538.42
-619.742	-350.424	4086.12
-822.725	298.398	4599.07
770.571	-368.229	3068.36
-2.30229	1047.62	4467.7
-252.969	360.503	4711.83
1192.67	-320.332	3267.47
100.716	-4.09193	3839.73
-219.209	780.457	3348.14
1170.28	-93.8634	3901.92
598.449	361.37	4789.87
678.198	887.615	3169.17
332.635	4.4479	4461.14
-471.824	496.173	3826.69
839.615	-547.243	4654.14
-391.422	961.247	4313.45
