3.317824044675029427e+02	1.717450610647283042e+02
3.291763097077130737e+02	1.607938857706909062e+02
3.769468534932838679e+02	2.974171973223097325e+02
4.004226169949018868e+02	2.337650775819474234e+02
4.368333203097562318e+02	1.697951956944799292e+02
4.324130018568753258e+02	3.250086298410724908e+02
3.942787278496331851e+02	2.181400381197007903e+02
3.968669345725209041e+02	2.606897007883858919e+02
4.070121740679398386e+02	1.547931442754652664e+02
4.248629672045833559e+02	2.488758153963084681e+02
3.380644372638035975e+02	2.991358765898733623e+02
3.017466321336475517e+02	2.644775748051913524e+02
3.730002949146566493e+02	3.087826345408367956e+02
4.486146485262463557e+02	1.770625198197934083e+02
4.044088025979457370e+02	2.451786425616709266e+02
3.483159862744305428e+02	3.163596543079005414e+02
3.642925725239271060e+02	1.625890780247888756e+02
4.070944975227286022e+02	1.945983486495109389e+02
4.136396189431101220e+02	3.095062981071244508e+02
4.107866219356970987e+02	2.319125660439256933e+02
3.774939054154299924e+02	2.864223957281282082e+02
4.286000252766563108e+02	2.065663621422191056e+02
2.926515757326969833e+02	2.939373108453780219e+02
2.999063500498961048e+02	2.320780301624751587e+02
3.829157066504155296e+02	2.054977636821292037e+02
4.340403100600593689e+02	2.073281656843901430e+02
3.504738527364514766e+02	2.916658282013651728e+02
3.415759328968863429e+02	1.648738335415845597e+02
4.253825333358745411e+02	2.248076049779232619e+02
3.813988928534033107e+02	2.870946183247637578e+02
3.342518683595662878e+02	1.785246188249545014e+02
4.378055262960260166e+02	1.698528820079408490e+02
3.858812965456161805e+02	3.294104469536209763e+02
2.866368613537672445e+02	3.215755712498108210e+02
3.526103304141328749e+02	1.500257323912458673e+02
3.727939855156637918e+02	1.747530280243952916e+02
4.189291576886759003e+02	3.051465395457317982e+02
4.055674622236645064e+02	2.439119306683910224e+02
3.806393149783395415e+02	3.006416246148559708e+02
4.306386205076582883e+02	2.554106244406461315e+02
3.864179902840040768e+02	1.756349555304647936e+02
4.363578870505605209e+02	2.601467849509002122e+02
4.494429512088920546e+02	3.101137896542129511e+02
4.530233859328151311e+02	1.895019840054941369e+02
2.966724942264530114e+02	3.144768180367101991e+02
3.548263563769703524e+02	3.199823782385344089e+02
4.209086351313166006e+02	1.801597746666305966e+02
2.978877960009212984e+02	2.774748974177903733e+02
3.458998416018731064e+02	1.966057156504961370e+02
3.361809090235875601e+02	3.044192336239399310e+02
