2.973124413929447769e+02	3.580749129164746591e+02
3.364071454228722473e+02	2.155889114129101927e+02
3.339661296903731795e+02	3.134726555814886524e+02
3.284089286020790155e+02	2.047913332717126309e+02
3.396997633764152624e+02	2.309636824490435743e+02
4.270627395536432118e+02	2.281878435908189715e+02
4.008470250890108559e+02	3.317215642663715016e+02
3.519142766523269756e+02	2.759548411933142233e+02
4.625577151422264706e+02	1.917910032287119293e+02
3.621934067845914456e+02	2.238638779353157133e+02
3.000882540355859192e+02	3.545635283886518891e+02
4.013017739997059152e+02	3.066921054552162786e+02
3.762777882179349263e+02	3.032858277228793895e+02
3.840082756045692349e+02	2.224964970451500221e+02
4.440849872587089067e+02	1.990384320296315934e+02
3.528469439363548190e+02	2.940708897579621066e+02
4.048344290936785228e+02	2.859928723559471564e+02
4.421919850578188402e+02	2.660855531251494881e+02
3.268686169850923875e+02	2.181993449522335595e+02
4.295742154773899415e+02	3.204528562881799303e+02
4.315872248724868427e+02	2.289966502451170527e+02
3.526555829270641880e+02	2.947013489985293404e+02
4.666238809417787365e+02	2.599427442965564978e+02
4.758638088385843616e+02	1.904925366438097569e+02
3.708529252305098112e+02	2.041558995013610343e+02
3.294631138343918337e+02	3.022577338129598274e+02
3.332575867603397910e+02	2.049471880493127571e+02
3.573916214948417291e+02	2.652078924694662874e+02
4.688326170088142248e+02	2.537516909967774836e+02
4.564321182890720365e+02	3.335630111894591323e+02
4.274664619897999955e+02	1.952081838674294829e+02
3.828895225170597882e+02	2.024727585379484651e+02
4.192892857699944216e+02	3.716056587067003534e+02
4.769599909371445392e+02	2.197375425455455797e+02
4.764299274933709398e+02	2.120200954226581302e+02
3.305407270728530875e+02	1.661718142777171181e+02
4.286207614954602718e+02	3.185155458268343409e+02
3.710744196158407249e+02	3.410980626874592190e+02
4.546617702629739597e+02	2.169059181849142419e+02
4.859884608727609816e+02	2.732805790979483618e+02
3.877160156262833652e+02	1.800214697214560715e+02
3.706218827228970554e+02	2.666390182604720849e+02
3.098765107703017065e+02	3.021059285442507871e+02
4.107398998331874509e+02	2.827537338500503097e+02
3.410513094662419462e+02	3.110393344726372220e+02
4.592876554596682013e+02	2.731918642245172464e+02
4.232909365950658298e+02	2.320235525055969106e+02
4.263406715504182785e+02	2.436378250197945192e+02
4.041939567153639814e+02	2.907364304482676403e+02
5.094168300485718532e+02	2.466464615604473636e+02
