186.891	118.534	2410.33
588.796	186.66	2936.99
-34.5935	570.011	3260.81
447.486	-0.656237	3272.97
432.677	423.413	2722.31
-220.946	256.906	3179.72
-411.289	-683.619	3298.08
814.977	19.0075	2160.39
850.016	-371.453	2506.84
831.279	33.605	2448.16
345.469	374.8	2906.79
10.1555	593.983	2198.93
438.883	-91.2762	2230.86
-352.024	-586.818	2314.15
187.763	371.297	2847.76
-471.486	611.067	3277.44
57.2591	-321.628	2804.67
-187.351	-631.116	2951.07
367.433	418.713	3208.59
601.396	155.846	3189.61
213.217	-215.913	2699.91
-289.244	-303.453	2462.62
238.122	-129.624	2182.71
482.654	105.96	2769.2
345.265	86.2992	3438.83
-420.36	452.259	2936.32
134.864	36.2836	2788.04
430.505	-402.639	3139.4
209.545	672.943	3489.58
309.62	801.095	2496.65
351.915	-419.875	3238.08
-258.923	320.137	2133.63
-418.558	393.708	3147.13
216.942	530.713	2919.47
374.766	183.404	3030.56
82.4499	303.819	2386.31
365.633	-32.2546	2817.92
-58.5967	-290.942	2454.09
-418.96	113.193	2622.05
-6.55779	-161.178	2218.28
402.27	205.259	3374.15
-1.17923	-139.213	2580.6
479.079	-100.484	2877.76
747.313	335.021	3191.42
94.219	172.855	2962.12
710.402	371.541	2884.63
450.304	607.993	2139.5
-552.53	442.21	2720.05
481.422	686.005	2652.81
287.887	720.649	2809.56
186.891	118.534	2410.33
588.796	186.66	2936.99
-34.5935	570.011	3260.81
447.486	-0.656237	3272.97
432.677	423.413	2722.31
-220.946	256.906	3179.72
-411.289	-683.619	3298.08
814.977	19.0075	2160.39
850.016	-371.453	2506.84
831.279	33.605	2448.16
345.469	374.8	2906.79
10.1555	593.983	2198.93
438.883	-91.2762	2230.86
-352.024	-586.818	2314.15
187.763	371.297	2847.76
-471.486	611.067	3277.44
57.2591	-321.628	2804.67
-187.351	-631.116	2951.07
367.433	418.713	3208.59
601.396	155.846	3189.61
213.217	-215.913	2699.91
-289.244	-303.453	2462.62
238.122	-129.624	2182.71
482.654	105.96	2769.2
345.265	86.2992	3438.83
-420.36	452.259	2936.32
134.864	36.2836	2788.04
430.505	-402.639	3139.4
209.545	672.943	3489.58
309.62	801.095	2496.65
351.915	-419.875	3238.08
-258.923	320.137	2133.63
-418.558	393.708	3147.13
216.942	530.713	2919.47
374.766	183.404	3030.56
82.4499	303.819	2386.31
365.633	-32.2546	2817.92
-58.5967	-290.942	2454.09
-418.96	113.193	2622.05
-6.55779	-161.178	2218.28
402.27	205.259	3374.15
-1.17923	-139.213	2580.6
479.079	-100.484	2877.76
747.313	335.021	3191.42
94.219	172.855	2962.12
710.402	371.541	2884.63
450.304	607.993	2139.5
-552.53	442.21	2720.05
481.422	686.005	2652.81
287.887	720.649	2809.56
186.891	118.534	2410.33
588.796	186.66	2936.99
-34.5935	570.011	3260.81
447.486	-0.656237	3272.97
432.677	423.413	2722.31
-220.946	256.906	3179.72
-411.289	-683.619	3298.08
814.977	19.0075	2160.39
850.016	-371.453	2506.84
831.279	33.605	2448.16
345.469	374.8	2906.79
10.1555	593.983	2198.93
438.883	-91.2762	2230.86
-352.024	-586.818	2314.15
187.763	371.297	2847.76
-471.486	611.067	3277.44
57.2591	-321.628	2804.67
-187.351	-631.116	2951.07
367.433	418.713	3208.59
601.396	155.846	3189.61
213.217	-215.913	2699.91
-289.244	-303.453	2462.62
238.122	-129.624	2182.71
482.654	105.96	2769.2
345.265	86.2992	3438.83
-420.36	452.259	2936.32
134.864	36.2836	2788.04
430.505	-402.639	3139.4
209.545	672.943	3489.58
309.62	801.095	2496.65
351.915	-419.875	3238.08
-258.923	320.137	2133.63
-418.558	393.708	3147.13
216.942	530.713	2919.47
374.766	183.404	3030.56
82.4499	303.819	2386.31
365.633	-32.2546	2817.92
-58.5967	-290.942	2454.09
-418.96	113.193	2622.05
-6.55779	-161.178	2218.28
402.27	205.259	3374.15
-1.17923	-139.213	2580.6
479.079	-100.484	2877.76
747.313	335.021	3191.42
94.219	172.855	2962.12
710.402	371.541	2884.63
450.304	607.993	2139.5
-552.53	442.21	2720.05
481.422	686.005	2652.81
287.887	720.649	2809.56
188.172	119.331	2426.55
592.787	187.915	2956.78
-34.7966	573.845	3282.74
450.529	-0.661016	3295.02
435.615	426.26	2740.66
-222.404	258.634	3201.09
-414.027	-688.218	3320.23
820.484	19.1353	2174.98
855.762	-373.952	2523.77
836.897	33.831	2464.69
347.822	377.32	2926.37
10.2437	597.978	2213.72
441.858	-91.8904	2245.9
-354.372	-590.766	2329.69
189.053	373.794	2866.93
-474.63	615.177	3299.45
57.6709	-323.792	2823.54
-188.584	-635.362	2970.9
369.936	421.529	3230.2
605.473	156.894	3211.11
214.678	-217.366	2718.08
-291.168	-305.495	2479.16
239.745	-130.496	2197.4
485.929	106.673	2787.86
347.621	86.8792	3461.99
-423.163	455.3	2956.04
135.798	36.5273	2806.8
433.432	-405.347	3160.54
210.987	677.469	3513.07
311.727	806.483	2513.47
354.314	-422.699	3259.88
-260.647	322.29	2147.96
-421.347	396.355	3168.26
218.429	534.282	2939.12
377.317	184.637	3050.97
83.0268	305.862	2402.37
368.121	-32.4719	2836.9
-58.9682	-292.9	2470.59
-421.756	113.953	2639.65
-6.58122	-162.263	2233.2
405.009	206.639	3396.87
-1.16313	-140.15	2597.95
482.331	-101.161	2897.16
752.373	337.274	3212.94
94.8806	174.017	2982.05
715.21	374.04	2904.08
453.354	612.082	2153.93
-556.224	445.184	2738.3
484.686	690.619	2670.69
289.851	725.496	2828.48
188.856	119.755	2435.18
594.912	188.582	2967.32
-34.9006	575.882	3294.4
452.151	-0.663377	3306.75
437.18	427.774	2750.41
-223.175	259.552	3212.45
-415.478	-690.662	3332
823.414	19.2037	2182.75
858.82	-375.279	2532.77
839.888	33.9515	2473.49
349.076	378.66	2936.78
10.2932	600.102	2221.58
443.443	-92.2166	2253.9
-355.617	-592.865	2337.94
189.743	375.121	2877.12
-476.298	617.361	3311.14
57.8937	-324.942	2833.57
-189.235	-637.619	2981.44
371.271	423.026	3241.69
607.646	157.451	3222.54
215.458	-218.138	2727.75
-292.187	-306.58	2487.95
240.611	-130.96	2205.22
487.673	107.052	2797.79
348.878	87.1876	3474.3
-424.649	456.916	2966.51
136.298	36.6568	2816.78
434.993	-406.787	3171.79
211.758	679.874	3525.56
312.85	809.347	2522.41
355.594	-424.2	3271.48
-261.56	323.434	2155.57
-422.826	397.762	3179.49
219.223	536.18	2949.57
378.677	185.293	3061.83
83.3365	306.948	2410.9
369.447	-32.5872	2846.99
-59.1622	-293.94	2479.37
-423.239	114.358	2649.01
-6.59064	-162.839	2241.14
406.47	207.373	3408.96
-1.15106	-140.648	2607.18
484.064	-101.52	2907.47
755.067	338.472	3224.39
95.2362	174.635	2992.65
717.771	375.369	2914.43
454.979	614.256	2161.6
-558.185	446.764	2748
486.425	693.072	2680.2
290.898	728.072	2838.54
