201.808	128.3	2608.67
636.71	202.029	3178.25
-38.0727	616.988	3529.45
483.688	-0.717299	3542.07
467.784	458.295	2946.06
-239.767	278.087	3441.9
-445.845	-739.935	3570.26
881.667	20.5544	2337.42
919.509	-402.081	2712.38
899.255	36.3549	2648.88
373.356	405.679	3145.84
10.5745	642.932	2380.05
474.581	-98.8061	2414.13
-381.499	-635.16	2505.2
202.672	401.891	3082.12
-510.948	661.437	3547.94
61.4047	-348.127	3035.65
-203.391	-683.111	3194.39
397.071	453.211	3472.48
650.295	168.676	3451.66
230.232	-233.706	2922.08
-313.567	-328.446	2665.82
257.294	-140.308	2362.24
521.856	114.683	2996.76
373.019	93.4068	3721.73
-455.55	489.542	3178.68
145.417	39.2743	3017.55
465.32	-435.823	3397.52
226.13	728.394	3776.79
334.651	867.103	2701.95
380.238	-454.478	3504.43
-280.662	346.528	2309.68
-453.643	426.167	3406.84
234.246	574.443	3159.7
405.033	198.511	3279.77
88.7754	328.855	2582.78
395.183	-34.9179	3049.62
-63.922	-314.911	2656.33
-453.984	122.536	2838.53
-7.54557	-174.455	2401.03
434.735	222.166	3651.63
-1.79568	-150.68	2793.19
517.96	-108.773	3114.29
808.235	362.611	3453.45
101.394	187.101	3206.02
768.348	402.142	3121.44
486.985	658.083	2315.22
-598.562	478.669	2944.74
520.567	742.525	2870.78
311.063	780.028	3040.66
201.29	127.913	2600.88
634.906	201.421	3168.89
-37.8418	615.124	3518.82
482.357	-0.714833	3531.57
466.478	456.914	2937.35
-238.931	277.244	3431.46
-444.379	-737.708	3559.36
879.1	20.4958	2330.67
916.844	-400.865	2704.51
896.646	36.2486	2641.2
372.34	404.455	3136.49
10.6197	640.992	2372.89
473.24	-98.5071	2407.02
-380.263	-633.248	2497.53
202.167	400.678	3072.91
-509.296	659.437	3537.1
61.327	-347.079	3026.53
-202.666	-681.055	3184.71
395.994	451.844	3462.16
648.46	168.169	3441.48
229.643	-233.002	2913.36
-312.531	-327.459	2657.69
256.603	-139.885	2355.21
520.391	114.338	2987.9
372.026	93.1247	3710.64
-454.076	488.061	3168.96
145.083	39.1545	3008.51
464.042	-434.508	3387.44
225.576	726.196	3765.49
333.732	864.488	2693.92
379.22	-453.107	3494
-279.743	345.48	2302.64
-452.167	424.877	3396.44
233.647	572.71	3150.27
403.928	197.913	3270.03
88.595	327.862	2575.04
394.101	-34.8124	3040.57
-63.6366	-313.963	2648.31
-452.524	122.162	2829.84
-7.43927	-173.931	2393.8
433.553	221.496	3640.78
-1.69337	-150.228	2784.78
516.512	-108.445	3105.08
805.924	361.52	3443.31
101.199	186.535	3196.4
766.146	400.932	3112.29
485.597	656.1	2308.41
-596.667	477.22	2935.68
519.097	740.287	2862.31
310.228	777.676	3031.61
201.448	127.956	2601.84
635.232	201.493	3170.19
-37.741	615.326	3520.02
482.645	-0.712537	3532.94
466.735	457.069	2938.52
-238.899	277.332	3432.58
-444.401	-737.961	3560.45
879.484	20.5103	2331.76
917.259	-400.99	2705.74
897.047	36.2682	2642.4
372.572	404.592	3137.69
10.6974	641.204	2373.72
473.487	-98.5367	2408.01
-380.3	-633.465	2498.27
202.338	400.811	3074.04
-509.359	659.649	3538.16
61.4568	-347.196	3027.6
-202.618	-681.286	3185.75
396.245	451.997	3463.48
648.801	168.229	3442.88
229.826	-233.08	2914.44
-312.544	-327.574	2658.51
256.775	-139.931	2356.11
520.673	114.379	2989.11
372.281	93.157	3712.05
-454.13	488.217	3169.91
145.237	39.1669	3009.6
464.325	-434.65	3388.76
225.775	726.437	3766.87
333.93	864.777	2694.97
379.477	-453.257	3495.33
-279.764	345.59	2303.34
-452.211	425.011	3397.47
233.829	572.901	3151.44
404.178	197.98	3271.3
88.7104	327.97	2575.96
394.343	-34.8221	3041.75
-63.5635	-314.071	2649.21
-452.585	122.196	2830.67
-7.3572	-173.991	2394.62
433.826	221.572	3642.18
-1.59612	-150.28	2785.74
516.799	-108.477	3106.32
806.317	361.646	3444.77
101.342	186.596	3197.54
766.513	401.071	3113.61
485.837	656.322	2309.36
-596.778	477.37	2936.51
519.366	740.537	2863.47
310.43	777.936	3032.76
202.159	128.355	2610.05
637.319	202.125	3180.3
-37.7547	617.243	3531.03
484.268	-0.712634	3544.15
468.284	458.497	2947.85
-239.542	278.192	3443.25
-445.672	-740.27	3571.46
882.311	20.5809	2339.32
920.221	-402.235	2714.48
899.938	36.3879	2650.94
373.833	405.855	3147.63
10.799	643.202	2381.15
475.047	-98.8413	2415.68
-381.406	-635.446	2505.98
203.064	402.061	3083.72
-510.849	661.699	3549.09
61.7484	-348.281	3037.1
-203.145	-683.415	3195.66
397.59	453.408	3474.44
650.939	168.758	3453.85
230.64	-233.806	2923.63
-313.435	-328.6	2666.74
257.655	-140.367	2363.56
522.396	114.739	2998.62
373.563	93.4485	3723.78
-455.457	489.733	3179.7
145.786	39.2885	3019.06
465.89	-436.004	3399.51
226.593	728.703	3778.73
335.051	867.476	2703.5
380.78	-454.669	3506.39
-280.571	346.664	2310.47
-453.525	426.33	3407.98
234.655	574.688	3161.37
405.545	198.6	3281.65
89.0659	328.992	2584.05
395.674	-34.9291	3051.39
-63.6756	-315.053	2657.48
-453.914	122.571	2839.4
-7.30285	-174.535	2402.12
435.297	222.265	3653.71
-1.51163	-150.751	2794.46
518.516	-108.813	3116.19
808.947	362.779	3455.79
101.758	187.177	3207.58
769.007	402.327	3123.59
487.424	658.372	2316.74
-598.559	478.852	2945.52
521.074	742.85	2872.59
311.489	780.364	3042.34
202.159	128.355	2610.05
637.319	202.125	3180.3
-37.7547	617.243	3531.03
484.268	-0.712634	3544.15
468.284	458.497	2947.85
-239.542	278.192	3443.25
-445.672	-740.27	3571.46
882.311	20.5809	2339.32
920.221	-402.235	2714.48
899.938	36.3879	2650.94
373.833	405.855	3147.63
10.799	643.202	2381.15
475.047	-98.8413	2415.68
-381.406	-635.446	2505.98
203.064	402.061	3083.72
-510.849	661.699	3549.09
61.7484	-348.281	3037.1
-203.145	-683.415	3195.66
397.59	453.408	3474.44
650.939	168.758	3453.85
230.64	-233.806	2923.63
-313.435	-328.6	2666.74
257.655	-140.367	2363.56
522.396	114.739	2998.62
373.563	93.4485	3723.78
-455.457	489.733	3179.7
145.786	39.2885	3019.06
465.89	-436.004	3399.51
226.593	728.703	3778.73
335.051	867.476	2703.5
380.78	-454.669	3506.39
-280.571	346.664	2310.47
-453.525	426.33	3407.98
234.655	574.688	3161.37
405.545	198.6	3281.65
89.0659	328.992	2584.05
395.674	-34.9291	3051.39
-63.6756	-315.053	2657.48
-453.914	122.571	2839.4
-7.30285	-174.535	2402.12
435.297	222.265	3653.71
-1.51163	-150.751	2794.46
518.516	-108.813	3116.19
808.947	362.779	3455.79
101.758	187.177	3207.58
769.007	402.327	3123.59
487.424	658.372	2316.74
-598.559	478.852	2945.52
521.074	742.85	2872.59
311.489	780.364	3042.34
