1085.84	625.193	3812.34
1591.96	800.94	2168.56
-42.1978	-321.392	5135.14
2619.64	661.192	5604.02
-615.578	-228.517	5162.76
976.56	3489.22	1937
1825.35	2276.25	2487.1
12.8332	1074.87	5324.65
-673.535	241.857	1940.9
-982	2716.44	2466.88
1406.83	2815.58	2028.43
2551.62	-13.3318	5448.45
380.537	2986.38	4525.22
290.122	3276.41	3600.46
2013.3	492.269	5843.81
805.355	2028.05	1952.8
2188.68	816.13	2638.16
-81.9216	2865.16	5516.64
-508.668	2007.36	4834.1
1393.41	349.279	5509.85
1349.23	2662.37	4207.81
-873.917	55.8287	5192.13
2859.57	1368.89	4844.23
107.21	2677.45	2760.38
1758.39	1479.14	3310.52
2225.38	1418.25	4159.2
2679.01	2173.97	4700.81
2102.78	2693.19	6041.59
889.972	647.797	4992.55
-24.365	621.287	4297.49
303.107	2946.93	5100.08
-916.242	849.904	5036.18
21.626	3061.79	4672.37
253.263	1602.67	3655.8
2528.32	2850.05	2730.51
2161.25	2950.23	4658.12
405.809	2066.82	2482.14
1437.02	2010.6	2862.21
2682.95	696.274	2781.44
-129.118	2830.59	4546.51
-504.773	2933.46	4609.47
-334.748	3271.56	2310.98
-666.48	-461.389	3943.37
1143.23	1846.83	2781.33
1.50502	76.2233	4659.19
896.061	2134.17	4642.97
-872.02	3182.72	3667.95
-233.676	-284.277	3943.06
470.728	1228.55	5636.89
2781.9	-441.816	2482.82
