1472.44	779.732	4409.86
1928.44	1094.97	2525.12
359.396	-516.696	5901.04
3405.31	976.265	6480.52
-326.794	-482.765	5933.02
839.239	4183.83	2334.9
2035.51	2853.84	2935.68
257.651	1130.44	6159.26
-686.189	146.936	2237.46
-1330.53	3005.8	2913.66
1439.7	3445.4	2422.11
3401.44	176.664	6281.91
387.204	3448.91	5295.17
177.078	3801.77	4239.13
2729.3	691.949	6749.27
827.262	2442.25	2309.57
2663.7	1178.66	3068.46
-71.1959	3220.69	6430.68
-512.416	2172.83	5618.85
1992.69	451.179	6357.88
1547.9	3202.23	4924.76
-665.97	-182.194	5973.81
3541.74	1860.6	5626.77
-21.3199	3094.64	3254.63
2118.86	1885.91	3859.76
2738.27	1853.46	4836.82
3214.07	2788.54	5483.89
2563.8	3290.28	7039.62
1323.23	750.449	5768.47
198.767	617.794	4963.56
342.2	3377.79	5955.27
-829.31	751.676	5816.71
-34.9216	3487.03	5465.12
353.475	1826.03	4254.36
2807.17	3614.56	3235.35
2500.05	3635.56	5454.71
389.346	2422.23	2918.01
1639.12	2480.97	3357.93
3272.32	1098.35	3231.94
-191.758	3198.53	5313.04
-643.155	3268.91	5386.81
-650.629	3747.18	2753.23
-444.05	-732.259	4522
1308.23	2251.95	3258.89
325.512	-30.2065	5364.5
1113.24	2510.36	5408.52
-1175.18	3538.12	4309.19
43.4286	-467.118	4528.56
800.048	1363.18	6525.12
3515.22	-221.643	2855.42
1472.44	779.732	4409.86
1928.44	1094.97	2525.12
359.396	-516.696	5901.04
3405.31	976.265	6480.52
-326.794	-482.765	5933.02
839.239	4183.83	2334.9
2035.51	2853.84	2935.68
257.651	1130.44	6159.26
-686.189	146.936	2237.46
-1330.53	3005.8	2913.66
1439.7	3445.4	2422.11
3401.44	176.664	6281.91
387.204	3448.91	5295.17
177.078	3801.77	4239.13
2729.3	691.949	6749.27
827.262	2442.25	2309.57
2663.7	1178.66	3068.46
-71.1959	3220.69	6430.68
-512.416	2172.83	5618.85
1992.69	451.179	6357.88
1547.9	3202.23	4924.76
-665.97	-182.194	5973.81
3541.74	1860.6	5626.77
-21.3199	3094.64	3254.63
2118.86	1885.91	3859.76
2738.27	1853.46	4836.82
3214.07	2788.54	5483.89
2563.8	3290.28	7039.62
1323.23	750.449	5768.47
198.767	617.794	4963.56
342.2	3377.79	5955.27
-829.31	751.676	5816.71
-34.9216	3487.03	5465.12
353.475	1826.03	4254.36
2807.17	3614.56	3235.35
2500.05	3635.56	5454.71
389.346	2422.23	2918.01
1639.12	2480.97	3357.93
3272.32	1098.35	3231.94
-191.758	3198.53	5313.04
-643.155	3268.91	5386.81
-650.629	3747.18	2753.23
-444.05	-732.259	4522
1308.23	2251.95	3258.89
325.512	-30.2065	5364.5
1113.24	2510.36	5408.52
-1175.18	3538.12	4309.19
43.4286	-467.118	4528.56
800.048	1363.18	6525.12
3515.22	-221.643	2855.42
1472.44	779.732	4409.86
1928.44	1094.97	2525.12
359.396	-516.696	5901.04
3405.31	976.265	6480.52
-326.794	-482.765	5933.02
839.239	4183.83	2334.9
2035.51	2853.84	2935.68
257.651	1130.44	6159.26
-686.189	146.936	2237.46
-1330.53	3005.8	2913.66
1439.7	3445.4	2422.11
3401.44	176.664	6281.91
387.204	3448.91	5295.17
177.078	3801.77	4239.13
2729.3	691.949	6749.27
827.262	2442.25	2309.57
2663.7	1178.66	3068.46
-71.1959	3220.69	6430.68
-512.416	2172.83	5618.85
1992.69	451.179	6357.88
1547.9	3202.23	4924.76
-665.97	-182.194	5973.81
3541.74	1860.6	5626.77
-21.3199	3094.64	3254.63
2118.86	1885.91	3859.76
2738.27	1853.46	4836.82
3214.07	2788.54	5483.89
2563.8	3290.28	7039.62
1323.23	750.449	5768.47
198.767	617.794	4963.56
342.2	3377.79	5955.27
-829.31	751.676	5816.71
-34.9216	3487.03	5465.12
353.475	1826.03	4254.36
2807.17	3614.56	3235.35
2500.05	3635.56	5454.71
389.346	2422.23	2918.01
1639.12	2480.97	3357.93
3272.32	1098.35	3231.94
-191.758	3198.53	5313.04
-643.155	3268.91	5386.81
-650.629	3747.18	2753.23
-444.05	-732.259	4522
1308.23	2251.95	3258.89
325.512	-30.2065	5364.5
1113.24	2510.36	5408.52
-1175.18	3538.12	4309.19
43.4286	-467.118	4528.56
800.048	1363.18	6525.12
3515.22	-221.643	2855.42
1472.44	779.732	4409.86
1928.44	1094.97	2525.12
359.396	-516.696	5901.04
3405.31	976.265	6480.52
-326.794	-482.765	5933.02
839.239	4183.83	2334.9
2035.51	2853.84	2935.68
257.651	1130.44	6159.26
-686.189	146.936	2237.46
-1330.53	3005.8	2913.66
1439.7	3445.4	2422.11
3401.44	176.664	6281.91
387.204	3448.91	5295.17
177.078	3801.77	4239.13
2729.3	691.949	6749.27
827.262	2442.25	2309.57
2663.7	1178.66	3068.46
-71.1959	3220.69	6430.68
-512.416	2172.83	5618.85
1992.69	451.179	6357.88
1547.9	3202.23	4924.76
-665.97	-182.194	5973.81
3541.74	1860.6	5626.77
-21.3199	3094.64	3254.63
2118.86	1885.91	3859.76
2738.27	1853.46	4836.82
3214.07	2788.54	5483.89
2563.8	3290.28	7039.62
1323.23	750.449	5768.47
198.767	617.794	4963.56
342.2	3377.79	5955.27
-829.31	751.676	5816.71
-34.9216	3487.03	5465.12
353.475	1826.03	4254.36
2807.17	3614.56	3235.35
2500.05	3635.56	5454.71
389.346	2422.23	2918.01
1639.12	2480.97	3357.93
3272.32	1098.35	3231.94
-191.758	3198.53	5313.04
-643.155	3268.91	5386.81
-650.629	3747.18	2753.23
-444.05	-732.259	4522
1308.23	2251.95	3258.89
325.512	-30.2065	5364.5
1113.24	2510.36	5408.52
-1175.18	3538.12	4309.19
43.4286	-467.118	4528.56
800.048	1363.18	6525.12
3515.22	-221.643	2855.42
1472.44	779.732	4409.86
1928.44	1094.97	2525.12
359.396	-516.696	5901.04
3405.31	976.265	6480.52
-326.794	-482.765	5933.02
839.239	4183.83	2334.9
2035.51	2853.84	2935.68
257.651	1130.44	6159.26
-686.189	146.936	2237.46
-1330.53	3005.8	2913.66
1439.7	3445.4	2422.11
3401.44	176.664	6281.91
387.204	3448.91	5295.17
177.078	3801.77	4239.13
2729.3	691.949	6749.27
827.262	2442.25	2309.57
2663.7	1178.66	3068.46
-71.1959	3220.69	6430.68
-512.416	2172.83	5618.85
1992.69	451.179	6357.88
1547.9	3202.23	4924.76
-665.97	-182.194	5973.81
3541.74	1860.6	5626.77
-21.3199	3094.64	3254.63
2118.86	1885.91	3859.76
2738.27	1853.46	4836.82
3214.07	2788.54	5483.89
2563.8	3290.28	7039.62
1323.23	750.449	5768.47
198.767	617.794	4963.56
342.2	3377.79	5955.27
-829.31	751.676	5816.71
-34.9216	3487.03	5465.12
353.475	1826.03	4254.36
2807.17	3614.56	3235.35
2500.05	3635.56	5454.71
389.346	2422.23	2918.01
1639.12	2480.97	3357.93
3272.32	1098.35	3231.94
-191.758	3198.53	5313.04
-643.155	3268.91	5386.81
-650.629	3747.18	2753.23
-444.05	-732.259	4522
1308.23	2251.95	3258.89
325.512	-30.2065	5364.5
1113.24	2510.36	5408.52
-1175.18	3538.12	4309.19
43.4286	-467.118	4528.56
800.048	1363.18	6525.12
3515.22	-221.643	2855.42
