1372.71	726.921	4111.18
1794.38	1018.84	2349.57
335.909	-482.929	5515.39
3168.46	908.363	6029.78
-305.812	-451.769	5552.09
782.932	3903.13	2178.25
1895.05	2656.92	2733.12
241.005	1057.41	5761.33
-641.102	137.281	2090.45
-1246.02	2814.89	2728.6
1341.51	3210.43	2256.92
3163.79	164.321	5843.01
362.133	3225.59	4952.31
165.575	3554.8	3963.75
2542.69	644.639	6287.81
771.396	2277.32	2153.61
2476.29	1095.73	2852.57
-66.6842	3016.59	6023.17
-479.922	2035.05	5262.54
1858.23	420.735	5928.87
1444.31	2987.92	4595.18
-623.647	-170.615	5594.18
3293.6	1730.24	5232.54
-19.9252	2892.2	3041.72
1973.03	1756.11	3594.11
2548.66	1725.11	4501.9
2991.06	2595.05	5103.38
2391.34	3068.95	6566.09
1235.01	700.414	5383.87
185.774	577.41	4639.1
320.199	3160.61	5572.38
-776.947	704.215	5449.44
-32.6884	3264.03	5115.63
330.237	1705.98	3974.67
2611.02	3362	3009.29
2329.96	3388.22	5083.6
363.47	2261.25	2724.08
1527.33	2311.76	3128.91
3039.14	1020.08	3001.63
-179.512	2994.27	4973.75
-602.597	3062.77	5047.11
-608.643	3505.37	2575.56
-415.215	-684.708	4228.35
1219.56	2099.3	3037.99
304.192	-28.228	5013.13
1039.65	2344.42	5051.01
-1101.4	3316	4038.66
40.5772	-436.447	4231.22
747.878	1274.29	6099.63
3261.39	-205.638	2649.24
1372.71	726.921	4111.18
1794.38	1018.84	2349.57
335.909	-482.929	5515.39
3168.46	908.363	6029.78
-305.812	-451.769	5552.09
782.932	3903.13	2178.25
1895.05	2656.92	2733.12
241.005	1057.41	5761.33
-641.102	137.281	2090.45
-1246.02	2814.89	2728.6
1341.51	3210.43	2256.92
3163.79	164.321	5843.01
362.133	3225.59	4952.31
165.575	3554.8	3963.75
2542.69	644.639	6287.81
771.396	2277.32	2153.61
2476.29	1095.73	2852.57
-66.6842	3016.59	6023.17
-479.922	2035.05	5262.54
1858.23	420.735	5928.87
1444.31	2987.92	4595.18
-623.647	-170.615	5594.18
3293.6	1730.24	5232.54
-19.9252	2892.2	3041.72
1973.03	1756.11	3594.11
2548.66	1725.11	4501.9
2991.06	2595.05	5103.38
2391.34	3068.95	6566.09
1235.01	700.414	5383.87
185.774	577.41	4639.1
320.199	3160.61	5572.38
-776.947	704.215	5449.44
-32.6884	3264.03	5115.63
330.237	1705.98	3974.67
2611.02	3362	3009.29
2329.96	3388.22	5083.6
363.47	2261.25	2724.08
1527.33	2311.76	3128.91
3039.14	1020.08	3001.63
-179.512	2994.27	4973.75
-602.597	3062.77	5047.11
-608.643	3505.37	2575.56
-415.215	-684.708	4228.35
1219.56	2099.3	3037.99
304.192	-28.228	5013.13
1039.65	2344.42	5051.01
-1101.4	3316	4038.66
40.5772	-436.447	4231.22
747.878	1274.29	6099.63
3261.39	-205.638	2649.24
1372.71	726.921	4111.18
1794.38	1018.84	2349.57
335.909	-482.929	5515.39
3168.46	908.363	6029.78
-305.812	-451.769	5552.09
782.932	3903.13	2178.25
1895.05	2656.92	2733.12
241.005	1057.41	5761.33
-641.102	137.281	2090.45
-1246.02	2814.89	2728.6
1341.51	3210.43	2256.92
3163.79	164.321	5843.01
362.133	3225.59	4952.31
165.575	3554.8	3963.75
2542.69	644.639	6287.81
771.396	2277.32	2153.61
2476.29	1095.73	2852.57
-66.6842	3016.59	6023.17
-479.922	2035.05	5262.54
1858.23	420.735	5928.87
1444.31	2987.92	4595.18
-623.647	-170.615	5594.18
3293.6	1730.24	5232.54
-19.9252	2892.2	3041.72
1973.03	1756.11	3594.11
2548.66	1725.11	4501.9
2991.06	2595.05	5103.38
2391.34	3068.95	6566.09
1235.01	700.414	5383.87
185.774	577.41	4639.1
320.199	3160.61	5572.38
-776.947	704.215	5449.44
-32.6884	3264.03	5115.63
330.237	1705.98	3974.67
2611.02	3362	3009.29
2329.96	3388.22	5083.6
363.47	2261.25	2724.08
1527.33	2311.76	3128.91
3039.14	1020.08	3001.63
-179.512	2994.27	4973.75
-602.597	3062.77	5047.11
-608.643	3505.37	2575.56
-415.215	-684.708	4228.35
1219.56	2099.3	3037.99
304.192	-28.228	5013.13
1039.65	2344.42	5051.01
-1101.4	3316	4038.66
40.5772	-436.447	4231.22
747.878	1274.29	6099.63
3261.39	-205.638	2649.24
1372.71	726.921	4111.18
1794.38	1018.84	2349.57
335.909	-482.929	5515.39
3168.46	908.363	6029.78
-305.812	-451.769	5552.09
782.932	3903.13	2178.25
1895.05	2656.92	2733.12
241.005	1057.41	5761.33
-641.102	137.281	2090.45
-1246.02	2814.89	2728.6
1341.51	3210.43	2256.92
3163.79	164.321	5843.01
362.133	3225.59	4952.31
165.575	3554.8	3963.75
2542.69	644.639	6287.81
771.396	2277.32	2153.61
2476.29	1095.73	2852.57
-66.6842	3016.59	6023.17
-479.922	2035.05	5262.54
1858.23	420.735	5928.87
1444.31	2987.92	4595.18
-623.647	-170.615	5594.18
3293.6	1730.24	5232.54
-19.9252	2892.2	3041.72
1973.03	1756.11	3594.11
2548.66	1725.11	4501.9
2991.06	2595.05	5103.38
2391.34	3068.95	6566.09
1235.01	700.414	5383.87
185.774	577.41	4639.1
320.199	3160.61	5572.38
-776.947	704.215	5449.44
-32.6884	3264.03	5115.63
330.237	1705.98	3974.67
2611.02	3362	3009.29
2329.96	3388.22	5083.6
363.47	2261.25	2724.08
1527.33	2311.76	3128.91
3039.14	1020.08	3001.63
-179.512	2994.27	4973.75
-602.597	3062.77	5047.11
-608.643	3505.37	2575.56
-415.215	-684.708	4228.35
1219.56	2099.3	3037.99
304.192	-28.228	5013.13
1039.65	2344.42	5051.01
-1101.4	3316	4038.66
40.5772	-436.447	4231.22
747.878	1274.29	6099.63
3261.39	-205.638	2649.24
1372.71	726.921	4111.18
1794.38	1018.84	2349.57
335.909	-482.929	5515.39
3168.46	908.363	6029.78
-305.812	-451.769	5552.09
782.932	3903.13	2178.25
1895.05	2656.92	2733.12
241.005	1057.41	5761.33
-641.102	137.281	2090.45
-1246.02	2814.89	2728.6
1341.51	3210.43	2256.92
3163.79	164.321	5843.01
362.133	3225.59	4952.31
165.575	3554.8	3963.75
2542.69	644.639	6287.81
771.396	2277.32	2153.61
2476.29	1095.73	2852.57
-66.6842	3016.59	6023.17
-479.922	2035.05	5262.54
1858.23	420.735	5928.87
1444.31	2987.92	4595.18
-623.647	-170.615	5594.18
3293.6	1730.24	5232.54
-19.9252	2892.2	3041.72
1973.03	1756.11	3594.11
2548.66	1725.11	4501.9
2991.06	2595.05	5103.38
2391.34	3068.95	6566.09
1235.01	700.414	5383.87
185.774	577.41	4639.1
320.199	3160.61	5572.38
-776.947	704.215	5449.44
-32.6884	3264.03	5115.63
330.237	1705.98	3974.67
2611.02	3362	3009.29
2329.96	3388.22	5083.6
363.47	2261.25	2724.08
1527.33	2311.76	3128.91
3039.14	1020.08	3001.63
-179.512	2994.27	4973.75
-602.597	3062.77	5047.11
-608.643	3505.37	2575.56
-415.215	-684.708	4228.35
1219.56	2099.3	3037.99
304.192	-28.228	5013.13
1039.65	2344.42	5051.01
-1101.4	3316	4038.66
40.5772	-436.447	4231.22
747.878	1274.29	6099.63
3261.39	-205.638	2649.24
