478.61	272.308
615.448	361.046
383.466	176.546
553.111	261.748
340.926	179.225
465.019	783.478
589.124	540.121
377.955	275.639
228.528	235.388
196.616	564.992
545.131	677.841
558.98	217.415
388.44	439.681
374.533	521.42
510.399	244.851
468.364	570.781
657.217	342.826
360.594	388.292
329.565	348.697
476.865	233.776
472.332	437.956
320.574	198.174
586.838	325.312
352.669	539.105
551.089	381.186
561.961	344.259
569.85	387.488
495.328	374.714
445.102	255.635
374.024	254.432
384.29	410.971
309.831	256.683
360.719	435.502
387.886	363.144
646.487	582.66
524.086	442.312
398.209	499.305
525.092	466.55
707.903	326.277
349.629	423.336
320.301	425.255
274.022	665.536
320.485	149.861
494.624	451.325
382.308	206.8
435.699	374.622
264.852	497.469
360.465	171.237
408.054	284.436
782.822	178.82
478.61	272.308
615.448	361.046
383.466	176.546
553.111	261.748
340.926	179.225
465.019	783.478
589.124	540.121
377.955	275.639
228.528	235.388
196.616	564.992
545.131	677.841
558.98	217.415
388.44	439.681
374.533	521.42
510.399	244.851
468.364	570.781
657.217	342.826
360.594	388.292
329.565	348.697
476.865	233.776
472.332	437.956
320.574	198.174
586.838	325.312
352.669	539.105
551.089	381.186
561.961	344.259
569.85	387.488
495.328	374.714
445.102	255.635
374.024	254.432
384.29	410.971
309.831	256.683
360.719	435.502
387.886	363.144
646.487	582.66
524.086	442.312
398.209	499.305
525.092	466.55
707.903	326.277
349.629	423.336
320.301	425.255
274.022	665.536
320.485	149.861
494.624	451.325
382.308	206.8
435.699	374.622
264.852	497.469
360.465	171.237
408.054	284.436
782.822	178.82
478.61	272.308
615.448	361.046
383.466	176.546
553.111	261.748
340.926	179.225
465.019	783.478
589.124	540.121
377.955	275.639
228.528	235.388
196.616	564.992
545.131	677.841
558.98	217.415
388.44	439.681
374.533	521.42
510.399	244.851
468.364	570.781
657.217	342.826
360.594	388.292
329.565	348.697
476.865	233.776
472.332	437.956
320.574	198.174
586.838	325.312
352.669	539.105
551.089	381.186
561.961	344.259
569.85	387.488
495.328	374.714
445.102	255.635
374.024	254.432
384.29	410.971
309.831	256.683
360.719	435.502
387.886	363.144
646.487	582.66
524.086	442.312
398.209	499.305
525.092	466.55
707.903	326.277
349.629	423.336
320.301	425.255
274.022	665.536
320.485	149.861
494.624	451.325
382.308	206.8
435.699	374.622
264.852	497.469
360.465	171.237
408.054	284.436
782.822	178.82
478.61	272.308
615.448	361.046
383.466	176.546
553.111	261.748
340.926	179.225
465.019	783.478
589.124	540.121
377.955	275.639
228.528	235.388
196.616	564.992
545.131	677.841
558.98	217.415
388.44	439.681
374.533	521.42
510.399	244.851
468.364	570.781
657.217	342.826
360.594	388.292
329.565	348.697
476.865	233.776
472.332	437.956
320.574	198.174
586.838	325.312
352.669	539.105
551.089	381.186
561.961	344.259
569.85	387.488
495.328	374.714
445.102	255.635
374.024	254.432
384.29	410.971
309.831	256.683
360.719	435.502
387.886	363.144
646.487	582.66
524.086	442.312
398.209	499.305
525.092	466.55
707.903	326.277
349.629	423.336
320.301	425.255
274.022	665.536
320.485	149.861
494.624	451.325
382.308	206.8
435.699	374.622
264.852	497.469
360.465	171.237
408.054	284.436
782.822	178.82
478.61	272.308
615.448	361.046
383.466	176.546
553.111	261.748
340.926	179.225
465.019	783.478
589.124	540.121
377.955	275.639
228.528	235.388
196.616	564.992
545.131	677.841
558.98	217.415
388.44	439.681
374.533	521.42
510.399	244.851
468.364	570.781
657.217	342.826
360.594	388.292
329.565	348.697
476.865	233.776
472.332	437.956
320.574	198.174
586.838	325.312
352.669	539.105
551.089	381.186
561.961	344.259
569.85	387.488
495.328	374.714
445.102	255.635
374.024	254.432
384.29	410.971
309.831	256.683
360.719	435.502
387.886	363.144
646.487	582.66
524.086	442.312
398.209	499.305
525.092	466.55
707.903	326.277
349.629	423.336
320.301	425.255
274.022	665.536
320.485	149.861
494.624	451.325
382.308	206.8
435.699	374.622
264.852	497.469
360.465	171.237
408.054	284.436
782.822	178.82
