5.095472609518648142e+02	2.111461500192214658e+02
6.179506563219067630e+02	2.297591901906525038e+02
5.865379145636616158e+02	4.437967919889189261e+02
3.239722602984537048e+02	2.777647533606493084e+02
3.193621436318772453e+02	2.620074462007850116e+02
4.220003684056283646e+02	1.693415163145905353e+02
2.866910512257637720e+02	4.463560568954731025e+02
2.881512401683125404e+02	3.974523027744509704e+02
3.241623887709595806e+02	4.116983719510732271e+02
5.548196939750222327e+02	3.581393279580606190e+02
4.430301476468583814e+02	3.508018620920818762e+02
7.463061335324108541e+02	2.467264806046504475e+02
4.719013915872347411e+02	2.003941585256350493e+02
3.179209368538260492e+02	3.965282437725208524e+02
4.276094637481838276e+02	3.628232675767873729e+02
4.446984370533484139e+02	2.053280154519596863e+02
4.943244075297852191e+02	3.652366285559630796e+02
5.244752402665753834e+02	2.223935331835365616e+02
3.991792598471932934e+02	4.692548072756840725e+02
4.448272841970551781e+02	1.809875196859823916e+02
5.698689973718473993e+02	3.099228820401828557e+02
5.111642248192803208e+02	4.195384107635820214e+02
3.138252712237219839e+02	4.600819901413855746e+02
3.269511129302210861e+02	2.260816640783195623e+02
4.360497640324737176e+02	2.860458759556523773e+02
3.793209571088433449e+02	3.758962351745107071e+02
4.159191819866165929e+02	1.878324352004312914e+02
3.096095729217954613e+02	4.060693648816212544e+02
4.181266088935802827e+02	2.265230238006938634e+02
6.154460269336941565e+02	2.553968709208856467e+02
5.576662504361739821e+02	3.549309520071896031e+02
4.443765134591683363e+02	5.591025656873019898e+02
2.762617754248967117e+02	5.429356265445547933e+02
3.568610976008414468e+02	4.549238962361774270e+02
3.488497031032958944e+02	5.255642473283608069e+02
5.808041015602643711e+02	2.212915793498394805e+02
4.845298832570275636e+02	4.486902839606153748e+02
3.131996680266934732e+02	4.551360350290595989e+02
5.616385335072785665e+02	2.352503837737916683e+02
4.374580405360700297e+02	1.863468603708982414e+02
2.970263816677517639e+02	4.502294290834556705e+02
3.600866988544958645e+02	4.427502363897627902e+02
5.869415535491294804e+02	3.952257857067389750e+02
5.513900367526820219e+02	4.977459196385268001e+02
6.369357926496833215e+02	5.131872902949049831e+02
4.185253590327715756e+02	2.936873537817983788e+02
5.212246978113236082e+02	3.798754791714767407e+02
5.272830875712110128e+02	3.166902254730022150e+02
3.288218662210707066e+02	4.301649136507732578e+02
3.253332515774168314e+02	4.038728245350642965e+02
