4.997831981220076614e+02	2.024582821618183743e+02
6.319323813572849531e+02	2.204303215853290965e+02
6.253898251070361312e+02	5.010452501429894596e+02
3.095117917316300122e+02	2.726708427127027221e+02
3.000115404843489273e+02	2.606986988187450152e+02
3.975610642026094297e+02	1.646609134585662844e+02
2.505273630006239785e+02	4.679519248659151458e+02
2.560218744378790348e+02	4.104089655575178881e+02
3.101356951457581204e+02	4.206227162093306902e+02
5.529315799194573628e+02	3.661932969507638518e+02
4.292300241767547959e+02	3.489269860896806676e+02
9.330388243206488141e+02	2.419820284345261712e+02
4.457142662965349587e+02	1.954991130976906391e+02
2.883518515819231425e+02	3.997642324020626461e+02
4.118474471612178149e+02	3.611428384162740031e+02
4.300670033163455628e+02	1.991191792839317998e+02
4.876216225549808883e+02	3.675358267503340812e+02
5.176064197477674043e+02	2.099860097002174086e+02
3.818818167090688576e+02	5.013312792780474183e+02
4.212531753453035321e+02	1.726073532766887411e+02
5.720265774055674228e+02	3.111735320729800947e+02
5.113203655987857701e+02	4.410883352177722259e+02
2.796862515475631881e+02	4.932793650463996187e+02
3.102218358696687801e+02	2.217478805585018335e+02
4.167775771200095960e+02	2.785976010308801847e+02
3.640540657675358602e+02	3.802996415821144751e+02
4.022398803804298382e+02	1.794944071699009953e+02
2.793358778613634286e+02	4.121948887398622219e+02
4.024272890352951322e+02	2.250083306365021087e+02
6.375507267864804817e+02	2.459252083692867927e+02
5.617834862455752045e+02	3.583047073165836878e+02
4.440171004804906829e+02	6.815097615552768957e+02
1.897294887519510667e+02	6.499517703601923131e+02
3.463373310188875962e+02	4.712183447198978001e+02
3.169285027788255888e+02	5.957585519123699669e+02
5.879709097834477234e+02	2.121515751949321498e+02
4.858231509436097326e+02	4.716507909243462109e+02
2.906421638047435749e+02	4.845539733551275958e+02
5.615863927107932341e+02	2.305010856568106021e+02
4.046900036888399086e+02	1.784842751136469303e+02
2.662436911693606021e+02	4.757691128191174812e+02
3.460622424525829501e+02	4.630055619707179062e+02
6.134664304035048872e+02	4.263234922852810769e+02
5.994981534030348485e+02	5.873026771873218195e+02
7.748465868621439085e+02	6.815919114159370338e+02
3.970414230236272601e+02	2.925538317447030181e+02
5.223987527327626594e+02	3.905900949155729336e+02
5.034405907208223994e+02	3.133003474643172694e+02
3.091355185915214747e+02	4.448754903352259475e+02
3.083604397142186713e+02	4.121272069230707871e+02
