3.169808479074009711e+02	3.452316585967678293e+02
5.139416828564426396e+02	3.083500130509991664e+02
4.481459875002145168e+02	3.803903507431574553e+02
5.269633030060508645e+02	3.819644207166355727e+02
4.106073963180463124e+02	5.140377352414159304e+02
4.931418740725977159e+02	2.716646222136852202e+02
4.401620013952394856e+02	5.776423468419046685e+02
5.762718322610378436e+02	4.194848206918321125e+02
3.918326738456656813e+02	4.481861958971308582e+02
5.602225867752588329e+02	4.185197340103625834e+02
4.645896492715781392e+02	4.089888807256571113e+02
5.734560620373071060e+02	4.581888376699110950e+02
3.668640531518027501e+02	3.098757039896657375e+02
4.625901600746835243e+02	3.845499565747834367e+02
3.663099942102905970e+02	2.239344078126794955e+02
5.226957288153849959e+02	1.950697497479669096e+02
4.052215045021396804e+02	5.233583041918739127e+02
6.086609539483860090e+02	3.562546725468738487e+02
5.157372243344665321e+02	4.574803433565020896e+02
5.664015116483997190e+02	3.061152504695784273e+02
5.436437919241451482e+02	3.013911693043921787e+02
3.194842586134441262e+02	2.536884820167416592e+02
4.093313146564130420e+02	3.411867807849355358e+02
4.917257687335940659e+02	4.036103820771818391e+02
5.440819972064145986e+02	3.313214511882742386e+02
6.770538206726466797e+02	4.729564272225220520e+02
3.119055725079969079e+02	3.901903233964470701e+02
3.895999450112940963e+02	4.874506285105445045e+02
5.134367550131571534e+02	3.253359648842505294e+02
5.947485532150463996e+02	3.995435597033954878e+02
4.378122334710540144e+02	3.273478483977713154e+02
3.010810490815287039e+02	3.438482459619431779e+02
5.579221341316764438e+02	3.505277307436452929e+02
4.402544458481346510e+02	3.758248537332738124e+02
2.851096269894288753e+02	4.654081197489645660e+02
5.040465639928353312e+02	4.687184774751254963e+02
2.560795986271306788e+02	3.292879114455654985e+02
5.262738899944420154e+02	2.613573815253985231e+02
5.197722833124646513e+02	4.516650097686212462e+02
3.113187304746301720e+02	4.513090386582089195e+02
5.720979844730859440e+02	2.616800937990488478e+02
5.779125045007050403e+02	4.078528801713762277e+02
4.457806492193407735e+02	3.028000503465153201e+02
2.971913359963447760e+02	2.944361907908233889e+02
4.009207990856318133e+02	2.858591190322110833e+02
4.019692645234907786e+02	2.044418103281109893e+02
4.400179258700755440e+02	4.334245476823543299e+02
3.571123954146470965e+02	2.306984039458735936e+02
4.121047802770317503e+02	2.312545176744586115e+02
3.957014002312438947e+02	4.282894731704407150e+02
