3.491015298677980354e+02	3.169373251333373673e+02
4.536338145905178294e+02	2.668254955473143468e+02
4.553972677034959133e+02	3.341177514800289714e+02
4.526228184492968012e+02	2.952518804144417004e+02
4.087023889763103170e+02	2.241555591372707283e+02
4.016269511952409630e+02	2.608402221850573710e+02
3.423893574544683247e+02	2.795254610298394482e+02
3.982291962267087797e+02	3.038321187556816199e+02
3.874699988982983996e+02	2.573285316574543913e+02
4.634223548136532145e+02	1.894401447789042265e+02
4.687327088743691661e+02	2.726064112786820601e+02
3.257897921356047846e+02	2.375544820882808779e+02
3.506097900383850856e+02	3.004956630288909309e+02
4.749024603195633176e+02	1.757120333628272704e+02
3.613407714281950120e+02	2.717799530562116956e+02
4.602045039730459166e+02	3.627125865985769906e+02
3.021190882559483839e+02	3.065626906449801368e+02
4.562923301125542821e+02	2.398697704186030251e+02
3.870062309665968314e+02	1.833694479621613027e+02
4.902539536454778499e+02	2.291667612572921087e+02
4.831848923290687026e+02	2.131007957833839157e+02
4.608442520832678042e+02	2.978414573444190978e+02
3.490052143247364711e+02	2.645327706426215855e+02
3.291269953158623593e+02	2.280054201432978971e+02
3.719922582292202264e+02	3.607160578715138968e+02
4.617234801363285897e+02	2.198901464222537641e+02
4.853208711126001162e+02	2.807922140546382934e+02
4.266532376534520949e+02	1.928854294861718017e+02
4.683189909685593761e+02	3.662103520386158380e+02
3.128310399012561902e+02	2.568083056940670872e+02
3.344749137399691676e+02	2.053954115485057059e+02
4.783540966003019435e+02	2.116642290737454744e+02
3.076934594942102876e+02	3.229991551592348173e+02
4.045424843383589746e+02	1.927043092078298230e+02
4.589621165170894415e+02	2.049259349977484419e+02
3.810727486869647009e+02	3.133577568991816520e+02
4.618343960266712998e+02	2.338797623645156420e+02
4.465695591312641000e+02	2.674590801716145734e+02
3.325158207834527957e+02	3.150462275842106692e+02
4.442918464810223895e+02	2.547064070824843043e+02
3.953411286580854380e+02	2.076516824423345895e+02
4.362227095367044285e+02	2.356701771609684215e+02
4.513364986223051574e+02	2.149260972294109138e+02
4.629790798637744729e+02	2.932131320031638211e+02
3.997427832146311744e+02	2.781658816216822743e+02
3.294335756228263108e+02	1.714995133096375355e+02
3.621428192883565202e+02	3.170003351753064180e+02
4.375238596040815082e+02	3.159722073063146013e+02
4.420656474111607395e+02	3.196127154555967991e+02
3.826257818305596743e+02	1.994141867026612545e+02
