3.479848275362208483e+02	3.145351249505453666e+02
4.502773001829868349e+02	2.595732961051139114e+02
4.559402713298627532e+02	3.349193523617719848e+02
4.494634375663017067e+02	2.899004428712631807e+02
4.057727283804636613e+02	2.188092467269712813e+02
4.010206495445106611e+02	2.548500786164660497e+02
3.389822973829950570e+02	2.730252622915062375e+02
3.995287927627908857e+02	2.966174449037723093e+02
3.893726651465805730e+02	2.523938823710906263e+02
4.620030454446058457e+02	1.834087242309642534e+02
4.695076136312407584e+02	2.681124912283943331e+02
3.251810652417503889e+02	2.339579984635910535e+02
3.497626565159214920e+02	3.002002283832051148e+02
4.742772479667960397e+02	1.702790733392589289e+02
3.640750204079595846e+02	2.677765576432086050e+02
4.660696671401538538e+02	3.602011916576415160e+02
2.970223981543784362e+02	3.028434129898995479e+02
4.556169871743062458e+02	2.327796363940037736e+02
3.806506009297716560e+02	1.755289480616482933e+02
4.908846421699500979e+02	2.225897764922657416e+02
4.844371285510323446e+02	2.057096668395176096e+02
4.635733289515540605e+02	2.899021917195548781e+02
3.481231324486616927e+02	2.591253019946712470e+02
3.301136865418990851e+02	2.254254676553619561e+02
3.696552640735084765e+02	3.582271564521903997e+02
4.622325160135641227e+02	2.104419738935819737e+02
4.865086802411909161e+02	2.725794047929081785e+02
4.275801500048364119e+02	1.900006394034868720e+02
4.734804403139165174e+02	3.712160325417569311e+02
3.159974834855735253e+02	2.496310501270781970e+02
3.316505338559956613e+02	2.042961725455890019e+02
4.770629004979765000e+02	2.069776006073830104e+02
3.056981299443893931e+02	3.147554641432255949e+02
4.034980938721164421e+02	1.884183593513032520e+02
4.593202282637202529e+02	1.981167778148231946e+02
3.851784932670596504e+02	3.065370946230983122e+02
4.606623363673390941e+02	2.264354597010614327e+02
4.452174147691156350e+02	2.624899571172551305e+02
3.304767814830956922e+02	3.108360088304360147e+02
4.441364583965858515e+02	2.478148379495526967e+02
3.908916613526878905e+02	2.003405103628779784e+02
4.335363722191159468e+02	2.294237536288772219e+02
4.517020861949148980e+02	2.103318575921809668e+02
4.636209703844497199e+02	2.843782690503061872e+02
3.995093408423273331e+02	2.743645276143404317e+02
3.260514799247513906e+02	1.670037988667846491e+02
3.624028945659902092e+02	3.108192802368745902e+02
4.372793927105894909e+02	3.097391926313260910e+02
4.404102480326885143e+02	3.182807586118053678e+02
3.832066838255871630e+02	1.951795247113726930e+02
