3.284405046694936345e+02	3.112243194732465099e+02
4.308492904167856636e+02	2.547698777396476828e+02
4.349798876638973866e+02	3.317431208471948594e+02
4.299420808269358076e+02	2.857705294393034023e+02
3.888380844207696327e+02	2.130873145967218818e+02
3.768215269181546887e+02	2.503875262507943660e+02
3.165107862723189669e+02	2.690252316792403917e+02
3.820559833497809450e+02	2.927023948945860070e+02
3.663797428679268933e+02	2.478424803726187804e+02
4.431847323484985282e+02	1.769128334041814128e+02
4.513904260334040828e+02	2.633485865862817832e+02
3.052886518491288825e+02	2.290204813717904813e+02
3.268071689086383458e+02	2.967648083215087240e+02
4.538795960585588318e+02	1.636233609257174066e+02
3.450994329880584246e+02	2.634028453543263026e+02
4.446016109946980919e+02	3.574283582174635967e+02
2.754098485421387750e+02	2.994634917625928097e+02
4.374017559139606988e+02	2.272917053838100969e+02
3.630929960915381116e+02	1.690343510109499903e+02
4.719199762263212392e+02	2.168183858924280969e+02
4.643016073259566383e+02	1.996871038681916559e+02
4.444042648885711060e+02	2.856942654531583230e+02
3.254618512401110593e+02	2.548194379999767136e+02
3.076057234127906668e+02	2.204636632448847990e+02
3.468210979272872692e+02	3.558271706665725560e+02
4.458229759136946768e+02	2.043335696662458361e+02
4.649311409652170823e+02	2.680367944006574135e+02
4.081509155294741618e+02	1.837697238401972015e+02
4.534186468247361290e+02	3.685040478412690277e+02
2.976401377557755268e+02	2.449569468743073912e+02
3.130121720795562510e+02	1.986414109115574718e+02
4.605866862218286997e+02	2.007595072832985750e+02
2.820998182916791279e+02	3.116854922231045748e+02
3.822374051135731179e+02	1.823595092586978978e+02
4.426830534167849009e+02	1.917724609286008786e+02
3.687354262878761233e+02	3.028267477982654441e+02
4.438731697173911357e+02	2.207024784638410893e+02
4.294202942711357878e+02	2.575590289314520192e+02
3.102913321389253269e+02	3.075072641364123456e+02
4.281892776707460939e+02	2.425623619908538444e+02
3.728182231740789803e+02	1.943447553665909595e+02
4.155197699723235587e+02	2.239196093966199044e+02
4.315214853035406009e+02	2.044994367036332221e+02
4.465101929024392575e+02	2.799389111856378918e+02
3.826715922788358739e+02	2.699170746735576358e+02
3.047528087246711834e+02	1.608827033038470233e+02
3.412668209960070271e+02	3.074842989162884237e+02
4.211246898293401273e+02	3.059090872598916917e+02
4.192398375549640264e+02	3.148639391602343380e+02
3.580803945081786424e+02	1.895948181620423156e+02
