2.952697603293579505e+02	3.166309974542443229e+02
4.950161978031041485e+02	2.806518372843004840e+02
4.339767721122734088e+02	3.480330013183761935e+02
5.077284571883480453e+02	3.525023477802040475e+02
3.878059759777692648e+02	4.853622796946739868e+02
4.741048425592727540e+02	2.412042917575007834e+02
4.209648294195828839e+02	5.469349014642596103e+02
5.526120777441728933e+02	3.917781308199988075e+02
3.645230313804261755e+02	4.162103328921191405e+02
5.320904529133300684e+02	3.902638054806010359e+02
4.503906896042237236e+02	3.725611387207090957e+02
5.537501947739611978e+02	4.317593474144982792e+02
3.470585799638276967e+02	2.861767432413532219e+02
4.417825866772751624e+02	3.544489356447894579e+02
3.411811507932337122e+02	1.912486635401468504e+02
4.869249292490340508e+02	1.661699926190343035e+02
3.881107391327684013e+02	4.909606402081148531e+02
5.901546637755319580e+02	3.302651635182253926e+02
4.992131473822841485e+02	4.286203622511486628e+02
5.486060024284234942e+02	2.768987435052579258e+02
5.168834459081059549e+02	2.674901095145892782e+02
2.989092566544788383e+02	2.249322003670127685e+02
3.912666867501358752e+02	3.143891757072219093e+02
4.773193973108886894e+02	3.709414694123743743e+02
5.333731526532832277e+02	2.990387707191612208e+02
6.605835615740235198e+02	4.437593472013501810e+02
2.900300699647993952e+02	3.608287273697456499e+02
3.752647248710741792e+02	4.571666160825513430e+02
4.962125022372619583e+02	2.974915342885101381e+02
5.810376220656435180e+02	3.727439847507616264e+02
4.213516134744388069e+02	2.955511788557791988e+02
2.872783842958305627e+02	3.159621103480447459e+02
5.425463388644549241e+02	3.227779588788733918e+02
4.093856537471692718e+02	3.457703446482536265e+02
2.644493086661786378e+02	4.365379414554462301e+02
4.857159233251322235e+02	4.418911488274680437e+02
2.177029026919915111e+02	3.047515719697000236e+02
5.040784750577557816e+02	2.284955260503310228e+02
4.980092413281074641e+02	4.283667527202311476e+02
2.962141420099694074e+02	4.223472931322940553e+02
5.467535553738679255e+02	2.329604176505478677e+02
5.638606882928854702e+02	3.707869136836148982e+02
4.315238997479311251e+02	2.719229338473550115e+02
2.718249191739286061e+02	2.643643878401238680e+02
3.761114423518752119e+02	2.545687776473167219e+02
3.912095421700788052e+02	1.752953319140277699e+02
4.155995936160845758e+02	4.024618239833707776e+02
3.360761519898647407e+02	1.970884801961199457e+02
3.920040926837730808e+02	2.014127766448408465e+02
3.834547911011295014e+02	3.961725690003314071e+02
