649.135	-644.347	4366.07
1340.05	541.612	2881.28
3305.17	49.4387	5478.16
3298.49	733.258	3108.89
501.34	2484.2	2816.73
1075.71	2406.51	1924.69
233.483	2313.43	3141
401.042	1782.99	4655.02
-925.009	2648.6	3711.8
551.124	1855.13	5370.5
1011.96	2293.55	5802.57
264.397	-441.779	1719.34
645.705	2107.67	1909.81
1663.13	-297.094	2161.17
2882.58	1110.49	2641.62
789.87	2322.9	3746.87
2790.23	1934.05	3837.49
2466.48	1503.23	4953.82
-325.34	3079.05	5222.12
2845.81	1791.71	5550.32
-703.021	3143.3	5183.44
3097.37	1024.87	5457.63
-562.335	1104.29	4810.18
650.333	1636.36	4610.68
3542.2	-67.8806	3344.09
727.778	-392.047	3538.31
3347.3	936.844	2784.82
2945.64	-127.032	2809.67
-1008.06	2557.08	2174.41
-554.933	-92.7538	1690.98
1563.45	178.863	3700.27
-617.251	297.471	5031.9
1025.47	-343.3	3256.03
337.034	80.8671	4655.45
-531.824	2765.45	3521.2
226.256	352.971	4834.34
405.526	71.6254	5639.37
327.217	305.744	5646.76
2937.51	560.555	5714.15
-185.876	2079.3	4878.98
-1063.37	3254.5	2583.71
1422.64	51.2105	3753.27
-32.9948	2585.04	5618.84
-1110.54	3070.18	3057.64
280.832	2421.54	2642.32
501.793	748.792	1741.52
2528.65	2237.3	2703.94
2619.33	3230.71	3024.69
-345.438	851.915	2497.43
432.243	2191.93	3214.89
649.135	-644.347	4366.07
1340.05	541.612	2881.28
3305.17	49.4387	5478.16
3298.49	733.258	3108.89
501.34	2484.2	2816.73
1075.71	2406.51	1924.69
233.483	2313.43	3141
401.042	1782.99	4655.02
-925.009	2648.6	3711.8
551.124	1855.13	5370.5
1011.96	2293.55	5802.57
264.397	-441.779	1719.34
645.705	2107.67	1909.81
1663.13	-297.094	2161.17
2882.58	1110.49	2641.62
789.87	2322.9	3746.87
2790.23	1934.05	3837.49
2466.48	1503.23	4953.82
-325.34	3079.05	5222.12
2845.81	1791.71	5550.32
-703.021	3143.3	5183.44
3097.37	1024.87	5457.63
-562.335	1104.29	4810.18
650.333	1636.36	4610.68
3542.2	-67.8806	3344.09
727.778	-392.047	3538.31
3347.3	936.844	2784.82
2945.64	-127.032	2809.67
-1008.06	2557.08	2174.41
-554.933	-92.7538	1690.98
1563.45	178.863	3700.27
-617.251	297.471	5031.9
1025.47	-343.3	3256.03
337.034	80.8671	4655.45
-531.824	2765.45	3521.2
226.256	352.971	4834.34
405.526	71.6254	5639.37
327.217	305.744	5646.76
2937.51	560.555	5714.15
-185.876	2079.3	4878.98
-1063.37	3254.5	2583.71
1422.64	51.2105	3753.27
-32.9948	2585.04	5618.84
-1110.54	3070.18	3057.64
280.832	2421.54	2642.32
501.793	748.792	1741.52
2528.65	2237.3	2703.94
2619.33	3230.71	3024.69
-345.438	851.915	2497.43
432.243	2191.93	3214.89
649.135	-644.347	4366.07
1340.05	541.612	2881.28
3305.17	49.4387	5478.16
3298.49	733.258	3108.89
501.34	2484.2	2816.73
1075.71	2406.51	1924.69
233.483	2313.43	3141
401.042	1782.99	4655.02
-925.009	2648.6	3711.8
551.124	1855.13	5370.5
1011.96	2293.55	5802.57
264.397	-441.779	1719.34
645.705	2107.67	1909.81
1663.13	-297.094	2161.17
2882.58	1110.49	2641.62
789.87	2322.9	3746.87
2790.23	1934.05	3837.49
2466.48	1503.23	4953.82
-325.34	3079.05	5222.12
2845.81	1791.71	5550.32
-703.021	3143.3	5183.44
3097.37	1024.87	5457.63
-562.335	1104.29	4810.18
650.333	1636.36	4610.68
3542.2	-67.8806	3344.09
727.778	-392.047	3538.31
3347.3	936.844	2784.82
2945.64	-127.032	2809.67
-1008.06	2557.08	2174.41
-554.933	-92.7538	1690.98
1563.45	178.863	3700.27
-617.251	297.471	5031.9
1025.47	-343.3	3256.03
337.034	80.8671	4655.45
-531.824	2765.45	3521.2
226.256	352.971	4834.34
405.526	71.6254	5639.37
327.217	305.744	5646.76
2937.51	560.555	5714.15
-185.876	2079.3	4878.98
-1063.37	3254.5	2583.71
1422.64	51.2105	3753.27
-32.9948	2585.04	5618.84
-1110.54	3070.18	3057.64
280.832	2421.54	2642.32
501.793	748.792	1741.52
2528.65	2237.3	2703.94
2619.33	3230.71	3024.69
-345.438	851.915	2497.43
432.243	2191.93	3214.89
649.135	-644.347	4366.07
1340.05	541.612	2881.28
3305.17	49.4387	5478.16
3298.49	733.258	3108.89
501.34	2484.2	2816.73
1075.71	2406.51	1924.69
233.483	2313.43	3141
401.042	1782.99	4655.02
-925.009	2648.6	3711.8
551.124	1855.13	5370.5
1011.96	2293.55	5802.57
264.397	-441.779	1719.34
645.705	2107.67	1909.81
1663.13	-297.094	2161.17
2882.58	1110.49	2641.62
789.87	2322.9	3746.87
2790.23	1934.05	3837.49
2466.48	1503.23	4953.82
-325.34	3079.05	5222.12
2845.81	1791.71	5550.32
-703.021	3143.3	5183.44
3097.37	1024.87	5457.63
-562.335	1104.29	4810.18
650.333	1636.36	4610.68
3542.2	-67.8806	3344.09
727.778	-392.047	3538.31
3347.3	936.844	2784.82
2945.64	-127.032	2809.67
-1008.06	2557.08	2174.41
-554.933	-92.7538	1690.98
1563.45	178.863	3700.27
-617.251	297.471	5031.9
1025.47	-343.3	3256.03
337.034	80.8671	4655.45
-531.824	2765.45	3521.2
226.256	352.971	4834.34
405.526	71.6254	5639.37
327.217	305.744	5646.76
2937.51	560.555	5714.15
-185.876	2079.3	4878.98
-1063.37	3254.5	2583.71
1422.64	51.2105	3753.27
-32.9948	2585.04	5618.84
-1110.54	3070.18	3057.64
280.832	2421.54	2642.32
501.793	748.792	1741.52
2528.65	2237.3	2703.94
2619.33	3230.71	3024.69
-345.438	851.915	2497.43
432.243	2191.93	3214.89
649.135	-644.347	4366.07
1340.05	541.612	2881.28
3305.17	49.4387	5478.16
3298.49	733.258	3108.89
501.34	2484.2	2816.73
1075.71	2406.51	1924.69
233.483	2313.43	3141
401.042	1782.99	4655.02
-925.009	2648.6	3711.8
551.124	1855.13	5370.5
1011.96	2293.55	5802.57
264.397	-441.779	1719.34
645.705	2107.67	1909.81
1663.13	-297.094	2161.17
2882.58	1110.49	2641.62
789.87	2322.9	3746.87
2790.23	1934.05	3837.49
2466.48	1503.23	4953.82
-325.34	3079.05	5222.12
2845.81	1791.71	5550.32
-703.021	3143.3	5183.44
3097.37	1024.87	5457.63
-562.335	1104.29	4810.18
650.333	1636.36	4610.68
3542.2	-67.8806	3344.09
727.778	-392.047	3538.31
3347.3	936.844	2784.82
2945.64	-127.032	2809.67
-1008.06	2557.08	2174.41
-554.933	-92.7538	1690.98
1563.45	178.863	3700.27
-617.251	297.471	5031.9
1025.47	-343.3	3256.03
337.034	80.8671	4655.45
-531.824	2765.45	3521.2
226.256	352.971	4834.34
405.526	71.6254	5639.37
327.217	305.744	5646.76
2937.51	560.555	5714.15
-185.876	2079.3	4878.98
-1063.37	3254.5	2583.71
1422.64	51.2105	3753.27
-32.9948	2585.04	5618.84
-1110.54	3070.18	3057.64
280.832	2421.54	2642.32
501.793	748.792	1741.52
2528.65	2237.3	2703.94
2619.33	3230.71	3024.69
-345.438	851.915	2497.43
432.243	2191.93	3214.89
