659.918	-659.459	4443.28
1362.63	548.091	2930.41
3361.04	45.1146	5573.01
3354.28	742.78	3161.22
509.543	2523.8	2861.8
1093.76	2445.59	1954.16
237.102	2349.83	3192.09
407.443	1808.95	4733.47
-941.265	2690.25	3772.66
560.037	1881.66	5461.39
1028.69	2327.15	5900.23
268.795	-450.916	1749.99
656.449	2141.69	1939.59
1691.27	-304.166	2199
2931.33	1126.85	2685.29
802.941	2358.89	3808.43
2837.35	1963.28	3900.75
2508.07	1524.11	5037.4
-331.478	3126.64	5308.69
2893.83	1816.95	5643.82
-715.633	3192.06	5269.34
3149.68	1037.15	5550.64
-572.38	1118.54	4892.71
661.003	1659.86	4688.55
3602.15	-72.1591	3401.77
739.94	-402.07	3600.58
3403.93	950.124	2831.16
2995.49	-131.813	2858.25
-1025.59	2598.56	2208.45
-564.518	-95.9498	1720.74
1589.8	178.405	3764.25
-628.208	297.746	5119.64
1042.72	-352.219	3313.22
342.433	77.8173	4736.65
-541.338	2809.25	3578.43
229.736	354.387	4918.29
412.027	67.4839	5737.88
332.367	305.586	5745.03
2987.11	564.691	5812.44
-189.542	2110.13	4961.07
-1081.93	3307.52	2623.82
1446.6	48.53	3818.44
-34.1296	2623.82	5713.1
-1129.94	3119.62	3106.37
285.289	2460.25	2684.49
510.167	759.865	1770.59
2571.36	2272.73	2746.97
2663.53	3282.75	3071.72
-351.57	864.031	2539.73
439.256	2226.19	3267.43
661.714	-661.254	4455.37
1366.33	549.583	2938.38
3370.19	45.2374	5588.17
3363.41	744.802	3169.82
510.93	2530.67	2869.59
1096.74	2452.25	1959.48
237.747	2356.23	3200.77
408.552	1813.88	4746.35
-943.827	2697.57	3782.93
561.561	1886.78	5476.25
1031.49	2333.48	5916.29
269.527	-452.143	1754.76
658.236	2147.52	1944.87
1695.88	-304.994	2204.99
2939.3	1129.92	2692.59
805.126	2365.31	3818.79
2845.07	1968.63	3911.37
2514.9	1528.25	5051.11
-332.38	3135.15	5323.14
2901.7	1821.9	5659.18
-717.58	3200.74	5283.68
3158.26	1039.97	5565.75
-573.938	1121.58	4906.03
662.802	1664.38	4701.31
3611.95	-72.3555	3411.03
741.954	-403.165	3610.38
3413.19	952.71	2838.87
3003.64	-132.172	2866.03
-1028.38	2605.63	2214.46
-566.054	-96.2109	1725.43
1594.13	178.89	3774.49
-629.917	298.556	5133.57
1045.56	-353.178	3322.23
343.365	78.0291	4749.54
-542.811	2816.89	3588.16
230.361	355.351	4931.67
413.148	67.6675	5753.49
333.271	306.417	5760.67
2995.24	566.227	5828.25
-190.058	2115.87	4974.57
-1084.87	3316.53	2630.96
1450.54	48.6621	3828.83
-34.2225	2630.96	5728.65
-1133.01	3128.11	3114.82
286.066	2466.94	2691.8
511.556	761.932	1775.41
2578.36	2278.92	2754.45
2670.78	3291.68	3080.08
-352.527	866.382	2546.65
440.452	2232.25	3276.32
662.101	-661.64	4457.98
1367.13	549.905	2940.1
3372.16	45.2663	5591.45
3365.37	745.24	3171.68
511.227	2532.15	2871.27
1097.38	2453.68	1960.63
237.885	2357.6	3202.65
408.789	1814.94	4749.13
-944.381	2699.15	3785.14
561.888	1887.88	5479.46
1032.09	2334.85	5919.75
269.684	-452.407	1755.78
658.619	2148.77	1946.01
1696.87	-305.171	2206.28
2941.02	1130.58	2694.17
805.595	2366.69	3821.03
2846.73	1969.78	3913.66
2516.37	1529.15	5054.06
-332.576	3136.99	5326.25
2903.4	1822.96	5662.49
-718.002	3202.62	5286.77
3160.1	1040.58	5569
-574.274	1122.24	4908.9
663.188	1665.35	4704.06
3614.07	-72.3952	3413.02
742.388	-403.4	3612.49
3415.19	953.269	2840.53
3005.4	-132.247	2867.71
-1028.98	2607.16	2215.76
-566.385	-96.2675	1726.44
1595.06	178.996	3776.7
-630.285	298.73	5136.57
1046.17	-353.383	3324.18
343.565	78.0751	4752.32
-543.13	2818.54	3590.26
230.496	355.559	4934.56
413.39	67.7075	5756.86
333.466	306.597	5764.04
2996.99	566.561	5831.67
-190.17	2117.11	4977.48
-1085.51	3318.46	2632.5
1451.39	48.6917	3831.07
-34.2441	2632.5	5732
-1133.68	3129.94	3116.64
286.232	2468.38	2693.37
511.854	762.378	1776.45
2579.86	2280.25	2756.06
2672.34	3293.61	3081.88
-352.734	866.889	2548.13
440.708	2233.56	3278.24
662.101	-661.64	4457.98
1367.13	549.905	2940.1
3372.16	45.2663	5591.45
3365.37	745.24	3171.68
511.227	2532.15	2871.27
1097.38	2453.68	1960.63
237.885	2357.6	3202.65
408.789	1814.94	4749.13
-944.381	2699.15	3785.14
561.888	1887.88	5479.46
1032.09	2334.85	5919.75
269.684	-452.407	1755.78
658.619	2148.77	1946.01
1696.87	-305.171	2206.28
2941.02	1130.58	2694.17
805.595	2366.69	3821.03
2846.73	1969.78	3913.66
2516.37	1529.15	5054.06
-332.576	3136.99	5326.25
2903.4	1822.96	5662.49
-718.002	3202.62	5286.77
3160.1	1040.58	5569
-574.274	1122.24	4908.9
663.188	1665.35	4704.06
3614.07	-72.3952	3413.02
742.388	-403.4	3612.49
3415.19	953.269	2840.53
3005.4	-132.247	2867.71
-1028.98	2607.16	2215.76
-566.385	-96.2675	1726.44
1595.06	178.996	3776.7
-630.285	298.73	5136.57
1046.17	-353.383	3324.18
343.565	78.0751	4752.32
-543.13	2818.54	3590.26
230.496	355.559	4934.56
413.39	67.7075	5756.86
333.466	306.597	5764.04
2996.99	566.561	5831.67
-190.17	2117.11	4977.48
-1085.51	3318.46	2632.5
1451.39	48.6917	3831.07
-34.2441	2632.5	5732
-1133.68	3129.94	3116.64
286.232	2468.38	2693.37
511.854	762.378	1776.45
2579.86	2280.25	2756.06
2672.34	3293.61	3081.88
-352.734	866.889	2548.13
440.708	2233.56	3278.24
662.101	-661.64	4457.98
1367.13	549.905	2940.1
3372.16	45.2663	5591.45
3365.37	745.24	3171.68
511.227	2532.15	2871.27
1097.38	2453.68	1960.63
237.885	2357.6	3202.65
408.789	1814.94	4749.13
-944.381	2699.15	3785.14
561.888	1887.88	5479.46
1032.09	2334.85	5919.75
269.684	-452.407	1755.78
658.619	2148.77	1946.01
1696.87	-305.171	2206.28
2941.02	1130.58	2694.17
805.595	2366.69	3821.03
2846.73	1969.78	3913.66
2516.37	1529.15	5054.06
-332.576	3136.99	5326.25
2903.4	1822.96	5662.49
-718.002	3202.62	5286.77
3160.1	1040.58	5569
-574.274	1122.24	4908.9
663.188	1665.35	4704.06
3614.07	-72.3952	3413.02
742.388	-403.4	3612.49
3415.19	953.269	2840.53
3005.4	-132.247	2867.71
-1028.98	2607.16	2215.76
-566.385	-96.2675	1726.44
1595.06	178.996	3776.7
-630.285	298.73	5136.57
1046.17	-353.383	3324.18
343.565	78.0751	4752.32
-543.13	2818.54	3590.26
230.496	355.559	4934.56
413.39	67.7075	5756.86
333.466	306.597	5764.04
2996.99	566.561	5831.67
-190.17	2117.11	4977.48
-1085.51	3318.46	2632.5
1451.39	48.6917	3831.07
-34.2441	2632.5	5732
-1133.68	3129.94	3116.64
286.232	2468.38	2693.37
511.854	762.378	1776.45
2579.86	2280.25	2756.06
2672.34	3293.61	3081.88
-352.734	866.889	2548.13
440.708	2233.56	3278.24
