649.139	-644.35	4366.1
1340.05	541.614	2881.29
3305.3	49.4406	5478.37
3298.58	733.279	3108.98
501.329	2484.14	2816.67
1075.7	2406.47	1924.66
233.477	2313.37	3140.92
401.036	1782.97	4654.95
-924.971	2648.49	3711.64
551.118	1855.11	5370.44
1011.95	2293.53	5802.52
264.396	-441.776	1719.33
645.693	2107.62	1909.77
1663.15	-297.098	2161.2
2882.64	1110.51	2641.67
789.858	2322.86	3746.81
2790.28	1934.08	3837.55
2466.52	1503.25	4953.9
-325.329	3078.94	5221.95
2845.86	1791.75	5550.43
-702.993	3143.18	5183.24
3097.45	1024.9	5457.78
-562.322	1104.26	4810.07
650.326	1636.34	4610.63
3542.33	-67.8832	3344.22
727.78	-392.048	3538.32
3347.4	936.87	2784.9
2945.73	-127.035	2809.76
-1008.01	2556.96	2174.31
-554.922	-92.752	1690.94
1563.47	178.865	3700.31
-617.241	297.466	5031.82
1025.48	-343.303	3256.05
337.033	80.8669	4655.43
-531.804	2765.35	3521.07
226.255	352.968	4834.31
405.526	71.6254	5639.37
327.216	305.743	5646.75
2937.6	560.572	5714.32
-185.872	2079.25	4878.86
-1063.32	3254.34	2583.58
1422.65	51.211	3753.31
-32.994	2584.97	5618.7
-1110.49	3070.03	3057.49
280.825	2421.48	2642.25
501.787	748.784	1741.5
2528.67	2237.31	2703.96
2619.33	3230.71	3024.7
-345.431	851.895	2497.37
432.235	2191.89	3214.83
649.139	-644.35	4366.1
1340.05	541.614	2881.29
3305.3	49.4406	5478.37
3298.58	733.279	3108.98
501.329	2484.14	2816.67
1075.7	2406.47	1924.66
233.477	2313.37	3140.92
401.036	1782.97	4654.95
-924.971	2648.49	3711.64
551.118	1855.11	5370.44
1011.95	2293.53	5802.52
264.396	-441.776	1719.33
645.693	2107.62	1909.77
1663.15	-297.098	2161.2
2882.64	1110.51	2641.67
789.858	2322.86	3746.81
2790.28	1934.08	3837.55
2466.52	1503.25	4953.9
-325.329	3078.94	5221.95
2845.86	1791.75	5550.43
-702.993	3143.18	5183.24
3097.45	1024.9	5457.78
-562.322	1104.26	4810.07
650.326	1636.34	4610.63
3542.33	-67.8832	3344.22
727.78	-392.048	3538.32
3347.4	936.87	2784.9
2945.73	-127.035	2809.76
-1008.01	2556.96	2174.31
-554.922	-92.752	1690.94
1563.47	178.865	3700.31
-617.241	297.466	5031.82
1025.48	-343.303	3256.05
337.033	80.8669	4655.43
-531.804	2765.35	3521.07
226.255	352.968	4834.31
405.526	71.6254	5639.37
327.216	305.743	5646.75
2937.6	560.572	5714.32
-185.872	2079.25	4878.86
-1063.32	3254.34	2583.58
1422.65	51.211	3753.31
-32.994	2584.97	5618.7
-1110.49	3070.03	3057.49
280.825	2421.48	2642.25
501.787	748.784	1741.5
2528.67	2237.31	2703.96
2619.33	3230.71	3024.7
-345.431	851.895	2497.37
432.235	2191.89	3214.83
649.139	-644.35	4366.1
1340.05	541.614	2881.29
3305.3	49.4406	5478.37
3298.58	733.279	3108.98
501.329	2484.14	2816.67
1075.7	2406.47	1924.66
233.477	2313.37	3140.92
401.036	1782.97	4654.95
-924.971	2648.49	3711.64
551.118	1855.11	5370.44
1011.95	2293.53	5802.52
264.396	-441.776	1719.33
645.693	2107.62	1909.77
1663.15	-297.098	2161.2
2882.64	1110.51	2641.67
789.858	2322.86	3746.81
2790.28	1934.08	3837.55
2466.52	1503.25	4953.9
-325.329	3078.94	5221.95
2845.86	1791.75	5550.43
-702.993	3143.18	5183.24
3097.45	1024.9	5457.78
-562.322	1104.26	4810.07
650.326	1636.34	4610.63
3542.33	-67.8832	3344.22
727.78	-392.048	3538.32
3347.4	936.87	2784.9
2945.73	-127.035	2809.76
-1008.01	2556.96	2174.31
-554.922	-92.752	1690.94
1563.47	178.865	3700.31
-617.241	297.466	5031.82
1025.48	-343.303	3256.05
337.033	80.8669	4655.43
-531.804	2765.35	3521.07
226.255	352.968	4834.31
405.526	71.6254	5639.37
327.216	305.743	5646.75
2937.6	560.572	5714.32
-185.872	2079.25	4878.86
-1063.32	3254.34	2583.58
1422.65	51.211	3753.31
-32.994	2584.97	5618.7
-1110.49	3070.03	3057.49
280.825	2421.48	2642.25
501.787	748.784	1741.5
2528.67	2237.31	2703.96
2619.33	3230.71	3024.7
-345.431	851.895	2497.37
432.235	2191.89	3214.83
649.139	-644.35	4366.1
1340.05	541.614	2881.29
3305.3	49.4406	5478.37
3298.58	733.279	3108.98
501.329	2484.14	2816.67
1075.7	2406.47	1924.66
233.477	2313.37	3140.92
401.036	1782.97	4654.95
-924.971	2648.49	3711.64
551.118	1855.11	5370.44
1011.95	2293.53	5802.52
264.396	-441.776	1719.33
645.693	2107.62	1909.77
1663.15	-297.098	2161.2
2882.64	1110.51	2641.67
789.858	2322.86	3746.81
2790.28	1934.08	3837.55
2466.52	1503.25	4953.9
-325.329	3078.94	5221.95
2845.86	1791.75	5550.43
-702.993	3143.18	5183.24
3097.45	1024.9	5457.78
-562.322	1104.26	4810.07
650.326	1636.34	4610.63
3542.33	-67.8832	3344.22
727.78	-392.048	3538.32
3347.4	936.87	2784.9
2945.73	-127.035	2809.76
-1008.01	2556.96	2174.31
-554.922	-92.752	1690.94
1563.47	178.865	3700.31
-617.241	297.466	5031.82
1025.48	-343.303	3256.05
337.033	80.8669	4655.43
-531.804	2765.35	3521.07
226.255	352.968	4834.31
405.526	71.6254	5639.37
327.216	305.743	5646.75
2937.6	560.572	5714.32
-185.872	2079.25	4878.86
-1063.32	3254.34	2583.58
1422.65	51.211	3753.31
-32.994	2584.97	5618.7
-1110.49	3070.03	3057.49
280.825	2421.48	2642.25
501.787	748.784	1741.5
2528.67	2237.31	2703.96
2619.33	3230.71	3024.7
-345.431	851.895	2497.37
432.235	2191.89	3214.83
649.139	-644.35	4366.1
1340.05	541.614	2881.29
3305.3	49.4406	5478.37
3298.58	733.279	3108.98
501.329	2484.14	2816.67
1075.7	2406.47	1924.66
233.477	2313.37	3140.92
401.036	1782.97	4654.95
-924.971	2648.49	3711.64
551.118	1855.11	5370.44
1011.95	2293.53	5802.52
264.396	-441.776	1719.33
645.693	2107.62	1909.77
1663.15	-297.098	2161.2
2882.64	1110.51	2641.67
789.858	2322.86	3746.81
2790.28	1934.08	3837.55
2466.52	1503.25	4953.9
-325.329	3078.94	5221.95
2845.86	1791.75	5550.43
-702.993	3143.18	5183.24
3097.45	1024.9	5457.78
-562.322	1104.26	4810.07
650.326	1636.34	4610.63
3542.33	-67.8832	3344.22
727.78	-392.048	3538.32
3347.4	936.87	2784.9
2945.73	-127.035	2809.76
-1008.01	2556.96	2174.31
-554.922	-92.752	1690.94
1563.47	178.865	3700.31
-617.241	297.466	5031.82
1025.48	-343.303	3256.05
337.033	80.8669	4655.43
-531.804	2765.35	3521.07
226.255	352.968	4834.31
405.526	71.6254	5639.37
327.216	305.743	5646.75
2937.6	560.572	5714.32
-185.872	2079.25	4878.86
-1063.32	3254.34	2583.58
1422.65	51.211	3753.31
-32.994	2584.97	5618.7
-1110.49	3070.03	3057.49
280.825	2421.48	2642.25
501.787	748.784	1741.5
2528.67	2237.31	2703.96
2619.33	3230.71	3024.7
-345.431	851.895	2497.37
432.235	2191.89	3214.83
