-0.000192119	-0.000447648	0.00282912
-0.000396685	-0.000784701	0.00417247
0.000160317	0.000745361	0.00387361
0.000349456	6.28994e-05	0.00299323
0.000807701	-0.000610339	0.00369769
0.00078557	0.0011335	0.00408846
0.000342148	-7.31108e-05	0.00340312
0.000350435	0.000293225	0.0033795
0.000454706	-0.000663941	0.00329348
0.000635091	0.000212142	0.00351001
-0.000173825	0.000627045	0.0031193
-0.000540386	0.000342241	0.00339606
0.000113708	0.000973775	0.00436166
0.000927995	-0.000540526	0.00371764
0.000457636	0.000192359	0.00389965
-0.000112283	0.00081023	0.0032722
1.19404e-05	-0.00075275	0.00410788
0.000529968	-0.000387657	0.00421159
0.000532106	0.00082669	0.00357816
0.000567697	4.98674e-05	0.00430423
0.000161314	0.000559636	0.00347087
0.000702192	-0.000213281	0.00370768
-0.000777789	0.000717161	0.00393266
-0.00075463	3.99726e-05	0.00428227
0.000222512	-0.000200808	0.00325682
0.000748568	-0.000221527	0.00372699
-0.000143325	0.00068177	0.0039535
-0.000194476	-0.000671029	0.0037372
0.000664267	-1.24837e-05	0.0037254
0.000204746	0.000573658	0.00353189
-0.000331819	-0.000593479	0.00419009
0.000817034	-0.000618296	0.00382404
0.00024841	0.00103197	0.00359281
-0.000629969	0.000830567	0.00311909
-1.00346e-05	-0.000613698	0.00276819
0.000142168	-0.0004173	0.00289034
0.000607931	0.00081281	0.00369781
0.000533116	0.000202667	0.00455373
0.000190873	0.00063095	0.0031158
0.000811504	0.000335205	0.00437106
0.000233032	-0.000481059	0.00332802
0.000861024	0.000373042	0.00413073
0.000878828	0.000802608	0.00347644
0.000889628	-0.000343392	0.00334275
-0.000685818	0.000899865	0.00375114
-4.65135e-05	0.000835731	0.00327382
0.000596704	-0.000458826	0.0034215
-0.000453041	0.00037725	0.00283565
-0.000173239	-0.000348118	0.00403965
-0.000298603	0.000881924	0.00409594
-6.38696e-05	-0.000148817	0.00094052
-0.000131877	-0.000260868	0.00138711
5.32982e-05	0.00024779	0.00128775
0.000116175	2.09098e-05	0.000995079
0.000268514	-0.000202905	0.00122927
0.00026116	0.000376823	0.00135918
0.000113745	-2.43059e-05	0.00113134
0.000116501	9.74802e-05	0.00112349
0.000151163	-0.000220724	0.00109489
0.000211133	7.05239e-05	0.00116688
-5.77855e-05	0.000208457	0.00103699
-0.000179647	0.000113777	0.001129
3.78038e-05	0.000323725	0.00145
0.000308505	-0.000179696	0.0012359
0.000152139	6.39476e-05	0.00129641
-3.73259e-05	0.000269356	0.00108782
3.96797e-06	-0.000250247	0.00136564
0.000176184	-0.000128875	0.00140011
0.000176897	0.000274827	0.00118953
0.000188728	1.65769e-05	0.00143091
5.36291e-05	0.000186047	0.00115387
0.000233439	-7.09054e-05	0.00123259
-0.00025857	0.000238417	0.00130738
-0.000250872	1.32904e-05	0.00142361
7.39722e-05	-6.67577e-05	0.00108271
0.000248856	-7.36467e-05	0.00123901
-4.76459e-05	0.00022665	0.00131432
-6.46537e-05	-0.000223079	0.0012424
0.000220832	-4.15151e-06	0.00123848
6.8068e-05	0.000190708	0.00117415
-0.000110312	-0.000197298	0.00139297
0.000271617	-0.00020555	0.00127128
8.25846e-05	0.00034307	0.00119441
-0.000209427	0.000276118	0.00103692
-3.33722e-06	-0.00020402	0.000920265
4.7262e-05	-0.000138729	0.000960874
0.000202105	0.000270212	0.00122931
0.000177232	6.73742e-05	0.00151386
6.3456e-05	0.000209755	0.00103582
0.00026978	0.000111435	0.00145313
7.74689e-05	-0.000159925	0.00110638
0.000286243	0.000124014	0.00137323
0.000292163	0.00026682	0.00115572
0.000295751	-0.00011416	0.00111128
-0.000227994	0.000299156	0.00124704
-1.54612e-05	0.000277834	0.00108836
0.00019837	-0.000152535	0.00113746
-0.00015061	0.000125415	0.000942692
-5.75929e-05	-0.000115729	0.00134295
-9.92666e-05	0.000293191	0.00136167
-6.38696e-05	-0.000148817	0.00094052
-0.000131877	-0.000260868	0.00138711
5.32982e-05	0.00024779	0.00128775
0.000116175	2.09098e-05	0.000995079
0.000268514	-0.000202905	0.00122927
0.00026116	0.000376823	0.00135918
0.000113745	-2.43059e-05	0.00113134
0.000116501	9.74802e-05	0.00112349
0.000151163	-0.000220724	0.00109489
0.000211133	7.05239e-05	0.00116688
-5.77855e-05	0.000208457	0.00103699
-0.000179647	0.000113777	0.001129
3.78038e-05	0.000323725	0.00145
0.000308505	-0.000179696	0.0012359
0.000152139	6.39476e-05	0.00129641
-3.73259e-05	0.000269356	0.00108782
3.96797e-06	-0.000250247	0.00136564
0.000176184	-0.000128875	0.00140011
0.000176897	0.000274827	0.00118953
0.000188728	1.65769e-05	0.00143091
5.36291e-05	0.000186047	0.00115387
0.000233439	-7.09054e-05	0.00123259
-0.00025857	0.000238417	0.00130738
-0.000250872	1.32904e-05	0.00142361
7.39722e-05	-6.67577e-05	0.00108271
0.000248856	-7.36467e-05	0.00123901
-4.76459e-05	0.00022665	0.00131432
-6.46537e-05	-0.000223079	0.0012424
0.000220832	-4.15151e-06	0.00123848
6.8068e-05	0.000190708	0.00117415
-0.000110312	-0.000197298	0.00139297
0.000271617	-0.00020555	0.00127128
8.25846e-05	0.00034307	0.00119441
-0.000209427	0.000276118	0.00103692
-3.33722e-06	-0.00020402	0.000920265
4.7262e-05	-0.000138729	0.000960874
0.000202105	0.000270212	0.00122931
0.000177232	6.73742e-05	0.00151386
6.3456e-05	0.000209755	0.00103582
0.00026978	0.000111435	0.00145313
7.74689e-05	-0.000159925	0.00110638
0.000286243	0.000124014	0.00137323
0.000292163	0.00026682	0.00115572
0.000295751	-0.00011416	0.00111128
-0.000227994	0.000299156	0.00124704
-1.54612e-05	0.000277834	0.00108836
0.00019837	-0.000152535	0.00113746
-0.00015061	0.000125415	0.000942692
-5.75929e-05	-0.000115729	0.00134295
-9.92666e-05	0.000293191	0.00136167
-2.38674e-05	-5.56388e-05	0.000351653
-4.92854e-05	-9.75333e-05	0.000518629
1.99161e-05	9.26455e-05	0.000481485
4.34353e-05	7.82623e-06	0.000372057
0.000100403	-7.58407e-05	0.000459624
9.76212e-05	0.000140898	0.000508196
4.25297e-05	-9.07809e-06	0.000423006
4.35532e-05	3.64534e-05	0.00042007
5.653e-05	-8.25096e-05	0.000409378
7.89343e-05	2.63809e-05	0.000436295
-2.16126e-05	7.79336e-05	0.000387722
-6.71666e-05	4.25293e-05	0.000422121
1.41195e-05	0.000121034	0.000542148
0.000115353	-6.71616e-05	0.000462105
5.68794e-05	2.39192e-05	0.000484725
-1.39668e-05	0.000100703	0.000406729
1.50157e-06	-9.35548e-05	0.000510603
6.58801e-05	-4.81686e-05	0.000523498
6.61235e-05	0.00010276	0.000444764
7.05617e-05	6.21143e-06	0.000535014
2.00429e-05	6.95618e-05	0.000431425
8.7282e-05	-2.64929e-05	0.000460865
-9.66794e-05	8.91237e-05	0.000488816
-9.37885e-05	4.95768e-06	0.000532274
2.76625e-05	-2.49516e-05	0.00040482
9.30462e-05	-2.75169e-05	0.000463266
-1.7822e-05	8.47365e-05	0.000491413
-2.41555e-05	-8.34019e-05	0.000464526
8.25648e-05	-1.53678e-06	0.000463068
2.54409e-05	7.13054e-05	0.00043901
-4.12266e-05	-7.37655e-05	0.000520819
0.000101563	-7.68294e-05	0.000475329
3.08596e-05	0.000128269	0.000446583
-7.83099e-05	0.000103221	0.000387693
-1.23349e-06	-7.62737e-05	0.000344082
1.76802e-05	-5.18608e-05	0.000359266
7.55481e-05	0.000101037	0.000459637
6.62611e-05	2.52022e-05	0.000566027
2.37151e-05	7.84255e-05	0.00038729
0.000100859	4.16801e-05	0.000543323
2.89751e-05	-5.97834e-05	0.00041367
0.000107013	4.63835e-05	0.000513451
0.000109217	9.97734e-05	0.000432124
0.00011058	-4.2661e-05	0.000415507
-8.52518e-05	0.000111833	0.000466255
-5.79286e-06	0.000103873	0.000406931
7.41752e-05	-5.70134e-05	0.000425293
-5.63118e-05	4.68818e-05	0.000352463
-2.15215e-05	-4.32672e-05	0.000502121
-3.71247e-05	0.000109611	0.000509117
-1.33113e-05	-3.10166e-05	0.000196024
-2.74852e-05	-5.43703e-05	0.000289102
1.11079e-05	5.16445e-05	0.000268394
2.42131e-05	4.3583e-06	0.000207395
5.59641e-05	-4.22888e-05	0.000256205
5.44301e-05	7.85379e-05	0.000283281
2.37067e-05	-5.06555e-06	0.000235795
2.42808e-05	2.03171e-05	0.000234159
3.15058e-05	-4.60029e-05	0.000228198
4.4004e-05	1.46991e-05	0.000243201
-1.20441e-05	4.34465e-05	0.00021613
-3.74422e-05	2.3713e-05	0.000235306
7.87836e-06	6.74708e-05	0.00030221
6.4299e-05	-3.74515e-05	0.000257587
3.17086e-05	1.33283e-05	0.000270199
-7.78003e-06	5.61391e-05	0.000226724
8.27589e-07	-5.21563e-05	0.000284626
3.67205e-05	-2.68597e-05	0.000291812
3.68683e-05	5.72797e-05	0.000247923
3.93345e-05	3.45541e-06	0.000298232
1.1177e-05	3.8776e-05	0.000240489
4.86534e-05	-1.47775e-05	0.000256898
-5.38915e-05	4.96903e-05	0.000272486
-5.22866e-05	2.76945e-06	0.00029671
1.54174e-05	-1.39134e-05	0.000225659
5.18668e-05	-1.53488e-05	0.000258236
-9.93083e-06	4.72383e-05	0.00027393
-1.34746e-05	-4.64941e-05	0.000258943
4.60257e-05	-8.64736e-07	0.000258126
1.41863e-05	3.97476e-05	0.000244717
-2.29908e-05	-4.11209e-05	0.000290323
5.66107e-05	-4.28401e-05	0.00026496
1.72115e-05	7.15028e-05	0.000248939
-4.36494e-05	5.7548e-05	0.000216115
-6.95069e-07	-4.25218e-05	0.000191802
9.85065e-06	-2.89137e-05	0.000200266
4.2122e-05	5.6318e-05	0.000256214
3.69384e-05	1.40425e-05	0.000315519
1.3225e-05	4.37172e-05	0.000215887
5.62273e-05	2.32259e-05	0.000302862
1.61464e-05	-3.33314e-05	0.000230592
5.96584e-05	2.58476e-05	0.00028621
6.08919e-05	5.56112e-05	0.000240876
6.16405e-05	-2.37926e-05	0.000231613
-4.7519e-05	6.23495e-05	0.000259909
-3.22302e-06	5.7906e-05	0.000226837
4.13445e-05	-3.17908e-05	0.000237069
-3.13903e-05	2.61387e-05	0.000196476
-1.20032e-05	-2.41204e-05	0.000279899
-2.06897e-05	6.11065e-05	0.000283799
