-230.803	-547.072	3487.56
-479.43	-959.737	5141.43
202.574	918.248	4781.44
433.879	80.1807	3700.4
998.143	-744.892	4580.4
970.164	1395.42	5058.84
425.696	-86.3767	4206.24
435.524	363.169	4176.58
564.186	-811.404	4074.41
785.252	264.085	4343.71
-208.765	772.035	3843.97
-658.06	422.382	4178.35
145.97	1198.93	5382.21
1145.79	-659.075	4607.4
568.067	239.958	4820.8
-133.117	997.035	4033.57
22.0649	-920.147	5070.18
657.859	-471.47	5208.26
658.425	1018.19	4424.48
703.966	65.5681	5322.57
203.287	689.978	4284.87
868.305	-257.739	4589.79
-948.923	882.69	4834.77
-919.352	51.993	5267.9
278.697	-243.339	4023.48
925.275	-267.791	4614.59
-169.992	839.954	4873.79
-232.011	-820.407	4608.36
821.61	-11.3506	4610.49
256.694	707.286	4361.05
-399.931	-724.992	5164.17
1009.82	-754.537	4736.51
310.013	1269.81	4436.27
-768.897	1021.3	3833.82
-7.23833	-750.703	3416.49
179.643	-509.418	3570.01
751.717	1001.34	4573.72
661.798	253.261	5629.41
238.929	777.216	3847.26
1003.13	416.046	5409.57
291.963	-587.183	4112.06
1063.5	462.321	5114
1083.92	988.923	4306.28
1097.91	-417.526	4143.68
-836.472	1106.84	4612.38
-52.3969	1028.4	4036.9
738.542	-559.428	4234.95
-551.789	464.948	3488.64
-205.712	-423.853	4981.39
-360.544	1085.54	5045.94
-231.341	-548.106	3494.31
-480.534	-961.537	5151.37
203.225	920.045	4790.75
434.806	80.2567	3707.65
1000.04	-746.578	4589.45
972.456	1398	5068.79
426.577	-86.6299	4214.48
436.52	363.81	4184.76
565.191	-813.132	4082.42
786.928	264.454	4352.26
-208.978	773.626	3851.4
-659.243	423.372	4186.38
146.574	1201.3	5392.67
1148	-660.621	4616.53
569.309	240.327	4830.25
-133.129	999.059	4041.38
21.9726	-921.974	5080.06
659.136	-472.538	5218.48
660.007	1020.09	4433.16
705.449	65.5612	5333.02
203.887	691.32	4293.22
870.042	-258.426	4598.84
-950.585	884.66	4844.03
-921.123	52.3026	5278.02
279.249	-243.875	4031.35
927.124	-268.51	4623.7
-170.102	841.675	4883.23
-232.597	-821.983	4617.3
823.305	-11.5372	4619.57
257.406	708.651	4369.55
-400.827	-726.341	5174.16
1011.73	-756.245	4745.87
310.95	1272.28	4444.92
-770.181	1023.51	3841.15
-7.37227	-752.19	3423.14
179.935	-510.463	3576.98
753.484	1003.19	4582.71
663.239	253.638	5640.44
239.614	778.723	3854.76
1005.29	416.675	5420.22
292.47	-588.406	4120.11
1065.78	463.029	5124.08
1086.34	990.674	4314.78
1100.07	-418.582	4151.9
-837.864	1109.23	4621.22
-52.2411	1030.47	4044.73
739.952	-560.69	4243.3
-552.758	465.999	3495.34
-206.158	-424.643	4991.05
-360.983	1087.79	5055.69
-238.207	-635.099	3399.82
-489.597	-1089.07	5008.47
188.152	791.471	4702.97
422.483	-15.0042	3622.73
983.373	-858.674	4461.38
951.382	1260.56	4984.94
413.244	-193.941	4113.53
422.507	254.555	4096.09
552.511	-912.44	3965.47
770.568	152.026	4256.26
-218.953	669.485	3782.64
-666.89	312.035	4101.97
129.835	1055.44	5298.34
1130.26	-773.705	4489.67
553.027	115.406	4723.11
-144.394	888.781	3973.84
10.0714	-1047.14	4938.57
642.422	-603.006	5083.76
643.014	900.816	4355.1
687.33	-71.0356	5209.38
190.458	576.937	4211.07
853.361	-373.913	4483.45
-958.938	753.157	4757
-929.487	-85.295	5159.41
267.504	-345.747	3930.97
910.058	-384.488	4507.33
-183.093	710.621	4792.23
-241.949	-936.229	4489.74
806.463	-129.122	4510.18
243.435	592.281	4285.95
-410.781	-855.756	5036.57
994.606	-872.289	4613.89
295.594	1150.65	4373.95
-777.206	917.262	3780.49
-15.058	-835.774	3324.48
170.371	-599.181	3480.51
735.578	880.313	4500.51
644.279	107.925	5514.65
226.977	675.153	3784.93
984.634	276.171	5302.87
280.951	-690.459	4008.76
1045.46	329.96	5014.63
1067.19	875.279	4237.62
1083.44	-521.242	4042.15
-846.651	982.28	4544.86
-64.0406	920.041	3977.72
725.43	-665.396	4128.68
-559.304	372.356	3427.77
-217.253	-550.874	4865.01
-373.677	950.515	4967.51
-238.207	-635.099	3399.82
-489.597	-1089.07	5008.47
188.152	791.471	4702.97
422.483	-15.0042	3622.73
983.373	-858.674	4461.38
951.382	1260.56	4984.94
413.244	-193.941	4113.53
422.507	254.555	4096.09
552.511	-912.44	3965.47
770.568	152.026	4256.26
-218.953	669.485	3782.64
-666.89	312.035	4101.97
129.835	1055.44	5298.34
1130.26	-773.705	4489.67
553.027	115.406	4723.11
-144.394	888.781	3973.84
10.0714	-1047.14	4938.57
642.422	-603.006	5083.76
643.014	900.816	4355.1
687.33	-71.0356	5209.38
190.458	576.937	4211.07
853.361	-373.913	4483.45
-958.938	753.157	4757
-929.487	-85.295	5159.41
267.504	-345.747	3930.97
910.058	-384.488	4507.33
-183.093	710.621	4792.23
-241.949	-936.229	4489.74
806.463	-129.122	4510.18
243.435	592.281	4285.95
-410.781	-855.756	5036.57
994.606	-872.289	4613.89
295.594	1150.65	4373.95
-777.206	917.262	3780.49
-15.058	-835.774	3324.48
170.371	-599.181	3480.51
735.578	880.313	4500.51
644.279	107.925	5514.65
226.977	675.153	3784.93
984.634	276.171	5302.87
280.951	-690.459	4008.76
1045.46	329.96	5014.63
1067.19	875.279	4237.62
1083.44	-521.242	4042.15
-846.651	982.28	4544.86
-64.0406	920.041	3977.72
725.43	-665.396	4128.68
-559.304	372.356	3427.77
-217.253	-550.874	4865.01
-373.677	950.515	4967.51
-238.207	-635.099	3399.82
-489.597	-1089.07	5008.47
188.152	791.471	4702.97
422.483	-15.0042	3622.73
983.373	-858.674	4461.38
951.382	1260.56	4984.94
413.244	-193.941	4113.53
422.507	254.555	4096.09
552.511	-912.44	3965.47
770.568	152.026	4256.26
-218.953	669.485	3782.64
-666.89	312.035	4101.97
129.835	1055.44	5298.34
1130.26	-773.705	4489.67
553.027	115.406	4723.11
-144.394	888.781	3973.84
10.0714	-1047.14	4938.57
642.422	-603.006	5083.76
643.014	900.816	4355.1
687.33	-71.0356	5209.38
190.458	576.937	4211.07
853.361	-373.913	4483.45
-958.938	753.157	4757
-929.487	-85.295	5159.41
267.504	-345.747	3930.97
910.058	-384.488	4507.33
-183.093	710.621	4792.23
-241.949	-936.229	4489.74
806.463	-129.122	4510.18
243.435	592.281	4285.95
-410.781	-855.756	5036.57
994.606	-872.289	4613.89
295.594	1150.65	4373.95
-777.206	917.262	3780.49
-15.058	-835.774	3324.48
170.371	-599.181	3480.51
735.578	880.313	4500.51
644.279	107.925	5514.65
226.977	675.153	3784.93
984.634	276.171	5302.87
280.951	-690.459	4008.76
1045.46	329.96	5014.63
1067.19	875.279	4237.62
1083.44	-521.242	4042.15
-846.651	982.28	4544.86
-64.0406	920.041	3977.72
725.43	-665.396	4128.68
-559.304	372.356	3427.77
-217.253	-550.874	4865.01
-373.677	950.515	4967.51
