-810.393	1348.47	4879.94
3480.96	227.573	1870.75
831.146	584.919	3735.65
1472.81	129.137	3576.26
921.837	155.306	2536.21
1961.27	-179.236	2493.32
-190.899	457.997	1863.77
1071.86	-335.33	2593.17
2360.99	74.057	2951.61
-153.159	2268.2	1941.14
2916.68	1218.34	2113.69
-810.823	1465.25	3149.7
2658.57	3011.22	5391.71
1059.19	1017.08	4678.68
-832.675	1917	4544.09
940.414	-484.684	4988.86
671.047	3493.11	3157.74
857.803	876.396	4263.37
2447.77	2953.48	5296.36
402.495	1361.52	4388.47
571.31	1688.35	1931.04
-1148.1	1726.81	4580.33
1302.43	999.98	5708.57
-1116.74	2975.99	2335.07
2976.3	2253.85	4086.85
24.1225	2823.01	5352.72
-656.374	816.468	3942.47
1319.63	-30.594	3540.18
-652.875	2010.24	2157.1
413.295	341.979	5194.87
1820.43	422.564	5625
2830.78	1409.32	3869.18
863.26	2411.16	6017.73
742.497	63.2908	2012.53
745.206	1938.61	2142.97
-388.453	461.095	3843.43
392.431	1619.3	2911.53
-702.575	2649.55	3870.11
666.278	2789.53	5312.8
2643.31	659.912	4351.59
-469.916	2455.84	2099.54
-151.429	1117.02	2056.35
1454.68	2856.05	3554.55
2501.33	3260.01	2873.81
2547.08	1110.59	4769.79
2904.45	1382.52	4607.3
3364.46	1000.6	2251.13
2989.53	1770.67	2426.81
3211.17	-238.682	4259.73
293.23	3242.45	5495.08
-811.519	1350.34	4886.71
3485.79	227.889	1873.35
832.3	585.731	3740.84
1474.85	129.316	3581.23
923.117	155.522	2539.73
1963.99	-179.485	2496.78
-191.164	458.632	1866.36
1073.35	-335.796	2596.77
2364.27	74.1598	2955.7
-153.371	2271.35	1943.84
2920.73	1220.03	2116.62
-811.949	1467.29	3154.07
2662.26	3015.4	5399.2
1060.66	1018.49	4685.17
-833.831	1919.66	4550.4
941.72	-485.357	4995.79
671.979	3497.96	3162.13
858.994	877.612	4269.29
2451.17	2957.58	5303.71
403.054	1363.41	4394.56
572.103	1690.69	1933.72
-1149.69	1729.21	4586.69
1304.24	1001.37	5716.5
-1118.29	2980.12	2338.31
2980.43	2256.98	4092.52
24.156	2826.93	5360.15
-657.285	817.601	3947.94
1321.46	-30.6366	3545.09
-653.782	2013.03	2160.1
413.868	342.454	5202.08
1822.96	423.151	5632.81
2834.71	1411.28	3874.55
864.458	2414.5	6026.09
743.528	63.3786	2015.33
746.24	1941.3	2145.94
-388.992	461.735	3848.76
392.976	1621.54	2915.58
-703.55	2653.23	3875.49
667.203	2793.41	5320.18
2646.98	660.828	4357.63
-470.568	2459.25	2102.46
-151.639	1118.57	2059.21
1456.7	2860.01	3559.48
2504.8	3264.54	2877.8
2550.62	1112.13	4776.42
2908.48	1384.44	4613.69
3369.13	1001.99	2254.26
2993.68	1773.13	2430.18
3215.63	-239.013	4265.65
293.637	3246.95	5502.71
-812.576	1352.1	4893.08
3490.34	228.186	1875.79
833.385	586.494	3745.71
1476.77	129.484	3585.9
924.32	155.725	2543.04
1966.55	-179.719	2500.03
-191.413	459.23	1868.79
1074.75	-336.233	2600.15
2367.35	74.2564	2959.55
-153.571	2274.31	1946.37
2924.53	1221.62	2119.38
-813.007	1469.2	3158.18
2665.73	3019.33	5406.23
1062.04	1019.82	4691.28
-834.918	1922.16	4556.33
942.947	-485.99	5002.3
672.854	3502.52	3166.25
860.113	878.756	4274.85
2454.37	2961.44	5310.62
403.579	1365.18	4400.29
572.849	1692.9	1936.24
-1151.19	1731.46	4592.67
1305.94	1002.67	5723.95
-1119.75	2984	2341.36
2984.31	2259.92	4097.85
24.1877	2830.61	5367.13
-658.141	818.667	3953.09
1323.18	-30.6766	3549.71
-654.634	2015.66	2162.91
414.408	342.9	5208.86
1825.33	423.702	5640.15
2838.4	1413.12	3879.6
865.585	2417.65	6033.94
744.497	63.4612	2017.95
747.213	1943.83	2148.74
-389.499	462.337	3853.78
393.488	1623.66	2919.38
-704.467	2656.68	3880.54
668.073	2797.05	5327.11
2650.43	661.69	4363.31
-471.181	2462.45	2105.2
-151.837	1120.03	2061.89
1458.6	2863.74	3564.12
2508.06	3268.79	2881.55
2553.94	1113.58	4782.64
2912.27	1386.25	4619.71
3373.52	1003.3	2257.19
2997.58	1775.44	2433.35
3219.82	-239.325	4271.21
294.02	3251.18	5509.88
-813.656	1353.9	4899.58
3494.97	228.489	1878.29
834.492	587.274	3750.69
1478.74	129.657	3590.66
925.548	155.931	2546.42
1969.17	-179.958	2503.35
-191.668	459.84	1871.28
1076.17	-336.68	2603.61
2370.49	74.355	2963.49
-153.775	2277.34	1948.96
2928.42	1223.25	2122.19
-814.087	1471.15	3162.38
2669.27	3023.34	5413.42
1063.45	1021.18	4697.51
-836.027	1924.72	4562.38
944.201	-486.636	5008.95
673.749	3507.18	3170.46
861.256	879.923	4280.53
2457.63	2965.37	5317.68
404.116	1367	4406.13
573.61	1695.15	1938.81
-1152.72	1733.77	4598.77
1307.68	1004.01	5731.55
-1121.23	2987.97	2344.47
2988.28	2262.93	4103.3
24.22	2834.38	5374.27
-659.016	819.755	3958.34
1324.94	-30.7173	3554.43
-655.504	2018.33	2165.78
414.959	343.356	5215.78
1827.76	424.265	5647.65
2842.17	1415	3884.76
866.736	2420.86	6041.96
745.487	63.5455	2020.63
748.206	1946.41	2151.6
-390.017	462.951	3858.9
394.011	1625.81	2923.26
-705.403	2660.21	3885.69
668.96	2800.76	5334.19
2653.95	662.569	4369.1
-471.807	2465.73	2108
-152.038	1121.52	2064.63
1460.54	2867.54	3568.86
2511.4	3273.14	2885.38
2557.34	1115.06	4789
2916.14	1388.09	4625.85
3378	1004.63	2260.19
3001.56	1777.8	2436.58
3224.1	-239.643	4276.88
294.41	3255.5	5517.2
-813.656	1353.9	4899.58
3494.97	228.489	1878.29
834.492	587.274	3750.69
1478.74	129.657	3590.66
925.548	155.931	2546.42
1969.17	-179.958	2503.35
-191.668	459.84	1871.28
1076.17	-336.68	2603.61
2370.49	74.355	2963.49
-153.775	2277.34	1948.96
2928.42	1223.25	2122.19
-814.087	1471.15	3162.38
2669.27	3023.34	5413.42
1063.45	1021.18	4697.51
-836.027	1924.72	4562.38
944.201	-486.636	5008.95
673.749	3507.18	3170.46
861.256	879.923	4280.53
2457.63	2965.37	5317.68
404.116	1367	4406.13
573.61	1695.15	1938.81
-1152.72	1733.77	4598.77
1307.68	1004.01	5731.55
-1121.23	2987.97	2344.47
2988.28	2262.93	4103.3
24.22	2834.38	5374.27
-659.016	819.755	3958.34
1324.94	-30.7173	3554.43
-655.504	2018.33	2165.78
414.959	343.356	5215.78
1827.76	424.265	5647.65
2842.17	1415	3884.76
866.736	2420.86	6041.96
745.487	63.5455	2020.63
748.206	1946.41	2151.6
-390.017	462.951	3858.9
394.011	1625.81	2923.26
-705.403	2660.21	3885.69
668.96	2800.76	5334.19
2653.95	662.569	4369.1
-471.807	2465.73	2108
-152.038	1121.52	2064.63
1460.54	2867.54	3568.86
2511.4	3273.14	2885.38
2557.34	1115.06	4789
2916.14	1388.09	4625.85
3378	1004.63	2260.19
3001.56	1777.8	2436.58
3224.1	-239.643	4276.88
294.41	3255.5	5517.2
