-824.819	1373.88	4969.82
3545.78	231.957	1905.21
847.027	596.07	3804.44
1500.54	131.822	3642.05
939.256	158.395	2582.92
1997.94	-182.352	2539.21
-194.213	466.654	1898.15
1092.04	-341.331	2640.87
2405.14	75.6758	3005.94
-155.777	2310.69	1977.11
2971.22	1241.2	2152.74
-825.507	1492.75	3207.85
2708.74	3067.74	5491.39
1079.41	1036.32	4764.82
-847.585	1952.99	4627.94
958.404	-493.229	5080.32
683.981	3558.66	3216.34
874.245	892.996	4341.87
2494.03	3008.93	5394.3
410.515	1387.15	4469.36
582.196	1719.97	1966.76
-1168.85	1759.26	4664.8
1327.27	1018.96	5813.54
-1137.31	3031.77	2378.38
3032.22	2296.16	4162.39
25.2374	2875.98	5451.63
-668.055	831.926	4015.07
1344.51	-30.8713	3605.27
-664.779	2047.89	2197.02
421.59	348.725	5290.29
1854.81	430.84	5728.31
2883.85	1435.83	3940.55
880.047	2456.44	6128.72
756.528	64.6297	2049.61
759.364	1974.92	2182.63
-395.173	469.95	3914.15
400.097	1649.67	2965.33
-715.187	2699.23	3941.72
679.34	2841.89	5410.98
2692.85	672.504	4431.67
-478.427	2501.84	2138.45
-153.99	1137.97	2094.34
1482.26	2909.62	3620.38
2548.43	3321.19	2927.13
2594.91	1131.58	4857.62
2958.94	1408.57	4692.21
3427.31	1019.4	2292.69
3045.53	1803.87	2471.7
3271.12	-242.744	4337.98
299.376	3303.3	5596.72
-824.819	1373.88	4969.82
3545.78	231.957	1905.21
847.027	596.07	3804.44
1500.54	131.822	3642.05
939.256	158.395	2582.92
1997.94	-182.352	2539.21
-194.213	466.654	1898.15
1092.04	-341.331	2640.87
2405.14	75.6758	3005.94
-155.777	2310.69	1977.11
2971.22	1241.2	2152.74
-825.507	1492.75	3207.85
2708.74	3067.74	5491.39
1079.41	1036.32	4764.82
-847.585	1952.99	4627.94
958.404	-493.229	5080.32
683.981	3558.66	3216.34
874.245	892.996	4341.87
2494.03	3008.93	5394.3
410.515	1387.15	4469.36
582.196	1719.97	1966.76
-1168.85	1759.26	4664.8
1327.27	1018.96	5813.54
-1137.31	3031.77	2378.38
3032.22	2296.16	4162.39
25.2374	2875.98	5451.63
-668.055	831.926	4015.07
1344.51	-30.8713	3605.27
-664.779	2047.89	2197.02
421.59	348.725	5290.29
1854.81	430.84	5728.31
2883.85	1435.83	3940.55
880.047	2456.44	6128.72
756.528	64.6297	2049.61
759.364	1974.92	2182.63
-395.173	469.95	3914.15
400.097	1649.67	2965.33
-715.187	2699.23	3941.72
679.34	2841.89	5410.98
2692.85	672.504	4431.67
-478.427	2501.84	2138.45
-153.99	1137.97	2094.34
1482.26	2909.62	3620.38
2548.43	3321.19	2927.13
2594.91	1131.58	4857.62
2958.94	1408.57	4692.21
3427.31	1019.4	2292.69
3045.53	1803.87	2471.7
3271.12	-242.744	4337.98
299.376	3303.3	5596.72
-824.819	1373.88	4969.82
3545.78	231.957	1905.21
847.027	596.07	3804.44
1500.54	131.822	3642.05
939.256	158.395	2582.92
1997.94	-182.352	2539.21
-194.213	466.654	1898.15
1092.04	-341.331	2640.87
2405.14	75.6758	3005.94
-155.777	2310.69	1977.11
2971.22	1241.2	2152.74
-825.507	1492.75	3207.85
2708.74	3067.74	5491.39
1079.41	1036.32	4764.82
-847.585	1952.99	4627.94
958.404	-493.229	5080.32
683.981	3558.66	3216.34
874.245	892.996	4341.87
2494.03	3008.93	5394.3
410.515	1387.15	4469.36
582.196	1719.97	1966.76
-1168.85	1759.26	4664.8
1327.27	1018.96	5813.54
-1137.31	3031.77	2378.38
3032.22	2296.16	4162.39
25.2374	2875.98	5451.63
-668.055	831.926	4015.07
1344.51	-30.8713	3605.27
-664.779	2047.89	2197.02
421.59	348.725	5290.29
1854.81	430.84	5728.31
2883.85	1435.83	3940.55
880.047	2456.44	6128.72
756.528	64.6297	2049.61
759.364	1974.92	2182.63
-395.173	469.95	3914.15
400.097	1649.67	2965.33
-715.187	2699.23	3941.72
679.34	2841.89	5410.98
2692.85	672.504	4431.67
-478.427	2501.84	2138.45
-153.99	1137.97	2094.34
1482.26	2909.62	3620.38
2548.43	3321.19	2927.13
2594.91	1131.58	4857.62
2958.94	1408.57	4692.21
3427.31	1019.4	2292.69
3045.53	1803.87	2471.7
3271.12	-242.744	4337.98
299.376	3303.3	5596.72
-824.819	1373.88	4969.82
3545.78	231.957	1905.21
847.027	596.07	3804.44
1500.54	131.822	3642.05
939.256	158.395	2582.92
1997.94	-182.352	2539.21
-194.213	466.654	1898.15
1092.04	-341.331	2640.87
2405.14	75.6758	3005.94
-155.777	2310.69	1977.11
2971.22	1241.2	2152.74
-825.507	1492.75	3207.85
2708.74	3067.74	5491.39
1079.41	1036.32	4764.82
-847.585	1952.99	4627.94
958.404	-493.229	5080.32
683.981	3558.66	3216.34
874.245	892.996	4341.87
2494.03	3008.93	5394.3
410.515	1387.15	4469.36
582.196	1719.97	1966.76
-1168.85	1759.26	4664.8
1327.27	1018.96	5813.54
-1137.31	3031.77	2378.38
3032.22	2296.16	4162.39
25.2374	2875.98	5451.63
-668.055	831.926	4015.07
1344.51	-30.8713	3605.27
-664.779	2047.89	2197.02
421.59	348.725	5290.29
1854.81	430.84	5728.31
2883.85	1435.83	3940.55
880.047	2456.44	6128.72
756.528	64.6297	2049.61
759.364	1974.92	2182.63
-395.173	469.95	3914.15
400.097	1649.67	2965.33
-715.187	2699.23	3941.72
679.34	2841.89	5410.98
2692.85	672.504	4431.67
-478.427	2501.84	2138.45
-153.99	1137.97	2094.34
1482.26	2909.62	3620.38
2548.43	3321.19	2927.13
2594.91	1131.58	4857.62
2958.94	1408.57	4692.21
3427.31	1019.4	2292.69
3045.53	1803.87	2471.7
3271.12	-242.744	4337.98
299.376	3303.3	5596.72
-824.819	1373.88	4969.82
3545.78	231.957	1905.21
847.027	596.07	3804.44
1500.54	131.822	3642.05
939.256	158.395	2582.92
1997.94	-182.352	2539.21
-194.213	466.654	1898.15
1092.04	-341.331	2640.87
2405.14	75.6758	3005.94
-155.777	2310.69	1977.11
2971.22	1241.2	2152.74
-825.507	1492.75	3207.85
2708.74	3067.74	5491.39
1079.41	1036.32	4764.82
-847.585	1952.99	4627.94
958.404	-493.229	5080.32
683.981	3558.66	3216.34
874.245	892.996	4341.87
2494.03	3008.93	5394.3
410.515	1387.15	4469.36
582.196	1719.97	1966.76
-1168.85	1759.26	4664.8
1327.27	1018.96	5813.54
-1137.31	3031.77	2378.38
3032.22	2296.16	4162.39
25.2374	2875.98	5451.63
-668.055	831.926	4015.07
1344.51	-30.8713	3605.27
-664.779	2047.89	2197.02
421.59	348.725	5290.29
1854.81	430.84	5728.31
2883.85	1435.83	3940.55
880.047	2456.44	6128.72
756.528	64.6297	2049.61
759.364	1974.92	2182.63
-395.173	469.95	3914.15
400.097	1649.67	2965.33
-715.187	2699.23	3941.72
679.34	2841.89	5410.98
2692.85	672.504	4431.67
-478.427	2501.84	2138.45
-153.99	1137.97	2094.34
1482.26	2909.62	3620.38
2548.43	3321.19	2927.13
2594.91	1131.58	4857.62
2958.94	1408.57	4692.21
3427.31	1019.4	2292.69
3045.53	1803.87	2471.7
3271.12	-242.744	4337.98
299.376	3303.3	5596.72
