-814.32	1356.39	4906.56
3502.33	229.115	1881.86
836.448	588.625	3756.92
1482	130.193	3597.05
927.541	156.419	2550.71
1973.35	-180.107	2507.95
-191.751	460.739	1874.09
1078.53	-337.108	2608.2
2375.58	74.746	2969.01
-153.756	2280.72	1951.47
2934.19	1225.73	2125.91
-814.909	1473.58	3166.66
2674.57	3029.04	5422.12
1065.93	1023.38	4705.31
-836.7	1927.91	4568.5
946.679	-487.195	5018.17
675.075	3512.33	3174.46
863.31	881.827	4287.57
2462.52	2970.92	5326.16
405.331	1369.63	4412.91
574.746	1697.96	1941.6
-1153.84	1736.66	4604.9
1310.8	1006.32	5741.42
-1122.34	2991.86	2347.07
2994.24	2267.4	4110.26
24.9128	2839	5381.51
-659.589	821.383	3964.18
1327.91	-30.4901	3560.75
-656.16	2021.34	2168.54
416.356	344.396	5224.6
1832.07	425.558	5658.08
2848.06	1418.01	3891.64
868.898	2425.32	6051.08
747.069	63.8216	2023.98
749.638	1949.63	2154.67
-390.197	464.032	3864.87
394.995	1628.63	2927.52
-705.899	2664.18	3890.53
670.651	2805.54	5341.77
2659.78	664.246	4377.25
-472.196	2469.26	2110.6
-152.024	1123.44	2067.59
1463.27	2872.34	3574
2515.8	3278.66	2889.65
2562.89	1117.61	4797.66
2922.37	1391.16	4634.21
3384.91	1006.79	2264.33
3007.36	1781.26	2440.73
3231.61	-239.813	4285.59
295.516	3260.7	5524.55
-814.32	1356.39	4906.56
3502.33	229.115	1881.86
836.448	588.625	3756.92
1482	130.193	3597.05
927.541	156.419	2550.71
1973.35	-180.107	2507.95
-191.751	460.739	1874.09
1078.53	-337.108	2608.2
2375.58	74.746	2969.01
-153.756	2280.72	1951.47
2934.19	1225.73	2125.91
-814.909	1473.58	3166.66
2674.57	3029.04	5422.12
1065.93	1023.38	4705.31
-836.7	1927.91	4568.5
946.679	-487.195	5018.17
675.075	3512.33	3174.46
863.31	881.827	4287.57
2462.52	2970.92	5326.16
405.331	1369.63	4412.91
574.746	1697.96	1941.6
-1153.84	1736.66	4604.9
1310.8	1006.32	5741.42
-1122.34	2991.86	2347.07
2994.24	2267.4	4110.26
24.9128	2839	5381.51
-659.589	821.383	3964.18
1327.91	-30.4901	3560.75
-656.16	2021.34	2168.54
416.356	344.396	5224.6
1832.07	425.558	5658.08
2848.06	1418.01	3891.64
868.898	2425.32	6051.08
747.069	63.8216	2023.98
749.638	1949.63	2154.67
-390.197	464.032	3864.87
394.995	1628.63	2927.52
-705.899	2664.18	3890.53
670.651	2805.54	5341.77
2659.78	664.246	4377.25
-472.196	2469.26	2110.6
-152.024	1123.44	2067.59
1463.27	2872.34	3574
2515.8	3278.66	2889.65
2562.89	1117.61	4797.66
2922.37	1391.16	4634.21
3384.91	1006.79	2264.33
3007.36	1781.26	2440.73
3231.61	-239.813	4285.59
295.516	3260.7	5524.55
-814.32	1356.39	4906.56
3502.33	229.115	1881.86
836.448	588.625	3756.92
1482	130.193	3597.05
927.541	156.419	2550.71
1973.35	-180.107	2507.95
-191.751	460.739	1874.09
1078.53	-337.108	2608.2
2375.58	74.746	2969.01
-153.756	2280.72	1951.47
2934.19	1225.73	2125.91
-814.909	1473.58	3166.66
2674.57	3029.04	5422.12
1065.93	1023.38	4705.31
-836.7	1927.91	4568.5
946.679	-487.195	5018.17
675.075	3512.33	3174.46
863.31	881.827	4287.57
2462.52	2970.92	5326.16
405.331	1369.63	4412.91
574.746	1697.96	1941.6
-1153.84	1736.66	4604.9
1310.8	1006.32	5741.42
-1122.34	2991.86	2347.07
2994.24	2267.4	4110.26
24.9128	2839	5381.51
-659.589	821.383	3964.18
1327.91	-30.4901	3560.75
-656.16	2021.34	2168.54
416.356	344.396	5224.6
1832.07	425.558	5658.08
2848.06	1418.01	3891.64
868.898	2425.32	6051.08
747.069	63.8216	2023.98
749.638	1949.63	2154.67
-390.197	464.032	3864.87
394.995	1628.63	2927.52
-705.899	2664.18	3890.53
670.651	2805.54	5341.77
2659.78	664.246	4377.25
-472.196	2469.26	2110.6
-152.024	1123.44	2067.59
1463.27	2872.34	3574
2515.8	3278.66	2889.65
2562.89	1117.61	4797.66
2922.37	1391.16	4634.21
3384.91	1006.79	2264.33
3007.36	1781.26	2440.73
3231.61	-239.813	4285.59
295.516	3260.7	5524.55
-814.32	1356.39	4906.56
3502.33	229.115	1881.86
836.448	588.625	3756.92
1482	130.193	3597.05
927.541	156.419	2550.71
1973.35	-180.107	2507.95
-191.751	460.739	1874.09
1078.53	-337.108	2608.2
2375.58	74.746	2969.01
-153.756	2280.72	1951.47
2934.19	1225.73	2125.91
-814.909	1473.58	3166.66
2674.57	3029.04	5422.12
1065.93	1023.38	4705.31
-836.7	1927.91	4568.5
946.679	-487.195	5018.17
675.075	3512.33	3174.46
863.31	881.827	4287.57
2462.52	2970.92	5326.16
405.331	1369.63	4412.91
574.746	1697.96	1941.6
-1153.84	1736.66	4604.9
1310.8	1006.32	5741.42
-1122.34	2991.86	2347.07
2994.24	2267.4	4110.26
24.9128	2839	5381.51
-659.589	821.383	3964.18
1327.91	-30.4901	3560.75
-656.16	2021.34	2168.54
416.356	344.396	5224.6
1832.07	425.558	5658.08
2848.06	1418.01	3891.64
868.898	2425.32	6051.08
747.069	63.8216	2023.98
749.638	1949.63	2154.67
-390.197	464.032	3864.87
394.995	1628.63	2927.52
-705.899	2664.18	3890.53
670.651	2805.54	5341.77
2659.78	664.246	4377.25
-472.196	2469.26	2110.6
-152.024	1123.44	2067.59
1463.27	2872.34	3574
2515.8	3278.66	2889.65
2562.89	1117.61	4797.66
2922.37	1391.16	4634.21
3384.91	1006.79	2264.33
3007.36	1781.26	2440.73
3231.61	-239.813	4285.59
295.516	3260.7	5524.55
-814.32	1356.39	4906.56
3502.33	229.115	1881.86
836.448	588.625	3756.92
1482	130.193	3597.05
927.541	156.419	2550.71
1973.35	-180.107	2507.95
-191.751	460.739	1874.09
1078.53	-337.108	2608.2
2375.58	74.746	2969.01
-153.756	2280.72	1951.47
2934.19	1225.73	2125.91
-814.909	1473.58	3166.66
2674.57	3029.04	5422.12
1065.93	1023.38	4705.31
-836.7	1927.91	4568.5
946.679	-487.195	5018.17
675.075	3512.33	3174.46
863.31	881.827	4287.57
2462.52	2970.92	5326.16
405.331	1369.63	4412.91
574.746	1697.96	1941.6
-1153.84	1736.66	4604.9
1310.8	1006.32	5741.42
-1122.34	2991.86	2347.07
2994.24	2267.4	4110.26
24.9128	2839	5381.51
-659.589	821.383	3964.18
1327.91	-30.4901	3560.75
-656.16	2021.34	2168.54
416.356	344.396	5224.6
1832.07	425.558	5658.08
2848.06	1418.01	3891.64
868.898	2425.32	6051.08
747.069	63.8216	2023.98
749.638	1949.63	2154.67
-390.197	464.032	3864.87
394.995	1628.63	2927.52
-705.899	2664.18	3890.53
670.651	2805.54	5341.77
2659.78	664.246	4377.25
-472.196	2469.26	2110.6
-152.024	1123.44	2067.59
1463.27	2872.34	3574
2515.8	3278.66	2889.65
2562.89	1117.61	4797.66
2922.37	1391.16	4634.21
3384.91	1006.79	2264.33
3007.36	1781.26	2440.73
3231.61	-239.813	4285.59
295.516	3260.7	5524.55
