-817.364	1361.46	4924.9
3483.01	227.851	1871.48
836.479	588.647	3757.06
1480.08	130.024	3592.38
926.602	156.261	2548.13
1967.69	-179.591	2500.76
-191.853	460.983	1875.08
1076.99	-336.624	2604.46
2368.14	74.5119	2959.71
-153.956	2283.69	1954
2922.35	1220.78	2117.33
-817.15	1477.64	3175.37
2672.18	3026.33	5417.27
1066.38	1023.81	4707.27
-839.897	1935.28	4585.96
946.817	-487.266	5018.9
675.895	3516.59	3178.32
863.686	882.211	4289.43
2460.96	2969.04	5322.79
405.924	1371.63	4419.37
574.667	1697.73	1941.33
-1158.78	1744.09	4624.59
1311.63	1006.96	5745.03
-1126.18	3002.09	2355.1
2986.71	2261.69	4099.92
24.995	2848.36	5399.26
-661.364	823.594	3974.85
1326.39	-30.4553	3556.69
-657.56	2025.65	2173.16
416.974	344.908	5232.37
1831.12	425.338	5655.16
2840.16	1414.08	3880.85
870.76	2430.51	6064.05
746.268	63.7532	2021.82
749.498	1949.26	2154.27
-390.992	464.978	3872.74
395.275	1629.79	2929.59
-708.386	2673.56	3904.23
672.132	2811.73	5353.56
2653.11	662.579	4366.27
-473.138	2474.19	2114.81
-152.155	1124.41	2069.38
1463.13	2872.05	3573.64
2510.69	3272	2883.78
2558	1115.48	4788.51
2915.16	1387.73	4622.79
3368.75	1001.99	2253.52
2996.15	1774.62	2431.62
3219.11	-238.885	4269.01
296.439	3270.9	5541.82
-817.364	1361.46	4924.9
3483.01	227.851	1871.48
836.479	588.647	3757.06
1480.08	130.024	3592.38
926.602	156.261	2548.13
1967.69	-179.591	2500.76
-191.853	460.983	1875.08
1076.99	-336.624	2604.46
2368.14	74.5119	2959.71
-153.956	2283.69	1954
2922.35	1220.78	2117.33
-817.15	1477.64	3175.37
2672.18	3026.33	5417.27
1066.38	1023.81	4707.27
-839.897	1935.28	4585.96
946.817	-487.266	5018.9
675.895	3516.59	3178.32
863.686	882.211	4289.43
2460.96	2969.04	5322.79
405.924	1371.63	4419.37
574.667	1697.73	1941.33
-1158.78	1744.09	4624.59
1311.63	1006.96	5745.03
-1126.18	3002.09	2355.1
2986.71	2261.69	4099.92
24.995	2848.36	5399.26
-661.364	823.594	3974.85
1326.39	-30.4553	3556.69
-657.56	2025.65	2173.16
416.974	344.908	5232.37
1831.12	425.338	5655.16
2840.16	1414.08	3880.85
870.76	2430.51	6064.05
746.268	63.7532	2021.82
749.498	1949.26	2154.27
-390.992	464.978	3872.74
395.275	1629.79	2929.59
-708.386	2673.56	3904.23
672.132	2811.73	5353.56
2653.11	662.579	4366.27
-473.138	2474.19	2114.81
-152.155	1124.41	2069.38
1463.13	2872.05	3573.64
2510.69	3272	2883.78
2558	1115.48	4788.51
2915.16	1387.73	4622.79
3368.75	1001.99	2253.52
2996.15	1774.62	2431.62
3219.11	-238.885	4269.01
296.439	3270.9	5541.82
-817.364	1361.46	4924.9
3483.01	227.851	1871.48
836.479	588.647	3757.06
1480.08	130.024	3592.38
926.602	156.261	2548.13
1967.69	-179.591	2500.76
-191.853	460.983	1875.08
1076.99	-336.624	2604.46
2368.14	74.5119	2959.71
-153.956	2283.69	1954
2922.35	1220.78	2117.33
-817.15	1477.64	3175.37
2672.18	3026.33	5417.27
1066.38	1023.81	4707.27
-839.897	1935.28	4585.96
946.817	-487.266	5018.9
675.895	3516.59	3178.32
863.686	882.211	4289.43
2460.96	2969.04	5322.79
405.924	1371.63	4419.37
574.667	1697.73	1941.33
-1158.78	1744.09	4624.59
1311.63	1006.96	5745.03
-1126.18	3002.09	2355.1
2986.71	2261.69	4099.92
24.995	2848.36	5399.26
-661.364	823.594	3974.85
1326.39	-30.4553	3556.69
-657.56	2025.65	2173.16
416.974	344.908	5232.37
1831.12	425.338	5655.16
2840.16	1414.08	3880.85
870.76	2430.51	6064.05
746.268	63.7532	2021.82
749.498	1949.26	2154.27
-390.992	464.978	3872.74
395.275	1629.79	2929.59
-708.386	2673.56	3904.23
672.132	2811.73	5353.56
2653.11	662.579	4366.27
-473.138	2474.19	2114.81
-152.155	1124.41	2069.38
1463.13	2872.05	3573.64
2510.69	3272	2883.78
2558	1115.48	4788.51
2915.16	1387.73	4622.79
3368.75	1001.99	2253.52
2996.15	1774.62	2431.62
3219.11	-238.885	4269.01
296.439	3270.9	5541.82
-817.364	1361.46	4924.9
3483.01	227.851	1871.48
836.479	588.647	3757.06
1480.08	130.024	3592.38
926.602	156.261	2548.13
1967.69	-179.591	2500.76
-191.853	460.983	1875.08
1076.99	-336.624	2604.46
2368.14	74.5119	2959.71
-153.956	2283.69	1954
2922.35	1220.78	2117.33
-817.15	1477.64	3175.37
2672.18	3026.33	5417.27
1066.38	1023.81	4707.27
-839.897	1935.28	4585.96
946.817	-487.266	5018.9
675.895	3516.59	3178.32
863.686	882.211	4289.43
2460.96	2969.04	5322.79
405.924	1371.63	4419.37
574.667	1697.73	1941.33
-1158.78	1744.09	4624.59
1311.63	1006.96	5745.03
-1126.18	3002.09	2355.1
2986.71	2261.69	4099.92
24.995	2848.36	5399.26
-661.364	823.594	3974.85
1326.39	-30.4553	3556.69
-657.56	2025.65	2173.16
416.974	344.908	5232.37
1831.12	425.338	5655.16
2840.16	1414.08	3880.85
870.76	2430.51	6064.05
746.268	63.7532	2021.82
749.498	1949.26	2154.27
-390.992	464.978	3872.74
395.275	1629.79	2929.59
-708.386	2673.56	3904.23
672.132	2811.73	5353.56
2653.11	662.579	4366.27
-473.138	2474.19	2114.81
-152.155	1124.41	2069.38
1463.13	2872.05	3573.64
2510.69	3272	2883.78
2558	1115.48	4788.51
2915.16	1387.73	4622.79
3368.75	1001.99	2253.52
2996.15	1774.62	2431.62
3219.11	-238.885	4269.01
296.439	3270.9	5541.82
-817.364	1361.46	4924.9
3483.01	227.851	1871.48
836.479	588.647	3757.06
1480.08	130.024	3592.38
926.602	156.261	2548.13
1967.69	-179.591	2500.76
-191.853	460.983	1875.08
1076.99	-336.624	2604.46
2368.14	74.5119	2959.71
-153.956	2283.69	1954
2922.35	1220.78	2117.33
-817.15	1477.64	3175.37
2672.18	3026.33	5417.27
1066.38	1023.81	4707.27
-839.897	1935.28	4585.96
946.817	-487.266	5018.9
675.895	3516.59	3178.32
863.686	882.211	4289.43
2460.96	2969.04	5322.79
405.924	1371.63	4419.37
574.667	1697.73	1941.33
-1158.78	1744.09	4624.59
1311.63	1006.96	5745.03
-1126.18	3002.09	2355.1
2986.71	2261.69	4099.92
24.995	2848.36	5399.26
-661.364	823.594	3974.85
1326.39	-30.4553	3556.69
-657.56	2025.65	2173.16
416.974	344.908	5232.37
1831.12	425.338	5655.16
2840.16	1414.08	3880.85
870.76	2430.51	6064.05
746.268	63.7532	2021.82
749.498	1949.26	2154.27
-390.992	464.978	3872.74
395.275	1629.79	2929.59
-708.386	2673.56	3904.23
672.132	2811.73	5353.56
2653.11	662.579	4366.27
-473.138	2474.19	2114.81
-152.155	1124.41	2069.38
1463.13	2872.05	3573.64
2510.69	3272	2883.78
2558	1115.48	4788.51
2915.16	1387.73	4622.79
3368.75	1001.99	2253.52
2996.15	1774.62	2431.62
3219.11	-238.885	4269.01
296.439	3270.9	5541.82
