370.959	305.838	2550.79
-148.669	328.045	2202.92
310.098	4.77957	1876.34
533.925	135.187	2415.85
206.348	133.339	2114.13
295.037	288.361	1717.55
-423.156	403.211	2147.3
-231.284	-50.9749	1716.63
388.872	-135.643	2673.44
-216.765	97.8596	2604.27
640.167	79.5066	1655.99
391.099	100.595	1869.13
422.314	413.84	1891.76
77.987	438.394	2404.34
195.377	8.65259	1608.78
429.486	4.86026	1614.9
-226.494	-20.1728	1615.99
410.088	375.339	1945.9
398.805	-343.935	2300.05
-259.341	511.011	1948.16
548.334	238.846	1921.23
-116.842	277.255	2412.78
-224.491	-499.458	2664.26
446.286	-258.565	2380.32
188.725	233.347	1822.17
-49.3201	28.1486	2329.98
122.125	284.033	2013.93
125.216	462.999	2175.58
171.015	335.993	1554.98
62.6004	-76.1618	2490.55
-256.865	172.225	2104.27
487.616	485.202	1752.69
-149.911	348.854	2034.93
492.408	163.432	2241.3
-246.263	-403.169	2480.59
219.81	-373.555	2620.73
451.855	-82.7429	2304.07
18.6182	-344.822	2051.1
449.348	524.868	1575.77
270.784	428.348	1832.12
-135.703	-150.432	1730.09
126.332	109.188	2328.42
-19.5239	424.949	2083.98
379.507	-306.912	2519.66
184.563	-38.5025	2353.89
135.736	-217.702	2362.52
341.111	136.167	1750.15
-239.477	-261.574	2201.68
-331.642	415.234	2160
238.277	-331.216	1699.94
370.959	305.838	2550.79
-148.669	328.045	2202.92
310.098	4.77957	1876.34
533.925	135.187	2415.85
206.348	133.339	2114.13
295.037	288.361	1717.55
-423.156	403.211	2147.3
-231.284	-50.9749	1716.63
388.872	-135.643	2673.44
-216.765	97.8596	2604.27
640.167	79.5066	1655.99
391.099	100.595	1869.13
422.314	413.84	1891.76
77.987	438.394	2404.34
195.377	8.65259	1608.78
429.486	4.86026	1614.9
-226.494	-20.1728	1615.99
410.088	375.339	1945.9
398.805	-343.935	2300.05
-259.341	511.011	1948.16
548.334	238.846	1921.23
-116.842	277.255	2412.78
-224.491	-499.458	2664.26
446.286	-258.565	2380.32
188.725	233.347	1822.17
-49.3201	28.1486	2329.98
122.125	284.033	2013.93
125.216	462.999	2175.58
171.015	335.993	1554.98
62.6004	-76.1618	2490.55
-256.865	172.225	2104.27
487.616	485.202	1752.69
-149.911	348.854	2034.93
492.408	163.432	2241.3
-246.263	-403.169	2480.59
219.81	-373.555	2620.73
451.855	-82.7429	2304.07
18.6182	-344.822	2051.1
449.348	524.868	1575.77
270.784	428.348	1832.12
-135.703	-150.432	1730.09
126.332	109.188	2328.42
-19.5239	424.949	2083.98
379.507	-306.912	2519.66
184.563	-38.5025	2353.89
135.736	-217.702	2362.52
341.111	136.167	1750.15
-239.477	-261.574	2201.68
-331.642	415.234	2160
238.277	-331.216	1699.94
370.959	305.838	2550.79
-148.669	328.045	2202.92
310.098	4.77957	1876.34
533.925	135.187	2415.85
206.348	133.339	2114.13
295.037	288.361	1717.55
-423.156	403.211	2147.3
-231.284	-50.9749	1716.63
388.872	-135.643	2673.44
-216.765	97.8596	2604.27
640.167	79.5066	1655.99
391.099	100.595	1869.13
422.314	413.84	1891.76
77.987	438.394	2404.34
195.377	8.65259	1608.78
429.486	4.86026	1614.9
-226.494	-20.1728	1615.99
410.088	375.339	1945.9
398.805	-343.935	2300.05
-259.341	511.011	1948.16
548.334	238.846	1921.23
-116.842	277.255	2412.78
-224.491	-499.458	2664.26
446.286	-258.565	2380.32
188.725	233.347	1822.17
-49.3201	28.1486	2329.98
122.125	284.033	2013.93
125.216	462.999	2175.58
171.015	335.993	1554.98
62.6004	-76.1618	2490.55
-256.865	172.225	2104.27
487.616	485.202	1752.69
-149.911	348.854	2034.93
492.408	163.432	2241.3
-246.263	-403.169	2480.59
219.81	-373.555	2620.73
451.855	-82.7429	2304.07
18.6182	-344.822	2051.1
449.348	524.868	1575.77
270.784	428.348	1832.12
-135.703	-150.432	1730.09
126.332	109.188	2328.42
-19.5239	424.949	2083.98
379.507	-306.912	2519.66
184.563	-38.5025	2353.89
135.736	-217.702	2362.52
341.111	136.167	1750.15
-239.477	-261.574	2201.68
-331.642	415.234	2160
238.277	-331.216	1699.94
370.959	305.838	2550.79
-148.669	328.045	2202.92
310.098	4.77957	1876.34
533.925	135.187	2415.85
206.348	133.339	2114.13
295.037	288.361	1717.55
-423.156	403.211	2147.3
-231.284	-50.9749	1716.63
388.872	-135.643	2673.44
-216.765	97.8596	2604.27
640.167	79.5066	1655.99
391.099	100.595	1869.13
422.314	413.84	1891.76
77.987	438.394	2404.34
195.377	8.65259	1608.78
429.486	4.86026	1614.9
-226.494	-20.1728	1615.99
410.088	375.339	1945.9
398.805	-343.935	2300.05
-259.341	511.011	1948.16
548.334	238.846	1921.23
-116.842	277.255	2412.78
-224.491	-499.458	2664.26
446.286	-258.565	2380.32
188.725	233.347	1822.17
-49.3201	28.1486	2329.98
122.125	284.033	2013.93
125.216	462.999	2175.58
171.015	335.993	1554.98
62.6004	-76.1618	2490.55
-256.865	172.225	2104.27
487.616	485.202	1752.69
-149.911	348.854	2034.93
492.408	163.432	2241.3
-246.263	-403.169	2480.59
219.81	-373.555	2620.73
451.855	-82.7429	2304.07
18.6182	-344.822	2051.1
449.348	524.868	1575.77
270.784	428.348	1832.12
-135.703	-150.432	1730.09
126.332	109.188	2328.42
-19.5239	424.949	2083.98
379.507	-306.912	2519.66
184.563	-38.5025	2353.89
135.736	-217.702	2362.52
341.111	136.167	1750.15
-239.477	-261.574	2201.68
-331.642	415.234	2160
238.277	-331.216	1699.94
370.959	305.838	2550.79
-148.669	328.045	2202.92
310.098	4.77957	1876.34
533.925	135.187	2415.85
206.348	133.339	2114.13
295.037	288.361	1717.55
-423.156	403.211	2147.3
-231.284	-50.9749	1716.63
388.872	-135.643	2673.44
-216.765	97.8596	2604.27
640.167	79.5066	1655.99
391.099	100.595	1869.13
422.314	413.84	1891.76
77.987	438.394	2404.34
195.377	8.65259	1608.78
429.486	4.86026	1614.9
-226.494	-20.1728	1615.99
410.088	375.339	1945.9
398.805	-343.935	2300.05
-259.341	511.011	1948.16
548.334	238.846	1921.23
-116.842	277.255	2412.78
-224.491	-499.458	2664.26
446.286	-258.565	2380.32
188.725	233.347	1822.17
-49.3201	28.1486	2329.98
122.125	284.033	2013.93
125.216	462.999	2175.58
171.015	335.993	1554.98
62.6004	-76.1618	2490.55
-256.865	172.225	2104.27
487.616	485.202	1752.69
-149.911	348.854	2034.93
492.408	163.432	2241.3
-246.263	-403.169	2480.59
219.81	-373.555	2620.73
451.855	-82.7429	2304.07
18.6182	-344.822	2051.1
449.348	524.868	1575.77
270.784	428.348	1832.12
-135.703	-150.432	1730.09
126.332	109.188	2328.42
-19.5239	424.949	2083.98
379.507	-306.912	2519.66
184.563	-38.5025	2353.89
135.736	-217.702	2362.52
341.111	136.167	1750.15
-239.477	-261.574	2201.68
-331.642	415.234	2160
238.277	-331.216	1699.94
