415.486	270.959
335.645	282.439
417.523	227.816
442.005	247.19
395.048	250.275
419.439	288.509
288.002	297.165
305.871	217.06
414.925	208.325
331.395	241.552
496.243	243.672
433.879	246.468
440.269	306.952
373.719	294.354
398.713	229.023
451.574	227.639
302.839	223.401
436.004	297.51
422.521	172.096
310.409	324.349
462.604	272.027
343.674	269.862
329.976	159.077
428.421	187.001
395.26	274.144
352.572	231.969
381.255	279.072
381.743	305.465
395.189	306.474
370.149	216.137
314.544	257.973
459.367	327.989
332.334	290.746
440.626	253.423
323.751	168.246
391.549	174.922
431.646	213.594
360.694	165.837
460.214	348.562
412.225	312.81
326.3	195.86
380.433	244.486
356.497	302.453
415.598	182.293
389.019	221.172
380.903	193.456
427.653	255.331
318.915	184.282
304.067	298.665
405.249	155.679
415.486	270.959
335.645	282.439
417.523	227.816
442.005	247.19
395.048	250.275
419.439	288.509
288.002	297.165
305.871	217.06
414.925	208.325
331.395	241.552
496.243	243.672
433.879	246.468
440.269	306.952
373.719	294.354
398.713	229.023
451.574	227.639
302.839	223.401
436.004	297.51
422.521	172.096
310.409	324.349
462.604	272.027
343.674	269.862
329.976	159.077
428.421	187.001
395.26	274.144
352.572	231.969
381.255	279.072
381.743	305.465
395.189	306.474
370.149	216.137
314.544	257.973
459.367	327.989
332.334	290.746
440.626	253.423
323.751	168.246
391.549	174.922
431.646	213.594
360.694	165.837
460.214	348.562
412.225	312.81
326.3	195.86
380.433	244.486
356.497	302.453
415.598	182.293
389.019	221.172
380.903	193.456
427.653	255.331
318.915	184.282
304.067	298.665
405.249	155.679
415.486	270.959
335.645	282.439
417.523	227.816
442.005	247.19
395.048	250.275
419.439	288.509
288.002	297.165
305.871	217.06
414.925	208.325
331.395	241.552
496.243	243.672
433.879	246.468
440.269	306.952
373.719	294.354
398.713	229.023
451.574	227.639
302.839	223.401
436.004	297.51
422.521	172.096
310.409	324.349
462.604	272.027
343.674	269.862
329.976	159.077
428.421	187.001
395.26	274.144
352.572	231.969
381.255	279.072
381.743	305.465
395.189	306.474
370.149	216.137
314.544	257.973
459.367	327.989
332.334	290.746
440.626	253.423
323.751	168.246
391.549	174.922
431.646	213.594
360.694	165.837
460.214	348.562
412.225	312.81
326.3	195.86
380.433	244.486
356.497	302.453
415.598	182.293
389.019	221.172
380.903	193.456
427.653	255.331
318.915	184.282
304.067	298.665
405.249	155.679
416.227	270.958
336.487	282.44
418.528	227.816
442.793	247.19
395.939	250.275
420.505	288.508
288.855	297.167
306.963	217.06
415.66	208.325
332.131	241.553
497.36	243.671
434.88	246.467
441.233	306.95
374.491	294.354
399.873	229.023
452.729	227.639
303.992	223.401
436.946	297.508
423.376	172.096
311.335	324.351
463.567	272.026
344.453	269.863
330.73	159.076
429.245	187.002
396.274	274.144
353.392	231.969
382.175	279.072
382.587	305.465
396.354	306.473
370.928	216.137
315.432	257.973
460.394	327.986
333.238	290.746
441.468	253.423
324.549	168.245
392.31	174.922
432.484	213.594
361.643	165.837
461.344	348.557
413.217	312.809
327.394	195.859
381.25	244.486
357.377	302.453
416.383	182.294
389.838	221.172
381.729	193.456
428.714	255.33
319.796	184.282
304.916	298.667
406.379	155.68
416.227	270.958
336.487	282.44
418.528	227.816
442.793	247.19
395.939	250.275
420.505	288.508
288.855	297.167
306.963	217.06
415.66	208.325
332.131	241.553
497.36	243.671
434.88	246.467
441.233	306.95
374.491	294.354
399.873	229.023
452.729	227.639
303.992	223.401
436.946	297.508
423.376	172.096
311.335	324.351
463.567	272.026
344.453	269.863
330.73	159.076
429.245	187.002
396.274	274.144
353.392	231.969
382.175	279.072
382.587	305.465
396.354	306.473
370.928	216.137
315.432	257.973
460.394	327.986
333.238	290.746
441.468	253.423
324.549	168.245
392.31	174.922
432.484	213.594
361.643	165.837
461.344	348.557
413.217	312.809
327.394	195.859
381.25	244.486
357.377	302.453
416.383	182.294
389.838	221.172
381.729	193.456
428.714	255.33
319.796	184.282
304.916	298.667
406.379	155.68
