-639.179	699.788	4918.07
-68.2365	365.645	4021.2
-54.8269	178.558	3877.62
486.534	197.44	4162.01
1134.06	1294.97	3520.9
575.517	1285.55	3332.62
294.064	-90.3466	4140.12
-498.947	890.112	3414.66
279.151	-286.783	3237.69
580.273	1129.73	4678.07
-737.268	522.345	3099.31
337.099	-115.609	3995.02
-842.68	491.713	4200.39
-404.763	-518.01	4201.36
25.0534	701.863	5083.81
1358.51	-688.06	4961.81
-303.404	-119.168	4936.37
986.942	-423.927	4079.48
31.4051	-241.655	3613.96
38.0728	887.616	4903.97
302.379	-637.497	4615.73
-654.224	-24.6158	4243.45
-866.236	518.858	4410.86
185.959	-709.502	5097.49
434.014	176.129	4667.63
-177.813	76.0896	4994.46
-428.772	131.516	4244.41
95.3059	1028.62	3983.77
297.486	866.476	3580.56
177.449	1035.07	5145.36
622.371	-434.897	4469.41
598.308	355.239	3259.7
41.489	-789.587	4175.01
580.607	859.866	3732.01
885.621	360.724	4578.25
-595.344	-25.3101	3381.62
387.09	1042.7	4932.34
527.603	-834.895	5075.97
80.0173	94.8476	5056.47
-778.823	241.314	4107.05
-700.947	181.954	3682.62
168.924	304.844	4613.49
-625.125	-136.112	4530.1
888.957	1074.67	4274.91
-292.913	1047.13	3632.7
240.585	185.001	3927.9
-651.831	-198.812	2930.82
632.357	65.6524	4558.42
1346.63	-590.993	4747.07
-738.511	-212.059	4623.55
-639.179	699.788	4918.07
-68.2365	365.645	4021.2
-54.8269	178.558	3877.62
486.534	197.44	4162.01
1134.06	1294.97	3520.9
575.517	1285.55	3332.62
294.064	-90.3466	4140.12
-498.947	890.112	3414.66
279.151	-286.783	3237.69
580.273	1129.73	4678.07
-737.268	522.345	3099.31
337.099	-115.609	3995.02
-842.68	491.713	4200.39
-404.763	-518.01	4201.36
25.0534	701.863	5083.81
1358.51	-688.06	4961.81
-303.404	-119.168	4936.37
986.942	-423.927	4079.48
31.4051	-241.655	3613.96
38.0728	887.616	4903.97
302.379	-637.497	4615.73
-654.224	-24.6158	4243.45
-866.236	518.858	4410.86
185.959	-709.502	5097.49
434.014	176.129	4667.63
-177.813	76.0896	4994.46
-428.772	131.516	4244.41
95.3059	1028.62	3983.77
297.486	866.476	3580.56
177.449	1035.07	5145.36
622.371	-434.897	4469.41
598.308	355.239	3259.7
41.489	-789.587	4175.01
580.607	859.866	3732.01
885.621	360.724	4578.25
-595.344	-25.3101	3381.62
387.09	1042.7	4932.34
527.603	-834.895	5075.97
80.0173	94.8476	5056.47
-778.823	241.314	4107.05
-700.947	181.954	3682.62
168.924	304.844	4613.49
-625.125	-136.112	4530.1
888.957	1074.67	4274.91
-292.913	1047.13	3632.7
240.585	185.001	3927.9
-651.831	-198.812	2930.82
632.357	65.6524	4558.42
1346.63	-590.993	4747.07
-738.511	-212.059	4623.55
-639.179	699.788	4918.07
-68.2365	365.645	4021.2
-54.8269	178.558	3877.62
486.534	197.44	4162.01
1134.06	1294.97	3520.9
575.517	1285.55	3332.62
294.064	-90.3466	4140.12
-498.947	890.112	3414.66
279.151	-286.783	3237.69
580.273	1129.73	4678.07
-737.268	522.345	3099.31
337.099	-115.609	3995.02
-842.68	491.713	4200.39
-404.763	-518.01	4201.36
25.0534	701.863	5083.81
1358.51	-688.06	4961.81
-303.404	-119.168	4936.37
986.942	-423.927	4079.48
31.4051	-241.655	3613.96
38.0728	887.616	4903.97
302.379	-637.497	4615.73
-654.224	-24.6158	4243.45
-866.236	518.858	4410.86
185.959	-709.502	5097.49
434.014	176.129	4667.63
-177.813	76.0896	4994.46
-428.772	131.516	4244.41
95.3059	1028.62	3983.77
297.486	866.476	3580.56
177.449	1035.07	5145.36
622.371	-434.897	4469.41
598.308	355.239	3259.7
41.489	-789.587	4175.01
580.607	859.866	3732.01
885.621	360.724	4578.25
-595.344	-25.3101	3381.62
387.09	1042.7	4932.34
527.603	-834.895	5075.97
80.0173	94.8476	5056.47
-778.823	241.314	4107.05
-700.947	181.954	3682.62
168.924	304.844	4613.49
-625.125	-136.112	4530.1
888.957	1074.67	4274.91
-292.913	1047.13	3632.7
240.585	185.001	3927.9
-651.831	-198.812	2930.82
632.357	65.6524	4558.42
1346.63	-590.993	4747.07
-738.511	-212.059	4623.55
-639.179	699.788	4918.07
-68.2365	365.645	4021.2
-54.8269	178.558	3877.62
486.534	197.44	4162.01
1134.06	1294.97	3520.9
575.517	1285.55	3332.62
294.064	-90.3466	4140.12
-498.947	890.112	3414.66
279.151	-286.783	3237.69
580.273	1129.73	4678.07
-737.268	522.345	3099.31
337.099	-115.609	3995.02
-842.68	491.713	4200.39
-404.763	-518.01	4201.36
25.0534	701.863	5083.81
1358.51	-688.06	4961.81
-303.404	-119.168	4936.37
986.942	-423.927	4079.48
31.4051	-241.655	3613.96
38.0728	887.616	4903.97
302.379	-637.497	4615.73
-654.224	-24.6158	4243.45
-866.236	518.858	4410.86
185.959	-709.502	5097.49
434.014	176.129	4667.63
-177.813	76.0896	4994.46
-428.772	131.516	4244.41
95.3059	1028.62	3983.77
297.486	866.476	3580.56
177.449	1035.07	5145.36
622.371	-434.897	4469.41
598.308	355.239	3259.7
41.489	-789.587	4175.01
580.607	859.866	3732.01
885.621	360.724	4578.25
-595.344	-25.3101	3381.62
387.09	1042.7	4932.34
527.603	-834.895	5075.97
80.0173	94.8476	5056.47
-778.823	241.314	4107.05
-700.947	181.954	3682.62
168.924	304.844	4613.49
-625.125	-136.112	4530.1
888.957	1074.67	4274.91
-292.913	1047.13	3632.7
240.585	185.001	3927.9
-651.831	-198.812	2930.82
632.357	65.6524	4558.42
1346.63	-590.993	4747.07
-738.511	-212.059	4623.55
-639.179	699.788	4918.07
-68.2365	365.645	4021.2
-54.8269	178.558	3877.62
486.534	197.44	4162.01
1134.06	1294.97	3520.9
575.517	1285.55	3332.62
294.064	-90.3466	4140.12
-498.947	890.112	3414.66
279.151	-286.783	3237.69
580.273	1129.73	4678.07
-737.268	522.345	3099.31
337.099	-115.609	3995.02
-842.68	491.713	4200.39
-404.763	-518.01	4201.36
25.0534	701.863	5083.81
1358.51	-688.06	4961.81
-303.404	-119.168	4936.37
986.942	-423.927	4079.48
31.4051	-241.655	3613.96
38.0728	887.616	4903.97
302.379	-637.497	4615.73
-654.224	-24.6158	4243.45
-866.236	518.858	4410.86
185.959	-709.502	5097.49
434.014	176.129	4667.63
-177.813	76.0896	4994.46
-428.772	131.516	4244.41
95.3059	1028.62	3983.77
297.486	866.476	3580.56
177.449	1035.07	5145.36
622.371	-434.897	4469.41
598.308	355.239	3259.7
41.489	-789.587	4175.01
580.607	859.866	3732.01
885.621	360.724	4578.25
-595.344	-25.3101	3381.62
387.09	1042.7	4932.34
527.603	-834.895	5075.97
80.0173	94.8476	5056.47
-778.823	241.314	4107.05
-700.947	181.954	3682.62
168.924	304.844	4613.49
-625.125	-136.112	4530.1
888.957	1074.67	4274.91
-292.913	1047.13	3632.7
240.585	185.001	3927.9
-651.831	-198.812	2930.82
632.357	65.6524	4558.42
1346.63	-590.993	4747.07
-738.511	-212.059	4623.55
