-659.077	721.573	5071.18
-68.5092	367.106	4037.26
-54.9758	179.043	3888.16
474.635	192.611	4060.22
1083.66	1237.41	3364.42
565.194	1262.5	3272.85
289.017	-88.7961	4069.07
-515.164	919.044	3525.65
275.318	-282.845	3193.23
565.723	1101.4	4560.76
-769.707	545.328	3235.67
330.788	-113.444	3920.22
-879.689	513.308	4384.86
-410.385	-525.205	4259.72
24.9736	699.625	5067.61
1260.7	-638.519	4604.55
-305.868	-120.135	4976.45
936.827	-402.401	3872.33
31.3059	-240.891	3602.54
38.0062	886.062	4895.39
295.362	-622.703	4508.61
-673.84	-25.3539	4370.68
-904.634	541.857	4606.38
182.182	-695.09	4993.95
423.449	171.841	4554.01
-178.337	76.3141	5009.2
-437.114	134.074	4326.99
95.364	1029.25	3986.2
294.955	859.106	3550.1
175.917	1026.13	5100.93
599.91	-419.202	4308.11
583.512	346.454	3179.09
41.0803	-781.809	4133.88
567.425	840.344	3647.28
847.093	345.031	4379.08
-613.86	-26.0973	3486.8
380.252	1024.28	4845.2
508.154	-804.118	4888.86
79.2338	93.9189	5006.96
-809.303	250.759	4267.78
-726.654	188.627	3817.68
167.119	301.586	4564.19
-641.556	-139.69	4649.17
855.246	1033.92	4112.8
-299.324	1070.05	3712.21
237.733	182.809	3881.34
-674.654	-205.773	3033.44
611.005	63.4355	4404.5
1252.25	-549.576	4414.39
-761.542	-218.673	4767.73
-659.077	721.573	5071.18
-68.5092	367.106	4037.26
-54.9758	179.043	3888.16
474.635	192.611	4060.22
1083.66	1237.41	3364.42
565.194	1262.5	3272.85
289.017	-88.7961	4069.07
-515.164	919.044	3525.65
275.318	-282.845	3193.23
565.723	1101.4	4560.76
-769.707	545.328	3235.67
330.788	-113.444	3920.22
-879.689	513.308	4384.86
-410.385	-525.205	4259.72
24.9736	699.625	5067.61
1260.7	-638.519	4604.55
-305.868	-120.135	4976.45
936.827	-402.401	3872.33
31.3059	-240.891	3602.54
38.0062	886.062	4895.39
295.362	-622.703	4508.61
-673.84	-25.3539	4370.68
-904.634	541.857	4606.38
182.182	-695.09	4993.95
423.449	171.841	4554.01
-178.337	76.3141	5009.2
-437.114	134.074	4326.99
95.364	1029.25	3986.2
294.955	859.106	3550.1
175.917	1026.13	5100.93
599.91	-419.202	4308.11
583.512	346.454	3179.09
41.0803	-781.809	4133.88
567.425	840.344	3647.28
847.093	345.031	4379.08
-613.86	-26.0973	3486.8
380.252	1024.28	4845.2
508.154	-804.118	4888.86
79.2338	93.9189	5006.96
-809.303	250.759	4267.78
-726.654	188.627	3817.68
167.119	301.586	4564.19
-641.556	-139.69	4649.17
855.246	1033.92	4112.8
-299.324	1070.05	3712.21
237.733	182.809	3881.34
-674.654	-205.773	3033.44
611.005	63.4355	4404.5
1252.25	-549.576	4414.39
-761.542	-218.673	4767.73
-659.077	721.573	5071.18
-68.5092	367.106	4037.26
-54.9758	179.043	3888.16
474.635	192.611	4060.22
1083.66	1237.41	3364.42
565.194	1262.5	3272.85
289.017	-88.7961	4069.07
-515.164	919.044	3525.65
275.318	-282.845	3193.23
565.723	1101.4	4560.76
-769.707	545.328	3235.67
330.788	-113.444	3920.22
-879.689	513.308	4384.86
-410.385	-525.205	4259.72
24.9736	699.625	5067.61
1260.7	-638.519	4604.55
-305.868	-120.135	4976.45
936.827	-402.401	3872.33
31.3059	-240.891	3602.54
38.0062	886.062	4895.39
295.362	-622.703	4508.61
-673.84	-25.3539	4370.68
-904.634	541.857	4606.38
182.182	-695.09	4993.95
423.449	171.841	4554.01
-178.337	76.3141	5009.2
-437.114	134.074	4326.99
95.364	1029.25	3986.2
294.955	859.106	3550.1
175.917	1026.13	5100.93
599.91	-419.202	4308.11
583.512	346.454	3179.09
41.0803	-781.809	4133.88
567.425	840.344	3647.28
847.093	345.031	4379.08
-613.86	-26.0973	3486.8
380.252	1024.28	4845.2
508.154	-804.118	4888.86
79.2338	93.9189	5006.96
-809.303	250.759	4267.78
-726.654	188.627	3817.68
167.119	301.586	4564.19
-641.556	-139.69	4649.17
855.246	1033.92	4112.8
-299.324	1070.05	3712.21
237.733	182.809	3881.34
-674.654	-205.773	3033.44
611.005	63.4355	4404.5
1252.25	-549.576	4414.39
-761.542	-218.673	4767.73
-659.077	721.573	5071.18
-68.5092	367.106	4037.26
-54.9758	179.043	3888.16
474.635	192.611	4060.22
1083.66	1237.41	3364.42
565.194	1262.5	3272.85
289.017	-88.7961	4069.07
-515.164	919.044	3525.65
275.318	-282.845	3193.23
565.723	1101.4	4560.76
-769.707	545.328	3235.67
330.788	-113.444	3920.22
-879.689	513.308	4384.86
-410.385	-525.205	4259.72
24.9736	699.625	5067.61
1260.7	-638.519	4604.55
-305.868	-120.135	4976.45
936.827	-402.401	3872.33
31.3059	-240.891	3602.54
38.0062	886.062	4895.39
295.362	-622.703	4508.61
-673.84	-25.3539	4370.68
-904.634	541.857	4606.38
182.182	-695.09	4993.95
423.449	171.841	4554.01
-178.337	76.3141	5009.2
-437.114	134.074	4326.99
95.364	1029.25	3986.2
294.955	859.106	3550.1
175.917	1026.13	5100.93
599.91	-419.202	4308.11
583.512	346.454	3179.09
41.0803	-781.809	4133.88
567.425	840.344	3647.28
847.093	345.031	4379.08
-613.86	-26.0973	3486.8
380.252	1024.28	4845.2
508.154	-804.118	4888.86
79.2338	93.9189	5006.96
-809.303	250.759	4267.78
-726.654	188.627	3817.68
167.119	301.586	4564.19
-641.556	-139.69	4649.17
855.246	1033.92	4112.8
-299.324	1070.05	3712.21
237.733	182.809	3881.34
-674.654	-205.773	3033.44
611.005	63.4355	4404.5
1252.25	-549.576	4414.39
-761.542	-218.673	4767.73
-659.077	721.573	5071.18
-68.5092	367.106	4037.26
-54.9758	179.043	3888.16
474.635	192.611	4060.22
1083.66	1237.41	3364.42
565.194	1262.5	3272.85
289.017	-88.7961	4069.07
-515.164	919.044	3525.65
275.318	-282.845	3193.23
565.723	1101.4	4560.76
-769.707	545.328	3235.67
330.788	-113.444	3920.22
-879.689	513.308	4384.86
-410.385	-525.205	4259.72
24.9736	699.625	5067.61
1260.7	-638.519	4604.55
-305.868	-120.135	4976.45
936.827	-402.401	3872.33
31.3059	-240.891	3602.54
38.0062	886.062	4895.39
295.362	-622.703	4508.61
-673.84	-25.3539	4370.68
-904.634	541.857	4606.38
182.182	-695.09	4993.95
423.449	171.841	4554.01
-178.337	76.3141	5009.2
-437.114	134.074	4326.99
95.364	1029.25	3986.2
294.955	859.106	3550.1
175.917	1026.13	5100.93
599.91	-419.202	4308.11
583.512	346.454	3179.09
41.0803	-781.809	4133.88
567.425	840.344	3647.28
847.093	345.031	4379.08
-613.86	-26.0973	3486.8
380.252	1024.28	4845.2
508.154	-804.118	4888.86
79.2338	93.9189	5006.96
-809.303	250.759	4267.78
-726.654	188.627	3817.68
167.119	301.586	4564.19
-641.556	-139.69	4649.17
855.246	1033.92	4112.8
-299.324	1070.05	3712.21
237.733	182.809	3881.34
-674.654	-205.773	3033.44
611.005	63.4355	4404.5
1252.25	-549.576	4414.39
-761.542	-218.673	4767.73
