1550.06	-280.296	3126.77
2603.17	2442.75	4337.48
2503.26	3503.92	3768.42
2186	-418.319	5233.6
194.552	3081.81	5407.42
422.585	2441.29	3214.29
1210.62	1942.85	4919.46
1323.76	2636	2309.45
1206.89	1021.17	5414.66
1472.85	585.702	5069.27
1218.44	-166.357	3024.04
2048.61	-351.167	3247.08
-195.335	1276.65	3146.15
2502.9	3386.67	3667.36
684.197	2246.31	4523.07
2707.21	1977.55	3156.02
-1242.66	2700.98	3813.66
2281.97	1553.66	4635.66
-961.481	1694.33	2252.06
2998.9	15.3055	4429.06
-1043.63	1967.43	5186.42
456.849	454.352	3447.43
920.335	1323.35	4491.2
1142.03	1757.89	2484.04
-269.577	2402.97	4771.83
2764.65	2194.2	2668.3
3112.56	752.552	2596.01
2802.75	2172.41	2121.57
1869.35	2062.87	3861.37
655.838	2010.76	3958.61
843.399	-699.998	5592.45
2368.62	1348.42	3232.97
2147.81	38.944	4713.08
114.164	2094.13	5851.4
1571.63	1539.22	3578.75
739.292	616.449	3125.46
1908.12	2454.38	4614.18
2811.08	931.858	4370.66
-1157.41	2395.52	4083.99
2892.97	1937.9	4031.9
1336.82	2026.8	4241.62
-864.085	-20.3489	5088.28
108.284	1919.02	3733.62
2100.61	86.628	5641.75
-624.685	717.16	5354.5
562.089	724.327	4545.73
1090.62	1661.99	5155.95
2221.82	3376.16	4193.61
1545.3	1283.05	4908.83
1184.5	1271.04	3000.26
1550.06	-280.296	3126.77
2603.17	2442.75	4337.48
2503.26	3503.92	3768.42
2186	-418.319	5233.6
194.552	3081.81	5407.42
422.585	2441.29	3214.29
1210.62	1942.85	4919.46
1323.76	2636	2309.45
1206.89	1021.17	5414.66
1472.85	585.702	5069.27
1218.44	-166.357	3024.04
2048.61	-351.167	3247.08
-195.335	1276.65	3146.15
2502.9	3386.67	3667.36
684.197	2246.31	4523.07
2707.21	1977.55	3156.02
-1242.66	2700.98	3813.66
2281.97	1553.66	4635.66
-961.481	1694.33	2252.06
2998.9	15.3055	4429.06
-1043.63	1967.43	5186.42
456.849	454.352	3447.43
920.335	1323.35	4491.2
1142.03	1757.89	2484.04
-269.577	2402.97	4771.83
2764.65	2194.2	2668.3
3112.56	752.552	2596.01
2802.75	2172.41	2121.57
1869.35	2062.87	3861.37
655.838	2010.76	3958.61
843.399	-699.998	5592.45
2368.62	1348.42	3232.97
2147.81	38.944	4713.08
114.164	2094.13	5851.4
1571.63	1539.22	3578.75
739.292	616.449	3125.46
1908.12	2454.38	4614.18
2811.08	931.858	4370.66
-1157.41	2395.52	4083.99
2892.97	1937.9	4031.9
1336.82	2026.8	4241.62
-864.085	-20.3489	5088.28
108.284	1919.02	3733.62
2100.61	86.628	5641.75
-624.685	717.16	5354.5
562.089	724.327	4545.73
1090.62	1661.99	5155.95
2221.82	3376.16	4193.61
1545.3	1283.05	4908.83
1184.5	1271.04	3000.26
1550.06	-280.296	3126.77
2603.17	2442.75	4337.48
2503.26	3503.92	3768.42
2186	-418.319	5233.6
194.552	3081.81	5407.42
422.585	2441.29	3214.29
1210.62	1942.85	4919.46
1323.76	2636	2309.45
1206.89	1021.17	5414.66
1472.85	585.702	5069.27
1218.44	-166.357	3024.04
2048.61	-351.167	3247.08
-195.335	1276.65	3146.15
2502.9	3386.67	3667.36
684.197	2246.31	4523.07
2707.21	1977.55	3156.02
-1242.66	2700.98	3813.66
2281.97	1553.66	4635.66
-961.481	1694.33	2252.06
2998.9	15.3055	4429.06
-1043.63	1967.43	5186.42
456.849	454.352	3447.43
920.335	1323.35	4491.2
1142.03	1757.89	2484.04
-269.577	2402.97	4771.83
2764.65	2194.2	2668.3
3112.56	752.552	2596.01
2802.75	2172.41	2121.57
1869.35	2062.87	3861.37
655.838	2010.76	3958.61
843.399	-699.998	5592.45
2368.62	1348.42	3232.97
2147.81	38.944	4713.08
114.164	2094.13	5851.4
1571.63	1539.22	3578.75
739.292	616.449	3125.46
1908.12	2454.38	4614.18
2811.08	931.858	4370.66
-1157.41	2395.52	4083.99
2892.97	1937.9	4031.9
1336.82	2026.8	4241.62
-864.085	-20.3489	5088.28
108.284	1919.02	3733.62
2100.61	86.628	5641.75
-624.685	717.16	5354.5
562.089	724.327	4545.73
1090.62	1661.99	5155.95
2221.82	3376.16	4193.61
1545.3	1283.05	4908.83
1184.5	1271.04	3000.26
1550.06	-280.296	3126.77
2603.17	2442.75	4337.48
2503.26	3503.92	3768.42
2186	-418.319	5233.6
194.552	3081.81	5407.42
422.585	2441.29	3214.29
1210.62	1942.85	4919.46
1323.76	2636	2309.45
1206.89	1021.17	5414.66
1472.85	585.702	5069.27
1218.44	-166.357	3024.04
2048.61	-351.167	3247.08
-195.335	1276.65	3146.15
2502.9	3386.67	3667.36
684.197	2246.31	4523.07
2707.21	1977.55	3156.02
-1242.66	2700.98	3813.66
2281.97	1553.66	4635.66
-961.481	1694.33	2252.06
2998.9	15.3055	4429.06
-1043.63	1967.43	5186.42
456.849	454.352	3447.43
920.335	1323.35	4491.2
1142.03	1757.89	2484.04
-269.577	2402.97	4771.83
2764.65	2194.2	2668.3
3112.56	752.552	2596.01
2802.75	2172.41	2121.57
1869.35	2062.87	3861.37
655.838	2010.76	3958.61
843.399	-699.998	5592.45
2368.62	1348.42	3232.97
2147.81	38.944	4713.08
114.164	2094.13	5851.4
1571.63	1539.22	3578.75
739.292	616.449	3125.46
1908.12	2454.38	4614.18
2811.08	931.858	4370.66
-1157.41	2395.52	4083.99
2892.97	1937.9	4031.9
1336.82	2026.8	4241.62
-864.085	-20.3489	5088.28
108.284	1919.02	3733.62
2100.61	86.628	5641.75
-624.685	717.16	5354.5
562.089	724.327	4545.73
1090.62	1661.99	5155.95
2221.82	3376.16	4193.61
1545.3	1283.05	4908.83
1184.5	1271.04	3000.26
1550.06	-280.296	3126.77
2603.17	2442.75	4337.48
2503.26	3503.92	3768.42
2186	-418.319	5233.6
194.552	3081.81	5407.42
422.585	2441.29	3214.29
1210.62	1942.85	4919.46
1323.76	2636	2309.45
1206.89	1021.17	5414.66
1472.85	585.702	5069.27
1218.44	-166.357	3024.04
2048.61	-351.167	3247.08
-195.335	1276.65	3146.15
2502.9	3386.67	3667.36
684.197	2246.31	4523.07
2707.21	1977.55	3156.02
-1242.66	2700.98	3813.66
2281.97	1553.66	4635.66
-961.481	1694.33	2252.06
2998.9	15.3055	4429.06
-1043.63	1967.43	5186.42
456.849	454.352	3447.43
920.335	1323.35	4491.2
1142.03	1757.89	2484.04
-269.577	2402.97	4771.83
2764.65	2194.2	2668.3
3112.56	752.552	2596.01
2802.75	2172.41	2121.57
1869.35	2062.87	3861.37
655.838	2010.76	3958.61
843.399	-699.998	5592.45
2368.62	1348.42	3232.97
2147.81	38.944	4713.08
114.164	2094.13	5851.4
1571.63	1539.22	3578.75
739.292	616.449	3125.46
1908.12	2454.38	4614.18
2811.08	931.858	4370.66
-1157.41	2395.52	4083.99
2892.97	1937.9	4031.9
1336.82	2026.8	4241.62
-864.085	-20.3489	5088.28
108.284	1919.02	3733.62
2100.61	86.628	5641.75
-624.685	717.16	5354.5
562.089	724.327	4545.73
1090.62	1661.99	5155.95
2221.82	3376.16	4193.61
1545.3	1283.05	4908.83
1184.5	1271.04	3000.26
