-17.1533	-13.8782	-117.354
7.07729	-15.393	-103.718
-14.2895	0.0253869	-86.3352
-24.4141	-5.85532	-109.834
-9.52204	-5.97377	-97.6616
-14.0965	-13.5657	-81.4287
20.274	-19.2544	-102.442
10.9234	2.45827	-79.8661
-17.1432	6.37001	-118.106
10.0485	-4.33083	-118.616
-29.9853	-3.40493	-76.7956
-18.214	-4.4348	-86.5909
-20.2712	-19.5751	-89.875
-3.67127	-20.5259	-112.98
-9.08223	-0.212885	-74.9201
-20.0188	0.0352411	-74.8274
10.7525	1.01783	-75.6645
-19.5671	-17.6332	-91.9826
-17.4894	15.573	-101.215
12.5798	-24.7622	-94.283
-25.8163	-10.9428	-89.6283
5.52815	-12.8	-112.162
10.0541	21.906	-115.45
-19.6859	11.8425	-105.094
-8.91893	-10.8722	-85.8238
2.39153	-1.11511	-106.308
-5.74625	-13.2535	-94.7036
-5.98834	-21.9204	-103.246
-8.28065	-16.0819	-74.6476
-2.66725	3.66397	-111.821
12.1349	-7.98665	-98.3261
-23.6902	-23.2444	-84.104
7.17831	-16.5271	-96.5995
-22.7322	-7.24497	-102.834
11.1239	17.9435	-109.051
-9.40157	16.6631	-114.11
-20.3253	4.06821	-103.44
-0.627795	15.6767	-91.6061
-22.0916	-25.4682	-76.4187
-13.0726	-20.4252	-87.5821
6.42281	7.06768	-79.6475
-5.72395	-4.81022	-106.654
0.939255	-20.1851	-99.164
-16.5534	13.8763	-110.405
-8.25533	1.99846	-106.325
-5.89787	9.99934	-105.227
-16.0189	-6.17287	-81.741
11.0018	11.9162	-98.875
15.8844	-19.7946	-102.942
-10.6499	15.2766	-76.6613
-0.00514	-0.00214842	-0.0207628
-0.00102674	-0.00237257	-0.017932
-0.00404631	3.49528e-05	-0.0153161
-0.00613294	-0.000891376	-0.0195954
-0.00352652	-0.000902704	-0.0171955
-0.00391309	-0.00211455	-0.0144438
0.00108641	-0.00297122	-0.0174593
7.35559e-05	0.000439019	-0.0137201
-0.00515568	0.00105089	-0.0209137
-0.000866319	-0.000614617	-0.0204844
-0.00633007	-0.000526164	-0.0139428
-0.00467169	-0.000673139	-0.0154295
-0.00506364	-0.00306528	-0.0160254
-0.00291739	-0.00318857	-0.0197422
-0.00298673	-3.7546e-06	-0.0132288
-0.0047139	2.54209e-05	-0.0134171
0.000133643	0.000209155	-0.0129895
-0.00499611	-0.00275677	-0.0163816
-0.00486153	0.0024959	-0.0179848
3.93013e-05	-0.00385255	-0.0161754
-0.00593594	-0.0017067	-0.0160944
-0.00144668	-0.00196003	-0.0194355
-0.000802107	0.0035288	-0.0199583
-0.00528878	0.00190652	-0.0186984
-0.00318572	-0.00168207	-0.0151159
-0.00182238	-0.000119836	-0.0184851
-0.00286773	-0.00205085	-0.0166022
-0.00308211	-0.00341596	-0.0180873
-0.00285302	-0.00251022	-0.0131507
-0.00273669	0.000633379	-0.0195451
-0.000116146	-0.00120061	-0.016905
-0.00548442	-0.00365104	-0.0150797
-0.000863321	-0.00255527	-0.0166882
-0.00572202	-0.00111295	-0.0183424
-0.000500176	0.0029005	-0.0188189
-0.00384987	0.00268207	-0.0200827
-0.00535497	0.000676864	-0.0184143
-0.00199682	0.00252277	-0.0159952
-0.0050724	-0.00400481	-0.013708
-0.00387801	-0.00319418	-0.0154905
-0.000633847	0.00116302	-0.0137706
-0.00311228	-0.000710836	-0.0186932
-0.00190249	-0.00313757	-0.017248
-0.00490365	0.00223339	-0.0195677
-0.00350625	0.000362356	-0.0186897
-0.00311149	0.00162796	-0.0184623
-0.0042241	-0.000948195	-0.0145414
-0.000308322	0.00194298	-0.0170415
0.000382083	-0.00306031	-0.0176281
-0.00327192	0.00244281	-0.0135769
-0.00514	-0.00214842	-0.0207628
-0.00102674	-0.00237257	-0.017932
-0.00404631	3.49528e-05	-0.0153161
-0.00613294	-0.000891376	-0.0195954
-0.00352652	-0.000902704	-0.0171955
-0.00391309	-0.00211455	-0.0144438
0.00108641	-0.00297122	-0.0174593
7.35559e-05	0.000439019	-0.0137201
-0.00515568	0.00105089	-0.0209137
-0.000866319	-0.000614617	-0.0204844
-0.00633007	-0.000526164	-0.0139428
-0.00467169	-0.000673139	-0.0154295
-0.00506364	-0.00306528	-0.0160254
-0.00291739	-0.00318857	-0.0197422
-0.00298673	-3.7546e-06	-0.0132288
-0.0047139	2.54209e-05	-0.0134171
0.000133643	0.000209155	-0.0129895
-0.00499611	-0.00275677	-0.0163816
-0.00486153	0.0024959	-0.0179848
3.93013e-05	-0.00385255	-0.0161754
-0.00593594	-0.0017067	-0.0160944
-0.00144668	-0.00196003	-0.0194355
-0.000802107	0.0035288	-0.0199583
-0.00528878	0.00190652	-0.0186984
-0.00318572	-0.00168207	-0.0151159
-0.00182238	-0.000119836	-0.0184851
-0.00286773	-0.00205085	-0.0166022
-0.00308211	-0.00341596	-0.0180873
-0.00285302	-0.00251022	-0.0131507
-0.00273669	0.000633379	-0.0195451
-0.000116146	-0.00120061	-0.016905
-0.00548442	-0.00365104	-0.0150797
-0.000863321	-0.00255527	-0.0166882
-0.00572202	-0.00111295	-0.0183424
-0.000500176	0.0029005	-0.0188189
-0.00384987	0.00268207	-0.0200827
-0.00535497	0.000676864	-0.0184143
-0.00199682	0.00252277	-0.0159952
-0.0050724	-0.00400481	-0.013708
-0.00387801	-0.00319418	-0.0154905
-0.000633847	0.00116302	-0.0137706
-0.00311228	-0.000710836	-0.0186932
-0.00190249	-0.00313757	-0.017248
-0.00490365	0.00223339	-0.0195677
-0.00350625	0.000362356	-0.0186897
-0.00311149	0.00162796	-0.0184623
-0.0042241	-0.000948195	-0.0145414
-0.000308322	0.00194298	-0.0170415
0.000382083	-0.00306031	-0.0176281
-0.00327192	0.00244281	-0.0135769
-0.00514	-0.00214842	-0.0207628
-0.00102674	-0.00237257	-0.017932
-0.00404631	3.49528e-05	-0.0153161
-0.00613294	-0.000891376	-0.0195954
-0.00352652	-0.000902704	-0.0171955
-0.00391309	-0.00211455	-0.0144438
0.00108641	-0.00297122	-0.0174593
7.35559e-05	0.000439019	-0.0137201
-0.00515568	0.00105089	-0.0209137
-0.000866319	-0.000614617	-0.0204844
-0.00633007	-0.000526164	-0.0139428
-0.00467169	-0.000673139	-0.0154295
-0.00506364	-0.00306528	-0.0160254
-0.00291739	-0.00318857	-0.0197422
-0.00298673	-3.7546e-06	-0.0132288
-0.0047139	2.54209e-05	-0.0134171
0.000133643	0.000209155	-0.0129895
-0.00499611	-0.00275677	-0.0163816
-0.00486153	0.0024959	-0.0179848
3.93013e-05	-0.00385255	-0.0161754
-0.00593594	-0.0017067	-0.0160944
-0.00144668	-0.00196003	-0.0194355
-0.000802107	0.0035288	-0.0199583
-0.00528878	0.00190652	-0.0186984
-0.00318572	-0.00168207	-0.0151159
-0.00182238	-0.000119836	-0.0184851
-0.00286773	-0.00205085	-0.0166022
-0.00308211	-0.00341596	-0.0180873
-0.00285302	-0.00251022	-0.0131507
-0.00273669	0.000633379	-0.0195451
-0.000116146	-0.00120061	-0.016905
-0.00548442	-0.00365104	-0.0150797
-0.000863321	-0.00255527	-0.0166882
-0.00572202	-0.00111295	-0.0183424
-0.000500176	0.0029005	-0.0188189
-0.00384987	0.00268207	-0.0200827
-0.00535497	0.000676864	-0.0184143
-0.00199682	0.00252277	-0.0159952
-0.0050724	-0.00400481	-0.013708
-0.00387801	-0.00319418	-0.0154905
-0.000633847	0.00116302	-0.0137706
-0.00311228	-0.000710836	-0.0186932
-0.00190249	-0.00313757	-0.017248
-0.00490365	0.00223339	-0.0195677
-0.00350625	0.000362356	-0.0186897
-0.00311149	0.00162796	-0.0184623
-0.0042241	-0.000948195	-0.0145414
-0.000308322	0.00194298	-0.0170415
0.000382083	-0.00306031	-0.0176281
-0.00327192	0.00244281	-0.0135769
-0.00514	-0.00214842	-0.0207628
-0.00102674	-0.00237257	-0.017932
-0.00404631	3.49528e-05	-0.0153161
-0.00613294	-0.000891376	-0.0195954
-0.00352652	-0.000902704	-0.0171955
-0.00391309	-0.00211455	-0.0144438
0.00108641	-0.00297122	-0.0174593
7.35559e-05	0.000439019	-0.0137201
-0.00515568	0.00105089	-0.0209137
-0.000866319	-0.000614617	-0.0204844
-0.00633007	-0.000526164	-0.0139428
-0.00467169	-0.000673139	-0.0154295
-0.00506364	-0.00306528	-0.0160254
-0.00291739	-0.00318857	-0.0197422
-0.00298673	-3.7546e-06	-0.0132288
-0.0047139	2.54209e-05	-0.0134171
0.000133643	0.000209155	-0.0129895
-0.00499611	-0.00275677	-0.0163816
-0.00486153	0.0024959	-0.0179848
3.93013e-05	-0.00385255	-0.0161754
-0.00593594	-0.0017067	-0.0160944
-0.00144668	-0.00196003	-0.0194355
-0.000802107	0.0035288	-0.0199583
-0.00528878	0.00190652	-0.0186984
-0.00318572	-0.00168207	-0.0151159
-0.00182238	-0.000119836	-0.0184851
-0.00286773	-0.00205085	-0.0166022
-0.00308211	-0.00341596	-0.0180873
-0.00285302	-0.00251022	-0.0131507
-0.00273669	0.000633379	-0.0195451
-0.000116146	-0.00120061	-0.016905
-0.00548442	-0.00365104	-0.0150797
-0.000863321	-0.00255527	-0.0166882
-0.00572202	-0.00111295	-0.0183424
-0.000500176	0.0029005	-0.0188189
-0.00384987	0.00268207	-0.0200827
-0.00535497	0.000676864	-0.0184143
-0.00199682	0.00252277	-0.0159952
-0.0050724	-0.00400481	-0.013708
-0.00387801	-0.00319418	-0.0154905
-0.000633847	0.00116302	-0.0137706
-0.00311228	-0.000710836	-0.0186932
-0.00190249	-0.00313757	-0.017248
-0.00490365	0.00223339	-0.0195677
-0.00350625	0.000362356	-0.0186897
-0.00311149	0.00162796	-0.0184623
-0.0042241	-0.000948195	-0.0145414
-0.000308322	0.00194298	-0.0170415
0.000382083	-0.00306031	-0.0176281
-0.00327192	0.00244281	-0.0135769
