-971.809	-142.498	-1124.85
-893.609	-118.479	-1037.89
-711.655	-133.409	-820.326
-896.076	-152.862	-1033.99
-815.732	-134.484	-942.996
-671.173	-87.7213	-777.846
-903.502	-106.449	-1052.1
-695.63	-131.644	-804.065
-976.844	-200.391	-1124.32
-1024.1	-172.795	-1185.51
-606.445	-108.057	-697.997
-708.04	-121.082	-817.08
-733.79	-83.6521	-851.322
-956.007	-117.866	-1110.29
-622.726	-115.306	-718.3
-604.949	-115.218	-696.382
-659.75	-121.069	-763.05
-752.665	-92.4088	-872.601
-832.106	-199.901	-954.207
-822.589	-77.8906	-959.444
-722.502	-107.127	-834.915
-962.806	-138.776	-1116.82
-995.418	-241.375	-1144.16
-861.925	-195.351	-989.558
-716.382	-102.4	-829.843
-907.385	-162.228	-1048.77
-796.944	-109.714	-924.026
-869.768	-98.6967	-1010.83
-622.731	-70.4737	-723.374
-946.065	-183.888	-1091.34
-855.125	-131.143	-991.717
-679.681	-64.2044	-789.561
-833.338	-104.245	-968.634
-839.282	-138.189	-969.019
-942.956	-220.392	-1084.93
-954.192	-223.468	-1095.85
-847.4	-170.964	-975.138
-776.594	-186.244	-892.066
-616.99	-46.1247	-718.034
-725.53	-78.1279	-842.907
-686.475	-143.954	-791.508
-897.979	-151.94	-1038.09
-845.701	-97.6183	-983.317
-911.793	-209.486	-1046.9
-890.79	-170.354	-1027.35
-884.574	-191.199	-1017.94
-670.342	-108.804	-774.341
-856.681	-187.685	-987.143
-900.984	-105.458	-1048.84
-634.04	-161.312	-726.329
-189.821	-156.988	-1313.98
79.967	-170.833	-1160.13
-159.455	-1.85937	-966.774
-271.505	-68.6032	-1230.23
-105.77	-68.0569	-1093.25
-155.647	-152.971	-911.846
227.23	-212.172	-1145.16
120.743	28.2874	-893.071
-192.145	68.2085	-1322.43
111.601	-47.5101	-1326.69
-333.578	-41.8694	-860.851
-202.574	-51.9424	-969.834
-223.657	-220.597	-1006.67
-39.0309	-229.267	-1264.33
-101.437	-3.82384	-838.774
-223.117	-2.39013	-838.311
119.041	12.2661	-846.065
-216.071	-198.923	-1030.22
-197.003	170.601	-1133.45
142.354	-274.324	-1054.26
-286.373	-125.26	-1004.21
62.3746	-142.221	-1254.71
108.53	244.31	-1291.3
-221.01	128.827	-1176.97
-98.4037	-122.408	-960.756
26.1152	-12.6154	-1189.38
-62.8785	-148.549	-1059.94
-64.5801	-245.012	-1155.53
-90.6128	-180.219	-835.662
-30.7618	39.8976	-1251.33
135.366	-87.8207	-1099.55
-261.214	-261.794	-942.27
81.2685	-183.399	-1080.48
-252.589	-83.8217	-1151.81
120.943	200.399	-1219.64
-107.245	183.645	-1277.32
-227.178	42.2916	-1158.48
-9.40119	173.845	-1025.06
-243.12	-286.296	-856.191
-143.469	-229.167	-980.635
70.1295	79.008	-890.867
-63.7145	-54.698	-1193.67
12.2935	-224.852	-1109.49
-186.441	151.801	-1236.24
-92.688	20.7221	-1190.13
-67.4198	109.998	-1177.73
-177.92	-70.9838	-915.45
120.369	133.397	-1105.77
178.465	-218.714	-1150.99
-120.745	168.251	-858.359
-83.8382	-67.9986	-574.332
34.6958	-75.2656	-507.591
-69.9072	0.03088	-422.525
-119.4	-28.7961	-537.53
-46.5536	-29.2874	-477.955
-68.8835	-66.4477	-398.514
99.2698	-94.0763	-501.341
53.4079	12.0788	-390.857
-83.9066	31.0452	-578.011
49.1633	-21.1396	-580.5
-146.662	-16.8387	-375.843
-89.0777	-21.8089	-423.778
-99.053	-95.8798	-439.853
-17.8519	-100.436	-552.925
-44.4331	-1.10297	-366.658
-97.9304	0.0470729	-366.208
52.5812	5.03246	-370.295
-95.6205	-86.3769	-450.167
-85.6514	76.0613	-495.344
61.6668	-121.062	-461.416
-126.227	-53.6874	-438.645
27.1022	-62.5918	-548.918
49.0386	107.198	-565.002
-96.3742	57.8006	-514.331
-43.5736	-53.2432	-420.022
11.6922	-5.45305	-520.267
-28.0417	-64.8736	-463.478
-29.1765	-107.27	-505.287
-40.4199	-78.7211	-365.326
-13.0811	17.8936	-547.246
59.3925	-39.0074	-481.201
-115.755	-113.847	-411.611
35.1974	-80.8113	-472.753
-111.164	-35.583	-503.272
54.2953	87.8222	-533.685
-46.0978	81.4391	-558.451
-99.4565	19.7691	-506.235
-3.17261	76.6678	-448.314
-107.922	-124.715	-373.999
-63.836	-99.9958	-428.629
31.3668	34.5995	-389.789
-27.9831	-23.5749	-521.961
4.70007	-98.7411	-485.306
-81.0641	67.7664	-540.322
-40.4048	9.71491	-520.35
-28.9197	48.8649	-514.975
-78.3297	-30.2973	-400.042
53.7345	58.3404	-483.885
77.8011	-96.7442	-503.793
-52.1914	74.6542	-375.178
-83.8382	-67.9986	-574.332
34.6958	-75.2656	-507.591
-69.9072	0.03088	-422.525
-119.4	-28.7961	-537.53
-46.5536	-29.2874	-477.955
-68.8835	-66.4477	-398.514
99.2698	-94.0763	-501.341
53.4079	12.0788	-390.857
-83.9066	31.0452	-578.011
49.1633	-21.1396	-580.5
-146.662	-16.8387	-375.843
-89.0777	-21.8089	-423.778
-99.053	-95.8798	-439.853
-17.8519	-100.436	-552.925
-44.4331	-1.10297	-366.658
-97.9304	0.0470729	-366.208
52.5812	5.03246	-370.295
-95.6205	-86.3769	-450.167
-85.6514	76.0613	-495.344
61.6668	-121.062	-461.416
-126.227	-53.6874	-438.645
27.1022	-62.5918	-548.918
49.0386	107.198	-565.002
-96.3742	57.8006	-514.331
-43.5736	-53.2432	-420.022
11.6922	-5.45305	-520.267
-28.0417	-64.8736	-463.478
-29.1765	-107.27	-505.287
-40.4199	-78.7211	-365.326
-13.0811	17.8936	-547.246
59.3925	-39.0074	-481.201
-115.755	-113.847	-411.611
35.1974	-80.8113	-472.753
-111.164	-35.583	-503.272
54.2953	87.8222	-533.685
-46.0978	81.4391	-558.451
-99.4565	19.7691	-506.235
-3.17261	76.6678	-448.314
-107.922	-124.715	-373.999
-63.836	-99.9958	-428.629
31.3668	34.5995	-389.789
-27.9831	-23.5749	-521.961
4.70007	-98.7411	-485.306
-81.0641	67.7664	-540.322
-40.4048	9.71491	-520.35
-28.9197	48.8649	-514.975
-78.3297	-30.2973	-400.042
53.7345	58.3404	-483.885
77.8011	-96.7442	-503.793
-52.1914	74.6542	-375.178
-83.8382	-67.9986	-574.332
34.6958	-75.2656	-507.591
-69.9072	0.03088	-422.525
-119.4	-28.7961	-537.53
-46.5536	-29.2874	-477.955
-68.8835	-66.4477	-398.514
99.2698	-94.0763	-501.341
53.4079	12.0788	-390.857
-83.9066	31.0452	-578.011
49.1633	-21.1396	-580.5
-146.662	-16.8387	-375.843
-89.0777	-21.8089	-423.778
-99.053	-95.8798	-439.853
-17.8519	-100.436	-552.925
-44.4331	-1.10297	-366.658
-97.9304	0.0470729	-366.208
52.5812	5.03246	-370.295
-95.6205	-86.3769	-450.167
-85.6514	76.0613	-495.344
61.6668	-121.062	-461.416
-126.227	-53.6874	-438.645
27.1022	-62.5918	-548.918
49.0386	107.198	-565.002
-96.3742	57.8006	-514.331
-43.5736	-53.2432	-420.022
11.6922	-5.45305	-520.267
-28.0417	-64.8736	-463.478
-29.1765	-107.27	-505.287
-40.4199	-78.7211	-365.326
-13.0811	17.8936	-547.246
59.3925	-39.0074	-481.201
-115.755	-113.847	-411.611
35.1974	-80.8113	-472.753
-111.164	-35.583	-503.272
54.2953	87.8222	-533.685
-46.0978	81.4391	-558.451
-99.4565	19.7691	-506.235
-3.17261	76.6678	-448.314
-107.922	-124.715	-373.999
-63.836	-99.9958	-428.629
31.3668	34.5995	-389.789
-27.9831	-23.5749	-521.961
4.70007	-98.7411	-485.306
-81.0641	67.7664	-540.322
-40.4048	9.71491	-520.35
-28.9197	48.8649	-514.975
-78.3297	-30.2973	-400.042
53.7345	58.3404	-483.885
77.8011	-96.7442	-503.793
-52.1914	74.6542	-375.178
