211.865	134.621	2733.32
615.667	195.427	3071.48
-41.3859	680.616	3891.82
481.297	-0.44531	3520.99
466.795	457.084	2937.47
-275.013	319.949	3956.23
-534.357	-887.638	4283.8
814.638	19.1574	2159.77
843.857	-368.606	2489.02
828.812	33.6852	2441.21
379.473	412.01	3193.59
11.914	700.676	2593.16
471.909	-97.9803	2399.12
-450.009	-749.783	2957.6
213.115	421.827	3233.48
-623.99	808.899	4336.57
66.6598	-374.688	3269.5
-230.73	-776.615	3632.64
402.04	458.506	3511.58
627.513	162.88	3328.65
240.29	-243.182	3043.76
-364.687	-382.274	3104.09
266.775	-145.074	2445.97
515.155	113.329	2956.16
379.349	95.1228	3779.3
-548.695	590.513	3831.91
154.644	41.8658	3198.66
464.064	-433.857	3384.85
237.197	762.348	3951.68
342.736	887.142	2764.21
385.511	-459.807	3548.13
-324.464	401.288	2673.03
-546.268	514.043	4106.39
244.855	599.435	3296.17
409.085	200.484	3308.8
95.5954	352.719	2768.77
399.503	-35.0211	3079.6
-70.1224	-347.547	2933.38
-545.766	147.686	3414.93
-7.81814	-190.215	2620.61
436.937	223.265	3665.74
-1.47469	-164.165	3047.35
511.548	-107.084	3073.34
758.43	340.276	3239.34
109.037	200.457	3430.73
725.764	379.827	2947.4
483.814	653.474	2299.02
-744.924	596.389	3666.5
514.576	733.548	2835.92
320.232	802.029	3125.95
211.865	134.621	2733.32
615.667	195.427	3071.48
-41.3859	680.616	3891.82
481.297	-0.44531	3520.99
466.795	457.084	2937.47
-275.013	319.949	3956.23
-534.357	-887.638	4283.8
814.638	19.1574	2159.77
843.857	-368.606	2489.02
828.812	33.6852	2441.21
379.473	412.01	3193.59
11.914	700.676	2593.16
471.909	-97.9803	2399.12
-450.009	-749.783	2957.6
213.115	421.827	3233.48
-623.99	808.899	4336.57
66.6598	-374.688	3269.5
-230.73	-776.615	3632.64
402.04	458.506	3511.58
627.513	162.88	3328.65
240.29	-243.182	3043.76
-364.687	-382.274	3104.09
266.775	-145.074	2445.97
515.155	113.329	2956.16
379.349	95.1228	3779.3
-548.695	590.513	3831.91
154.644	41.8658	3198.66
464.064	-433.857	3384.85
237.197	762.348	3951.68
342.736	887.142	2764.21
385.511	-459.807	3548.13
-324.464	401.288	2673.03
-546.268	514.043	4106.39
244.855	599.435	3296.17
409.085	200.484	3308.8
95.5954	352.719	2768.77
399.503	-35.0211	3079.6
-70.1224	-347.547	2933.38
-545.766	147.686	3414.93
-7.81814	-190.215	2620.61
436.937	223.265	3665.74
-1.47469	-164.165	3047.35
511.548	-107.084	3073.34
758.43	340.276	3239.34
109.037	200.457	3430.73
725.764	379.827	2947.4
483.814	653.474	2299.02
-744.924	596.389	3666.5
514.576	733.548	2835.92
320.232	802.029	3125.95
211.865	134.621	2733.32
615.667	195.427	3071.48
-41.3859	680.616	3891.82
481.297	-0.44531	3520.99
466.795	457.084	2937.47
-275.013	319.949	3956.23
-534.357	-887.638	4283.8
814.638	19.1574	2159.77
843.857	-368.606	2489.02
828.812	33.6852	2441.21
379.473	412.01	3193.59
11.914	700.676	2593.16
471.909	-97.9803	2399.12
-450.009	-749.783	2957.6
213.115	421.827	3233.48
-623.99	808.899	4336.57
66.6598	-374.688	3269.5
-230.73	-776.615	3632.64
402.04	458.506	3511.58
627.513	162.88	3328.65
240.29	-243.182	3043.76
-364.687	-382.274	3104.09
266.775	-145.074	2445.97
515.155	113.329	2956.16
379.349	95.1228	3779.3
-548.695	590.513	3831.91
154.644	41.8658	3198.66
464.064	-433.857	3384.85
237.197	762.348	3951.68
342.736	887.142	2764.21
385.511	-459.807	3548.13
-324.464	401.288	2673.03
-546.268	514.043	4106.39
244.855	599.435	3296.17
409.085	200.484	3308.8
95.5954	352.719	2768.77
399.503	-35.0211	3079.6
-70.1224	-347.547	2933.38
-545.766	147.686	3414.93
-7.81814	-190.215	2620.61
436.937	223.265	3665.74
-1.47469	-164.165	3047.35
511.548	-107.084	3073.34
758.43	340.276	3239.34
109.037	200.457	3430.73
725.764	379.827	2947.4
483.814	653.474	2299.02
-744.924	596.389	3666.5
514.576	733.548	2835.92
320.232	802.029	3125.95
211.865	134.621	2733.32
615.667	195.427	3071.48
-41.3859	680.616	3891.82
481.297	-0.44531	3520.99
466.795	457.084	2937.47
-275.013	319.949	3956.23
-534.357	-887.638	4283.8
814.638	19.1574	2159.77
843.857	-368.606	2489.02
828.812	33.6852	2441.21
379.473	412.01	3193.59
11.914	700.676	2593.16
471.909	-97.9803	2399.12
-450.009	-749.783	2957.6
213.115	421.827	3233.48
-623.99	808.899	4336.57
66.6598	-374.688	3269.5
-230.73	-776.615	3632.64
402.04	458.506	3511.58
627.513	162.88	3328.65
240.29	-243.182	3043.76
-364.687	-382.274	3104.09
266.775	-145.074	2445.97
515.155	113.329	2956.16
379.349	95.1228	3779.3
-548.695	590.513	3831.91
154.644	41.8658	3198.66
464.064	-433.857	3384.85
237.197	762.348	3951.68
342.736	887.142	2764.21
385.511	-459.807	3548.13
-324.464	401.288	2673.03
-546.268	514.043	4106.39
244.855	599.435	3296.17
409.085	200.484	3308.8
95.5954	352.719	2768.77
399.503	-35.0211	3079.6
-70.1224	-347.547	2933.38
-545.766	147.686	3414.93
-7.81814	-190.215	2620.61
436.937	223.265	3665.74
-1.47469	-164.165	3047.35
511.548	-107.084	3073.34
758.43	340.276	3239.34
109.037	200.457	3430.73
725.764	379.827	2947.4
483.814	653.474	2299.02
-744.924	596.389	3666.5
514.576	733.548	2835.92
320.232	802.029	3125.95
211.865	134.621	2733.32
615.667	195.427	3071.48
-41.3859	680.616	3891.82
481.297	-0.44531	3520.99
466.795	457.084	2937.47
-275.013	319.949	3956.23
-534.357	-887.638	4283.8
814.638	19.1574	2159.77
843.857	-368.606	2489.02
828.812	33.6852	2441.21
379.473	412.01	3193.59
11.914	700.676	2593.16
471.909	-97.9803	2399.12
-450.009	-749.783	2957.6
213.115	421.827	3233.48
-623.99	808.899	4336.57
66.6598	-374.688	3269.5
-230.73	-776.615	3632.64
402.04	458.506	3511.58
627.513	162.88	3328.65
240.29	-243.182	3043.76
-364.687	-382.274	3104.09
266.775	-145.074	2445.97
515.155	113.329	2956.16
379.349	95.1228	3779.3
-548.695	590.513	3831.91
154.644	41.8658	3198.66
464.064	-433.857	3384.85
237.197	762.348	3951.68
342.736	887.142	2764.21
385.511	-459.807	3548.13
-324.464	401.288	2673.03
-546.268	514.043	4106.39
244.855	599.435	3296.17
409.085	200.484	3308.8
95.5954	352.719	2768.77
399.503	-35.0211	3079.6
-70.1224	-347.547	2933.38
-545.766	147.686	3414.93
-7.81814	-190.215	2620.61
436.937	223.265	3665.74
-1.47469	-164.165	3047.35
511.548	-107.084	3073.34
758.43	340.276	3239.34
109.037	200.457	3430.73
725.764	379.827	2947.4
483.814	653.474	2299.02
-744.924	596.389	3666.5
514.576	733.548	2835.92
320.232	802.029	3125.95
