207.054	131.564	2671.25
585.993	186.008	2923.45
-41.2033	677.613	3874.64
460.749	-0.426299	3370.67
449.727	440.371	2830.06
-277.175	322.464	3987.32
-541.627	-899.715	4342.08
766.263	18.0198	2031.52
789.052	-344.667	2327.37
778.448	31.6382	2292.87
367.284	398.775	3091
11.8622	697.628	2581.88
452.947	-94.0434	2302.72
-455.724	-759.305	2995.16
208.515	412.721	3163.69
-646.334	837.864	4491.85
65.3834	-367.513	3206.9
-229.768	-773.378	3617.49
388.397	442.946	3392.41
596.263	154.769	3162.89
233.434	-236.243	2956.92
-368.276	-386.036	3134.64
259.34	-141.031	2377.8
493.284	108.518	2830.65
365.604	91.6764	3642.37
-565.025	608.087	3945.95
151.393	40.9856	3131.41
443.239	-414.388	3232.95
231.974	745.559	3864.65
334.277	865.246	2695.99
369.833	-441.108	3403.84
-329.491	407.505	2714.44
-561.611	528.48	4221.73
239.407	586.099	3222.84
394.343	193.259	3189.56
94.315	347.995	2731.68
384.783	-33.7307	2966.13
-69.4818	-344.371	2906.58
-560.234	151.601	3505.46
-7.73197	-188.119	2591.72
420.134	214.679	3524.77
-1.45653	-162.143	3009.81
488.868	-102.336	2937.08
715.944	321.214	3057.87
107.15	196.988	3371.36
687.262	359.677	2791.04
467.171	630.995	2219.94
-778.02	622.886	3829.4
495.551	706.427	2731.07
312.261	782.065	3048.14
207.054	131.564	2671.25
585.993	186.008	2923.45
-41.2033	677.613	3874.64
460.749	-0.426299	3370.67
449.727	440.371	2830.06
-277.175	322.464	3987.32
-541.627	-899.715	4342.08
766.263	18.0198	2031.52
789.052	-344.667	2327.37
778.448	31.6382	2292.87
367.284	398.775	3091
11.8622	697.628	2581.88
452.947	-94.0434	2302.72
-455.724	-759.305	2995.16
208.515	412.721	3163.69
-646.334	837.864	4491.85
65.3834	-367.513	3206.9
-229.768	-773.378	3617.49
388.397	442.946	3392.41
596.263	154.769	3162.89
233.434	-236.243	2956.92
-368.276	-386.036	3134.64
259.34	-141.031	2377.8
493.284	108.518	2830.65
365.604	91.6764	3642.37
-565.025	608.087	3945.95
151.393	40.9856	3131.41
443.239	-414.388	3232.95
231.974	745.559	3864.65
334.277	865.246	2695.99
369.833	-441.108	3403.84
-329.491	407.505	2714.44
-561.611	528.48	4221.73
239.407	586.099	3222.84
394.343	193.259	3189.56
94.315	347.995	2731.68
384.783	-33.7307	2966.13
-69.4818	-344.371	2906.58
-560.234	151.601	3505.46
-7.73197	-188.119	2591.72
420.134	214.679	3524.77
-1.45653	-162.143	3009.81
488.868	-102.336	2937.08
715.944	321.214	3057.87
107.15	196.988	3371.36
687.262	359.677	2791.04
467.171	630.995	2219.94
-778.02	622.886	3829.4
495.551	706.427	2731.07
312.261	782.065	3048.14
207.054	131.564	2671.25
585.993	186.008	2923.45
-41.2033	677.613	3874.64
460.749	-0.426299	3370.67
449.727	440.371	2830.06
-277.175	322.464	3987.32
-541.627	-899.715	4342.08
766.263	18.0198	2031.52
789.052	-344.667	2327.37
778.448	31.6382	2292.87
367.284	398.775	3091
11.8622	697.628	2581.88
452.947	-94.0434	2302.72
-455.724	-759.305	2995.16
208.515	412.721	3163.69
-646.334	837.864	4491.85
65.3834	-367.513	3206.9
-229.768	-773.378	3617.49
388.397	442.946	3392.41
596.263	154.769	3162.89
233.434	-236.243	2956.92
-368.276	-386.036	3134.64
259.34	-141.031	2377.8
493.284	108.518	2830.65
365.604	91.6764	3642.37
-565.025	608.087	3945.95
151.393	40.9856	3131.41
443.239	-414.388	3232.95
231.974	745.559	3864.65
334.277	865.246	2695.99
369.833	-441.108	3403.84
-329.491	407.505	2714.44
-561.611	528.48	4221.73
239.407	586.099	3222.84
394.343	193.259	3189.56
94.315	347.995	2731.68
384.783	-33.7307	2966.13
-69.4818	-344.371	2906.58
-560.234	151.601	3505.46
-7.73197	-188.119	2591.72
420.134	214.679	3524.77
-1.45653	-162.143	3009.81
488.868	-102.336	2937.08
715.944	321.214	3057.87
107.15	196.988	3371.36
687.262	359.677	2791.04
467.171	630.995	2219.94
-778.02	622.886	3829.4
495.551	706.427	2731.07
312.261	782.065	3048.14
207.054	131.564	2671.25
585.993	186.008	2923.45
-41.2033	677.613	3874.64
460.749	-0.426299	3370.67
449.727	440.371	2830.06
-277.175	322.464	3987.32
-541.627	-899.715	4342.08
766.263	18.0198	2031.52
789.052	-344.667	2327.37
778.448	31.6382	2292.87
367.284	398.775	3091
11.8622	697.628	2581.88
452.947	-94.0434	2302.72
-455.724	-759.305	2995.16
208.515	412.721	3163.69
-646.334	837.864	4491.85
65.3834	-367.513	3206.9
-229.768	-773.378	3617.49
388.397	442.946	3392.41
596.263	154.769	3162.89
233.434	-236.243	2956.92
-368.276	-386.036	3134.64
259.34	-141.031	2377.8
493.284	108.518	2830.65
365.604	91.6764	3642.37
-565.025	608.087	3945.95
151.393	40.9856	3131.41
443.239	-414.388	3232.95
231.974	745.559	3864.65
334.277	865.246	2695.99
369.833	-441.108	3403.84
-329.491	407.505	2714.44
-561.611	528.48	4221.73
239.407	586.099	3222.84
394.343	193.259	3189.56
94.315	347.995	2731.68
384.783	-33.7307	2966.13
-69.4818	-344.371	2906.58
-560.234	151.601	3505.46
-7.73197	-188.119	2591.72
420.134	214.679	3524.77
-1.45653	-162.143	3009.81
488.868	-102.336	2937.08
715.944	321.214	3057.87
107.15	196.988	3371.36
687.262	359.677	2791.04
467.171	630.995	2219.94
-778.02	622.886	3829.4
495.551	706.427	2731.07
312.261	782.065	3048.14
207.054	131.564	2671.25
585.993	186.008	2923.45
-41.2033	677.613	3874.64
460.749	-0.426299	3370.67
449.727	440.371	2830.06
-277.175	322.464	3987.32
-541.627	-899.715	4342.08
766.263	18.0198	2031.52
789.052	-344.667	2327.37
778.448	31.6382	2292.87
367.284	398.775	3091
11.8622	697.628	2581.88
452.947	-94.0434	2302.72
-455.724	-759.305	2995.16
208.515	412.721	3163.69
-646.334	837.864	4491.85
65.3834	-367.513	3206.9
-229.768	-773.378	3617.49
388.397	442.946	3392.41
596.263	154.769	3162.89
233.434	-236.243	2956.92
-368.276	-386.036	3134.64
259.34	-141.031	2377.8
493.284	108.518	2830.65
365.604	91.6764	3642.37
-565.025	608.087	3945.95
151.393	40.9856	3131.41
443.239	-414.388	3232.95
231.974	745.559	3864.65
334.277	865.246	2695.99
369.833	-441.108	3403.84
-329.491	407.505	2714.44
-561.611	528.48	4221.73
239.407	586.099	3222.84
394.343	193.259	3189.56
94.315	347.995	2731.68
384.783	-33.7307	2966.13
-69.4818	-344.371	2906.58
-560.234	151.601	3505.46
-7.73197	-188.119	2591.72
420.134	214.679	3524.77
-1.45653	-162.143	3009.81
488.868	-102.336	2937.08
715.944	321.214	3057.87
107.15	196.988	3371.36
687.262	359.677	2791.04
467.171	630.995	2219.94
-778.02	622.886	3829.4
495.551	706.427	2731.07
312.261	782.065	3048.14
