743.268	311.127	3314.69
696.721	713.607	3069.29
269.318	-305.358	2810.34
-489.059	157.767	3006.75
-11.8371	16.9615	2197.47
532.82	365.19	2482.76
100.124	697.056	2807.5
-538.825	105.209	3163.62
479.251	-481.023	3386.22
202.636	-263.006	2364.53
584.897	-489.696	3405.7
261.055	-393.619	2607.35
-316.939	-412.436	2934.05
226.536	-407.633	3285.57
558.277	737.702	3586.97
1.67717	603.759	2697.09
-241.552	-492.499	2206.92
-516.47	379.918	2270.11
377.297	-192.542	3475.06
804.953	-3.79063	2741.59
786.849	-268.844	2516.87
575.503	501.196	2932.69
-45.882	213.497	2870.24
551.696	357.89	2512.84
-27.9188	-259.216	3328.79
-425.052	-619.701	3041.64
-57.1252	718.69	2760.81
-142.561	635.117	3003.37
-164.598	-597.882	2748.33
-247.362	-359.962	2479.61
189.295	-284.449	2702.69
-433.546	481.523	3017.36
-446.665	-268.462	3165.53
-54.5127	-446.254	2802.68
343.31	62.6931	3111.67
711.552	491.459	3302.69
127.849	18.9399	3248.46
-301.594	-116.493	2510.31
756.257	-1.08644	3445.11
-553.578	753.043	2205.56
310.48	235.205	2362.53
-50.3502	339.171	3067.73
-590.418	331.626	3120.32
-475.485	54.1914	3412.22
-490.99	-28.4408	3299.27
-252.414	45.6726	3194.85
208.055	-186.364	2872.29
-120.271	-127.699	2831.1
756.401	-374.555	3212.93
748.349	121.038	3368.8
475.298	198.62	2115.94
445.635	456.23	1959.3
171.929	-195.734	1794.86
-313.283	100.852	1922.31
-7.83678	10.6726	1404.03
340.743	233.35	1584.95
63.8924	445.829	1793.56
-345.16	67.2168	2022.66
306.158	-308.263	2162.25
129.322	-168.574	1510.2
373.757	-313.845	2174.43
166.645	-252.199	1665.18
-203.265	-264.104	1875.38
144.471	-261.215	2098.59
356.986	471.645	2290.41
0.886948	386.16	1723.26
-154.954	-315.302	1410.61
-330.683	243.092	1451.75
240.972	-123.622	2219.3
514.767	-2.88697	1749.6
503.148	-172.489	1606.05
368.033	320.339	1872.32
-29.6584	136.403	1833.97
352.816	228.669	1604.12
-18.3287	-166.164	2126.86
-272.508	-396.726	1944.37
-36.7225	459.724	1764.13
-91.4424	406.243	1919.31
-105.8	-382.812	1756.32
-158.674	-230.504	1584.86
120.739	-182.322	1726.28
-277.685	308.029	1928.98
-286.272	-171.948	2023.61
-35.3263	-285.81	1790.78
219.326	39.761	1987.23
455.046	314.037	2108.37
81.4236	11.8101	2075.17
-193.325	-74.678	1604.63
483.522	-1.20193	2199.21
-354.334	481.897	1410.63
198.449	150.236	1508.68
-32.5123	216.814	1960.18
-378.117	212.135	1995.14
-304.67	34.5281	2181.33
-314.597	-18.34	2109.2
-161.899	29.0312	2041.88
132.746	-119.569	1834.61
-77.3355	-81.9283	1809.12
483.555	-240.191	2050.84
478.499	76.9628	2150.49
221.285	92.4192	983.841
207.479	212.479	911.015
79.9513	-91.3238	834.936
-146.15	46.9034	895.123
-3.77691	4.89458	653.39
158.635	108.639	736.978
29.6149	207.658	834.559
-161.013	31.2248	941.876
142.464	-143.79	1005.66
60.1236	-78.6487	702.543
173.962	-146.395	1011.21
77.5005	-117.63	774.595
-94.8837	-123.173	873.065
67.1292	-121.855	976.323
166.142	219.648	1065.26
0.262358	179.858	801.954
-72.3315	-147.008	656.693
-154.215	113.216	676.184
112.086	-57.7457	1032.33
239.708	-1.46692	813.277
234.305	-80.495	746.484
171.326	149.16	870.667
-13.9825	63.4631	853.516
164.259	106.457	745.879
-8.73164	-77.5538	989.773
-127.156	-184.977	905.288
-17.2654	214.139	821.043
-42.7773	189.21	893.353
-49.4588	-178.49	817.481
-74.0797	-107.5	737.793
56.1049	-85.0672	803.114
-129.562	143.449	898.176
-133.575	-80.2319	942.201
-16.6228	-133.291	833.397
102.021	18.4072	924.385
211.85	146.206	980.361
37.7554	5.3828	965.552
-90.2265	-34.8831	747.064
225.108	-0.705702	1022.56
-165.23	224.506	657.105
92.337	69.9179	701.736
-15.323	100.929	912.254
-176.366	98.7618	929.139
-142.16	15.9807	1015.64
-146.78	-8.652	982.089
-75.6215	13.4207	950.493
61.6906	-55.8305	853.505
-36.1978	-38.2785	842.022
225.135	-112.07	953.501
222.773	35.7231	999.902
221.285	92.4192	983.841
207.479	212.479	911.015
79.9513	-91.3238	834.936
-146.15	46.9034	895.123
-3.77691	4.89458	653.39
158.635	108.639	736.978
29.6149	207.658	834.559
-161.013	31.2248	941.876
142.464	-143.79	1005.66
60.1236	-78.6487	702.543
173.962	-146.395	1011.21
77.5005	-117.63	774.595
-94.8837	-123.173	873.065
67.1292	-121.855	976.323
166.142	219.648	1065.26
0.262358	179.858	801.954
-72.3315	-147.008	656.693
-154.215	113.216	676.184
112.086	-57.7457	1032.33
239.708	-1.46692	813.277
234.305	-80.495	746.484
171.326	149.16	870.667
-13.9825	63.4631	853.516
164.259	106.457	745.879
-8.73164	-77.5538	989.773
-127.156	-184.977	905.288
-17.2654	214.139	821.043
-42.7773	189.21	893.353
-49.4588	-178.49	817.481
-74.0797	-107.5	737.793
56.1049	-85.0672	803.114
-129.562	143.449	898.176
-133.575	-80.2319	942.201
-16.6228	-133.291	833.397
102.021	18.4072	924.385
211.85	146.206	980.361
37.7554	5.3828	965.552
-90.2265	-34.8831	747.064
225.108	-0.705702	1022.56
-165.23	224.506	657.105
92.337	69.9179	701.736
-15.323	100.929	912.254
-176.366	98.7618	929.139
-142.16	15.9807	1015.64
-146.78	-8.652	982.089
-75.6215	13.4207	950.493
61.6906	-55.8305	853.505
-36.1978	-38.2785	842.022
225.135	-112.07	953.501
222.773	35.7231	999.902
216.661	104.791	1009.37
196.555	223.898	934.775
85.0554	-86.245	856.367
-147.935	40.0096	918.077
-3.68624	5.29158	670.188
153.119	117.481	756.135
19.1469	209.699	856.23
-161.932	23.6167	966.007
150.316	-135.21	1031.47
64.5228	-74.7475	720.57
181.91	-136.157	1037.18
83.9528	-112.7	794.451
-87.8531	-127.173	895.327
73.922	-117.276	1001.35
154.98	229.035	1092.96
-8.72795	180.368	822.738
-64.1983	-149.994	673.387
-159.572	105.61	693.568
115.492	-50.8473	1058.89
239.881	11.8384	834.348
238.585	-67.4282	765.76
163.743	158.734	893.305
-16.8372	63.4312	875.508
158.854	115.603	765.265
-4.14505	-76.9961	1015.14
-116.831	-190.556	928.301
-28.0152	213.703	842.339
-52.15	187.538	916.466
-39.626	-180.088	838.295
-67.9685	-110.557	756.608
60.8979	-81.2752	823.719
-136.419	137.297	921.31
-128.702	-86.253	966.256
-9.19129	-133.216	854.685
101.401	24.5767	948.234
204.423	158.008	1005.84
37.9267	8.24173	990.403
-87.8871	-38.8742	766.173
225.371	12.0266	1049.01
-176.405	216.156	674.095
88.9193	75.3061	719.904
-20.1052	100.831	935.79
-180.805	90.2472	952.997
-142.27	9.44841	1041.67
-145.612	-15.4241	1007.23
-75.7229	10.3168	974.888
64.9727	-51.7389	875.437
-33.7055	-39.348	863.609
231.187	-99.2498	978.061
221.121	48.2633	1025.79
