-183.453	3312.01	4194.45
2022.03	1031.47	3272.41
-618.669	1891.26	2975.08
-167.569	684.369	2870.8
614.027	1660.34	4962.98
2365.38	2976.19	3011.18
2151.52	314.549	2466.7
-922.397	1414.36	5946.08
-408.268	3046.15	5806.46
379.568	-755.425	4857.93
1599.37	3088.63	4077.32
2166.09	542.164	3938.34
972.521	1505.19	4142.08
-360.932	2789.29	2233.22
3033.62	231.23	2199.52
-911.911	2779.79	4056.1
2648.61	2134.42	2603.32
-394.637	571.325	2508.54
869.082	-196.901	3922.87
1823.47	82.8597	3603.02
1615.75	3269.04	4201.57
-502.855	1271.89	4616.76
-309.385	2444.39	2948.27
1045.75	1127.48	1954.76
2936.84	2139.42	2179.47
2773	2351.23	4636.19
1390.89	63.4199	4624.84
186.375	945.208	2987.92
3245.5	1105.19	2343.41
2805.14	459.882	2780.03
-64.5965	1147.96	4827.97
2731.89	797.956	3289.11
-323.305	3472.35	2608.85
-110.065	267.453	5357.91
-434.415	597.839	1950.28
1113.91	3384.08	3865.67
2887.86	1558.29	3180.92
3248.67	1102.68	4183.24
2426.57	3368.75	2894.47
-73.193	974.662	4176.3
2421.39	-438.312	4110.37
-304.936	3122.37	2713.69
892.274	-325.844	4110.33
2087.77	1258.05	2452.78
-921.104	1499.88	4642.08
-853.945	1770.33	3917.04
-1280.42	2450.26	5236.46
-924.338	526.26	4120.92
-884.519	3194.55	4458.25
2128.76	-213.832	5244.95
-183.453	3312.04	4194.48
2022.04	1031.48	3272.43
-618.673	1891.28	2975.1
-167.57	684.374	2870.82
614.033	1660.35	4963.01
2365.4	2976.21	3011.2
2151.54	314.551	2466.72
-922.403	1414.37	5946.12
-408.269	3046.17	5806.5
379.57	-755.43	4857.96
1599.38	3088.65	4077.34
2166.1	542.167	3938.37
972.528	1505.2	4142.11
-360.933	2789.31	2233.24
3033.64	231.23	2199.53
-911.916	2779.81	4056.13
2648.63	2134.43	2603.34
-394.639	571.329	2508.56
869.088	-196.902	3922.9
1823.48	82.8593	3603.05
1615.76	3269.06	4201.59
-502.858	1271.9	4616.79
-309.386	2444.41	2948.29
1045.75	1127.48	1954.78
2936.86	2139.43	2179.48
2773.02	2351.25	4636.22
1390.9	63.4196	4624.87
186.377	945.214	2987.94
3245.53	1105.19	2343.42
2805.16	459.883	2780.05
-64.5963	1147.97	4828
2731.91	797.961	3289.14
-323.305	3472.37	2608.87
-110.066	267.455	5357.94
-434.418	597.844	1950.29
1113.91	3384.1	3865.7
2887.88	1558.3	3180.95
3248.69	1102.68	4183.27
2426.59	3368.77	2894.49
-73.1929	974.669	4176.33
2421.41	-438.316	4110.4
-304.936	3122.39	2713.7
892.28	-325.846	4110.36
2087.78	1258.06	2452.8
-921.11	1499.89	4642.11
-853.95	1770.34	3917.06
-1280.43	2450.28	5236.49
-924.344	526.264	4120.95
-884.523	3194.57	4458.28
2128.78	-213.834	5244.99
-183.453	3312.08	4194.53
2022.07	1031.49	3272.47
-618.679	1891.3	2975.13
-167.572	684.383	2870.85
614.041	1660.37	4963.07
2365.43	2976.24	3011.24
2151.56	314.553	2466.75
-922.413	1414.39	5946.19
-408.272	3046.21	5806.57
379.574	-755.44	4858.02
1599.4	3088.68	4077.39
2166.13	542.172	3938.41
972.541	1505.21	4142.16
-360.936	2789.34	2233.26
3033.68	231.231	2199.56
-911.926	2779.84	4056.18
2648.66	2134.45	2603.37
-394.644	571.337	2508.59
869.099	-196.905	3922.95
1823.5	82.8595	3603.09
1615.78	3269.1	4201.64
-502.863	1271.92	4616.84
-309.389	2444.44	2948.32
1045.77	1127.5	1954.8
2936.9	2139.46	2179.51
2773.05	2351.27	4636.27
1390.92	63.4198	4624.93
186.379	945.226	2987.98
3245.57	1105.2	2343.45
2805.19	459.888	2780.09
-64.5964	1147.99	4828.06
2731.95	797.969	3289.18
-323.307	3472.41	2608.9
-110.067	267.458	5358.01
-434.423	597.851	1950.32
1113.93	3384.15	3865.74
2887.91	1558.31	3180.98
3248.73	1102.69	4183.32
2426.62	3368.82	2894.53
-73.1933	974.681	4176.38
2421.44	-438.322	4110.45
-304.938	3122.43	2713.74
892.291	-325.851	4110.41
2087.81	1258.08	2452.83
-921.12	1499.91	4642.16
-853.96	1770.36	3917.11
-1280.45	2450.31	5236.55
-924.355	526.271	4121
-884.532	3194.61	4458.34
2128.8	-213.838	5245.05
-183.454	3312.13	4194.59
2022.1	1031.5	3272.52
-618.687	1891.33	2975.18
-167.574	684.393	2870.89
614.051	1660.4	4963.14
2365.47	2976.29	3011.28
2151.6	314.557	2466.78
-922.426	1414.41	5946.27
-408.277	3046.26	5806.65
379.58	-755.451	4858.09
1599.42	3088.73	4077.45
2166.16	542.179	3938.47
972.556	1505.24	4142.22
-360.94	2789.38	2233.29
3033.72	231.233	2199.59
-911.938	2779.88	4056.23
2648.7	2134.48	2603.41
-394.649	571.345	2508.62
869.111	-196.909	3923
1823.53	82.8598	3603.14
1615.81	3269.15	4201.71
-502.87	1271.94	4616.91
-309.392	2444.47	2948.36
1045.78	1127.51	1954.83
2936.94	2139.49	2179.54
2773.09	2351.31	4636.34
1390.94	63.42	4624.99
186.383	945.24	2988.02
3245.62	1105.22	2343.49
2805.23	459.893	2780.13
-64.5967	1148	4828.13
2731.99	797.98	3289.22
-323.31	3472.47	2608.94
-110.068	267.462	5358.09
-434.429	597.86	1950.35
1113.95	3384.19	3865.8
2887.96	1558.34	3181.03
3248.78	1102.71	4183.38
2426.66	3368.86	2894.57
-73.1938	974.696	4176.44
2421.47	-438.33	4110.51
-304.941	3122.48	2713.78
892.304	-325.856	4110.47
2087.84	1258.09	2452.87
-921.133	1499.93	4642.23
-853.971	1770.39	3917.17
-1280.46	2450.35	5236.63
-924.369	526.279	4121.06
-884.544	3194.66	4458.4
2128.83	-213.842	5245.13
-183.456	3312.19	4194.66
2022.14	1031.52	3272.58
-618.697	1891.36	2975.23
-167.576	684.405	2870.94
614.063	1660.42	4963.23
2365.51	2976.34	3011.33
2151.64	314.561	2466.83
-922.442	1414.43	5946.38
-408.282	3046.31	5806.76
379.586	-755.465	4858.17
1599.45	3088.78	4077.52
2166.2	542.188	3938.54
972.575	1505.26	4142.29
-360.945	2789.43	2233.33
3033.77	231.235	2199.63
-911.952	2779.93	4056.31
2648.75	2134.52	2603.46
-394.656	571.356	2508.67
869.127	-196.913	3923.07
1823.56	82.8603	3603.21
1615.84	3269.2	4201.78
-502.878	1271.96	4616.99
-309.396	2444.52	2948.42
1045.8	1127.53	1954.86
2937	2139.52	2179.58
2773.15	2351.35	4636.42
1390.96	63.4203	4625.08
186.387	945.256	2988.08
3245.67	1105.24	2343.53
2805.28	459.9	2780.18
-64.5972	1148.02	4828.21
2732.04	797.992	3289.28
-323.314	3472.53	2608.98
-110.07	267.467	5358.18
-434.436	597.871	1950.38
1113.97	3384.25	3865.87
2888.01	1558.36	3181.09
3248.84	1102.73	4183.45
2426.7	3368.92	2894.62
-73.1945	974.713	4176.51
2421.52	-438.339	4110.58
-304.945	3122.53	2713.82
892.32	-325.863	4110.54
2087.88	1258.11	2452.91
-921.148	1499.96	4642.31
-853.986	1770.42	3917.24
-1280.49	2450.39	5236.72
-924.385	526.289	4121.13
-884.558	3194.72	4458.48
2128.87	-213.847	5245.22
