3.563101127151181231e+02	1.817193221583582385e+02
3.463988091472922974e+02	1.708351651016523078e+02
3.961581180191818703e+02	3.095759801634040969e+02
4.235536907150494699e+02	2.471007650843249337e+02
4.602452467710658652e+02	1.796490003735579535e+02
4.507836568639411325e+02	3.401370171763456938e+02
4.176648891540611430e+02	2.316292423061980514e+02
4.188180277762342598e+02	2.710408493176298634e+02
4.311958362800214672e+02	1.662643659010396959e+02
4.468044857808856705e+02	2.614355491867997898e+02
3.607495978708246298e+02	3.128224443401255712e+02
3.229227801350503455e+02	2.762807888507979897e+02
3.905789303700979644e+02	3.208266824206533556e+02
4.714874561971395792e+02	1.868233636928877388e+02
4.237749922515560570e+02	2.574063886965305983e+02
3.685689725459605484e+02	3.297809521566249487e+02
3.821317928411649518e+02	1.726975775620893785e+02
4.268230193216433577e+02	2.059862997623753813e+02
4.351087375293354853e+02	3.234640065371052629e+02
4.290446070624123536e+02	2.436717232308702137e+02
3.980133981400213656e+02	2.982107883776195649e+02
4.498334982236313522e+02	2.185843227290331470e+02
3.087837069234338401e+02	3.061347409152547812e+02
3.166621637288970419e+02	2.428440043813378111e+02
4.059530297637708145e+02	2.169893550836657425e+02
4.539717262080008027e+02	2.178997183589827955e+02
3.678574750611116997e+02	3.023781388895259283e+02
3.621048880113510791e+02	1.739745885179296465e+02
4.458458687861843828e+02	2.382527629869139218e+02
4.021954558544974248e+02	2.986306505171031631e+02
3.521868580312163886e+02	1.877517487151164346e+02
4.585268068419754854e+02	1.808601716624358460e+02
4.062322483404437321e+02	3.440225192461107326e+02
3.072880628879084384e+02	3.367919613958366654e+02
3.797507271621037717e+02	1.587254983664432189e+02
3.989790196822239636e+02	1.868813578945685094e+02
4.407921111539465073e+02	3.193599456710097684e+02
4.236728754232200345e+02	2.556513575136905843e+02
4.033864712003840509e+02	3.132213964727657753e+02
4.485095364969891421e+02	2.673392028471049002e+02
4.065511568840128120e+02	1.868452138202314643e+02
4.567399541681030541e+02	2.722775065933041674e+02
4.726694849022794642e+02	3.232092074181291537e+02
4.774597000742649016e+02	2.022894784018508290e+02
3.142807349430670456e+02	3.271395748091974838e+02
3.759021670675173823e+02	3.325442931550987851e+02
4.443784772932045826e+02	1.907845617173396136e+02
3.226907340949453555e+02	2.880779809095558335e+02
3.654365163368525486e+02	2.079891111235148742e+02
3.544774418504240430e+02	3.180561368247408609e+02
