4.138400415772780434e+02	1.728865916036525050e+02
5.226610036947425897e+02	2.945485094989526260e+02
5.822165110594089583e+02	2.286042084741206963e+02
7.337385567892766858e+02	3.081263010467622507e+02
4.193588431947052300e+02	5.472199281146649810e+02
5.441469978697675742e+02	6.700467698180433445e+02
3.837401007993012740e+02	4.961014444506089376e+02
3.938029382080372898e+02	3.677956594719082659e+02
2.688865738424236156e+02	4.888459317076089974e+02
4.016090419489109422e+02	3.539415398122213219e+02
4.289626816467164190e+02	3.718320408136075912e+02
3.920633793991555649e+02	1.331161243007571784e+02
4.661467906379532451e+02	6.230987030946550931e+02
6.222289610271357105e+02	1.751557941328396169e+02
7.406276679999034513e+02	3.736542399379909511e+02
4.365914064352288051e+02	4.533688686948412396e+02
6.224283454401996778e+02	4.072391271778519126e+02
5.443121151554061043e+02	3.364317655015036053e+02
3.416487657719978870e+02	4.437083551536574078e+02
5.511047741934670512e+02	3.433749313981779778e+02
3.147944017843993834e+02	4.500269501882698933e+02
5.701681036613367723e+02	2.938561308553561275e+02
3.191923421929846540e+02	3.122665249901796187e+02
4.136962086905160163e+02	3.572447901750525148e+02
7.333117848586894070e+02	2.165849356650923028e+02
4.312954576217622389e+02	1.861696914741611408e+02
7.787775159897294088e+02	3.426942929244344214e+02
7.259749031809104736e+02	2.077293085023490562e+02
1.835572750496474725e+02	6.497050349203159385e+02
2.159540417058722994e+02	2.086731592217590787e+02
5.117152048251741121e+02	2.436449403719327336e+02
3.171163324620334834e+02	2.496121861762827336e+02
4.695272922491707845e+02	1.878095598902281438e+02
3.874960302410200939e+02	2.335764146466021884e+02
3.040506656631072246e+02	5.143677437589518604e+02
3.788323092871447102e+02	2.541106249329962452e+02
3.897746626495614919e+02	2.318520418734905206e+02
3.848199206847097571e+02	2.471265269744498312e+02
5.511712760040362582e+02	2.614087756624135181e+02
3.490225448539371769e+02	3.840963676795265087e+02
2.075117067993629973e+02	6.782550053437453244e+02
4.960464239915716576e+02	2.311179592189704692e+02
3.627440819703998045e+02	3.963503375603047516e+02
2.260530430789873151e+02	5.913451863294586701e+02
3.919128249955910519e+02	5.598191263015930872e+02
4.441555152939239974e+02	3.840669626308761053e+02
6.867186499995616487e+02	5.191190102698022883e+02
6.637119878179687475e+02	6.029959143181454237e+02
2.990484749034501988e+02	3.532992942502298774e+02
4.059939315812657128e+02	4.761366788441301310e+02
