4.614520672528745422e+02	3.211523913302223150e+02
4.464799168962621252e+02	2.838410571759474692e+02
3.207347905283451723e+02	1.724686481901490538e+02
3.279934129508490628e+02	1.670409915258132116e+02
4.455321650785004977e+02	2.619287511001726898e+02
3.872633490250296973e+02	3.474130041202284360e+02
4.350937298021447077e+02	2.573015264051310282e+02
4.015306009951423789e+02	2.303467581536990565e+02
4.477156963925165201e+02	2.818406340880672474e+02
4.746988923105946014e+02	1.618852489404985704e+02
4.617759543731260123e+02	2.164670477199963159e+02
4.650550740880767648e+02	1.827684857914735801e+02
3.037218090618774227e+02	2.511039911974551160e+02
4.383912808235453440e+02	1.669389825230632596e+02
3.542691128193932855e+02	1.501148890611372053e+02
3.241696937585319347e+02	3.307389890095781766e+02
4.932993004697760853e+02	1.571167674823404923e+02
3.486841400945444889e+02	1.438144320348486076e+02
3.898975372273275184e+02	1.822575974973698578e+02
3.080893168369617570e+02	2.725399485386950573e+02
4.974009669055266158e+02	2.450741156004850723e+02
4.145226068119592355e+02	2.671730167246413430e+02
3.712949870569345876e+02	1.394807887288161510e+02
3.722741702998921483e+02	1.884313711989317710e+02
4.488512661734851577e+02	3.079522989336284127e+02
4.349813342325520580e+02	3.252718246375902709e+02
4.391466203359095744e+02	2.449835614703762872e+02
4.100008478419004518e+02	2.624349764362547148e+02
4.418341389061700966e+02	3.254366113275953580e+02
3.527393038054283352e+02	2.575976410750410537e+02
4.317110159174328032e+02	2.341763357146380429e+02
3.229380713352530279e+02	2.432776808953944112e+02
4.418048126057976219e+02	2.935138992638900959e+02
3.546631548131408636e+02	2.729345656189453848e+02
4.323985141659346141e+02	2.522765595444839732e+02
3.124229477041373002e+02	2.972834082491235108e+02
3.505601931743715340e+02	2.153317029745998639e+02
3.123123154623516484e+02	2.965073408489073472e+02
3.521675770699457644e+02	2.026595252373555240e+02
4.408334557942040419e+02	1.546322582820802722e+02
3.542644748892276994e+02	1.221287081931695582e+02
3.862646709046598517e+02	1.684590838176589216e+02
3.588813656581725127e+02	1.996982844873541296e+02
4.884842054697624008e+02	2.186239280490325143e+02
4.275124087878468231e+02	1.523464853884548802e+02
3.382110700790522628e+02	1.712016594969130097e+02
4.721100326438203183e+02	1.856065221668268066e+02
3.000423992367154824e+02	2.515565594940181029e+02
3.766329033923995553e+02	2.441151666757767771e+02
3.521716571229022179e+02	2.091812514576761544e+02
