-172.777	3128.13	3960.67
1909.94	974.348	3090.02
-583.927	1786.3	2809.26
-157.929	646.523	2710.79
580.433	1568.37	4686.37
2234.17	2810.89	2843.35
2032.14	297.238	2329.22
-870.436	1336.15	5614.69
-384.909	2877.17	5482.84
358.997	-713.043	4587.16
1510.87	2917.15	3850.06
2046.06	512.304	3718.83
918.898	1421.78	3911.23
-340.605	2634.33	2108.75
2865.14	218.529	2076.92
-860.736	2625.49	3830.03
2501.59	2015.89	2458.21
-372.409	539.74	2368.73
821.183	-185.655	3704.23
1722.46	78.5198	3402.21
1526.36	3087.53	3967.38
-474.373	1201.5	4359.45
-291.846	2308.66	2783.95
987.806	1064.92	1845.81
2773.74	2020.58	2057.98
2619.28	2220.8	4377.76
1314.05	60.239	4367.06
176.344	892.864	2821.39
3065.26	1043.89	2212.78
2649.43	434.509	2625.08
-60.4643	1084.48	4558.88
2580.33	753.822	3105.8
-305.027	3279.42	2463.45
-103.346	252.982	5059.28
-410.037	564.737	1841.58
1052.39	3196.16	3650.21
2727.6	1471.85	3003.63
3068.46	1041.66	3950.09
2291.95	3181.62	2733.15
-68.6556	920.77	3943.54
2287.19	-413.63	3881.28
-287.669	2948.92	2562.44
843.106	-307.412	3881.24
1971.93	1188.26	2316.07
-869.356	1416.81	4383.35
-806.012	1672.16	3698.72
-1208.63	2314.39	4944.62
-872.471	497.304	3891.25
-834.823	3017.21	4209.77
2010.95	-201.547	4952.62
-172.777	3128.13	3960.67
1909.94	974.348	3090.02
-583.927	1786.3	2809.26
-157.929	646.523	2710.79
580.433	1568.37	4686.37
2234.17	2810.89	2843.35
2032.14	297.238	2329.22
-870.436	1336.15	5614.69
-384.909	2877.17	5482.84
358.997	-713.043	4587.16
1510.87	2917.15	3850.06
2046.06	512.304	3718.83
918.898	1421.78	3911.23
-340.605	2634.33	2108.75
2865.14	218.529	2076.92
-860.736	2625.49	3830.03
2501.59	2015.89	2458.21
-372.409	539.74	2368.73
821.183	-185.655	3704.23
1722.46	78.5198	3402.21
1526.36	3087.53	3967.38
-474.373	1201.5	4359.45
-291.846	2308.66	2783.95
987.806	1064.92	1845.81
2773.74	2020.58	2057.98
2619.28	2220.8	4377.76
1314.05	60.239	4367.06
176.344	892.864	2821.39
3065.26	1043.89	2212.78
2649.43	434.509	2625.08
-60.4643	1084.48	4558.88
2580.33	753.822	3105.8
-305.027	3279.42	2463.45
-103.346	252.982	5059.28
-410.037	564.737	1841.58
1052.39	3196.16	3650.21
2727.6	1471.85	3003.63
3068.46	1041.66	3950.09
2291.95	3181.62	2733.15
-68.6556	920.77	3943.54
2287.19	-413.63	3881.28
-287.669	2948.92	2562.44
843.106	-307.412	3881.24
1971.93	1188.26	2316.07
-869.356	1416.81	4383.35
-806.012	1672.16	3698.72
-1208.63	2314.39	4944.62
-872.471	497.304	3891.25
-834.823	3017.21	4209.77
2010.95	-201.547	4952.62
-172.777	3128.13	3960.67
1909.94	974.348	3090.02
-583.927	1786.3	2809.26
-157.929	646.523	2710.79
580.433	1568.37	4686.37
2234.17	2810.89	2843.35
2032.14	297.238	2329.22
-870.436	1336.15	5614.69
-384.909	2877.17	5482.84
358.997	-713.043	4587.16
1510.87	2917.15	3850.06
2046.06	512.304	3718.83
918.898	1421.78	3911.23
-340.605	2634.33	2108.75
2865.14	218.529	2076.92
-860.736	2625.49	3830.03
2501.59	2015.89	2458.21
-372.409	539.74	2368.73
821.183	-185.655	3704.23
1722.46	78.5198	3402.21
1526.36	3087.53	3967.38
-474.373	1201.5	4359.45
-291.846	2308.66	2783.95
987.806	1064.92	1845.81
2773.74	2020.58	2057.98
2619.28	2220.8	4377.76
1314.05	60.239	4367.06
176.344	892.864	2821.39
3065.26	1043.89	2212.78
2649.43	434.509	2625.08
-60.4643	1084.48	4558.88
2580.33	753.822	3105.8
-305.027	3279.42	2463.45
-103.346	252.982	5059.28
-410.037	564.737	1841.58
1052.39	3196.16	3650.21
2727.6	1471.85	3003.63
3068.46	1041.66	3950.09
2291.95	3181.62	2733.15
-68.6556	920.77	3943.54
2287.19	-413.63	3881.28
-287.669	2948.92	2562.44
843.106	-307.412	3881.24
1971.93	1188.26	2316.07
-869.356	1416.81	4383.35
-806.012	1672.16	3698.72
-1208.63	2314.39	4944.62
-872.471	497.304	3891.25
-834.823	3017.21	4209.77
2010.95	-201.547	4952.62
-172.777	3128.13	3960.67
1909.94	974.348	3090.02
-583.927	1786.3	2809.26
-157.929	646.523	2710.79
580.433	1568.37	4686.37
2234.17	2810.89	2843.35
2032.14	297.238	2329.22
-870.436	1336.15	5614.69
-384.909	2877.17	5482.84
358.997	-713.043	4587.16
1510.87	2917.15	3850.06
2046.06	512.304	3718.83
918.898	1421.78	3911.23
-340.605	2634.33	2108.75
2865.14	218.529	2076.92
-860.736	2625.49	3830.03
2501.59	2015.89	2458.21
-372.409	539.74	2368.73
821.183	-185.655	3704.23
1722.46	78.5198	3402.21
1526.36	3087.53	3967.38
-474.373	1201.5	4359.45
-291.846	2308.66	2783.95
987.806	1064.92	1845.81
2773.74	2020.58	2057.98
2619.28	2220.8	4377.76
1314.05	60.239	4367.06
176.344	892.864	2821.39
3065.26	1043.89	2212.78
2649.43	434.509	2625.08
-60.4643	1084.48	4558.88
2580.33	753.822	3105.8
-305.027	3279.42	2463.45
-103.346	252.982	5059.28
-410.037	564.737	1841.58
1052.39	3196.16	3650.21
2727.6	1471.85	3003.63
3068.46	1041.66	3950.09
2291.95	3181.62	2733.15
-68.6556	920.77	3943.54
2287.19	-413.63	3881.28
-287.669	2948.92	2562.44
843.106	-307.412	3881.24
1971.93	1188.26	2316.07
-869.356	1416.81	4383.35
-806.012	1672.16	3698.72
-1208.63	2314.39	4944.62
-872.471	497.304	3891.25
-834.823	3017.21	4209.77
2010.95	-201.547	4952.62
-172.777	3128.13	3960.67
1909.94	974.348	3090.02
-583.927	1786.3	2809.26
-157.929	646.523	2710.79
580.433	1568.37	4686.37
2234.17	2810.89	2843.35
2032.14	297.238	2329.22
-870.436	1336.15	5614.69
-384.909	2877.17	5482.84
358.997	-713.043	4587.16
1510.87	2917.15	3850.06
2046.06	512.304	3718.83
918.898	1421.78	3911.23
-340.605	2634.33	2108.75
2865.14	218.529	2076.92
-860.736	2625.49	3830.03
2501.59	2015.89	2458.21
-372.409	539.74	2368.73
821.183	-185.655	3704.23
1722.46	78.5198	3402.21
1526.36	3087.53	3967.38
-474.373	1201.5	4359.45
-291.846	2308.66	2783.95
987.806	1064.92	1845.81
2773.74	2020.58	2057.98
2619.28	2220.8	4377.76
1314.05	60.239	4367.06
176.344	892.864	2821.39
3065.26	1043.89	2212.78
2649.43	434.509	2625.08
-60.4643	1084.48	4558.88
2580.33	753.822	3105.8
-305.027	3279.42	2463.45
-103.346	252.982	5059.28
-410.037	564.737	1841.58
1052.39	3196.16	3650.21
2727.6	1471.85	3003.63
3068.46	1041.66	3950.09
2291.95	3181.62	2733.15
-68.6556	920.77	3943.54
2287.19	-413.63	3881.28
-287.669	2948.92	2562.44
843.106	-307.412	3881.24
1971.93	1188.26	2316.07
-869.356	1416.81	4383.35
-806.012	1672.16	3698.72
-1208.63	2314.39	4944.62
-872.471	497.304	3891.25
-834.823	3017.21	4209.77
2010.95	-201.547	4952.62
