3.066088590205614537e+02	2.352271689789443769e+02
4.335509825913002260e+02	2.735825552046290454e+02
3.821259894895815137e+02	3.322963364146168033e+02
3.398990473545927671e+02	1.550316132624058127e+02
2.976052994798856162e+02	2.229897382875564631e+02
3.518547612541565854e+02	2.296800826116665064e+02
4.516185078196829750e+02	1.679914890835612766e+02
3.406507841754871038e+02	1.578724640394385972e+02
4.207655952150865915e+02	1.780971607249223325e+02
3.119287523934925730e+02	1.631363096895685203e+02
2.990868370337032047e+02	2.376875889162342901e+02
3.352639432800488635e+02	2.256195181103203424e+02
4.315713922233780977e+02	1.759930598480856361e+02
3.730454248202992176e+02	2.635025434267913624e+02
3.511189628669982312e+02	3.088004552330114620e+02
2.894040417714324462e+02	2.976954548545312491e+02
4.411227636310652542e+02	3.602572742198836977e+02
3.918907059983935710e+02	1.829746650600757789e+02
3.285945518186711070e+02	2.323569710735345950e+02
3.695191008867720939e+02	2.719447628832809869e+02
3.523194612526350511e+02	2.881502689082320785e+02
4.384959403284105406e+02	2.392587167592116941e+02
3.554759413394027661e+02	1.468240748448451427e+02
3.066078395416171816e+02	2.108863184065520500e+02
4.597872635798657370e+02	2.365263609126584186e+02
3.109256683419763476e+02	2.841045351237048635e+02
4.673113292792723996e+02	2.303585729873924208e+02
4.517582201535523154e+02	1.898706375408690690e+02
4.356822966365845105e+02	2.632129782268433473e+02
2.744390794410509784e+02	2.156764296139864712e+02
3.369288546566634182e+02	2.837046810158524295e+02
3.521582689331863207e+02	2.135051394020404985e+02
3.187712517618319339e+02	1.526226290939576984e+02
3.794109741852911384e+02	2.998040461479692453e+02
4.135406584348422712e+02	1.839680322707495748e+02
3.988044948048964216e+02	1.647355473423183980e+02
3.164862177443260975e+02	2.972875523956752772e+02
2.677212999645212790e+02	3.488673440223586226e+02
4.317929436687205111e+02	1.739215307512110371e+02
3.549373321398642815e+02	2.982768897132467600e+02
2.882089404077646009e+02	2.670803123472162497e+02
2.937907381235371531e+02	1.279990872392067729e+02
3.750478839531166386e+02	1.814430837378359342e+02
3.955951955102049169e+02	3.157845222698032330e+02
4.419782103277816532e+02	1.953549011397600736e+02
4.072583812483084102e+02	1.829151192076422205e+02
4.314061934650559920e+02	2.768094900138946741e+02
4.240830203468362924e+02	1.833922211297399656e+02
3.358582672757361252e+02	2.569874335992622036e+02
3.221756615365123935e+02	2.981678479718224253e+02
