443.529	261.307
443.9	311.956
393.532	187.751
300.488	247.565
352.388	230.643
435.602	280.825
372.736	318.634
298.376	240.538
412.82	175.443
386.76	186.854
423.879	174.738
393.676	172.318
319.6	176.689
386.019	182.191
419.982	302.479
359.154	309.837
313.743	146.611
272.119	289.962
401.486	207.145
465.456	226.3
470.393	187.87
431.818	289.596
353.605	255.093
437.604	279.097
358.095	199.291
308.39	153.738
351.858	323.284
343.221	305.486
335.942	148.487
319.757	175.001
383.484	189.071
307.828	286.811
308.773	197.174
351.214	169.622
400.865	234.774
440.477	281.425
375.498	229.771
312.784	211.185
441.979	226.919
263.552	353.837
404.181	263.781
354.594	268.357
291.458	267.402
310.737	234.056
306.737	225.105
331.942	233.274
385.5	203.803
343.301	211.398
446.316	184.492
442.774	240.147
443.529	261.307
443.9	311.956
393.532	187.751
300.488	247.565
352.388	230.643
435.602	280.825
372.736	318.634
298.376	240.538
412.82	175.443
386.76	186.854
423.879	174.738
393.676	172.318
319.6	176.689
386.019	182.191
419.982	302.479
359.154	309.837
313.743	146.611
272.119	289.962
401.486	207.145
465.456	226.3
470.393	187.87
431.818	289.596
353.605	255.093
437.604	279.097
358.095	199.291
308.39	153.738
351.858	323.284
343.221	305.486
335.942	148.487
319.757	175.001
383.484	189.071
307.828	286.811
308.773	197.174
351.214	169.622
400.865	234.774
440.477	281.425
375.498	229.771
312.784	211.185
441.979	226.919
263.552	353.837
404.181	263.781
354.594	268.357
291.458	267.402
310.737	234.056
306.737	225.105
331.942	233.274
385.5	203.803
343.301	211.398
446.316	184.492
442.774	240.147
443.529	261.307
443.9	311.956
393.532	187.751
300.488	247.565
352.388	230.643
435.602	280.825
372.736	318.634
298.376	240.538
412.82	175.443
386.76	186.854
423.879	174.738
393.676	172.318
319.6	176.689
386.019	182.191
419.982	302.479
359.154	309.837
313.743	146.611
272.119	289.962
401.486	207.145
465.456	226.3
470.393	187.87
431.818	289.596
353.605	255.093
437.604	279.097
358.095	199.291
308.39	153.738
351.858	323.284
343.221	305.486
335.942	148.487
319.757	175.001
383.484	189.071
307.828	286.811
308.773	197.174
351.214	169.622
400.865	234.774
440.477	281.425
375.498	229.771
312.784	211.185
441.979	226.919
263.552	353.837
404.181	263.781
354.594	268.357
291.458	267.402
310.737	234.056
306.737	225.105
331.942	233.274
385.5	203.803
343.301	211.398
446.316	184.492
442.774	240.147
443.529	261.307
443.9	311.956
393.532	187.751
300.488	247.565
352.388	230.643
435.602	280.825
372.736	318.634
298.376	240.538
412.82	175.443
386.76	186.854
423.879	174.738
393.676	172.318
319.6	176.689
386.019	182.191
419.982	302.479
359.154	309.837
313.743	146.611
272.119	289.962
401.486	207.145
465.456	226.3
470.393	187.87
431.818	289.596
353.605	255.093
437.604	279.097
358.095	199.291
308.39	153.738
351.858	323.284
343.221	305.486
335.942	148.487
319.757	175.001
383.484	189.071
307.828	286.811
308.773	197.174
351.214	169.622
400.865	234.774
440.477	281.425
375.498	229.771
312.784	211.185
441.979	226.919
263.552	353.837
404.181	263.781
354.594	268.357
291.458	267.402
310.737	234.056
306.737	225.105
331.942	233.274
385.5	203.803
343.301	211.398
446.316	184.492
442.774	240.147
