1137.13	0.608736	4838.93
583.37	-416.393	3350.64
432.183	-488.167	4789.18
-141.342	5.55684	4050.81
-420.194	-361.788	3067.53
1076.09	1188	3670.99
101.501	1078.94	3311.94
88.6295	-268.361	3720.56
365.612	479.389	3298.58
346.427	1230.52	3809.84
560.597	-719.289	4973.14
337.182	935.283	3993.84
-268.584	216.897	4343.13
833.154	1021.54	4886.73
-424.608	-48.7726	3185.77
1254.28	-528.038	4836.86
-362.716	55.9875	3847.15
-336.123	868.232	3962.8
-629.826	688.247	4230.5
-342.824	-182.335	3553.31
-800.811	958.327	4277.68
877.891	134.442	3905.01
-292.892	-101.18	4114.61
1118.1	550.47	4036.41
-164.938	-923.223	4772.45
-318.544	-712.469	3253.68
-621.738	655.883	4868.58
806.55	1014.78	5207.14
918.618	-622.092	3579.61
-294.123	-54.905	4270.75
-464.061	658.19	4865.95
-6.56667	-272.518	4590.48
726.044	1001.12	3287.98
1290.52	-558.581	4116.23
620.36	217.338	3897.21
442.376	324.919	4669.58
-222.544	170.171	4727.77
877.116	1188.93	3735.07
886.237	-173.913	3947.65
-820.686	693.159	3229.89
-805.645	1057.38	3165.93
-118.379	-499.359	3297.31
562.731	-228.698	5048.46
-132.457	381.271	3764.36
-62.3769	-60.2801	3428.3
1167.18	-169.584	4394.77
670.583	-383.808	4559.92
-827.995	406.504	5085.5
-71.5681	-521.806	3997.64
742.746	-352.215	3994.03
1137.13	0.608736	4838.93
583.37	-416.393	3350.64
432.183	-488.167	4789.18
-141.342	5.55684	4050.81
-420.194	-361.788	3067.53
1076.09	1188	3670.99
101.501	1078.94	3311.94
88.6295	-268.361	3720.56
365.612	479.389	3298.58
346.427	1230.52	3809.84
560.597	-719.289	4973.14
337.182	935.283	3993.84
-268.584	216.897	4343.13
833.154	1021.54	4886.73
-424.608	-48.7726	3185.77
1254.28	-528.038	4836.86
-362.716	55.9875	3847.15
-336.123	868.232	3962.8
-629.826	688.247	4230.5
-342.824	-182.335	3553.31
-800.811	958.327	4277.68
877.891	134.442	3905.01
-292.892	-101.18	4114.61
1118.1	550.47	4036.41
-164.938	-923.223	4772.45
-318.544	-712.469	3253.68
-621.738	655.883	4868.58
806.55	1014.78	5207.14
918.618	-622.092	3579.61
-294.123	-54.905	4270.75
-464.061	658.19	4865.95
-6.56667	-272.518	4590.48
726.044	1001.12	3287.98
1290.52	-558.581	4116.23
620.36	217.338	3897.21
442.376	324.919	4669.58
-222.544	170.171	4727.77
877.116	1188.93	3735.07
886.237	-173.913	3947.65
-820.686	693.159	3229.89
-805.645	1057.38	3165.93
-118.379	-499.359	3297.31
562.731	-228.698	5048.46
-132.457	381.271	3764.36
-62.3769	-60.2801	3428.3
1167.18	-169.584	4394.77
670.583	-383.808	4559.92
-827.995	406.504	5085.5
-71.5681	-521.806	3997.64
742.746	-352.215	3994.03
1137.13	0.608736	4838.93
583.37	-416.393	3350.64
432.183	-488.167	4789.18
-141.342	5.55684	4050.81
-420.194	-361.788	3067.53
1076.09	1188	3670.99
101.501	1078.94	3311.94
88.6295	-268.361	3720.56
365.612	479.389	3298.58
346.427	1230.52	3809.84
560.597	-719.289	4973.14
337.182	935.283	3993.84
-268.584	216.897	4343.13
833.154	1021.54	4886.73
-424.608	-48.7726	3185.77
1254.28	-528.038	4836.86
-362.716	55.9875	3847.15
-336.123	868.232	3962.8
-629.826	688.247	4230.5
-342.824	-182.335	3553.31
-800.811	958.327	4277.68
877.891	134.442	3905.01
-292.892	-101.18	4114.61
1118.1	550.47	4036.41
-164.938	-923.223	4772.45
-318.544	-712.469	3253.68
-621.738	655.883	4868.58
806.55	1014.78	5207.14
918.618	-622.092	3579.61
-294.123	-54.905	4270.75
-464.061	658.19	4865.95
-6.56667	-272.518	4590.48
726.044	1001.12	3287.98
1290.52	-558.581	4116.23
620.36	217.338	3897.21
442.376	324.919	4669.58
-222.544	170.171	4727.77
877.116	1188.93	3735.07
886.237	-173.913	3947.65
-820.686	693.159	3229.89
-805.645	1057.38	3165.93
-118.379	-499.359	3297.31
562.731	-228.698	5048.46
-132.457	381.271	3764.36
-62.3769	-60.2801	3428.3
1167.18	-169.584	4394.77
670.583	-383.808	4559.92
-827.995	406.504	5085.5
-71.5681	-521.806	3997.64
742.746	-352.215	3994.03
1137.13	0.608736	4838.93
583.37	-416.393	3350.64
432.183	-488.167	4789.18
-141.342	5.55684	4050.81
-420.194	-361.788	3067.53
1076.09	1188	3670.99
101.501	1078.94	3311.94
88.6295	-268.361	3720.56
365.612	479.389	3298.58
346.427	1230.52	3809.84
560.597	-719.289	4973.14
337.182	935.283	3993.84
-268.584	216.897	4343.13
833.154	1021.54	4886.73
-424.608	-48.7726	3185.77
1254.28	-528.038	4836.86
-362.716	55.9875	3847.15
-336.123	868.232	3962.8
-629.826	688.247	4230.5
-342.824	-182.335	3553.31
-800.811	958.327	4277.68
877.891	134.442	3905.01
-292.892	-101.18	4114.61
1118.1	550.47	4036.41
-164.938	-923.223	4772.45
-318.544	-712.469	3253.68
-621.738	655.883	4868.58
806.55	1014.78	5207.14
918.618	-622.092	3579.61
-294.123	-54.905	4270.75
-464.061	658.19	4865.95
-6.56667	-272.518	4590.48
726.044	1001.12	3287.98
1290.52	-558.581	4116.23
620.36	217.338	3897.21
442.376	324.919	4669.58
-222.544	170.171	4727.77
877.116	1188.93	3735.07
886.237	-173.913	3947.65
-820.686	693.159	3229.89
-805.645	1057.38	3165.93
-118.379	-499.359	3297.31
562.731	-228.698	5048.46
-132.457	381.271	3764.36
-62.3769	-60.2801	3428.3
1167.18	-169.584	4394.77
670.583	-383.808	4559.92
-827.995	406.504	5085.5
-71.5681	-521.806	3997.64
742.746	-352.215	3994.03
1137.13	0.608736	4838.93
583.37	-416.393	3350.64
432.183	-488.167	4789.18
-141.342	5.55684	4050.81
-420.194	-361.788	3067.53
1076.09	1188	3670.99
101.501	1078.94	3311.94
88.6295	-268.361	3720.56
365.612	479.389	3298.58
346.427	1230.52	3809.84
560.597	-719.289	4973.14
337.182	935.283	3993.84
-268.584	216.897	4343.13
833.154	1021.54	4886.73
-424.608	-48.7726	3185.77
1254.28	-528.038	4836.86
-362.716	55.9875	3847.15
-336.123	868.232	3962.8
-629.826	688.247	4230.5
-342.824	-182.335	3553.31
-800.811	958.327	4277.68
877.891	134.442	3905.01
-292.892	-101.18	4114.61
1118.1	550.47	4036.41
-164.938	-923.223	4772.45
-318.544	-712.469	3253.68
-621.738	655.883	4868.58
806.55	1014.78	5207.14
918.618	-622.092	3579.61
-294.123	-54.905	4270.75
-464.061	658.19	4865.95
-6.56667	-272.518	4590.48
726.044	1001.12	3287.98
1290.52	-558.581	4116.23
620.36	217.338	3897.21
442.376	324.919	4669.58
-222.544	170.171	4727.77
877.116	1188.93	3735.07
886.237	-173.913	3947.65
-820.686	693.159	3229.89
-805.645	1057.38	3165.93
-118.379	-499.359	3297.31
562.731	-228.698	5048.46
-132.457	381.271	3764.36
-62.3769	-60.2801	3428.3
1167.18	-169.584	4394.77
670.583	-383.808	4559.92
-827.995	406.504	5085.5
-71.5681	-521.806	3997.64
742.746	-352.215	3994.03
