343.12	-205.198	4909.9
-790.621	-182.064	4592.14
-1.08955	-654.253	4709.26
-410.246	-684.435	4468.03
823.489	1193.45	3640.54
851.241	1228.49	5177.93
634.38	239.733	4536.76
531.941	-402.632	3471.58
-747.192	319.922	5078.96
1160.03	-441.691	5104.5
529.749	856.826	3460.87
265.956	-125.437	3178.81
-594.195	194.274	4135.24
-699.833	179.346	4812.39
-713.036	222.707	5047.3
1056.77	140.78	3277.47
64.9306	806.772	4647.99
-905.931	407.731	4809.56
72.9038	200.846	3581.28
-27.4585	-209.793	4378.09
475.379	-732.651	4710.29
-511.714	101.044	5086.11
219.221	-17.5772	5001.36
-752.992	412.835	3147.65
607.208	599.829	3707.44
704.299	260.378	3218.36
1104.81	853.586	3484.5
1246.99	-314.889	4581.33
900.67	-64.477	4938.59
487.372	429.83	3583.25
252.404	-734.541	3912.4
1074.3	724.779	3831.78
807.449	1421.12	3343.25
-610.368	-528.25	4630.74
6.7719	-810.704	5079.53
0.343241	876.155	3725.8
975.549	-402.943	4830.23
743.087	1010.96	4775.34
926.712	-509.971	4349.13
-239.538	575.674	3903.97
950.311	-500.711	4833.99
-475.553	-677.459	4394.82
82.2269	-773.884	4023.65
145.319	-382.127	3100.89
524.204	-447.994	3948.91
122.921	-297.382	3816.08
312.362	426.16	4648.09
47.4477	26.305	3798.42
-2.95548	643.065	4352.48
-824.762	39.3771	4452.01
343.12	-205.198	4909.9
-790.621	-182.064	4592.14
-1.08955	-654.253	4709.26
-410.246	-684.435	4468.03
823.489	1193.45	3640.54
851.241	1228.49	5177.93
634.38	239.733	4536.76
531.941	-402.632	3471.58
-747.192	319.922	5078.96
1160.03	-441.691	5104.5
529.749	856.826	3460.87
265.956	-125.437	3178.81
-594.195	194.274	4135.24
-699.833	179.346	4812.39
-713.036	222.707	5047.3
1056.77	140.78	3277.47
64.9306	806.772	4647.99
-905.931	407.731	4809.56
72.9038	200.846	3581.28
-27.4585	-209.793	4378.09
475.379	-732.651	4710.29
-511.714	101.044	5086.11
219.221	-17.5772	5001.36
-752.992	412.835	3147.65
607.208	599.829	3707.44
704.299	260.378	3218.36
1104.81	853.586	3484.5
1246.99	-314.889	4581.33
900.67	-64.477	4938.59
487.372	429.83	3583.25
252.404	-734.541	3912.4
1074.3	724.779	3831.78
807.449	1421.12	3343.25
-610.368	-528.25	4630.74
6.7719	-810.704	5079.53
0.343241	876.155	3725.8
975.549	-402.943	4830.23
743.087	1010.96	4775.34
926.712	-509.971	4349.13
-239.538	575.674	3903.97
950.311	-500.711	4833.99
-475.553	-677.459	4394.82
82.2269	-773.884	4023.65
145.319	-382.127	3100.89
524.204	-447.994	3948.91
122.921	-297.382	3816.08
312.362	426.16	4648.09
47.4477	26.305	3798.42
-2.95548	643.065	4352.48
-824.762	39.3771	4452.01
343.12	-205.198	4909.9
-790.621	-182.064	4592.14
-1.08955	-654.253	4709.26
-410.246	-684.435	4468.03
823.489	1193.45	3640.54
851.241	1228.49	5177.93
634.38	239.733	4536.76
531.941	-402.632	3471.58
-747.192	319.922	5078.96
1160.03	-441.691	5104.5
529.749	856.826	3460.87
265.956	-125.437	3178.81
-594.195	194.274	4135.24
-699.833	179.346	4812.39
-713.036	222.707	5047.3
1056.77	140.78	3277.47
64.9306	806.772	4647.99
-905.931	407.731	4809.56
72.9038	200.846	3581.28
-27.4585	-209.793	4378.09
475.379	-732.651	4710.29
-511.714	101.044	5086.11
219.221	-17.5772	5001.36
-752.992	412.835	3147.65
607.208	599.829	3707.44
704.299	260.378	3218.36
1104.81	853.586	3484.5
1246.99	-314.889	4581.33
900.67	-64.477	4938.59
487.372	429.83	3583.25
252.404	-734.541	3912.4
1074.3	724.779	3831.78
807.449	1421.12	3343.25
-610.368	-528.25	4630.74
6.7719	-810.704	5079.53
0.343241	876.155	3725.8
975.549	-402.943	4830.23
743.087	1010.96	4775.34
926.712	-509.971	4349.13
-239.538	575.674	3903.97
950.311	-500.711	4833.99
-475.553	-677.459	4394.82
82.2269	-773.884	4023.65
145.319	-382.127	3100.89
524.204	-447.994	3948.91
122.921	-297.382	3816.08
312.362	426.16	4648.09
47.4477	26.305	3798.42
-2.95548	643.065	4352.48
-824.762	39.3771	4452.01
343.12	-205.198	4909.9
-790.621	-182.064	4592.14
-1.08955	-654.253	4709.26
-410.246	-684.435	4468.03
823.489	1193.45	3640.54
851.241	1228.49	5177.93
634.38	239.733	4536.76
531.941	-402.632	3471.58
-747.192	319.922	5078.96
1160.03	-441.691	5104.5
529.749	856.826	3460.87
265.956	-125.437	3178.81
-594.195	194.274	4135.24
-699.833	179.346	4812.39
-713.036	222.707	5047.3
1056.77	140.78	3277.47
64.9306	806.772	4647.99
-905.931	407.731	4809.56
72.9038	200.846	3581.28
-27.4585	-209.793	4378.09
475.379	-732.651	4710.29
-511.714	101.044	5086.11
219.221	-17.5772	5001.36
-752.992	412.835	3147.65
607.208	599.829	3707.44
704.299	260.378	3218.36
1104.81	853.586	3484.5
1246.99	-314.889	4581.33
900.67	-64.477	4938.59
487.372	429.83	3583.25
252.404	-734.541	3912.4
1074.3	724.779	3831.78
807.449	1421.12	3343.25
-610.368	-528.25	4630.74
6.7719	-810.704	5079.53
0.343241	876.155	3725.8
975.549	-402.943	4830.23
743.087	1010.96	4775.34
926.712	-509.971	4349.13
-239.538	575.674	3903.97
950.311	-500.711	4833.99
-475.553	-677.459	4394.82
82.2269	-773.884	4023.65
145.319	-382.127	3100.89
524.204	-447.994	3948.91
122.921	-297.382	3816.08
312.362	426.16	4648.09
47.4477	26.305	3798.42
-2.95548	643.065	4352.48
-824.762	39.3771	4452.01
343.12	-205.198	4909.9
-790.621	-182.064	4592.14
-1.08955	-654.253	4709.26
-410.246	-684.435	4468.03
823.489	1193.45	3640.54
851.241	1228.49	5177.93
634.38	239.733	4536.76
531.941	-402.632	3471.58
-747.192	319.922	5078.96
1160.03	-441.691	5104.5
529.749	856.826	3460.87
265.956	-125.437	3178.81
-594.195	194.274	4135.24
-699.833	179.346	4812.39
-713.036	222.707	5047.3
1056.77	140.78	3277.47
64.9306	806.772	4647.99
-905.931	407.731	4809.56
72.9038	200.846	3581.28
-27.4585	-209.793	4378.09
475.379	-732.651	4710.29
-511.714	101.044	5086.11
219.221	-17.5772	5001.36
-752.992	412.835	3147.65
607.208	599.829	3707.44
704.299	260.378	3218.36
1104.81	853.586	3484.5
1246.99	-314.889	4581.33
900.67	-64.477	4938.59
487.372	429.83	3583.25
252.404	-734.541	3912.4
1074.3	724.779	3831.78
807.449	1421.12	3343.25
-610.368	-528.25	4630.74
6.7719	-810.704	5079.53
0.343241	876.155	3725.8
975.549	-402.943	4830.23
743.087	1010.96	4775.34
926.712	-509.971	4349.13
-239.538	575.674	3903.97
950.311	-500.711	4833.99
-475.553	-677.459	4394.82
82.2269	-773.884	4023.65
145.319	-382.127	3100.89
524.204	-447.994	3948.91
122.921	-297.382	3816.08
312.362	426.16	4648.09
47.4477	26.305	3798.42
-2.95548	643.065	4352.48
-824.762	39.3771	4452.01
