340.076	-203.378	4866.33
-783.398	-180.401	4550.18
-1.08006	-648.551	4668.21
-406.642	-678.423	4428.78
815.746	1182.23	3606.31
843.16	1216.82	5128.77
628.663	237.573	4495.87
527.34	-399.149	3441.55
-740.163	316.913	5031.19
1150.09	-437.906	5060.77
524.827	848.865	3428.72
263.606	-124.328	3150.71
-588.695	192.475	4096.96
-693.317	177.677	4767.59
-706.371	220.625	5000.12
1047.47	139.542	3248.65
64.3177	799.156	4604.11
-897.348	403.868	4763.99
72.2424	199.024	3548.78
-27.2133	-207.919	4338.99
471.309	-726.378	4669.96
-506.986	100.11	5039.12
217.247	-17.419	4956.34
-745.949	408.974	3118.21
601.649	594.338	3673.5
698.007	258.052	3189.61
1094.69	845.772	3452.6
1236.29	-312.185	4542
892.731	-63.9086	4895.06
482.942	425.923	3550.68
250.241	-728.245	3878.86
1064.51	718.173	3796.86
799.773	1407.61	3311.46
-604.924	-523.538	4589.43
6.71331	-803.689	5035.58
0.340009	867.885	3690.63
967.141	-399.471	4788.6
736.109	1001.47	4730.5
918.787	-505.61	4311.94
-237.297	570.289	3867.45
942.163	-496.419	4792.54
-471.369	-671.499	4356.15
81.5199	-767.23	3989.05
144.05	-378.79	3073.81
519.667	-444.117	3914.73
121.837	-294.759	3782.42
309.492	422.244	4605.39
47.0206	26.0683	3764.22
-2.92784	637.049	4311.76
-817.135	39.013	4410.84
340.076	-203.378	4866.33
-783.398	-180.401	4550.18
-1.08006	-648.551	4668.21
-406.642	-678.423	4428.78
815.746	1182.23	3606.31
843.16	1216.82	5128.77
628.663	237.573	4495.87
527.34	-399.149	3441.55
-740.163	316.913	5031.19
1150.09	-437.906	5060.77
524.827	848.865	3428.72
263.606	-124.328	3150.71
-588.695	192.475	4096.96
-693.317	177.677	4767.59
-706.371	220.625	5000.12
1047.47	139.542	3248.65
64.3177	799.156	4604.11
-897.348	403.868	4763.99
72.2424	199.024	3548.78
-27.2133	-207.919	4338.99
471.309	-726.378	4669.96
-506.986	100.11	5039.12
217.247	-17.419	4956.34
-745.949	408.974	3118.21
601.649	594.338	3673.5
698.007	258.052	3189.61
1094.69	845.772	3452.6
1236.29	-312.185	4542
892.731	-63.9086	4895.06
482.942	425.923	3550.68
250.241	-728.245	3878.86
1064.51	718.173	3796.86
799.773	1407.61	3311.46
-604.924	-523.538	4589.43
6.71331	-803.689	5035.58
0.340009	867.885	3690.63
967.141	-399.471	4788.6
736.109	1001.47	4730.5
918.787	-505.61	4311.94
-237.297	570.289	3867.45
942.163	-496.419	4792.54
-471.369	-671.499	4356.15
81.5199	-767.23	3989.05
144.05	-378.79	3073.81
519.667	-444.117	3914.73
121.837	-294.759	3782.42
309.492	422.244	4605.39
47.0206	26.0683	3764.22
-2.92784	637.049	4311.76
-817.135	39.013	4410.84
340.076	-203.378	4866.33
-783.398	-180.401	4550.18
-1.08006	-648.551	4668.21
-406.642	-678.423	4428.78
815.746	1182.23	3606.31
843.16	1216.82	5128.77
628.663	237.573	4495.87
527.34	-399.149	3441.55
-740.163	316.913	5031.19
1150.09	-437.906	5060.77
524.827	848.865	3428.72
263.606	-124.328	3150.71
-588.695	192.475	4096.96
-693.317	177.677	4767.59
-706.371	220.625	5000.12
1047.47	139.542	3248.65
64.3177	799.156	4604.11
-897.348	403.868	4763.99
72.2424	199.024	3548.78
-27.2133	-207.919	4338.99
471.309	-726.378	4669.96
-506.986	100.11	5039.12
217.247	-17.419	4956.34
-745.949	408.974	3118.21
601.649	594.338	3673.5
698.007	258.052	3189.61
1094.69	845.772	3452.6
1236.29	-312.185	4542
892.731	-63.9086	4895.06
482.942	425.923	3550.68
250.241	-728.245	3878.86
1064.51	718.173	3796.86
799.773	1407.61	3311.46
-604.924	-523.538	4589.43
6.71331	-803.689	5035.58
0.340009	867.885	3690.63
967.141	-399.471	4788.6
736.109	1001.47	4730.5
918.787	-505.61	4311.94
-237.297	570.289	3867.45
942.163	-496.419	4792.54
-471.369	-671.499	4356.15
81.5199	-767.23	3989.05
144.05	-378.79	3073.81
519.667	-444.117	3914.73
121.837	-294.759	3782.42
309.492	422.244	4605.39
47.0206	26.0683	3764.22
-2.92784	637.049	4311.76
-817.135	39.013	4410.84
340.076	-203.378	4866.33
-783.398	-180.401	4550.18
-1.08006	-648.551	4668.21
-406.642	-678.423	4428.78
815.746	1182.23	3606.31
843.16	1216.82	5128.77
628.663	237.573	4495.87
527.34	-399.149	3441.55
-740.163	316.913	5031.19
1150.09	-437.906	5060.77
524.827	848.865	3428.72
263.606	-124.328	3150.71
-588.695	192.475	4096.96
-693.317	177.677	4767.59
-706.371	220.625	5000.12
1047.47	139.542	3248.65
64.3177	799.156	4604.11
-897.348	403.868	4763.99
72.2424	199.024	3548.78
-27.2133	-207.919	4338.99
471.309	-726.378	4669.96
-506.986	100.11	5039.12
217.247	-17.419	4956.34
-745.949	408.974	3118.21
601.649	594.338	3673.5
698.007	258.052	3189.61
1094.69	845.772	3452.6
1236.29	-312.185	4542
892.731	-63.9086	4895.06
482.942	425.923	3550.68
250.241	-728.245	3878.86
1064.51	718.173	3796.86
799.773	1407.61	3311.46
-604.924	-523.538	4589.43
6.71331	-803.689	5035.58
0.340009	867.885	3690.63
967.141	-399.471	4788.6
736.109	1001.47	4730.5
918.787	-505.61	4311.94
-237.297	570.289	3867.45
942.163	-496.419	4792.54
-471.369	-671.499	4356.15
81.5199	-767.23	3989.05
144.05	-378.79	3073.81
519.667	-444.117	3914.73
121.837	-294.759	3782.42
309.492	422.244	4605.39
47.0206	26.0683	3764.22
-2.92784	637.049	4311.76
-817.135	39.013	4410.84
340.076	-203.378	4866.33
-783.398	-180.401	4550.18
-1.08006	-648.551	4668.21
-406.642	-678.423	4428.78
815.746	1182.23	3606.31
843.16	1216.82	5128.77
628.663	237.573	4495.87
527.34	-399.149	3441.55
-740.163	316.913	5031.19
1150.09	-437.906	5060.77
524.827	848.865	3428.72
263.606	-124.328	3150.71
-588.695	192.475	4096.96
-693.317	177.677	4767.59
-706.371	220.625	5000.12
1047.47	139.542	3248.65
64.3177	799.156	4604.11
-897.348	403.868	4763.99
72.2424	199.024	3548.78
-27.2133	-207.919	4338.99
471.309	-726.378	4669.96
-506.986	100.11	5039.12
217.247	-17.419	4956.34
-745.949	408.974	3118.21
601.649	594.338	3673.5
698.007	258.052	3189.61
1094.69	845.772	3452.6
1236.29	-312.185	4542
892.731	-63.9086	4895.06
482.942	425.923	3550.68
250.241	-728.245	3878.86
1064.51	718.173	3796.86
799.773	1407.61	3311.46
-604.924	-523.538	4589.43
6.71331	-803.689	5035.58
0.340009	867.885	3690.63
967.141	-399.471	4788.6
736.109	1001.47	4730.5
918.787	-505.61	4311.94
-237.297	570.289	3867.45
942.163	-496.419	4792.54
-471.369	-671.499	4356.15
81.5199	-767.23	3989.05
144.05	-378.79	3073.81
519.667	-444.117	3914.73
121.837	-294.759	3782.42
309.492	422.244	4605.39
47.0206	26.0683	3764.22
-2.92784	637.049	4311.76
-817.135	39.013	4410.84
