341.562	-205.572	4892.83
-787.687	-182.447	4575.01
-1.31999	-652.828	4692.43
-408.833	-682.785	4451.65
820.304	1188.37	3628.42
847.885	1222.94	5160.86
631.789	237.806	4521.37
529.77	-401.923	3459.62
-744.517	317.422	5060.18
1155.59	-441.263	5087.67
527.584	852.898	3449.07
264.776	-125.703	3167.69
-592.082	192.505	4120.04
-697.325	177.469	4794.61
-710.492	220.602	5028.66
1052.78	139.541	3266.61
64.3946	802.647	4631.73
-902.587	404.928	4791.62
72.4186	199.238	3568.63
-27.5873	-210.02	4362.5
473.351	-730.979	4693.96
-509.986	99.4244	5067.53
218.114	-18.6843	4983.89
-750.185	410.419	3135.96
604.757	596.785	3694.85
701.53	258.692	3207.46
1100.69	849.799	3473.08
1242.3	-314.799	4566.32
897.128	-65.3753	4922.08
485.353	427.414	3570.96
251.249	-732.639	3898.63
1070.26	721.352	3819.2
804.337	1415.32	3332.1
-608.156	-527.251	4613.59
6.49643	-808.755	5061.38
0.098156	871.972	3712.68
971.744	-402.581	4814.09
740.114	1006.24	4759.42
923.096	-509.096	4334.53
-238.856	572.526	3889.96
946.59	-499.989	4817.79
-473.871	-675.813	4378.65
81.7163	-771.833	4009.33
144.604	-381.389	3089.94
522.036	-447.227	3935.3
122.25	-297.14	3802.6
310.921	423.484	4632.02
47.0537	25.3086	3784.97
-3.21339	639.603	4337.15
-821.7	38.1351	4435.41
341.584	-205.585	4893.14
-787.737	-182.459	4575.3
-1.32003	-652.869	4692.73
-408.859	-682.829	4451.93
820.356	1188.45	3628.65
847.939	1223.02	5161.19
631.829	237.822	4521.66
529.804	-401.948	3459.84
-744.564	317.442	5060.5
1155.67	-441.291	5087.99
527.618	852.952	3449.29
264.793	-125.711	3167.89
-592.119	192.518	4120.3
-697.369	177.48	4794.92
-710.538	220.616	5028.98
1052.85	139.55	3266.82
64.3988	802.698	4632.03
-902.644	404.953	4791.92
72.4233	199.251	3568.86
-27.5891	-210.033	4362.77
473.381	-731.025	4694.26
-510.018	99.4308	5067.85
218.128	-18.6854	4984.2
-750.233	410.445	3136.15
604.796	596.823	3695.09
701.575	258.708	3207.66
1100.76	849.853	3473.3
1242.38	-314.819	4566.61
897.185	-65.3794	4922.4
485.384	427.441	3571.19
251.265	-732.686	3898.88
1070.32	721.398	3819.45
804.388	1415.41	3332.31
-608.195	-527.284	4613.88
6.49688	-808.806	5061.7
0.0981998	872.028	3712.91
971.806	-402.606	4814.39
740.161	1006.31	4759.72
923.155	-509.129	4334.8
-238.871	572.563	3890.21
946.65	-500.02	4818.1
-473.901	-675.856	4378.93
81.7215	-771.883	4009.59
144.614	-381.413	3090.14
522.07	-447.256	3935.55
122.258	-297.159	3802.85
310.941	423.511	4632.31
47.0568	25.3102	3785.21
-3.21355	639.643	4337.42
-821.752	38.1375	4435.69
348.818	-194.231	4807.65
-778.637	-202.391	4495.23
18.957	-649.974	4610.65
-386.914	-691.171	4374.01
787.414	1209.34	3565.48
814.721	1245.05	5071.24
625.974	256.022	4442.74
541.316	-385.366	3399.4
-749.115	297.664	4972.02
1167.58	-406.877	4999.16
504.528	866.511	3389.17
269.17	-117.173	3112.55
-594.04	176.959	4048.25
-698.301	159.255	4711.06
-712.514	201.995	4941.04
1048.11	169.22	3209.87
44.3568	803.954	4551.18
-909.365	380.53	4708.11
68.4868	201.836	3506.52
-19.6208	-209.005	4286.52
494.698	-714.857	4612.21
-509.106	86.6364	4979.24
220.543	-11.149	4897.12
-758.268	389.721	3081.31
588.706	613.188	3630.66
694.345	278.394	3151.73
1076.41	879.229	3412.83
1250.35	-278.466	4486.92
899.262	-39.0279	4836.49
474.185	440.875	3508.89
272.764	-722.872	3830.69
1049.76	750.34	3752.91
765.081	1435.24	3274.33
-589.99	-541.441	4533.12
31.2342	-805.217	4973.16
-22.1492	871.075	3648.13
982.954	-373.434	4730.34
712.978	1025.75	4676.75
937.12	-481.188	4259.1
-252.214	565.78	3822.27
960.545	-471.311	4733.97
-452.029	-686.029	4302.27
104.754	-766.62	3939.45
156.287	-375.61	3036.11
535.079	-430.638	3866.79
132.005	-291.959	3736.37
300.774	432.46	4551.45
48.081	27.6704	3719.08
-18.7429	639.332	4261.69
-818.722	16.705	4358.07
348.818	-194.231	4807.65
-778.637	-202.391	4495.23
18.957	-649.974	4610.65
-386.914	-691.171	4374.01
787.414	1209.34	3565.48
814.721	1245.05	5071.24
625.974	256.022	4442.74
541.316	-385.366	3399.4
-749.115	297.664	4972.02
1167.58	-406.877	4999.16
504.528	866.511	3389.17
269.17	-117.173	3112.55
-594.04	176.959	4048.25
-698.301	159.255	4711.06
-712.514	201.995	4941.04
1048.11	169.22	3209.87
44.3568	803.954	4551.18
-909.365	380.53	4708.11
68.4868	201.836	3506.52
-19.6208	-209.005	4286.52
494.698	-714.857	4612.21
-509.106	86.6364	4979.24
220.543	-11.149	4897.12
-758.268	389.721	3081.31
588.706	613.188	3630.66
694.345	278.394	3151.73
1076.41	879.229	3412.83
1250.35	-278.466	4486.92
899.262	-39.0279	4836.49
474.185	440.875	3508.89
272.764	-722.872	3830.69
1049.76	750.34	3752.91
765.081	1435.24	3274.33
-589.99	-541.441	4533.12
31.2342	-805.217	4973.16
-22.1492	871.075	3648.13
982.954	-373.434	4730.34
712.978	1025.75	4676.75
937.12	-481.188	4259.1
-252.214	565.78	3822.27
960.545	-471.311	4733.97
-452.029	-686.029	4302.27
104.754	-766.62	3939.45
156.287	-375.61	3036.11
535.079	-430.638	3866.79
132.005	-291.959	3736.37
300.774	432.46	4551.45
48.081	27.6704	3719.08
-18.7429	639.332	4261.69
-818.722	16.705	4358.07
348.818	-194.231	4807.65
-778.637	-202.391	4495.23
18.957	-649.974	4610.65
-386.914	-691.171	4374.01
787.414	1209.34	3565.48
814.721	1245.05	5071.24
625.974	256.022	4442.74
541.316	-385.366	3399.4
-749.115	297.664	4972.02
1167.58	-406.877	4999.16
504.528	866.511	3389.17
269.17	-117.173	3112.55
-594.04	176.959	4048.25
-698.301	159.255	4711.06
-712.514	201.995	4941.04
1048.11	169.22	3209.87
44.3568	803.954	4551.18
-909.365	380.53	4708.11
68.4868	201.836	3506.52
-19.6208	-209.005	4286.52
494.698	-714.857	4612.21
-509.106	86.6364	4979.24
220.543	-11.149	4897.12
-758.268	389.721	3081.31
588.706	613.188	3630.66
694.345	278.394	3151.73
1076.41	879.229	3412.83
1250.35	-278.466	4486.92
899.262	-39.0279	4836.49
474.185	440.875	3508.89
272.764	-722.872	3830.69
1049.76	750.34	3752.91
765.081	1435.24	3274.33
-589.99	-541.441	4533.12
31.2342	-805.217	4973.16
-22.1492	871.075	3648.13
982.954	-373.434	4730.34
712.978	1025.75	4676.75
937.12	-481.188	4259.1
-252.214	565.78	3822.27
960.545	-471.311	4733.97
-452.029	-686.029	4302.27
104.754	-766.62	3939.45
156.287	-375.61	3036.11
535.079	-430.638	3866.79
132.005	-291.959	3736.37
300.774	432.46	4551.45
48.081	27.6704	3719.08
-18.7429	639.332	4261.69
-818.722	16.705	4358.07
