3.026163915143193321e+02	1.298771710136186641e+02
3.866461492660927775e+02	2.292832103494454259e+02
4.309473312156705447e+02	2.343086914752546193e+02
3.447144038601047100e+02	2.474922758822208948e+02
4.091401559776413137e+02	1.706465890597107773e+02
3.579994590772307106e+02	2.166560051676929106e+02
4.369534915150680945e+02	2.167709774871891000e+02
4.300561284897750625e+02	2.994684686292801530e+02
2.980622368967910347e+02	2.013834857707977903e+02
2.968409874199015235e+02	2.491347824996041993e+02
3.466013819431221918e+02	2.736290862609576493e+02
3.383668974954809983e+02	2.608982968507548321e+02
4.377958177270082274e+02	2.001492941956338711e+02
4.662918697131973431e+02	2.286792504474952636e+02
2.705219840461162448e+02	3.546178825391489795e+02
4.282192925307087421e+02	2.817797613092736242e+02
3.180139219873570937e+02	2.041921344352682297e+02
3.302327462417988500e+02	2.591496050426135298e+02
4.144362055685463133e+02	2.639734849215691952e+02
3.403372466533841134e+02	2.303401111961404411e+02
4.177996526346064456e+02	2.158495343417821744e+02
4.837152746563120900e+02	1.861162289039480129e+02
4.373080722243421974e+02	2.621192168138057923e+02
2.955596886608788623e+02	1.544356369088366705e+02
4.315953727838611371e+02	2.969369179772834286e+02
4.190174577180381448e+02	1.710642375783600073e+02
4.014676066699867079e+02	2.844628296939283132e+02
2.956529514714786728e+02	2.483104409282830147e+02
3.118780941178026751e+02	1.665296359770051140e+02
2.686921055601247872e+02	2.209231228617794898e+02
4.758887951299029737e+02	2.110841442143012330e+02
4.365562168596157449e+02	2.421894867494742414e+02
2.888627031633440083e+02	2.906607949626701384e+02
3.503618624108753465e+02	2.184163876687152595e+02
3.784102487147750935e+02	1.631551702160895729e+02
4.179038439651404246e+02	2.501509107554372235e+02
4.622543663985529179e+02	2.577055151024113115e+02
4.593979177508052771e+02	3.259856516908558319e+02
3.464675290751613943e+02	1.617006445345341206e+02
4.447924570112790548e+02	1.895084807691348487e+02
3.303904693622387185e+02	1.806488205852334659e+02
3.303176950525045754e+02	3.325507021906765885e+02
3.597584056568111919e+02	2.345211975985384356e+02
3.478250463117607865e+02	1.884084676551704263e+02
3.218996286971748759e+02	1.658760938327646386e+02
3.082076316679143133e+02	2.345893110544436126e+02
4.393204305882880476e+02	1.978597628571912423e+02
4.617754846929944392e+02	1.961983333176596602e+02
2.791051988586037851e+02	3.095172464729884041e+02
3.823815829144460281e+02	2.664372404129182428e+02
