3.162970230643487639e+02	1.316507995307579790e+02
3.915859002489524983e+02	2.379166678402713160e+02
4.352745278635538853e+02	2.467622735274675847e+02
3.482027985084790771e+02	2.527072383059101810e+02
4.191185257856330395e+02	1.819113379487425277e+02
3.641491912939619056e+02	2.229058385869206234e+02
4.428006083816375735e+02	2.298902638777764480e+02
4.287160978229479724e+02	3.114979888099754817e+02
3.056482093553143500e+02	2.024694857627655722e+02
3.002743349560849424e+02	2.502282687007996458e+02
3.478479701492740332e+02	2.783963565514006859e+02
3.407216842411033895e+02	2.653411051978040973e+02
4.451123317242989970e+02	2.134099398619569001e+02
4.710201019250543482e+02	2.443733452697824475e+02
2.645497432110701084e+02	3.534057595850163693e+02
4.284217167536164084e+02	2.936748856659778539e+02
3.253523830153351923e+02	2.069540534098614444e+02
3.327831167329730420e+02	2.626661662732432774e+02
4.162208619901630300e+02	2.749627973035123887e+02
3.453695609645208151e+02	2.348234709203529178e+02
4.237739916406179645e+02	2.274866006052806711e+02
4.922302846117829063e+02	2.036455430905165827e+02
4.391963098467635973e+02	2.748236583873611494e+02
3.071413056075993495e+02	1.555737111431805033e+02
4.304673931631807022e+02	3.091307365736728343e+02
4.289528206050367203e+02	1.829595175054597576e+02
4.014957747338497143e+02	2.945368016664905895e+02
2.991838848554197625e+02	2.490059497858545967e+02
3.224324392585722308e+02	1.691994038418347372e+02
2.745162763905487395e+02	2.197736590782512849e+02
4.821369278199686050e+02	2.280880536688432869e+02
4.401795892693770611e+02	2.550297516459344820e+02
2.886936410468413214e+02	2.905428005562004614e+02
3.563972140839866825e+02	2.238485076631261848e+02
3.891783610291060427e+02	1.712781136115195011e+02
4.209045383350299971e+02	2.612404010692159773e+02
4.644089175523014887e+02	2.732547613696413578e+02
4.556816908588619413e+02	3.408376406801502867e+02
3.573896836605742919e+02	1.675800265797073507e+02
4.530202475275380607e+02	2.036473697782710985e+02
3.397567102025691383e+02	1.844237185666796677e+02
3.264090352086022335e+02	3.360955781946457250e+02
3.643399930245545306e+02	2.409031116535491037e+02
3.564734645640854751e+02	1.937762148231271340e+02
3.325306774764904958e+02	1.691562705149314638e+02
3.129145972439328602e+02	2.365309740286448061e+02
4.468248545169151953e+02	2.113944871337864697e+02
4.693804274190881074e+02	2.118021869519598681e+02
2.772145672292504628e+02	3.089723339425178779e+02
3.840806666871017114e+02	2.747104532646005168e+02
