3353.68	3716.59	5087.88
4095.51	2060.26	4657.31
1956.42	3963.21	3792.74
-656.999	1835.48	3684.94
676.372	1931.3	8569.76
2037.8	282.468	7181.53
-787.88	1306.72	7733.33
-816.457	-843.734	5632.88
3974.8	-463.629	8159.83
-13.612	-272.492	5528.76
485.088	-818.977	5994.41
3688.84	1146.93	7036.58
2631.27	3006.19	7365.63
1315.22	-158.397	8349.01
3825.06	1907.7	5684.25
2300.41	3315.26	5289.05
2486.8	2990.76	6988.92
173.333	3290.67	4150.37
3143.49	4632.07	6896.38
-383.613	3770.79	8524.66
3343.55	4697.27	8368.29
1347.4	-753.718	4749.67
2853.85	-463.769	3542.01
-110.397	26.2632	6281.6
4783.67	771.205	6660.66
-1305.01	4270.4	7862.49
1286.57	1290.63	5585.55
3574.59	2290.48	7175.94
-242.817	2506.6	8387.03
1046.56	4903.33	5423.51
2179.29	2066.94	3310.56
65.7787	3460.14	6573.88
846.878	4668.87	5301.82
2647.21	4314.45	7790.61
3562.32	1636.52	4791.36
1653.87	1315.99	7917.89
899.137	78.6466	8214.21
2354.04	-295.916	2623.16
1085.67	-578.315	3379.88
4673.18	206.597	3348.89
576.171	2913.16	6731.7
4303.35	2008.98	3849.31
3786.8	1773.93	4654.84
4590.31	988.991	7323.7
3320	2065.13	3418.58
2335.5	3316.75	5572.56
1838.09	1618.87	5440.63
2306.65	1698.32	6445.08
-1389.14	2332.34	8073.34
66.6396	-145.719	7117.12
3353.68	3716.59	5087.88
4095.51	2060.26	4657.31
1956.42	3963.21	3792.74
-656.999	1835.48	3684.94
676.372	1931.3	8569.76
2037.8	282.468	7181.53
-787.88	1306.72	7733.33
-816.457	-843.734	5632.88
3974.8	-463.629	8159.83
-13.612	-272.492	5528.76
485.088	-818.977	5994.41
3688.84	1146.93	7036.58
2631.27	3006.19	7365.63
1315.22	-158.397	8349.01
3825.06	1907.7	5684.25
2300.41	3315.26	5289.05
2486.8	2990.76	6988.92
173.333	3290.67	4150.37
3143.49	4632.07	6896.38
-383.613	3770.79	8524.66
3343.55	4697.27	8368.29
1347.4	-753.718	4749.67
2853.85	-463.769	3542.01
-110.397	26.2632	6281.6
4783.67	771.205	6660.66
-1305.01	4270.4	7862.49
1286.57	1290.63	5585.55
3574.59	2290.48	7175.94
-242.817	2506.6	8387.03
1046.56	4903.33	5423.51
2179.29	2066.94	3310.56
65.7787	3460.14	6573.88
846.878	4668.87	5301.82
2647.21	4314.45	7790.61
3562.32	1636.52	4791.36
1653.87	1315.99	7917.89
899.137	78.6466	8214.21
2354.04	-295.916	2623.16
1085.67	-578.315	3379.88
4673.18	206.597	3348.89
576.171	2913.16	6731.7
4303.35	2008.98	3849.31
3786.8	1773.93	4654.84
4590.31	988.991	7323.7
3320	2065.13	3418.58
2335.5	3316.75	5572.56
1838.09	1618.87	5440.63
2306.65	1698.32	6445.08
-1389.14	2332.34	8073.34
66.6396	-145.719	7117.12
3353.68	3716.59	5087.88
4095.51	2060.26	4657.31
1956.42	3963.21	3792.74
-656.999	1835.48	3684.94
676.372	1931.3	8569.76
2037.8	282.468	7181.53
-787.88	1306.72	7733.33
-816.457	-843.734	5632.88
3974.8	-463.629	8159.83
-13.612	-272.492	5528.76
485.088	-818.977	5994.41
3688.84	1146.93	7036.58
2631.27	3006.19	7365.63
1315.22	-158.397	8349.01
3825.06	1907.7	5684.25
2300.41	3315.26	5289.05
2486.8	2990.76	6988.92
173.333	3290.67	4150.37
3143.49	4632.07	6896.38
-383.613	3770.79	8524.66
3343.55	4697.27	8368.29
1347.4	-753.718	4749.67
2853.85	-463.769	3542.01
-110.397	26.2632	6281.6
4783.67	771.205	6660.66
-1305.01	4270.4	7862.49
1286.57	1290.63	5585.55
3574.59	2290.48	7175.94
-242.817	2506.6	8387.03
1046.56	4903.33	5423.51
2179.29	2066.94	3310.56
65.7787	3460.14	6573.88
846.878	4668.87	5301.82
2647.21	4314.45	7790.61
3562.32	1636.52	4791.36
1653.87	1315.99	7917.89
899.137	78.6466	8214.21
2354.04	-295.916	2623.16
1085.67	-578.315	3379.88
4673.18	206.597	3348.89
576.171	2913.16	6731.7
4303.35	2008.98	3849.31
3786.8	1773.93	4654.84
4590.31	988.991	7323.7
3320	2065.13	3418.58
2335.5	3316.75	5572.56
1838.09	1618.87	5440.63
2306.65	1698.32	6445.08
-1389.14	2332.34	8073.34
66.6396	-145.719	7117.12
3353.68	3716.59	5087.88
4095.51	2060.26	4657.31
1956.42	3963.21	3792.74
-656.999	1835.48	3684.94
676.372	1931.3	8569.76
2037.8	282.468	7181.53
-787.88	1306.72	7733.33
-816.457	-843.734	5632.88
3974.8	-463.629	8159.83
-13.612	-272.492	5528.76
485.088	-818.977	5994.41
3688.84	1146.93	7036.58
2631.27	3006.19	7365.63
1315.22	-158.397	8349.01
3825.06	1907.7	5684.25
2300.41	3315.26	5289.05
2486.8	2990.76	6988.92
173.333	3290.67	4150.37
3143.49	4632.07	6896.38
-383.613	3770.79	8524.66
3343.55	4697.27	8368.29
1347.4	-753.718	4749.67
2853.85	-463.769	3542.01
-110.397	26.2632	6281.6
4783.67	771.205	6660.66
-1305.01	4270.4	7862.49
1286.57	1290.63	5585.55
3574.59	2290.48	7175.94
-242.817	2506.6	8387.03
1046.56	4903.33	5423.51
2179.29	2066.94	3310.56
65.7787	3460.14	6573.88
846.878	4668.87	5301.82
2647.21	4314.45	7790.61
3562.32	1636.52	4791.36
1653.87	1315.99	7917.89
899.137	78.6466	8214.21
2354.04	-295.916	2623.16
1085.67	-578.315	3379.88
4673.18	206.597	3348.89
576.171	2913.16	6731.7
4303.35	2008.98	3849.31
3786.8	1773.93	4654.84
4590.31	988.991	7323.7
3320	2065.13	3418.58
2335.5	3316.75	5572.56
1838.09	1618.87	5440.63
2306.65	1698.32	6445.08
-1389.14	2332.34	8073.34
66.6396	-145.719	7117.12
3353.68	3716.59	5087.88
4095.51	2060.26	4657.31
1956.42	3963.21	3792.74
-656.999	1835.48	3684.94
676.372	1931.3	8569.76
2037.8	282.468	7181.53
-787.88	1306.72	7733.33
-816.457	-843.734	5632.88
3974.8	-463.629	8159.83
-13.612	-272.492	5528.76
485.088	-818.977	5994.41
3688.84	1146.93	7036.58
2631.27	3006.19	7365.63
1315.22	-158.397	8349.01
3825.06	1907.7	5684.25
2300.41	3315.26	5289.05
2486.8	2990.76	6988.92
173.333	3290.67	4150.37
3143.49	4632.07	6896.38
-383.613	3770.79	8524.66
3343.55	4697.27	8368.29
1347.4	-753.718	4749.67
2853.85	-463.769	3542.01
-110.397	26.2632	6281.6
4783.67	771.205	6660.66
-1305.01	4270.4	7862.49
1286.57	1290.63	5585.55
3574.59	2290.48	7175.94
-242.817	2506.6	8387.03
1046.56	4903.33	5423.51
2179.29	2066.94	3310.56
65.7787	3460.14	6573.88
846.878	4668.87	5301.82
2647.21	4314.45	7790.61
3562.32	1636.52	4791.36
1653.87	1315.99	7917.89
899.137	78.6466	8214.21
2354.04	-295.916	2623.16
1085.67	-578.315	3379.88
4673.18	206.597	3348.89
576.171	2913.16	6731.7
4303.35	2008.98	3849.31
3786.8	1773.93	4654.84
4590.31	988.991	7323.7
3320	2065.13	3418.58
2335.5	3316.75	5572.56
1838.09	1618.87	5440.63
2306.65	1698.32	6445.08
-1389.14	2332.34	8073.34
66.6396	-145.719	7117.12
