3579.98	3967.39	5431.21
4371.9	2199.3	4971.61
2088.5	4230.77	4048.79
-701.384	1959.48	3933.89
722.012	2061.62	9148.04
2175.33	301.532	7666.22
-841.071	1394.94	8255.42
-871.611	-900.731	6013.39
4242.94	-494.905	8710.28
-14.5314	-290.896	5902.18
517.847	-874.285	6399.23
3937.71	1224.31	7511.31
2808.78	3209	7862.54
1403.98	-169.087	8912.46
4083.16	2036.43	6067.81
2455.67	3539.01	5646.01
2654.59	3192.55	7460.46
185.038	3512.89	4430.65
3355.53	4944.51	7361.55
-409.499	4025.24	9099.89
3569.01	5014	8932.56
1438.4	-804.622	5070.45
3046.58	-495.089	3781.21
-117.852	28.0367	6705.8
5106.38	823.232	7110
-1393.09	4558.63	8393.18
1373.44	1377.76	5962.65
3815.73	2445	7660.02
-259.204	2675.76	8953.05
1117.19	5234.28	5789.57
2326.45	2206.52	3534.11
70.2188	3693.71	7017.62
904.042	4984.02	5659.69
2825.76	4605.45	8316.07
3802.76	1746.98	5114.75
1765.47	1404.8	8452.18
959.822	83.9546	8768.61
2513.05	-315.905	2800.36
1159.01	-617.384	3608.21
4988.67	220.544	3574.96
615.06	3109.79	7186.07
4593.8	2144.57	4109.11
4042.38	1893.66	4969.01
4899.94	1055.7	7817.7
3544.14	2204.55	3649.38
2493.12	3540.59	5948.64
1962.17	1728.15	5807.91
2462.32	1812.94	6880.04
-1482.92	2489.79	8618.35
71.139	-155.558	7597.66
3579.98	3967.39	5431.21
4371.9	2199.3	4971.61
2088.5	4230.77	4048.79
-701.384	1959.48	3933.89
722.012	2061.62	9148.04
2175.33	301.532	7666.22
-841.071	1394.94	8255.42
-871.611	-900.731	6013.39
4242.94	-494.905	8710.28
-14.5314	-290.896	5902.18
517.847	-874.285	6399.23
3937.71	1224.31	7511.31
2808.78	3209	7862.54
1403.98	-169.087	8912.46
4083.16	2036.43	6067.81
2455.67	3539.01	5646.01
2654.59	3192.55	7460.46
185.038	3512.89	4430.65
3355.53	4944.51	7361.55
-409.499	4025.24	9099.89
3569.01	5014	8932.56
1438.4	-804.622	5070.45
3046.58	-495.089	3781.21
-117.852	28.0367	6705.8
5106.38	823.232	7110
-1393.09	4558.63	8393.18
1373.44	1377.76	5962.65
3815.73	2445	7660.02
-259.204	2675.76	8953.05
1117.19	5234.28	5789.57
2326.45	2206.52	3534.11
70.2188	3693.71	7017.62
904.042	4984.02	5659.69
2825.76	4605.45	8316.07
3802.76	1746.98	5114.75
1765.47	1404.8	8452.18
959.822	83.9546	8768.61
2513.05	-315.905	2800.36
1159.01	-617.384	3608.21
4988.67	220.544	3574.96
615.06	3109.79	7186.07
4593.8	2144.57	4109.11
4042.38	1893.66	4969.01
4899.94	1055.7	7817.7
3544.14	2204.55	3649.38
2493.12	3540.59	5948.64
1962.17	1728.15	5807.91
2462.32	1812.94	6880.04
-1482.92	2489.79	8618.35
71.139	-155.558	7597.66
3579.98	3967.39	5431.21
4371.9	2199.3	4971.61
2088.5	4230.77	4048.79
-701.384	1959.48	3933.89
722.012	2061.62	9148.04
2175.33	301.532	7666.22
-841.071	1394.94	8255.42
-871.611	-900.731	6013.39
4242.94	-494.905	8710.28
-14.5314	-290.896	5902.18
517.847	-874.285	6399.23
3937.71	1224.31	7511.31
2808.78	3209	7862.54
1403.98	-169.087	8912.46
4083.16	2036.43	6067.81
2455.67	3539.01	5646.01
2654.59	3192.55	7460.46
185.038	3512.89	4430.65
3355.53	4944.51	7361.55
-409.499	4025.24	9099.89
3569.01	5014	8932.56
1438.4	-804.622	5070.45
3046.58	-495.089	3781.21
-117.852	28.0367	6705.8
5106.38	823.232	7110
-1393.09	4558.63	8393.18
1373.44	1377.76	5962.65
3815.73	2445	7660.02
-259.204	2675.76	8953.05
1117.19	5234.28	5789.57
2326.45	2206.52	3534.11
70.2188	3693.71	7017.62
904.042	4984.02	5659.69
2825.76	4605.45	8316.07
3802.76	1746.98	5114.75
1765.47	1404.8	8452.18
959.822	83.9546	8768.61
2513.05	-315.905	2800.36
1159.01	-617.384	3608.21
4988.67	220.544	3574.96
615.06	3109.79	7186.07
4593.8	2144.57	4109.11
4042.38	1893.66	4969.01
4899.94	1055.7	7817.7
3544.14	2204.55	3649.38
2493.12	3540.59	5948.64
1962.17	1728.15	5807.91
2462.32	1812.94	6880.04
-1482.92	2489.79	8618.35
71.139	-155.558	7597.66
3579.98	3967.39	5431.21
4371.9	2199.3	4971.61
2088.5	4230.77	4048.79
-701.384	1959.48	3933.89
722.012	2061.62	9148.04
2175.33	301.532	7666.22
-841.071	1394.94	8255.42
-871.611	-900.731	6013.39
4242.94	-494.905	8710.28
-14.5314	-290.896	5902.18
517.847	-874.285	6399.23
3937.71	1224.31	7511.31
2808.78	3209	7862.54
1403.98	-169.087	8912.46
4083.16	2036.43	6067.81
2455.67	3539.01	5646.01
2654.59	3192.55	7460.46
185.038	3512.89	4430.65
3355.53	4944.51	7361.55
-409.499	4025.24	9099.89
3569.01	5014	8932.56
1438.4	-804.622	5070.45
3046.58	-495.089	3781.21
-117.852	28.0367	6705.8
5106.38	823.232	7110
-1393.09	4558.63	8393.18
1373.44	1377.76	5962.65
3815.73	2445	7660.02
-259.204	2675.76	8953.05
1117.19	5234.28	5789.57
2326.45	2206.52	3534.11
70.2188	3693.71	7017.62
904.042	4984.02	5659.69
2825.76	4605.45	8316.07
3802.76	1746.98	5114.75
1765.47	1404.8	8452.18
959.822	83.9546	8768.61
2513.05	-315.905	2800.36
1159.01	-617.384	3608.21
4988.67	220.544	3574.96
615.06	3109.79	7186.07
4593.8	2144.57	4109.11
4042.38	1893.66	4969.01
4899.94	1055.7	7817.7
3544.14	2204.55	3649.38
2493.12	3540.59	5948.64
1962.17	1728.15	5807.91
2462.32	1812.94	6880.04
-1482.92	2489.79	8618.35
71.139	-155.558	7597.66
3579.98	3967.39	5431.21
4371.9	2199.3	4971.61
2088.5	4230.77	4048.79
-701.384	1959.48	3933.89
722.012	2061.62	9148.04
2175.33	301.532	7666.22
-841.071	1394.94	8255.42
-871.611	-900.731	6013.39
4242.94	-494.905	8710.28
-14.5314	-290.896	5902.18
517.847	-874.285	6399.23
3937.71	1224.31	7511.31
2808.78	3209	7862.54
1403.98	-169.087	8912.46
4083.16	2036.43	6067.81
2455.67	3539.01	5646.01
2654.59	3192.55	7460.46
185.038	3512.89	4430.65
3355.53	4944.51	7361.55
-409.499	4025.24	9099.89
3569.01	5014	8932.56
1438.4	-804.622	5070.45
3046.58	-495.089	3781.21
-117.852	28.0367	6705.8
5106.38	823.232	7110
-1393.09	4558.63	8393.18
1373.44	1377.76	5962.65
3815.73	2445	7660.02
-259.204	2675.76	8953.05
1117.19	5234.28	5789.57
2326.45	2206.52	3534.11
70.2188	3693.71	7017.62
904.042	4984.02	5659.69
2825.76	4605.45	8316.07
3802.76	1746.98	5114.75
1765.47	1404.8	8452.18
959.822	83.9546	8768.61
2513.05	-315.905	2800.36
1159.01	-617.384	3608.21
4988.67	220.544	3574.96
615.06	3109.79	7186.07
4593.8	2144.57	4109.11
4042.38	1893.66	4969.01
4899.94	1055.7	7817.7
3544.14	2204.55	3649.38
2493.12	3540.59	5948.64
1962.17	1728.15	5807.91
2462.32	1812.94	6880.04
-1482.92	2489.79	8618.35
71.139	-155.558	7597.66
