3005.19	3330.39	4559.18
3684.37	1853.44	4189.77
1747.34	3539.67	3387.41
-587.073	1640.12	3292.75
607.482	1734.59	7696.92
1837.74	254.738	6476.5
-706.656	1172.01	6936.09
-734.225	-758.755	5065.55
3601.94	-420.136	7394.37
-12.24	-245.026	4971.48
437.102	-737.962	5401.43
3328.27	1034.82	6348.78
2362.61	2699.25	6613.59
1186.94	-142.948	7534.68
3443.35	1717.33	5117
2060.31	2969.23	4737
2231.92	2684.23	6272.59
154.674	2936.44	3703.6
2814.65	4147.51	6174.95
-342.806	3369.67	7617.83
2997.36	4210.92	7501.84
1214.31	-679.269	4280.52
2573.59	-418.226	3194.18
-99.2514	23.6117	5647.43
4324.59	697.194	6021.45
-1163.05	3805.88	7007.24
1155.48	1159.11	5016.39
3217.82	2061.87	6459.72
-217.54	2245.66	7513.95
932.942	4371.02	4834.73
1953.48	1852.78	2967.53
58.7712	3091.53	5873.55
755.013	4162.42	4726.71
2371.66	3865.36	6979.68
3205.32	1472.52	4311.19
1488.5	1184.41	7126.18
810.522	70.8954	7404.66
2119.31	-266.41	2361.61
976.785	-520.315	3040.91
4218.69	186.504	3023.18
515.753	2607.68	6025.8
3870.61	1806.96	3462.22
3407.12	1596.07	4188.12
4148.9	893.888	6619.44
2980.87	1854.18	3069.39
2092.25	2971.3	4992.15
1650.81	1453.93	4886.3
2074.13	1527.12	5795.38
-1242.73	2086.53	7222.46
59.9824	-131.162	6406.14
3005.19	3330.39	4559.18
3684.37	1853.44	4189.77
1747.34	3539.67	3387.41
-587.073	1640.12	3292.75
607.482	1734.59	7696.92
1837.74	254.738	6476.5
-706.656	1172.01	6936.09
-734.225	-758.755	5065.55
3601.94	-420.136	7394.37
-12.24	-245.026	4971.48
437.102	-737.962	5401.43
3328.27	1034.82	6348.78
2362.61	2699.25	6613.59
1186.94	-142.948	7534.68
3443.35	1717.33	5117
2060.31	2969.23	4737
2231.92	2684.23	6272.59
154.674	2936.44	3703.6
2814.65	4147.51	6174.95
-342.806	3369.67	7617.83
2997.36	4210.92	7501.84
1214.31	-679.269	4280.52
2573.59	-418.226	3194.18
-99.2514	23.6117	5647.43
4324.59	697.194	6021.45
-1163.05	3805.88	7007.24
1155.48	1159.11	5016.39
3217.82	2061.87	6459.72
-217.54	2245.66	7513.95
932.942	4371.02	4834.73
1953.48	1852.78	2967.53
58.7712	3091.53	5873.55
755.013	4162.42	4726.71
2371.66	3865.36	6979.68
3205.32	1472.52	4311.19
1488.5	1184.41	7126.18
810.522	70.8954	7404.66
2119.31	-266.41	2361.61
976.785	-520.315	3040.91
4218.69	186.504	3023.18
515.753	2607.68	6025.8
3870.61	1806.96	3462.22
3407.12	1596.07	4188.12
4148.9	893.888	6619.44
2980.87	1854.18	3069.39
2092.25	2971.3	4992.15
1650.81	1453.93	4886.3
2074.13	1527.12	5795.38
-1242.73	2086.53	7222.46
59.9824	-131.162	6406.14
3005.19	3330.39	4559.18
3684.37	1853.44	4189.77
1747.34	3539.67	3387.41
-587.073	1640.12	3292.75
607.482	1734.59	7696.92
1837.74	254.738	6476.5
-706.656	1172.01	6936.09
-734.225	-758.755	5065.55
3601.94	-420.136	7394.37
-12.24	-245.026	4971.48
437.102	-737.962	5401.43
3328.27	1034.82	6348.78
2362.61	2699.25	6613.59
1186.94	-142.948	7534.68
3443.35	1717.33	5117
2060.31	2969.23	4737
2231.92	2684.23	6272.59
154.674	2936.44	3703.6
2814.65	4147.51	6174.95
-342.806	3369.67	7617.83
2997.36	4210.92	7501.84
1214.31	-679.269	4280.52
2573.59	-418.226	3194.18
-99.2514	23.6117	5647.43
4324.59	697.194	6021.45
-1163.05	3805.88	7007.24
1155.48	1159.11	5016.39
3217.82	2061.87	6459.72
-217.54	2245.66	7513.95
932.942	4371.02	4834.73
1953.48	1852.78	2967.53
58.7712	3091.53	5873.55
755.013	4162.42	4726.71
2371.66	3865.36	6979.68
3205.32	1472.52	4311.19
1488.5	1184.41	7126.18
810.522	70.8954	7404.66
2119.31	-266.41	2361.61
976.785	-520.315	3040.91
4218.69	186.504	3023.18
515.753	2607.68	6025.8
3870.61	1806.96	3462.22
3407.12	1596.07	4188.12
4148.9	893.888	6619.44
2980.87	1854.18	3069.39
2092.25	2971.3	4992.15
1650.81	1453.93	4886.3
2074.13	1527.12	5795.38
-1242.73	2086.53	7222.46
59.9824	-131.162	6406.14
3005.19	3330.39	4559.18
3684.37	1853.44	4189.77
1747.34	3539.67	3387.41
-587.073	1640.12	3292.75
607.482	1734.59	7696.92
1837.74	254.738	6476.5
-706.656	1172.01	6936.09
-734.225	-758.755	5065.55
3601.94	-420.136	7394.37
-12.24	-245.026	4971.48
437.102	-737.962	5401.43
3328.27	1034.82	6348.78
2362.61	2699.25	6613.59
1186.94	-142.948	7534.68
3443.35	1717.33	5117
2060.31	2969.23	4737
2231.92	2684.23	6272.59
154.674	2936.44	3703.6
2814.65	4147.51	6174.95
-342.806	3369.67	7617.83
2997.36	4210.92	7501.84
1214.31	-679.269	4280.52
2573.59	-418.226	3194.18
-99.2514	23.6117	5647.43
4324.59	697.194	6021.45
-1163.05	3805.88	7007.24
1155.48	1159.11	5016.39
3217.82	2061.87	6459.72
-217.54	2245.66	7513.95
932.942	4371.02	4834.73
1953.48	1852.78	2967.53
58.7712	3091.53	5873.55
755.013	4162.42	4726.71
2371.66	3865.36	6979.68
3205.32	1472.52	4311.19
1488.5	1184.41	7126.18
810.522	70.8954	7404.66
2119.31	-266.41	2361.61
976.785	-520.315	3040.91
4218.69	186.504	3023.18
515.753	2607.68	6025.8
3870.61	1806.96	3462.22
3407.12	1596.07	4188.12
4148.9	893.888	6619.44
2980.87	1854.18	3069.39
2092.25	2971.3	4992.15
1650.81	1453.93	4886.3
2074.13	1527.12	5795.38
-1242.73	2086.53	7222.46
59.9824	-131.162	6406.14
3005.19	3330.39	4559.18
3684.37	1853.44	4189.77
1747.34	3539.67	3387.41
-587.073	1640.12	3292.75
607.482	1734.59	7696.92
1837.74	254.738	6476.5
-706.656	1172.01	6936.09
-734.225	-758.755	5065.55
3601.94	-420.136	7394.37
-12.24	-245.026	4971.48
437.102	-737.962	5401.43
3328.27	1034.82	6348.78
2362.61	2699.25	6613.59
1186.94	-142.948	7534.68
3443.35	1717.33	5117
2060.31	2969.23	4737
2231.92	2684.23	6272.59
154.674	2936.44	3703.6
2814.65	4147.51	6174.95
-342.806	3369.67	7617.83
2997.36	4210.92	7501.84
1214.31	-679.269	4280.52
2573.59	-418.226	3194.18
-99.2514	23.6117	5647.43
4324.59	697.194	6021.45
-1163.05	3805.88	7007.24
1155.48	1159.11	5016.39
3217.82	2061.87	6459.72
-217.54	2245.66	7513.95
932.942	4371.02	4834.73
1953.48	1852.78	2967.53
58.7712	3091.53	5873.55
755.013	4162.42	4726.71
2371.66	3865.36	6979.68
3205.32	1472.52	4311.19
1488.5	1184.41	7126.18
810.522	70.8954	7404.66
2119.31	-266.41	2361.61
976.785	-520.315	3040.91
4218.69	186.504	3023.18
515.753	2607.68	6025.8
3870.61	1806.96	3462.22
3407.12	1596.07	4188.12
4148.9	893.888	6619.44
2980.87	1854.18	3069.39
2092.25	2971.3	4992.15
1650.81	1453.93	4886.3
2074.13	1527.12	5795.38
-1242.73	2086.53	7222.46
59.9824	-131.162	6406.14
