595.63	489.952
671.402	384.844
537.365	602.159
284.227	412.265
393.069	310.626
465.056	241.633
325.217	290.654
303.632	174.085
539.939	205.693
355.796	210.402
387.444	178.039
552.378	285.848
493.366	376.245
420.665	220.593
602.659	347.929
516.462	455.215
492.165	383.511
368.862	517.689
528.335	470.812
348.28	390.676
510.554	431.431
456.992	169.634
637.04	178.997
352.61	229.951
620.52	267.745
303.362	427.855
442.288	312.436
543.746	342.942
353.465	338.067
429.646	555.857
585.229	452.981
365.248	421.29
417.16	547.846
488.039	429.228
624.425	349.758
439.506	288.406
402.98	231.25
659.658	185.909
462.061	165.51
835.256	246.051
392.994	386.81
748.348	410.686
648.459	363.472
589.508	275.109
695.336	441.933
511.691	443.901
481.235	336.284
491.284	323.539
300.428	334.922
364.286	220.689
595.63	489.952
671.402	384.844
537.365	602.159
284.227	412.265
393.069	310.626
465.056	241.633
325.217	290.654
303.632	174.085
539.939	205.693
355.796	210.402
387.444	178.039
552.378	285.848
493.366	376.245
420.665	220.593
602.659	347.929
516.462	455.215
492.165	383.511
368.862	517.689
528.335	470.812
348.28	390.676
510.554	431.431
456.992	169.634
637.04	178.997
352.61	229.951
620.52	267.745
303.362	427.855
442.288	312.436
543.746	342.942
353.465	338.067
429.646	555.857
585.229	452.981
365.248	421.29
417.16	547.846
488.039	429.228
624.425	349.758
439.506	288.406
402.98	231.25
659.658	185.909
462.061	165.51
835.256	246.051
392.994	386.81
748.348	410.686
648.459	363.472
589.508	275.109
695.336	441.933
511.691	443.901
481.235	336.284
491.284	323.539
300.428	334.922
364.286	220.689
595.001	489.189
670.48	384.341
536.757	600.728
284.602	411.497
393.039	310.473
464.869	241.595
325.317	290.523
303.827	174.219
539.638	205.727
355.852	210.439
387.416	178.155
552.002	285.716
493.127	375.933
420.584	220.6
602.068	347.605
516.068	454.565
491.916	383.167
368.889	516.64
528.009	470.282
348.33	390.38
510.315	431.061
456.735	169.807
635.956	179.184
352.667	229.936
619.976	267.647
303.502	427.465
442.108	312.196
543.396	342.693
353.506	337.861
429.502	554.958
584.303	451.965
365.273	420.838
417.047	546.947
487.825	428.833
623.66	349.37
439.385	288.282
402.931	231.236
658.078	186.121
461.679	165.77
833.349	245.958
392.957	386.444
746.976	409.996
647.601	363.032
589.073	275.005
693.997	441.017
511.33	443.313
480.944	335.972
491.014	323.306
300.57	334.714
364.312	220.696
595.001	489.189
670.48	384.341
536.757	600.728
284.602	411.497
393.039	310.473
464.869	241.595
325.317	290.523
303.827	174.219
539.638	205.727
355.852	210.439
387.416	178.155
552.002	285.716
493.127	375.933
420.584	220.6
602.068	347.605
516.068	454.565
491.916	383.167
368.889	516.64
528.009	470.282
348.33	390.38
510.315	431.061
456.735	169.807
635.956	179.184
352.667	229.936
619.976	267.647
303.502	427.465
442.108	312.196
543.396	342.693
353.506	337.861
429.502	554.958
584.303	451.965
365.273	420.838
417.047	546.947
487.825	428.833
623.66	349.37
439.385	288.282
402.931	231.236
658.078	186.121
461.679	165.77
833.349	245.958
392.957	386.444
746.976	409.996
647.601	363.032
589.073	275.005
693.997	441.017
511.33	443.313
480.944	335.972
491.014	323.306
300.57	334.714
364.312	220.696
595.001	489.189
670.48	384.341
536.757	600.728
284.602	411.497
393.039	310.473
464.869	241.595
325.317	290.523
303.827	174.219
539.638	205.727
355.852	210.439
387.416	178.155
552.002	285.716
493.127	375.933
420.584	220.6
602.068	347.605
516.068	454.565
491.916	383.167
368.889	516.64
528.009	470.282
348.33	390.38
510.315	431.061
456.735	169.807
635.956	179.184
352.667	229.936
619.976	267.647
303.502	427.465
442.108	312.196
543.396	342.693
353.506	337.861
429.502	554.958
584.303	451.965
365.273	420.838
417.047	546.947
487.825	428.833
623.66	349.37
439.385	288.282
402.931	231.236
658.078	186.121
461.679	165.77
833.349	245.958
392.957	386.444
746.976	409.996
647.601	363.032
589.073	275.005
693.997	441.017
511.33	443.313
480.944	335.972
491.014	323.306
300.57	334.714
364.312	220.696
