-834.239	1323.66	4373.85
1779.35	934.742	4682.8
948.331	1985.2	4817.1
1806.62	1789.49	4045.24
250.265	2683.83	2815.25
1980.07	562.991	6104.32
635.832	3639.25	2626.3
1752.14	1618.84	2607.6
104.524	1391.19	2168.62
1273.31	1262.4	2152.27
1414.98	2818.26	5644.63
2380.4	2690.78	3399.25
-201.583	880.974	4339.84
1067.49	1970.23	4621.68
-176.142	-181.699	3962.05
843.509	-260.536	2044.11
294.31	3346.24	3336.45
2215.35	1141	2910.97
1626.96	2619.86	3617.3
3166.59	1148.12	5648.76
1190.44	435.098	2436.46
-636.004	148.642	3893.34
421.774	1489.72	5159.72
2019.57	2877.52	5720.6
2859.35	1562.61	5730.46
3144.73	2417.87	2234.88
-521.091	1202.76	2660.26
131.448	3141.98	3838.59
1764.6	1169.85	4515.36
3149.12	2383.6	4259.5
905.964	1306.88	5477.1
-1112.84	1508.64	5054.25
3027.52	1961.67	5479.95
430.681	1057.69	2679.92
-1093.75	2527.32	3409.99
1282.23	2365.43	3065.59
-615.945	447.826	1658.99
1880.64	253.57	4477.48
1178.03	1788.77	2514.92
-931.71	2944.38	4402.23
1792.35	212.428	3128.25
2568.81	2101.91	3829.36
829.078	769.614	4483.77
-707.826	484.14	3084
190.832	437.771	3634
396.658	-531.837	5694.53
511.754	1690.44	2913.64
-187.403	-109.39	3542.01
435.354	-102.931	5515.56
267.393	3043.71	5336.27
-834.239	1323.66	4373.85
1779.35	934.742	4682.8
948.331	1985.2	4817.1
1806.62	1789.49	4045.24
250.265	2683.83	2815.25
1980.07	562.991	6104.32
635.832	3639.25	2626.3
1752.14	1618.84	2607.6
104.524	1391.19	2168.62
1273.31	1262.4	2152.27
1414.98	2818.26	5644.63
2380.4	2690.78	3399.25
-201.583	880.974	4339.84
1067.49	1970.23	4621.68
-176.142	-181.699	3962.05
843.509	-260.536	2044.11
294.31	3346.24	3336.45
2215.35	1141	2910.97
1626.96	2619.86	3617.3
3166.59	1148.12	5648.76
1190.44	435.098	2436.46
-636.004	148.642	3893.34
421.774	1489.72	5159.72
2019.57	2877.52	5720.6
2859.35	1562.61	5730.46
3144.73	2417.87	2234.88
-521.091	1202.76	2660.26
131.448	3141.98	3838.59
1764.6	1169.85	4515.36
3149.12	2383.6	4259.5
905.964	1306.88	5477.1
-1112.84	1508.64	5054.25
3027.52	1961.67	5479.95
430.681	1057.69	2679.92
-1093.75	2527.32	3409.99
1282.23	2365.43	3065.59
-615.945	447.826	1658.99
1880.64	253.57	4477.48
1178.03	1788.77	2514.92
-931.71	2944.38	4402.23
1792.35	212.428	3128.25
2568.81	2101.91	3829.36
829.078	769.614	4483.77
-707.826	484.14	3084
190.832	437.771	3634
396.658	-531.837	5694.53
511.754	1690.44	2913.64
-187.403	-109.39	3542.01
435.354	-102.931	5515.56
267.393	3043.71	5336.27
-834.239	1323.66	4373.85
1779.35	934.742	4682.8
948.331	1985.2	4817.1
1806.62	1789.49	4045.24
250.265	2683.83	2815.25
1980.07	562.991	6104.32
635.832	3639.25	2626.3
1752.14	1618.84	2607.6
104.524	1391.19	2168.62
1273.31	1262.4	2152.27
1414.98	2818.26	5644.63
2380.4	2690.78	3399.25
-201.583	880.974	4339.84
1067.49	1970.23	4621.68
-176.142	-181.699	3962.05
843.509	-260.536	2044.11
294.31	3346.24	3336.45
2215.35	1141	2910.97
1626.96	2619.86	3617.3
3166.59	1148.12	5648.76
1190.44	435.098	2436.46
-636.004	148.642	3893.34
421.774	1489.72	5159.72
2019.57	2877.52	5720.6
2859.35	1562.61	5730.46
3144.73	2417.87	2234.88
-521.091	1202.76	2660.26
131.448	3141.98	3838.59
1764.6	1169.85	4515.36
3149.12	2383.6	4259.5
905.964	1306.88	5477.1
-1112.84	1508.64	5054.25
3027.52	1961.67	5479.95
430.681	1057.69	2679.92
-1093.75	2527.32	3409.99
1282.23	2365.43	3065.59
-615.945	447.826	1658.99
1880.64	253.57	4477.48
1178.03	1788.77	2514.92
-931.71	2944.38	4402.23
1792.35	212.428	3128.25
2568.81	2101.91	3829.36
829.078	769.614	4483.77
-707.826	484.14	3084
190.832	437.771	3634
396.658	-531.837	5694.53
511.754	1690.44	2913.64
-187.403	-109.39	3542.01
435.354	-102.931	5515.56
267.393	3043.71	5336.27
-834.239	1323.66	4373.85
1779.35	934.742	4682.8
948.331	1985.2	4817.1
1806.62	1789.49	4045.24
250.265	2683.83	2815.25
1980.07	562.991	6104.32
635.832	3639.25	2626.3
1752.14	1618.84	2607.6
104.524	1391.19	2168.62
1273.31	1262.4	2152.27
1414.98	2818.26	5644.63
2380.4	2690.78	3399.25
-201.583	880.974	4339.84
1067.49	1970.23	4621.68
-176.142	-181.699	3962.05
843.509	-260.536	2044.11
294.31	3346.24	3336.45
2215.35	1141	2910.97
1626.96	2619.86	3617.3
3166.59	1148.12	5648.76
1190.44	435.098	2436.46
-636.004	148.642	3893.34
421.774	1489.72	5159.72
2019.57	2877.52	5720.6
2859.35	1562.61	5730.46
3144.73	2417.87	2234.88
-521.091	1202.76	2660.26
131.448	3141.98	3838.59
1764.6	1169.85	4515.36
3149.12	2383.6	4259.5
905.964	1306.88	5477.1
-1112.84	1508.64	5054.25
3027.52	1961.67	5479.95
430.681	1057.69	2679.92
-1093.75	2527.32	3409.99
1282.23	2365.43	3065.59
-615.945	447.826	1658.99
1880.64	253.57	4477.48
1178.03	1788.77	2514.92
-931.71	2944.38	4402.23
1792.35	212.428	3128.25
2568.81	2101.91	3829.36
829.078	769.614	4483.77
-707.826	484.14	3084
190.832	437.771	3634
396.658	-531.837	5694.53
511.754	1690.44	2913.64
-187.403	-109.39	3542.01
435.354	-102.931	5515.56
267.393	3043.71	5336.27
-834.239	1323.66	4373.85
1779.35	934.742	4682.8
948.331	1985.2	4817.1
1806.62	1789.49	4045.24
250.265	2683.83	2815.25
1980.07	562.991	6104.32
635.832	3639.25	2626.3
1752.14	1618.84	2607.6
104.524	1391.19	2168.62
1273.31	1262.4	2152.27
1414.98	2818.26	5644.63
2380.4	2690.78	3399.25
-201.583	880.974	4339.84
1067.49	1970.23	4621.68
-176.142	-181.699	3962.05
843.509	-260.536	2044.11
294.31	3346.24	3336.45
2215.35	1141	2910.97
1626.96	2619.86	3617.3
3166.59	1148.12	5648.76
1190.44	435.098	2436.46
-636.004	148.642	3893.34
421.774	1489.72	5159.72
2019.57	2877.52	5720.6
2859.35	1562.61	5730.46
3144.73	2417.87	2234.88
-521.091	1202.76	2660.26
131.448	3141.98	3838.59
1764.6	1169.85	4515.36
3149.12	2383.6	4259.5
905.964	1306.88	5477.1
-1112.84	1508.64	5054.25
3027.52	1961.67	5479.95
430.681	1057.69	2679.92
-1093.75	2527.32	3409.99
1282.23	2365.43	3065.59
-615.945	447.826	1658.99
1880.64	253.57	4477.48
1178.03	1788.77	2514.92
-931.71	2944.38	4402.23
1792.35	212.428	3128.25
2568.81	2101.91	3829.36
829.078	769.614	4483.77
-707.826	484.14	3084
190.832	437.771	3634
396.658	-531.837	5694.53
511.754	1690.44	2913.64
-187.403	-109.39	3542.01
435.354	-102.931	5515.56
267.393	3043.71	5336.27
