-831.068	1313.32	4353.96
1712.43	895.953	4508.44
928.105	1940.25	4717.4
1752.97	1733.64	3925.37
249.071	2677.33	2808.24
1888.53	532.018	5825.32
636.422	3646.14	2628.35
1705.69	1574.33	2537.6
103.149	1377.31	2148.96
1244.2	1232.2	2102.56
1383.81	2753.3	5522.44
2315.79	2615.96	3305.08
-199.052	863.515	4274.54
1043.88	1924.01	4521.73
-172.369	-181.187	3873.5
818.565	-254.548	1985.03
293.882	3349.95	3339.5
2135.79	1098	2806.13
1594.1	2565.22	3543.38
2998.92	1083.09	5350.94
1155.8	420.531	2366.31
-626.807	142.701	3836.7
412.813	1455.93	5058.98
1962.7	2793.08	5560.26
2725.13	1485.03	5462.6
3036.95	2334.01	2155.41
-519.328	1194.94	2648.22
130.529	3140.88	3838.51
1702.43	1125.23	4357.66
3023.28	2285.64	4088.03
880.683	1266.56	5328.8
-1111.59	1500.94	5045.38
2891.08	1869.39	5233.32
423.233	1038.06	2635.82
-1106.84	2552.04	3445.9
1260.49	2324.07	3012.88
-612.121	443.199	1648.26
1799.36	238.991	4286.1
1155.9	1753.9	2467.04
-941.99	2969.12	4443.45
1722.41	201.681	3007.36
2479.36	2026.26	3695.08
805.507	744.252	4359.72
-701.64	476.657	3056.34
186.423	425.206	3558.1
381.899	-517.494	5490.31
504.625	1666.24	2875.09
-183.702	-110.361	3469.27
420.562	-104.43	5335.64
264.738	3021.12	5303.1
-828.85	1310.3	4343.18
1708.47	893.501	4497.34
926.208	1935.42	4705.77
1749.05	1729.17	3915.7
248.931	2670.86	2801.3
1884.08	530.408	5810.98
635.518	3637.27	2621.85
1701.86	1570.25	2531.37
103.137	1373.99	2143.65
1241.42	1229.02	2097.39
1380.96	2746.44	5508.82
2310.68	2609.28	3296.95
-198.428	861.469	4263.98
1041.7	1919.21	4510.57
-171.988	-180.729	3863.94
816.556	-254.08	1980.15
293.749	3341.86	3331.24
2130.85	1094.99	2799.24
1590.71	2558.78	3534.65
2991.9	1079.96	5337.78
1153.09	419.32	2360.49
-625.279	142.459	3827.21
412.07	1452.36	5046.49
1958.46	2786.03	5546.56
2718.84	1480.99	5449.16
3030.06	2327.88	2150.14
-517.878	1192.16	2641.67
130.752	3133.31	3829.02
1698.53	1122.23	4346.93
3016.41	2279.63	4077.99
878.784	1263.36	5315.65
-1108.67	1497.52	5032.89
2884.45	1864.39	5220.45
422.393	1035.49	2629.31
-1103.75	2546.1	3437.36
1257.86	2318.27	3005.45
-610.576	442.237	1644.17
1795.08	238.102	4275.56
1153.42	1749.49	2460.96
-939.222	2962.15	4432.44
1718.31	200.897	2999.97
2473.75	2020.97	3686
803.699	742.32	4348.97
-699.876	475.628	3048.78
186.047	424.148	3549.32
380.891	-516.326	5476.76
503.698	1662.14	2867.99
-183.281	-110.071	3460.7
419.533	-104.26	5322.48
264.618	3013.82	5290
-829.424	1311.23	4346.22
1709.67	894.121	4500.5
926.867	1936.77	4709.07
1750.29	1730.37	3918.45
249.118	2672.73	2803.26
1885.41	530.773	5815.06
635.981	3639.82	2623.69
1703.07	1571.34	2533.15
103.216	1374.95	2145.15
1242.3	1229.88	2098.86
1381.94	2748.36	5512.69
2312.31	2611.09	3299.27
-198.563	862.074	4266.97
1042.44	1920.55	4513.74
-172.109	-180.854	3866.64
817.128	-254.262	1981.54
293.971	3344.2	3333.58
2132.35	1095.75	2801.21
1591.84	2560.57	3537.13
2994	1080.71	5341.53
1153.91	419.609	2362.15
-625.716	142.563	3829.88
412.366	1453.38	5050.03
1959.85	2787.97	5550.45
2720.76	1482.02	5452.99
3032.19	2329.5	2151.66
-518.235	1193	2643.52
130.859	3135.51	3831.7
1699.73	1123.01	4349.99
3018.54	2281.21	4080.86
879.407	1264.24	5319.38
-1109.44	1498.57	5036.41
2886.49	1865.69	5224.12
422.695	1036.22	2631.16
-1104.51	2547.89	3439.76
1258.75	2319.89	3007.57
-611.002	442.55	1645.32
1796.34	238.262	4278.56
1154.24	1750.71	2462.69
-939.865	2964.23	4435.54
1719.51	201.031	3002.08
2475.5	2022.37	3688.6
804.267	742.838	4352.02
-700.363	475.965	3050.91
186.18	424.445	3551.81
381.157	-516.688	5480.6
504.06	1663.31	2870
-183.409	-110.146	3463.12
419.827	-104.334	5326.21
264.819	3015.93	5293.7
-830.177	1312.43	4350.19
1711.24	894.935	4504.63
927.722	1938.54	4713.38
1751.9	1731.95	3922.05
249.356	2675.17	2805.83
1887.13	531.254	5820.39
636.575	3643.15	2626.1
1704.63	1572.78	2535.47
103.315	1376.21	2147.11
1243.44	1231	2100.79
1383.22	2750.87	5517.74
2314.44	2613.48	3302.3
-198.74	862.864	4270.87
1043.4	1922.3	4517.87
-172.266	-181.018	3870.18
817.875	-254.496	1983.36
294.252	3347.26	3336.63
2134.31	1096.75	2803.78
1593.3	2562.91	3540.38
2996.75	1081.69	5346.44
1154.96	419.99	2364.32
-626.287	142.696	3833.39
412.75	1454.71	5054.65
1961.65	2790.52	5555.54
2723.25	1483.37	5458
3034.97	2331.62	2153.65
-518.704	1194.09	2645.93
130.99	3138.37	3835.21
1701.29	1124.03	4353.98
3021.31	2283.29	4084.61
880.217	1265.4	5324.25
-1110.44	1499.95	5041.02
2889.13	1867.39	5228.91
423.086	1037.17	2633.57
-1105.51	2550.22	3442.9
1259.91	2322.01	3010.32
-611.559	442.957	1646.82
1797.99	238.475	4282.49
1155.3	1752.31	2464.95
-940.715	2966.95	4439.59
1721.09	201.21	3004.84
2477.77	2024.22	3691.98
805.006	743.516	4356.01
-701.002	476.403	3053.7
186.353	424.833	3555.06
381.506	-517.161	5485.62
504.527	1664.83	2872.63
-183.576	-110.246	3466.29
420.213	-104.429	5331.08
265.072	3018.69	5298.55
-831.051	1313.83	4354.8
1713.06	895.878	4509.41
928.717	1940.6	4718.38
1753.77	1733.78	3926.22
249.633	2678.01	2808.8
1889.14	531.811	5826.57
637.267	3647.01	2628.88
1706.45	1574.44	2538.17
103.431	1377.67	2149.39
1244.76	1232.3	2103.02
1384.7	2753.79	5523.6
2316.91	2616.24	3305.81
-198.946	863.782	4275.4
1044.52	1924.34	4522.67
-172.448	-181.209	3874.28
818.743	-254.769	1985.47
294.579	3350.81	3340.17
2136.58	1097.9	2806.77
1595	2565.62	3544.14
2999.93	1082.83	5352.12
1156.19	420.431	2366.83
-626.95	142.851	3837.45
413.196	1456.25	5060.01
1963.75	2793.47	5561.44
2726.15	1484.93	5463.8
3038.21	2334.08	2155.95
-519.249	1195.36	2648.74
131.144	3141.7	3839.28
1703.1	1125.22	4358.6
3024.52	2285.7	4088.96
881.159	1266.74	5329.9
-1111.62	1501.54	5046.36
2892.21	1869.36	5234.47
423.54	1038.27	2636.36
-1106.67	2552.93	3446.55
1261.26	2324.47	3013.52
-612.206	443.43	1648.57
1799.9	238.721	4287.04
1156.54	1754.16	2467.57
-941.699	2970.1	4444.29
1722.92	201.417	3008.03
2480.41	2026.36	3695.91
805.865	744.302	4360.63
-701.743	476.912	3056.93
186.554	425.284	3558.83
381.91	-517.71	5491.44
505.07	1666.59	2875.68
-183.771	-110.361	3469.97
420.66	-104.541	5336.74
265.368	3021.89	5304.17
