5.409064177136225453e+02	3.019038315757146052e+02
4.793897078659126691e+02	2.807615019865991144e+02
4.948364436249712526e+02	5.176437827871222908e+02
3.906500820646210741e+02	2.424688531089364005e+02
3.644866776520006511e+02	3.467428347183170558e+02
3.431444149122116869e+02	4.413515341305022730e+02
3.405496669776528620e+02	2.087321234807640451e+02
7.336570348888569697e+02	2.758329468365492971e+02
5.167256230454601109e+02	2.380039655383534694e+02
3.086323898813262190e+02	3.203431726014295577e+02
3.464565788980904131e+02	3.644837070103385486e+02
3.857426189275149682e+02	2.600018263372876390e+02
4.458421501435918799e+02	3.789451702456830731e+02
4.869479782506809897e+02	1.698981477267065543e+02
4.892426693286501518e+02	2.313673484846057136e+02
5.230586627543657414e+02	3.414614032473248812e+02
3.469093256575593500e+02	3.409225480709243357e+02
5.169175471535787665e+02	2.319276621874484192e+02
5.515760010901203714e+02	2.994253461315144591e+02
2.919095485666184118e+02	4.030681628955812812e+02
6.243264013794105267e+02	4.459874186370674352e+02
3.366265887052094854e+02	3.351603584247363870e+02
5.986898535423515568e+02	3.771428867426636771e+02
4.129310982940953068e+02	1.821015836982632550e+02
2.333873304166314711e+02	1.191712948753625767e+02
4.884783389182120459e+02	3.349255254482858959e+02
5.099648897632239368e+02	5.147793876628451244e+02
4.975469041214223580e+02	3.821691696695064024e+02
3.734111636927103177e+02	4.561385964809701363e+02
4.446025953231445556e+02	5.222239901175287287e+02
6.095757986329736013e+02	4.222129974829117600e+02
5.609775488459487178e+02	4.874818913332400143e+02
3.215524309708935107e+02	2.831850802510155631e+02
4.947340933412943969e+02	3.427811017991902531e+02
5.369406683925701600e+02	3.977636770855989425e+02
6.245055080436910657e+02	4.095574363891754501e+02
4.895429633554446127e+02	3.651103796080337247e+02
4.649763865445162310e+02	3.314139704811710772e+02
3.855495830697199153e+02	4.113629178641733120e+02
4.373530628945148351e+02	1.759219713734345305e+02
2.968873174867546822e+02	4.211240647180894712e+02
3.345837596260837472e+02	4.294383783408331965e+02
3.047504738437120864e+02	3.301648518209963186e+02
4.626811614471575922e+02	3.016865638061385653e+02
3.006369415426236174e+02	5.014774049611189639e+02
6.005289839630363531e+02	3.080040297618754721e+02
3.473467940661070656e+02	3.239208871544167891e+02
3.124734413461196709e+02	2.825629092298876230e+02
3.286277802297731228e+02	3.956927171192204469e+02
6.221039342602380202e+02	4.513258059494755798e+02
