23.1032	300.767
33.9593	295.828
31.2052	346.779
33	452.548
44.0815	352.954
44.8282	386.39
45.0089	419.319
48.789	452.093
75.9439	346.545
75.9439	346.545
95.4614	277.298
119.647	326.348
114.946	435.885
367.608	131.617
365.538	193.086
364.031	233.4
362.313	283.968
362.313	283.968
357.5	434.811
357.5	434.811
442.467	14.7561
449.744	40.2111
519.987	237.127
519.987	237.127
564.1	352.968
584.3	37.5557
611.238	36.3234
617.964	69.6319
595.713	439.627
595.713	439.627
625.294	57.7462
640.15	75.4568
657.933	121.378
668.217	89.7254
669.479	35.1657
674.883	130.657
682.741	91.3366
690.111	123.348
699.131	131.682
711.065	93.6374
35.6395	260.302
42.5141	298.282
33.7755	452.336
50.395	265.489
48.2155	317.81
46.8998	344.186
48.7424	451.992
66.6115	385.85
75.7244	346.395
87.1303	280.999
95.5113	277.793
119.648	326.347
114.918	435.872
114.918	435.872
246.782	132.894
311.915	9.3479
365.51	193.1
364.045	233.419
360.29	348.804
363.846	348.814
419.471	17.011
422.752	28.7378
442.84	36.7691
449.898	40.2135
460.258	70.2078
460.258	70.2078
611.752	36.9772
618.406	70.3953
595.655	439.598
595.655	439.598
626.131	57.2398
640.345	75.7532
650.108	68.967
657.99	121.438
668.272	89.8222
675.209	130.712
682.618	91.2652
683.175	58.5622
695.007	51.4075
699.347	131.617
710.845	93.5421
36.2389	260.738
36.2836	389.314
42.523	298.268
44.3829	353.021
48.2207	317.803
44.804	386.32
48.6726	452.055
50.0388	441.332
59.1539	261.277
75.9324	346.499
86.8771	281.01
119.624	326.416
114.964	435.863
179.718	286.065
179.718	286.065
246.857	132.877
370.14	13.7575
367.552	131.64
365.509	193.114
364.039	233.425
364.039	233.425
362.325	284.026
360.3	348.827
363.779	348.707
419.413	16.9293
444.206	35.0497
445.998	13.1104
460.158	70.2225
519.945	237.124
519.945	237.124
538.981	287.915
538.981	287.915
564.05	352.975
564.05	352.975
611.848	36.9831
618.36	70.439
595.694	439.6
595.694	439.6
625.224	57.7215
640.449	75.8316
650.081	68.9702
658.015	121.462
674.257	117.374
675.067	130.649
682.766	91.3297
689.669	123.221
695.407	51.4851
694.903	128.908
710.946	93.4764
33.7738	452.301
42.5328	298.337
44.2367	353.017
48.2825	317.814
45.0411	419.29
52.1541	357.853
48.7278	451.97
59.1285	261.205
66.5535	385.763
87.2548	280.948
119.612	326.377
114.93	435.874
114.93	435.874
151.833	350.796
202.155	235.445
370.107	13.7336
367.522	131.661
364.046	233.434
364.046	233.434
362.312	284.038
360.303	348.855
419.504	17.0096
442.91	36.7372
460.216	70.2366
460.216	70.2366
564.079	352.962
564.079	352.962
618.406	70.3792
595.713	439.638
595.713	439.638
625.192	57.7671
640.445	75.8657
650.116	68.9631
658.032	121.497
673.751	117.11
675.557	130.808
682.794	91.3429
695.093	51.452
699.309	131.604
701.741	89.1289
32.9772	452.626
42.4355	298.314
44.1345	353.006
48.1882	317.801
46.7816	344.184
48.6957	451.929
59.0931	261.16
55.8286	405.424
60.1801	388.651
86.8391	280.799
95.7015	277.019
93.5996	368.178
114.868	435.876
114.868	435.876
151.906	350.752
179.676	286.115
179.676	286.115
202.091	235.434
370.107	13.7745
367.528	131.665
364.04	233.434
360.28	348.815
363.818	348.85
422.752	28.7029
444.408	35.0181
449.884	40.2143
460.185	70.2534
460.185	70.2534
564.033	352.957
564.033	352.957
618.405	70.4128
595.66	439.603
595.66	439.603
625.19	57.7468
640.358	75.7992
650.119	68.9631
658.015	121.439
658.015	121.439
673.691	117.073
682.536	91.1551
695.28	51.4423
695.395	128.922
699.268	131.605
710.824	93.4758
