33.9592	295.87
31.2848	346.942
35.7358	260.307
33.68	452.341
48.2495	317.815
46.8198	344.182
50.006	441.211
58.9574	261.12
60.5056	388.939
66.6301	385.839
114.884	435.853
114.884	435.853
151.909	350.779
151.909	350.779
179.706	286.129
179.706	286.129
246.825	132.875
370.139	13.7641
365.514	193.109
365.514	193.109
364.049	233.418
360.304	348.884
357.525	434.912
357.525	434.912
422.709	28.7068
442.898	36.7993
444.424	35.061
460.22	70.247
519.97	237.139
519.97	237.139
564.038	352.963
564.038	352.963
611.772	36.974
618.42	70.3817
595.662	439.602
595.662	439.602
625.237	57.7058
640.475	75.908
650.183	69.0041
657.883	121.324
657.883	121.324
673.836	117.133
683.13	58.6075
682.759	91.3226
695.097	51.4892
695.17	128.808
699.286	131.596
723.433	104.857
36.0806	260.688
33.5276	452.457
44.1401	352.962
50.1755	265.537
48.2591	317.832
44.9851	386.452
48.6888	452.111
58.5665	289.545
66.5943	385.827
75.7777	346.384
119.639	326.404
114.892	435.87
114.892	435.87
151.913	350.746
265.423	87.0589
365.515	193.112
365.515	193.112
362.316	284.011
360.304	348.833
363.897	348.697
357.527	434.892
357.527	434.892
419.462	16.9902
422.719	28.7261
442.879	36.7622
444.375	35.0633
460.221	70.2409
460.221	70.2409
519.845	237.111
618.382	70.4616
595.68	439.601
595.68	439.601
625.186	57.7402
640.274	75.5778
650.229	69.0054
658.045	121.464
668.28	89.7443
675.067	130.665
683.19	58.633
695.337	51.4493
699.31	131.604
710.471	93.2752
723.631	105.117
18.7909	342.375
35.7716	260.348
34.1545	452.178
36.9428	389.453
36.9428	389.453
37.456	339.952
42.4568	277.043
42.3845	298.303
50.2948	265.342
48.2838	451.921
66.4105	385.577
75.9193	346.502
75.9193	346.502
102.003	318.284
119.568	326.358
114.954	435.837
151.957	350.784
151.957	350.784
256.448	108.231
256.448	108.231
365.582	193.125
364.066	233.427
362.305	283.97
362.305	283.97
363.834	348.852
387.74	18.9392
419.501	17.0443
445.921	13.0594
539.03	287.926
539.03	287.926
581.997	35.6902
564.115	352.989
593.125	20.4245
595.719	439.621
625.076	57.9105
639.379	32.361
649.89	68.9665
657.762	121.158
661.27	106.804
674.611	130.613
682.7	91.283
695.504	51.7413
699.04	131.71
710.796	93.4243
31.2449	346.905
33.4934	452.46
42.4556	298.341
50.1475	265.418
48.2927	317.808
45.013	419.329
49.5951	441.255
52.492	340.339
58.8714	260.62
60.5017	389.101
75.8872	346.465
119.544	326.463
114.884	435.847
114.884	435.847
151.97	350.775
151.97	350.775
246.754	132.9
265.491	87.0552
265.491	87.0552
369.493	12.7323
364.055	233.444
362.318	284.009
362.318	284.009
360.3	348.859
360.3	348.859
385.313	10.6578
357.552	434.881
414.385	20.1558
438.566	12.4026
460.164	70.1757
493.165	161.909
493.165	161.909
539.04	287.935
539.04	287.935
582.323	35.8266
564.088	352.989
564.088	352.989
593.938	21.2687
625.148	57.7226
650.442	69.1371
650.442	69.1371
657.679	121.105
657.679	121.105
662.052	45.2087
682.791	91.1684
689.864	123.284
695.055	51.7152
699.107	131.805
711.001	93.4993
13.9072	298.93
18.6348	342.395
22.9063	300.764
33.9953	452.14
44.3242	352.991
44.2022	386.242
45.1356	419.213
48.3262	451.755
71.8368	374.545
114.883	435.897
151.953	350.773
234.557	161.488
234.557	161.488
367.609	131.652
365.545	193.101
364.057	233.404
362.309	283.991
362.309	283.991
383.415	17.9185
363.646	348.894
414.461	20.3504
419.409	16.8841
448.287	6.28446
460.169	70.2734
539.029	287.91
539.029	287.91
564.047	352.954
564.047	352.954
583.583	36.8328
610.984	36.0595
617.779	69.8367
595.645	439.621
639.328	32.4597
640.269	75.8126
667.789	35.0377
668.233	89.7867
674.186	117.361
674.472	130.559
682.786	91.2894
689.944	123.314
698.921	131.686
707.257	107.735
