23.0275	300.716
31.2119	346.859
36.3981	260.954
42.5346	291.552
33.7974	452.242
42.5651	320.752
60.4531	388.973
60.4531	388.973
66.8361	309.121
66.5519	385.787
75.8895	346.441
75.8895	346.441
77.8031	387.781
87.1558	280.887
151.981	350.731
151.981	350.731
202.158	235.421
202.158	235.421
265.54	87.0412
265.54	87.0412
364.051	233.429
364.051	233.429
383.464	17.8774
360.287	348.82
363.837	348.783
442.387	14.8228
448.149	6.13016
460.094	70.1884
538.99	287.939
538.99	287.939
582.321	35.6032
564.124	353.002
594.131	21.5189
625.265	57.6949
640.004	75.4536
657.884	121.266
657.884	121.266
662.293	45.6054
668.192	89.7775
682.769	91.1661
689.993	123.313
695.199	128.873
710.733	93.3925
18.7163	342.383
22.869	300.705
36.6277	260.963
42.4616	277.024
45.1785	386.509
46.7176	344.319
49.4758	441.164
58.8339	260.699
60.5591	389.13
66.8727	309.09
66.2309	385.291
75.8713	346.464
75.8713	346.464
77.8942	387.694
151.929	350.783
202.131	235.425
202.131	235.425
234.538	161.5
367.555	131.609
365.552	193.072
364.056	233.424
362.314	284.032
362.314	284.032
383.463	17.9097
363.841	348.95
414.347	20.2818
442.486	14.7445
460.14	70.1955
582.452	35.6585
564.133	353.014
594.133	21.5106
625.668	57.4729
640.064	75.5496
662.261	45.5864
668.175	89.7393
674.17	117.411
674.467	130.596
689.98	123.273
695.208	128.827
710.881	93.4855
724.221	105.793
18.451	276.546
18.6896	342.329
36.0785	260.719
42.5035	277.026
44.3798	352.92
50.1114	265.337
48.3139	451.59
49.193	441.015
60.6525	389.211
60.6525	389.211
63.4246	365.045
66.5731	385.774
76.0272	346.535
77.8486	387.629
151.962	350.783
151.962	350.783
202.184	235.441
202.184	235.441
234.449	161.515
265.536	87.022
265.536	87.022
367.554	131.618
364.051	233.44
364.051	233.44
363.82	348.894
383.468	17.7647
385.346	10.6214
414.389	20.3942
443.116	36.7042
539.034	287.944
539.034	287.944
594.258	21.5634
611.045	36.0617
625.392	57.6232
639.955	75.4818
662.233	45.6028
668.172	89.8251
673.771	117.175
674.915	130.654
689.706	123.243
695.205	128.832
710.915	93.548
723.959	105.491
22.9652	257.796
18.6963	342.353
23.0129	300.725
35.9374	260.466
42.4677	277.099
44.9821	386.447
52.4154	357.922
48.16	451.527
49.4205	441.129
60.4167	388.924
66.16	385.156
75.9305	346.475
75.9305	346.475
77.8532	387.567
151.935	350.786
179.528	286.096
202.186	235.425
202.186	235.425
220.139	195.011
234.527	161.485
367.583	131.613
364.035	233.426
364.035	233.426
362.323	284.012
362.323	284.012
383.528	17.8341
360.296	348.827
360.296	348.827
387.712	18.8559
419.427	17.0159
442.158	14.777
539.02	287.938
539.02	287.938
582.476	35.7284
564.128	353.006
594.233	21.552
625.399	57.5602
639.766	75.195
657.827	121.228
668.209	89.7495
673.82	117.225
689.71	123.248
695.61	51.8101
699.005	131.695
710.74	93.448
724.086	105.656
18.4933	276.527
22.9209	257.71
35.2994	260.131
44.368	352.971
48.2494	317.752
44.9841	419.337
49.1178	440.962
60.3018	388.797
69.1277	285.604
66.2662	385.389
75.7774	346.313
87.5524	280.84
114.994	435.87
151.917	350.765
151.917	350.765
179.674	286.072
179.674	286.072
234.686	161.475
234.686	161.475
246.869	132.9
355.945	16.2757
365.549	193.126
365.549	193.126
387.699	18.8315
362.313	284.037
360.289	348.808
363.529	348.517
414.454	20.211
419.389	16.898
460.112	70.1866
460.112	70.1866
585.103	38.5822
564.094	353.005
564.094	353.005
611.436	36.5419
595.67	439.599
650.585	69.2591
657.807	121.257
657.807	121.257
670.452	35.6234
668.259	89.7758
674.026	117.376
682.747	91.2264
682.747	91.2264
689.891	123.279
695.024	128.847
