58.3868	289.533
49.3106	441.164
60.3696	388.941
69.1661	285.615
66.4853	385.72
75.8801	346.44
75.8801	346.44
77.7092	388.412
95.2719	277.706
119.659	326.325
152.028	350.768
179.491	286.106
179.491	286.106
220.172	194.978
365.538	193.168
365.538	193.168
364.054	233.388
362.296	283.999
362.296	283.999
363.626	349.137
357.467	434.735
419.407	16.9332
419.407	16.9332
443.083	36.7596
444.655	35.0082
460.053	70.199
474.201	109.502
482.483	133.771
519.882	237.128
519.882	237.128
564.092	352.975
617.954	70.5976
624.971	58.0307
595.647	439.635
595.647	439.635
640.059	75.3024
657.795	121.186
657.795	121.186
674.63	130.575
695.094	128.852
707.708	108.152
33.9746	295.86
31.1067	346.925
42.5128	298.348
44.5105	386.321
45.1292	419.313
56.0068	405.542
75.9228	346.528
88.3037	280.873
95.9724	276.963
93.2735	367.522
119.585	326.395
114.884	435.883
152.005	350.755
179.735	286.103
179.735	286.103
234.492	161.497
256.445	108.235
256.445	108.235
365.525	193.067
365.525	193.067
362.279	283.958
362.279	283.958
360.28	348.931
363.564	348.852
357.47	434.797
414.461	20.2104
419.447	16.909
445.98	12.6287
449.831	40.1647
460.118	70.2482
466.786	88.4741
493.068	161.94
493.068	161.94
519.879	237.116
519.879	237.116
618.421	71.686
625.088	58.157
595.674	439.63
595.674	439.63
640.234	75.6038
657.878	121.313
668.337	89.8395
689.786	123.249
707.252	107.807
42.4561	277.122
42.6768	320.846
44.9049	386.411
49.6435	441.248
69.2911	285.508
75.9008	346.487
77.782	387.936
151.958	350.771
151.958	350.771
179.552	286.116
201.995	235.434
220.155	194.938
220.155	194.938
234.547	161.479
356.217	16.2885
361.095	16.3214
365.493	193.089
365.493	193.089
364.05	233.463
362.297	284.034
360.291	348.831
363.467	348.542
419.593	17.3241
419.593	17.3241
449.907	40.2433
454.752	50.5597
482.553	133.807
520.062	237.13
520.062	237.13
538.978	287.892
538.978	287.892
620.255	75.2447
626.458	58.9885
628.867	88.6677
640.642	76.0412
657.847	121.159
682.891	91.4639
689.649	123.226
706.888	107.523
710.832	93.4481
33.9884	295.866
50.074	265.161
44.3819	386.312
60.4269	388.907
76.0557	346.618
76.0557	346.618
114.951	435.834
151.853	350.772
151.853	350.772
179.699	286.075
220.04	194.974
220.04	194.974
234.518	161.434
246.732	132.828
256.555	108.224
312.148	9.39564
364.038	233.463
364.038	233.463
362.281	283.978
362.281	283.978
360.286	348.803
363.641	348.938
357.461	434.708
407.395	17.5733
414.452	20.2364
460.145	70.1724
474.224	109.481
482.471	133.81
519.929	237.133
519.929	237.133
626.198	59.0378
595.644	439.615
640.41	75.8829
657.889	121.224
672.356	115.976
682.458	91.174
689.865	123.262
701.749	89.2468
706.943	107.578
33.9211	295.856
42.3995	298.351
44.3154	352.921
44.8823	386.455
45.0041	419.192
66.3618	385.492
75.8457	346.447
151.927	350.781
151.927	350.781
273.523	68.8032
273.523	68.8032
365.497	193.088
365.497	193.088
364.053	233.461
364.053	233.461
362.307	283.966
362.307	283.966
360.286	348.803
360.286	348.803
414.436	20.2374
419.559	17.274
449.809	40.2579
460.225	70.1937
482.557	133.799
492.986	161.919
505.111	195.968
519.865	237.13
519.865	237.13
619.754	74.6484
595.686	439.589
640.506	75.9967
658.078	121.31
658.078	121.31
668.271	89.8009
675.278	130.741
682.403	91.1609
689.94	123.293
710.782	93.4263
