-405.963	-597.085	4853.11
-182.62	956.241	3725.74
-265.208	1135.17	4124.54
-438.43	451.449	3137.96
745.028	956.713	4639.72
116.755	840.55	3604.5
685.232	-607.962	3675.36
-700.254	617.69	4215.44
815.547	-482.605	4230.67
-654.768	-317.607	3581.87
147.298	1077.62	3256.1
340.959	477.219	3694.03
-96.9275	170.077	4036.15
-625.579	-883.309	5034.37
-156.242	-65.6561	4898.6
-337.375	624.162	4800.31
445.987	1166.86	4446.55
694.037	-174.156	4521.29
735.608	766.344	4552.94
217.445	-56.8332	5070.62
-12.9242	106.569	3135.81
-671.577	1011.83	4902.75
700.8	659.833	4751.54
400.061	902.979	3929.81
111.367	866.956	3201.36
975.486	289.923	5176.38
220.77	-598.561	4214.36
735.411	-399.377	3957.68
1294.08	-498.037	4215.41
-684.763	-156.238	3112.89
-568.483	-47.9218	4077.55
65.4957	-639.546	4608.45
463.354	144.022	4137.82
-660.395	1113.95	3794.23
168.203	458.65	4694.45
375.936	-71.9192	3806.26
-253.076	-367.352	3216.39
948.304	777.147	4219.2
1196.36	-255.954	4541.33
-309.867	1083.48	3922.74
155.081	1025.76	3512.8
-798.11	288.18	3345.83
-375.688	206.675	4920.33
1063.61	281.472	3580.99
322.815	195.313	4626.9
1056.02	1.78011	3644.12
-704.434	-121.143	3689.58
963.518	-332.522	4867.6
-457.471	426.498	4816.03
644.347	818.111	3877.83
-405.963	-597.085	4853.11
-182.62	956.241	3725.74
-265.208	1135.17	4124.54
-438.43	451.449	3137.96
745.028	956.713	4639.72
116.755	840.55	3604.5
685.232	-607.962	3675.36
-700.254	617.69	4215.44
815.547	-482.605	4230.67
-654.768	-317.607	3581.87
147.298	1077.62	3256.1
340.959	477.219	3694.03
-96.9275	170.077	4036.15
-625.579	-883.309	5034.37
-156.242	-65.6561	4898.6
-337.375	624.162	4800.31
445.987	1166.86	4446.55
694.037	-174.156	4521.29
735.608	766.344	4552.94
217.445	-56.8332	5070.62
-12.9242	106.569	3135.81
-671.577	1011.83	4902.75
700.8	659.833	4751.54
400.061	902.979	3929.81
111.367	866.956	3201.36
975.486	289.923	5176.38
220.77	-598.561	4214.36
735.411	-399.377	3957.68
1294.08	-498.037	4215.41
-684.763	-156.238	3112.89
-568.483	-47.9218	4077.55
65.4957	-639.546	4608.45
463.354	144.022	4137.82
-660.395	1113.95	3794.23
168.203	458.65	4694.45
375.936	-71.9192	3806.26
-253.076	-367.352	3216.39
948.304	777.147	4219.2
1196.36	-255.954	4541.33
-309.867	1083.48	3922.74
155.081	1025.76	3512.8
-798.11	288.18	3345.83
-375.688	206.675	4920.33
1063.61	281.472	3580.99
322.815	195.313	4626.9
1056.02	1.78011	3644.12
-704.434	-121.143	3689.58
963.518	-332.522	4867.6
-457.471	426.498	4816.03
644.347	818.111	3877.83
-405.963	-597.085	4853.11
-182.62	956.241	3725.74
-265.208	1135.17	4124.54
-438.43	451.449	3137.96
745.028	956.713	4639.72
116.755	840.55	3604.5
685.232	-607.962	3675.36
-700.254	617.69	4215.44
815.547	-482.605	4230.67
-654.768	-317.607	3581.87
147.298	1077.62	3256.1
340.959	477.219	3694.03
-96.9275	170.077	4036.15
-625.579	-883.309	5034.37
-156.242	-65.6561	4898.6
-337.375	624.162	4800.31
445.987	1166.86	4446.55
694.037	-174.156	4521.29
735.608	766.344	4552.94
217.445	-56.8332	5070.62
-12.9242	106.569	3135.81
-671.577	1011.83	4902.75
700.8	659.833	4751.54
400.061	902.979	3929.81
111.367	866.956	3201.36
975.486	289.923	5176.38
220.77	-598.561	4214.36
735.411	-399.377	3957.68
1294.08	-498.037	4215.41
-684.763	-156.238	3112.89
-568.483	-47.9218	4077.55
65.4957	-639.546	4608.45
463.354	144.022	4137.82
-660.395	1113.95	3794.23
168.203	458.65	4694.45
375.936	-71.9192	3806.26
-253.076	-367.352	3216.39
948.304	777.147	4219.2
1196.36	-255.954	4541.33
-309.867	1083.48	3922.74
155.081	1025.76	3512.8
-798.11	288.18	3345.83
-375.688	206.675	4920.33
1063.61	281.472	3580.99
322.815	195.313	4626.9
1056.02	1.78011	3644.12
-704.434	-121.143	3689.58
963.518	-332.522	4867.6
-457.471	426.498	4816.03
644.347	818.111	3877.83
-405.963	-597.085	4853.11
-182.62	956.241	3725.74
-265.208	1135.17	4124.54
-438.43	451.449	3137.96
745.028	956.713	4639.72
116.755	840.55	3604.5
685.232	-607.962	3675.36
-700.254	617.69	4215.44
815.547	-482.605	4230.67
-654.768	-317.607	3581.87
147.298	1077.62	3256.1
340.959	477.219	3694.03
-96.9275	170.077	4036.15
-625.579	-883.309	5034.37
-156.242	-65.6561	4898.6
-337.375	624.162	4800.31
445.987	1166.86	4446.55
694.037	-174.156	4521.29
735.608	766.344	4552.94
217.445	-56.8332	5070.62
-12.9242	106.569	3135.81
-671.577	1011.83	4902.75
700.8	659.833	4751.54
400.061	902.979	3929.81
111.367	866.956	3201.36
975.486	289.923	5176.38
220.77	-598.561	4214.36
735.411	-399.377	3957.68
1294.08	-498.037	4215.41
-684.763	-156.238	3112.89
-568.483	-47.9218	4077.55
65.4957	-639.546	4608.45
463.354	144.022	4137.82
-660.395	1113.95	3794.23
168.203	458.65	4694.45
375.936	-71.9192	3806.26
-253.076	-367.352	3216.39
948.304	777.147	4219.2
1196.36	-255.954	4541.33
-309.867	1083.48	3922.74
155.081	1025.76	3512.8
-798.11	288.18	3345.83
-375.688	206.675	4920.33
1063.61	281.472	3580.99
322.815	195.313	4626.9
1056.02	1.78011	3644.12
-704.434	-121.143	3689.58
963.518	-332.522	4867.6
-457.471	426.498	4816.03
644.347	818.111	3877.83
-405.963	-597.085	4853.11
-182.62	956.241	3725.74
-265.208	1135.17	4124.54
-438.43	451.449	3137.96
745.028	956.713	4639.72
116.755	840.55	3604.5
685.232	-607.962	3675.36
-700.254	617.69	4215.44
815.547	-482.605	4230.67
-654.768	-317.607	3581.87
147.298	1077.62	3256.1
340.959	477.219	3694.03
-96.9275	170.077	4036.15
-625.579	-883.309	5034.37
-156.242	-65.6561	4898.6
-337.375	624.162	4800.31
445.987	1166.86	4446.55
694.037	-174.156	4521.29
735.608	766.344	4552.94
217.445	-56.8332	5070.62
-12.9242	106.569	3135.81
-671.577	1011.83	4902.75
700.8	659.833	4751.54
400.061	902.979	3929.81
111.367	866.956	3201.36
975.486	289.923	5176.38
220.77	-598.561	4214.36
735.411	-399.377	3957.68
1294.08	-498.037	4215.41
-684.763	-156.238	3112.89
-568.483	-47.9218	4077.55
65.4957	-639.546	4608.45
463.354	144.022	4137.82
-660.395	1113.95	3794.23
168.203	458.65	4694.45
375.936	-71.9192	3806.26
-253.076	-367.352	3216.39
948.304	777.147	4219.2
1196.36	-255.954	4541.33
-309.867	1083.48	3922.74
155.081	1025.76	3512.8
-798.11	288.18	3345.83
-375.688	206.675	4920.33
1063.61	281.472	3580.99
322.815	195.313	4626.9
1056.02	1.78011	3644.12
-704.434	-121.143	3689.58
963.518	-332.522	4867.6
-457.471	426.498	4816.03
644.347	818.111	3877.83
