916.94	-807.717	5142.98
1129.22	466.676	5034.96
860.82	269.727	4154.55
424.035	-338.46	5126.19
-493.576	691.827	5363.19
-346.33	732.192	3587.2
1073.76	1241.97	4613.71
-676.921	-106.427	5230.73
558.259	1228.64	3698.07
1082.31	232.499	3549.68
-664.126	760.688	3360.56
-805.874	-577.516	5188.51
37.1538	-876.694	5116.95
-375.719	910.294	4270.8
-441.686	755.084	4741.7
-551.086	-320.786	4673.38
-6.66785	202.431	4834.28
564.091	-470.529	3359.61
468.122	-185.144	4069.16
-559.222	849.618	5250.17
323.985	609.582	4897.19
-774.086	750.574	3997.24
635.017	1214.78	4463.34
906.611	531.486	3617.44
316.572	1046.95	3671.49
-634.635	322.079	3471.63
372.04	-589.7	4516.65
912.307	902.825	3394.34
-766.401	1050.67	3272.65
455.884	28.3069	3335.65
229.226	698.621	3969.76
418.716	-108.197	4000.49
505.011	313.082	4054.39
1318.76	-68.5922	3892.52
1277.39	-422.59	4675.67
-633.517	-1004.41	4800.13
-289.036	-289.991	5035.62
1047.92	-505.096	4003.73
-583.733	815.75	5243.95
-357.557	876.754	3424.31
360.792	-625.8	3752.6
744.054	-591.447	5244.19
-259.026	27.1567	4467.91
217.055	-451.099	4191.56
819.153	-655.308	4541.33
-180.955	-112.973	3871.23
605.218	915.793	3908.6
-3.18678	973.71	3612.49
535.847	235.495	4984.87
187.9	-228.193	4279.69
916.809	-807.604	5142.25
1129.06	466.61	5034.25
860.698	269.688	4153.96
423.974	-338.412	5125.46
-493.507	691.729	5362.43
-346.281	732.088	3586.69
1073.61	1241.79	4613.05
-676.825	-106.412	5229.98
558.18	1228.47	3697.54
1082.15	232.465	3549.17
-664.032	760.58	3360.08
-805.761	-577.434	5187.77
37.1476	-876.57	5116.22
-375.665	910.166	4270.19
-441.624	754.977	4741.03
-551.009	-320.741	4672.72
-6.66742	202.402	4833.59
564.011	-470.462	3359.13
468.055	-185.118	4068.58
-559.143	849.498	5249.42
323.939	609.496	4896.49
-773.976	750.468	3996.67
634.927	1214.61	4462.71
906.482	531.41	3616.92
316.528	1046.8	3670.97
-634.545	322.034	3471.13
371.987	-589.616	4516
912.177	902.697	3393.85
-766.293	1050.52	3272.18
455.819	28.3026	3335.17
229.193	698.522	3969.19
418.656	-108.182	3999.92
504.939	313.038	4053.81
1318.58	-68.5832	3891.96
1277.21	-422.531	4675.01
-633.428	-1004.27	4799.44
-288.996	-289.95	5034.91
1047.77	-505.025	4003.16
-583.65	815.634	5243.21
-357.506	876.63	3423.82
360.74	-625.712	3752.07
743.947	-591.363	5243.44
-258.99	27.1529	4467.28
217.023	-451.035	4190.97
819.036	-655.216	4540.68
-180.93	-112.957	3870.68
605.132	915.663	3908.04
-3.18633	973.572	3611.98
535.771	235.461	4984.16
187.872	-228.161	4279.08
916.585	-807.405	5140.99
1128.79	466.496	5033.02
860.488	269.622	4152.95
423.872	-338.329	5124.21
-493.385	691.56	5361.12
-346.196	731.909	3585.81
1073.35	1241.49	4611.92
-676.659	-106.386	5228.7
558.043	1228.17	3696.64
1081.89	232.409	3548.31
-663.869	760.394	3359.26
-805.562	-577.292	5186.5
37.1396	-876.355	5114.97
-375.573	909.943	4269.14
-441.515	754.792	4739.87
-550.873	-320.662	4671.57
-6.66507	202.353	4832.41
563.874	-470.347	3358.31
467.941	-185.072	4067.59
-559.006	849.29	5248.14
323.86	609.347	4895.29
-773.786	750.284	3995.7
634.772	1214.31	4461.62
906.261	531.281	3616.04
316.45	1046.54	3670.08
-634.389	321.955	3470.29
371.896	-589.472	4514.9
911.954	902.476	3393.02
-766.105	1050.27	3271.38
455.707	28.2959	3334.36
229.138	698.351	3968.22
418.554	-108.155	3998.94
504.816	312.961	4052.82
1318.26	-68.5658	3891.01
1276.9	-422.427	4673.86
-633.272	-1004.02	4798.27
-288.925	-289.879	5033.68
1047.51	-504.901	4002.18
-583.507	815.435	5241.92
-357.418	876.415	3422.99
360.652	-625.559	3751.15
743.766	-591.218	5242.16
-258.926	27.1463	4466.19
216.971	-450.925	4189.94
818.836	-655.055	4539.57
-180.885	-112.929	3869.74
604.984	915.439	3907.09
-3.18527	973.333	3611.1
535.64	235.404	4982.94
187.827	-228.105	4278.03
916.386	-807.231	5139.88
1128.54	466.395	5031.92
860.301	269.564	4152.05
423.779	-338.255	5123.09
-493.279	691.41	5359.95
-346.121	731.75	3585.04
1073.12	1241.22	4610.92
-676.513	-106.363	5227.57
557.922	1227.9	3695.84
1081.66	232.358	3547.54
-663.726	760.229	3358.53
-805.388	-577.167	5185.38
37.131	-876.165	5113.86
-375.492	909.746	4268.22
-441.42	754.628	4738.84
-550.754	-320.593	4670.56
-6.66403	202.309	4831.36
563.751	-470.245	3357.58
467.839	-185.032	4066.71
-558.885	849.106	5247
323.789	609.215	4894.23
-773.619	750.121	3994.83
634.634	1214.05	4460.65
906.064	531.165	3615.26
316.382	1046.32	3669.28
-634.252	321.885	3469.53
371.815	-589.344	4513.92
911.756	902.281	3392.29
-765.939	1050.04	3270.67
455.608	28.2898	3333.63
229.088	698.2	3967.36
418.463	-108.132	3998.08
504.706	312.893	4051.94
1317.97	-68.551	3890.17
1276.62	-422.335	4672.85
-633.135	-1003.8	4797.23
-288.862	-289.816	5032.59
1047.28	-504.792	4001.31
-583.381	815.258	5240.79
-357.341	876.225	3422.24
360.574	-625.423	3750.34
743.604	-591.09	5241.03
-258.87	27.1404	4465.22
216.923	-450.827	4189.04
818.658	-654.913	4538.59
-180.846	-112.904	3868.9
604.853	915.24	3906.24
-3.18491	973.122	3610.31
535.524	235.353	4981.86
187.786	-228.056	4277.11
1096.29	-805.477	5138.87
1305.37	465.261	5037.48
1005.99	268.901	4154.66
601.616	-337.426	5108.77
-310.048	690.179	5319.53
-223.617	730.333	3557.61
1235.26	1238.36	4617.22
-498.396	-105.779	5182.68
686.974	1225.17	3692.65
1207.18	231.704	3559.26
-549.985	758.816	3323.56
-629.114	-575.507	5137.1
213.484	-874.044	5088.92
-229.531	907.962	4236.57
-279.439	753.223	4702.99
-391.454	-319.582	4631.88
159.819	202.03	4806.83
681.166	-469.217	3355.97
609.403	-184.592	4058.95
-379.746	847.537	5205.38
493.435	607.952	4878.49
-638.282	748.78	3953.65
790.275	1211.35	4455.7
1033.39	529.892	3621.88
443.789	1044.04	3659.6
-516.596	321.444	3434.74
528.502	-587.964	4501.2
1031.42	900.171	3400.25
-655.535	1048	3233.4
571.871	28.2334	3329.28
366.506	696.731	3953.73
557.513	-107.852	3989.33
645.872	312.217	4045.35
1456.01	-68.5813	3906.57
1441.52	-421.542	4684.12
-469.718	-1001.25	4755.55
-116.295	-288.925	4999.24
1188.34	-503.782	4009.67
-404.529	813.768	5198.53
-240.48	874.482	3395.35
490.912	-623.988	3741.17
926.473	-589.772	5234.82
-105.767	27.2995	4435.62
361.946	-449.73	4173.75
977.545	-653.496	4537.96
-48.0577	-112.474	3844.42
741.297	913.194	3903.22
121.226	971.086	3592.18
708.83	234.874	4971.4
335.756	-227.444	4260.62
