1516.75	-274.272	3059.57
2547.57	2390.58	4244.83
2450.44	3429.99	3688.92
2138.12	-409.157	5118.98
190.419	3016.34	5292.55
413.708	2390.01	3146.77
1184.69	1901.24	4814.09
1296.1	2580.91	2261.18
1180.77	999.075	5297.51
1440.93	573.012	4959.43
1192.33	-162.792	2959.23
2004.44	-343.596	3177.07
-191.209	1249.68	3079.7
2450.09	3315.22	3589.98
669.647	2198.54	4426.87
2649.7	1935.54	3088.96
-1216.65	2644.44	3733.83
2232.88	1520.24	4535.92
-941.43	1659	2205.09
2933.61	14.9723	4332.63
-1021.42	1925.57	5076.06
447.097	444.653	3373.84
900.621	1295.01	4395
1117.99	1720.89	2431.76
-263.86	2352.01	4670.63
2706.2	2147.82	2611.9
3046.04	736.468	2540.53
2743.73	2126.67	2076.89
1829.57	2018.97	3779.19
641.929	1968.12	3874.65
824.932	-684.671	5469.99
2318.11	1319.66	3164.02
2101.11	38.0971	4610.59
111.714	2049.19	5725.83
1538.17	1506.45	3502.56
723.551	603.323	3058.91
1867.38	2401.99	4515.68
2750.34	911.722	4276.22
-1133.08	2345.15	3998.11
2831.04	1896.41	3945.59
1308.34	1983.62	4151.25
-845.439	-19.9098	4978.48
105.994	1878.45	3654.68
2054.64	84.7322	5518.28
-611.237	701.72	5239.23
550.009	708.76	4448.04
1067.18	1626.28	5045.16
2174.8	3304.71	4104.86
1512.01	1255.41	4803.08
1159.38	1244.08	2936.63
1516.75	-274.272	3059.57
2547.57	2390.58	4244.83
2450.44	3429.99	3688.92
2138.12	-409.157	5118.98
190.419	3016.34	5292.55
413.708	2390.01	3146.77
1184.69	1901.24	4814.09
1296.1	2580.91	2261.18
1180.77	999.075	5297.51
1440.93	573.012	4959.43
1192.33	-162.792	2959.23
2004.44	-343.596	3177.07
-191.209	1249.68	3079.7
2450.09	3315.22	3589.98
669.647	2198.54	4426.87
2649.7	1935.54	3088.96
-1216.65	2644.44	3733.83
2232.88	1520.24	4535.92
-941.43	1659	2205.09
2933.61	14.9723	4332.63
-1021.42	1925.57	5076.06
447.097	444.653	3373.84
900.621	1295.01	4395
1117.99	1720.89	2431.76
-263.86	2352.01	4670.63
2706.2	2147.82	2611.9
3046.04	736.468	2540.53
2743.73	2126.67	2076.89
1829.57	2018.97	3779.19
641.929	1968.12	3874.65
824.932	-684.671	5469.99
2318.11	1319.66	3164.02
2101.11	38.0971	4610.59
111.714	2049.19	5725.83
1538.17	1506.45	3502.56
723.551	603.323	3058.91
1867.38	2401.99	4515.68
2750.34	911.722	4276.22
-1133.08	2345.15	3998.11
2831.04	1896.41	3945.59
1308.34	1983.62	4151.25
-845.439	-19.9098	4978.48
105.994	1878.45	3654.68
2054.64	84.7322	5518.28
-611.237	701.72	5239.23
550.009	708.76	4448.04
1067.18	1626.28	5045.16
2174.8	3304.71	4104.86
1512.01	1255.41	4803.08
1159.38	1244.08	2936.63
1516.75	-274.272	3059.57
2547.57	2390.58	4244.83
2450.44	3429.99	3688.92
2138.12	-409.157	5118.98
190.419	3016.34	5292.55
413.708	2390.01	3146.77
1184.69	1901.24	4814.09
1296.1	2580.91	2261.18
1180.77	999.075	5297.51
1440.93	573.012	4959.43
1192.33	-162.792	2959.23
2004.44	-343.596	3177.07
-191.209	1249.68	3079.7
2450.09	3315.22	3589.98
669.647	2198.54	4426.87
2649.7	1935.54	3088.96
-1216.65	2644.44	3733.83
2232.88	1520.24	4535.92
-941.43	1659	2205.09
2933.61	14.9723	4332.63
-1021.42	1925.57	5076.06
447.097	444.653	3373.84
900.621	1295.01	4395
1117.99	1720.89	2431.76
-263.86	2352.01	4670.63
2706.2	2147.82	2611.9
3046.04	736.468	2540.53
2743.73	2126.67	2076.89
1829.57	2018.97	3779.19
641.929	1968.12	3874.65
824.932	-684.671	5469.99
2318.11	1319.66	3164.02
2101.11	38.0971	4610.59
111.714	2049.19	5725.83
1538.17	1506.45	3502.56
723.551	603.323	3058.91
1867.38	2401.99	4515.68
2750.34	911.722	4276.22
-1133.08	2345.15	3998.11
2831.04	1896.41	3945.59
1308.34	1983.62	4151.25
-845.439	-19.9098	4978.48
105.994	1878.45	3654.68
2054.64	84.7322	5518.28
-611.237	701.72	5239.23
550.009	708.76	4448.04
1067.18	1626.28	5045.16
2174.8	3304.71	4104.86
1512.01	1255.41	4803.08
1159.38	1244.08	2936.63
1516.75	-274.272	3059.57
2547.57	2390.58	4244.83
2450.44	3429.99	3688.92
2138.12	-409.157	5118.98
190.419	3016.34	5292.55
413.708	2390.01	3146.77
1184.69	1901.24	4814.09
1296.1	2580.91	2261.18
1180.77	999.075	5297.51
1440.93	573.012	4959.43
1192.33	-162.792	2959.23
2004.44	-343.596	3177.07
-191.209	1249.68	3079.7
2450.09	3315.22	3589.98
669.647	2198.54	4426.87
2649.7	1935.54	3088.96
-1216.65	2644.44	3733.83
2232.88	1520.24	4535.92
-941.43	1659	2205.09
2933.61	14.9723	4332.63
-1021.42	1925.57	5076.06
447.097	444.653	3373.84
900.621	1295.01	4395
1117.99	1720.89	2431.76
-263.86	2352.01	4670.63
2706.2	2147.82	2611.9
3046.04	736.468	2540.53
2743.73	2126.67	2076.89
1829.57	2018.97	3779.19
641.929	1968.12	3874.65
824.932	-684.671	5469.99
2318.11	1319.66	3164.02
2101.11	38.0971	4610.59
111.714	2049.19	5725.83
1538.17	1506.45	3502.56
723.551	603.323	3058.91
1867.38	2401.99	4515.68
2750.34	911.722	4276.22
-1133.08	2345.15	3998.11
2831.04	1896.41	3945.59
1308.34	1983.62	4151.25
-845.439	-19.9098	4978.48
105.994	1878.45	3654.68
2054.64	84.7322	5518.28
-611.237	701.72	5239.23
550.009	708.76	4448.04
1067.18	1626.28	5045.16
2174.8	3304.71	4104.86
1512.01	1255.41	4803.08
1159.38	1244.08	2936.63
1516.75	-274.272	3059.57
2547.57	2390.58	4244.83
2450.44	3429.99	3688.92
2138.12	-409.157	5118.98
190.419	3016.34	5292.55
413.708	2390.01	3146.77
1184.69	1901.24	4814.09
1296.1	2580.91	2261.18
1180.77	999.075	5297.51
1440.93	573.012	4959.43
1192.33	-162.792	2959.23
2004.44	-343.596	3177.07
-191.209	1249.68	3079.7
2450.09	3315.22	3589.98
669.647	2198.54	4426.87
2649.7	1935.54	3088.96
-1216.65	2644.44	3733.83
2232.88	1520.24	4535.92
-941.43	1659	2205.09
2933.61	14.9723	4332.63
-1021.42	1925.57	5076.06
447.097	444.653	3373.84
900.621	1295.01	4395
1117.99	1720.89	2431.76
-263.86	2352.01	4670.63
2706.2	2147.82	2611.9
3046.04	736.468	2540.53
2743.73	2126.67	2076.89
1829.57	2018.97	3779.19
641.929	1968.12	3874.65
824.932	-684.671	5469.99
2318.11	1319.66	3164.02
2101.11	38.0971	4610.59
111.714	2049.19	5725.83
1538.17	1506.45	3502.56
723.551	603.323	3058.91
1867.38	2401.99	4515.68
2750.34	911.722	4276.22
-1133.08	2345.15	3998.11
2831.04	1896.41	3945.59
1308.34	1983.62	4151.25
-845.439	-19.9098	4978.48
105.994	1878.45	3654.68
2054.64	84.7322	5518.28
-611.237	701.72	5239.23
550.009	708.76	4448.04
1067.18	1626.28	5045.16
2174.8	3304.71	4104.86
1512.01	1255.41	4803.08
1159.38	1244.08	2936.63
