1516.75	-274.272	3059.57
2547.57	2390.58	4244.84
2450.44	3429.98	3688.91
2138.12	-409.157	5118.98
190.419	3016.34	5292.55
413.708	2390.01	3146.77
1184.69	1901.24	4814.1
1296.1	2580.91	2261.18
1180.77	999.076	5297.51
1440.93	573.011	4959.43
1192.33	-162.792	2959.24
2004.44	-343.595	3177.06
-191.209	1249.68	3079.7
2450.08	3315.21	3589.98
669.647	2198.54	4426.88
2649.7	1935.54	3088.97
-1216.65	2644.44	3733.83
2232.88	1520.24	4535.92
-941.429	1658.99	2205.09
2933.6	14.9722	4332.62
-1021.42	1925.57	5076.06
447.098	444.653	3373.85
900.621	1295.01	4394.99
1117.99	1720.9	2431.76
-263.859	2352.01	4670.63
2706.21	2147.82	2611.9
3046.04	736.469	2540.53
2743.73	2126.67	2076.89
1829.57	2018.97	3779.19
641.928	1968.12	3874.65
824.93	-684.67	5469.99
2318.11	1319.66	3164.01
2101.11	38.0972	4610.6
111.714	2049.19	5725.85
1538.17	1506.45	3502.56
723.551	603.323	3058.91
1867.39	2401.99	4515.69
2750.34	911.724	4276.23
-1133.08	2345.15	3998.11
2831.04	1896.41	3945.58
1308.34	1983.62	4151.25
-845.442	-19.9098	4978.5
105.994	1878.44	3654.67
2054.64	84.7324	5518.29
-611.236	701.72	5239.22
550.009	708.76	4448.04
1067.19	1626.28	5045.16
2174.8	3304.71	4104.87
1512.01	1255.41	4803.08
1159.38	1244.08	2936.62
1516.75	-274.272	3059.57
2547.57	2390.58	4244.84
2450.44	3429.98	3688.91
2138.12	-409.157	5118.98
190.419	3016.34	5292.55
413.708	2390.01	3146.77
1184.69	1901.24	4814.1
1296.1	2580.91	2261.18
1180.77	999.076	5297.51
1440.93	573.011	4959.43
1192.33	-162.792	2959.24
2004.44	-343.595	3177.06
-191.209	1249.68	3079.7
2450.08	3315.21	3589.98
669.647	2198.54	4426.88
2649.7	1935.54	3088.97
-1216.65	2644.44	3733.83
2232.88	1520.24	4535.92
-941.429	1658.99	2205.09
2933.6	14.9722	4332.62
-1021.42	1925.57	5076.06
447.098	444.653	3373.85
900.621	1295.01	4394.99
1117.99	1720.9	2431.76
-263.859	2352.01	4670.63
2706.21	2147.82	2611.9
3046.04	736.469	2540.53
2743.73	2126.67	2076.89
1829.57	2018.97	3779.19
641.928	1968.12	3874.65
824.93	-684.67	5469.99
2318.11	1319.66	3164.01
2101.11	38.0972	4610.6
111.714	2049.19	5725.85
1538.17	1506.45	3502.56
723.551	603.323	3058.91
1867.39	2401.99	4515.69
2750.34	911.724	4276.23
-1133.08	2345.15	3998.11
2831.04	1896.41	3945.58
1308.34	1983.62	4151.25
-845.442	-19.9098	4978.5
105.994	1878.44	3654.67
2054.64	84.7324	5518.29
-611.236	701.72	5239.22
550.009	708.76	4448.04
1067.19	1626.28	5045.16
2174.8	3304.71	4104.87
1512.01	1255.41	4803.08
1159.38	1244.08	2936.62
1516.75	-274.272	3059.57
2547.57	2390.58	4244.84
2450.44	3429.98	3688.91
2138.12	-409.157	5118.98
190.419	3016.34	5292.55
413.708	2390.01	3146.77
1184.69	1901.24	4814.1
1296.1	2580.91	2261.18
1180.77	999.076	5297.51
1440.93	573.011	4959.43
1192.33	-162.792	2959.24
2004.44	-343.595	3177.06
-191.209	1249.68	3079.7
2450.08	3315.21	3589.98
669.647	2198.54	4426.88
2649.7	1935.54	3088.97
-1216.65	2644.44	3733.83
2232.88	1520.24	4535.92
-941.429	1658.99	2205.09
2933.6	14.9722	4332.62
-1021.42	1925.57	5076.06
447.098	444.653	3373.85
900.621	1295.01	4394.99
1117.99	1720.9	2431.76
-263.859	2352.01	4670.63
2706.21	2147.82	2611.9
3046.04	736.469	2540.53
2743.73	2126.67	2076.89
1829.57	2018.97	3779.19
641.928	1968.12	3874.65
824.93	-684.67	5469.99
2318.11	1319.66	3164.01
2101.11	38.0972	4610.6
111.714	2049.19	5725.85
1538.17	1506.45	3502.56
723.551	603.323	3058.91
1867.39	2401.99	4515.69
2750.34	911.724	4276.23
-1133.08	2345.15	3998.11
2831.04	1896.41	3945.58
1308.34	1983.62	4151.25
-845.442	-19.9098	4978.5
105.994	1878.44	3654.67
2054.64	84.7324	5518.29
-611.236	701.72	5239.22
550.009	708.76	4448.04
1067.19	1626.28	5045.16
2174.8	3304.71	4104.87
1512.01	1255.41	4803.08
1159.38	1244.08	2936.62
1516.75	-274.272	3059.57
2547.57	2390.58	4244.84
2450.44	3429.98	3688.91
2138.12	-409.157	5118.98
190.419	3016.34	5292.55
413.708	2390.01	3146.77
1184.69	1901.24	4814.1
1296.1	2580.91	2261.18
1180.77	999.076	5297.51
1440.93	573.011	4959.43
1192.33	-162.792	2959.24
2004.44	-343.595	3177.06
-191.209	1249.68	3079.7
2450.08	3315.21	3589.98
669.647	2198.54	4426.88
2649.7	1935.54	3088.97
-1216.65	2644.44	3733.83
2232.88	1520.24	4535.92
-941.429	1658.99	2205.09
2933.6	14.9722	4332.62
-1021.42	1925.57	5076.06
447.098	444.653	3373.85
900.621	1295.01	4394.99
1117.99	1720.9	2431.76
-263.859	2352.01	4670.63
2706.21	2147.82	2611.9
3046.04	736.469	2540.53
2743.73	2126.67	2076.89
1829.57	2018.97	3779.19
641.928	1968.12	3874.65
824.93	-684.67	5469.99
2318.11	1319.66	3164.01
2101.11	38.0972	4610.6
111.714	2049.19	5725.85
1538.17	1506.45	3502.56
723.551	603.323	3058.91
1867.39	2401.99	4515.69
2750.34	911.724	4276.23
-1133.08	2345.15	3998.11
2831.04	1896.41	3945.58
1308.34	1983.62	4151.25
-845.442	-19.9098	4978.5
105.994	1878.44	3654.67
2054.64	84.7324	5518.29
-611.236	701.72	5239.22
550.009	708.76	4448.04
1067.19	1626.28	5045.16
2174.8	3304.71	4104.87
1512.01	1255.41	4803.08
1159.38	1244.08	2936.62
1516.75	-274.272	3059.57
2547.57	2390.58	4244.84
2450.44	3429.98	3688.91
2138.12	-409.157	5118.98
190.419	3016.34	5292.55
413.708	2390.01	3146.77
1184.69	1901.24	4814.1
1296.1	2580.91	2261.18
1180.77	999.076	5297.51
1440.93	573.011	4959.43
1192.33	-162.792	2959.24
2004.44	-343.595	3177.06
-191.209	1249.68	3079.7
2450.08	3315.21	3589.98
669.647	2198.54	4426.88
2649.7	1935.54	3088.97
-1216.65	2644.44	3733.83
2232.88	1520.24	4535.92
-941.429	1658.99	2205.09
2933.6	14.9722	4332.62
-1021.42	1925.57	5076.06
447.098	444.653	3373.85
900.621	1295.01	4394.99
1117.99	1720.9	2431.76
-263.859	2352.01	4670.63
2706.21	2147.82	2611.9
3046.04	736.469	2540.53
2743.73	2126.67	2076.89
1829.57	2018.97	3779.19
641.928	1968.12	3874.65
824.93	-684.67	5469.99
2318.11	1319.66	3164.01
2101.11	38.0972	4610.6
111.714	2049.19	5725.85
1538.17	1506.45	3502.56
723.551	603.323	3058.91
1867.39	2401.99	4515.69
2750.34	911.724	4276.23
-1133.08	2345.15	3998.11
2831.04	1896.41	3945.58
1308.34	1983.62	4151.25
-845.442	-19.9098	4978.5
105.994	1878.44	3654.67
2054.64	84.7324	5518.29
-611.236	701.72	5239.22
550.009	708.76	4448.04
1067.19	1626.28	5045.16
2174.8	3304.71	4104.87
1512.01	1255.41	4803.08
1159.38	1244.08	2936.62
