5.349465832471903468e+02	1.942544556512860368e+02
5.798943392047773386e+02	4.305576084151436476e+02
5.994502695890734003e+02	5.596311467870567640e+02
5.149328372180096949e+02	1.975061269785839215e+02
3.784127657833045646e+02	4.368464964579524121e+02
4.058062256941295800e+02	5.051400017626418730e+02
4.535809859184309403e+02	3.720917975927817452e+02
5.561400786549968416e+02	6.344531488131636934e+02
4.456475005342792883e+02	2.965459721630196555e+02
4.692733494710613513e+02	2.695016729800706798e+02
5.009259089485344134e+02	2.071957461698152372e+02
5.839616310846846545e+02	1.871504292447440321e+02
3.334354117086159022e+02	3.779175502234343185e+02
6.054094354360317993e+02	5.571998739668529197e+02
4.180804325053298385e+02	4.097795674497941718e+02
6.649814288435195522e+02	4.507200921396670310e+02
2.420946988875202521e+02	4.879458495201015467e+02
5.419435938846274894e+02	3.488244162991028361e+02
1.945257610913450321e+02	5.041314889420991676e+02
6.061263063449362107e+02	2.271713752181480857e+02
2.902609612192222812e+02	3.682007256052111188e+02
4.056545768945571808e+02	2.764955944230079581e+02
4.370155786619804417e+02	3.356910691757338441e+02
5.188644922719723809e+02	4.845002086363815579e+02
3.427419164212543023e+02	4.131928001349750730e+02
7.214482325757273884e+02	5.169345983248210814e+02
7.769570667940251951e+02	3.276546605840102870e+02
8.081421640247854157e+02	5.807341751692670186e+02
5.365979096188776793e+02	4.213144217983811473e+02
4.213740349923780286e+02	4.139472237207041871e+02
4.184251856952271282e+02	1.817243275308432544e+02
6.219367808411593614e+02	3.770903857791932978e+02
5.277923286752740069e+02	2.296493244073003268e+02
3.725652058600650207e+02	3.594982272167481483e+02
5.189760767198080202e+02	3.840165052501503169e+02
4.420692310590260945e+02	3.002109287947224630e+02
5.138117300090826802e+02	4.208586380982062565e+02
5.948155880542182103e+02	3.035478012129826766e+02
2.578996254039024620e+02	4.440295107342276424e+02
6.203971554082406783e+02	3.998247810474633752e+02
4.768787668577813861e+02	4.020266792816479438e+02
3.002284408700851372e+02	2.273262669301826975e+02
3.704036100864782384e+02	4.168694513478363888e+02
4.998575568960504825e+02	2.324010582589730518e+02
3.207779282411262329e+02	2.777974985858870127e+02
4.069656938341328214e+02	2.863696264358117105e+02
4.413420726120501172e+02	3.456855651841026997e+02
5.540445253775624224e+02	5.175748201208994033e+02
4.782156274945610903e+02	3.228664973729331678e+02
4.995145981522948659e+02	3.822065340503509105e+02
