3.147457536465954604e+02	3.423845049291584814e+02
5.141236346810951545e+02	3.068838566359231663e+02
4.490424098589748496e+02	3.829000677901526046e+02
5.288525112118836660e+02	3.830549758748148292e+02
4.070267849298118108e+02	5.131047683249903457e+02
4.989107952988959482e+02	2.678012560015693566e+02
4.399475661875874266e+02	5.745240504874707312e+02
5.757669235506468794e+02	4.244983024838065830e+02
4.004816370711160403e+02	4.454567208031348287e+02
5.572081997443063983e+02	4.144726779858035002e+02
4.643994549904464861e+02	4.035046435847968951e+02
5.758614558953917140e+02	4.603660647412226581e+02
3.608954533710292480e+02	3.126814837429671456e+02
4.610778499637820005e+02	3.821395520271256601e+02
3.663783361983664690e+02	2.210653829022962782e+02
5.254250605325053129e+02	1.927683553093166040e+02
4.019110438851328695e+02	5.278330616177378261e+02
6.093075573084888674e+02	3.568464307273649752e+02
5.167644056575328477e+02	4.573851355605020785e+02
5.633317647867871756e+02	3.093552730944314817e+02
5.433640734573825739e+02	3.000722200756448501e+02
3.252017693199982773e+02	2.534861835204513341e+02
4.088652633569395789e+02	3.392063864453035649e+02
4.933471095777724713e+02	4.010750622210728693e+02
5.448752060727338176e+02	3.308382605639450844e+02
6.810447929714010797e+02	4.696447871291315437e+02
3.168275811553481276e+02	3.923625702471475165e+02
3.969839906011008566e+02	4.872019521705643683e+02
5.104481400281310925e+02	3.288800340759942742e+02
5.960209067432962229e+02	4.038944510891770960e+02
4.390182348097793579e+02	3.239170819086187976e+02
3.058351049354272959e+02	3.482466498984441046e+02
5.607910188762230064e+02	3.517098024833671275e+02
4.386664125698005137e+02	3.753945364741467188e+02
2.808232222543949774e+02	4.629030489060220930e+02
5.043171077809436156e+02	4.678616863018272625e+02
2.535681735351570296e+02	3.312122454925814736e+02
5.299924996836438140e+02	2.600987084254628599e+02
5.212634980144638348e+02	4.593352873782275196e+02
3.146496633462392651e+02	4.532630406932708524e+02
5.712704848688292714e+02	2.627425935407944735e+02
5.805508760548877945e+02	4.044873000227679540e+02
4.506689654317385703e+02	3.027808281698782480e+02
3.011632787413042820e+02	2.943257344706807430e+02
3.967155559004892780e+02	2.853502896035893741e+02
4.103072007540858976e+02	2.032878848861625727e+02
4.344303920175333928e+02	4.313781929282789065e+02
3.604339495761549870e+02	2.277469191868178768e+02
4.074399918265197016e+02	2.334019448238974803e+02
3.973804723836039443e+02	4.254381003385008171e+02
