-382.08	959.562	4262.91
746.931	280.632	3801.57
719.064	967.842	3408.03
727.52	595.003	3756.3
354.705	-197.85	4870.71
182.7	185.325	3096.75
-412.999	396.099	3619.1
249.593	811.618	4606.05
88.6294	176.333	3338.96
920.97	-554.237	3993.44
1005.38	393.828	4019.85
-667.096	1.97398	4388.64
-291.99	640.26	3456.05
955.189	-631.58	3601.35
-194.394	419.058	4399.17
782.324	1161.53	3275.52
-913.48	757.378	3952.44
870.566	-3.67755	4108.81
16.4978	-793.261	4903.52
1173.5	-108.94	3775.92
1046.21	-271.822	3570.21
879.531	598.616	3772.91
-314.599	252.069	3555.24
-509.027	-85.647	3684.08
-100.558	1165.22	3357.96
1075	-294.422	4658.09
962.612	358.17	3234.66
536.323	-482.66	3996.12
909.599	1351.86	3507.29
-883.955	218.574	4973.1
-642.942	-395.125	4811.87
1239.08	-330.696	4549.41
-717.631	779.01	3463.99
246.297	-461.697	3678.81
1030.52	-451.773	4624.29
71.5188	1037.08	5094.77
1019.96	-83.6383	4511.01
895.063	402.022	4910.2
-577.627	895.968	4177.55
877.235	199.893	4886.64
145.304	-425.131	4602.37
645.229	-45.5009	4295.73
741.11	-234.341	3681.25
1006.06	617.625	4311.38
265.151	555.886	4867.07
-599.389	-750.403	4030.26
-186.885	812.608	3778.9
759.983	1018.36	4770.5
576.618	815.02	3434.16
31.0896	-325.624	3046.7
-382.08	959.562	4262.91
746.931	280.632	3801.57
719.064	967.842	3408.03
727.52	595.003	3756.3
354.705	-197.85	4870.71
182.7	185.325	3096.75
-412.999	396.099	3619.1
249.593	811.618	4606.05
88.6294	176.333	3338.96
920.97	-554.237	3993.44
1005.38	393.828	4019.85
-667.096	1.97398	4388.64
-291.99	640.26	3456.05
955.189	-631.58	3601.35
-194.394	419.058	4399.17
782.324	1161.53	3275.52
-913.48	757.378	3952.44
870.566	-3.67755	4108.81
16.4978	-793.261	4903.52
1173.5	-108.94	3775.92
1046.21	-271.822	3570.21
879.531	598.616	3772.91
-314.599	252.069	3555.24
-509.027	-85.647	3684.08
-100.558	1165.22	3357.96
1075	-294.422	4658.09
962.612	358.17	3234.66
536.323	-482.66	3996.12
909.599	1351.86	3507.29
-883.955	218.574	4973.1
-642.942	-395.125	4811.87
1239.08	-330.696	4549.41
-717.631	779.01	3463.99
246.297	-461.697	3678.81
1030.52	-451.773	4624.29
71.5188	1037.08	5094.77
1019.96	-83.6383	4511.01
895.063	402.022	4910.2
-577.627	895.968	4177.55
877.235	199.893	4886.64
145.304	-425.131	4602.37
645.229	-45.5009	4295.73
741.11	-234.341	3681.25
1006.06	617.625	4311.38
265.151	555.886	4867.07
-599.389	-750.403	4030.26
-186.885	812.608	3778.9
759.983	1018.36	4770.5
576.618	815.02	3434.16
31.0896	-325.624	3046.7
-382.08	959.562	4262.91
746.931	280.632	3801.57
719.064	967.842	3408.03
727.52	595.003	3756.3
354.705	-197.85	4870.71
182.7	185.325	3096.75
-412.999	396.099	3619.1
249.593	811.618	4606.05
88.6294	176.333	3338.96
920.97	-554.237	3993.44
1005.38	393.828	4019.85
-667.096	1.97398	4388.64
-291.99	640.26	3456.05
955.189	-631.58	3601.35
-194.394	419.058	4399.17
782.324	1161.53	3275.52
-913.48	757.378	3952.44
870.566	-3.67755	4108.81
16.4978	-793.261	4903.52
1173.5	-108.94	3775.92
1046.21	-271.822	3570.21
879.531	598.616	3772.91
-314.599	252.069	3555.24
-509.027	-85.647	3684.08
-100.558	1165.22	3357.96
1075	-294.422	4658.09
962.612	358.17	3234.66
536.323	-482.66	3996.12
909.599	1351.86	3507.29
-883.955	218.574	4973.1
-642.942	-395.125	4811.87
1239.08	-330.696	4549.41
-717.631	779.01	3463.99
246.297	-461.697	3678.81
1030.52	-451.773	4624.29
71.5188	1037.08	5094.77
1019.96	-83.6383	4511.01
895.063	402.022	4910.2
-577.627	895.968	4177.55
877.235	199.893	4886.64
145.304	-425.131	4602.37
645.229	-45.5009	4295.73
741.11	-234.341	3681.25
1006.06	617.625	4311.38
265.151	555.886	4867.07
-599.389	-750.403	4030.26
-186.885	812.608	3778.9
759.983	1018.36	4770.5
576.618	815.02	3434.16
31.0896	-325.624	3046.7
