347.852	290.796
450.305	235.685
453.692	312.365
449.076	266.714
408.011	193.598
395.789	231.103
335.904	249.314
400.91	273.128
385.336	228.516
463.762	156.513
471.119	244.409
324.618	209.632
346.161	276.68
474.991	142.725
364.162	243.877
463.084	337.783
296.01	278.816
457.261	207.96
382.094	149.021
492.877	197.314
485.279	179.797
463.736	266.763
344.659	235.311
326.811	201.113
365.962	334.496
466.136	184.6
484.936	249.245
427.776	163.744
471.802	348.767
317.237	225.427
332.061	179.254
481.384	180.908
302.59	290.794
401.432	162.447
463.057	171.769
387.631	282.962
463.946	201.272
448.803	238.451
330.054	286.979
447.698	223.365
391.887	174.678
434.99	204.533
451.497	184.802
465.928	261.004
401.603	250.54
323.544	141.213
360.442	287.307
439.971	286.581
438.021	295.493
377.014	169.918
347.852	290.796
450.305	235.685
453.692	312.365
449.076	266.714
408.011	193.598
395.789	231.103
335.904	249.314
400.91	273.128
385.336	228.516
463.762	156.513
471.119	244.409
324.618	209.632
346.161	276.68
474.991	142.725
364.162	243.877
463.084	337.783
296.01	278.816
457.261	207.96
382.094	149.021
492.877	197.314
485.279	179.797
463.736	266.763
344.659	235.311
326.811	201.113
365.962	334.496
466.136	184.6
484.936	249.245
427.776	163.744
471.802	348.767
317.237	225.427
332.061	179.254
481.384	180.908
302.59	290.794
401.432	162.447
463.057	171.769
387.631	282.962
463.946	201.272
448.803	238.451
330.054	286.979
447.698	223.365
391.887	174.678
434.99	204.533
451.497	184.802
465.928	261.004
401.603	250.54
323.544	141.213
360.442	287.307
439.971	286.581
438.021	295.493
377.014	169.918
347.852	290.796
450.305	235.685
453.692	312.365
449.076	266.714
408.011	193.598
395.789	231.103
335.904	249.314
400.91	273.128
385.336	228.516
463.762	156.513
471.119	244.409
324.618	209.632
346.161	276.68
474.991	142.725
364.162	243.877
463.084	337.783
296.01	278.816
457.261	207.96
382.094	149.021
492.877	197.314
485.279	179.797
463.736	266.763
344.659	235.311
326.811	201.113
365.962	334.496
466.136	184.6
484.936	249.245
427.776	163.744
471.802	348.767
317.237	225.427
332.061	179.254
481.384	180.908
302.59	290.794
401.432	162.447
463.057	171.769
387.631	282.962
463.946	201.272
448.803	238.451
330.054	286.979
447.698	223.365
391.887	174.678
434.99	204.533
451.497	184.802
465.928	261.004
401.603	250.54
323.544	141.213
360.442	287.307
439.971	286.581
438.021	295.493
377.014	169.918
347.852	290.796
450.305	235.685
453.692	312.365
449.076	266.714
408.011	193.598
395.789	231.103
335.904	249.314
400.91	273.128
385.336	228.516
463.762	156.513
471.119	244.409
324.618	209.632
346.161	276.68
474.991	142.725
364.162	243.877
463.084	337.783
296.01	278.816
457.261	207.96
382.094	149.021
492.877	197.314
485.279	179.797
463.736	266.763
344.659	235.311
326.811	201.113
365.962	334.496
466.136	184.6
484.936	249.245
427.776	163.744
471.802	348.767
317.237	225.427
332.061	179.254
481.384	180.908
302.59	290.794
401.432	162.447
463.057	171.769
387.631	282.962
463.946	201.272
448.803	238.451
330.054	286.979
447.698	223.365
391.887	174.678
434.99	204.533
451.497	184.802
465.928	261.004
401.603	250.54
323.544	141.213
360.442	287.307
439.971	286.581
438.021	295.493
377.014	169.918
347.852	290.796
450.305	235.685
453.692	312.365
449.076	266.714
408.011	193.598
395.789	231.103
335.904	249.314
400.91	273.128
385.336	228.516
463.762	156.513
471.119	244.409
324.618	209.632
346.161	276.68
474.991	142.725
364.162	243.877
463.084	337.783
296.01	278.816
457.261	207.96
382.094	149.021
492.877	197.314
485.279	179.797
463.736	266.763
344.659	235.311
326.811	201.113
365.962	334.496
466.136	184.6
484.936	249.245
427.776	163.744
471.802	348.767
317.237	225.427
332.061	179.254
481.384	180.908
302.59	290.794
401.432	162.447
463.057	171.769
387.631	282.962
463.946	201.272
448.803	238.451
330.054	286.979
447.698	223.365
391.887	174.678
434.99	204.533
451.497	184.802
465.928	261.004
401.603	250.54
323.544	141.213
360.442	287.307
439.971	286.581
438.021	295.493
377.014	169.918
