4.133003537596276828e+02	2.507377824689588692e+02
4.598631404205763147e+02	2.554180304922213054e+02
3.867904001805811731e+02	2.959025502436465445e+02
4.388674073634573460e+02	2.330851875847806127e+02
4.443433235193232349e+02	2.880739979618716688e+02
3.650609934736432933e+02	2.625414400770531529e+02
3.450181731617175274e+02	1.592484027940894578e+02
5.156225615390633266e+02	2.357344611215369525e+02
5.048944934935253173e+02	1.810310988203375757e+02
5.050330862076346534e+02	2.375381881358913176e+02
4.311699554728866133e+02	2.788674396802550177e+02
3.859683893559775356e+02	3.298645331355602366e+02
4.536799894670998015e+02	2.186204425066893577e+02
3.292796950612877822e+02	1.425350655297168032e+02
4.121103961703768732e+02	2.796416529476339292e+02
3.386409790911757796e+02	3.009103311191183820e+02
3.951647041948894525e+02	1.925656324755937021e+02
3.656205633929807277e+02	1.570542030124379664e+02
4.310448416982353592e+02	2.794411028329093369e+02
4.568219474680022358e+02	2.502768040647396504e+02
4.154798707814113641e+02	2.049014194367209711e+02
3.432823605056672136e+02	1.894294667703515813e+02
4.223860620199477580e+02	2.121802231824133571e+02
4.497511886698281387e+02	2.465812819377507026e+02
4.267401861072179372e+02	2.421269108916528978e+02
3.372782790709790106e+02	2.892177934216464337e+02
4.052976841483458088e+02	2.379668424429214326e+02
4.381771487772637101e+02	1.878252090308864410e+02
4.129527696539441308e+02	3.018971073842243982e+02
4.309469254394721816e+02	3.469002268012388868e+02
4.285631018449881822e+02	1.873025695394440788e+02
3.395839329542978930e+02	2.876625174516146330e+02
3.419403240157108712e+02	2.787443472589945372e+02
4.155662639268371663e+02	2.978735524444821863e+02
4.333342852167991737e+02	2.546077550198453423e+02
3.979648675555031900e+02	2.787065092797558350e+02
4.342531395502815599e+02	2.291209658868207555e+02
3.770626339993542047e+02	1.911600212713096596e+02
3.292140904001539639e+02	2.493349863078652788e+02
3.827699261360359060e+02	2.075320886151251614e+02
4.332231685010424371e+02	2.547343091674848665e+02
3.864632094086236975e+02	2.142022078863980710e+02
4.474388788402995374e+02	2.207714811265918513e+02
4.728740695067090769e+02	2.698723671612963244e+02
4.003983651526115182e+02	2.541515180910063236e+02
4.757065411320344310e+02	2.781964344627561445e+02
4.583720040607054216e+02	3.331606994609409185e+02
3.141130991180941692e+02	2.926529870877270696e+02
4.520640825396706077e+02	3.243595841225559298e+02
4.251253672444435097e+02	3.242298300522570003e+02
