413.841	173.774
522.656	295.889
582.216	229.307
733.725	309.341
419.35	548.535
544.091	671.865
383.738	497.301
393.802	368.625
268.896	489.862
401.608	354.662
428.961	372.497
392.065	135.36
466.117	624.977
622.237	176.925
740.599	375.072
436.586	454.383
622.412	408.226
544.307	337.209
341.65	444.439
551.1	344.067
314.797	450.762
570.165	294.562
319.193	313.074
413.694	358.083
733.314	217.715
431.296	187.265
778.754	344.036
725.978	209.076
183.605	651.335
215.952	210.964
511.714	244.691
317.117	250.385
469.529	188.998
387.496	234.411
304.057	515.432
378.832	254.915
389.775	232.541
384.82	247.815
551.17	262.084
349.023	384.887
207.548	679.612
496.046	232.15
362.744	397.035
226.076	592.535
391.908	561.215
444.146	386.276
686.671	520.471
663.662	604.174
299.053	354.848
405.99	477.314
413.841	173.774
522.656	295.889
582.216	229.307
733.725	309.341
419.35	548.535
544.091	671.865
383.738	497.301
393.802	368.625
268.896	489.862
401.608	354.662
428.961	372.497
392.065	135.36
466.117	624.977
622.237	176.925
740.599	375.072
436.586	454.383
622.412	408.226
544.307	337.209
341.65	444.439
551.1	344.067
314.797	450.762
570.165	294.562
319.193	313.074
413.694	358.083
733.314	217.715
431.296	187.265
778.754	344.036
725.978	209.076
183.605	651.335
215.952	210.964
511.714	244.691
317.117	250.385
469.529	188.998
387.496	234.411
304.057	515.432
378.832	254.915
389.775	232.541
384.82	247.815
551.17	262.084
349.023	384.887
207.548	679.612
496.046	232.15
362.744	397.035
226.076	592.535
391.908	561.215
444.146	386.276
686.671	520.471
663.662	604.174
299.053	354.848
405.99	477.314
413.75	173.895
522.125	295.629
581.826	229.297
732.576	309.066
419.195	547.357
543.242	669.591
383.714	496.4
393.762	368.298
269.195	489.122
401.558	354.405
428.865	372.228
391.969	135.899
465.65	622.882
621.071	177.148
739.23	374.504
436.418	453.744
621.757	407.735
543.953	336.97
341.719	443.998
550.772	343.842
314.921	450.306
569.795	294.427
319.319	312.878
413.609	357.777
732.246	217.734
431.133	187.374
777.333	343.611
724.732	209.128
184.479	649.399
216.941	211.045
511.331	244.632
317.241	250.33
469.228	189.111
387.47	234.388
304.269	514.579
378.826	254.847
389.749	232.525
384.804	247.771
550.85	262.015
349.082	384.54
208.191	677.881
495.711	232.127
362.769	396.712
226.571	591.322
391.848	559.914
443.739	385.303
685.539	519.388
662.737	602.947
299.377	354.298
405.894	476.496
413.75	173.895
522.125	295.629
581.826	229.297
732.576	309.066
419.195	547.357
543.242	669.591
383.714	496.4
393.762	368.298
269.195	489.122
401.558	354.405
428.865	372.228
391.969	135.899
465.65	622.882
621.071	177.148
739.23	374.504
436.418	453.744
621.757	407.735
543.953	336.97
341.719	443.998
550.772	343.842
314.921	450.306
569.795	294.427
319.319	312.878
413.609	357.777
732.246	217.734
431.133	187.374
777.333	343.611
724.732	209.128
184.479	649.399
216.941	211.045
511.331	244.632
317.241	250.33
469.228	189.111
387.47	234.388
304.269	514.579
378.826	254.847
389.749	232.525
384.804	247.771
550.85	262.015
349.082	384.54
208.191	677.881
495.711	232.127
362.769	396.712
226.571	591.322
391.848	559.914
443.739	385.303
685.539	519.388
662.737	602.947
299.377	354.298
405.894	476.496
413.75	173.895
522.125	295.629
581.826	229.297
732.576	309.066
419.195	547.357
543.242	669.591
383.714	496.4
393.762	368.298
269.195	489.122
401.558	354.405
428.865	372.228
391.969	135.899
465.65	622.882
621.071	177.148
739.23	374.504
436.418	453.744
621.757	407.735
543.953	336.97
341.719	443.998
550.772	343.842
314.921	450.306
569.795	294.427
319.319	312.878
413.609	357.777
732.246	217.734
431.133	187.374
777.333	343.611
724.732	209.128
184.479	649.399
216.941	211.045
511.331	244.632
317.241	250.33
469.228	189.111
387.47	234.388
304.269	514.579
378.826	254.847
389.749	232.525
384.804	247.771
550.85	262.015
349.082	384.54
208.191	677.881
495.711	232.127
362.769	396.712
226.571	591.322
391.848	559.914
443.739	385.303
685.539	519.388
662.737	602.947
299.377	354.298
405.894	476.496
