608.642	3266.5	3842.7
697.393	432.346	2733.45
2334.79	1179.29	3259.95
1514.43	160.813	3686.48
2708.81	1511.13	5136.75
1627.96	598.086	2863.65
34.9474	-422.735	5400.46
22.1101	1615.14	3844.94
520.346	1769.05	3559.14
474.716	-258.691	2865.76
1207.08	2590.72	5728.39
-356.053	1332.54	4215.29
2496.59	-275.489	4678.92
273.868	1783.17	4210.52
2360.93	1721.42	1974.1
-412.313	2750.76	5581.88
572.045	2786.31	4715.19
-877.865	2851.11	1959.51
1326.03	3025.98	5791.49
856.882	1327.19	2950.62
-200.493	123.227	3648.46
2746.72	3193.14	3180.65
2780.27	2336.07	3393.4
456.36	221.708	5388.16
1904.59	2323.43	5800.6
2171.57	3215.32	5400.36
674.425	158.034	2897.89
-728.504	2045.78	4810.21
843.598	2701.18	5535.89
-161.478	972.665	4903.88
159.266	608.355	1605.54
2355.51	3283.94	4445.19
-887.171	1858.06	5205.53
-1098.57	2104.89	3506.36
-88.8636	1891.22	2690.17
-350.07	808.078	2492.11
2785.69	2047.28	3983.51
-13.9056	2041.89	2360.2
2613.32	2917.37	3969.92
36.2424	-35.5318	3615.05
-518.908	775.974	3558.76
917.694	2924.44	2645.14
309.328	452	2085.43
1966.76	2075.52	4241.87
58.61	1840.89	4299.11
597.31	816.795	4365.53
-847.052	1093.2	2874.57
-800.579	1813.96	1677.53
1894.7	-545.668	4975.95
2354.38	2337.53	4583.41
608.642	3266.5	3842.7
697.393	432.346	2733.45
2334.79	1179.29	3259.95
1514.43	160.813	3686.48
2708.81	1511.13	5136.75
1627.96	598.086	2863.65
34.9474	-422.735	5400.46
22.1101	1615.14	3844.94
520.346	1769.05	3559.14
474.716	-258.691	2865.76
1207.08	2590.72	5728.39
-356.053	1332.54	4215.29
2496.59	-275.489	4678.92
273.868	1783.17	4210.52
2360.93	1721.42	1974.1
-412.313	2750.76	5581.88
572.045	2786.31	4715.19
-877.865	2851.11	1959.51
1326.03	3025.98	5791.49
856.882	1327.19	2950.62
-200.493	123.227	3648.46
2746.72	3193.14	3180.65
2780.27	2336.07	3393.4
456.36	221.708	5388.16
1904.59	2323.43	5800.6
2171.57	3215.32	5400.36
674.425	158.034	2897.89
-728.504	2045.78	4810.21
843.598	2701.18	5535.89
-161.478	972.665	4903.88
159.266	608.355	1605.54
2355.51	3283.94	4445.19
-887.171	1858.06	5205.53
-1098.57	2104.89	3506.36
-88.8636	1891.22	2690.17
-350.07	808.078	2492.11
2785.69	2047.28	3983.51
-13.9056	2041.89	2360.2
2613.32	2917.37	3969.92
36.2424	-35.5318	3615.05
-518.908	775.974	3558.76
917.694	2924.44	2645.14
309.328	452	2085.43
1966.76	2075.52	4241.87
58.61	1840.89	4299.11
597.31	816.795	4365.53
-847.052	1093.2	2874.57
-800.579	1813.96	1677.53
1894.7	-545.668	4975.95
2354.38	2337.53	4583.41
608.65	3266.54	3842.75
697.402	432.351	2733.48
2334.82	1179.3	3259.99
1514.45	160.815	3686.53
2708.84	1511.15	5136.82
1627.98	598.094	2863.68
34.9478	-422.74	5400.53
22.1104	1615.16	3844.99
520.353	1769.07	3559.18
474.722	-258.695	2865.79
1207.09	2590.75	5728.46
-356.057	1332.55	4215.34
2496.62	-275.492	4678.98
273.872	1783.19	4210.57
2360.96	1721.44	1974.13
-412.319	2750.8	5581.96
572.052	2786.34	4715.25
-877.876	2851.14	1959.53
1326.04	3026.02	5791.56
856.893	1327.21	2950.66
-200.496	123.229	3648.5
2746.76	3193.18	3180.69
2780.3	2336.1	3393.44
456.366	221.71	5388.23
1904.61	2323.45	5800.67
2171.59	3215.36	5400.43
674.434	158.035	2897.92
-728.513	2045.81	4810.27
843.609	2701.22	5535.96
-161.48	972.677	4903.94
159.268	608.363	1605.56
2355.54	3283.98	4445.24
-887.182	1858.08	5205.59
-1098.58	2104.92	3506.4
-88.8647	1891.24	2690.21
-350.074	808.088	2492.14
2785.72	2047.31	3983.56
-13.9057	2041.91	2360.23
2613.35	2917.41	3969.97
36.2428	-35.5323	3615.09
-518.915	775.984	3558.81
917.706	2924.47	2645.17
309.332	452.006	2085.45
1966.78	2075.54	4241.92
58.6108	1840.92	4299.17
597.317	816.805	4365.58
-847.063	1093.21	2874.6
-800.589	1813.98	1677.55
1894.73	-545.675	4976.01
2354.41	2337.56	4583.47
608.65	3266.54	3842.75
697.402	432.351	2733.48
2334.82	1179.3	3259.99
1514.45	160.815	3686.53
2708.84	1511.15	5136.82
1627.98	598.094	2863.68
34.9478	-422.74	5400.53
22.1104	1615.16	3844.99
520.353	1769.07	3559.18
474.722	-258.695	2865.79
1207.09	2590.75	5728.46
-356.057	1332.55	4215.34
2496.62	-275.492	4678.98
273.872	1783.19	4210.57
2360.96	1721.44	1974.13
-412.319	2750.8	5581.96
572.052	2786.34	4715.25
-877.876	2851.14	1959.53
1326.04	3026.02	5791.56
856.893	1327.21	2950.66
-200.496	123.229	3648.5
2746.76	3193.18	3180.69
2780.3	2336.1	3393.44
456.366	221.71	5388.23
1904.61	2323.45	5800.67
2171.59	3215.36	5400.43
674.434	158.035	2897.92
-728.513	2045.81	4810.27
843.609	2701.22	5535.96
-161.48	972.677	4903.94
159.268	608.363	1605.56
2355.54	3283.98	4445.24
-887.182	1858.08	5205.59
-1098.58	2104.92	3506.4
-88.8647	1891.24	2690.21
-350.074	808.088	2492.14
2785.72	2047.31	3983.56
-13.9057	2041.91	2360.23
2613.35	2917.41	3969.97
36.2428	-35.5323	3615.09
-518.915	775.984	3558.81
917.706	2924.47	2645.17
309.332	452.006	2085.45
1966.78	2075.54	4241.92
58.6108	1840.92	4299.17
597.317	816.805	4365.58
-847.063	1093.21	2874.6
-800.589	1813.98	1677.55
1894.73	-545.675	4976.01
2354.41	2337.56	4583.47
608.65	3266.54	3842.75
697.402	432.351	2733.48
2334.82	1179.3	3259.99
1514.45	160.815	3686.53
2708.84	1511.15	5136.82
1627.98	598.094	2863.68
34.9478	-422.74	5400.53
22.1104	1615.16	3844.99
520.353	1769.07	3559.18
474.722	-258.695	2865.79
1207.09	2590.75	5728.46
-356.057	1332.55	4215.34
2496.62	-275.492	4678.98
273.872	1783.19	4210.57
2360.96	1721.44	1974.13
-412.319	2750.8	5581.96
572.052	2786.34	4715.25
-877.876	2851.14	1959.53
1326.04	3026.02	5791.56
856.893	1327.21	2950.66
-200.496	123.229	3648.5
2746.76	3193.18	3180.69
2780.3	2336.1	3393.44
456.366	221.71	5388.23
1904.61	2323.45	5800.67
2171.59	3215.36	5400.43
674.434	158.035	2897.92
-728.513	2045.81	4810.27
843.609	2701.22	5535.96
-161.48	972.677	4903.94
159.268	608.363	1605.56
2355.54	3283.98	4445.24
-887.182	1858.08	5205.59
-1098.58	2104.92	3506.4
-88.8647	1891.24	2690.21
-350.074	808.088	2492.14
2785.72	2047.31	3983.56
-13.9057	2041.91	2360.23
2613.35	2917.41	3969.97
36.2428	-35.5323	3615.09
-518.915	775.984	3558.81
917.706	2924.47	2645.17
309.332	452.006	2085.45
1966.78	2075.54	4241.92
58.6108	1840.92	4299.17
597.317	816.805	4365.58
-847.063	1093.21	2874.6
-800.589	1813.98	1677.55
1894.73	-545.675	4976.01
2354.41	2337.56	4583.47
