5.436980451696957743e+02	2.030852643549796710e+02
4.208111086015388764e+02	3.204189088052602301e+02
6.129412081540444888e+02	3.094191081937818240e+02
5.192456047872922227e+02	3.856768197380280867e+02
5.389552073539722414e+02	2.388775053095382361e+02
2.843212188866570500e+02	3.285948830815599990e+02
5.930143614459611854e+02	5.666646526425881802e+02
4.819396657814261857e+02	2.553437307037216613e+02
6.500745285821360540e+02	3.375621609253026918e+02
5.688408432216237998e+02	3.917866917994294340e+02
5.560254431442988334e+02	2.711866370264356192e+02
3.397090222967725595e+02	2.351249515734876923e+02
5.278646136064485290e+02	3.670570680766965665e+02
3.443360851130361766e+02	2.705177832177301980e+02
5.720927145351282661e+02	3.334801150422073306e+02
5.569466236360816538e+02	3.339878010063142710e+02
5.225075126822656557e+02	2.475783986357185995e+02
4.546289875420363842e+02	2.179629543806469201e+02
5.281315028744500069e+02	3.473077293197571294e+02
3.204431903884217263e+02	5.208121663827321299e+02
5.270251479459827806e+02	2.908430629521827200e+02
3.068318374132877011e+02	4.990249074829455935e+02
4.056298200649596879e+02	2.568574675103797631e+02
4.043920501713770932e+02	2.233005288950795091e+02
3.674389925208333239e+02	3.553214680917647570e+02
5.662694792013318192e+02	5.804177290882354328e+02
3.277440861902210827e+02	5.895426575040642092e+02
4.313655094422289267e+02	2.353046168703175169e+02
4.770190103468082725e+02	4.082255785546578863e+02
3.928386682505557133e+02	2.706732897525655517e+02
4.245427324708675769e+02	4.491206993864216201e+02
4.931263411139132700e+02	5.439568937382385911e+02
3.780488212100977989e+02	3.069137902005496130e+02
5.024093291609968901e+02	3.192593654615769765e+02
6.092426234440818007e+02	2.711615677031587097e+02
4.260692316712778620e+02	2.470952435718430706e+02
5.129563450785502710e+02	2.814918409730825601e+02
5.425437349066776278e+02	3.145397789541104885e+02
3.375528958075767605e+02	5.058289763581095713e+02
2.965715379697782623e+02	4.527247775247103050e+02
4.465264792375202205e+02	3.142872711256283651e+02
4.612257277906902004e+02	4.215762597302070844e+02
4.611124243617952061e+02	4.286241195695552051e+02
6.202224877562833854e+02	3.312755169326530336e+02
3.720415500969438085e+02	3.452765207303889952e+02
5.763676579452602482e+02	2.396552301236598908e+02
5.146906495715259098e+02	4.157568938288722507e+02
6.283169325439174600e+02	3.018508396011462764e+02
3.817603227590946062e+02	3.706780925611101338e+02
5.997764191853783586e+02	4.748457120113340011e+02
