5.829224550660554769e+02	4.275676570963634049e+02
3.058582889716759610e+02	4.284133360488297626e+02
3.802661996138514837e+02	7.773683890320404544e+02
5.281170882875029520e+02	2.609994299852727977e+02
5.301778825830707547e+02	4.597543765890648046e+02
3.822467387796523894e+02	2.948022376148614399e+02
3.426958700641725954e+02	3.481234152206470753e+02
5.442178414371339841e+02	4.517059777226611459e+02
4.653138429348231853e+02	3.990467042784931095e+02
5.083075228248209214e+02	2.922083480953885442e+02
4.371744212038053661e+02	3.324159512915895220e+02
3.937859644885537591e+02	6.220872340641394658e+02
3.806286833981062614e+02	5.701334951717656168e+02
2.961019741292859067e+02	4.231008162296136561e+02
3.999012813523842169e+02	3.986925667723373863e+02
3.205833923618952781e+02	3.332770599110977514e+02
4.014892936587327199e+02	4.453694961075734682e+02
6.205299073517023771e+02	8.210241634363738967e+02
5.100358651537810601e+02	5.070013487304499904e+02
5.102569426811178914e+02	3.245024347846767228e+02
5.088352849751847771e+02	4.279552533184714775e+02
7.056003457937970325e+02	4.504391563098361644e+02
5.148550324194007999e+02	1.908401709689232746e+02
2.747887173768167486e+02	6.805053750576641960e+02
7.896267990344690588e+02	4.302546980764814180e+02
4.564642985933758155e+02	3.025647758624003245e+02
7.261793625631180475e+02	6.310036316320761216e+02
5.477631920251880047e+02	8.302683293115883316e+02
5.028696113963464427e+02	5.212728149184354152e+02
3.387577758552724845e+02	4.199414670703804973e+02
4.390251862952610509e+02	2.061572984949659144e+02
8.133878722510389707e+02	1.929126221245288662e+02
8.074729317200369678e+02	6.898339151769243927e+02
5.401083675311169827e+02	2.299540195320270755e+02
5.375135102402878147e+02	3.168748298062578783e+02
5.451492502084299758e+02	5.282883218392172466e+02
1.859433747447133669e+02	7.429955949087402587e+02
3.289265779829138978e+02	4.286809930956366088e+02
5.141329271170765196e+02	2.810888777192554926e+02
5.829654147472898558e+02	5.657458731475392142e+02
3.529672427305121118e+02	2.139914628984367937e+02
6.754953678385568310e+02	3.264731099848906979e+02
5.915558322628171481e+02	7.184474174309907539e+02
6.571112471112396634e+02	2.305523731346562499e+02
5.349221589572924813e+02	2.924657387538458693e+02
3.776253699850965404e+02	1.984939517676814944e+02
3.296010069126510871e+02	3.770809200803382737e+02
2.812303761894308991e+02	4.165909476205284818e+02
3.383770339240833209e+02	4.359471075002824705e+02
8.189516809863956723e+02	4.150748637418382714e+02
