3.637820474500488217e+02	3.203440382102171498e+02
5.021570046250360519e+02	2.440577819399005932e+02
3.169718116438016295e+02	3.320535921174645182e+02
2.802393532615607796e+02	4.656971227497564314e+02
4.410447088715491759e+02	3.017487903306952148e+02
5.044606052196920132e+02	2.400154581143784469e+02
6.138316885721040990e+02	3.642290098503826812e+02
5.542474439420733461e+02	1.858693878479468253e+02
2.445407303232934737e+02	4.742069452205770972e+02
3.453154154767241266e+02	4.917688031494801066e+02
5.995362924538916332e+02	1.850189433763335671e+02
3.604052025714307774e+02	3.863025630285855527e+02
3.577542488629812851e+02	3.030117800905425156e+02
4.321667424116803886e+02	1.746700243958165970e+02
6.491504172173583811e+02	2.979296323455022844e+02
3.583652895313218778e+02	2.843351796413976444e+02
3.713116299360591483e+02	3.908271339047946640e+02
6.678166999812558515e+02	2.261893463893568139e+02
6.030802008868386110e+02	2.033704540695881917e+02
2.820034329226581349e+02	2.198892562916734903e+02
6.519406363227342354e+02	3.116796599993459154e+02
5.130140457975596746e+02	3.792181834684103592e+02
4.272721851839356759e+02	2.806541678524267809e+02
4.998934237513694256e+02	2.260808459559879680e+02
3.385171137383462678e+02	4.590096317073294472e+02
6.462941135483821427e+02	2.021011679049379666e+02
4.598147606788343751e+02	3.331639401241257019e+02
5.409845945650565682e+02	4.412255706119577781e+02
2.592436288474353887e+02	4.441204922174087528e+02
4.197772729817438062e+02	1.755606876510913423e+02
4.626623338796615599e+02	1.905771116723671241e+02
4.815767534202740308e+02	2.600086985954905572e+02
4.070137846607032657e+02	3.661586538936601301e+02
4.731566825024806349e+02	3.355913351701817078e+02
6.434784116209835929e+02	4.150730316621806537e+02
5.877182434580839754e+02	2.158108676368627528e+02
3.284902775687487519e+02	4.480404058972389407e+02
2.991261938045817033e+02	3.836706606674380282e+02
5.483578038275661584e+02	2.999983962632361454e+02
5.524195735393115001e+02	1.898509286114319821e+02
3.038854861529284221e+02	3.801583313755025415e+02
5.623694919278963198e+02	3.205535508753513909e+02
6.506929770347818476e+02	3.514951203935437434e+02
3.321412528332237457e+02	3.209268087803636149e+02
4.381097630585426259e+02	3.201335077644829425e+02
2.890429255023670976e+02	3.833384615140673759e+02
5.653792653973036977e+02	1.862487411063417539e+02
3.353580266742359299e+02	2.684885138953274009e+02
3.777473249406965579e+02	2.234664488617852385e+02
5.568334708203650507e+02	2.027694254745979379e+02
