3.841033577679350515e+02	3.557385653189629124e+02
5.360158077896396662e+02	2.790437808267694209e+02
3.296118045787889059e+02	3.604218284893553914e+02
2.724105297027449524e+02	5.620470829812707052e+02
4.630671688143850133e+02	3.385428496513320056e+02
5.381331471086324427e+02	2.752979465865972202e+02
6.866555231920580127e+02	4.430251714589750236e+02
5.978428946767459138e+02	2.265491670871050758e+02
1.974993316931675906e+02	5.948732226557285685e+02
3.492939762420157308e+02	5.996136599320573168e+02
6.484790861111606546e+02	2.250793367300749424e+02
3.832996330417738022e+02	4.208147204688272041e+02
3.817706628557405111e+02	3.225590957504840617e+02
4.608796574305897593e+02	2.134086212164430378e+02
7.430877878248776369e+02	3.680062156435070051e+02
3.731374116350078225e+02	3.168019905293801912e+02
3.935182158241377124e+02	4.300931989455469306e+02
7.468602890921512198e+02	2.629788809099226228e+02
6.674723974358913665e+02	2.349176827244212973e+02
3.011933495581242823e+02	2.358582392082005583e+02
7.286556678837897607e+02	3.800927117363592629e+02
5.532146519576235733e+02	4.323324250817121879e+02
4.467275886986274713e+02	3.058093055444228412e+02
5.407047321882618007e+02	2.585175713992719011e+02
3.281907345564616207e+02	5.389602826498401100e+02
7.125766916355612466e+02	2.422830763882102190e+02
4.827738830225135871e+02	3.754657098831816029e+02
6.044258118214701199e+02	5.371425985798147167e+02
2.377087846869349903e+02	5.364309719272946495e+02
4.468958173564178082e+02	2.056180785722659721e+02
4.991336849413686991e+02	2.187320688633580517e+02
5.070252812199312871e+02	2.962455342952439423e+02
4.295214823949752372e+02	3.996619091833567268e+02
4.958300548550383837e+02	3.724435062444899813e+02
7.623895093555529456e+02	5.317310711998894703e+02
6.348257067560114137e+02	2.661060017069582955e+02
3.262318389982553981e+02	5.095779862745767446e+02
3.078544621573103086e+02	4.334702317428753986e+02
5.833167947270355853e+02	3.449386082063012395e+02
5.911733692880522995e+02	2.307313282913230807e+02
3.124888756967862378e+02	4.305950579238541422e+02
5.929135610565938350e+02	3.661173034308012575e+02
7.461816749620221572e+02	4.330304902069884747e+02
3.499555034301038177e+02	3.398438018037653023e+02
4.669396599179743248e+02	3.644938087076716897e+02
3.011258945826746753e+02	4.183268025742813734e+02
6.115911499507972167e+02	2.189673627339151096e+02
3.566940456496995466e+02	2.821657871863302489e+02
4.147360098885039292e+02	2.535645201397296091e+02
6.006826834751338993e+02	2.420580998926186851e+02
