1939.5	95.0416	5144.54
2478.48	2687.12	2550.76
2238.63	1193.09	5094.13
2088.45	2260.91	3504.55
-536.413	2840.94	3724.8
1845.18	3470.44	1963.08
2762.71	-70.2901	4270.39
3138.49	-118.839	3456.57
93.0676	2729	4225.12
1992.91	3027.87	3068.13
1110.93	550.551	2257.3
-1179.86	2171.08	4802.74
247.602	2925.36	3782.46
2140.02	3077.92	4605.11
983.807	2746.88	4255.04
38.4646	-492.764	4837.54
1509.38	855.278	5632.89
2374.6	2736.4	5839.85
-562.281	-453.209	4653.69
1653.31	2289.34	2141.97
705.212	-143.037	1846.26
2514.18	-40.5329	5624.84
2722.03	-74.0386	3037.8
1510.74	1286.75	3423.14
1259.83	3102.49	5663.06
1448.52	3388.48	3042.88
2051.54	928.543	5137.35
1108.67	101.831	2528.78
618.67	2897.04	3527.4
2650.91	-202.755	4463.33
1839.17	3015.66	2432.8
-201.966	2427.98	2105.72
714.814	1215.23	3907.89
97.9632	357.884	3220.54
1812.11	3614.13	3274.37
2344.67	439.152	2743.19
1010.43	1855.08	1859.08
2848.69	826.407	3090.74
2271.73	1929.39	5620.51
1568.63	-38.9065	5349.05
354.171	984.752	4856.51
-787.574	2545.41	4790.82
1088.81	1179.51	4907.68
1362.8	2325.29	4526.14
1833.51	566.414	3068.02
-509.258	713.941	2790.58
2108.39	118.822	2151.98
1465.38	1952.63	4986.28
2734.31	911.073	5273.35
612.599	2434.57	2185.92
1939.5	95.0416	5144.54
2478.48	2687.12	2550.76
2238.63	1193.09	5094.13
2088.45	2260.91	3504.55
-536.413	2840.94	3724.8
1845.18	3470.44	1963.08
2762.71	-70.2901	4270.39
3138.49	-118.839	3456.57
93.0676	2729	4225.12
1992.91	3027.87	3068.13
1110.93	550.551	2257.3
-1179.86	2171.08	4802.74
247.602	2925.36	3782.46
2140.02	3077.92	4605.11
983.807	2746.88	4255.04
38.4646	-492.764	4837.54
1509.38	855.278	5632.89
2374.6	2736.4	5839.85
-562.281	-453.209	4653.69
1653.31	2289.34	2141.97
705.212	-143.037	1846.26
2514.18	-40.5329	5624.84
2722.03	-74.0386	3037.8
1510.74	1286.75	3423.14
1259.83	3102.49	5663.06
1448.52	3388.48	3042.88
2051.54	928.543	5137.35
1108.67	101.831	2528.78
618.67	2897.04	3527.4
2650.91	-202.755	4463.33
1839.17	3015.66	2432.8
-201.966	2427.98	2105.72
714.814	1215.23	3907.89
97.9632	357.884	3220.54
1812.11	3614.13	3274.37
2344.67	439.152	2743.19
1010.43	1855.08	1859.08
2848.69	826.407	3090.74
2271.73	1929.39	5620.51
1568.63	-38.9065	5349.05
354.171	984.752	4856.51
-787.574	2545.41	4790.82
1088.81	1179.51	4907.68
1362.8	2325.29	4526.14
1833.51	566.414	3068.02
-509.258	713.941	2790.58
2108.39	118.822	2151.98
1465.38	1952.63	4986.28
2734.31	911.073	5273.35
612.599	2434.57	2185.92
1939.5	95.0416	5144.54
2478.48	2687.12	2550.76
2238.63	1193.09	5094.13
2088.45	2260.91	3504.55
-536.413	2840.94	3724.8
1845.18	3470.44	1963.08
2762.71	-70.2901	4270.39
3138.49	-118.839	3456.57
93.0676	2729	4225.12
1992.91	3027.87	3068.13
1110.93	550.551	2257.3
-1179.86	2171.08	4802.74
247.602	2925.36	3782.46
2140.02	3077.92	4605.11
983.807	2746.88	4255.04
38.4646	-492.764	4837.54
1509.38	855.278	5632.89
2374.6	2736.4	5839.85
-562.281	-453.209	4653.69
1653.31	2289.34	2141.97
705.212	-143.037	1846.26
2514.18	-40.5329	5624.84
2722.03	-74.0386	3037.8
1510.74	1286.75	3423.14
1259.83	3102.49	5663.06
1448.52	3388.48	3042.88
2051.54	928.543	5137.35
1108.67	101.831	2528.78
618.67	2897.04	3527.4
2650.91	-202.755	4463.33
1839.17	3015.66	2432.8
-201.966	2427.98	2105.72
714.814	1215.23	3907.89
97.9632	357.884	3220.54
1812.11	3614.13	3274.37
2344.67	439.152	2743.19
1010.43	1855.08	1859.08
2848.69	826.407	3090.74
2271.73	1929.39	5620.51
1568.63	-38.9065	5349.05
354.171	984.752	4856.51
-787.574	2545.41	4790.82
1088.81	1179.51	4907.68
1362.8	2325.29	4526.14
1833.51	566.414	3068.02
-509.258	713.941	2790.58
2108.39	118.822	2151.98
1465.38	1952.63	4986.28
2734.31	911.073	5273.35
612.599	2434.57	2185.92
1939.5	95.0416	5144.54
2478.48	2687.12	2550.76
2238.63	1193.09	5094.13
2088.45	2260.91	3504.55
-536.413	2840.94	3724.8
1845.18	3470.44	1963.08
2762.71	-70.2901	4270.39
3138.49	-118.839	3456.57
93.0676	2729	4225.12
1992.91	3027.87	3068.13
1110.93	550.551	2257.3
-1179.86	2171.08	4802.74
247.602	2925.36	3782.46
2140.02	3077.92	4605.11
983.807	2746.88	4255.04
38.4646	-492.764	4837.54
1509.38	855.278	5632.89
2374.6	2736.4	5839.85
-562.281	-453.209	4653.69
1653.31	2289.34	2141.97
705.212	-143.037	1846.26
2514.18	-40.5329	5624.84
2722.03	-74.0386	3037.8
1510.74	1286.75	3423.14
1259.83	3102.49	5663.06
1448.52	3388.48	3042.88
2051.54	928.543	5137.35
1108.67	101.831	2528.78
618.67	2897.04	3527.4
2650.91	-202.755	4463.33
1839.17	3015.66	2432.8
-201.966	2427.98	2105.72
714.814	1215.23	3907.89
97.9632	357.884	3220.54
1812.11	3614.13	3274.37
2344.67	439.152	2743.19
1010.43	1855.08	1859.08
2848.69	826.407	3090.74
2271.73	1929.39	5620.51
1568.63	-38.9065	5349.05
354.171	984.752	4856.51
-787.574	2545.41	4790.82
1088.81	1179.51	4907.68
1362.8	2325.29	4526.14
1833.51	566.414	3068.02
-509.258	713.941	2790.58
2108.39	118.822	2151.98
1465.38	1952.63	4986.28
2734.31	911.073	5273.35
612.599	2434.57	2185.92
1939.5	95.0416	5144.54
2478.48	2687.12	2550.76
2238.63	1193.09	5094.13
2088.45	2260.91	3504.55
-536.413	2840.94	3724.8
1845.18	3470.44	1963.08
2762.71	-70.2901	4270.39
3138.49	-118.839	3456.57
93.0676	2729	4225.12
1992.91	3027.87	3068.13
1110.93	550.551	2257.3
-1179.86	2171.08	4802.74
247.602	2925.36	3782.46
2140.02	3077.92	4605.11
983.807	2746.88	4255.04
38.4646	-492.764	4837.54
1509.38	855.278	5632.89
2374.6	2736.4	5839.85
-562.281	-453.209	4653.69
1653.31	2289.34	2141.97
705.212	-143.037	1846.26
2514.18	-40.5329	5624.84
2722.03	-74.0386	3037.8
1510.74	1286.75	3423.14
1259.83	3102.49	5663.06
1448.52	3388.48	3042.88
2051.54	928.543	5137.35
1108.67	101.831	2528.78
618.67	2897.04	3527.4
2650.91	-202.755	4463.33
1839.17	3015.66	2432.8
-201.966	2427.98	2105.72
714.814	1215.23	3907.89
97.9632	357.884	3220.54
1812.11	3614.13	3274.37
2344.67	439.152	2743.19
1010.43	1855.08	1859.08
2848.69	826.407	3090.74
2271.73	1929.39	5620.51
1568.63	-38.9065	5349.05
354.171	984.752	4856.51
-787.574	2545.41	4790.82
1088.81	1179.51	4907.68
1362.8	2325.29	4526.14
1833.51	566.414	3068.02
-509.258	713.941	2790.58
2108.39	118.822	2151.98
1465.38	1952.63	4986.28
2734.31	911.073	5273.35
612.599	2434.57	2185.92
