1935.71	94.8558	5134.49
2473.5	2681.72	2545.63
2234.26	1190.76	5084.18
2084.32	2256.43	3497.61
-535.391	2835.53	3717.7
1841.48	3463.48	1959.15
2757.18	-70.1495	4261.85
3132.12	-118.598	3449.55
92.89	2723.79	4217.06
1988.96	3021.87	3062.05
1108.69	549.444	2252.76
-1177.65	2167.03	4793.76
247.126	2919.74	3775.19
2135.86	3071.94	4596.16
981.91	2741.59	4246.84
38.3906	-491.815	4828.23
1506.48	853.634	5622.06
2370.05	2731.16	5828.66
-561.204	-452.341	4644.78
1649.99	2284.74	2137.67
703.787	-142.748	1842.53
2509.26	-40.4536	5613.83
2716.5	-73.8881	3031.62
1507.75	1284.2	3416.36
1257.45	3096.62	5652.35
1445.68	3381.81	3036.9
2047.54	926.734	5127.34
1106.44	101.626	2523.7
617.471	2891.42	3520.56
2645.63	-202.35	4454.43
1835.5	3009.64	2427.95
-201.569	2423.22	2101.58
713.422	1212.86	3900.27
97.771	357.182	3214.22
1808.55	3607.03	3267.93
2339.91	438.261	2737.63
1008.41	1851.36	1855.35
2842.92	824.734	3084.48
2267.35	1925.67	5609.66
1565.58	-38.831	5338.66
353.493	982.865	4847.21
-786.098	2540.64	4781.84
1086.71	1177.23	4898.21
1360.16	2320.8	4517.38
1829.83	565.279	3061.87
-508.262	712.545	2785.12
2104.08	118.579	2147.58
1462.56	1948.87	4976.67
2728.95	909.286	5263.01
611.386	2429.74	2181.59
1935.71	94.8558	5134.49
2473.5	2681.72	2545.63
2234.26	1190.76	5084.18
2084.32	2256.43	3497.61
-535.391	2835.53	3717.7
1841.48	3463.48	1959.15
2757.18	-70.1495	4261.85
3132.12	-118.598	3449.55
92.89	2723.79	4217.06
1988.96	3021.87	3062.05
1108.69	549.444	2252.76
-1177.65	2167.03	4793.76
247.126	2919.74	3775.19
2135.86	3071.94	4596.16
981.91	2741.59	4246.84
38.3906	-491.815	4828.23
1506.48	853.634	5622.06
2370.05	2731.16	5828.66
-561.204	-452.341	4644.78
1649.99	2284.74	2137.67
703.787	-142.748	1842.53
2509.26	-40.4536	5613.83
2716.5	-73.8881	3031.62
1507.75	1284.2	3416.36
1257.45	3096.62	5652.35
1445.68	3381.81	3036.9
2047.54	926.734	5127.34
1106.44	101.626	2523.7
617.471	2891.42	3520.56
2645.63	-202.35	4454.43
1835.5	3009.64	2427.95
-201.569	2423.22	2101.58
713.422	1212.86	3900.27
97.771	357.182	3214.22
1808.55	3607.03	3267.93
2339.91	438.261	2737.63
1008.41	1851.36	1855.35
2842.92	824.734	3084.48
2267.35	1925.67	5609.66
1565.58	-38.831	5338.66
353.493	982.865	4847.21
-786.098	2540.64	4781.84
1086.71	1177.23	4898.21
1360.16	2320.8	4517.38
1829.83	565.279	3061.87
-508.262	712.545	2785.12
2104.08	118.579	2147.58
1462.56	1948.87	4976.67
2728.95	909.286	5263.01
611.386	2429.74	2181.59
1935.71	94.8558	5134.49
2473.5	2681.72	2545.63
2234.26	1190.76	5084.18
2084.32	2256.43	3497.61
-535.391	2835.53	3717.7
1841.48	3463.48	1959.15
2757.18	-70.1495	4261.85
3132.12	-118.598	3449.55
92.89	2723.79	4217.06
1988.96	3021.87	3062.05
1108.69	549.444	2252.76
-1177.65	2167.03	4793.76
247.126	2919.74	3775.19
2135.86	3071.94	4596.16
981.91	2741.59	4246.84
38.3906	-491.815	4828.23
1506.48	853.634	5622.06
2370.05	2731.16	5828.66
-561.204	-452.341	4644.78
1649.99	2284.74	2137.67
703.787	-142.748	1842.53
2509.26	-40.4536	5613.83
2716.5	-73.8881	3031.62
1507.75	1284.2	3416.36
1257.45	3096.62	5652.35
1445.68	3381.81	3036.9
2047.54	926.734	5127.34
1106.44	101.626	2523.7
617.471	2891.42	3520.56
2645.63	-202.35	4454.43
1835.5	3009.64	2427.95
-201.569	2423.22	2101.58
713.422	1212.86	3900.27
97.771	357.182	3214.22
1808.55	3607.03	3267.93
2339.91	438.261	2737.63
1008.41	1851.36	1855.35
2842.92	824.734	3084.48
2267.35	1925.67	5609.66
1565.58	-38.831	5338.66
353.493	982.865	4847.21
-786.098	2540.64	4781.84
1086.71	1177.23	4898.21
1360.16	2320.8	4517.38
1829.83	565.279	3061.87
-508.262	712.545	2785.12
2104.08	118.579	2147.58
1462.56	1948.87	4976.67
2728.95	909.286	5263.01
611.386	2429.74	2181.59
1935.71	94.8558	5134.49
2473.5	2681.72	2545.63
2234.26	1190.76	5084.18
2084.32	2256.43	3497.61
-535.391	2835.53	3717.7
1841.48	3463.48	1959.15
2757.18	-70.1495	4261.85
3132.12	-118.598	3449.55
92.89	2723.79	4217.06
1988.96	3021.87	3062.05
1108.69	549.444	2252.76
-1177.65	2167.03	4793.76
247.126	2919.74	3775.19
2135.86	3071.94	4596.16
981.91	2741.59	4246.84
38.3906	-491.815	4828.23
1506.48	853.634	5622.06
2370.05	2731.16	5828.66
-561.204	-452.341	4644.78
1649.99	2284.74	2137.67
703.787	-142.748	1842.53
2509.26	-40.4536	5613.83
2716.5	-73.8881	3031.62
1507.75	1284.2	3416.36
1257.45	3096.62	5652.35
1445.68	3381.81	3036.9
2047.54	926.734	5127.34
1106.44	101.626	2523.7
617.471	2891.42	3520.56
2645.63	-202.35	4454.43
1835.5	3009.64	2427.95
-201.569	2423.22	2101.58
713.422	1212.86	3900.27
97.771	357.182	3214.22
1808.55	3607.03	3267.93
2339.91	438.261	2737.63
1008.41	1851.36	1855.35
2842.92	824.734	3084.48
2267.35	1925.67	5609.66
1565.58	-38.831	5338.66
353.493	982.865	4847.21
-786.098	2540.64	4781.84
1086.71	1177.23	4898.21
1360.16	2320.8	4517.38
1829.83	565.279	3061.87
-508.262	712.545	2785.12
2104.08	118.579	2147.58
1462.56	1948.87	4976.67
2728.95	909.286	5263.01
611.386	2429.74	2181.59
1935.71	94.8558	5134.49
2473.5	2681.72	2545.63
2234.26	1190.76	5084.18
2084.32	2256.43	3497.61
-535.391	2835.53	3717.7
1841.48	3463.48	1959.15
2757.18	-70.1495	4261.85
3132.12	-118.598	3449.55
92.89	2723.79	4217.06
1988.96	3021.87	3062.05
1108.69	549.444	2252.76
-1177.65	2167.03	4793.76
247.126	2919.74	3775.19
2135.86	3071.94	4596.16
981.91	2741.59	4246.84
38.3906	-491.815	4828.23
1506.48	853.634	5622.06
2370.05	2731.16	5828.66
-561.204	-452.341	4644.78
1649.99	2284.74	2137.67
703.787	-142.748	1842.53
2509.26	-40.4536	5613.83
2716.5	-73.8881	3031.62
1507.75	1284.2	3416.36
1257.45	3096.62	5652.35
1445.68	3381.81	3036.9
2047.54	926.734	5127.34
1106.44	101.626	2523.7
617.471	2891.42	3520.56
2645.63	-202.35	4454.43
1835.5	3009.64	2427.95
-201.569	2423.22	2101.58
713.422	1212.86	3900.27
97.771	357.182	3214.22
1808.55	3607.03	3267.93
2339.91	438.261	2737.63
1008.41	1851.36	1855.35
2842.92	824.734	3084.48
2267.35	1925.67	5609.66
1565.58	-38.831	5338.66
353.493	982.865	4847.21
-786.098	2540.64	4781.84
1086.71	1177.23	4898.21
1360.16	2320.8	4517.38
1829.83	565.279	3061.87
-508.262	712.545	2785.12
2104.08	118.579	2147.58
1462.56	1948.87	4976.67
2728.95	909.286	5263.01
611.386	2429.74	2181.59
