1937.6	94.9484	5139.5
2476.18	2684.63	2548.39
2236.47	1191.94	5089.21
2086.48	2258.78	3501.24
-535.907	2838.26	3721.28
1843.48	3467.25	1961.28
2760.02	-70.2218	4266.24
3135.45	-118.724	3453.23
92.9795	2726.42	4221.12
1991.06	3025.06	3065.28
1109.86	550.022	2255.13
-1178.72	2168.99	4798.11
247.369	2922.61	3778.9
2138.01	3075.03	4600.78
982.879	2744.29	4251.02
38.4263	-492.274	4832.73
1507.91	854.445	5627.41
2372.34	2733.8	5834.31
-561.723	-452.76	4649.07
1651.77	2287.2	2139.96
704.53	-142.899	1844.47
2511.71	-40.4931	5619.32
2719.4	-73.967	3034.86
1509.29	1285.52	3419.86
1258.63	3099.55	5657.68
1447.18	3385.34	3040.06
2049.55	927.642	5132.36
1107.59	101.732	2526.33
618.089	2894.32	3524.09
2648.32	-202.556	4458.96
1837.47	3012.87	2430.55
-201.776	2425.71	2103.74
714.127	1214.06	3904.13
97.868	357.536	3217.41
1810.43	3610.79	3271.34
2342.41	438.729	2740.55
1009.49	1853.34	1857.33
2845.96	825.618	3087.79
2269.54	1927.54	5615.09
1567.08	-38.8682	5343.78
353.827	983.794	4851.79
-786.822	2542.98	4786.24
1087.76	1178.37	4902.92
1361.5	2323.08	4521.83
1831.74	565.868	3065.07
-508.766	713.252	2787.89
2106.36	118.708	2149.91
1463.98	1950.76	4981.5
2731.66	910.19	5268.24
612.026	2432.29	2183.87
1937.6	94.9484	5139.5
2476.18	2684.63	2548.39
2236.47	1191.94	5089.21
2086.48	2258.78	3501.24
-535.907	2838.26	3721.28
1843.48	3467.25	1961.28
2760.02	-70.2218	4266.24
3135.45	-118.724	3453.23
92.9795	2726.42	4221.12
1991.06	3025.06	3065.28
1109.86	550.022	2255.13
-1178.72	2168.99	4798.11
247.369	2922.61	3778.9
2138.01	3075.03	4600.78
982.879	2744.29	4251.02
38.4263	-492.274	4832.73
1507.91	854.445	5627.41
2372.34	2733.8	5834.31
-561.723	-452.76	4649.07
1651.77	2287.2	2139.96
704.53	-142.899	1844.47
2511.71	-40.4931	5619.32
2719.4	-73.967	3034.86
1509.29	1285.52	3419.86
1258.63	3099.55	5657.68
1447.18	3385.34	3040.06
2049.55	927.642	5132.36
1107.59	101.732	2526.33
618.089	2894.32	3524.09
2648.32	-202.556	4458.96
1837.47	3012.87	2430.55
-201.776	2425.71	2103.74
714.127	1214.06	3904.13
97.868	357.536	3217.41
1810.43	3610.79	3271.34
2342.41	438.729	2740.55
1009.49	1853.34	1857.33
2845.96	825.618	3087.79
2269.54	1927.54	5615.09
1567.08	-38.8682	5343.78
353.827	983.794	4851.79
-786.822	2542.98	4786.24
1087.76	1178.37	4902.92
1361.5	2323.08	4521.83
1831.74	565.868	3065.07
-508.766	713.252	2787.89
2106.36	118.708	2149.91
1463.98	1950.76	4981.5
2731.66	910.19	5268.24
612.026	2432.29	2183.87
1937.6	94.9484	5139.5
2476.18	2684.63	2548.39
2236.47	1191.94	5089.21
2086.48	2258.78	3501.24
-535.907	2838.26	3721.28
1843.48	3467.25	1961.28
2760.02	-70.2218	4266.24
3135.45	-118.724	3453.23
92.9795	2726.42	4221.12
1991.06	3025.06	3065.28
1109.86	550.022	2255.13
-1178.72	2168.99	4798.11
247.369	2922.61	3778.9
2138.01	3075.03	4600.78
982.879	2744.29	4251.02
38.4263	-492.274	4832.73
1507.91	854.445	5627.41
2372.34	2733.8	5834.31
-561.723	-452.76	4649.07
1651.77	2287.2	2139.96
704.53	-142.899	1844.47
2511.71	-40.4931	5619.32
2719.4	-73.967	3034.86
1509.29	1285.52	3419.86
1258.63	3099.55	5657.68
1447.18	3385.34	3040.06
2049.55	927.642	5132.36
1107.59	101.732	2526.33
618.089	2894.32	3524.09
2648.32	-202.556	4458.96
1837.47	3012.87	2430.55
-201.776	2425.71	2103.74
714.127	1214.06	3904.13
97.868	357.536	3217.41
1810.43	3610.79	3271.34
2342.41	438.729	2740.55
1009.49	1853.34	1857.33
2845.96	825.618	3087.79
2269.54	1927.54	5615.09
1567.08	-38.8682	5343.78
353.827	983.794	4851.79
-786.822	2542.98	4786.24
1087.76	1178.37	4902.92
1361.5	2323.08	4521.83
1831.74	565.868	3065.07
-508.766	713.252	2787.89
2106.36	118.708	2149.91
1463.98	1950.76	4981.5
2731.66	910.19	5268.24
612.026	2432.29	2183.87
1937.6	94.9484	5139.5
2476.18	2684.63	2548.39
2236.47	1191.94	5089.21
2086.48	2258.78	3501.24
-535.907	2838.26	3721.28
1843.48	3467.25	1961.28
2760.02	-70.2218	4266.24
3135.45	-118.724	3453.23
92.9795	2726.42	4221.12
1991.06	3025.06	3065.28
1109.86	550.022	2255.13
-1178.72	2168.99	4798.11
247.369	2922.61	3778.9
2138.01	3075.03	4600.78
982.879	2744.29	4251.02
38.4263	-492.274	4832.73
1507.91	854.445	5627.41
2372.34	2733.8	5834.31
-561.723	-452.76	4649.07
1651.77	2287.2	2139.96
704.53	-142.899	1844.47
2511.71	-40.4931	5619.32
2719.4	-73.967	3034.86
1509.29	1285.52	3419.86
1258.63	3099.55	5657.68
1447.18	3385.34	3040.06
2049.55	927.642	5132.36
1107.59	101.732	2526.33
618.089	2894.32	3524.09
2648.32	-202.556	4458.96
1837.47	3012.87	2430.55
-201.776	2425.71	2103.74
714.127	1214.06	3904.13
97.868	357.536	3217.41
1810.43	3610.79	3271.34
2342.41	438.729	2740.55
1009.49	1853.34	1857.33
2845.96	825.618	3087.79
2269.54	1927.54	5615.09
1567.08	-38.8682	5343.78
353.827	983.794	4851.79
-786.822	2542.98	4786.24
1087.76	1178.37	4902.92
1361.5	2323.08	4521.83
1831.74	565.868	3065.07
-508.766	713.252	2787.89
2106.36	118.708	2149.91
1463.98	1950.76	4981.5
2731.66	910.19	5268.24
612.026	2432.29	2183.87
1937.6	94.9484	5139.5
2476.18	2684.63	2548.39
2236.47	1191.94	5089.21
2086.48	2258.78	3501.24
-535.907	2838.26	3721.28
1843.48	3467.25	1961.28
2760.02	-70.2218	4266.24
3135.45	-118.724	3453.23
92.9795	2726.42	4221.12
1991.06	3025.06	3065.28
1109.86	550.022	2255.13
-1178.72	2168.99	4798.11
247.369	2922.61	3778.9
2138.01	3075.03	4600.78
982.879	2744.29	4251.02
38.4263	-492.274	4832.73
1507.91	854.445	5627.41
2372.34	2733.8	5834.31
-561.723	-452.76	4649.07
1651.77	2287.2	2139.96
704.53	-142.899	1844.47
2511.71	-40.4931	5619.32
2719.4	-73.967	3034.86
1509.29	1285.52	3419.86
1258.63	3099.55	5657.68
1447.18	3385.34	3040.06
2049.55	927.642	5132.36
1107.59	101.732	2526.33
618.089	2894.32	3524.09
2648.32	-202.556	4458.96
1837.47	3012.87	2430.55
-201.776	2425.71	2103.74
714.127	1214.06	3904.13
97.868	357.536	3217.41
1810.43	3610.79	3271.34
2342.41	438.729	2740.55
1009.49	1853.34	1857.33
2845.96	825.618	3087.79
2269.54	1927.54	5615.09
1567.08	-38.8682	5343.78
353.827	983.794	4851.79
-786.822	2542.98	4786.24
1087.76	1178.37	4902.92
1361.5	2323.08	4521.83
1831.74	565.868	3065.07
-508.766	713.252	2787.89
2106.36	118.708	2149.91
1463.98	1950.76	4981.5
2731.66	910.19	5268.24
612.026	2432.29	2183.87
