1934.26	94.7845	5130.63
2471.91	2679.99	2543.99
2232.61	1189.88	5080.42
2082.88	2254.88	3495.2
-534.982	2833.36	3714.86
1840.3	3461.27	1957.89
2755.26	-70.1006	4258.87
3130.04	-118.519	3447.27
92.8191	2721.72	4213.84
1987.62	3019.84	3059.99
1107.94	549.073	2251.23
-1176.69	2165.25	4789.83
246.943	2917.56	3772.38
2134.32	3069.72	4592.84
981.182	2739.55	4243.69
38.36	-491.424	4824.39
1505.3	852.97	5617.69
2368.25	2729.08	5824.24
-560.753	-451.978	4641.05
1648.92	2283.25	2136.27
703.314	-142.652	1841.29
2507.38	-40.4232	5609.62
2714.71	-73.8393	3029.62
1506.68	1283.3	3413.96
1256.46	3094.2	5647.92
1444.68	3379.49	3034.81
2046.01	926.041	5123.5
1105.68	101.557	2521.97
617.023	2889.32	3518.01
2643.75	-202.207	4451.26
1834.29	3007.67	2426.36
-201.428	2421.52	2100.11
712.894	1211.97	3897.39
97.6991	356.919	3211.86
1807.31	3604.56	3265.7
2338.37	437.972	2735.82
1007.74	1850.14	1854.13
2841.05	824.193	3082.46
2265.63	1924.21	5605.4
1564.38	-38.8012	5334.55
353.216	982.096	4843.42
-785.464	2538.59	4777.98
1085.88	1176.33	4894.46
1359.15	2319.07	4514.02
1828.58	564.892	3059.78
-507.888	712.021	2783.08
2102.73	118.503	2146.2
1461.45	1947.39	4972.9
2726.94	908.619	5259.15
610.97	2428.09	2180.1
1934.26	94.7845	5130.63
2471.91	2679.99	2543.99
2232.61	1189.88	5080.42
2082.88	2254.88	3495.2
-534.982	2833.36	3714.86
1840.3	3461.27	1957.89
2755.26	-70.1006	4258.87
3130.04	-118.519	3447.27
92.8191	2721.72	4213.84
1987.62	3019.84	3059.99
1107.94	549.073	2251.23
-1176.69	2165.25	4789.83
246.943	2917.56	3772.38
2134.32	3069.72	4592.84
981.182	2739.55	4243.69
38.36	-491.424	4824.39
1505.3	852.97	5617.69
2368.25	2729.08	5824.24
-560.753	-451.978	4641.05
1648.92	2283.25	2136.27
703.314	-142.652	1841.29
2507.38	-40.4232	5609.62
2714.71	-73.8393	3029.62
1506.68	1283.3	3413.96
1256.46	3094.2	5647.92
1444.68	3379.49	3034.81
2046.01	926.041	5123.5
1105.68	101.557	2521.97
617.023	2889.32	3518.01
2643.75	-202.207	4451.26
1834.29	3007.67	2426.36
-201.428	2421.52	2100.11
712.894	1211.97	3897.39
97.6991	356.919	3211.86
1807.31	3604.56	3265.7
2338.37	437.972	2735.82
1007.74	1850.14	1854.13
2841.05	824.193	3082.46
2265.63	1924.21	5605.4
1564.38	-38.8012	5334.55
353.216	982.096	4843.42
-785.464	2538.59	4777.98
1085.88	1176.33	4894.46
1359.15	2319.07	4514.02
1828.58	564.892	3059.78
-507.888	712.021	2783.08
2102.73	118.503	2146.2
1461.45	1947.39	4972.9
2726.94	908.619	5259.15
610.97	2428.09	2180.1
1934.26	94.7845	5130.63
2471.91	2679.99	2543.99
2232.61	1189.88	5080.42
2082.88	2254.88	3495.2
-534.982	2833.36	3714.86
1840.3	3461.27	1957.89
2755.26	-70.1006	4258.87
3130.04	-118.519	3447.27
92.8191	2721.72	4213.84
1987.62	3019.84	3059.99
1107.94	549.073	2251.23
-1176.69	2165.25	4789.83
246.943	2917.56	3772.38
2134.32	3069.72	4592.84
981.182	2739.55	4243.69
38.36	-491.424	4824.39
1505.3	852.97	5617.69
2368.25	2729.08	5824.24
-560.753	-451.978	4641.05
1648.92	2283.25	2136.27
703.314	-142.652	1841.29
2507.38	-40.4232	5609.62
2714.71	-73.8393	3029.62
1506.68	1283.3	3413.96
1256.46	3094.2	5647.92
1444.68	3379.49	3034.81
2046.01	926.041	5123.5
1105.68	101.557	2521.97
617.023	2889.32	3518.01
2643.75	-202.207	4451.26
1834.29	3007.67	2426.36
-201.428	2421.52	2100.11
712.894	1211.97	3897.39
97.6991	356.919	3211.86
1807.31	3604.56	3265.7
2338.37	437.972	2735.82
1007.74	1850.14	1854.13
2841.05	824.193	3082.46
2265.63	1924.21	5605.4
1564.38	-38.8012	5334.55
353.216	982.096	4843.42
-785.464	2538.59	4777.98
1085.88	1176.33	4894.46
1359.15	2319.07	4514.02
1828.58	564.892	3059.78
-507.888	712.021	2783.08
2102.73	118.503	2146.2
1461.45	1947.39	4972.9
2726.94	908.619	5259.15
610.97	2428.09	2180.1
1934.26	94.7845	5130.63
2471.91	2679.99	2543.99
2232.61	1189.88	5080.42
2082.88	2254.88	3495.2
-534.982	2833.36	3714.86
1840.3	3461.27	1957.89
2755.26	-70.1006	4258.87
3130.04	-118.519	3447.27
92.8191	2721.72	4213.84
1987.62	3019.84	3059.99
1107.94	549.073	2251.23
-1176.69	2165.25	4789.83
246.943	2917.56	3772.38
2134.32	3069.72	4592.84
981.182	2739.55	4243.69
38.36	-491.424	4824.39
1505.3	852.97	5617.69
2368.25	2729.08	5824.24
-560.753	-451.978	4641.05
1648.92	2283.25	2136.27
703.314	-142.652	1841.29
2507.38	-40.4232	5609.62
2714.71	-73.8393	3029.62
1506.68	1283.3	3413.96
1256.46	3094.2	5647.92
1444.68	3379.49	3034.81
2046.01	926.041	5123.5
1105.68	101.557	2521.97
617.023	2889.32	3518.01
2643.75	-202.207	4451.26
1834.29	3007.67	2426.36
-201.428	2421.52	2100.11
712.894	1211.97	3897.39
97.6991	356.919	3211.86
1807.31	3604.56	3265.7
2338.37	437.972	2735.82
1007.74	1850.14	1854.13
2841.05	824.193	3082.46
2265.63	1924.21	5605.4
1564.38	-38.8012	5334.55
353.216	982.096	4843.42
-785.464	2538.59	4777.98
1085.88	1176.33	4894.46
1359.15	2319.07	4514.02
1828.58	564.892	3059.78
-507.888	712.021	2783.08
2102.73	118.503	2146.2
1461.45	1947.39	4972.9
2726.94	908.619	5259.15
610.97	2428.09	2180.1
1934.26	94.7845	5130.63
2471.91	2679.99	2543.99
2232.61	1189.88	5080.42
2082.88	2254.88	3495.2
-534.982	2833.36	3714.86
1840.3	3461.27	1957.89
2755.26	-70.1006	4258.87
3130.04	-118.519	3447.27
92.8191	2721.72	4213.84
1987.62	3019.84	3059.99
1107.94	549.073	2251.23
-1176.69	2165.25	4789.83
246.943	2917.56	3772.38
2134.32	3069.72	4592.84
981.182	2739.55	4243.69
38.36	-491.424	4824.39
1505.3	852.97	5617.69
2368.25	2729.08	5824.24
-560.753	-451.978	4641.05
1648.92	2283.25	2136.27
703.314	-142.652	1841.29
2507.38	-40.4232	5609.62
2714.71	-73.8393	3029.62
1506.68	1283.3	3413.96
1256.46	3094.2	5647.92
1444.68	3379.49	3034.81
2046.01	926.041	5123.5
1105.68	101.557	2521.97
617.023	2889.32	3518.01
2643.75	-202.207	4451.26
1834.29	3007.67	2426.36
-201.428	2421.52	2100.11
712.894	1211.97	3897.39
97.6991	356.919	3211.86
1807.31	3604.56	3265.7
2338.37	437.972	2735.82
1007.74	1850.14	1854.13
2841.05	824.193	3082.46
2265.63	1924.21	5605.4
1564.38	-38.8012	5334.55
353.216	982.096	4843.42
-785.464	2538.59	4777.98
1085.88	1176.33	4894.46
1359.15	2319.07	4514.02
1828.58	564.892	3059.78
-507.888	712.021	2783.08
2102.73	118.503	2146.2
1461.45	1947.39	4972.9
2726.94	908.619	5259.15
610.97	2428.09	2180.1
