514.281	220.06
707.276	583.289
537.066	299.311
586.427	446.385
321.611	485.75
675.613	806.268
611.885	206.241
704.41	198.828
382.155	446.391
599.542	562.95
540.224	302.858
287.468	377.679
396.197	490.466
543.186	454.681
457.598	446.736
376.586	176.948
475.03	269.531
525.981	384.129
328.894	179.212
632.677	589.758
492.917	184.496
541.385	210.307
697.447	202.58
531.081	350.859
458.329	412.388
536.798	604.8
522.448	279.828
523.729	227.994
434.25	507.175
592.941	195.634
627.909	644.714
327.737	614.655
438.652	327.692
378.688	255.201
565.574	601.515
679.161	270.935
548.455	567.164
705.352	309.941
525.03	339.059
483.661	210.8
401.454	288.53
316.837	405.779
456.34	301.985
484.087	400.346
587.065	280.776
298.979	307.948
718.882	231.862
482.968	356.667
566.853	276.581
459.792	604.661
514.281	220.06
707.276	583.289
537.066	299.311
586.427	446.385
321.611	485.75
675.613	806.268
611.885	206.241
704.41	198.828
382.155	446.391
599.542	562.95
540.224	302.858
287.468	377.679
396.197	490.466
543.186	454.681
457.598	446.736
376.586	176.948
475.03	269.531
525.981	384.129
328.894	179.212
632.677	589.758
492.917	184.496
541.385	210.307
697.447	202.58
531.081	350.859
458.329	412.388
536.798	604.8
522.448	279.828
523.729	227.994
434.25	507.175
592.941	195.634
627.909	644.714
327.737	614.655
438.652	327.692
378.688	255.201
565.574	601.515
679.161	270.935
548.455	567.164
705.352	309.941
525.03	339.059
483.661	210.8
401.454	288.53
316.837	405.779
456.34	301.985
484.087	400.346
587.065	280.776
298.979	307.948
718.882	231.862
482.968	356.667
566.853	276.581
459.792	604.661
514.281	220.06
707.276	583.289
537.066	299.311
586.427	446.385
321.611	485.75
675.613	806.268
611.885	206.241
704.41	198.828
382.155	446.391
599.542	562.95
540.224	302.858
287.468	377.679
396.197	490.466
543.186	454.681
457.598	446.736
376.586	176.948
475.03	269.531
525.981	384.129
328.894	179.212
632.677	589.758
492.917	184.496
541.385	210.307
697.447	202.58
531.081	350.859
458.329	412.388
536.798	604.8
522.448	279.828
523.729	227.994
434.25	507.175
592.941	195.634
627.909	644.714
327.737	614.655
438.652	327.692
378.688	255.201
565.574	601.515
679.161	270.935
548.455	567.164
705.352	309.941
525.03	339.059
483.661	210.8
401.454	288.53
316.837	405.779
456.34	301.985
484.087	400.346
587.065	280.776
298.979	307.948
718.882	231.862
482.968	356.667
566.853	276.581
459.792	604.661
514.281	220.06
707.276	583.289
537.066	299.311
586.427	446.385
321.611	485.75
675.613	806.268
611.885	206.241
704.41	198.828
382.155	446.391
599.542	562.95
540.224	302.858
287.468	377.679
396.197	490.466
543.186	454.681
457.598	446.736
376.586	176.948
475.03	269.531
525.981	384.129
328.894	179.212
632.677	589.758
492.917	184.496
541.385	210.307
697.447	202.58
531.081	350.859
458.329	412.388
536.798	604.8
522.448	279.828
523.729	227.994
434.25	507.175
592.941	195.634
627.909	644.714
327.737	614.655
438.652	327.692
378.688	255.201
565.574	601.515
679.161	270.935
548.455	567.164
705.352	309.941
525.03	339.059
483.661	210.8
401.454	288.53
316.837	405.779
456.34	301.985
484.087	400.346
587.065	280.776
298.979	307.948
718.882	231.862
482.968	356.667
566.853	276.581
459.792	604.661
514.281	220.06
707.276	583.289
537.066	299.311
586.427	446.385
321.611	485.75
675.613	806.268
611.885	206.241
704.41	198.828
382.155	446.391
599.542	562.95
540.224	302.858
287.468	377.679
396.197	490.466
543.186	454.681
457.598	446.736
376.586	176.948
475.03	269.531
525.981	384.129
328.894	179.212
632.677	589.758
492.917	184.496
541.385	210.307
697.447	202.58
531.081	350.859
458.329	412.388
536.798	604.8
522.448	279.828
523.729	227.994
434.25	507.175
592.941	195.634
627.909	644.714
327.737	614.655
438.652	327.692
378.688	255.201
565.574	601.515
679.161	270.935
548.455	567.164
705.352	309.941
525.03	339.059
483.661	210.8
401.454	288.53
316.837	405.779
456.34	301.985
484.087	400.346
587.065	280.776
298.979	307.948
718.882	231.862
482.968	356.667
566.853	276.581
459.792	604.661
