-220.434	283.113	4230.8
1277.52	220.454	4477.39
-378.354	1160.6	4161.15
-405.758	567.994	5277.87
-375.879	22.9644	4588.93
230.998	-509.409	4752.07
-76.4053	66.4248	3596.04
45.776	1017.75	5307.76
787.899	1324.1	3655.51
-300.047	1026.8	4339.82
408.341	238.92	4677.86
-231.332	127.815	5362.83
969.05	50.8239	4368.2
914.895	533.728	4399.93
187.438	-642.889	5143.35
475.387	919.799	4078.57
112.28	1159.29	4819.34
553.829	-12.2141	3719.62
1343.04	-37.4034	3898.2
-572.079	-947.044	4471.75
652.876	1025.93	4013.25
1380.31	-667.93	4136.47
-522.061	512.752	4476.3
409.846	-611.266	4853.51
-6.56373	633.8	5360.18
608.49	216.139	4479.43
985.305	37.263	4349.66
1197.53	32.6092	4838.09
825.126	-501.281	4176.42
-23.8106	1084.77	5021.47
-831.963	748.519	5071.82
-0.333771	66.7978	4850.54
788.448	969.748	3643.08
-737.017	46.6571	4073.84
970.599	1203.67	5260.67
685.985	-389.514	3502.57
-743.967	285.018	4971.37
676.502	1331.61	4611.9
227.672	926.252	3860.51
-512.636	-731.565	3976.51
238.298	-600.889	3796.65
-65.3409	6.91917	4702.56
-100.726	696.48	3675.81
230.612	537.257	4732.48
547.223	292.965	4335.17
633.071	1170.11	4461.7
350.742	-831.761	5409.69
334.973	-304.852	4571.01
-75.9163	-528.488	4801.18
139.975	343.438	4848.46
-220.434	283.113	4230.8
1277.52	220.454	4477.39
-378.354	1160.6	4161.15
-405.758	567.994	5277.87
-375.879	22.9644	4588.93
230.998	-509.409	4752.07
-76.4053	66.4248	3596.04
45.776	1017.75	5307.76
787.899	1324.1	3655.51
-300.047	1026.8	4339.82
408.341	238.92	4677.86
-231.332	127.815	5362.83
969.05	50.8239	4368.2
914.895	533.728	4399.93
187.438	-642.889	5143.35
475.387	919.799	4078.57
112.28	1159.29	4819.34
553.829	-12.2141	3719.62
1343.04	-37.4034	3898.2
-572.079	-947.044	4471.75
652.876	1025.93	4013.25
1380.31	-667.93	4136.47
-522.061	512.752	4476.3
409.846	-611.266	4853.51
-6.56373	633.8	5360.18
608.49	216.139	4479.43
985.305	37.263	4349.66
1197.53	32.6092	4838.09
825.126	-501.281	4176.42
-23.8106	1084.77	5021.47
-831.963	748.519	5071.82
-0.333771	66.7978	4850.54
788.448	969.748	3643.08
-737.017	46.6571	4073.84
970.599	1203.67	5260.67
685.985	-389.514	3502.57
-743.967	285.018	4971.37
676.502	1331.61	4611.9
227.672	926.252	3860.51
-512.636	-731.565	3976.51
238.298	-600.889	3796.65
-65.3409	6.91917	4702.56
-100.726	696.48	3675.81
230.612	537.257	4732.48
547.223	292.965	4335.17
633.071	1170.11	4461.7
350.742	-831.761	5409.69
334.973	-304.852	4571.01
-75.9163	-528.488	4801.18
139.975	343.438	4848.46
-220.434	283.113	4230.8
1277.52	220.454	4477.39
-378.354	1160.6	4161.15
-405.758	567.994	5277.87
-375.879	22.9644	4588.93
230.998	-509.409	4752.07
-76.4053	66.4248	3596.04
45.776	1017.75	5307.76
787.899	1324.1	3655.51
-300.047	1026.8	4339.82
408.341	238.92	4677.86
-231.332	127.815	5362.83
969.05	50.8239	4368.2
914.895	533.728	4399.93
187.438	-642.889	5143.35
475.387	919.799	4078.57
112.28	1159.29	4819.34
553.829	-12.2141	3719.62
1343.04	-37.4034	3898.2
-572.079	-947.044	4471.75
652.876	1025.93	4013.25
1380.31	-667.93	4136.47
-522.061	512.752	4476.3
409.846	-611.266	4853.51
-6.56373	633.8	5360.18
608.49	216.139	4479.43
985.305	37.263	4349.66
1197.53	32.6092	4838.09
825.126	-501.281	4176.42
-23.8106	1084.77	5021.47
-831.963	748.519	5071.82
-0.333771	66.7978	4850.54
788.448	969.748	3643.08
-737.017	46.6571	4073.84
970.599	1203.67	5260.67
685.985	-389.514	3502.57
-743.967	285.018	4971.37
676.502	1331.61	4611.9
227.672	926.252	3860.51
-512.636	-731.565	3976.51
238.298	-600.889	3796.65
-65.3409	6.91917	4702.56
-100.726	696.48	3675.81
230.612	537.257	4732.48
547.223	292.965	4335.17
633.071	1170.11	4461.7
350.742	-831.761	5409.69
334.973	-304.852	4571.01
-75.9163	-528.488	4801.18
139.975	343.438	4848.46
-220.434	283.113	4230.8
1277.52	220.454	4477.39
-378.354	1160.6	4161.15
-405.758	567.994	5277.87
-375.879	22.9644	4588.93
230.998	-509.409	4752.07
-76.4053	66.4248	3596.04
45.776	1017.75	5307.76
787.899	1324.1	3655.51
-300.047	1026.8	4339.82
408.341	238.92	4677.86
-231.332	127.815	5362.83
969.05	50.8239	4368.2
914.895	533.728	4399.93
187.438	-642.889	5143.35
475.387	919.799	4078.57
112.28	1159.29	4819.34
553.829	-12.2141	3719.62
1343.04	-37.4034	3898.2
-572.079	-947.044	4471.75
652.876	1025.93	4013.25
1380.31	-667.93	4136.47
-522.061	512.752	4476.3
409.846	-611.266	4853.51
-6.56373	633.8	5360.18
608.49	216.139	4479.43
985.305	37.263	4349.66
1197.53	32.6092	4838.09
825.126	-501.281	4176.42
-23.8106	1084.77	5021.47
-831.963	748.519	5071.82
-0.333771	66.7978	4850.54
788.448	969.748	3643.08
-737.017	46.6571	4073.84
970.599	1203.67	5260.67
685.985	-389.514	3502.57
-743.967	285.018	4971.37
676.502	1331.61	4611.9
227.672	926.252	3860.51
-512.636	-731.565	3976.51
238.298	-600.889	3796.65
-65.3409	6.91917	4702.56
-100.726	696.48	3675.81
230.612	537.257	4732.48
547.223	292.965	4335.17
633.071	1170.11	4461.7
350.742	-831.761	5409.69
334.973	-304.852	4571.01
-75.9163	-528.488	4801.18
139.975	343.438	4848.46
-220.434	283.113	4230.8
1277.52	220.454	4477.39
-378.354	1160.6	4161.15
-405.758	567.994	5277.87
-375.879	22.9644	4588.93
230.998	-509.409	4752.07
-76.4053	66.4248	3596.04
45.776	1017.75	5307.76
787.899	1324.1	3655.51
-300.047	1026.8	4339.82
408.341	238.92	4677.86
-231.332	127.815	5362.83
969.05	50.8239	4368.2
914.895	533.728	4399.93
187.438	-642.889	5143.35
475.387	919.799	4078.57
112.28	1159.29	4819.34
553.829	-12.2141	3719.62
1343.04	-37.4034	3898.2
-572.079	-947.044	4471.75
652.876	1025.93	4013.25
1380.31	-667.93	4136.47
-522.061	512.752	4476.3
409.846	-611.266	4853.51
-6.56373	633.8	5360.18
608.49	216.139	4479.43
985.305	37.263	4349.66
1197.53	32.6092	4838.09
825.126	-501.281	4176.42
-23.8106	1084.77	5021.47
-831.963	748.519	5071.82
-0.333771	66.7978	4850.54
788.448	969.748	3643.08
-737.017	46.6571	4073.84
970.599	1203.67	5260.67
685.985	-389.514	3502.57
-743.967	285.018	4971.37
676.502	1331.61	4611.9
227.672	926.252	3860.51
-512.636	-731.565	3976.51
238.298	-600.889	3796.65
-65.3409	6.91917	4702.56
-100.726	696.48	3675.81
230.612	537.257	4732.48
547.223	292.965	4335.17
633.071	1170.11	4461.7
350.742	-831.761	5409.69
334.973	-304.852	4571.01
-75.9163	-528.488	4801.18
139.975	343.438	4848.46
