-207.588	266.615	3984.25
1203.06	207.606	4216.44
-356.306	1092.97	3918.67
-382.114	534.897	4970.33
-353.976	21.6262	4321.52
217.536	-479.722	4475.13
-71.9524	62.5536	3386.46
43.1086	958.446	4998.48
741.98	1246.93	3442.47
-282.562	966.964	4086.93
384.544	224.996	4405.25
-217.852	120.367	5050.33
912.572	47.8619	4113.62
861.575	502.623	4143.5
176.514	-605.424	4843.62
447.682	866.196	3840.88
105.738	1091.73	4538.5
521.551	-11.5022	3502.83
1264.76	-35.2233	3670.99
-538.74	-891.854	4211.15
614.827	966.136	3779.36
1299.86	-628.999	3895.37
-491.64	482.873	4215.45
385.961	-575.642	4570.65
-6.18126	596.868	5047.84
573.029	203.543	4218.38
927.879	35.0913	4096.15
1127.74	30.7088	4556.12
777.036	-472.065	3933
-22.4232	1021.56	4728.86
-783.486	704.904	4776.29
-0.31432	62.9052	4567.87
742.496	913.229	3430.75
-694.067	43.9382	3836.44
914.041	1133.53	4954.12
646.002	-366.811	3298.42
-700.617	268.41	4681.7
637.078	1254.01	4343.14
214.404	872.273	3635.53
-482.76	-688.93	3744.76
224.409	-565.867	3575.37
-61.5333	6.51601	4428.53
-94.8563	655.891	3461.59
217.173	505.949	4456.7
515.331	275.891	4082.52
596.177	1101.92	4201.68
330.302	-783.288	5094.43
315.451	-287.086	4304.62
-71.4922	-497.69	4521.39
131.818	323.424	4565.92
-207.588	266.615	3984.25
1203.06	207.606	4216.44
-356.306	1092.97	3918.67
-382.114	534.897	4970.33
-353.976	21.6262	4321.52
217.536	-479.722	4475.13
-71.9524	62.5536	3386.46
43.1086	958.446	4998.48
741.98	1246.93	3442.47
-282.562	966.964	4086.93
384.544	224.996	4405.25
-217.852	120.367	5050.33
912.572	47.8619	4113.62
861.575	502.623	4143.5
176.514	-605.424	4843.62
447.682	866.196	3840.88
105.738	1091.73	4538.5
521.551	-11.5022	3502.83
1264.76	-35.2233	3670.99
-538.74	-891.854	4211.15
614.827	966.136	3779.36
1299.86	-628.999	3895.37
-491.64	482.873	4215.45
385.961	-575.642	4570.65
-6.18126	596.868	5047.84
573.029	203.543	4218.38
927.879	35.0913	4096.15
1127.74	30.7088	4556.12
777.036	-472.065	3933
-22.4232	1021.56	4728.86
-783.486	704.904	4776.29
-0.31432	62.9052	4567.87
742.496	913.229	3430.75
-694.067	43.9382	3836.44
914.041	1133.53	4954.12
646.002	-366.811	3298.42
-700.617	268.41	4681.7
637.078	1254.01	4343.14
214.404	872.273	3635.53
-482.76	-688.93	3744.76
224.409	-565.867	3575.37
-61.5333	6.51601	4428.53
-94.8563	655.891	3461.59
217.173	505.949	4456.7
515.331	275.891	4082.52
596.177	1101.92	4201.68
330.302	-783.288	5094.43
315.451	-287.086	4304.62
-71.4922	-497.69	4521.39
131.818	323.424	4565.92
-207.588	266.615	3984.25
1203.06	207.606	4216.44
-356.306	1092.97	3918.67
-382.114	534.897	4970.33
-353.976	21.6262	4321.52
217.536	-479.722	4475.13
-71.9524	62.5536	3386.46
43.1086	958.446	4998.48
741.98	1246.93	3442.47
-282.562	966.964	4086.93
384.544	224.996	4405.25
-217.852	120.367	5050.33
912.572	47.8619	4113.62
861.575	502.623	4143.5
176.514	-605.424	4843.62
447.682	866.196	3840.88
105.738	1091.73	4538.5
521.551	-11.5022	3502.83
1264.76	-35.2233	3670.99
-538.74	-891.854	4211.15
614.827	966.136	3779.36
1299.86	-628.999	3895.37
-491.64	482.873	4215.45
385.961	-575.642	4570.65
-6.18126	596.868	5047.84
573.029	203.543	4218.38
927.879	35.0913	4096.15
1127.74	30.7088	4556.12
777.036	-472.065	3933
-22.4232	1021.56	4728.86
-783.486	704.904	4776.29
-0.31432	62.9052	4567.87
742.496	913.229	3430.75
-694.067	43.9382	3836.44
914.041	1133.53	4954.12
646.002	-366.811	3298.42
-700.617	268.41	4681.7
637.078	1254.01	4343.14
214.404	872.273	3635.53
-482.76	-688.93	3744.76
224.409	-565.867	3575.37
-61.5333	6.51601	4428.53
-94.8563	655.891	3461.59
217.173	505.949	4456.7
515.331	275.891	4082.52
596.177	1101.92	4201.68
330.302	-783.288	5094.43
315.451	-287.086	4304.62
-71.4922	-497.69	4521.39
131.818	323.424	4565.92
-207.588	266.615	3984.25
1203.06	207.606	4216.44
-356.306	1092.97	3918.67
-382.114	534.897	4970.33
-353.976	21.6262	4321.52
217.536	-479.722	4475.13
-71.9524	62.5536	3386.46
43.1086	958.446	4998.48
741.98	1246.93	3442.47
-282.562	966.964	4086.93
384.544	224.996	4405.25
-217.852	120.367	5050.33
912.572	47.8619	4113.62
861.575	502.623	4143.5
176.514	-605.424	4843.62
447.682	866.196	3840.88
105.738	1091.73	4538.5
521.551	-11.5022	3502.83
1264.76	-35.2233	3670.99
-538.74	-891.854	4211.15
614.827	966.136	3779.36
1299.86	-628.999	3895.37
-491.64	482.873	4215.45
385.961	-575.642	4570.65
-6.18126	596.868	5047.84
573.029	203.543	4218.38
927.879	35.0913	4096.15
1127.74	30.7088	4556.12
777.036	-472.065	3933
-22.4232	1021.56	4728.86
-783.486	704.904	4776.29
-0.31432	62.9052	4567.87
742.496	913.229	3430.75
-694.067	43.9382	3836.44
914.041	1133.53	4954.12
646.002	-366.811	3298.42
-700.617	268.41	4681.7
637.078	1254.01	4343.14
214.404	872.273	3635.53
-482.76	-688.93	3744.76
224.409	-565.867	3575.37
-61.5333	6.51601	4428.53
-94.8563	655.891	3461.59
217.173	505.949	4456.7
515.331	275.891	4082.52
596.177	1101.92	4201.68
330.302	-783.288	5094.43
315.451	-287.086	4304.62
-71.4922	-497.69	4521.39
131.818	323.424	4565.92
-207.588	266.615	3984.25
1203.06	207.606	4216.44
-356.306	1092.97	3918.67
-382.114	534.897	4970.33
-353.976	21.6262	4321.52
217.536	-479.722	4475.13
-71.9524	62.5536	3386.46
43.1086	958.446	4998.48
741.98	1246.93	3442.47
-282.562	966.964	4086.93
384.544	224.996	4405.25
-217.852	120.367	5050.33
912.572	47.8619	4113.62
861.575	502.623	4143.5
176.514	-605.424	4843.62
447.682	866.196	3840.88
105.738	1091.73	4538.5
521.551	-11.5022	3502.83
1264.76	-35.2233	3670.99
-538.74	-891.854	4211.15
614.827	966.136	3779.36
1299.86	-628.999	3895.37
-491.64	482.873	4215.45
385.961	-575.642	4570.65
-6.18126	596.868	5047.84
573.029	203.543	4218.38
927.879	35.0913	4096.15
1127.74	30.7088	4556.12
777.036	-472.065	3933
-22.4232	1021.56	4728.86
-783.486	704.904	4776.29
-0.31432	62.9052	4567.87
742.496	913.229	3430.75
-694.067	43.9382	3836.44
914.041	1133.53	4954.12
646.002	-366.811	3298.42
-700.617	268.41	4681.7
637.078	1254.01	4343.14
214.404	872.273	3635.53
-482.76	-688.93	3744.76
224.409	-565.867	3575.37
-61.5333	6.51601	4428.53
-94.8563	655.891	3461.59
217.173	505.949	4456.7
515.331	275.891	4082.52
596.177	1101.92	4201.68
330.302	-783.288	5094.43
315.451	-287.086	4304.62
-71.4922	-497.69	4521.39
131.818	323.424	4565.92
