-220.424	283.101	4230.62
1277.47	220.445	4477.2
-378.338	1160.55	4160.98
-405.741	567.97	5277.65
-375.863	22.9634	4588.74
230.988	-509.387	4751.87
-76.402	66.422	3595.89
45.774	1017.71	5307.54
787.865	1324.05	3655.35
-300.034	1026.76	4339.64
408.324	238.91	4677.67
-231.322	127.81	5362.61
969.009	50.8218	4368.02
914.856	533.706	4399.74
187.43	-642.862	5143.14
475.367	919.761	4078.4
112.276	1159.24	4819.14
553.806	-12.2136	3719.46
1342.98	-37.4019	3898.04
-572.055	-947.004	4471.56
652.848	1025.88	4013.08
1380.25	-667.902	4136.29
-522.039	512.73	4476.11
409.828	-611.24	4853.3
-6.56345	633.773	5359.96
608.464	216.13	4479.25
985.264	37.2615	4349.47
1197.48	32.6078	4837.89
825.091	-501.26	4176.24
-23.8096	1084.72	5021.25
-831.928	748.487	5071.61
-0.333757	66.795	4850.34
788.415	969.707	3642.92
-736.985	46.6551	4073.67
970.559	1203.62	5260.45
685.956	-389.498	3502.42
-743.935	285.006	4971.16
676.473	1331.56	4611.7
227.662	926.213	3860.35
-512.614	-731.534	3976.34
238.288	-600.863	3796.49
-65.3382	6.91888	4702.36
-100.722	696.451	3675.66
230.602	537.234	4732.28
547.2	292.952	4334.99
633.044	1170.06	4461.51
350.728	-831.727	5409.46
334.959	-304.839	4570.82
-75.9131	-528.466	4800.98
139.969	343.423	4848.25
-220.424	283.101	4230.62
1277.47	220.445	4477.2
-378.338	1160.55	4160.98
-405.741	567.97	5277.65
-375.863	22.9634	4588.74
230.988	-509.387	4751.87
-76.402	66.422	3595.89
45.774	1017.71	5307.54
787.865	1324.05	3655.35
-300.034	1026.76	4339.64
408.324	238.91	4677.67
-231.322	127.81	5362.61
969.009	50.8218	4368.02
914.856	533.706	4399.74
187.43	-642.862	5143.14
475.367	919.761	4078.4
112.276	1159.24	4819.14
553.806	-12.2136	3719.46
1342.98	-37.4019	3898.04
-572.055	-947.004	4471.56
652.848	1025.88	4013.08
1380.25	-667.902	4136.29
-522.039	512.73	4476.11
409.828	-611.24	4853.3
-6.56345	633.773	5359.96
608.464	216.13	4479.25
985.264	37.2615	4349.47
1197.48	32.6078	4837.89
825.091	-501.26	4176.24
-23.8096	1084.72	5021.25
-831.928	748.487	5071.61
-0.333757	66.795	4850.34
788.415	969.707	3642.92
-736.985	46.6551	4073.67
970.559	1203.62	5260.45
685.956	-389.498	3502.42
-743.935	285.006	4971.16
676.473	1331.56	4611.7
227.662	926.213	3860.35
-512.614	-731.534	3976.34
238.288	-600.863	3796.49
-65.3382	6.91888	4702.36
-100.722	696.451	3675.66
230.602	537.234	4732.28
547.2	292.952	4334.99
633.044	1170.06	4461.51
350.728	-831.727	5409.46
334.959	-304.839	4570.82
-75.9131	-528.466	4800.98
139.969	343.423	4848.25
-220.424	283.101	4230.62
1277.47	220.445	4477.2
-378.338	1160.55	4160.98
-405.741	567.97	5277.65
-375.863	22.9634	4588.74
230.988	-509.387	4751.87
-76.402	66.422	3595.89
45.774	1017.71	5307.54
787.865	1324.05	3655.35
-300.034	1026.76	4339.64
408.324	238.91	4677.67
-231.322	127.81	5362.61
969.009	50.8218	4368.02
914.856	533.706	4399.74
187.43	-642.862	5143.14
475.367	919.761	4078.4
112.276	1159.24	4819.14
553.806	-12.2136	3719.46
1342.98	-37.4019	3898.04
-572.055	-947.004	4471.56
652.848	1025.88	4013.08
1380.25	-667.902	4136.29
-522.039	512.73	4476.11
409.828	-611.24	4853.3
-6.56345	633.773	5359.96
608.464	216.13	4479.25
985.264	37.2615	4349.47
1197.48	32.6078	4837.89
825.091	-501.26	4176.24
-23.8096	1084.72	5021.25
-831.928	748.487	5071.61
-0.333757	66.795	4850.34
788.415	969.707	3642.92
-736.985	46.6551	4073.67
970.559	1203.62	5260.45
685.956	-389.498	3502.42
-743.935	285.006	4971.16
676.473	1331.56	4611.7
227.662	926.213	3860.35
-512.614	-731.534	3976.34
238.288	-600.863	3796.49
-65.3382	6.91888	4702.36
-100.722	696.451	3675.66
230.602	537.234	4732.28
547.2	292.952	4334.99
633.044	1170.06	4461.51
350.728	-831.727	5409.46
334.959	-304.839	4570.82
-75.9131	-528.466	4800.98
139.969	343.423	4848.25
-220.424	283.101	4230.62
1277.47	220.445	4477.2
-378.338	1160.55	4160.98
-405.741	567.97	5277.65
-375.863	22.9634	4588.74
230.988	-509.387	4751.87
-76.402	66.422	3595.89
45.774	1017.71	5307.54
787.865	1324.05	3655.35
-300.034	1026.76	4339.64
408.324	238.91	4677.67
-231.322	127.81	5362.61
969.009	50.8218	4368.02
914.856	533.706	4399.74
187.43	-642.862	5143.14
475.367	919.761	4078.4
112.276	1159.24	4819.14
553.806	-12.2136	3719.46
1342.98	-37.4019	3898.04
-572.055	-947.004	4471.56
652.848	1025.88	4013.08
1380.25	-667.902	4136.29
-522.039	512.73	4476.11
409.828	-611.24	4853.3
-6.56345	633.773	5359.96
608.464	216.13	4479.25
985.264	37.2615	4349.47
1197.48	32.6078	4837.89
825.091	-501.26	4176.24
-23.8096	1084.72	5021.25
-831.928	748.487	5071.61
-0.333757	66.795	4850.34
788.415	969.707	3642.92
-736.985	46.6551	4073.67
970.559	1203.62	5260.45
685.956	-389.498	3502.42
-743.935	285.006	4971.16
676.473	1331.56	4611.7
227.662	926.213	3860.35
-512.614	-731.534	3976.34
238.288	-600.863	3796.49
-65.3382	6.91888	4702.36
-100.722	696.451	3675.66
230.602	537.234	4732.28
547.2	292.952	4334.99
633.044	1170.06	4461.51
350.728	-831.727	5409.46
334.959	-304.839	4570.82
-75.9131	-528.466	4800.98
139.969	343.423	4848.25
-220.424	283.101	4230.62
1277.47	220.445	4477.2
-378.338	1160.55	4160.98
-405.741	567.97	5277.65
-375.863	22.9634	4588.74
230.988	-509.387	4751.87
-76.402	66.422	3595.89
45.774	1017.71	5307.54
787.865	1324.05	3655.35
-300.034	1026.76	4339.64
408.324	238.91	4677.67
-231.322	127.81	5362.61
969.009	50.8218	4368.02
914.856	533.706	4399.74
187.43	-642.862	5143.14
475.367	919.761	4078.4
112.276	1159.24	4819.14
553.806	-12.2136	3719.46
1342.98	-37.4019	3898.04
-572.055	-947.004	4471.56
652.848	1025.88	4013.08
1380.25	-667.902	4136.29
-522.039	512.73	4476.11
409.828	-611.24	4853.3
-6.56345	633.773	5359.96
608.464	216.13	4479.25
985.264	37.2615	4349.47
1197.48	32.6078	4837.89
825.091	-501.26	4176.24
-23.8096	1084.72	5021.25
-831.928	748.487	5071.61
-0.333757	66.795	4850.34
788.415	969.707	3642.92
-736.985	46.6551	4073.67
970.559	1203.62	5260.45
685.956	-389.498	3502.42
-743.935	285.006	4971.16
676.473	1331.56	4611.7
227.662	926.213	3860.35
-512.614	-731.534	3976.34
238.288	-600.863	3796.49
-65.3382	6.91888	4702.36
-100.722	696.451	3675.66
230.602	537.234	4732.28
547.2	292.952	4334.99
633.044	1170.06	4461.51
350.728	-831.727	5409.46
334.959	-304.839	4570.82
-75.9131	-528.466	4800.98
139.969	343.423	4848.25
