5.166823428390657682e+02	5.041810754888817314e+02
4.852317891424478944e+02	3.745392103357249880e+02
3.557124439728115135e+02	2.168230077176926045e+02
6.716826800744776165e+02	3.426913876951082898e+02
4.090776098858759724e+02	2.579087841986158196e+02
4.291364348705413931e+02	1.314976688064405153e+02
3.531446502303836041e+02	4.979006002291913546e+02
5.847279866460545463e+02	3.981537791553351440e+02
7.261881148301301891e+02	7.020320212924450516e+02
7.673751474388814131e+02	2.765552440993300252e+02
6.790391413941433711e+02	6.844359873174064433e+02
4.789515979290072778e+02	4.760413296449813174e+02
5.291437517957999717e+02	4.370985932535404572e+02
4.434420940614035658e+02	2.637128961215248637e+02
7.090397974769604161e+02	5.015097597679211390e+02
4.240179279631765894e+02	4.102007287614202937e+02
6.028213636449271462e+02	1.743057722110775103e+02
5.704153538640592842e+02	5.139256753596058616e+02
7.795963614904975429e+02	2.845799449588146217e+02
4.654599118199685108e+02	3.394099698534125764e+02
6.419345425037276982e+02	7.167846687221353932e+02
7.301224094358914272e+02	6.541526295845601453e+02
5.377587151652846842e+02	4.510896565889526073e+02
4.574494208839389557e+02	2.720378821325177228e+02
6.366582059162502674e+02	3.063961299189848546e+02
4.211632188310211973e+02	4.199982291628280109e+02
6.828136361177625986e+02	7.025168037810403803e+02
6.103164729441967893e+02	4.472441501303248970e+02
5.353828270285426925e+02	5.363096811080550879e+02
6.566315008675655918e+02	3.038279293102455654e+02
4.065984237423630248e+02	2.007412054837705000e+02
4.365300650678330499e+02	4.889281315673692347e+02
3.882175781895839464e+02	1.558858369949519727e+02
3.622066727560692811e+02	2.237407039512706604e+02
6.148991822403805827e+02	3.775709755121626472e+02
7.750901088960250718e+02	2.531989109354506411e+02
5.710890155837599877e+02	2.448412635734500213e+02
3.447378760526929682e+02	2.701733532976611514e+02
3.407436246030871416e+02	3.848890535467363634e+02
2.530473128103547253e+02	6.234590159172230415e+02
3.913078086361263672e+02	1.794069869421895476e+02
5.480261875586603537e+02	2.420119530486322219e+02
4.681383002231011119e+02	3.567814523905113901e+02
6.045070335203661216e+02	3.664167454009663061e+02
3.690837585844001296e+02	2.023829810482166351e+02
2.085529954128025167e+02	7.707145867734823241e+02
5.120258094528476249e+02	3.967215403561132234e+02
3.641193194053842035e+02	2.094587931527805722e+02
7.969272270737754980e+02	2.987689262120675835e+02
5.711695584637629963e+02	3.312783778651682951e+02
