4.782034129465700403e+02	5.050525605524089769e+02
4.422820192820737475e+02	3.739761902218236287e+02
3.205675666857868009e+02	2.164056220457720769e+02
6.377319160496110726e+02	3.453919997808384323e+02
3.699541955034472380e+02	2.569376586648025409e+02
3.752198768271197764e+02	1.315813723579555017e+02
3.144162421143475399e+02	4.921358321609191080e+02
5.446751973477890942e+02	4.002033034007981200e+02
6.892562730865507774e+02	7.198422720140974889e+02
7.352665996888866857e+02	2.779699680522834910e+02
6.372044364401918983e+02	6.980417447800195987e+02
4.305690400448781929e+02	4.753275308208008028e+02
4.920623415657876194e+02	4.379870004118354245e+02
4.061640554342791347e+02	2.628487224681382486e+02
6.612714013169256759e+02	5.106797418808943121e+02
3.877828477413369228e+02	4.079992901759743518e+02
5.540467912541065516e+02	1.725307162671126946e+02
5.315081680662621011e+02	5.172292637768374561e+02
7.463640949881422557e+02	2.864748065420293983e+02
4.245140147004090068e+02	3.384894781977788512e+02
5.988168145263085762e+02	7.284870340119455250e+02
6.927591614088744336e+02	6.703584619907938986e+02
5.039258410375401809e+02	4.523802791880952441e+02
4.199813298976474698e+02	2.712147915267998428e+02
5.999469442664200187e+02	3.075693027331064400e+02
3.739377926918899675e+02	4.176325063171605052e+02
6.452895326937510845e+02	7.169829474919740733e+02
5.758547293640727958e+02	4.509762866525871345e+02
4.973859081344036781e+02	5.382518688750674301e+02
6.242039463713028908e+02	3.051724554573002592e+02
3.622997326810179288e+02	2.003943325107642579e+02
3.917192414607596902e+02	4.865468379620879773e+02
3.480607420948903723e+02	1.562432680703955725e+02
3.237829803545461118e+02	2.231871541861048058e+02
5.813319108347742485e+02	3.799871667134950144e+02
7.406336576904446929e+02	2.535648321384169606e+02
5.282663732380724468e+02	2.443533624142790188e+02
3.008955798374795449e+02	2.686968932356289201e+02
3.052006517785308120e+02	3.809954742899583948e+02
2.033891253487302038e+02	6.095943455722134559e+02
3.542880036306814304e+02	1.794149924561118326e+02
5.130027615578911764e+02	2.414442328233153603e+02
4.307873330614912106e+02	3.558743713022174688e+02
5.703490601098563957e+02	3.683724186808484546e+02
3.309581911700999513e+02	2.021783712710598877e+02
1.573855389669926410e+02	7.484876471134980420e+02
4.744387792774488162e+02	3.968616182899633031e+02
3.271253491755768437e+02	2.091520014813368959e+02
7.689662156986672699e+02	3.015457026514527570e+02
5.387062008267826059e+02	3.320192633973474017e+02
