-338.934	1892.75	2430.59
1079.39	2484.58	6523.55
226.075	2733.12	3784.91
-737.133	825.797	3737.23
2555.33	648.294	2483.62
999.463	2117.66	3178.08
-7.83085	-874.799	4079.65
1564.17	329.983	2456.94
1329.71	-43.6044	3468.36
2673.85	564.105	4805.02
1620.77	145.67	6049.34
2195.7	3953.81	6145.96
-473.039	3514.18	2515.24
2793.72	2810.65	4429.17
1801.78	615.756	3132.73
212.05	1175.77	5213.8
2083.69	1500.1	6176.39
1710.72	3563.65	2414
2835.85	594.214	5180.05
849.204	3782.59	3480.15
2226.9	4077.16	2916.92
2569.41	1445.31	4675.45
740.936	2292.57	5239.99
1072.79	-578.997	2987.43
-1094.49	2445.06	1947.58
3370.79	334.273	3020.38
2374.27	2871.02	5559.85
848.284	694.491	6111.19
2176.21	397.338	4839.04
-858.263	1516.78	3858.55
1083.74	1811.16	5823.76
1708.57	2962.15	4459.25
943.816	1522.31	3286.08
-618.932	863.972	3995.84
2820.86	-4.14562	2795.76
-92.4883	-250.076	5765.47
1707.96	3193.32	4221.04
-777.396	-179.961	4463.71
1089.98	1645.91	6423.1
2679.17	2680.99	5640.94
1012.25	1048.87	4535.88
-1201.16	1254.32	5935.68
-1382.95	3201.44	4383.39
-665.35	2722.74	6111.3
2725.28	1955.06	5296.78
-1121.91	1955.85	4459
1043.73	2282.96	2782.28
672.533	68.7098	3495.48
3127.27	572.073	3146.26
-279.416	593.16	2519.82
-338.934	1892.75	2430.59
1079.39	2484.58	6523.55
226.075	2733.12	3784.91
-737.133	825.797	3737.23
2555.33	648.294	2483.62
999.463	2117.66	3178.08
-7.83085	-874.799	4079.65
1564.17	329.983	2456.94
1329.71	-43.6044	3468.36
2673.85	564.105	4805.02
1620.77	145.67	6049.34
2195.7	3953.81	6145.96
-473.039	3514.18	2515.24
2793.72	2810.65	4429.17
1801.78	615.756	3132.73
212.05	1175.77	5213.8
2083.69	1500.1	6176.39
1710.72	3563.65	2414
2835.85	594.214	5180.05
849.204	3782.59	3480.15
2226.9	4077.16	2916.92
2569.41	1445.31	4675.45
740.936	2292.57	5239.99
1072.79	-578.997	2987.43
-1094.49	2445.06	1947.58
3370.79	334.273	3020.38
2374.27	2871.02	5559.85
848.284	694.491	6111.19
2176.21	397.338	4839.04
-858.263	1516.78	3858.55
1083.74	1811.16	5823.76
1708.57	2962.15	4459.25
943.816	1522.31	3286.08
-618.932	863.972	3995.84
2820.86	-4.14562	2795.76
-92.4883	-250.076	5765.47
1707.96	3193.32	4221.04
-777.396	-179.961	4463.71
1089.98	1645.91	6423.1
2679.17	2680.99	5640.94
1012.25	1048.87	4535.88
-1201.16	1254.32	5935.68
-1382.95	3201.44	4383.39
-665.35	2722.74	6111.3
2725.28	1955.06	5296.78
-1121.91	1955.85	4459
1043.73	2282.96	2782.28
672.533	68.7098	3495.48
3127.27	572.073	3146.26
-279.416	593.16	2519.82
-338.934	1892.75	2430.59
1079.39	2484.58	6523.55
226.075	2733.12	3784.91
-737.133	825.797	3737.23
2555.33	648.294	2483.62
999.463	2117.66	3178.08
-7.83085	-874.799	4079.65
1564.17	329.983	2456.94
1329.71	-43.6044	3468.36
2673.85	564.105	4805.02
1620.77	145.67	6049.34
2195.7	3953.81	6145.96
-473.039	3514.18	2515.24
2793.72	2810.65	4429.17
1801.78	615.756	3132.73
212.05	1175.77	5213.8
2083.69	1500.1	6176.39
1710.72	3563.65	2414
2835.85	594.214	5180.05
849.204	3782.59	3480.15
2226.9	4077.16	2916.92
2569.41	1445.31	4675.45
740.936	2292.57	5239.99
1072.79	-578.997	2987.43
-1094.49	2445.06	1947.58
3370.79	334.273	3020.38
2374.27	2871.02	5559.85
848.284	694.491	6111.19
2176.21	397.338	4839.04
-858.263	1516.78	3858.55
1083.74	1811.16	5823.76
1708.57	2962.15	4459.25
943.816	1522.31	3286.08
-618.932	863.972	3995.84
2820.86	-4.14562	2795.76
-92.4883	-250.076	5765.47
1707.96	3193.32	4221.04
-777.396	-179.961	4463.71
1089.98	1645.91	6423.1
2679.17	2680.99	5640.94
1012.25	1048.87	4535.88
-1201.16	1254.32	5935.68
-1382.95	3201.44	4383.39
-665.35	2722.74	6111.3
2725.28	1955.06	5296.78
-1121.91	1955.85	4459
1043.73	2282.96	2782.28
672.533	68.7098	3495.48
3127.27	572.073	3146.26
-279.416	593.16	2519.82
-338.934	1892.75	2430.59
1079.39	2484.58	6523.55
226.075	2733.12	3784.91
-737.133	825.797	3737.23
2555.33	648.294	2483.62
999.463	2117.66	3178.08
-7.83085	-874.799	4079.65
1564.17	329.983	2456.94
1329.71	-43.6044	3468.36
2673.85	564.105	4805.02
1620.77	145.67	6049.34
2195.7	3953.81	6145.96
-473.039	3514.18	2515.24
2793.72	2810.65	4429.17
1801.78	615.756	3132.73
212.05	1175.77	5213.8
2083.69	1500.1	6176.39
1710.72	3563.65	2414
2835.85	594.214	5180.05
849.204	3782.59	3480.15
2226.9	4077.16	2916.92
2569.41	1445.31	4675.45
740.936	2292.57	5239.99
1072.79	-578.997	2987.43
-1094.49	2445.06	1947.58
3370.79	334.273	3020.38
2374.27	2871.02	5559.85
848.284	694.491	6111.19
2176.21	397.338	4839.04
-858.263	1516.78	3858.55
1083.74	1811.16	5823.76
1708.57	2962.15	4459.25
943.816	1522.31	3286.08
-618.932	863.972	3995.84
2820.86	-4.14562	2795.76
-92.4883	-250.076	5765.47
1707.96	3193.32	4221.04
-777.396	-179.961	4463.71
1089.98	1645.91	6423.1
2679.17	2680.99	5640.94
1012.25	1048.87	4535.88
-1201.16	1254.32	5935.68
-1382.95	3201.44	4383.39
-665.35	2722.74	6111.3
2725.28	1955.06	5296.78
-1121.91	1955.85	4459
1043.73	2282.96	2782.28
672.533	68.7098	3495.48
3127.27	572.073	3146.26
-279.416	593.16	2519.82
-338.934	1892.75	2430.59
1079.39	2484.58	6523.55
226.075	2733.12	3784.91
-737.133	825.797	3737.23
2555.33	648.294	2483.62
999.463	2117.66	3178.08
-7.83085	-874.799	4079.65
1564.17	329.983	2456.94
1329.71	-43.6044	3468.36
2673.85	564.105	4805.02
1620.77	145.67	6049.34
2195.7	3953.81	6145.96
-473.039	3514.18	2515.24
2793.72	2810.65	4429.17
1801.78	615.756	3132.73
212.05	1175.77	5213.8
2083.69	1500.1	6176.39
1710.72	3563.65	2414
2835.85	594.214	5180.05
849.204	3782.59	3480.15
2226.9	4077.16	2916.92
2569.41	1445.31	4675.45
740.936	2292.57	5239.99
1072.79	-578.997	2987.43
-1094.49	2445.06	1947.58
3370.79	334.273	3020.38
2374.27	2871.02	5559.85
848.284	694.491	6111.19
2176.21	397.338	4839.04
-858.263	1516.78	3858.55
1083.74	1811.16	5823.76
1708.57	2962.15	4459.25
943.816	1522.31	3286.08
-618.932	863.972	3995.84
2820.86	-4.14562	2795.76
-92.4883	-250.076	5765.47
1707.96	3193.32	4221.04
-777.396	-179.961	4463.71
1089.98	1645.91	6423.1
2679.17	2680.99	5640.94
1012.25	1048.87	4535.88
-1201.16	1254.32	5935.68
-1382.95	3201.44	4383.39
-665.35	2722.74	6111.3
2725.28	1955.06	5296.78
-1121.91	1955.85	4459
1043.73	2282.96	2782.28
672.533	68.7098	3495.48
3127.27	572.073	3146.26
-279.416	593.16	2519.82
