-340.759	1902.95	2443.68
1085.72	2499.13	6561.75
227.292	2747.83	3805.29
-741.342	830.512	3758.57
2571.41	652.373	2499.25
1005.11	2129.63	3196.04
-7.88052	-880.348	4105.53
1573.85	332.024	2472.14
1338.12	-43.8803	3490.3
2691.35	567.795	4836.45
1631.4	146.625	6088.99
2208.09	3976.12	6180.64
-475.37	3531.5	2527.63
2810.27	2827.3	4455.41
1812.97	619.58	3152.19
213.306	1182.74	5244.7
2096.8	1509.53	6215.24
1719.84	3582.65	2426.87
2854.56	598.133	5214.22
853.617	3802.25	3498.24
2238.79	4098.92	2932.49
2585.52	1454.37	4704.76
745.182	2305.71	5270.02
1079.63	-582.691	3006.49
-1100.02	2457.41	1957.42
3392.98	336.474	3040.27
2388.32	2888.01	5592.77
853.594	698.839	6149.44
2190.33	399.916	4870.44
-862.993	1525.14	3879.81
1090.22	1821.99	5858.59
1718.26	2978.95	4484.53
949.299	1531.15	3305.17
-622.487	868.935	4018.8
2839.33	-4.1727	2814.07
-93.0713	-251.652	5801.81
1717.5	3211.16	4244.62
-782.089	-181.047	4490.66
1096.6	1655.91	6462.11
2695.35	2697.18	5675
1018.38	1055.23	4563.37
-1208	1261.46	5969.47
-1389.86	3217.43	4405.28
-668.95	2737.47	6144.38
2742.22	1967.21	5329.71
-1127.95	1966.39	4483.04
1049.56	2295.7	2797.81
676.683	69.1338	3517.05
3147.53	575.78	3166.65
-281.025	596.575	2534.33
-340.759	1902.95	2443.68
1085.72	2499.13	6561.75
227.292	2747.83	3805.29
-741.342	830.512	3758.57
2571.41	652.373	2499.25
1005.11	2129.63	3196.04
-7.88052	-880.348	4105.53
1573.85	332.024	2472.14
1338.12	-43.8803	3490.3
2691.35	567.795	4836.45
1631.4	146.625	6088.99
2208.09	3976.12	6180.64
-475.37	3531.5	2527.63
2810.27	2827.3	4455.41
1812.97	619.58	3152.19
213.306	1182.74	5244.7
2096.8	1509.53	6215.24
1719.84	3582.65	2426.87
2854.56	598.133	5214.22
853.617	3802.25	3498.24
2238.79	4098.92	2932.49
2585.52	1454.37	4704.76
745.182	2305.71	5270.02
1079.63	-582.691	3006.49
-1100.02	2457.41	1957.42
3392.98	336.474	3040.27
2388.32	2888.01	5592.77
853.594	698.839	6149.44
2190.33	399.916	4870.44
-862.993	1525.14	3879.81
1090.22	1821.99	5858.59
1718.26	2978.95	4484.53
949.299	1531.15	3305.17
-622.487	868.935	4018.8
2839.33	-4.1727	2814.07
-93.0713	-251.652	5801.81
1717.5	3211.16	4244.62
-782.089	-181.047	4490.66
1096.6	1655.91	6462.11
2695.35	2697.18	5675
1018.38	1055.23	4563.37
-1208	1261.46	5969.47
-1389.86	3217.43	4405.28
-668.95	2737.47	6144.38
2742.22	1967.21	5329.71
-1127.95	1966.39	4483.04
1049.56	2295.7	2797.81
676.683	69.1338	3517.05
3147.53	575.78	3166.65
-281.025	596.575	2534.33
-340.759	1902.95	2443.68
1085.72	2499.13	6561.75
227.292	2747.83	3805.29
-741.342	830.512	3758.57
2571.41	652.373	2499.25
1005.11	2129.63	3196.04
-7.88052	-880.348	4105.53
1573.85	332.024	2472.14
1338.12	-43.8803	3490.3
2691.35	567.795	4836.45
1631.4	146.625	6088.99
2208.09	3976.12	6180.64
-475.37	3531.5	2527.63
2810.27	2827.3	4455.41
1812.97	619.58	3152.19
213.306	1182.74	5244.7
2096.8	1509.53	6215.24
1719.84	3582.65	2426.87
2854.56	598.133	5214.22
853.617	3802.25	3498.24
2238.79	4098.92	2932.49
2585.52	1454.37	4704.76
745.182	2305.71	5270.02
1079.63	-582.691	3006.49
-1100.02	2457.41	1957.42
3392.98	336.474	3040.27
2388.32	2888.01	5592.77
853.594	698.839	6149.44
2190.33	399.916	4870.44
-862.993	1525.14	3879.81
1090.22	1821.99	5858.59
1718.26	2978.95	4484.53
949.299	1531.15	3305.17
-622.487	868.935	4018.8
2839.33	-4.1727	2814.07
-93.0713	-251.652	5801.81
1717.5	3211.16	4244.62
-782.089	-181.047	4490.66
1096.6	1655.91	6462.11
2695.35	2697.18	5675
1018.38	1055.23	4563.37
-1208	1261.46	5969.47
-1389.86	3217.43	4405.28
-668.95	2737.47	6144.38
2742.22	1967.21	5329.71
-1127.95	1966.39	4483.04
1049.56	2295.7	2797.81
676.683	69.1338	3517.05
3147.53	575.78	3166.65
-281.025	596.575	2534.33
-340.759	1902.95	2443.68
1085.72	2499.13	6561.75
227.292	2747.83	3805.29
-741.342	830.512	3758.57
2571.41	652.373	2499.25
1005.11	2129.63	3196.04
-7.88052	-880.348	4105.53
1573.85	332.024	2472.14
1338.12	-43.8803	3490.3
2691.35	567.795	4836.45
1631.4	146.625	6088.99
2208.09	3976.12	6180.64
-475.37	3531.5	2527.63
2810.27	2827.3	4455.41
1812.97	619.58	3152.19
213.306	1182.74	5244.7
2096.8	1509.53	6215.24
1719.84	3582.65	2426.87
2854.56	598.133	5214.22
853.617	3802.25	3498.24
2238.79	4098.92	2932.49
2585.52	1454.37	4704.76
745.182	2305.71	5270.02
1079.63	-582.691	3006.49
-1100.02	2457.41	1957.42
3392.98	336.474	3040.27
2388.32	2888.01	5592.77
853.594	698.839	6149.44
2190.33	399.916	4870.44
-862.993	1525.14	3879.81
1090.22	1821.99	5858.59
1718.26	2978.95	4484.53
949.299	1531.15	3305.17
-622.487	868.935	4018.8
2839.33	-4.1727	2814.07
-93.0713	-251.652	5801.81
1717.5	3211.16	4244.62
-782.089	-181.047	4490.66
1096.6	1655.91	6462.11
2695.35	2697.18	5675
1018.38	1055.23	4563.37
-1208	1261.46	5969.47
-1389.86	3217.43	4405.28
-668.95	2737.47	6144.38
2742.22	1967.21	5329.71
-1127.95	1966.39	4483.04
1049.56	2295.7	2797.81
676.683	69.1338	3517.05
3147.53	575.78	3166.65
-281.025	596.575	2534.33
-340.759	1902.95	2443.68
1085.72	2499.13	6561.75
227.292	2747.83	3805.29
-741.342	830.512	3758.57
2571.41	652.373	2499.25
1005.11	2129.63	3196.04
-7.88052	-880.348	4105.53
1573.85	332.024	2472.14
1338.12	-43.8803	3490.3
2691.35	567.795	4836.45
1631.4	146.625	6088.99
2208.09	3976.12	6180.64
-475.37	3531.5	2527.63
2810.27	2827.3	4455.41
1812.97	619.58	3152.19
213.306	1182.74	5244.7
2096.8	1509.53	6215.24
1719.84	3582.65	2426.87
2854.56	598.133	5214.22
853.617	3802.25	3498.24
2238.79	4098.92	2932.49
2585.52	1454.37	4704.76
745.182	2305.71	5270.02
1079.63	-582.691	3006.49
-1100.02	2457.41	1957.42
3392.98	336.474	3040.27
2388.32	2888.01	5592.77
853.594	698.839	6149.44
2190.33	399.916	4870.44
-862.993	1525.14	3879.81
1090.22	1821.99	5858.59
1718.26	2978.95	4484.53
949.299	1531.15	3305.17
-622.487	868.935	4018.8
2839.33	-4.1727	2814.07
-93.0713	-251.652	5801.81
1717.5	3211.16	4244.62
-782.089	-181.047	4490.66
1096.6	1655.91	6462.11
2695.35	2697.18	5675
1018.38	1055.23	4563.37
-1208	1261.46	5969.47
-1389.86	3217.43	4405.28
-668.95	2737.47	6144.38
2742.22	1967.21	5329.71
-1127.95	1966.39	4483.04
1049.56	2295.7	2797.81
676.683	69.1338	3517.05
3147.53	575.78	3166.65
-281.025	596.575	2534.33
