-350.765	1958.82	2515.43
1117.08	2571.32	6751.29
233.969	2828.55	3917.06
-762.847	854.604	3867.6
2644.54	670.925	2570.32
1034.36	2191.6	3289.05
-8.10387	-905.298	4221.89
1618.76	341.499	2542.69
1376.1	-45.1257	3589.36
2767.18	583.795	4972.73
1677.31	150.752	6260.36
2272.42	4091.96	6360.7
-489.561	3636.92	2603.09
2891.33	2908.85	4583.92
1864.67	637.247	3242.07
219.448	1216.79	5395.7
2156.42	1552.46	6391.99
1770.5	3688.18	2498.36
2934.83	614.953	5360.85
878.874	3914.75	3601.74
2304.74	4219.67	3018.88
2659.12	1495.77	4838.69
766.802	2372.61	5422.92
1110.2	-599.192	3091.63
-1132.7	2530.42	2015.58
3488.46	345.942	3125.82
2457.2	2971.3	5754.05
877.876	718.718	6324.37
2252.15	411.202	5007.89
-888.211	1569.71	3993.18
1121.57	1874.38	6027.04
1768.25	3065.62	4615
976.762	1575.45	3400.79
-640.522	894.11	4135.23
2919.31	-4.29024	2893.33
-95.7131	-258.795	5966.49
1767.62	3304.87	4368.49
-804.501	-186.235	4619.34
1128.01	1703.35	6647.24
2772.75	2774.64	5837.97
1047.57	1085.48	4694.17
-1243.05	1298.07	6142.71
-1431.22	3313.2	4536.41
-688.57	2817.76	6324.58
2820.45	2023.33	5481.75
-1161.05	2024.1	4614.6
1080.18	2362.68	2879.44
695.994	71.1068	3617.42
3236.44	592.043	3256.09
-289.164	613.854	2607.74
-350.765	1958.82	2515.43
1117.08	2571.32	6751.29
233.969	2828.55	3917.06
-762.847	854.604	3867.6
2644.54	670.925	2570.32
1034.36	2191.6	3289.05
-8.10387	-905.298	4221.89
1618.76	341.499	2542.69
1376.1	-45.1257	3589.36
2767.18	583.795	4972.73
1677.31	150.752	6260.36
2272.42	4091.96	6360.7
-489.561	3636.92	2603.09
2891.33	2908.85	4583.92
1864.67	637.247	3242.07
219.448	1216.79	5395.7
2156.42	1552.46	6391.99
1770.5	3688.18	2498.36
2934.83	614.953	5360.85
878.874	3914.75	3601.74
2304.74	4219.67	3018.88
2659.12	1495.77	4838.69
766.802	2372.61	5422.92
1110.2	-599.192	3091.63
-1132.7	2530.42	2015.58
3488.46	345.942	3125.82
2457.2	2971.3	5754.05
877.876	718.718	6324.37
2252.15	411.202	5007.89
-888.211	1569.71	3993.18
1121.57	1874.38	6027.04
1768.25	3065.62	4615
976.762	1575.45	3400.79
-640.522	894.11	4135.23
2919.31	-4.29024	2893.33
-95.7131	-258.795	5966.49
1767.62	3304.87	4368.49
-804.501	-186.235	4619.34
1128.01	1703.35	6647.24
2772.75	2774.64	5837.97
1047.57	1085.48	4694.17
-1243.05	1298.07	6142.71
-1431.22	3313.2	4536.41
-688.57	2817.76	6324.58
2820.45	2023.33	5481.75
-1161.05	2024.1	4614.6
1080.18	2362.68	2879.44
695.994	71.1068	3617.42
3236.44	592.043	3256.09
-289.164	613.854	2607.74
-350.765	1958.82	2515.43
1117.08	2571.32	6751.29
233.969	2828.55	3917.06
-762.847	854.604	3867.6
2644.54	670.925	2570.32
1034.36	2191.6	3289.05
-8.10387	-905.298	4221.89
1618.76	341.499	2542.69
1376.1	-45.1257	3589.36
2767.18	583.795	4972.73
1677.31	150.752	6260.36
2272.42	4091.96	6360.7
-489.561	3636.92	2603.09
2891.33	2908.85	4583.92
1864.67	637.247	3242.07
219.448	1216.79	5395.7
2156.42	1552.46	6391.99
1770.5	3688.18	2498.36
2934.83	614.953	5360.85
878.874	3914.75	3601.74
2304.74	4219.67	3018.88
2659.12	1495.77	4838.69
766.802	2372.61	5422.92
1110.2	-599.192	3091.63
-1132.7	2530.42	2015.58
3488.46	345.942	3125.82
2457.2	2971.3	5754.05
877.876	718.718	6324.37
2252.15	411.202	5007.89
-888.211	1569.71	3993.18
1121.57	1874.38	6027.04
1768.25	3065.62	4615
976.762	1575.45	3400.79
-640.522	894.11	4135.23
2919.31	-4.29024	2893.33
-95.7131	-258.795	5966.49
1767.62	3304.87	4368.49
-804.501	-186.235	4619.34
1128.01	1703.35	6647.24
2772.75	2774.64	5837.97
1047.57	1085.48	4694.17
-1243.05	1298.07	6142.71
-1431.22	3313.2	4536.41
-688.57	2817.76	6324.58
2820.45	2023.33	5481.75
-1161.05	2024.1	4614.6
1080.18	2362.68	2879.44
695.994	71.1068	3617.42
3236.44	592.043	3256.09
-289.164	613.854	2607.74
-350.765	1958.82	2515.43
1117.08	2571.32	6751.29
233.969	2828.55	3917.06
-762.847	854.604	3867.6
2644.54	670.925	2570.32
1034.36	2191.6	3289.05
-8.10387	-905.298	4221.89
1618.76	341.499	2542.69
1376.1	-45.1257	3589.36
2767.18	583.795	4972.73
1677.31	150.752	6260.36
2272.42	4091.96	6360.7
-489.561	3636.92	2603.09
2891.33	2908.85	4583.92
1864.67	637.247	3242.07
219.448	1216.79	5395.7
2156.42	1552.46	6391.99
1770.5	3688.18	2498.36
2934.83	614.953	5360.85
878.874	3914.75	3601.74
2304.74	4219.67	3018.88
2659.12	1495.77	4838.69
766.802	2372.61	5422.92
1110.2	-599.192	3091.63
-1132.7	2530.42	2015.58
3488.46	345.942	3125.82
2457.2	2971.3	5754.05
877.876	718.718	6324.37
2252.15	411.202	5007.89
-888.211	1569.71	3993.18
1121.57	1874.38	6027.04
1768.25	3065.62	4615
976.762	1575.45	3400.79
-640.522	894.11	4135.23
2919.31	-4.29024	2893.33
-95.7131	-258.795	5966.49
1767.62	3304.87	4368.49
-804.501	-186.235	4619.34
1128.01	1703.35	6647.24
2772.75	2774.64	5837.97
1047.57	1085.48	4694.17
-1243.05	1298.07	6142.71
-1431.22	3313.2	4536.41
-688.57	2817.76	6324.58
2820.45	2023.33	5481.75
-1161.05	2024.1	4614.6
1080.18	2362.68	2879.44
695.994	71.1068	3617.42
3236.44	592.043	3256.09
-289.164	613.854	2607.74
-350.765	1958.82	2515.43
1117.08	2571.32	6751.29
233.969	2828.55	3917.06
-762.847	854.604	3867.6
2644.54	670.925	2570.32
1034.36	2191.6	3289.05
-8.10387	-905.298	4221.89
1618.76	341.499	2542.69
1376.1	-45.1257	3589.36
2767.18	583.795	4972.73
1677.31	150.752	6260.36
2272.42	4091.96	6360.7
-489.561	3636.92	2603.09
2891.33	2908.85	4583.92
1864.67	637.247	3242.07
219.448	1216.79	5395.7
2156.42	1552.46	6391.99
1770.5	3688.18	2498.36
2934.83	614.953	5360.85
878.874	3914.75	3601.74
2304.74	4219.67	3018.88
2659.12	1495.77	4838.69
766.802	2372.61	5422.92
1110.2	-599.192	3091.63
-1132.7	2530.42	2015.58
3488.46	345.942	3125.82
2457.2	2971.3	5754.05
877.876	718.718	6324.37
2252.15	411.202	5007.89
-888.211	1569.71	3993.18
1121.57	1874.38	6027.04
1768.25	3065.62	4615
976.762	1575.45	3400.79
-640.522	894.11	4135.23
2919.31	-4.29024	2893.33
-95.7131	-258.795	5966.49
1767.62	3304.87	4368.49
-804.501	-186.235	4619.34
1128.01	1703.35	6647.24
2772.75	2774.64	5837.97
1047.57	1085.48	4694.17
-1243.05	1298.07	6142.71
-1431.22	3313.2	4536.41
-688.57	2817.76	6324.58
2820.45	2023.33	5481.75
-1161.05	2024.1	4614.6
1080.18	2362.68	2879.44
695.994	71.1068	3617.42
3236.44	592.043	3256.09
-289.164	613.854	2607.74
