295.929	511.906
425.415	366.61
379.367	491
283.153	309.369
714.264	317.503
468.186	469.421
355.077	148.977
576.341	274.161
493.287	221.529
562.338	268.28
460.707	235.317
495.044	460.682
283.519	724.381
588.373	455.035
561.08	297.107
376.238	310.195
487.084	315.208
597.314	741.969
560.214	267.335
444.977	618.077
621.816	715.111
560.063	338.193
413.935	387.454
480.063	155.497
141.816	675.565
748.27	263.117
518.86	414.328
413.979	268.682
523.865	255.867
275.224	372.559
431.358	340.93
499.808	468.055
458.695	396.092
299.972	307.491
709.521	223.486
355.889	211.584
506.609	500.856
294.103	213.294
426.394	320.923
536.277	399.061
440.974	311.527
288.731	305.83
245.402	494.906
324.266	391.414
549.482	360.23
267.383	389.27
486.837	523.991
423.978	234.011
708.137	289.28
305.093	314.416
295.929	511.906
425.415	366.61
379.367	491
283.153	309.369
714.264	317.503
468.186	469.421
355.077	148.977
576.341	274.161
493.287	221.529
562.338	268.28
460.707	235.317
495.044	460.682
283.519	724.381
588.373	455.035
561.08	297.107
376.238	310.195
487.084	315.208
597.314	741.969
560.214	267.335
444.977	618.077
621.816	715.111
560.063	338.193
413.935	387.454
480.063	155.497
141.816	675.565
748.27	263.117
518.86	414.328
413.979	268.682
523.865	255.867
275.224	372.559
431.358	340.93
499.808	468.055
458.695	396.092
299.972	307.491
709.521	223.486
355.889	211.584
506.609	500.856
294.103	213.294
426.394	320.923
536.277	399.061
440.974	311.527
288.731	305.83
245.402	494.906
324.266	391.414
549.482	360.23
267.383	389.27
486.837	523.991
423.978	234.011
708.137	289.28
305.093	314.416
295.929	511.906
425.415	366.61
379.367	491
283.153	309.369
714.264	317.503
468.186	469.421
355.077	148.977
576.341	274.161
493.287	221.529
562.338	268.28
460.707	235.317
495.044	460.682
283.519	724.381
588.373	455.035
561.08	297.107
376.238	310.195
487.084	315.208
597.314	741.969
560.214	267.335
444.977	618.077
621.816	715.111
560.063	338.193
413.935	387.454
480.063	155.497
141.816	675.565
748.27	263.117
518.86	414.328
413.979	268.682
523.865	255.867
275.224	372.559
431.358	340.93
499.808	468.055
458.695	396.092
299.972	307.491
709.521	223.486
355.889	211.584
506.609	500.856
294.103	213.294
426.394	320.923
536.277	399.061
440.974	311.527
288.731	305.83
245.402	494.906
324.266	391.414
549.482	360.23
267.383	389.27
486.837	523.991
423.978	234.011
708.137	289.28
305.093	314.416
295.929	511.906
425.415	366.61
379.367	491
283.153	309.369
714.264	317.503
468.186	469.421
355.077	148.977
576.341	274.161
493.287	221.529
562.338	268.28
460.707	235.317
495.044	460.682
283.519	724.381
588.373	455.035
561.08	297.107
376.238	310.195
487.084	315.208
597.314	741.969
560.214	267.335
444.977	618.077
621.816	715.111
560.063	338.193
413.935	387.454
480.063	155.497
141.816	675.565
748.27	263.117
518.86	414.328
413.979	268.682
523.865	255.867
275.224	372.559
431.358	340.93
499.808	468.055
458.695	396.092
299.972	307.491
709.521	223.486
355.889	211.584
506.609	500.856
294.103	213.294
426.394	320.923
536.277	399.061
440.974	311.527
288.731	305.83
245.402	494.906
324.266	391.414
549.482	360.23
267.383	389.27
486.837	523.991
423.978	234.011
708.137	289.28
305.093	314.416
295.929	511.906
425.415	366.61
379.367	491
283.153	309.369
714.264	317.503
468.186	469.421
355.077	148.977
576.341	274.161
493.287	221.529
562.338	268.28
460.707	235.317
495.044	460.682
283.519	724.381
588.373	455.035
561.08	297.107
376.238	310.195
487.084	315.208
597.314	741.969
560.214	267.335
444.977	618.077
621.816	715.111
560.063	338.193
413.935	387.454
480.063	155.497
141.816	675.565
748.27	263.117
518.86	414.328
413.979	268.682
523.865	255.867
275.224	372.559
431.358	340.93
499.808	468.055
458.695	396.092
299.972	307.491
709.521	223.486
355.889	211.584
506.609	500.856
294.103	213.294
426.394	320.923
536.277	399.061
440.974	311.527
288.731	305.83
245.402	494.906
324.266	391.414
549.482	360.23
267.383	389.27
486.837	523.991
423.978	234.011
708.137	289.28
305.093	314.416
