9.58888e-07	1.66919e-06	5.42113e-06
-7.07917e-07	4.67019e-08	6.5988e-06
-459.339	-143.577	-8713.46
-8.37182e-07	9.23607e-08	5.30297e-06
1.13609e-06	3.85233e-07	5.81576e-06
-2.48719e-07	-3.63538e-07	3.90496e-06
1.44849e-06	4.05314e-07	1.88073e-05
-6.34917e-07	-9.35607e-07	4.42899e-06
8.36129e-07	4.99397e-07	3.67887e-06
-2.23953e-07	-2.04556e-07	4.10166e-06
-6.63241e-06	-7.47139e-08	4.31154e-05
-1.05863e-07	-1.05315e-06	7.77526e-06
7.28154e-07	-1.25995e-08	3.71239e-06
-4.14993e-07	2.93723e-07	2.84222e-06
-1.81331e-06	-5.09687e-06	2.33602e-05
-2.73805e-07	7.9036e-07	7.57691e-06
2.68835e-06	2.64661e-06	1.24177e-05
-220.158	65.4906	3049.12
4.44147e-07	7.05531e-07	4.29915e-06
7.83003e-07	3.17278e-07	2.27914e-06
-2.35268e-07	-7.98707e-07	2.18382e-05
386.811	-65.9998	1809.07
-3.47313e-07	-8.34554e-07	3.54186e-06
1.87355e-06	-4.17498e-06	2.59649e-05
7.88513e-07	-1.05233e-08	4.17446e-06
4.73684e-07	1.00809e-06	6.68618e-06
-8.08658e-07	-3.26505e-06	2.73602e-05
-1.04618e-06	1.25009e-06	4.75402e-06
-1.68561e-06	3.72093e-06	2.61618e-05
-8.1552e-08	1.82879e-06	6.84522e-06
210.34	332.437	1632.7
-4.26852e-07	2.42971e-07	1.23563e-05
-1.62236e-06	-2.49641e-06	1.39735e-05
-2.91618e-08	6.03382e-07	2.507e-06
2.61507e-08	-6.81423e-06	3.38116e-05
-1.36932e-05	2.62398e-05	0.000148751
1.80439e-06	-4.38132e-07	6.66566e-06
7.27845e-07	-2.93271e-07	2.9226e-06
1.4067e-05	-1.0152e-05	9.48578e-05
8.45251e-07	1.38394e-06	4.93432e-06
2.10848e-06	1.23163e-06	1.05522e-05
8.57481e-07	-1.27915e-07	3.03607e-06
-4.34947e-07	6.83628e-07	2.52899e-06
-169.925	-245.303	4364.24
3.16276e-06	2.93454e-06	2.58831e-05
-3.46356e-06	-7.32197e-07	3.64133e-05
-4.76978e-07	8.45981e-07	2.62546e-06
-5.25426e-07	-6.5403e-07	7.9547e-06
1.58514e-09	5.70398e-06	4.35923e-05
-3.76837e-07	1.3809e-07	4.78119e-06
9.58888e-07	1.66919e-06	5.42113e-06
-7.07917e-07	4.67019e-08	6.5988e-06
1.56995e-07	4.12947e-08	2.49311e-06
-8.37182e-07	9.23607e-08	5.30297e-06
1.13609e-06	3.85233e-07	5.81576e-06
-2.48719e-07	-3.63538e-07	3.90496e-06
1.44849e-06	4.05314e-07	1.88073e-05
-6.34917e-07	-9.35607e-07	4.42899e-06
8.36129e-07	4.99397e-07	3.67887e-06
-2.23953e-07	-2.04556e-07	4.10166e-06
-6.63241e-06	-7.47139e-08	4.31154e-05
-1.05863e-07	-1.05315e-06	7.77526e-06
7.28154e-07	-1.25995e-08	3.71239e-06
-4.14993e-07	2.93723e-07	2.84222e-06
-1.81331e-06	-5.09687e-06	2.33602e-05
-2.73805e-07	7.9036e-07	7.57691e-06
2.68835e-06	2.64661e-06	1.24177e-05
-124.84	37.1362	1728.99
4.44147e-07	7.05531e-07	4.29915e-06
7.83003e-07	3.17278e-07	2.27914e-06
-2.35268e-07	-7.98707e-07	2.18382e-05
224.661	-38.3328	1050.71
-3.47313e-07	-8.34554e-07	3.54186e-06
1.87355e-06	-4.17498e-06	2.59649e-05
7.88513e-07	-1.05233e-08	4.17446e-06
4.73684e-07	1.00809e-06	6.68618e-06
-8.08658e-07	-3.26505e-06	2.73602e-05
-1.04618e-06	1.25009e-06	4.75402e-06
-1.68561e-06	3.72093e-06	2.61618e-05
-8.1552e-08	1.82879e-06	6.84522e-06
121.794	192.493	945.39
-4.26852e-07	2.42971e-07	1.23563e-05
-1.62236e-06	-2.49641e-06	1.39735e-05
-2.91618e-08	6.03382e-07	2.507e-06
2.61507e-08	-6.81423e-06	3.38116e-05
-1.36932e-05	2.62398e-05	0.000148751
1.80439e-06	-4.38132e-07	6.66566e-06
7.27845e-07	-2.93271e-07	2.9226e-06
1.4067e-05	-1.0152e-05	9.48578e-05
8.45251e-07	1.38394e-06	4.93432e-06
2.10848e-06	1.23163e-06	1.05522e-05
8.57481e-07	-1.27915e-07	3.03607e-06
-4.34947e-07	6.83628e-07	2.52899e-06
-96.795	-139.732	2486.02
3.16276e-06	2.93454e-06	2.58831e-05
-3.46356e-06	-7.32197e-07	3.64133e-05
-4.76978e-07	8.45981e-07	2.62546e-06
-5.25426e-07	-6.5403e-07	7.9547e-06
1.58514e-09	5.70398e-06	4.35923e-05
-3.76837e-07	1.3809e-07	4.78119e-06
9.58888e-07	1.66919e-06	5.42113e-06
-7.07917e-07	4.67019e-08	6.5988e-06
1.56995e-07	4.12947e-08	2.49311e-06
-8.37182e-07	9.23607e-08	5.30297e-06
1.13609e-06	3.85233e-07	5.81576e-06
-2.48719e-07	-3.63538e-07	3.90496e-06
1.44849e-06	4.05314e-07	1.88073e-05
-6.34917e-07	-9.35607e-07	4.42899e-06
8.36129e-07	4.99397e-07	3.67887e-06
-2.23953e-07	-2.04556e-07	4.10166e-06
-6.63241e-06	-7.47139e-08	4.31154e-05
-1.05863e-07	-1.05315e-06	7.77526e-06
7.28154e-07	-1.25995e-08	3.71239e-06
-4.14993e-07	2.93723e-07	2.84222e-06
-1.81331e-06	-5.09687e-06	2.33602e-05
-2.73805e-07	7.9036e-07	7.57691e-06
2.68835e-06	2.64661e-06	1.24177e-05
-124.84	37.1362	1728.99
4.44147e-07	7.05531e-07	4.29915e-06
7.83003e-07	3.17278e-07	2.27914e-06
-2.35268e-07	-7.98707e-07	2.18382e-05
224.661	-38.3328	1050.71
-3.47313e-07	-8.34554e-07	3.54186e-06
1.87355e-06	-4.17498e-06	2.59649e-05
7.88513e-07	-1.05233e-08	4.17446e-06
4.73684e-07	1.00809e-06	6.68618e-06
-8.08658e-07	-3.26505e-06	2.73602e-05
-1.04618e-06	1.25009e-06	4.75402e-06
-1.68561e-06	3.72093e-06	2.61618e-05
-8.1552e-08	1.82879e-06	6.84522e-06
121.794	192.493	945.39
-4.26852e-07	2.42971e-07	1.23563e-05
-1.62236e-06	-2.49641e-06	1.39735e-05
-2.91618e-08	6.03382e-07	2.507e-06
2.61507e-08	-6.81423e-06	3.38116e-05
-1.36932e-05	2.62398e-05	0.000148751
1.80439e-06	-4.38132e-07	6.66566e-06
7.27845e-07	-2.93271e-07	2.9226e-06
1.4067e-05	-1.0152e-05	9.48578e-05
8.45251e-07	1.38394e-06	4.93432e-06
2.10848e-06	1.23163e-06	1.05522e-05
8.57481e-07	-1.27915e-07	3.03607e-06
-4.34947e-07	6.83628e-07	2.52899e-06
-96.795	-139.732	2486.02
3.16276e-06	2.93454e-06	2.58831e-05
-3.46356e-06	-7.32197e-07	3.64133e-05
-4.76978e-07	8.45981e-07	2.62546e-06
-5.25426e-07	-6.5403e-07	7.9547e-06
1.58514e-09	5.70398e-06	4.35923e-05
-3.76837e-07	1.3809e-07	4.78119e-06
9.58888e-07	1.66919e-06	5.42113e-06
-7.07917e-07	4.67019e-08	6.5988e-06
1.56995e-07	4.12947e-08	2.49311e-06
-8.37182e-07	9.23607e-08	5.30297e-06
1.13609e-06	3.85233e-07	5.81576e-06
-2.48719e-07	-3.63538e-07	3.90496e-06
1.44849e-06	4.05314e-07	1.88073e-05
-6.34917e-07	-9.35607e-07	4.42899e-06
8.36129e-07	4.99397e-07	3.67887e-06
-2.23953e-07	-2.04556e-07	4.10166e-06
-6.63241e-06	-7.47139e-08	4.31154e-05
-1.05863e-07	-1.05315e-06	7.77526e-06
7.28154e-07	-1.25995e-08	3.71239e-06
-4.14993e-07	2.93723e-07	2.84222e-06
-1.81331e-06	-5.09687e-06	2.33602e-05
-2.73805e-07	7.9036e-07	7.57691e-06
2.68835e-06	2.64661e-06	1.24177e-05
-69.8926	20.791	967.993
4.44147e-07	7.05531e-07	4.29915e-06
7.83003e-07	3.17278e-07	2.27914e-06
-2.35268e-07	-7.98707e-07	2.18382e-05
132.934	-22.682	621.717
-3.47313e-07	-8.34554e-07	3.54186e-06
1.87355e-06	-4.17498e-06	2.59649e-05
7.88513e-07	-1.05233e-08	4.17446e-06
4.73684e-07	1.00809e-06	6.68618e-06
-8.08658e-07	-3.26505e-06	2.73602e-05
-1.04618e-06	1.25009e-06	4.75402e-06
-1.68561e-06	3.72093e-06	2.61618e-05
-8.1552e-08	1.82879e-06	6.84522e-06
71.5624	113.103	555.481
-4.26852e-07	2.42971e-07	1.23563e-05
-1.62236e-06	-2.49641e-06	1.39735e-05
-2.91618e-08	6.03382e-07	2.507e-06
2.61507e-08	-6.81423e-06	3.38116e-05
-1.36932e-05	2.62398e-05	0.000148751
1.80439e-06	-4.38132e-07	6.66566e-06
7.27845e-07	-2.93271e-07	2.9226e-06
1.4067e-05	-1.0152e-05	9.48578e-05
8.45251e-07	1.38394e-06	4.93432e-06
2.10848e-06	1.23163e-06	1.05522e-05
8.57481e-07	-1.27915e-07	3.03607e-06
-4.34947e-07	6.83628e-07	2.52899e-06
-54.587	-78.8013	1401.98
3.16276e-06	2.93454e-06	2.58831e-05
-3.46356e-06	-7.32197e-07	3.64133e-05
-4.76978e-07	8.45981e-07	2.62546e-06
-5.25426e-07	-6.5403e-07	7.9547e-06
1.58514e-09	5.70398e-06	4.35923e-05
-3.76837e-07	1.3809e-07	4.78119e-06
9.58888e-07	1.66919e-06	5.42113e-06
-7.07917e-07	4.67019e-08	6.5988e-06
1.56995e-07	4.12947e-08	2.49311e-06
-8.37182e-07	9.23607e-08	5.30297e-06
1.13609e-06	3.85233e-07	5.81576e-06
-2.48719e-07	-3.63538e-07	3.90496e-06
1.44849e-06	4.05314e-07	1.88073e-05
-6.34917e-07	-9.35607e-07	4.42899e-06
8.36129e-07	4.99397e-07	3.67887e-06
-2.23953e-07	-2.04556e-07	4.10166e-06
-6.63241e-06	-7.47139e-08	4.31154e-05
-1.05863e-07	-1.05315e-06	7.77526e-06
7.28154e-07	-1.25995e-08	3.71239e-06
-4.14993e-07	2.93723e-07	2.84222e-06
-1.81331e-06	-5.09687e-06	2.33602e-05
-2.73805e-07	7.9036e-07	7.57691e-06
2.68835e-06	2.64661e-06	1.24177e-05
-69.8926	20.791	967.993
4.44147e-07	7.05531e-07	4.29915e-06
7.83003e-07	3.17278e-07	2.27914e-06
-2.35268e-07	-7.98707e-07	2.18382e-05
132.934	-22.682	621.717
-3.47313e-07	-8.34554e-07	3.54186e-06
1.87355e-06	-4.17498e-06	2.59649e-05
7.88513e-07	-1.05233e-08	4.17446e-06
4.73684e-07	1.00809e-06	6.68618e-06
-8.08658e-07	-3.26505e-06	2.73602e-05
-1.04618e-06	1.25009e-06	4.75402e-06
-1.68561e-06	3.72093e-06	2.61618e-05
-8.1552e-08	1.82879e-06	6.84522e-06
71.5624	113.103	555.481
-4.26852e-07	2.42971e-07	1.23563e-05
-1.62236e-06	-2.49641e-06	1.39735e-05
-2.91618e-08	6.03382e-07	2.507e-06
2.61507e-08	-6.81423e-06	3.38116e-05
-1.36932e-05	2.62398e-05	0.000148751
1.80439e-06	-4.38132e-07	6.66566e-06
7.27845e-07	-2.93271e-07	2.9226e-06
1.4067e-05	-1.0152e-05	9.48578e-05
8.45251e-07	1.38394e-06	4.93432e-06
2.10848e-06	1.23163e-06	1.05522e-05
8.57481e-07	-1.27915e-07	3.03607e-06
-4.34947e-07	6.83628e-07	2.52899e-06
-54.587	-78.8013	1401.98
3.16276e-06	2.93454e-06	2.58831e-05
-3.46356e-06	-7.32197e-07	3.64133e-05
-4.76978e-07	8.45981e-07	2.62546e-06
-5.25426e-07	-6.5403e-07	7.9547e-06
1.58514e-09	5.70398e-06	4.35923e-05
-3.76837e-07	1.3809e-07	4.78119e-06
