43.0437	74.9435	243.35
-25.1655	1.66152	234.578
7.57857	1.99326	120.349
-32.8635	3.62727	208.168
43.2368	14.6608	221.333
-10.244	-14.9716	160.834
28.3751	7.9365	368.425
-23.9375	-35.2663	166.981
38.251	22.8511	168.3
-9.23102	-8.43058	169.065
-70.1232	-0.785792	455.851
-3.16964	-31.5322	232.799
31.3563	-0.545638	159.865
-20.2196	14.3108	138.481
-25.0537	-70.4106	322.757
-9.67224	27.9181	267.657
80.7149	79.4755	372.829
-45.4961	13.4674	627.166
19.7214	31.3311	190.895
40.0276	16.2255	116.512
-3.96551	-13.463	368.09
124.888	-21.3807	585.46
-14.0407	-33.7342	143.185
24.5617	-54.7399	340.391
32.7066	-0.439727	173.152
18.0087	38.3275	254.199
-10.671	-43.0826	361.043
-48.9756	58.5078	222.554
-30.3701	67.0327	471.364
-3.34544	75.0193	280.808
112.739	178.788	878.071
-11.0365	6.28151	319.48
-33.7426	-51.9102	290.629
-1.51273	31.3015	130.045
0.268869	-70.0603	347.637
-60.7535	116.401	659.976
60.2425	-14.6393	222.544
32.5043	-13.1053	130.518
62.6872	-45.2557	422.718
38.3212	62.7559	223.708
63.357	37.0118	317.08
38.6658	-5.77407	136.903
-22.9738	36.1053	133.581
-25.9957	-36.7906	654.543
54.1303	50.2243	442.987
-40.6005	-8.57984	426.843
-25.5327	45.2797	140.542
-16.1369	-20.084	244.305
0.0188689	67.7456	517.784
-15.3089	5.61038	194.234
43.0437	74.9435	243.35
-25.1655	1.66152	234.578
7.57857	1.99326	120.349
-32.8635	3.62727	208.168
43.2368	14.6608	221.333
-10.244	-14.9716	160.834
28.3751	7.9365	368.425
-23.9375	-35.2663	166.981
38.251	22.8511	168.3
-9.23102	-8.43058	169.065
-70.1232	-0.785792	455.851
-3.16964	-31.5322	232.799
31.3563	-0.545638	159.865
-20.2196	14.3108	138.481
-25.0537	-70.4106	322.757
-9.67224	27.9181	267.657
80.7149	79.4755	372.829
-45.4961	13.4674	627.166
19.7214	31.3311	190.895
40.0276	16.2255	116.512
-3.96551	-13.463	368.09
124.888	-21.3807	585.46
-14.0407	-33.7342	143.185
24.5617	-54.7399	340.391
32.7066	-0.439727	173.152
18.0087	38.3275	254.199
-10.671	-43.0826	361.043
-48.9756	58.5078	222.554
-30.3701	67.0327	471.364
-3.34544	75.0193	280.808
112.739	178.788	878.071
-11.0365	6.28151	319.48
-33.7426	-51.9102	290.629
-1.51273	31.3015	130.045
0.268869	-70.0603	347.637
-60.7535	116.401	659.976
60.2425	-14.6393	222.544
32.5043	-13.1053	130.518
62.6872	-45.2557	422.718
38.3212	62.7559	223.708
63.357	37.0118	317.08
38.6658	-5.77407	136.903
-22.9738	36.1053	133.581
-25.9957	-36.7906	654.543
54.1303	50.2243	442.987
-40.6005	-8.57984	426.843
-25.5327	45.2797	140.542
-16.1369	-20.084	244.305
0.0188689	67.7456	517.784
-15.3089	5.61038	194.234
43.0437	74.9435	243.35
-25.1655	1.66152	234.578
7.57857	1.99326	120.349
-32.8635	3.62727	208.168
43.2368	14.6608	221.333
-10.244	-14.9716	160.834
28.3751	7.9365	368.425
-23.9375	-35.2663	166.981
38.251	22.8511	168.3
-9.23102	-8.43058	169.065
-70.1232	-0.785792	455.851
-3.16964	-31.5322	232.799
31.3563	-0.545638	159.865
-20.2196	14.3108	138.481
-25.0537	-70.4106	322.757
-9.67224	27.9181	267.657
80.7149	79.4755	372.829
-45.4961	13.4674	627.166
19.7214	31.3311	190.895
40.0276	16.2255	116.512
-3.96551	-13.463	368.09
124.888	-21.3807	585.46
-14.0407	-33.7342	143.185
24.5617	-54.7399	340.391
32.7066	-0.439727	173.152
18.0087	38.3275	254.199
-10.671	-43.0826	361.043
-48.9756	58.5078	222.554
-30.3701	67.0327	471.364
-3.34544	75.0193	280.808
112.739	178.788	878.071
-11.0365	6.28151	319.48
-33.7426	-51.9102	290.629
-1.51273	31.3015	130.045
0.268869	-70.0603	347.637
-60.7535	116.401	659.976
60.2425	-14.6393	222.544
32.5043	-13.1053	130.518
62.6872	-45.2557	422.718
38.3212	62.7559	223.708
63.357	37.0118	317.08
38.6658	-5.77407	136.903
-22.9738	36.1053	133.581
-25.9957	-36.7906	654.543
54.1303	50.2243	442.987
-40.6005	-8.57984	426.843
-25.5327	45.2797	140.542
-16.1369	-20.084	244.305
0.0188689	67.7456	517.784
-15.3089	5.61038	194.234
43.0437	74.9435	243.35
-25.1655	1.66152	234.578
7.57857	1.99326	120.349
-32.8635	3.62727	208.168
43.2368	14.6608	221.333
-10.244	-14.9716	160.834
28.3751	7.9365	368.425
-23.9375	-35.2663	166.981
38.251	22.8511	168.3
-9.23102	-8.43058	169.065
-70.1232	-0.785792	455.851
-3.16964	-31.5322	232.799
31.3563	-0.545638	159.865
-20.2196	14.3108	138.481
-25.0537	-70.4106	322.757
-9.67224	27.9181	267.657
80.7149	79.4755	372.829
-45.4961	13.4674	627.166
19.7214	31.3311	190.895
40.0276	16.2255	116.512
-3.96551	-13.463	368.09
124.888	-21.3807	585.46
-14.0407	-33.7342	143.185
24.5617	-54.7399	340.391
32.7066	-0.439727	173.152
18.0087	38.3275	254.199
-10.671	-43.0826	361.043
-48.9756	58.5078	222.554
-30.3701	67.0327	471.364
-3.34544	75.0193	280.808
112.739	178.788	878.071
-11.0365	6.28151	319.48
-33.7426	-51.9102	290.629
-1.51273	31.3015	130.045
0.268869	-70.0603	347.637
-60.7535	116.401	659.976
60.2425	-14.6393	222.544
32.5043	-13.1053	130.518
62.6872	-45.2557	422.718
38.3212	62.7559	223.708
63.357	37.0118	317.08
38.6658	-5.77407	136.903
-22.9738	36.1053	133.581
-25.9957	-36.7906	654.543
54.1303	50.2243	442.987
-40.6005	-8.57984	426.843
-25.5327	45.2797	140.542
-16.1369	-20.084	244.305
0.0188689	67.7456	517.784
-15.3089	5.61038	194.234
43.0437	74.9435	243.35
-25.1655	1.66152	234.578
7.57857	1.99326	120.349
-32.8635	3.62727	208.168
43.2368	14.6608	221.333
-10.244	-14.9716	160.834
28.3751	7.9365	368.425
-23.9375	-35.2663	166.981
38.251	22.8511	168.3
-9.23102	-8.43058	169.065
-70.1232	-0.785792	455.851
-3.16964	-31.5322	232.799
31.3563	-0.545638	159.865
-20.2196	14.3108	138.481
-25.0537	-70.4106	322.757
-9.67224	27.9181	267.657
80.7149	79.4755	372.829
-45.4961	13.4674	627.166
19.7214	31.3311	190.895
40.0276	16.2255	116.512
-3.96551	-13.463	368.09
124.888	-21.3807	585.46
-14.0407	-33.7342	143.185
24.5617	-54.7399	340.391
32.7066	-0.439727	173.152
18.0087	38.3275	254.199
-10.671	-43.0826	361.043
-48.9756	58.5078	222.554
-30.3701	67.0327	471.364
-3.34544	75.0193	280.808
112.739	178.788	878.071
-11.0365	6.28151	319.48
-33.7426	-51.9102	290.629
-1.51273	31.3015	130.045
0.268869	-70.0603	347.637
-60.7535	116.401	659.976
60.2425	-14.6393	222.544
32.5043	-13.1053	130.518
62.6872	-45.2557	422.718
38.3212	62.7559	223.708
63.357	37.0118	317.08
38.6658	-5.77407	136.903
-22.9738	36.1053	133.581
-25.9957	-36.7906	654.543
54.1303	50.2243	442.987
-40.6005	-8.57984	426.843
-25.5327	45.2797	140.542
-16.1369	-20.084	244.305
0.0188689	67.7456	517.784
-15.3089	5.61038	194.234
