2.33443e-07	4.12368e-07	1.32806e-06
-1.38753e-07	9.17639e-09	1.27241e-06
0.0665029	0.0193938	1.14732
-1.8029e-07	2.01653e-08	1.12376e-06
7.18015e-07	1.96322e-07	2.69111e-07
-0.0605219	-0.0844098	0.900545
1.34643e-07	3.99586e-08	1.7777e-06
-0.120661	-0.173645	0.814305
0.263958	0.159539	1.13704
-0.0516221	-0.044849	0.895018
-3.21618e-07	-2.90926e-09	2.04923e-06
-1.03876e-08	-1.64243e-07	1.20563e-06
0.232505	-0.00454704	1.16875
-0.119829	0.0826086	0.769336
-1.15391e-07	-3.24585e-07	1.48593e-06
-5.92932e-08	1.60542e-07	1.53177e-06
3.9233e-07	3.91316e-07	1.81383e-06
-2.19128e-07	5.80365e-08	2.84921e-06
0.105016	0.168662	1.00931
0.427656	0.178368	1.17561
-3.28832e-08	-7.57058e-08	2.13452e-06
5.11286e-07	-9.36904e-08	2.39567e-06
-0.0936086	-0.21591	0.911228
1.19688e-07	-2.63291e-07	1.6257e-06
0.221563	-0.00344823	1.15506
1.03041e-07	2.14047e-07	1.41904e-06
-5.74068e-08	-2.12293e-07	1.77715e-06
-2.68599e-07	3.18497e-07	1.18965e-06
-1.59546e-07	3.15641e-07	2.22209e-06
-2.40834e-08	4.11222e-07	1.52082e-06
3.25114e-07	5.68533e-07	2.71637e-06
-7.2734e-08	3.66761e-08	1.95685e-06
-1.64727e-07	-2.53203e-07	1.41409e-06
-0.0158171	0.22744	0.924726
1.04711e-09	-3.22355e-07	1.59394e-06
-2.38568e-07	4.24414e-07	2.39892e-06
1.00869e-06	-1.31946e-07	-8.06221e-07
0.309014	-0.128665	1.21001
2.86194e-07	-2.09466e-07	1.915e-06
2.1334e-07	3.50644e-07	1.24442e-06
3.39434e-07	1.8643e-07	1.63005e-06
0.353896	-0.0546679	1.20986
-0.127008	0.192793	0.679303
-1.30888e-07	-1.52347e-07	2.84763e-06
2.59279e-07	2.63094e-07	2.23883e-06
-2.11396e-07	-4.20214e-08	2.1555e-06
-0.125205	0.214585	0.627264
-8.40402e-08	-1.0732e-07	1.28566e-06
-2.4788e-08	3.22788e-07	2.45974e-06
-7.47395e-08	2.80007e-08	9.19503e-07
0.185399	0.321516	1.02138
-0.0843032	0.00622733	0.760028
0.0665029	0.0193938	1.14732
-0.114096	0.0133141	0.685439
0.222553	0.0751673	1.11293
-0.0605219	-0.0844098	0.900545
0.0774466	0.0207438	0.954837
-0.120661	-0.173644	0.814305
0.263958	0.159539	1.13704
-0.0516221	-0.044849	0.895018
-0.0949862	-9.14781e-05	0.581789
-0.0121201	-0.125152	0.916811
0.232505	-0.00454704	1.16875
-0.119829	0.0826086	0.769335
-0.062292	-0.179295	0.813671
-0.0293608	0.0870392	0.811941
0.235323	0.228286	1.04951
-0.0516626	0.0166067	0.720531
0.105016	0.168662	1.00931
0.427656	0.178368	1.17561
-0.00689435	-0.0313792	0.852796
0.241887	-0.041241	1.08935
-0.0936086	-0.21591	0.911228
0.0749854	-0.161028	0.990713
0.221563	-0.00344823	1.15506
0.068773	0.144278	0.941731
-0.0229597	-0.101869	0.845534
-0.112392	0.131258	0.434358
-0.0447931	0.103062	0.69369
-0.00890354	0.217042	0.789682
0.125148	0.189974	0.918806
-0.0283187	0.0174062	0.845575
-0.0889688	-0.137298	0.757143
-0.0158171	0.227439	0.924726
0.00333764	-0.184481	0.908861
-0.0574974	0.113234	0.601077
0.330601	-0.0814403	1.1788
0.309014	-0.128665	1.21001
0.162584	-0.11506	1.05497
0.180454	0.295369	1.03
0.220958	0.127325	1.07131
0.353896	-0.0546679	1.20986
-0.127008	0.192793	0.679303
-0.0283587	-0.044485	0.782148
0.123758	0.111151	0.967848
-0.06894	-0.014204	0.717345
-0.125205	0.214584	0.627264
-0.0555871	-0.0691366	0.833566
0.00300762	0.106157	0.790515
-0.0680024	0.0250164	0.828096
0.185399	0.321516	1.02138
-0.0843032	0.00622733	0.760028
0.0665029	0.0193938	1.14732
-0.114096	0.0133141	0.685439
0.222553	0.0751673	1.11293
-0.0605219	-0.0844098	0.900545
0.0774466	0.0207438	0.954837
-0.120661	-0.173644	0.814305
0.263958	0.159539	1.13704
-0.0516221	-0.044849	0.895018
-0.0949862	-9.14781e-05	0.581789
-0.0121201	-0.125152	0.916811
0.232505	-0.00454704	1.16875
-0.119829	0.0826086	0.769335
-0.062292	-0.179295	0.813671
-0.0293608	0.0870392	0.811941
0.235323	0.228286	1.04951
-0.0516626	0.0166067	0.720531
0.105016	0.168662	1.00931
0.427656	0.178368	1.17561
-0.00689435	-0.0313792	0.852796
0.241887	-0.041241	1.08935
-0.0936086	-0.21591	0.911228
0.0749854	-0.161028	0.990713
0.221563	-0.00344823	1.15506
0.068773	0.144278	0.941731
-0.0229597	-0.101869	0.845534
-0.112392	0.131258	0.434358
-0.0447931	0.103062	0.69369
-0.00890354	0.217042	0.789682
0.125148	0.189974	0.918806
-0.0283187	0.0174062	0.845575
-0.0889688	-0.137298	0.757143
-0.0158171	0.227439	0.924726
0.00333764	-0.184481	0.908861
-0.0574974	0.113234	0.601077
0.330601	-0.0814403	1.1788
0.309014	-0.128665	1.21001
0.162584	-0.11506	1.05497
0.180454	0.295369	1.03
0.220958	0.127325	1.07131
0.353896	-0.0546679	1.20986
-0.127008	0.192793	0.679303
-0.0283587	-0.044485	0.782148
0.123758	0.111151	0.967848
-0.06894	-0.014204	0.717345
-0.125205	0.214584	0.627264
-0.0555871	-0.0691366	0.833566
0.00300762	0.106157	0.790515
-0.0680024	0.0250164	0.828096
0.185399	0.321516	1.02138
-0.0843032	0.00622733	0.760028
0.0665029	0.0193938	1.14732
-0.114096	0.0133141	0.685439
0.222553	0.0751673	1.11293
-0.0605219	-0.0844098	0.900545
0.0774466	0.0207438	0.954837
-0.120661	-0.173644	0.814305
0.263958	0.159539	1.13704
-0.0516221	-0.044849	0.895018
-0.0949862	-9.14783e-05	0.581789
-0.0121201	-0.125152	0.916811
0.232505	-0.00454704	1.16875
-0.119829	0.0826086	0.769336
-0.062292	-0.179295	0.813671
-0.0293608	0.0870393	0.811941
0.235323	0.228286	1.04951
-0.0516626	0.0166067	0.720531
0.105016	0.168662	1.00931
0.427656	0.178368	1.17561
-0.00689435	-0.0313792	0.852796
0.241887	-0.041241	1.08935
-0.0936086	-0.21591	0.911228
0.0749854	-0.161028	0.990713
0.221563	-0.00344823	1.15506
0.068773	0.144278	0.941731
-0.0229597	-0.101869	0.845534
-0.112392	0.131258	0.434358
-0.0447931	0.103062	0.69369
-0.00890354	0.217042	0.789682
0.125148	0.189974	0.918807
-0.0283187	0.0174062	0.845575
-0.0889688	-0.137298	0.757143
-0.0158171	0.22744	0.924726
0.00333764	-0.184481	0.908861
-0.0574974	0.113234	0.601077
0.330602	-0.0814403	1.1788
0.309014	-0.128665	1.21001
0.162584	-0.11506	1.05497
0.180454	0.295369	1.03
0.220958	0.127325	1.07131
0.353896	-0.0546679	1.20986
-0.127008	0.192793	0.679303
-0.0283587	-0.044485	0.782148
0.123758	0.111151	0.967848
-0.06894	-0.014204	0.717345
-0.125205	0.214584	0.627264
-0.0555871	-0.0691366	0.833566
0.00300762	0.106157	0.790515
-0.0680024	0.0250164	0.828096
0.185399	0.321516	1.02138
-0.0843032	0.00622733	0.760028
0.0665029	0.0193938	1.14732
-0.114096	0.0133141	0.685439
0.222553	0.0751673	1.11293
-0.0605219	-0.0844098	0.900545
0.0774466	0.0207438	0.954837
-0.120661	-0.173644	0.814305
0.263958	0.159539	1.13704
-0.0516221	-0.044849	0.895018
-0.0949862	-9.14781e-05	0.581789
-0.0121201	-0.125152	0.916811
0.232505	-0.00454704	1.16875
-0.119829	0.0826086	0.769336
-0.062292	-0.179295	0.813671
-0.0293608	0.0870393	0.811941
0.235323	0.228286	1.04951
-0.0516626	0.0166067	0.720531
0.105016	0.168662	1.00931
0.427656	0.178368	1.17561
-0.00689435	-0.0313792	0.852796
0.241887	-0.041241	1.08935
-0.0936086	-0.21591	0.911228
0.0749854	-0.161028	0.990713
0.221563	-0.00344823	1.15506
0.068773	0.144278	0.941731
-0.0229597	-0.101869	0.845534
-0.112392	0.131258	0.434358
-0.0447931	0.103062	0.69369
-0.00890354	0.217042	0.789682
0.125148	0.189974	0.918807
-0.0283187	0.0174062	0.845575
-0.0889688	-0.137298	0.757143
-0.0158171	0.227439	0.924726
0.00333764	-0.184481	0.908861
-0.0574974	0.113234	0.601077
0.330601	-0.0814403	1.1788
0.309014	-0.128665	1.21001
0.162584	-0.11506	1.05497
0.180454	0.295369	1.03
0.220958	0.127325	1.07131
0.353896	-0.0546679	1.20986
-0.127008	0.192793	0.679303
-0.0283587	-0.044485	0.782148
0.123758	0.111151	0.967848
-0.06894	-0.014204	0.717345
-0.125205	0.214584	0.627264
-0.0555871	-0.0691366	0.833566
0.00300762	0.106157	0.790515
-0.0680024	0.0250164	0.828096
