608.915	3265.8	3841.04
698.219	432.87	2735.04
2336.15	1180.04	3260.88
1515.77	161.204	3688.18
2709.23	1511.43	5135.71
1629.36	598.704	2865.13
35.6227	-422.457	5401.71
22.5784	1615.66	3844.97
520.86	1769.61	3559.26
475.478	-258.686	2867.87
1207.14	2589.83	5724.7
-355.586	1333.04	4215.29
2498.43	-275.248	4680.7
274.381	1783.52	4210.04
2362.44	1722.51	1974.92
-411.411	2749.67	5578.08
572.405	2785.67	4712.89
-877.8	2851.79	1959.63
1325.86	3024.48	5787
857.597	1327.98	2951.48
-200.163	123.587	3650.12
2746.79	3193.03	3179.88
2780.88	2336.51	3393.22
457.106	222.178	5388.51
1904.42	2322.83	5797.23
2170.9	3213.8	5396.4
675.283	158.383	2899.68
-727.773	2045.74	4808.62
843.836	2700.24	5532.37
-160.894	973.13	4903.66
159.603	609.026	1606.77
2355.06	3282.92	4442.76
-886.331	1858.03	5203.64
-1098.2	2105.28	3506.11
-88.5677	1892.01	2690.66
-349.991	808.79	2493.39
2786.24	2047.66	3983.11
-13.6279	2042.75	2360.69
2613.24	2917.07	3968.57
36.7082	-35.2674	3616.89
-518.691	776.577	3559.8
918.052	2924.78	2644.93
309.841	452.543	2086.9
1967.17	2075.75	4241.11
59.129	1841.18	4298.46
597.99	817.345	4366.06
-847.105	1093.94	2875.57
-800.807	1815.05	1678.22
1896.28	-545.545	4977.86
2354.49	2337.47	4581.97
608.915	3265.8	3841.04
698.219	432.87	2735.04
2336.15	1180.04	3260.88
1515.77	161.204	3688.18
2709.23	1511.43	5135.71
1629.36	598.704	2865.13
35.6227	-422.457	5401.71
22.5784	1615.66	3844.97
520.86	1769.61	3559.26
475.478	-258.686	2867.87
1207.14	2589.83	5724.7
-355.586	1333.04	4215.29
2498.43	-275.248	4680.7
274.381	1783.52	4210.04
2362.44	1722.51	1974.92
-411.411	2749.67	5578.08
572.405	2785.67	4712.89
-877.8	2851.79	1959.63
1325.86	3024.48	5787
857.597	1327.98	2951.48
-200.163	123.587	3650.12
2746.79	3193.03	3179.88
2780.88	2336.51	3393.22
457.106	222.178	5388.51
1904.42	2322.83	5797.23
2170.9	3213.8	5396.4
675.283	158.383	2899.68
-727.773	2045.74	4808.62
843.836	2700.24	5532.37
-160.894	973.13	4903.66
159.603	609.026	1606.77
2355.06	3282.92	4442.76
-886.331	1858.03	5203.64
-1098.2	2105.28	3506.11
-88.5677	1892.01	2690.66
-349.991	808.79	2493.39
2786.24	2047.66	3983.11
-13.6279	2042.75	2360.69
2613.24	2917.07	3968.57
36.7082	-35.2674	3616.89
-518.691	776.577	3559.8
918.052	2924.78	2644.93
309.841	452.543	2086.9
1967.17	2075.75	4241.11
59.129	1841.18	4298.46
597.99	817.345	4366.06
-847.105	1093.94	2875.57
-800.807	1815.05	1678.22
1896.28	-545.545	4977.86
2354.49	2337.47	4581.97
608.915	3265.8	3841.04
698.219	432.87	2735.04
2336.15	1180.04	3260.88
1515.77	161.204	3688.18
2709.23	1511.43	5135.71
1629.36	598.704	2865.13
35.6227	-422.457	5401.71
22.5784	1615.66	3844.97
520.86	1769.61	3559.26
475.478	-258.686	2867.87
1207.14	2589.83	5724.7
-355.586	1333.04	4215.29
2498.43	-275.248	4680.7
274.381	1783.52	4210.04
2362.44	1722.51	1974.92
-411.411	2749.67	5578.08
572.405	2785.67	4712.89
-877.8	2851.79	1959.63
1325.86	3024.48	5787
857.597	1327.98	2951.48
-200.163	123.587	3650.12
2746.79	3193.03	3179.88
2780.88	2336.51	3393.22
457.106	222.178	5388.51
1904.42	2322.83	5797.23
2170.9	3213.8	5396.4
675.283	158.383	2899.68
-727.773	2045.74	4808.62
843.836	2700.24	5532.37
-160.894	973.13	4903.66
159.603	609.026	1606.77
2355.06	3282.92	4442.76
-886.331	1858.03	5203.64
-1098.2	2105.28	3506.11
-88.5677	1892.01	2690.66
-349.991	808.79	2493.39
2786.24	2047.66	3983.11
-13.6279	2042.75	2360.69
2613.24	2917.07	3968.57
36.7082	-35.2674	3616.89
-518.691	776.577	3559.8
918.052	2924.78	2644.93
309.841	452.543	2086.9
1967.17	2075.75	4241.11
59.129	1841.18	4298.46
597.99	817.345	4366.06
-847.105	1093.94	2875.57
-800.807	1815.05	1678.22
1896.28	-545.545	4977.86
2354.49	2337.47	4581.97
608.915	3265.8	3841.04
698.219	432.87	2735.04
2336.15	1180.04	3260.88
1515.77	161.204	3688.18
2709.23	1511.43	5135.71
1629.36	598.704	2865.13
35.6227	-422.457	5401.71
22.5784	1615.66	3844.97
520.86	1769.61	3559.26
475.478	-258.686	2867.87
1207.14	2589.83	5724.7
-355.586	1333.04	4215.29
2498.43	-275.248	4680.7
274.381	1783.52	4210.04
2362.44	1722.51	1974.92
-411.411	2749.67	5578.08
572.405	2785.67	4712.89
-877.8	2851.79	1959.63
1325.86	3024.48	5787
857.597	1327.98	2951.48
-200.163	123.587	3650.12
2746.79	3193.03	3179.88
2780.88	2336.51	3393.22
457.106	222.178	5388.51
1904.42	2322.83	5797.23
2170.9	3213.8	5396.4
675.283	158.383	2899.68
-727.773	2045.74	4808.62
843.836	2700.24	5532.37
-160.894	973.13	4903.66
159.603	609.026	1606.77
2355.06	3282.92	4442.76
-886.331	1858.03	5203.64
-1098.2	2105.28	3506.11
-88.5677	1892.01	2690.66
-349.991	808.79	2493.39
2786.24	2047.66	3983.11
-13.6279	2042.75	2360.69
2613.24	2917.07	3968.57
36.7082	-35.2674	3616.89
-518.691	776.577	3559.8
918.052	2924.78	2644.93
309.841	452.543	2086.9
1967.17	2075.75	4241.11
59.129	1841.18	4298.46
597.99	817.345	4366.06
-847.105	1093.94	2875.57
-800.807	1815.05	1678.22
1896.28	-545.545	4977.86
2354.49	2337.47	4581.97
608.915	3265.8	3841.04
698.219	432.87	2735.04
2336.15	1180.04	3260.88
1515.77	161.204	3688.18
2709.23	1511.43	5135.71
1629.36	598.704	2865.13
35.6227	-422.457	5401.71
22.5784	1615.66	3844.97
520.86	1769.61	3559.26
475.478	-258.686	2867.87
1207.14	2589.83	5724.7
-355.586	1333.04	4215.29
2498.43	-275.248	4680.7
274.381	1783.52	4210.04
2362.44	1722.51	1974.92
-411.411	2749.67	5578.08
572.405	2785.67	4712.89
-877.8	2851.79	1959.63
1325.86	3024.48	5787
857.597	1327.98	2951.48
-200.163	123.587	3650.12
2746.79	3193.03	3179.88
2780.88	2336.51	3393.22
457.106	222.178	5388.51
1904.42	2322.83	5797.23
2170.9	3213.8	5396.4
675.283	158.383	2899.68
-727.773	2045.74	4808.62
843.836	2700.24	5532.37
-160.894	973.13	4903.66
159.603	609.026	1606.77
2355.06	3282.92	4442.76
-886.331	1858.03	5203.64
-1098.2	2105.28	3506.11
-88.5677	1892.01	2690.66
-349.991	808.79	2493.39
2786.24	2047.66	3983.11
-13.6279	2042.75	2360.69
2613.24	2917.07	3968.57
36.7082	-35.2674	3616.89
-518.691	776.577	3559.8
918.052	2924.78	2644.93
309.841	452.543	2086.9
1967.17	2075.75	4241.11
59.129	1841.18	4298.46
597.99	817.345	4366.06
-847.105	1093.94	2875.57
-800.807	1815.05	1678.22
1896.28	-545.545	4977.86
2354.49	2337.47	4581.97
