609.094	3266.76	3842.17
697.717	432.559	2733.07
2335.15	1179.53	3259.49
1514.86	161.107	3685.96
2709.4	1511.52	5136.03
1628.28	598.31	2863.25
35.6095	-422.301	5399.71
22.575	1615.42	3844.41
520.769	1769.3	3558.64
475.061	-258.459	2865.36
1207.75	2591.14	5727.59
-355.536	1332.85	4214.7
2497.14	-275.106	4678.28
274.374	1783.48	4209.93
2361.13	1721.55	1973.82
-411.633	2751.16	5581.09
572.605	2786.65	4714.54
-877.622	2851.22	1959.23
1326.71	3026.4	5790.67
857.228	1327.41	2950.21
-200.044	123.514	3647.95
2747.07	3193.36	3180.21
2780.64	2336.31	3392.92
457.013	222.132	5387.4
1905.26	2323.85	5799.77
2172.19	3215.71	5399.6
674.77	158.263	2897.48
-727.91	2046.12	4809.53
844.256	2701.58	5535.12
-160.878	973.038	4903.19
159.459	608.474	1605.31
2356.01	3284.26	4444.57
-886.528	1858.44	5204.8
-1098.13	2105.13	3505.86
-88.5395	1891.41	2689.8
-349.762	808.261	2491.76
2786.13	2047.57	3982.95
-13.6231	2042.04	2359.87
2613.75	2917.64	3969.35
36.6844	-35.2446	3614.55
-518.467	776.242	3558.26
917.996	2924.61	2644.77
309.578	452.159	2085.14
1967.24	2075.83	4241.27
59.1295	1841.2	4298.5
597.833	817.131	4364.92
-846.693	1093.41	2874.17
-800.368	1814.06	1677.3
1895.29	-545.259	4975.26
2354.9	2337.86	4582.75
609.094	3266.76	3842.17
697.717	432.559	2733.07
2335.15	1179.53	3259.49
1514.86	161.107	3685.96
2709.4	1511.52	5136.03
1628.28	598.31	2863.25
35.6095	-422.301	5399.71
22.575	1615.42	3844.41
520.769	1769.3	3558.64
475.061	-258.459	2865.36
1207.75	2591.14	5727.59
-355.536	1332.85	4214.7
2497.14	-275.106	4678.28
274.374	1783.48	4209.93
2361.13	1721.55	1973.82
-411.633	2751.16	5581.09
572.605	2786.65	4714.54
-877.622	2851.22	1959.23
1326.71	3026.4	5790.67
857.228	1327.41	2950.21
-200.044	123.514	3647.95
2747.07	3193.36	3180.21
2780.64	2336.31	3392.92
457.013	222.132	5387.4
1905.26	2323.85	5799.77
2172.19	3215.71	5399.6
674.77	158.263	2897.48
-727.91	2046.12	4809.53
844.256	2701.58	5535.12
-160.878	973.038	4903.19
159.459	608.474	1605.31
2356.01	3284.26	4444.57
-886.528	1858.44	5204.8
-1098.13	2105.13	3505.86
-88.5395	1891.41	2689.8
-349.762	808.261	2491.76
2786.13	2047.57	3982.95
-13.6231	2042.04	2359.87
2613.75	2917.64	3969.35
36.6844	-35.2446	3614.55
-518.467	776.242	3558.26
917.996	2924.61	2644.77
309.578	452.159	2085.14
1967.24	2075.83	4241.27
59.1295	1841.2	4298.5
597.833	817.131	4364.92
-846.693	1093.41	2874.17
-800.368	1814.06	1677.3
1895.29	-545.259	4975.26
2354.9	2337.86	4582.75
609.094	3266.76	3842.17
697.717	432.559	2733.07
2335.15	1179.53	3259.49
1514.86	161.107	3685.96
2709.4	1511.52	5136.03
1628.28	598.31	2863.25
35.6095	-422.301	5399.71
22.575	1615.42	3844.41
520.769	1769.3	3558.64
475.061	-258.459	2865.36
1207.75	2591.14	5727.59
-355.536	1332.85	4214.7
2497.14	-275.106	4678.28
274.374	1783.48	4209.93
2361.13	1721.55	1973.82
-411.633	2751.16	5581.09
572.605	2786.65	4714.54
-877.622	2851.22	1959.23
1326.71	3026.4	5790.67
857.228	1327.41	2950.21
-200.044	123.514	3647.95
2747.07	3193.36	3180.21
2780.64	2336.31	3392.92
457.013	222.132	5387.4
1905.26	2323.85	5799.77
2172.19	3215.71	5399.6
674.77	158.263	2897.48
-727.91	2046.12	4809.53
844.256	2701.58	5535.12
-160.878	973.038	4903.19
159.459	608.474	1605.31
2356.01	3284.26	4444.57
-886.528	1858.44	5204.8
-1098.13	2105.13	3505.86
-88.5395	1891.41	2689.8
-349.762	808.261	2491.76
2786.13	2047.57	3982.95
-13.6231	2042.04	2359.87
2613.75	2917.64	3969.35
36.6844	-35.2446	3614.55
-518.467	776.242	3558.26
917.996	2924.61	2644.77
309.578	452.159	2085.14
1967.24	2075.83	4241.27
59.1295	1841.2	4298.5
597.833	817.131	4364.92
-846.693	1093.41	2874.17
-800.368	1814.06	1677.3
1895.29	-545.259	4975.26
2354.9	2337.86	4582.75
609.094	3266.76	3842.17
697.717	432.559	2733.07
2335.15	1179.53	3259.49
1514.86	161.107	3685.96
2709.4	1511.52	5136.03
1628.28	598.31	2863.25
35.6095	-422.301	5399.71
22.575	1615.42	3844.41
520.769	1769.3	3558.64
475.061	-258.459	2865.36
1207.75	2591.14	5727.59
-355.536	1332.85	4214.7
2497.14	-275.106	4678.28
274.374	1783.48	4209.93
2361.13	1721.55	1973.82
-411.633	2751.16	5581.09
572.605	2786.65	4714.54
-877.622	2851.22	1959.23
1326.71	3026.4	5790.67
857.228	1327.41	2950.21
-200.044	123.514	3647.95
2747.07	3193.36	3180.21
2780.64	2336.31	3392.92
457.013	222.132	5387.4
1905.26	2323.85	5799.77
2172.19	3215.71	5399.6
674.77	158.263	2897.48
-727.91	2046.12	4809.53
844.256	2701.58	5535.12
-160.878	973.038	4903.19
159.459	608.474	1605.31
2356.01	3284.26	4444.57
-886.528	1858.44	5204.8
-1098.13	2105.13	3505.86
-88.5395	1891.41	2689.8
-349.762	808.261	2491.76
2786.13	2047.57	3982.95
-13.6231	2042.04	2359.87
2613.75	2917.64	3969.35
36.6844	-35.2446	3614.55
-518.467	776.242	3558.26
917.996	2924.61	2644.77
309.578	452.159	2085.14
1967.24	2075.83	4241.27
59.1295	1841.2	4298.5
597.833	817.131	4364.92
-846.693	1093.41	2874.17
-800.368	1814.06	1677.3
1895.29	-545.259	4975.26
2354.9	2337.86	4582.75
609.094	3266.76	3842.17
697.717	432.559	2733.07
2335.15	1179.53	3259.49
1514.86	161.107	3685.96
2709.4	1511.52	5136.03
1628.28	598.31	2863.25
35.6095	-422.301	5399.71
22.575	1615.42	3844.41
520.769	1769.3	3558.64
475.061	-258.459	2865.36
1207.75	2591.14	5727.59
-355.536	1332.85	4214.7
2497.14	-275.106	4678.28
274.374	1783.48	4209.93
2361.13	1721.55	1973.82
-411.633	2751.16	5581.09
572.605	2786.65	4714.54
-877.622	2851.22	1959.23
1326.71	3026.4	5790.67
857.228	1327.41	2950.21
-200.044	123.514	3647.95
2747.07	3193.36	3180.21
2780.64	2336.31	3392.92
457.013	222.132	5387.4
1905.26	2323.85	5799.77
2172.19	3215.71	5399.6
674.77	158.263	2897.48
-727.91	2046.12	4809.53
844.256	2701.58	5535.12
-160.878	973.038	4903.19
159.459	608.474	1605.31
2356.01	3284.26	4444.57
-886.528	1858.44	5204.8
-1098.13	2105.13	3505.86
-88.5395	1891.41	2689.8
-349.762	808.261	2491.76
2786.13	2047.57	3982.95
-13.6231	2042.04	2359.87
2613.75	2917.64	3969.35
36.6844	-35.2446	3614.55
-518.467	776.242	3558.26
917.996	2924.61	2644.77
309.578	452.159	2085.14
1967.24	2075.83	4241.27
59.1295	1841.2	4298.5
597.833	817.131	4364.92
-846.693	1093.41	2874.17
-800.368	1814.06	1677.3
1895.29	-545.259	4975.26
2354.9	2337.86	4582.75
