-751.48	952.588	4812.59
170.67	1181.91	3859.45
456.608	-710.356	3709.45
-456.447	502.864	3055.68
988.803	-631.401	4267.73
-359.918	744.152	3396.69
-60.3524	638.354	4412.02
-817.702	583.937	4116.14
-180.172	-217.979	4512.97
-413.82	199.843	3354.87
-277.209	934.609	4671.43
654.635	-495.04	3438.22
-583.052	-423.694	3196.5
289.721	228.08	3990.18
1040.16	-168.685	4681.41
506.48	50.0629	4471.34
1159.31	-264.163	3980.45
-33.6203	-587.355	4617.05
1146.42	-482.829	4530.4
687.383	759.487	5067.37
-417.133	-548.21	4581.46
867.84	832.548	3530.11
-721.742	-344.73	4102.39
-8.37097	508.687	3255.26
960.973	-592.858	3909.32
159.273	614.171	3524.02
665.427	741.58	4897.73
1103.63	539.857	4106.52
-88.8453	998.438	3834.1
-573.092	-539.62	3064.13
806.437	-287.542	4702.22
1121.06	-565.039	5008.49
330.341	821.803	4827.4
100.972	407.016	3279.88
645.154	-756.212	4663.39
916.18	1277.78	4152.74
78.416	116.622	3732.66
-4.53248	-208.476	4101.02
552.03	-367.763	5018.85
-526.48	294.83	4967.28
-684.887	35.3044	3221.73
949.624	-387.48	4123.36
213.903	-368.447	3257.45
760.471	-583.411	4333.58
-48.9105	-508.312	4976.61
1073.14	188.701	4037.01
-262.072	-520.266	3852.85
-696.157	1043.24	3350.4
175.096	1106.91	4638.29
555.51	1242.06	3426.75
242.638	-176.392	4001.74
245.294	987.184	3269.48
1253.88	-97.6337	3502.09
-327.246	494.778	3602.03
984.028	-214.133	4192.06
84.5289	913.263	3615.22
944	-544.583	3358.1
-77.9341	120.013	4862.54
794.449	-426.119	4869.04
-12.1407	-182.9	4020.73
437.045	221.287	3505.97
-89.9486	1063.69	4083.21
-481.571	367.526	4336.77
-78.2499	1162.08	3370.69
1043.52	-515.776	4875.28
1019.87	841.198	4017.87
320.037	825.19	4522.44
546.069	-504.049	4663.22
107.07	1004.97	4790.37
11.4648	147.479	4882.72
-262.04	-456.615	4912.65
356.813	163.547	3690.71
810.608	1031.5	5032.03
591.862	18.3427	4112.23
94.2516	689.427	3782.64
-463.173	-78.9961	4008.81
1050.23	672.117	3738.89
-452.041	1033.71	4334.78
50.249	-245.952	3923.47
851.226	250.393	4189.02
807.781	-272.571	4903.16
629.532	-331.957	4383.62
1202.53	-350.392	3873.45
567.773	570.212	4255.01
-863.954	971.19	3868.29
677.909	142.307	3583.49
88.9619	-683.007	4924.45
441.251	-16.5674	3733.93
-581.547	787.896	4179.85
1097.57	574.873	3518.46
-601.256	315.881	3055.89
-199.891	639.698	3251.73
548.721	811.586	3751.81
-491.654	80.6177	4108.83
-503.206	-196.174	3046.13
137.607	-464.969	3781.23
575.91	-55.8513	3047.98
87.1601	-73.9163	3186.06
389.537	-672.055	3437.7
920.425	586.625	4532.04
-751.48	952.588	4812.59
170.67	1181.91	3859.45
456.608	-710.356	3709.45
-456.447	502.864	3055.68
988.803	-631.401	4267.73
-359.918	744.152	3396.69
-60.3524	638.354	4412.02
-817.702	583.937	4116.14
-180.172	-217.979	4512.97
-413.82	199.843	3354.87
-277.209	934.609	4671.43
654.635	-495.04	3438.22
-583.052	-423.694	3196.5
289.721	228.08	3990.18
1040.16	-168.685	4681.41
506.48	50.0629	4471.34
1159.31	-264.163	3980.45
-33.6203	-587.355	4617.05
1146.42	-482.829	4530.4
687.383	759.487	5067.37
-417.133	-548.21	4581.46
867.84	832.548	3530.11
-721.742	-344.73	4102.39
-8.37097	508.687	3255.26
960.973	-592.858	3909.32
159.273	614.171	3524.02
665.427	741.58	4897.73
1103.63	539.857	4106.52
-88.8453	998.438	3834.1
-573.092	-539.62	3064.13
806.437	-287.542	4702.22
1121.06	-565.039	5008.49
330.341	821.803	4827.4
100.972	407.016	3279.88
645.154	-756.212	4663.39
916.18	1277.78	4152.74
78.416	116.622	3732.66
-4.53248	-208.476	4101.02
552.03	-367.763	5018.85
-526.48	294.83	4967.28
-684.887	35.3044	3221.73
949.624	-387.48	4123.36
213.903	-368.447	3257.45
760.471	-583.411	4333.58
-48.9105	-508.312	4976.61
1073.14	188.701	4037.01
-262.072	-520.266	3852.85
-696.157	1043.24	3350.4
175.096	1106.91	4638.29
555.51	1242.06	3426.75
242.638	-176.392	4001.74
245.294	987.184	3269.48
1253.88	-97.6337	3502.09
-327.246	494.778	3602.03
984.028	-214.133	4192.06
84.5289	913.263	3615.22
944	-544.583	3358.1
-77.9341	120.013	4862.54
794.449	-426.119	4869.04
-12.1407	-182.9	4020.73
437.045	221.287	3505.97
-89.9486	1063.69	4083.21
-481.571	367.526	4336.77
-78.2499	1162.08	3370.69
1043.52	-515.776	4875.28
1019.87	841.198	4017.87
320.037	825.19	4522.44
546.069	-504.049	4663.22
107.07	1004.97	4790.37
11.4648	147.479	4882.72
-262.04	-456.615	4912.65
356.813	163.547	3690.71
810.608	1031.5	5032.03
591.862	18.3427	4112.23
94.2516	689.427	3782.64
-463.173	-78.9961	4008.81
1050.23	672.117	3738.89
-452.041	1033.71	4334.78
50.249	-245.952	3923.47
851.226	250.393	4189.02
807.781	-272.571	4903.16
629.532	-331.957	4383.62
1202.53	-350.392	3873.45
567.773	570.212	4255.01
-863.954	971.19	3868.29
677.909	142.307	3583.49
88.9619	-683.007	4924.45
441.251	-16.5674	3733.93
-581.547	787.896	4179.85
1097.57	574.873	3518.46
-601.256	315.881	3055.89
-199.891	639.698	3251.73
548.721	811.586	3751.81
-491.654	80.6177	4108.83
-503.206	-196.174	3046.13
137.607	-464.969	3781.23
575.91	-55.8513	3047.98
87.1601	-73.9163	3186.06
389.537	-672.055	3437.7
920.425	586.625	4532.04
-751.48	952.588	4812.59
170.67	1181.91	3859.45
456.608	-710.356	3709.45
-456.447	502.864	3055.68
988.803	-631.401	4267.73
-359.918	744.152	3396.69
-60.3524	638.354	4412.02
-817.702	583.937	4116.14
-180.172	-217.979	4512.97
-413.82	199.843	3354.87
-277.209	934.609	4671.43
654.635	-495.04	3438.22
-583.052	-423.694	3196.5
289.721	228.08	3990.18
1040.16	-168.685	4681.41
506.48	50.0629	4471.34
1159.31	-264.163	3980.45
-33.6203	-587.355	4617.05
1146.42	-482.829	4530.4
687.383	759.487	5067.37
-417.133	-548.21	4581.46
867.84	832.548	3530.11
-721.742	-344.73	4102.39
-8.37097	508.687	3255.26
960.973	-592.858	3909.32
159.273	614.171	3524.02
665.427	741.58	4897.73
1103.63	539.857	4106.52
-88.8453	998.438	3834.1
-573.092	-539.62	3064.13
806.437	-287.542	4702.22
1121.06	-565.039	5008.49
330.341	821.803	4827.4
100.972	407.016	3279.88
645.154	-756.212	4663.39
916.18	1277.78	4152.74
78.416	116.622	3732.66
-4.53248	-208.476	4101.02
552.03	-367.763	5018.85
-526.48	294.83	4967.28
-684.887	35.3044	3221.73
949.624	-387.48	4123.36
213.903	-368.447	3257.45
760.471	-583.411	4333.58
-48.9105	-508.312	4976.61
1073.14	188.701	4037.01
-262.072	-520.266	3852.85
-696.157	1043.24	3350.4
175.096	1106.91	4638.29
555.51	1242.06	3426.75
242.638	-176.392	4001.74
245.294	987.184	3269.48
1253.88	-97.6337	3502.09
-327.246	494.778	3602.03
984.028	-214.133	4192.06
84.5289	913.263	3615.22
944	-544.583	3358.1
-77.9341	120.013	4862.54
794.449	-426.119	4869.04
-12.1407	-182.9	4020.73
437.045	221.287	3505.97
-89.9486	1063.69	4083.21
-481.571	367.526	4336.77
-78.2499	1162.08	3370.69
1043.52	-515.776	4875.28
1019.87	841.198	4017.87
320.037	825.19	4522.44
546.069	-504.049	4663.22
107.07	1004.97	4790.37
11.4648	147.479	4882.72
-262.04	-456.615	4912.65
356.813	163.547	3690.71
810.608	1031.5	5032.03
591.862	18.3427	4112.23
94.2516	689.427	3782.64
-463.173	-78.9961	4008.81
1050.23	672.117	3738.89
-452.041	1033.71	4334.78
50.249	-245.952	3923.47
851.226	250.393	4189.02
807.781	-272.571	4903.16
629.532	-331.957	4383.62
1202.53	-350.392	3873.45
567.773	570.212	4255.01
-863.954	971.19	3868.29
677.909	142.307	3583.49
88.9619	-683.007	4924.45
441.251	-16.5674	3733.93
-581.547	787.896	4179.85
1097.57	574.873	3518.46
-601.256	315.881	3055.89
-199.891	639.698	3251.73
548.721	811.586	3751.81
-491.654	80.6177	4108.83
-503.206	-196.174	3046.13
137.607	-464.969	3781.23
575.91	-55.8513	3047.98
87.1601	-73.9163	3186.06
389.537	-672.055	3437.7
920.425	586.625	4532.04
-751.48	952.588	4812.59
170.67	1181.91	3859.45
456.608	-710.356	3709.45
-456.447	502.864	3055.68
988.803	-631.401	4267.73
-359.918	744.152	3396.69
-60.3524	638.354	4412.02
-817.702	583.937	4116.14
-180.172	-217.979	4512.97
-413.82	199.843	3354.87
-277.209	934.609	4671.43
654.635	-495.04	3438.22
-583.052	-423.694	3196.5
289.721	228.08	3990.18
1040.16	-168.685	4681.41
506.48	50.0629	4471.34
1159.31	-264.163	3980.45
-33.6203	-587.355	4617.05
1146.42	-482.829	4530.4
687.383	759.487	5067.37
-417.133	-548.21	4581.46
867.84	832.548	3530.11
-721.742	-344.73	4102.39
-8.37097	508.687	3255.26
960.973	-592.858	3909.32
159.273	614.171	3524.02
665.427	741.58	4897.73
1103.63	539.857	4106.52
-88.8453	998.438	3834.1
-573.092	-539.62	3064.13
806.437	-287.542	4702.22
1121.06	-565.039	5008.49
330.341	821.803	4827.4
100.972	407.016	3279.88
645.154	-756.212	4663.39
916.18	1277.78	4152.74
78.416	116.622	3732.66
-4.53248	-208.476	4101.02
552.03	-367.763	5018.85
-526.48	294.83	4967.28
-684.887	35.3044	3221.73
949.624	-387.48	4123.36
213.903	-368.447	3257.45
760.471	-583.411	4333.58
-48.9105	-508.312	4976.61
1073.14	188.701	4037.01
-262.072	-520.266	3852.85
-696.157	1043.24	3350.4
175.096	1106.91	4638.29
555.51	1242.06	3426.75
242.638	-176.392	4001.74
245.294	987.184	3269.48
1253.88	-97.6337	3502.09
-327.246	494.778	3602.03
984.028	-214.133	4192.06
84.5289	913.263	3615.22
944	-544.583	3358.1
-77.9341	120.013	4862.54
794.449	-426.119	4869.04
-12.1407	-182.9	4020.73
437.045	221.287	3505.97
-89.9486	1063.69	4083.21
-481.571	367.526	4336.77
-78.2499	1162.08	3370.69
1043.52	-515.776	4875.28
1019.87	841.198	4017.87
320.037	825.19	4522.44
546.069	-504.049	4663.22
107.07	1004.97	4790.37
11.4648	147.479	4882.72
-262.04	-456.615	4912.65
356.813	163.547	3690.71
810.608	1031.5	5032.03
591.862	18.3427	4112.23
94.2516	689.427	3782.64
-463.173	-78.9961	4008.81
1050.23	672.117	3738.89
-452.041	1033.71	4334.78
50.249	-245.952	3923.47
851.226	250.393	4189.02
807.781	-272.571	4903.16
629.532	-331.957	4383.62
1202.53	-350.392	3873.45
567.773	570.212	4255.01
-863.954	971.19	3868.29
677.909	142.307	3583.49
88.9619	-683.007	4924.45
441.251	-16.5674	3733.93
-581.547	787.896	4179.85
1097.57	574.873	3518.46
-601.256	315.881	3055.89
-199.891	639.698	3251.73
548.721	811.586	3751.81
-491.654	80.6177	4108.83
-503.206	-196.174	3046.13
137.607	-464.969	3781.23
575.91	-55.8513	3047.98
87.1601	-73.9163	3186.06
389.537	-672.055	3437.7
920.425	586.625	4532.04
-751.48	952.588	4812.59
170.67	1181.91	3859.45
456.608	-710.356	3709.45
-456.447	502.864	3055.68
988.803	-631.401	4267.73
-359.918	744.152	3396.69
-60.3524	638.354	4412.02
-817.702	583.937	4116.14
-180.172	-217.979	4512.97
-413.82	199.843	3354.87
-277.209	934.609	4671.43
654.635	-495.04	3438.22
-583.052	-423.694	3196.5
289.721	228.08	3990.18
1040.16	-168.685	4681.41
506.48	50.0629	4471.34
1159.31	-264.163	3980.45
-33.6203	-587.355	4617.05
1146.42	-482.829	4530.4
687.383	759.487	5067.37
-417.133	-548.21	4581.46
867.84	832.548	3530.11
-721.742	-344.73	4102.39
-8.37097	508.687	3255.26
960.973	-592.858	3909.32
159.273	614.171	3524.02
665.427	741.58	4897.73
1103.63	539.857	4106.52
-88.8453	998.438	3834.1
-573.092	-539.62	3064.13
806.437	-287.542	4702.22
1121.06	-565.039	5008.49
330.341	821.803	4827.4
100.972	407.016	3279.88
645.154	-756.212	4663.39
916.18	1277.78	4152.74
78.416	116.622	3732.66
-4.53248	-208.476	4101.02
552.03	-367.763	5018.85
-526.48	294.83	4967.28
-684.887	35.3044	3221.73
949.624	-387.48	4123.36
213.903	-368.447	3257.45
760.471	-583.411	4333.58
-48.9105	-508.312	4976.61
1073.14	188.701	4037.01
-262.072	-520.266	3852.85
-696.157	1043.24	3350.4
175.096	1106.91	4638.29
555.51	1242.06	3426.75
242.638	-176.392	4001.74
245.294	987.184	3269.48
1253.88	-97.6337	3502.09
-327.246	494.778	3602.03
984.028	-214.133	4192.06
84.5289	913.263	3615.22
944	-544.583	3358.1
-77.9341	120.013	4862.54
794.449	-426.119	4869.04
-12.1407	-182.9	4020.73
437.045	221.287	3505.97
-89.9486	1063.69	4083.21
-481.571	367.526	4336.77
-78.2499	1162.08	3370.69
1043.52	-515.776	4875.28
1019.87	841.198	4017.87
320.037	825.19	4522.44
546.069	-504.049	4663.22
107.07	1004.97	4790.37
11.4648	147.479	4882.72
-262.04	-456.615	4912.65
356.813	163.547	3690.71
810.608	1031.5	5032.03
591.862	18.3427	4112.23
94.2516	689.427	3782.64
-463.173	-78.9961	4008.81
1050.23	672.117	3738.89
-452.041	1033.71	4334.78
50.249	-245.952	3923.47
851.226	250.393	4189.02
807.781	-272.571	4903.16
629.532	-331.957	4383.62
1202.53	-350.392	3873.45
567.773	570.212	4255.01
-863.954	971.19	3868.29
677.909	142.307	3583.49
88.9619	-683.007	4924.45
441.251	-16.5674	3733.93
-581.547	787.896	4179.85
1097.57	574.873	3518.46
-601.256	315.881	3055.89
-199.891	639.698	3251.73
548.721	811.586	3751.81
-491.654	80.6177	4108.83
-503.206	-196.174	3046.13
137.607	-464.969	3781.23
575.91	-55.8513	3047.98
87.1601	-73.9163	3186.06
389.537	-672.055	3437.7
920.425	586.625	4532.04
-751.48	952.588	4812.59
170.67	1181.91	3859.45
456.608	-710.356	3709.45
-456.447	502.864	3055.68
988.803	-631.401	4267.73
-359.918	744.152	3396.69
-60.3524	638.354	4412.02
-817.702	583.937	4116.14
-180.172	-217.979	4512.97
-413.82	199.843	3354.87
-277.209	934.609	4671.43
654.635	-495.04	3438.22
-583.052	-423.694	3196.5
289.721	228.08	3990.18
1040.16	-168.685	4681.41
506.48	50.0629	4471.34
1159.31	-264.163	3980.45
-33.6203	-587.355	4617.05
1146.42	-482.829	4530.4
687.383	759.487	5067.37
-417.133	-548.21	4581.46
867.84	832.548	3530.11
-721.742	-344.73	4102.39
-8.37097	508.687	3255.26
960.973	-592.858	3909.32
159.273	614.171	3524.02
665.427	741.58	4897.73
1103.63	539.857	4106.52
-88.8453	998.438	3834.1
-573.092	-539.62	3064.13
806.437	-287.542	4702.22
1121.06	-565.039	5008.49
330.341	821.803	4827.4
100.972	407.016	3279.88
645.154	-756.212	4663.39
916.18	1277.78	4152.74
78.416	116.622	3732.66
-4.53248	-208.476	4101.02
552.03	-367.763	5018.85
-526.48	294.83	4967.28
-684.887	35.3044	3221.73
949.624	-387.48	4123.36
213.903	-368.447	3257.45
760.471	-583.411	4333.58
-48.9105	-508.312	4976.61
1073.14	188.701	4037.01
-262.072	-520.266	3852.85
-696.157	1043.24	3350.4
175.096	1106.91	4638.29
555.51	1242.06	3426.75
242.638	-176.392	4001.74
245.294	987.184	3269.48
1253.88	-97.6337	3502.09
-327.246	494.778	3602.03
984.028	-214.133	4192.06
84.5289	913.263	3615.22
944	-544.583	3358.1
-77.9341	120.013	4862.54
794.449	-426.119	4869.04
-12.1407	-182.9	4020.73
437.045	221.287	3505.97
-89.9486	1063.69	4083.21
-481.571	367.526	4336.77
-78.2499	1162.08	3370.69
1043.52	-515.776	4875.28
1019.87	841.198	4017.87
320.037	825.19	4522.44
546.069	-504.049	4663.22
107.07	1004.97	4790.37
11.4648	147.479	4882.72
-262.04	-456.615	4912.65
356.813	163.547	3690.71
810.608	1031.5	5032.03
591.862	18.3427	4112.23
94.2516	689.427	3782.64
-463.173	-78.9961	4008.81
1050.23	672.117	3738.89
-452.041	1033.71	4334.78
50.249	-245.952	3923.47
851.226	250.393	4189.02
807.781	-272.571	4903.16
629.532	-331.957	4383.62
1202.53	-350.392	3873.45
567.773	570.212	4255.01
-863.954	971.19	3868.29
677.909	142.307	3583.49
88.9619	-683.007	4924.45
441.251	-16.5674	3733.93
-581.547	787.896	4179.85
1097.57	574.873	3518.46
-601.256	315.881	3055.89
-199.891	639.698	3251.73
548.721	811.586	3751.81
-491.654	80.6177	4108.83
-503.206	-196.174	3046.13
137.607	-464.969	3781.23
575.91	-55.8513	3047.98
87.1601	-73.9163	3186.06
389.537	-672.055	3437.7
920.425	586.625	4532.04
