-753.512	950.793	4824.47
170.935	1180.86	3869.65
457.59	-716.329	3718.88
-457.774	499.92	3063.35
991.133	-637.161	4278.53
-360.986	741.795	3405.08
-60.6985	635.893	4423.8
-819.947	581.24	4126.53
-180.863	-222.741	4525.51
-415.106	196.18	3363.76
-278.109	932.879	4683.55
656.07	-500.438	3446.69
-584.977	-429.123	3205.92
290.315	224.517	4000.94
1042.84	-173.31	4694.3
507.687	46.0354	4483.64
1162.12	-269.02	3990.69
-33.9046	-593.147	4629.97
1149.25	-488.254	4542.26
689.204	757.559	5082.19
-418.527	-553.932	4594.62
870.151	830.762	3540.33
-724.031	-349.888	4114.26
-8.57923	505.801	3263.68
963.164	-598.485	3918.93
159.505	611.595	3533.3
667.169	739.578	4911.93
1106.64	537.245	4118.45
-89.2533	996.803	3843.87
-575.031	-545.424	3073.37
808.457	-292.485	4715.06
1123.92	-570.712	5022.01
331.08	819.951	4840.92
101.048	403.879	3288.45
646.69	-762.368	4675.78
918.777	1277.52	4165.42
78.4371	112.75	3742.62
-4.73434	-213.213	4112.21
553.38	-372.931	5032.79
-528.094	291.482	4980.75
-686.972	31.2098	3230.62
951.9	-392.651	4134.01
214.273	-373.591	3265.93
762.275	-589.09	4344.86
-49.2382	-513.889	4990.66
1075.92	185.041	4048.16
-263.006	-525.895	3863.7
-697.863	1041.36	3357.81
175.388	1105.77	4650.92
556.884	1241.38	3436.45
243.104	-181.039	4012.5
245.75	985.582	3278.09
1256.88	-102.074	3510.97
-328.274	491.864	3611.31
986.456	-218.873	4203.17
84.5635	911.449	3624.62
946.021	-550.027	3365.89
-78.3371	116.193	4875.97
796.439	-431.433	4882.34
-12.3633	-187.568	4031.68
438.017	217.681	3515.27
-90.3607	1062.25	4093.69
-483.036	364.336	4348.28
-78.6215	1160.74	3378.99
1046.15	-521.316	4888.41
1022.71	839.521	4029.83
320.736	823.313	4534.96
547.367	-509.568	4675.86
107.177	1003.55	4803.4
11.3094	143.735	4896.23
-262.977	-462.055	4926.61
357.577	159.796	3700.54
812.848	1030.44	5047.12
593.276	14.2172	4123.34
94.314	687.061	3792.62
-464.645	-83.3845	4019.88
1053.09	669.884	3749.78
-453.336	1032.11	4345.5
50.1959	-250.791	3934.09
853.404	246.913	4200.66
809.833	-277.477	4916.72
631.039	-337.011	4395.38
1205.36	-355.448	3883.15
569.17	567.633	4266.9
-866.107	969.244	3877.17
679.523	138.493	3593.01
89.0233	-689.063	4938.26
442.235	-20.795	3743.83
-583.176	785.692	4190.27
1100.53	572.327	3528.57
-603.005	312.499	3063.83
-200.578	637.112	3259.94
550.052	809.654	3762.23
-493.183	76.6671	4120.01
-504.829	-200.92	3054.75
137.788	-470.387	3791.37
577.181	-60.1939	3055.68
87.2003	-78.3055	3194.45
390.341	-677.925	3446.39
922.914	584.166	4545.23
-751.041	952.94	4810.02
170.613	1182.09	3857.33
456.369	-709.086	3707.2
-456.172	503.403	3054.07
988.279	-630.201	4265.31
-359.683	744.551	3394.8
-60.2847	638.876	4409.8
-817.249	584.478	4114.05
-180.049	-217.027	4510.88
-413.571	200.557	3353.15
-277.031	934.987	4669.06
654.235	-493.885	3435.94
-582.76	-422.681	3195.12
289.604	228.787	3988.06
1039.72	-167.764	4679.27
506.272	50.8797	4469.17
1158.66	-263.179	3978.09
-33.5656	-586.228	4614.95
1145.87	-481.739	4528.09
687.163	760.059	5065.47
-416.913	-547.113	4579.49
867.376	832.876	3528.07
-721.395	-343.735	4100.65
-8.33027	509.197	3253.36
960.408	-591.654	3906.89
159.217	614.631	3521.99
665.2	742.136	4895.77
1103.12	540.416	4104.5
-88.76	998.711	3831.97
-572.81	-538.56	3062.84
806.097	-286.56	4700.03
1120.61	-563.936	5006.31
330.234	822.295	4825.27
100.948	407.583	3277.95
644.874	-754.981	4661.1
915.812	1278.05	4150.89
78.4102	117.382	3730.62
-4.49204	-207.531	4098.94
551.831	-366.746	5016.7
-526.197	295.554	4964.98
-684.543	36.1064	3220.29
949.119	-386.425	4121.02
213.809	-367.401	3255.47
760.1	-582.252	4331.25
-48.85	-507.23	4974.49
1072.6	189.423	4034.83
-261.906	-519.172	3851
-695.738	1043.48	3348.54
175.05	1107.23	4636.07
555.226	1242.15	3424.76
242.546	-175.463	3999.6
245.182	987.393	3267.51
1253.06	-96.7556	3499.7
-327.035	495.332	3600.1
983.53	-213.184	4189.79
84.5169	913.561	3613.16
943.346	-543.363	3355.66
-77.8602	120.814	4860.34
794.128	-425.072	4866.85
-12.0965	-181.97	4018.68
436.82	221.968	3503.87
-89.8636	1063.95	4081
-481.295	368.187	4334.62
-78.1689	1162.2	3368.7
1043.08	-514.689	4873.07
1019.41	841.614	4015.92
319.924	825.644	4520.3
545.845	-502.955	4660.99
107.058	1005.36	4788.13
11.4982	148.268	4880.52
-261.889	-455.556	4910.57
356.646	164.273	3688.6
810.362	1031.99	5030.26
591.583	19.1639	4110.04
94.2363	689.869	3780.56
-462.914	-78.12	4006.91
1049.69	672.564	3736.84
-451.76	1034	4332.43
50.2606	-244.989	3921.42
850.83	251.095	4186.89
807.466	-271.599	4901.03
629.249	-330.946	4381.39
1201.81	-349.348	3871.03
567.53	570.764	4252.91
-863.444	971.487	3866.16
677.533	143.035	3581.31
88.9626	-681.843	4922.3
441.034	-15.7351	3731.78
-581.201	788.316	4177.62
1096.95	575.336	3516.35
-600.93	316.534	3054.41
-199.742	640.142	3249.89
548.456	811.958	3749.74
-491.378	81.4176	4106.84
-502.933	-195.265	3044.72
137.57	-463.879	3779.17
575.546	-55.0081	3045.86
87.1452	-73.0598	3184.18
389.328	-670.798	3435.54
920.064	587.21	4530.08
-751.041	952.94	4810.02
170.613	1182.09	3857.33
456.369	-709.086	3707.2
-456.172	503.403	3054.07
988.279	-630.201	4265.31
-359.683	744.551	3394.8
-60.2847	638.876	4409.8
-817.249	584.478	4114.05
-180.049	-217.027	4510.88
-413.571	200.557	3353.15
-277.031	934.987	4669.06
654.235	-493.885	3435.94
-582.76	-422.681	3195.12
289.604	228.787	3988.06
1039.72	-167.764	4679.27
506.272	50.8797	4469.17
1158.66	-263.179	3978.09
-33.5656	-586.228	4614.95
1145.87	-481.739	4528.09
687.163	760.059	5065.47
-416.913	-547.113	4579.49
867.376	832.876	3528.07
-721.395	-343.735	4100.65
-8.33027	509.197	3253.36
960.408	-591.654	3906.89
159.217	614.631	3521.99
665.2	742.136	4895.77
1103.12	540.416	4104.5
-88.76	998.711	3831.97
-572.81	-538.56	3062.84
806.097	-286.56	4700.03
1120.61	-563.936	5006.31
330.234	822.295	4825.27
100.948	407.583	3277.95
644.874	-754.981	4661.1
915.812	1278.05	4150.89
78.4102	117.382	3730.62
-4.49204	-207.531	4098.94
551.831	-366.746	5016.7
-526.197	295.554	4964.98
-684.543	36.1064	3220.29
949.119	-386.425	4121.02
213.809	-367.401	3255.47
760.1	-582.252	4331.25
-48.85	-507.23	4974.49
1072.6	189.423	4034.83
-261.906	-519.172	3851
-695.738	1043.48	3348.54
175.05	1107.23	4636.07
555.226	1242.15	3424.76
242.546	-175.463	3999.6
245.182	987.393	3267.51
1253.06	-96.7556	3499.7
-327.035	495.332	3600.1
983.53	-213.184	4189.79
84.5169	913.561	3613.16
943.346	-543.363	3355.66
-77.8602	120.814	4860.34
794.128	-425.072	4866.85
-12.0965	-181.97	4018.68
436.82	221.968	3503.87
-89.8636	1063.95	4081
-481.295	368.187	4334.62
-78.1689	1162.2	3368.7
1043.08	-514.689	4873.07
1019.41	841.614	4015.92
319.924	825.644	4520.3
545.845	-502.955	4660.99
107.058	1005.36	4788.13
11.4982	148.268	4880.52
-261.889	-455.556	4910.57
356.646	164.273	3688.6
810.362	1031.99	5030.26
591.583	19.1639	4110.04
94.2363	689.869	3780.56
-462.914	-78.12	4006.91
1049.69	672.564	3736.84
-451.76	1034	4332.43
50.2606	-244.989	3921.42
850.83	251.095	4186.89
807.466	-271.599	4901.03
629.249	-330.946	4381.39
1201.81	-349.348	3871.03
567.53	570.764	4252.91
-863.444	971.487	3866.16
677.533	143.035	3581.31
88.9626	-681.843	4922.3
441.034	-15.7351	3731.78
-581.201	788.316	4177.62
1096.95	575.336	3516.35
-600.93	316.534	3054.41
-199.742	640.142	3249.89
548.456	811.958	3749.74
-491.378	81.4176	4106.84
-502.933	-195.265	3044.72
137.57	-463.879	3779.17
575.546	-55.0081	3045.86
87.1452	-73.0598	3184.18
389.328	-670.798	3435.54
920.064	587.21	4530.08
-751.041	952.94	4810.02
170.613	1182.09	3857.33
456.369	-709.086	3707.2
-456.172	503.403	3054.07
988.279	-630.201	4265.31
-359.683	744.551	3394.8
-60.2847	638.876	4409.8
-817.249	584.478	4114.05
-180.049	-217.027	4510.88
-413.571	200.557	3353.15
-277.031	934.987	4669.06
654.235	-493.885	3435.94
-582.76	-422.681	3195.12
289.604	228.787	3988.06
1039.72	-167.764	4679.27
506.272	50.8797	4469.17
1158.66	-263.179	3978.09
-33.5656	-586.228	4614.95
1145.87	-481.739	4528.09
687.163	760.059	5065.47
-416.913	-547.113	4579.49
867.376	832.876	3528.07
-721.395	-343.735	4100.65
-8.33027	509.197	3253.36
960.408	-591.654	3906.89
159.217	614.631	3521.99
665.2	742.136	4895.77
1103.12	540.416	4104.5
-88.76	998.711	3831.97
-572.81	-538.56	3062.84
806.097	-286.56	4700.03
1120.61	-563.936	5006.31
330.234	822.295	4825.27
100.948	407.583	3277.95
644.874	-754.981	4661.1
915.812	1278.05	4150.89
78.4102	117.382	3730.62
-4.49204	-207.531	4098.94
551.831	-366.746	5016.7
-526.197	295.554	4964.98
-684.543	36.1064	3220.29
949.119	-386.425	4121.02
213.809	-367.401	3255.47
760.1	-582.252	4331.25
-48.85	-507.23	4974.49
1072.6	189.423	4034.83
-261.906	-519.172	3851
-695.738	1043.48	3348.54
175.05	1107.23	4636.07
555.226	1242.15	3424.76
242.546	-175.463	3999.6
245.182	987.393	3267.51
1253.06	-96.7556	3499.7
-327.035	495.332	3600.1
983.53	-213.184	4189.79
84.5169	913.561	3613.16
943.346	-543.363	3355.66
-77.8602	120.814	4860.34
794.128	-425.072	4866.85
-12.0965	-181.97	4018.68
436.82	221.968	3503.87
-89.8636	1063.95	4081
-481.295	368.187	4334.62
-78.1689	1162.2	3368.7
1043.08	-514.689	4873.07
1019.41	841.614	4015.92
319.924	825.644	4520.3
545.845	-502.955	4660.99
107.058	1005.36	4788.13
11.4982	148.268	4880.52
-261.889	-455.556	4910.57
356.646	164.273	3688.6
810.362	1031.99	5030.26
591.583	19.1639	4110.04
94.2363	689.869	3780.56
-462.914	-78.12	4006.91
1049.69	672.564	3736.84
-451.76	1034	4332.43
50.2606	-244.989	3921.42
850.83	251.095	4186.89
807.466	-271.599	4901.03
629.249	-330.946	4381.39
1201.81	-349.348	3871.03
567.53	570.764	4252.91
-863.444	971.487	3866.16
677.533	143.035	3581.31
88.9626	-681.843	4922.3
441.034	-15.7351	3731.78
-581.201	788.316	4177.62
1096.95	575.336	3516.35
-600.93	316.534	3054.41
-199.742	640.142	3249.89
548.456	811.958	3749.74
-491.378	81.4176	4106.84
-502.933	-195.265	3044.72
137.57	-463.879	3779.17
575.546	-55.0081	3045.86
87.1452	-73.0598	3184.18
389.328	-670.798	3435.54
920.064	587.21	4530.08
-751.041	952.94	4810.02
170.613	1182.09	3857.33
456.369	-709.086	3707.2
-456.172	503.403	3054.07
988.279	-630.201	4265.31
-359.683	744.551	3394.8
-60.2847	638.876	4409.8
-817.249	584.478	4114.05
-180.049	-217.027	4510.88
-413.571	200.557	3353.15
-277.031	934.987	4669.06
654.235	-493.885	3435.94
-582.76	-422.681	3195.12
289.604	228.787	3988.06
1039.72	-167.764	4679.27
506.272	50.8797	4469.17
1158.66	-263.179	3978.09
-33.5656	-586.228	4614.95
1145.87	-481.739	4528.09
687.163	760.059	5065.47
-416.913	-547.113	4579.49
867.376	832.876	3528.07
-721.395	-343.735	4100.65
-8.33027	509.197	3253.36
960.408	-591.654	3906.89
159.217	614.631	3521.99
665.2	742.136	4895.77
1103.12	540.416	4104.5
-88.76	998.711	3831.97
-572.81	-538.56	3062.84
806.097	-286.56	4700.03
1120.61	-563.936	5006.31
330.234	822.295	4825.27
100.948	407.583	3277.95
644.874	-754.981	4661.1
915.812	1278.05	4150.89
78.4102	117.382	3730.62
-4.49204	-207.531	4098.94
551.831	-366.746	5016.7
-526.197	295.554	4964.98
-684.543	36.1064	3220.29
949.119	-386.425	4121.02
213.809	-367.401	3255.47
760.1	-582.252	4331.25
-48.85	-507.23	4974.49
1072.6	189.423	4034.83
-261.906	-519.172	3851
-695.738	1043.48	3348.54
175.05	1107.23	4636.07
555.226	1242.15	3424.76
242.546	-175.463	3999.6
245.182	987.393	3267.51
1253.06	-96.7556	3499.7
-327.035	495.332	3600.1
983.53	-213.184	4189.79
84.5169	913.561	3613.16
943.346	-543.363	3355.66
-77.8602	120.814	4860.34
794.128	-425.072	4866.85
-12.0965	-181.97	4018.68
436.82	221.968	3503.87
-89.8636	1063.95	4081
-481.295	368.187	4334.62
-78.1689	1162.2	3368.7
1043.08	-514.689	4873.07
1019.41	841.614	4015.92
319.924	825.644	4520.3
545.845	-502.955	4660.99
107.058	1005.36	4788.13
11.4982	148.268	4880.52
-261.889	-455.556	4910.57
356.646	164.273	3688.6
810.362	1031.99	5030.26
591.583	19.1639	4110.04
94.2363	689.869	3780.56
-462.914	-78.12	4006.91
1049.69	672.564	3736.84
-451.76	1034	4332.43
50.2606	-244.989	3921.42
850.83	251.095	4186.89
807.466	-271.599	4901.03
629.249	-330.946	4381.39
1201.81	-349.348	3871.03
567.53	570.764	4252.91
-863.444	971.487	3866.16
677.533	143.035	3581.31
88.9626	-681.843	4922.3
441.034	-15.7351	3731.78
-581.201	788.316	4177.62
1096.95	575.336	3516.35
-600.93	316.534	3054.41
-199.742	640.142	3249.89
548.456	811.958	3749.74
-491.378	81.4176	4106.84
-502.933	-195.265	3044.72
137.57	-463.879	3779.17
575.546	-55.0081	3045.86
87.1452	-73.0598	3184.18
389.328	-670.798	3435.54
920.064	587.21	4530.08
-751.041	952.94	4810.02
170.613	1182.09	3857.33
456.369	-709.086	3707.2
-456.172	503.403	3054.07
988.279	-630.201	4265.31
-359.683	744.551	3394.8
-60.2847	638.876	4409.8
-817.249	584.478	4114.05
-180.049	-217.027	4510.88
-413.571	200.557	3353.15
-277.031	934.987	4669.06
654.235	-493.885	3435.94
-582.76	-422.681	3195.12
289.604	228.787	3988.06
1039.72	-167.764	4679.27
506.272	50.8797	4469.17
1158.66	-263.179	3978.09
-33.5656	-586.228	4614.95
1145.87	-481.739	4528.09
687.163	760.059	5065.47
-416.913	-547.113	4579.49
867.376	832.876	3528.07
-721.395	-343.735	4100.65
-8.33027	509.197	3253.36
960.408	-591.654	3906.89
159.217	614.631	3521.99
665.2	742.136	4895.77
1103.12	540.416	4104.5
-88.76	998.711	3831.97
-572.81	-538.56	3062.84
806.097	-286.56	4700.03
1120.61	-563.936	5006.31
330.234	822.295	4825.27
100.948	407.583	3277.95
644.874	-754.981	4661.1
915.812	1278.05	4150.89
78.4102	117.382	3730.62
-4.49204	-207.531	4098.94
551.831	-366.746	5016.7
-526.197	295.554	4964.98
-684.543	36.1064	3220.29
949.119	-386.425	4121.02
213.809	-367.401	3255.47
760.1	-582.252	4331.25
-48.85	-507.23	4974.49
1072.6	189.423	4034.83
-261.906	-519.172	3851
-695.738	1043.48	3348.54
175.05	1107.23	4636.07
555.226	1242.15	3424.76
242.546	-175.463	3999.6
245.182	987.393	3267.51
1253.06	-96.7556	3499.7
-327.035	495.332	3600.1
983.53	-213.184	4189.79
84.5169	913.561	3613.16
943.346	-543.363	3355.66
-77.8602	120.814	4860.34
794.128	-425.072	4866.85
-12.0965	-181.97	4018.68
436.82	221.968	3503.87
-89.8636	1063.95	4081
-481.295	368.187	4334.62
-78.1689	1162.2	3368.7
1043.08	-514.689	4873.07
1019.41	841.614	4015.92
319.924	825.644	4520.3
545.845	-502.955	4660.99
107.058	1005.36	4788.13
11.4982	148.268	4880.52
-261.889	-455.556	4910.57
356.646	164.273	3688.6
810.362	1031.99	5030.26
591.583	19.1639	4110.04
94.2363	689.869	3780.56
-462.914	-78.12	4006.91
1049.69	672.564	3736.84
-451.76	1034	4332.43
50.2606	-244.989	3921.42
850.83	251.095	4186.89
807.466	-271.599	4901.03
629.249	-330.946	4381.39
1201.81	-349.348	3871.03
567.53	570.764	4252.91
-863.444	971.487	3866.16
677.533	143.035	3581.31
88.9626	-681.843	4922.3
441.034	-15.7351	3731.78
-581.201	788.316	4177.62
1096.95	575.336	3516.35
-600.93	316.534	3054.41
-199.742	640.142	3249.89
548.456	811.958	3749.74
-491.378	81.4176	4106.84
-502.933	-195.265	3044.72
137.57	-463.879	3779.17
575.546	-55.0081	3045.86
87.1452	-73.0598	3184.18
389.328	-670.798	3435.54
920.064	587.21	4530.08
