-750.666	951.557	4807.38
170.674	1181.95	3859.55
456.776	-710.616	3710.8
-456.82	503.275	3058.18
988.665	-631.313	4267.13
-360.083	744.494	3398.25
-60.3197	638.009	4409.63
-817.421	583.736	4114.73
-180.064	-217.848	4510.26
-414.042	199.951	3356.66
-276.97	933.801	4667.4
655.068	-495.367	3440.5
-583.472	-424	3198.8
289.715	228.075	3990.1
1039.54	-168.585	4678.62
506.24	50.0392	4469.22
1159.49	-264.204	3981.07
-33.5982	-586.968	4614.01
1145.96	-482.636	4528.58
686.615	758.638	5061.71
-416.849	-547.837	4578.34
868.273	832.963	3531.87
-721.565	-344.645	4101.38
-8.37664	509.032	3257.47
961.189	-592.992	3910.2
159.339	614.426	3525.48
664.799	740.88	4893.11
1103.58	539.834	4106.34
-88.8477	998.465	3834.2
-573.591	-540.089	3066.79
805.918	-287.357	4699.2
1120.06	-564.535	5004.02
330.035	821.041	4822.92
101.04	407.291	3282.1
644.772	-755.764	4660.63
916.02	1277.56	4152.02
78.4336	116.648	3733.49
-4.53181	-208.445	4100.42
551.476	-367.394	5013.82
-525.869	294.487	4961.52
-685.33	35.3272	3223.81
949.61	-387.475	4123.3
214.069	-368.732	3259.97
760.284	-583.267	4332.51
-48.8597	-507.784	4971.44
1073.2	188.71	4037.21
-262.097	-520.316	3853.22
-696.46	1043.7	3351.85
174.96	1106.05	4634.69
555.804	1242.71	3428.56
242.636	-176.39	4001.7
245.457	987.84	3271.66
1254.7	-97.6977	3504.39
-327.335	494.912	3603
983.936	-214.113	4191.67
84.5531	913.525	3616.25
944.747	-545.014	3360.76
-77.8584	119.896	4857.81
793.807	-425.774	4865.11
-12.1399	-182.888	4020.47
437.266	221.399	3507.74
-89.9274	1063.44	4082.24
-481.328	367.34	4334.58
-78.2888	1162.65	3372.37
1042.71	-515.379	4871.53
1019.89	841.21	4017.93
319.841	824.684	4519.67
545.728	-503.734	4660.3
106.97	1004.03	4785.89
11.4536	147.334	4877.93
-261.776	-456.155	4907.7
356.922	163.597	3691.83
809.731	1030.38	5026.58
591.811	18.3411	4111.88
94.2639	689.517	3783.14
-463.113	-78.9859	4008.29
1050.57	672.333	3740.09
-451.793	1033.14	4332.4
50.2514	-245.964	3923.66
851.103	250.357	4188.42
807.092	-272.339	4898.98
629.321	-331.846	4382.15
1202.86	-350.491	3874.54
567.614	570.053	4253.82
-863.849	971.072	3867.82
678.225	142.373	3585.16
88.8772	-682.358	4919.76
441.377	-16.5722	3735
-581.32	787.589	4178.22
1098.19	575.198	3520.45
-601.744	316.136	3058.37
-200.019	640.109	3253.82
548.843	811.767	3752.64
-491.531	80.5976	4107.8
-503.645	-196.346	3048.79
137.638	-465.074	3782.08
576.499	-55.9084	3051.09
87.2305	-73.976	3188.63
389.784	-672.482	3439.88
919.951	586.323	4529.71
-750.666	951.557	4807.38
170.674	1181.95	3859.55
456.776	-710.616	3710.8
-456.82	503.275	3058.18
988.665	-631.313	4267.13
-360.083	744.494	3398.25
-60.3197	638.009	4409.63
-817.421	583.736	4114.73
-180.064	-217.848	4510.26
-414.042	199.951	3356.66
-276.97	933.801	4667.4
655.068	-495.367	3440.5
-583.472	-424	3198.8
289.715	228.075	3990.1
1039.54	-168.585	4678.62
506.24	50.0392	4469.22
1159.49	-264.204	3981.07
-33.5982	-586.968	4614.01
1145.96	-482.636	4528.58
686.615	758.638	5061.71
-416.849	-547.837	4578.34
868.273	832.963	3531.87
-721.565	-344.645	4101.38
-8.37664	509.032	3257.47
961.189	-592.992	3910.2
159.339	614.426	3525.48
664.799	740.88	4893.11
1103.58	539.834	4106.34
-88.8477	998.465	3834.2
-573.591	-540.089	3066.79
805.918	-287.357	4699.2
1120.06	-564.535	5004.02
330.035	821.041	4822.92
101.04	407.291	3282.1
644.772	-755.764	4660.63
916.02	1277.56	4152.02
78.4336	116.648	3733.49
-4.53181	-208.445	4100.42
551.476	-367.394	5013.82
-525.869	294.487	4961.52
-685.33	35.3272	3223.81
949.61	-387.475	4123.3
214.069	-368.732	3259.97
760.284	-583.267	4332.51
-48.8597	-507.784	4971.44
1073.2	188.71	4037.21
-262.097	-520.316	3853.22
-696.46	1043.7	3351.85
174.96	1106.05	4634.69
555.804	1242.71	3428.56
242.636	-176.39	4001.7
245.457	987.84	3271.66
1254.7	-97.6977	3504.39
-327.335	494.912	3603
983.936	-214.113	4191.67
84.5531	913.525	3616.25
944.747	-545.014	3360.76
-77.8584	119.896	4857.81
793.807	-425.774	4865.11
-12.1399	-182.888	4020.47
437.266	221.399	3507.74
-89.9274	1063.44	4082.24
-481.328	367.34	4334.58
-78.2888	1162.65	3372.37
1042.71	-515.379	4871.53
1019.89	841.21	4017.93
319.841	824.684	4519.67
545.728	-503.734	4660.3
106.97	1004.03	4785.89
11.4536	147.334	4877.93
-261.776	-456.155	4907.7
356.922	163.597	3691.83
809.731	1030.38	5026.58
591.811	18.3411	4111.88
94.2639	689.517	3783.14
-463.113	-78.9859	4008.29
1050.57	672.333	3740.09
-451.793	1033.14	4332.4
50.2514	-245.964	3923.66
851.103	250.357	4188.42
807.092	-272.339	4898.98
629.321	-331.846	4382.15
1202.86	-350.491	3874.54
567.614	570.053	4253.82
-863.849	971.072	3867.82
678.225	142.373	3585.16
88.8772	-682.358	4919.76
441.377	-16.5722	3735
-581.32	787.589	4178.22
1098.19	575.198	3520.45
-601.744	316.136	3058.37
-200.019	640.109	3253.82
548.843	811.767	3752.64
-491.531	80.5976	4107.8
-503.645	-196.346	3048.79
137.638	-465.074	3782.08
576.499	-55.9084	3051.09
87.2305	-73.976	3188.63
389.784	-672.482	3439.88
919.951	586.323	4529.71
-750.666	951.557	4807.38
170.674	1181.95	3859.55
456.776	-710.616	3710.8
-456.82	503.275	3058.18
988.665	-631.313	4267.13
-360.083	744.494	3398.25
-60.3197	638.009	4409.63
-817.421	583.736	4114.73
-180.064	-217.848	4510.26
-414.042	199.951	3356.66
-276.97	933.801	4667.4
655.068	-495.367	3440.5
-583.472	-424	3198.8
289.715	228.075	3990.1
1039.54	-168.585	4678.62
506.24	50.0392	4469.22
1159.49	-264.204	3981.07
-33.5982	-586.968	4614.01
1145.96	-482.636	4528.58
686.615	758.638	5061.71
-416.849	-547.837	4578.34
868.273	832.963	3531.87
-721.565	-344.645	4101.38
-8.37664	509.032	3257.47
961.189	-592.992	3910.2
159.339	614.426	3525.48
664.799	740.88	4893.11
1103.58	539.834	4106.34
-88.8477	998.465	3834.2
-573.591	-540.089	3066.79
805.918	-287.357	4699.2
1120.06	-564.535	5004.02
330.035	821.041	4822.92
101.04	407.291	3282.1
644.772	-755.764	4660.63
916.02	1277.56	4152.02
78.4336	116.648	3733.49
-4.53181	-208.445	4100.42
551.476	-367.394	5013.82
-525.869	294.487	4961.52
-685.33	35.3272	3223.81
949.61	-387.475	4123.3
214.069	-368.732	3259.97
760.284	-583.267	4332.51
-48.8597	-507.784	4971.44
1073.2	188.71	4037.21
-262.097	-520.316	3853.22
-696.46	1043.7	3351.85
174.96	1106.05	4634.69
555.804	1242.71	3428.56
242.636	-176.39	4001.7
245.457	987.84	3271.66
1254.7	-97.6977	3504.39
-327.335	494.912	3603
983.936	-214.113	4191.67
84.5531	913.525	3616.25
944.747	-545.014	3360.76
-77.8584	119.896	4857.81
793.807	-425.774	4865.11
-12.1399	-182.888	4020.47
437.266	221.399	3507.74
-89.9274	1063.44	4082.24
-481.328	367.34	4334.58
-78.2888	1162.65	3372.37
1042.71	-515.379	4871.53
1019.89	841.21	4017.93
319.841	824.684	4519.67
545.728	-503.734	4660.3
106.97	1004.03	4785.89
11.4536	147.334	4877.93
-261.776	-456.155	4907.7
356.922	163.597	3691.83
809.731	1030.38	5026.58
591.811	18.3411	4111.88
94.2639	689.517	3783.14
-463.113	-78.9859	4008.29
1050.57	672.333	3740.09
-451.793	1033.14	4332.4
50.2514	-245.964	3923.66
851.103	250.357	4188.42
807.092	-272.339	4898.98
629.321	-331.846	4382.15
1202.86	-350.491	3874.54
567.614	570.053	4253.82
-863.849	971.072	3867.82
678.225	142.373	3585.16
88.8772	-682.358	4919.76
441.377	-16.5722	3735
-581.32	787.589	4178.22
1098.19	575.198	3520.45
-601.744	316.136	3058.37
-200.019	640.109	3253.82
548.843	811.767	3752.64
-491.531	80.5976	4107.8
-503.645	-196.346	3048.79
137.638	-465.074	3782.08
576.499	-55.9084	3051.09
87.2305	-73.976	3188.63
389.784	-672.482	3439.88
919.951	586.323	4529.71
-750.666	951.557	4807.38
170.674	1181.95	3859.55
456.776	-710.616	3710.8
-456.82	503.275	3058.18
988.665	-631.313	4267.13
-360.083	744.494	3398.25
-60.3197	638.009	4409.63
-817.421	583.736	4114.73
-180.064	-217.848	4510.26
-414.042	199.951	3356.66
-276.97	933.801	4667.4
655.068	-495.367	3440.5
-583.472	-424	3198.8
289.715	228.075	3990.1
1039.54	-168.585	4678.62
506.24	50.0392	4469.22
1159.49	-264.204	3981.07
-33.5982	-586.968	4614.01
1145.96	-482.636	4528.58
686.615	758.638	5061.71
-416.849	-547.837	4578.34
868.273	832.963	3531.87
-721.565	-344.645	4101.38
-8.37664	509.032	3257.47
961.189	-592.992	3910.2
159.339	614.426	3525.48
664.799	740.88	4893.11
1103.58	539.834	4106.34
-88.8477	998.465	3834.2
-573.591	-540.089	3066.79
805.918	-287.357	4699.2
1120.06	-564.535	5004.02
330.035	821.041	4822.92
101.04	407.291	3282.1
644.772	-755.764	4660.63
916.02	1277.56	4152.02
78.4336	116.648	3733.49
-4.53181	-208.445	4100.42
551.476	-367.394	5013.82
-525.869	294.487	4961.52
-685.33	35.3272	3223.81
949.61	-387.475	4123.3
214.069	-368.732	3259.97
760.284	-583.267	4332.51
-48.8597	-507.784	4971.44
1073.2	188.71	4037.21
-262.097	-520.316	3853.22
-696.46	1043.7	3351.85
174.96	1106.05	4634.69
555.804	1242.71	3428.56
242.636	-176.39	4001.7
245.457	987.84	3271.66
1254.7	-97.6977	3504.39
-327.335	494.912	3603
983.936	-214.113	4191.67
84.5531	913.525	3616.25
944.747	-545.014	3360.76
-77.8584	119.896	4857.81
793.807	-425.774	4865.11
-12.1399	-182.888	4020.47
437.266	221.399	3507.74
-89.9274	1063.44	4082.24
-481.328	367.34	4334.58
-78.2888	1162.65	3372.37
1042.71	-515.379	4871.53
1019.89	841.21	4017.93
319.841	824.684	4519.67
545.728	-503.734	4660.3
106.97	1004.03	4785.89
11.4536	147.334	4877.93
-261.776	-456.155	4907.7
356.922	163.597	3691.83
809.731	1030.38	5026.58
591.811	18.3411	4111.88
94.2639	689.517	3783.14
-463.113	-78.9859	4008.29
1050.57	672.333	3740.09
-451.793	1033.14	4332.4
50.2514	-245.964	3923.66
851.103	250.357	4188.42
807.092	-272.339	4898.98
629.321	-331.846	4382.15
1202.86	-350.491	3874.54
567.614	570.053	4253.82
-863.849	971.072	3867.82
678.225	142.373	3585.16
88.8772	-682.358	4919.76
441.377	-16.5722	3735
-581.32	787.589	4178.22
1098.19	575.198	3520.45
-601.744	316.136	3058.37
-200.019	640.109	3253.82
548.843	811.767	3752.64
-491.531	80.5976	4107.8
-503.645	-196.346	3048.79
137.638	-465.074	3782.08
576.499	-55.9084	3051.09
87.2305	-73.976	3188.63
389.784	-672.482	3439.88
919.951	586.323	4529.71
-750.666	951.557	4807.38
170.674	1181.95	3859.55
456.776	-710.616	3710.8
-456.82	503.275	3058.18
988.665	-631.313	4267.13
-360.083	744.494	3398.25
-60.3197	638.009	4409.63
-817.421	583.736	4114.73
-180.064	-217.848	4510.26
-414.042	199.951	3356.66
-276.97	933.801	4667.4
655.068	-495.367	3440.5
-583.472	-424	3198.8
289.715	228.075	3990.1
1039.54	-168.585	4678.62
506.24	50.0392	4469.22
1159.49	-264.204	3981.07
-33.5982	-586.968	4614.01
1145.96	-482.636	4528.58
686.615	758.638	5061.71
-416.849	-547.837	4578.34
868.273	832.963	3531.87
-721.565	-344.645	4101.38
-8.37664	509.032	3257.47
961.189	-592.992	3910.2
159.339	614.426	3525.48
664.799	740.88	4893.11
1103.58	539.834	4106.34
-88.8477	998.465	3834.2
-573.591	-540.089	3066.79
805.918	-287.357	4699.2
1120.06	-564.535	5004.02
330.035	821.041	4822.92
101.04	407.291	3282.1
644.772	-755.764	4660.63
916.02	1277.56	4152.02
78.4336	116.648	3733.49
-4.53181	-208.445	4100.42
551.476	-367.394	5013.82
-525.869	294.487	4961.52
-685.33	35.3272	3223.81
949.61	-387.475	4123.3
214.069	-368.732	3259.97
760.284	-583.267	4332.51
-48.8597	-507.784	4971.44
1073.2	188.71	4037.21
-262.097	-520.316	3853.22
-696.46	1043.7	3351.85
174.96	1106.05	4634.69
555.804	1242.71	3428.56
242.636	-176.39	4001.7
245.457	987.84	3271.66
1254.7	-97.6977	3504.39
-327.335	494.912	3603
983.936	-214.113	4191.67
84.5531	913.525	3616.25
944.747	-545.014	3360.76
-77.8584	119.896	4857.81
793.807	-425.774	4865.11
-12.1399	-182.888	4020.47
437.266	221.399	3507.74
-89.9274	1063.44	4082.24
-481.328	367.34	4334.58
-78.2888	1162.65	3372.37
1042.71	-515.379	4871.53
1019.89	841.21	4017.93
319.841	824.684	4519.67
545.728	-503.734	4660.3
106.97	1004.03	4785.89
11.4536	147.334	4877.93
-261.776	-456.155	4907.7
356.922	163.597	3691.83
809.731	1030.38	5026.58
591.811	18.3411	4111.88
94.2639	689.517	3783.14
-463.113	-78.9859	4008.29
1050.57	672.333	3740.09
-451.793	1033.14	4332.4
50.2514	-245.964	3923.66
851.103	250.357	4188.42
807.092	-272.339	4898.98
629.321	-331.846	4382.15
1202.86	-350.491	3874.54
567.614	570.053	4253.82
-863.849	971.072	3867.82
678.225	142.373	3585.16
88.8772	-682.358	4919.76
441.377	-16.5722	3735
-581.32	787.589	4178.22
1098.19	575.198	3520.45
-601.744	316.136	3058.37
-200.019	640.109	3253.82
548.843	811.767	3752.64
-491.531	80.5976	4107.8
-503.645	-196.346	3048.79
137.638	-465.074	3782.08
576.499	-55.9084	3051.09
87.2305	-73.976	3188.63
389.784	-672.482	3439.88
919.951	586.323	4529.71
-750.666	951.557	4807.38
170.674	1181.95	3859.55
456.776	-710.616	3710.8
-456.82	503.275	3058.18
988.665	-631.313	4267.13
-360.083	744.494	3398.25
-60.3197	638.009	4409.63
-817.421	583.736	4114.73
-180.064	-217.848	4510.26
-414.042	199.951	3356.66
-276.97	933.801	4667.4
655.068	-495.367	3440.5
-583.472	-424	3198.8
289.715	228.075	3990.1
1039.54	-168.585	4678.62
506.24	50.0392	4469.22
1159.49	-264.204	3981.07
-33.5982	-586.968	4614.01
1145.96	-482.636	4528.58
686.615	758.638	5061.71
-416.849	-547.837	4578.34
868.273	832.963	3531.87
-721.565	-344.645	4101.38
-8.37664	509.032	3257.47
961.189	-592.992	3910.2
159.339	614.426	3525.48
664.799	740.88	4893.11
1103.58	539.834	4106.34
-88.8477	998.465	3834.2
-573.591	-540.089	3066.79
805.918	-287.357	4699.2
1120.06	-564.535	5004.02
330.035	821.041	4822.92
101.04	407.291	3282.1
644.772	-755.764	4660.63
916.02	1277.56	4152.02
78.4336	116.648	3733.49
-4.53181	-208.445	4100.42
551.476	-367.394	5013.82
-525.869	294.487	4961.52
-685.33	35.3272	3223.81
949.61	-387.475	4123.3
214.069	-368.732	3259.97
760.284	-583.267	4332.51
-48.8597	-507.784	4971.44
1073.2	188.71	4037.21
-262.097	-520.316	3853.22
-696.46	1043.7	3351.85
174.96	1106.05	4634.69
555.804	1242.71	3428.56
242.636	-176.39	4001.7
245.457	987.84	3271.66
1254.7	-97.6977	3504.39
-327.335	494.912	3603
983.936	-214.113	4191.67
84.5531	913.525	3616.25
944.747	-545.014	3360.76
-77.8584	119.896	4857.81
793.807	-425.774	4865.11
-12.1399	-182.888	4020.47
437.266	221.399	3507.74
-89.9274	1063.44	4082.24
-481.328	367.34	4334.58
-78.2888	1162.65	3372.37
1042.71	-515.379	4871.53
1019.89	841.21	4017.93
319.841	824.684	4519.67
545.728	-503.734	4660.3
106.97	1004.03	4785.89
11.4536	147.334	4877.93
-261.776	-456.155	4907.7
356.922	163.597	3691.83
809.731	1030.38	5026.58
591.811	18.3411	4111.88
94.2639	689.517	3783.14
-463.113	-78.9859	4008.29
1050.57	672.333	3740.09
-451.793	1033.14	4332.4
50.2514	-245.964	3923.66
851.103	250.357	4188.42
807.092	-272.339	4898.98
629.321	-331.846	4382.15
1202.86	-350.491	3874.54
567.614	570.053	4253.82
-863.849	971.072	3867.82
678.225	142.373	3585.16
88.8772	-682.358	4919.76
441.377	-16.5722	3735
-581.32	787.589	4178.22
1098.19	575.198	3520.45
-601.744	316.136	3058.37
-200.019	640.109	3253.82
548.843	811.767	3752.64
-491.531	80.5976	4107.8
-503.645	-196.346	3048.79
137.638	-465.074	3782.08
576.499	-55.9084	3051.09
87.2305	-73.976	3188.63
389.784	-672.482	3439.88
919.951	586.323	4529.71
