3.782021183847721204e+02	3.598369382412628852e+02
5.243220253465751739e+02	2.740496303548585502e+02
3.285898059740990220e+02	3.644911052426253946e+02
3.068911755282473450e+02	5.001097579467868286e+02
4.560636633266058766e+02	3.356700561399431422e+02
5.258813872249894530e+02	2.644875994781343138e+02
6.233724372929364108e+02	3.954333809602737233e+02
5.968669641755784596e+02	2.250300823810521820e+02
2.711972763996199660e+02	5.068865874337191713e+02
3.608170801070648395e+02	5.256446809780367175e+02
6.067056691753859923e+02	2.201299221636741663e+02
3.835115510449280123e+02	4.141163092838518764e+02
3.825453283979709909e+02	3.259752870639710522e+02
4.534597270772219986e+02	2.147520904926420258e+02
6.766917131660729865e+02	3.363508181761961282e+02
3.685026936654992937e+02	3.161222395892704071e+02
3.846831442143547974e+02	4.172046331631181602e+02
6.727467090128186555e+02	2.490438293225296604e+02
6.258596696554512846e+02	2.256004181246264864e+02
3.046658059591804886e+02	2.458487777327419224e+02
6.585557411184005332e+02	3.512113289539750554e+02
5.217482295096795042e+02	4.071409659971071733e+02
4.352266893716567324e+02	3.158699992618663259e+02
5.206856862717509102e+02	2.548068604111398656e+02
3.525492983087298740e+02	4.860460583728291226e+02
6.633252138205614301e+02	2.252261742203284882e+02
4.741467920445283539e+02	3.626509755675621136e+02
5.604830873621865521e+02	4.646914934480385568e+02
2.794568828640693710e+02	4.877317316746116376e+02
4.379401343207090349e+02	2.115909018440378588e+02
4.878006096031128322e+02	2.187322078353875270e+02
5.120597188206583041e+02	2.969756338821619579e+02
4.304135083219819649e+02	3.925612221644964279e+02
4.958502301335648212e+02	3.645032077356592026e+02
6.610547868069924107e+02	4.406155292714365146e+02
6.016616397112437653e+02	2.539149605536906051e+02
3.507049211560236586e+02	4.686939615784116313e+02
3.314648393459607405e+02	4.176857741303961689e+02
5.684363993104437895e+02	3.288493119739221129e+02
5.691931329321175781e+02	2.199276411076012891e+02
3.232994059540877743e+02	4.189911975348392161e+02
5.847229968002704936e+02	3.490950820115193665e+02
6.701753723570222974e+02	3.713449924319011757e+02
3.487728624413190914e+02	3.458937247341878560e+02
4.549270863361849138e+02	3.524275050567910625e+02
3.038700805410614976e+02	4.055850386664683356e+02
5.866550800890771598e+02	2.135632234269445746e+02
3.493938929812588299e+02	2.862186409627059334e+02
4.047065002081911302e+02	2.586335635122015901e+02
5.812917997938394592e+02	2.353063088970664580e+02
