3.161798929557784845e+02	3.414527632950347993e+02
5.149029192870615361e+02	3.087709985553000820e+02
4.490805870446060339e+02	3.787232896305364420e+02
5.248512905346525486e+02	3.828188187941094043e+02
4.041388283326792248e+02	5.150689036574078727e+02
4.924811773319317467e+02	2.704305608675726944e+02
4.432456595285934213e+02	5.773011332366641000e+02
5.789062172305399372e+02	4.195558072706028838e+02
3.959229445300049406e+02	4.478456925837547828e+02
5.568072333320184271e+02	4.153586808131055363e+02
4.603920722914642170e+02	4.043170595634596793e+02
5.751724041020663662e+02	4.577442364475663226e+02
3.661250806009175562e+02	3.104601174467219948e+02
4.582805154167400019e+02	3.827110623581875188e+02
3.672014462512819932e+02	2.205771512546304507e+02
5.213242605848976154e+02	1.939834703330124910e+02
4.090660506450910248e+02	5.259254297631438249e+02
6.079092856248256567e+02	3.585273564861791442e+02
5.168615145990060000e+02	4.575776985833543904e+02
5.652998578091419404e+02	3.112819205105291758e+02
5.452199227361223848e+02	3.000144368671426491e+02
3.206283355535163082e+02	2.522700582032600209e+02
4.077184207839400187e+02	3.416586462656066487e+02
4.962080780016504491e+02	4.027997847941240366e+02
5.459526300712477678e+02	3.328294474439218789e+02
6.799474283955128158e+02	4.689499767593866864e+02
3.119987482275129196e+02	3.909789543374003529e+02
3.900335472216575567e+02	4.891083608589507890e+02
5.200890170644902355e+02	3.281667150310036618e+02
5.969903369761916565e+02	4.022280421114712112e+02
4.399466821588847552e+02	3.223450463941753696e+02
3.063371261975048583e+02	3.438232317864739116e+02
5.569590239033975649e+02	3.544098223101695453e+02
4.344482966818230238e+02	3.780699238389599941e+02
2.847457900333117777e+02	4.657357824505435815e+02
5.025488526962924425e+02	4.665739801116694139e+02
2.535953518587433280e+02	3.342942274290236355e+02
5.228201009307947515e+02	2.587667185441857214e+02
5.220162386354521686e+02	4.535337136756256200e+02
3.139427615927818351e+02	4.517598163847179649e+02
5.685853107574529304e+02	2.644893516251439110e+02
5.850096556315160115e+02	4.034800793304808622e+02
4.462626840342321088e+02	3.015701370717686700e+02
2.981920477569310606e+02	2.993567777543422608e+02
4.044164150337570049e+02	2.817760003322340481e+02
4.080183898827067992e+02	2.059280397693573832e+02
4.385839696124236866e+02	4.294126114257362588e+02
3.609118067701431869e+02	2.267959423289441361e+02
4.106002532896226853e+02	2.309950685913357802e+02
3.983938764261179131e+02	4.290980034999409440e+02
