-480.595	-912.932	3402.49
326.649	25.5005	4489.11
881.674	93.9902	4572.59
-110.003	192.143	3546.25
503.225	-516.557	3359.76
-13.4684	-126.523	4294.58
928.333	-118.976	4389.76
869.459	915.081	4621.96
-677.697	-299.561	4120.9
-549.539	197.317	3437.32
-215.232	636.785	5085.32
-210.838	355.157	3926.63
945.259	-319.971	4415.59
1224.71	25.7425	4169.62
-750.867	1116.93	3246.6
879.168	724.206	4836.04
-493.428	-282.407	4378.38
-389.225	399.111	4671.64
621.114	413.586	4098.54
-276.867	35.6545	4877.69
633.723	-115.362	3835.59
1301.6	-410.245	3736.99
1070.55	505.746	5242.37
-571.67	-706.619	3513.82
878.968	870.621	4554.76
658.96	-593.442	3893.65
418.464	517.885	3312.21
-725.75	231.246	4198.8
-394.01	-567.344	3387.3
-734.958	-63.9178	3172.45
1076.6	-134.154	3226.37
991.362	203.09	4815.36
-874.211	762.06	4480.17
-137.703	-119.747	4810.88
235.747	-814.737	4654.45
783.066	325.787	5144.66
970.174	282.173	3307.53
1028.13	1004.78	3702.72
-55.763	-567.012	3154.36
902.894	-379.508	3744.5
-411.553	-635.06	4944.14
-286.732	1079.86	3786.94
13.8231	78.6796	4087.85
-155.627	-496.482	4649.56
-402.031	-691.352	4089.88
-528.54	70.7254	3912.68
890.978	-314.754	4001.33
1069.03	-306.928	3713.11
-688.324	733.277	3313.77
257.583	409.098	3833.41
-480.595	-912.932	3402.49
326.649	25.5005	4489.11
881.674	93.9902	4572.59
-110.003	192.143	3546.25
503.225	-516.557	3359.76
-13.4684	-126.523	4294.58
928.333	-118.976	4389.76
869.459	915.081	4621.96
-677.697	-299.561	4120.9
-549.539	197.317	3437.32
-215.232	636.785	5085.32
-210.838	355.157	3926.63
945.259	-319.971	4415.59
1224.71	25.7425	4169.62
-750.867	1116.93	3246.6
879.168	724.206	4836.04
-493.428	-282.407	4378.38
-389.225	399.111	4671.64
621.114	413.586	4098.54
-276.867	35.6545	4877.69
633.723	-115.362	3835.59
1301.6	-410.245	3736.99
1070.55	505.746	5242.37
-571.67	-706.619	3513.82
878.968	870.621	4554.76
658.96	-593.442	3893.65
418.464	517.885	3312.21
-725.75	231.246	4198.8
-394.01	-567.344	3387.3
-734.958	-63.9178	3172.45
1076.6	-134.154	3226.37
991.362	203.09	4815.36
-874.211	762.06	4480.17
-137.703	-119.747	4810.88
235.747	-814.737	4654.45
783.066	325.787	5144.66
970.174	282.173	3307.53
1028.13	1004.78	3702.72
-55.763	-567.012	3154.36
902.894	-379.508	3744.5
-411.553	-635.06	4944.14
-286.732	1079.86	3786.94
13.8231	78.6796	4087.85
-155.627	-496.482	4649.56
-402.031	-691.352	4089.88
-528.54	70.7254	3912.68
890.978	-314.754	4001.33
1069.03	-306.928	3713.11
-688.324	733.277	3313.77
257.583	409.098	3833.41
-480.595	-912.932	3402.49
326.649	25.5005	4489.11
881.674	93.9902	4572.59
-110.003	192.143	3546.25
503.225	-516.557	3359.76
-13.4684	-126.523	4294.58
928.333	-118.976	4389.76
869.459	915.081	4621.96
-677.697	-299.561	4120.9
-549.539	197.317	3437.32
-215.232	636.785	5085.32
-210.838	355.157	3926.63
945.259	-319.971	4415.59
1224.71	25.7425	4169.62
-750.867	1116.93	3246.6
879.168	724.206	4836.04
-493.428	-282.407	4378.38
-389.225	399.111	4671.64
621.114	413.586	4098.54
-276.867	35.6545	4877.69
633.723	-115.362	3835.59
1301.6	-410.245	3736.99
1070.55	505.746	5242.37
-571.67	-706.619	3513.82
878.968	870.621	4554.76
658.96	-593.442	3893.65
418.464	517.885	3312.21
-725.75	231.246	4198.8
-394.01	-567.344	3387.3
-734.958	-63.9178	3172.45
1076.6	-134.154	3226.37
991.362	203.09	4815.36
-874.211	762.06	4480.17
-137.703	-119.747	4810.88
235.747	-814.737	4654.45
783.066	325.787	5144.66
970.174	282.173	3307.53
1028.13	1004.78	3702.72
-55.763	-567.012	3154.36
902.894	-379.508	3744.5
-411.553	-635.06	4944.14
-286.732	1079.86	3786.94
13.8231	78.6796	4087.85
-155.627	-496.482	4649.56
-402.031	-691.352	4089.88
-528.54	70.7254	3912.68
890.978	-314.754	4001.33
1069.03	-306.928	3713.11
-688.324	733.277	3313.77
257.583	409.098	3833.41
-480.595	-912.932	3402.49
326.649	25.5005	4489.11
881.674	93.9902	4572.59
-110.003	192.143	3546.25
503.225	-516.557	3359.76
-13.4684	-126.523	4294.58
928.333	-118.976	4389.76
869.459	915.081	4621.96
-677.697	-299.561	4120.9
-549.539	197.317	3437.32
-215.232	636.785	5085.32
-210.838	355.157	3926.63
945.259	-319.971	4415.59
1224.71	25.7425	4169.62
-750.867	1116.93	3246.6
879.168	724.206	4836.04
-493.428	-282.407	4378.38
-389.225	399.111	4671.64
621.114	413.586	4098.54
-276.867	35.6545	4877.69
633.723	-115.362	3835.59
1301.6	-410.245	3736.99
1070.55	505.746	5242.37
-571.67	-706.619	3513.82
878.968	870.621	4554.76
658.96	-593.442	3893.65
418.464	517.885	3312.21
-725.75	231.246	4198.8
-394.01	-567.344	3387.3
-734.958	-63.9178	3172.45
1076.6	-134.154	3226.37
991.362	203.09	4815.36
-874.211	762.06	4480.17
-137.703	-119.747	4810.88
235.747	-814.737	4654.45
783.066	325.787	5144.66
970.174	282.173	3307.53
1028.13	1004.78	3702.72
-55.763	-567.012	3154.36
902.894	-379.508	3744.5
-411.553	-635.06	4944.14
-286.732	1079.86	3786.94
13.8231	78.6796	4087.85
-155.627	-496.482	4649.56
-402.031	-691.352	4089.88
-528.54	70.7254	3912.68
890.978	-314.754	4001.33
1069.03	-306.928	3713.11
-688.324	733.277	3313.77
257.583	409.098	3833.41
-480.595	-912.932	3402.49
326.649	25.5005	4489.11
881.674	93.9902	4572.59
-110.003	192.143	3546.25
503.225	-516.557	3359.76
-13.4684	-126.523	4294.58
928.333	-118.976	4389.76
869.459	915.081	4621.96
-677.697	-299.561	4120.9
-549.539	197.317	3437.32
-215.232	636.785	5085.32
-210.838	355.157	3926.63
945.259	-319.971	4415.59
1224.71	25.7425	4169.62
-750.867	1116.93	3246.6
879.168	724.206	4836.04
-493.428	-282.407	4378.38
-389.225	399.111	4671.64
621.114	413.586	4098.54
-276.867	35.6545	4877.69
633.723	-115.362	3835.59
1301.6	-410.245	3736.99
1070.55	505.746	5242.37
-571.67	-706.619	3513.82
878.968	870.621	4554.76
658.96	-593.442	3893.65
418.464	517.885	3312.21
-725.75	231.246	4198.8
-394.01	-567.344	3387.3
-734.958	-63.9178	3172.45
1076.6	-134.154	3226.37
991.362	203.09	4815.36
-874.211	762.06	4480.17
-137.703	-119.747	4810.88
235.747	-814.737	4654.45
783.066	325.787	5144.66
970.174	282.173	3307.53
1028.13	1004.78	3702.72
-55.763	-567.012	3154.36
902.894	-379.508	3744.5
-411.553	-635.06	4944.14
-286.732	1079.86	3786.94
13.8231	78.6796	4087.85
-155.627	-496.482	4649.56
-402.031	-691.352	4089.88
-528.54	70.7254	3912.68
890.978	-314.754	4001.33
1069.03	-306.928	3713.11
-688.324	733.277	3313.77
257.583	409.098	3833.41
