-124.976	149.985	4990.58
-210.796	368.294	5330.83
580.963	-695.11	3282.65
556.568	269.578	4332.54
479.116	256.795	4727.49
-82.2532	101.203	4062.37
-441.942	642.047	4674.05
1316.64	-518.358	5162.31
988.375	265.487	5207.34
-316.43	-246.152	4693.21
491.94	1190.12	3404.68
428.965	-14.2852	5239.91
-361.695	-311.126	3239.74
657.389	1014.54	3379.17
-761.56	128.746	4498.36
-213.666	-371.681	5249.14
209.472	257.772	4443.74
294.888	-256.626	3254.76
92.6846	468.874	4585.98
-289.424	752.16	4930.87
433.295	853.024	5178.02
223.857	-946.914	5172.42
-160.345	27.1565	4609.06
255.447	-142.603	4971.29
1102.15	624.861	4310.87
202.999	-268.682	3371.81
587.062	-771.455	4661.55
315.044	-666.58	5175.33
-380.534	-2.32389	4317.73
1139.34	1056.07	3691.19
-563.007	623.336	4399.27
-79.7513	262.688	4669.22
56.6942	146.443	4423.59
-272.164	-168.554	3206.16
-531.897	1155.59	4106.28
832.296	1232.24	3933.64
-15.9	427.195	4685.99
-63.9303	-446.034	3540.1
951.944	471.267	4410.81
456.425	68.9215	3845.16
-85.5357	265.474	5348.11
-391.928	-257.531	5268.45
-614.639	923.882	5390.16
-562.424	944.052	4015.06
952.395	1141.87	3916.3
185.818	764.149	3506.79
-421.865	973.73	3659.89
172.895	673.565	4689.68
336.059	1225.54	4913.52
-135.896	252.631	3922.59
-124.976	149.985	4990.58
-210.796	368.294	5330.83
580.963	-695.11	3282.65
556.568	269.578	4332.54
479.116	256.795	4727.49
-82.2532	101.203	4062.37
-441.942	642.047	4674.05
1316.64	-518.358	5162.31
988.375	265.487	5207.34
-316.43	-246.152	4693.21
491.94	1190.12	3404.68
428.965	-14.2852	5239.91
-361.695	-311.126	3239.74
657.389	1014.54	3379.17
-761.56	128.746	4498.36
-213.666	-371.681	5249.14
209.472	257.772	4443.74
294.888	-256.626	3254.76
92.6846	468.874	4585.98
-289.424	752.16	4930.87
433.295	853.024	5178.02
223.857	-946.914	5172.42
-160.345	27.1565	4609.06
255.447	-142.603	4971.29
1102.15	624.861	4310.87
202.999	-268.682	3371.81
587.062	-771.455	4661.55
315.044	-666.58	5175.33
-380.534	-2.32389	4317.73
1139.34	1056.07	3691.19
-563.007	623.336	4399.27
-79.7513	262.688	4669.22
56.6942	146.443	4423.59
-272.164	-168.554	3206.16
-531.897	1155.59	4106.28
832.296	1232.24	3933.64
-15.9	427.195	4685.99
-63.9303	-446.034	3540.1
951.944	471.267	4410.81
456.425	68.9215	3845.16
-85.5357	265.474	5348.11
-391.928	-257.531	5268.45
-614.639	923.882	5390.16
-562.424	944.052	4015.06
952.395	1141.87	3916.3
185.818	764.149	3506.79
-421.865	973.73	3659.89
172.895	673.565	4689.68
336.059	1225.54	4913.52
-135.896	252.631	3922.59
-124.976	149.985	4990.58
-210.796	368.294	5330.83
580.963	-695.11	3282.65
556.568	269.578	4332.54
479.116	256.795	4727.49
-82.2532	101.203	4062.37
-441.942	642.047	4674.05
1316.64	-518.358	5162.31
988.375	265.487	5207.34
-316.43	-246.152	4693.21
491.94	1190.12	3404.68
428.965	-14.2852	5239.91
-361.695	-311.126	3239.74
657.389	1014.54	3379.17
-761.56	128.746	4498.36
-213.666	-371.681	5249.14
209.472	257.772	4443.74
294.888	-256.626	3254.76
92.6846	468.874	4585.98
-289.424	752.16	4930.87
433.295	853.024	5178.02
223.857	-946.914	5172.42
-160.345	27.1565	4609.06
255.447	-142.603	4971.29
1102.15	624.861	4310.87
202.999	-268.682	3371.81
587.062	-771.455	4661.55
315.044	-666.58	5175.33
-380.534	-2.32389	4317.73
1139.34	1056.07	3691.19
-563.007	623.336	4399.27
-79.7513	262.688	4669.22
56.6942	146.443	4423.59
-272.164	-168.554	3206.16
-531.897	1155.59	4106.28
832.296	1232.24	3933.64
-15.9	427.195	4685.99
-63.9303	-446.034	3540.1
951.944	471.267	4410.81
456.425	68.9215	3845.16
-85.5357	265.474	5348.11
-391.928	-257.531	5268.45
-614.639	923.882	5390.16
-562.424	944.052	4015.06
952.395	1141.87	3916.3
185.818	764.149	3506.79
-421.865	973.73	3659.89
172.895	673.565	4689.68
336.059	1225.54	4913.52
-135.896	252.631	3922.59
-124.976	149.985	4990.58
-210.796	368.294	5330.83
580.963	-695.11	3282.65
556.568	269.578	4332.54
479.116	256.795	4727.49
-82.2532	101.203	4062.37
-441.942	642.047	4674.05
1316.64	-518.358	5162.31
988.375	265.487	5207.34
-316.43	-246.152	4693.21
491.94	1190.12	3404.68
428.965	-14.2852	5239.91
-361.695	-311.126	3239.74
657.389	1014.54	3379.17
-761.56	128.746	4498.36
-213.666	-371.681	5249.14
209.472	257.772	4443.74
294.888	-256.626	3254.76
92.6846	468.874	4585.98
-289.424	752.16	4930.87
433.295	853.024	5178.02
223.857	-946.914	5172.42
-160.345	27.1565	4609.06
255.447	-142.603	4971.29
1102.15	624.861	4310.87
202.999	-268.682	3371.81
587.062	-771.455	4661.55
315.044	-666.58	5175.33
-380.534	-2.32389	4317.73
1139.34	1056.07	3691.19
-563.007	623.336	4399.27
-79.7513	262.688	4669.22
56.6942	146.443	4423.59
-272.164	-168.554	3206.16
-531.897	1155.59	4106.28
832.296	1232.24	3933.64
-15.9	427.195	4685.99
-63.9303	-446.034	3540.1
951.944	471.267	4410.81
456.425	68.9215	3845.16
-85.5357	265.474	5348.11
-391.928	-257.531	5268.45
-614.639	923.882	5390.16
-562.424	944.052	4015.06
952.395	1141.87	3916.3
185.818	764.149	3506.79
-421.865	973.73	3659.89
172.895	673.565	4689.68
336.059	1225.54	4913.52
-135.896	252.631	3922.59
-124.976	149.985	4990.58
-210.796	368.294	5330.83
580.963	-695.11	3282.65
556.568	269.578	4332.54
479.116	256.795	4727.49
-82.2532	101.203	4062.37
-441.942	642.047	4674.05
1316.64	-518.358	5162.31
988.375	265.487	5207.34
-316.43	-246.152	4693.21
491.94	1190.12	3404.68
428.965	-14.2852	5239.91
-361.695	-311.126	3239.74
657.389	1014.54	3379.17
-761.56	128.746	4498.36
-213.666	-371.681	5249.14
209.472	257.772	4443.74
294.888	-256.626	3254.76
92.6846	468.874	4585.98
-289.424	752.16	4930.87
433.295	853.024	5178.02
223.857	-946.914	5172.42
-160.345	27.1565	4609.06
255.447	-142.603	4971.29
1102.15	624.861	4310.87
202.999	-268.682	3371.81
587.062	-771.455	4661.55
315.044	-666.58	5175.33
-380.534	-2.32389	4317.73
1139.34	1056.07	3691.19
-563.007	623.336	4399.27
-79.7513	262.688	4669.22
56.6942	146.443	4423.59
-272.164	-168.554	3206.16
-531.897	1155.59	4106.28
832.296	1232.24	3933.64
-15.9	427.195	4685.99
-63.9303	-446.034	3540.1
951.944	471.267	4410.81
456.425	68.9215	3845.16
-85.5357	265.474	5348.11
-391.928	-257.531	5268.45
-614.639	923.882	5390.16
-562.424	944.052	4015.06
952.395	1141.87	3916.3
185.818	764.149	3506.79
-421.865	973.73	3659.89
172.895	673.565	4689.68
336.059	1225.54	4913.52
-135.896	252.631	3922.59
