34.4595	425.263
34.4595	425.263
33.4247	353.11
42.9525	26.628
44.7413	340.717
49.0511	288.579
49.0511	288.579
66.9217	465.283
68.9494	438.242
72.7872	346.477
76.6506	280.231
87.7808	402.915
92.603	398.091
112.724	295.65
113.15	288.448
116.46	369.791
128.429	328.248
141.878	449.967
141.878	449.967
167.697	325.803
176.756	364.981
176.756	364.981
202.687	300.403
274.932	121.784
321.612	47.3781
361.437	44.0213
382.111	57.7256
384.772	448.336
385.877	298.582
385.877	298.582
389.215	362.866
453.931	45.9369
459.914	48.4455
474.161	36.1994
507.325	69.0038
526.21	211.098
544.561	86.359
572.596	96.9518
587.918	367.424
587.918	367.424
592.316	89.5897
620.437	453.129
628.173	84.6938
656.106	79.4003
675.298	137.781
676.423	45.4716
683.462	156.141
699.366	164.706
705.976	55.1797
713.427	49.2146
714.206	66.0108
723.224	120.652
729.346	109.199
34.3815	425.223
34.3815	425.223
44.577	340.611
49.0857	288.407
49.0857	288.407
67.0471	465.151
66.5811	354.411
68.9782	438.25
72.8099	346.448
76.8169	280.005
78.69	425.997
87.8474	402.932
96.358	304.375
113.216	288.42
116.517	369.809
123.418	334.141
141.861	449.937
141.861	449.937
167.759	325.853
176.774	364.993
176.774	364.993
202.699	300.365
321.688	47.3718
337.972	16.7754
361.36	44.0107
381.959	57.7387
384.76	448.313
385.876	298.536
385.876	298.536
386.782	207.612
386.782	207.612
389.199	362.976
408.796	3.72594
445.274	49.7661
453.824	45.783
459.877	48.425
468.777	31.8629
507.371	68.9964
526.199	211.091
544.623	86.3713
566.895	90.0459
573.098	97.2242
585.474	47.1146
587.874	367.419
587.874	367.419
620.428	453.075
620.428	453.075
639.414	133.959
656.204	79.5689
657.088	136.229
676.329	45.3641
695.44	42.8692
699.4	164.791
704.405	74.229
706.024	55.1857
709.318	166.22
716.345	145.936
716.345	145.936
720.71	454.563
