33.8011	353.234
49.2212	359.463
59.8929	361.763
71.5447	369.34
74.5091	287.523
74.5091	287.523
78.8721	430.578
86.7086	411.885
95.1527	387.395
103.161	360.889
116.595	369.813
123.263	333.737
166.973	327.482
223.943	249.718
223.943	249.718
240.665	209.003
240.665	209.003
286.207	24.4825
367.203	39.5794
379.249	44.6287
381.91	57.7563
387.563	145.779
387.563	145.779
386.773	207.573
386.773	207.573
386.283	248.024
385.856	298.539
385.445	363.107
384.749	448.287
389.047	362.961
388.812	449.121
420.259	5.21728
453.432	45.9518
456.625	14.8625
459.947	48.4831
513.127	82.1846
544.539	86.3219
557.138	91.0163
557.138	91.0163
561.73	113.967
572.92	97.1133
587.918	367.522
674.543	137.37
669.5	470.984
683.417	156.18
678.587	479.108
700.078	160.688
703.981	73.8729
706.224	55.3008
49.115	359.305
64.5143	269.859
73.9492	434.977
77.2791	288.313
78.774	430.604
80.0433	398.249
80.0433	398.249
103.22	360.955
103.22	360.955
109.257	303.704
113.306	288.461
116.579	369.838
123.207	333.512
125.584	328.559
176.696	364.994
240.81	209.026
240.81	209.026
286.344	24.458
295.001	47.2154
361.189	43.9429
367.204	39.5463
381.802	57.7436
387.494	145.812
386.845	207.59
386.845	207.59
386.345	248.052
386.345	248.052
385.868	298.586
385.453	363.081
384.74	448.24
384.74	448.24
429.415	36.0853
445.196	49.8313
458.964	29.1429
459.943	48.4632
466.421	40.8429
468.627	32.1046
500.518	72.1585
513.145	82.1169
544.448	86.2924
561.65	114.008
562.11	302.814
562.11	302.814
572.8	97.1083
620.514	453.177
664.305	127.976
674.745	137.474
669.53	470.945
683.525	156.238
678.701	479.099
695.735	42.8878
699.292	164.669
706.366	55.3217
45.9691	328.476
49.3135	359.399
63.5664	317.885
71.4398	369.261
74.5655	332.252
73.9703	435.019
78.8161	430.692
93.0862	398.913
104.004	290.124
103.237	360.945
116.814	370.07
166.941	327.165
176.679	364.983
176.679	364.983
285.99	24.4932
295.312	47.2709
358.86	27.9464
379.154	44.6116
381.765	57.7084
387.527	145.785
387.527	145.785
386.787	207.606
386.303	248.019
385.842	298.548
389.174	363.231
445.402	49.8215
453.421	46.0373
456.589	14.9076
474.388	35.9493
520.279	74.5808
526.23	211.193
544.716	86.3749
562.066	114.087
572.811	97.0934
592.162	89.6263
656.406	135.919
674.778	137.547
669.722	470.992
699.444	164.682
699.878	160.621
706.357	55.3166
49.1913	359.386
56.1169	330.487
58.0713	286.793
74.1787	434.959
77.2873	280.107
83.3824	419.387
93.0456	398.849
94.798	386.65
103.194	360.881
116.939	370.111
125.464	328.69
166.516	327.857
240.657	208.991
240.657	208.991
285.942	24.4762
286.473	48.5413
305.473	26.8413
357.912	49.4049
358.789	27.7556
367.954	49.8328
379.054	44.565
381.896	57.7019
386.771	207.551
386.771	207.551
385.873	298.542
385.873	298.542
384.763	448.28
389.251	363.158
388.918	449.246
420.245	4.98772
468.612	32.019
474.437	35.7363
500.589	72.1402
513.23	82.1618
544.691	86.3171
561.845	114.024
561.845	114.024
562.077	302.83
562.077	302.83
587.879	367.435
587.879	367.435
620.503	453.127
656.095	79.2876
655.989	135.612
669.608	470.934
691.125	137.819
699.197	164.8
700.055	160.66
33.5722	269.866
45.6087	328.239
49.1132	359.352
56.1374	330.743
56.8579	287.29
64.4258	301.231
74.1862	435.077
79.8785	398.122
86.6837	411.757
92.9869	398.815
103.201	360.948
110.186	304.16
116.833	370.035
125.507	328.677
166.723	327.565
166.723	327.565
240.743	209.011
265.915	146.564
274.916	121.801
286.041	24.4242
305.352	26.8498
359.188	27.4882
367.87	49.9737
372.281	49.7781
372.281	49.7781
379.097	44.6207
380.548	447.937
387.554	145.738
387.554	145.738
386.826	207.588
386.826	207.588
386.309	248.004
386.309	248.004
385.865	298.548
385.865	298.548
385.457	363.101
385.457	363.101
420.245	5.09736
474.492	35.84
474.492	35.84
500.463	72.0991
541.987	252.177
541.987	252.177
561.931	114.038
562.087	302.88
562.087	302.88
572.89	97.112
587.896	367.45
656.089	79.3325
656.198	135.767
664.57	128.186
669.654	470.956
683.696	156.247
699.215	164.851
45.4509	327.79
49.4591	359.517
64.471	301.117
74.2068	435.016
74.3699	357.522
86.6941	411.805
96.4461	368.922
96.4461	368.922
103.229	360.952
104.627	321.933
110.682	304.474
125.757	328.797
166.574	327.626
166.574	327.626
225.391	51.5451
225.391	51.5451
240.795	209.039
240.795	209.039
265.979	146.592
265.979	146.592
285.98	24.4577
285.98	24.4577
305.466	26.8751
367.215	39.5803
367.89	50.0047
372.268	49.7878
372.268	49.7878
379.237	44.611
387.542	145.739
386.84	207.585
386.84	207.585
386.288	248.025
386.288	248.025
385.456	363.108
385.456	363.108
420.237	5.06328
474.587	35.8326
512.775	81.9866
520.364	74.598
526.221	211.148
541.977	252.176
541.977	252.176
544.719	86.2503
561.972	114.054
562.089	302.858
562.089	302.858
572.724	97.0679
587.89	367.442
656.089	135.735
664.643	128.341
669.657	470.966
683.63	156.315
699.112	164.897
49.4458	359.55
57.5106	287.448
64.4398	301.214
74.1719	435.086
74.407	357.545
79.8808	398.15
83.3819	419.408
92.9599	398.802
103.262	360.962
111.179	304.762
111.353	365.241
112.571	295.469
125.844	328.825
166.566	327.803
166.566	327.803
254.291	175.41
266.013	146.514
286.002	24.4013
286.002	24.4013
305.326	26.8518
358.97	27.6098
367.916	50.0181
372.131	49.7859
379.211	44.5887
387.552	145.715
387.552	145.715
386.845	207.594
386.281	247.991
386.281	247.991
385.848	298.553
385.848	298.553
385.452	363.05
389.181	363.062
420.253	5.10924
445.337	49.8224
474.252	36.0981
512.732	81.896
520.196	74.5637
541.977	252.169
541.977	252.169
562.073	113.998
562.078	302.859
562.078	302.859
573.008	97.1542
587.885	367.415
669.483	471.002
683.424	156.168
699.287	164.757
36.3828	273.124
37.9171	268.015
42.3035	341.265
46.2765	327.499
49.395	359.57
63.6566	317.852
64.4396	269.873
65.7831	402.568
74.188	435.074
79.9684	398.186
83.2676	298.418
85.2796	328.628
92.947	398.82
103.159	360.931
113.195	288.374
116.564	369.807
138.081	305.984
166.542	327.718
166.542	327.718
240.722	209.013
265.912	146.591
265.912	146.591
286.1	24.4729
286.1	24.4729
305.427	26.8892
367.153	39.6074
367.919	50.0403
372.199	49.7716
379.23	44.639
381.921	57.7371
387.551	145.725
387.551	145.725
386.844	207.595
386.844	207.595
386.297	248.009
386.297	248.009
385.857	298.547
385.857	298.547
385.458	363.087
401.741	22.6177
460.035	48.4382
474.208	36.11
500.388	72.1361
541.98	252.19
561.988	114.091
562.161	302.874
562.161	302.874
572.919	97.1065
587.908	367.444
620.475	453.093
620.475	453.093
656.255	135.795
669.664	470.889
683.551	156.185
699.301	164.866
37.4763	274.335
42.8487	341.235
46.3792	327.563
49.4457	359.568
63.502	317.79
64.4011	269.853
64.2436	301.183
65.8515	402.603
74.2066	435.043
79.9119	398.166
85.3045	328.649
93.0148	398.863
103.188	360.925
112.884	305.807
116.629	369.851
126.349	329.197
138.121	306.006
166.554	327.759
166.554	327.759
240.712	208.992
240.712	208.992
265.878	146.541
274.84	121.766
286.11	24.5387
286.11	24.5387
305.325	26.8693
358.832	27.7074
367.905	49.9807
372.073	49.7947
372.073	49.7947
378.999	44.5591
381.403	37.5636
387.543	145.759
386.849	207.589
386.296	248.013
386.296	248.013
385.855	298.563
385.455	363.068
385.455	363.068
468.628	32.1222
474.38	35.8289
500.419	72.135
520.255	74.6216
541.996	252.181
541.996	252.181
561.991	114.051
562.113	302.889
562.113	302.889
572.961	97.1446
587.917	367.435
656.254	135.772
674.508	137.282
669.596	470.928
698.969	164.815
23.2207	382.351
38.7086	268.527
46.4364	327.591
49.1332	359.52
51.5694	337.569
62.1312	370.141
64.5717	269.873
64.5784	301.451
66.3114	291.86
74.165	435.115
79.9082	398.18
85.2804	328.629
86.6832	411.764
103.176	360.927
113.173	288.357
113.209	295.79
116.895	370.119
126.741	329.483
166.486	327.744
166.486	327.744
240.779	208.977
274.8	121.729
274.8	121.729
281.095	48.4943
286.076	24.5371
305.427	26.8706
358.819	27.7
367.957	50.0174
372.166	49.7748
372.166	49.7748
379.215	44.6429
386.838	207.577
386.303	247.996
386.303	247.996
385.846	298.551
385.846	298.551
385.464	363.096
385.464	363.096
401.849	22.7213
459.936	28.4232
474.573	35.8689
512.926	82.052
520.141	74.5871
542.017	252.175
544.712	86.2293
561.936	114
562.064	302.846
562.064	302.846
572.784	97.0562
587.874	367.406
656.072	79.2966
656.233	135.761
664.512	128.181
669.598	471.007
683.681	156.276
699.326	164.842
