64.2918	269.834
64.6095	301.38
74.5511	332.296
85.4018	328.617
86.724	411.785
93.1399	399.082
93.8366	384.053
94.7381	411.637
104.366	290.103
108.684	376.399
109.37	325.797
109.37	325.797
113.189	288.381
119.038	310.498
165.688	328.466
176.645	364.998
274.816	121.735
274.816	121.735
321.82	47.3962
361.24	43.9689
379.273	44.5982
381.942	57.7304
386.788	207.563
386.788	207.563
385.867	298.575
389.266	363.037
389.008	449.006
500.729	72.2095
541.953	252.164
544.748	86.3533
562.076	302.842
562.076	302.842
669.45	470.889
33.1167	338.992
60.1452	362.135
64.5958	301.44
71.9121	352.013
74.3461	434.726
81.4744	399.511
85.3412	328.618
86.7161	411.781
103.815	290.07
113.168	288.387
117.021	370.663
119.588	310.72
126.925	330.294
127.635	331.72
165.745	328.36
176.628	364.952
202.734	300.356
202.734	300.356
254.16	175.362
254.16	175.362
321.727	47.3457
334.019	21.3851
371.949	49.8126
371.949	49.8126
386.802	207.558
389.224	363.18
388.952	449.003
500.687	72.2283
541.956	252.173
541.956	252.173
572.786	97.0577
646.671	503.705
675.078	137.703
669.634	470.999
64.5795	301.413
74.3499	434.749
81.3929	347.611
85.3565	328.578
86.7345	411.802
94.2618	300.026
94.0772	384.48
104.693	371.043
110.159	326.475
120.444	311.643
127.025	330.823
138.127	306.009
165.303	328.844
176.64	364.939
202.751	300.335
202.751	300.335
240.677	208.961
254.148	175.362
254.148	175.362
321.7	47.3406
371.979	49.7951
371.979	49.7951
389.297	363.072
388.962	448.949
500.609	72.1557
526.272	211.15
562.095	302.83
562.095	302.83
669.458	470.889
74.3578	434.753
82.0294	347.987
85.3442	328.619
86.7549	411.774
91.3422	284.377
94.0313	384.508
104.059	290.079
105.135	371.781
110.252	377.555
110.733	326.826
111.22	365.004
113.144	288.341
121.143	311.958
165.335	328.918
176.627	364.944
202.739	300.353
202.739	300.353
240.724	208.994
254.079	175.359
254.079	175.359
321.68	47.3691
334.068	21.3788
386.764	207.538
385.866	298.555
385.866	298.555
385.45	363.088
389.226	363.134
388.954	448.945
542.007	252.168
542.007	252.168
562.053	302.824
562.053	302.824
669.554	470.826
71.9202	401.526
74.3146	434.717
85.3662	328.619
86.7947	411.783
87.5037	311.303
94.1959	384.848
96.1242	349.231
104.213	317.1
106.996	366.51
111.523	327.542
111.404	365.159
121.815	312.372
127.613	331.729
138.045	305.904
165.434	328.832
176.6	364.965
202.695	300.341
202.695	300.341
254.112	175.348
254.112	175.348
274.422	121.685
274.422	121.685
321.821	47.3534
367.257	39.5534
372.103	49.8062
372.103	49.8062
386.772	207.534
385.866	298.52
385.866	298.52
385.453	363.075
389.232	363.018
388.998	448.969
500.607	72.1556
541.964	252.172
541.964	252.172
562.074	302.83
562.074	302.83
669.426	470.931
32.7762	345.196
64.4559	269.916
72.2233	401.579
73.9318	313.222
85.3276	328.637
86.7766	411.842
90.8243	284.653
94.1998	384.881
94.7095	411.617
103.127	360.953
106.745	366.436
107.099	318.036
117.445	347.51
122.406	312.739
129.47	332.122
164.921	329.337
176.594	364.974
202.727	300.335
202.727	300.335
254.104	175.363
254.104	175.363
274.53	121.713
321.628	47.3613
334.024	21.4182
379.332	44.6309
381.836	57.7776
386.788	207.545
385.867	298.56
384.743	448.333
389.25	363.121
388.878	449.124
474.573	35.6664
541.993	252.18
562.082	302.843
562.082	302.843
587.879	367.463
647.665	502.856
669.457	470.918
57.8329	368.277
72.4104	401.7
72.658	353.596
74.3377	434.78
84.6482	303.721
86.8354	411.845
87.6927	311.523
103.125	360.898
106.888	373.734
108.978	318.955
119.385	373.361
123.107	313.241
129.522	332.091
164.924	329.215
240.758	208.98
254.214	175.353
254.214	175.353
321.734	47.3397
359.093	27.6833
379.271	44.5952
389.238	363.215
541.917	252.162
541.917	252.162
544.658	86.3168
562.105	302.827
562.105	302.827
646.989	503.468
669.433	470.96
72.6546	401.792
74.339	434.756
84.6618	303.684
85.3873	328.617
91.4716	284.272
93.1462	399.056
94.4904	385.545
103.062	360.714
123.417	313.632
129.654	332.04
130.195	342.816
137.954	305.788
176.629	364.953
176.629	364.953
202.781	300.301
202.781	300.301
240.685	208.963
254.214	175.343
261.494	48.9579
266.809	48.8874
321.683	47.3402
381.851	57.673
380.407	448.167
385.857	298.546
385.857	298.546
389.215	362.893
541.982	252.158
541.982	252.158
562.093	302.814
562.093	302.814
587.894	367.453
620.556	453.158
646.744	503.621
669.44	470.899
60.2116	361.921
72.8577	401.96
74.4413	349.129
74.4413	349.129
78.6954	430.58
84.6578	303.726
87.5483	311.291
94.823	386.186
110.827	320.197
115.934	369.188
127.29	333.733
130.468	343.241
138.1	306.01
207.804	53.3936
207.804	53.3936
240.675	208.996
254.196	175.345
254.196	175.345
303.367	38.2057
321.765	47.358
372.054	49.7915
372.054	49.7915
389.223	363.098
388.918	449.19
500.562	72.1412
541.96	252.174
562.107	302.838
562.107	302.838
647.119	503.333
669.376	470.947
50.1399	361.178
57.6131	286.719
57.6131	286.719
60.0417	361.721
73.0957	402.02
74.9203	349.448
74.9203	349.448
94.8737	386.892
111.864	320.956
113.015	288.396
116.811	334.38
130.178	332.097
164.518	329.775
202.702	300.375
202.702	300.375
240.629	209.008
254.224	175.412
288.535	34.9926
288.535	34.9926
305.445	26.9932
359.163	27.7792
379.184	44.6119
381.823	57.7155
385.829	298.536
385.471	363.099
389.201	363.018
389.222	448.956
420.241	4.93554
474.633	35.6751
513.089	82.1227
520.757	74.59
526.318	211.073
526.318	211.073
561.768	113.913
562.038	302.805
562.038	302.805
572.807	97.089
674.919	137.609
669.536	470.908
683.505	156.328
