25.0221	436.879
28.4061	442.657
34.2339	353.131
42.9833	26.5967
46.4313	358.378
52.6694	323.183
57.188	286.999
64.3745	269.835
71.4583	352.091
80.0751	397.736
84.7702	303.755
91.6983	284.323
95.7052	388.696
102.787	360.385
118.191	326.789
129.673	339.708
132.399	331.804
137.059	339.072
141.845	449.948
144.614	65.1983
202.728	300.434
254.309	175.515
283.434	100.551
321.532	47.4181
379.212	44.6932
386.287	248.032
386.287	248.032
386.804	207.583
386.804	207.583
389.28	363.09
500.293	72.1263
507.189	69.0141
526.262	211.118
542.05	252.149
562.175	302.88
562.175	302.88
572.734	97.0696
587.922	367.526
587.922	367.526
620.506	453.149
639.542	133.974
669.129	471.025
683.672	156.255
690.977	137.822
690.977	137.822
699.88	160.64
714.083	65.9714
714.7	61.2501
25.0167	436.936
28.067	442.607
46.3389	358.43
52.4947	323.162
56.9869	344.968
57.2243	286.999
59.6834	368.185
64.2408	269.866
75.4241	442.017
80.0743	397.826
81.2282	347.689
84.7414	303.806
91.4076	284.463
95.7922	388.722
96.0405	304.433
132.411	331.79
141.819	449.961
141.819	449.961
176.621	365.088
202.692	300.45
223.962	249.764
223.962	249.764
235.614	50.5537
240.798	209.018
254.295	175.5
254.295	175.5
321.504	47.4534
381.717	57.7499
385.848	298.594
386.291	248.027
386.291	248.027
389.2	448.856
459.464	21.839
493.761	124.395
526.298	211.132
526.298	211.132
542.031	252.162
544.187	86.2663
561.525	114.089
561.525	114.089
562.093	302.892
562.093	302.892
587.917	367.516
587.917	367.516
603.33	89.3363
620.55	453.155
639.627	134.025
669.101	470.979
683.624	156.204
699.846	160.637
707.819	127.654
714.117	65.9734
717.272	107.46
719.527	439.832
720.876	454.636
724.398	80.0839
27.0146	442.126
39.9132	439.977
42.8469	26.5185
46.3105	358.365
48.9924	360.557
52.7208	323.198
57.6483	286.975
75.5617	441.96
81.0397	347.51
84.7394	303.76
91.4233	284.433
93.0526	399.415
95.7405	388.63
95.9301	304.373
102.113	359.803
118.259	284.748
132.579	332.005
136.505	338.74
136.505	338.74
141.827	449.938
141.827	449.938
202.688	300.371
202.688	300.371
223.991	249.724
254.305	175.471
254.305	175.471
274.987	121.828
274.987	121.828
321.548	47.3847
385.826	298.563
386.281	248.016
386.793	207.558
387.584	145.81
389.274	362.946
389.132	449.03
542.007	252.131
542.007	252.131
544.537	86.3028
561.556	114.144
562.197	302.847
562.197	302.847
572.183	96.8571
587.895	367.469
620.546	453.133
620.546	453.133
639.598	133.966
655.727	135.53
669.066	471
674.583	137.264
683.518	156.193
699.86	160.578
707.872	127.65
714.139	65.9012
724.502	79.9966
42.8386	26.4169
46.3754	358.257
56.0216	344.61
57.3413	287.107
59.6867	368.332
60.3191	361.221
64.4982	269.862
79.5157	397.408
84.7382	303.704
91.6965	284.32
95.7234	388.405
95.8727	304.326
127.999	338.749
132.418	332.078
176.674	364.991
202.698	300.355
202.698	300.355
274.989	121.728
275.979	48.6453
321.465	47.3511
381.737	57.6339
380.388	448.226
385.429	363.061
385.835	298.526
386.275	247.96
386.275	247.96
386.796	207.506
386.796	207.506
387.544	145.755
389.284	362.899
389.163	448.923
459.624	21.7228
474.405	35.8719
512.84	82.0097
526.239	211.037
542.062	252.108
542.062	252.108
544.618	86.2865
561.564	114.084
562.2	302.813
562.2	302.813
570.401	101.976
587.907	367.41
587.907	367.41
620.477	453.042
655.839	135.498
669.051	471.016
674.74	137.359
683.749	156.159
699.816	160.516
714.272	65.9244
721.86	112.616
724.357	79.9786
33.9586	354.004
41.3413	21.4222
57.7642	287.031
59.3114	352.37
64.4152	301.608
64.4539	269.934
75.6173	441.971
79.2752	397.341
80.5851	347.137
87.58	311.439
91.5196	284.394
95.7165	388.343
132.346	332.151
134.424	337.806
141.831	449.929
202.719	300.35
202.719	300.35
244.402	49.8686
254.331	175.434
266.013	146.576
303.594	37.4833
321.404	47.394
381.748	57.706
380.39	448.309
385.823	298.549
386.279	247.995
386.279	247.995
386.79	207.537
386.79	207.537
387.573	145.791
389.342	363.03
389.17	448.781
459.567	21.6938
474.42	35.897
493.806	124.307
493.806	124.307
500.486	72.1458
542.022	252.118
542.022	252.118
544.498	86.2569
561.511	114.119
561.511	114.119
562.209	302.837
562.209	302.837
587.903	367.465
587.903	367.465
655.695	135.502
674.534	137.258
678.231	479.281
678.231	479.281
683.619	156.14
690.971	137.781
714.091	65.9237
724.391	80.0193
730.499	145.967
23.6613	441.091
57.3144	287.115
57.3144	287.115
58.0506	351.804
58.0506	351.804
64.4815	269.894
75.6012	441.994
84.7384	303.8
86.9766	412.46
87.5174	311.398
91.6922	284.428
95.6599	388.122
103.142	360.724
103.142	360.724
127.335	338.294
128.556	318.115
132.358	332.356
141.848	449.954
176.673	365.065
223.906	249.77
254.311	175.486
274.907	121.79
274.907	121.79
321.558	47.458
379.296	44.7864
386.284	248.02
386.284	248.02
386.797	207.578
386.797	207.578
387.582	145.823
389.265	363.055
389.171	449.041
459.498	21.7683
500.401	72.1572
542.033	252.156
544.526	86.3144
561.579	114.117
572.11	96.8636
587.918	367.516
587.918	367.516
620.507	453.135
656.036	79.5802
669.015	471.119
674.656	137.455
678.31	479.404
683.613	156.246
695.531	42.7838
699.957	160.651
707.705	127.529
724.384	80.065
21.1785	440.557
25.2173	436.708
31.9899	330.043
33.82	353.956
41.2741	21.4326
42.9057	26.6002
57.3487	287.045
63.7917	318.067
64.3718	269.881
75.5484	442.039
78.2779	397.057
84.7361	303.858
91.6054	284.517
95.5983	387.806
103.113	360.739
103.113	360.739
128.305	317.911
132.226	332.54
141.827	450.026
141.827	450.026
144.613	65.2198
176.624	365.14
202.824	300.47
223.939	249.816
223.939	249.816
321.484	47.4628
361.007	44.0412
381.761	57.8423
380.428	448.466
385.83	298.613
386.282	248.073
386.282	248.073
387.552	145.903
389.348	363.035
389.167	449.094
500.412	72.2026
512.937	82.1118
542.043	252.178
561.482	114.137
562.22	302.92
562.22	302.92
569.968	102.623
587.917	367.575
587.917	367.575
620.541	453.216
620.541	453.216
669.195	471.042
674.604	137.366
678.251	479.359
683.673	156.306
699.868	160.692
707.555	127.521
714.066	66.021
724.307	80.1469
24.9375	436.457
33.8434	353.821
41.3908	21.4453
47.1011	357.817
49.2923	297.749
57.1896	287.064
64.4092	269.81
75.5084	441.998
84.6748	303.744
86.9888	412.373
87.1203	311.065
91.2898	284.447
95.6564	387.812
103.167	360.635
103.167	360.635
128.012	317.49
132.149	332.496
144.544	65.1184
202.789	300.321
202.789	300.321
254.295	175.394
254.295	175.394
303.715	37.6811
321.473	47.3453
380.334	447.924
385.434	363.035
385.851	298.508
386.282	247.986
386.282	247.986
386.805	207.527
387.568	145.762
389.286	363.095
459.51	21.7118
474.285	36.021
500.363	72.0722
507.156	68.9133
542.023	252.121
562.169	302.815
562.169	302.815
570.58	102.007
572.267	96.8674
587.91	367.434
587.91	367.434
656.034	79.4904
669.063	471.049
674.725	137.35
683.58	156.23
699.859	160.56
714.089	65.9149
722.65	120.389
724.421	80.022
47.0918	357.809
57.0354	286.899
58.7206	368.308
64.3415	269.777
75.5237	441.967
84.6528	303.732
86.9822	412.371
88.3578	418.162
91.6278	284.385
94.607	354.823
113.501	322.083
117.307	370.152
127.771	317.293
129.561	336.653
131.876	332.576
141.944	449.868
141.944	449.868
176.67	364.985
202.715	300.313
202.715	300.313
254.34	175.376
275.1	121.719
286.428	24.4516
286.428	24.4516
321.477	47.3624
380.263	448.018
385.441	363.005
385.441	363.005
385.822	298.494
386.286	247.959
386.286	247.959
386.816	207.503
387.562	145.746
459.538	21.616
507.399	68.9598
542.005	252.096
542.005	252.096
544.391	86.2237
561.529	114.049
562.152	302.791
562.152	302.791
569.721	102.631
587.902	367.399
587.902	367.399
620.459	453.027
656.049	79.4881
669.014	471.053
674.824	137.466
683.529	156.161
688.266	73.9867
699.884	160.536
707.808	127.505
714.09	65.8909
19.4314	289.747
31.0772	345.295
41.4085	21.4772
47.1389	357.791
57.1795	286.964
64.4195	301.565
64.4634	269.849
80.684	378.384
86.9492	412.363
91.7361	284.357
92.9776	354.012
95.5382	387.379
112.654	321.451
129.072	336.251
131.203	307.421
131.652	332.667
176.664	365.021
202.748	300.349
202.748	300.349
208.094	53.3882
235.724	50.4804
265.972	146.549
274.933	121.74
303.905	37.4867
321.603	47.3793
385.846	298.531
386.293	247.991
386.813	207.536
387.573	145.787
389.305	363.162
474.27	36.0167
500.317	72.0835
542.048	252.113
542.048	252.113
544.669	86.3196
570.151	102.085
572.604	96.9482
587.902	367.469
587.902	367.469
620.515	453.116
620.515	453.116
655.773	135.512
656.186	79.5981
678.352	479.246
678.352	479.246
683.577	156.138
699.876	160.578
707.708	127.47
714.05	65.9163
717.349	107.378
724.472	79.9752
