-1130.86	125.125	1179.77
-1057.23	238.231	1126.85
-1045.04	167.342	1156.56
-1045.04	167.342	1156.56
-1171.84	702.282	1348.08
-1097.02	545.063	1268.45
-1143.46	631.96	1351.58
-1144.69	596.971	1384.32
-959.4	391.876	1205.55
-959.4	391.876	1205.55
-983.108	269.087	1443.95
-1062.11	880.633	1540.17
-1113.24	417.1	1808.79
-1147.9	-263.891	2800.59
-1107.35	-553.041	2970.28
-1225.89	-2535.1	4693.97
-993.892	-2834.69	5256.47
-457.407	-3093.06	5639.79
-357.21	-3093.72	5521.96
-246.512	-2610.46	4908.09
-246.512	-2610.46	4908.09
-28.092	-282.585	2898.36
-28.092	-282.585	2898.36
-28.5796	32.7978	2579.81
-27.6595	335.372	2232.09
-27.6595	335.372	2232.09
802.837	-2823.07	5305.03
1062.51	-2868.74	4925.85
1576.16	-2456.53	5216.07
1718.12	-2235.65	4810.73
1107.88	-263.132	2978.56
2312.72	-1746.21	4904.45
1148.99	397.434	2442.78
1148.99	397.434	2442.78
2321.18	-1860.71	4613.57
1113.48	698.178	2050.29
2751.94	-1209.08	3990.38
3333	-2057.92	4514.78
3628.24	-1464.61	4919.86
3242.44	-1364.96	4263.61
1240.32	1010.67	1595.33
1248.47	1015.45	1602.36
3643.3	-929.124	4249.01
3516.59	-942.802	4085.62
3475.95	-1954.97	3824.09
-1844.7	698.127	1793.96
-1152.71	129.948	1205.12
-1023.45	93.4074	1109.46
-1014.27	99.6052	1124.32
-1019.97	285.545	1162.66
-1157.21	693.815	1331.68
-1132.47	626.112	1338.88
-1128.25	596.828	1341.64
-1014.4	138.178	1224.94
-1140.31	594.741	1379.11
-1021.45	165.884	1287.7
-960.494	392.298	1206.82
-937.689	318.698	1305.93
-979.304	241.871	1406.81
-1055.38	875.257	1530.75
-1102.91	412.812	1792.25
-1260.02	-2603.77	4821.26
-912.433	-2603.88	4829.2
-257.183	-2716.26	5107.4
-257.183	-2716.26	5107.4
-155.626	-2787.15	5101.43
-127.069	-2927.6	5171.54
-28.0857	-282.29	2896.01
-28.0857	-282.29	2896.01
-28.5738	32.8526	2581.84
-28.5738	32.8526	2581.84
-27.5024	334.415	2224.96
-27.5024	334.415	2224.96
1058.68	-2858.02	4909.47
1106.43	-2740.24	4805.68
1716.08	-2229.88	4798.59
1716.08	-2229.88	4798.59
1130.75	-268.66	3042.54
1120.29	64.056	2700.63
2414.1	-1822.43	5118.81
1139.78	394.303	2423.71
1139.78	394.303	2423.71
2279.33	-1826.07	4528.97
1107.91	694.589	2039.43
2738.06	-1204.59	3973.89
3337.67	-2061.63	4521.84
1254.58	1023.15	1614.62
1268.62	1034.46	1575.15
3363.97	-2215.62	3937.63
4218.55	-1076.82	4922.07
3560.28	-954.404	4136.18
-1014.46	319.381	1019.1
-1293.96	189.006	1324.98
-1152.61	130.096	1205.29
-1035.24	388.055	1117.26
-1043.09	103.13	1155.52
-1066.32	306.789	1194.66
-1004.52	328.022	1126.42
-1011.58	396.06	1137.33
-964.343	348.193	1097.14
-1038.92	181.169	1181.12
-1230.45	618.588	1409.08
-1153	635.483	1362.5
-1141.98	596.038	1381.87
-1043.66	199.413	1273.25
-990.323	430.758	1280.5
-966.962	324.267	1342.62
-966.962	324.267	1342.62
-1130.13	426.776	1831.76
-1053.3	597.99	1789.78
-1358.17	-2135.89	3982.99
-1358.17	-2135.89	3982.99
-1763.66	-3690.11	6106.81
-1460.89	-2987.69	5526.95
-938.468	-2680.92	4971.92
-608.683	-3387.07	5015.85
-392.401	-3195.79	5239.96
-242.798	-3060.34	4638.88
-25.1602	918.359	1635.81
-173.1	-3071.55	5620.21
-122.753	-2657.76	5210.67
-5.97254	915.293	1626.25
-5.803	620.041	1896.79
-27.7528	-280.256	2871.67
687.96	-2412.62	4533.84
1125.39	-267.241	3028.5
1125.39	-267.241	3028.5
1105.26	381.892	2346.74
1105.26	381.892	2346.74
1123.17	704.248	2067
1090.58	991.805	1709.1
1090.58	991.805	1709.1
-1122.87	131.397	1202.5
-1065.73	105.015	1179.48
-1062.05	416.153	1194.33
-1002.82	330.061	1127.66
-968.231	351.115	1103.36
-1048.57	182.628	1191.53
-1290.27	647.649	1477.75
-1158.64	677.818	1332.62
-1136.64	601.055	1350.88
-1134.54	592.282	1373.03
-1058.83	202.191	1291.5
-965.418	393.061	1212.01
-995.258	432.771	1286.76
-1035.09	279.514	1339.08
-994.495	333.633	1382.56
-994.495	333.633	1382.56
-1063.26	401.613	1724.22
-1123.15	-561.411	3013.75
-1123.15	-561.411	3013.75
-1668.48	-2845.93	5304.05
-1532.83	-3212.28	5315.9
-1398.23	-2861.72	5295.22
-846.423	-2423.97	4496.36
-689.838	-2996.16	4796.76
-265.287	-2809.84	5283.43
-265.287	-2809.84	5283.43
-25.5663	627.83	1922.86
-2.99833	470.943	837.007
-27.2994	334.526	2226.6
-28.4764	32.6147	2568.83
1122.71	64.5372	2703.98
1122.71	64.5372	2703.98
1125.75	706.038	2072.07
1125.75	706.038	2072.07
1096.75	997.522	1718.98
1096.75	997.522	1718.98
-1135.83	128.735	1188.17
-1123.53	132.952	1204.62
-1030.79	386.633	1112.42
-999.53	392.618	1125.74
-1180.08	689.86	1356.5
-1147.24	634.053	1357.4
-1138.05	594.032	1377.05
-1049.94	200.658	1280.9
-970.575	395.492	1218.68
-996.15	433.738	1288.26
-1041.68	284.461	1352.31
-979.061	330.761	1363.66
-979.061	330.761	1363.66
-1104.78	417.837	1790.22
-1050.43	596.476	1785.08
-1082.94	327.809	2102.51
-1082.81	40.3883	2375.41
-1130.16	-260.275	2759.04
-1130.16	-260.275	2759.04
-1161.33	-903.082	3405.2
-1161.33	-903.082	3405.2
-1709.3	-3575.8	5919.17
-1709.3	-3575.8	5919.17
-1622.23	-3317.34	6136.66
-880.921	-2520.15	4674.51
-331.229	-2895.93	5168.18
-25.1459	921.803	1641.28
-26.9632	333.455	2216.28
-26.9632	333.455	2216.28
-121.057	-2625.81	5148.49
1139.85	65.3064	2749.11
1122.09	387.989	2383.04
1122.09	387.989	2383.04
-1136.24	129.652	1189.28
-1042.03	391.003	1124.33
-994.615	355.169	1080.24
-1008.18	160.809	1117.19
-992.775	99.4451	1100.87
-1009.84	337.618	1142.53
-1276.77	643.586	1462.43
-1005.55	175.924	1144.93
-941.218	350.922	1086.75
-1142.33	631.602	1351.97
-924.741	375.707	1112.1
-924.741	375.707	1112.1
-991.736	431.515	1282.57
-1045.09	482.172	1379.1
-989.918	335.771	1381.24
-1060.69	602.19	1802.3
-1191.18	-593.822	3186.45
-1668.24	-3488.53	5773.13
-1668.24	-3488.53	5773.13
-1170.27	-2404.97	4448.74
-926.502	-2647.77	4911.28
-755.424	-2988.78	4883.32
-691.387	-3005.3	4811.86
-399.71	-2762.35	5041.09
-25.3965	924.717	1646.3
-6.16925	897.765	1592.96
-27.2894	334.681	2224.84
-28.8102	32.9639	2598.7
-28.8102	32.9639	2598.7
-28.5073	-285.052	2922.34
-28.5073	-285.052	2922.34
1136.32	65.2982	2738.51
1136.32	65.2982	2738.51
1173.51	405.674	2493.15
1173.51	405.674	2493.15
1120.83	702.906	2062.64
-1134.11	129.134	1186.63
-1046.93	392.845	1129.38
-1006.64	359.701	1093.45
-1086.27	110.249	1205.08
-1005.62	337.358	1139.84
-1240.64	624.593	1422.62
-1023.72	286.318	1166.8
-1033.65	179.969	1175.43
-948.3	355.841	1098.34
-1042.55	120.075	1202.58
-1130.83	598.026	1344.14
-1134.06	591.863	1372.42
-994.283	432.807	1286.12
-1026.11	287.461	1342.14
-1026.11	287.461	1342.14
-985.757	335.975	1377.43
-985.757	335.975	1377.43
-993.136	245.316	1426.81
-1108.18	417.977	1795.85
-1061.42	321.111	2061.93
-908.012	-2598.56	4818.91
-720.397	-2852.38	4661.19
-27.1137	333.725	2218.88
-28.5086	32.4345	2585.8
-28.5086	32.4345	2585.8
410.329	-2168.31	3792.26
1149.14	397.404	2441.85
1149.14	397.404	2441.85
1113.32	697.729	2048.65
-1047.49	167.45	1161.02
-1080.54	111.222	1200.06
-1004.67	396.064	1134.18
-1011.49	341.818	1149.73
-1011.49	341.818	1149.73
-1227.1	618.423	1406.55
-1067.68	123.869	1230.7
-1140.43	603.252	1355.45
-1142.2	596.443	1382.4
-1036.35	197.968	1264.65
-962.845	391.544	1208.61
-982.036	427.564	1270.59
-1032.7	292.63	1354.7
-1025.22	473.024	1353.14
-991.186	338.876	1386.12
-991.186	338.876	1386.12
-973.497	266.341	1430.17
-1090.96	329.843	2117.81
-1100.82	-857.617	3233.42
-45.2866	936.379	1671.27
-24.9271	915.753	1630.65
-27.1874	334.239	2223.43
-27.1874	334.239	2223.43
-28.4614	32.7361	2577.66
-28.0012	-282.807	2897.89
526.067	-1427.25	2843.48
1139.44	394.053	2421.29
-1079.77	237.192	1068.32
-1336.64	617.523	1411.56
-989.313	300.784	1064.75
-981.157	78.5	1083.21
-1037.19	107.085	1154.66
-1029.03	287.974	1172.67
-1185.22	710.066	1363.38
-1126.48	622.6	1331.63
-1120.79	585.33	1356.25
-972.111	200.383	1193.08
-1000.45	162.603	1263.36
-949.202	386.439	1192.17
-965.719	334.783	1354.22
-975.002	240.716	1400.78
-1049.15	870.231	1522.21
-1067.83	399.088	1736
-1116.52	41.46	2447.94
-1116.52	41.46	2447.94
-1119.24	-257.617	2731.62
-25.7383	-893.631	3354.11
-27.3783	334.166	2224.16
-25.9362	629.83	1929.78
-6.3902	910.418	1616.48
1147.82	396.786	2439.62
1147.82	396.786	2439.62
1126.53	706.371	2074.11
1312.32	1070.74	1630.34
-1030.19	317.082	1033.56
-1522.59	698.579	1600.14
-980.346	298.457	1056.05
-996.71	79.7028	1100.13
-1172.06	702.283	1348.39
-1132.26	648.198	1324.35
-1094.35	606.022	1294.63
-1118.77	583.68	1353.51
-987.14	203.837	1211.24
-947.295	384.879	1189.16
-947.295	384.879	1189.16
-1038.32	301.255	1370.14
-955.981	331.58	1340.63
-1048.2	869.292	1520.59
-1048.2	869.292	1520.59
-1086.26	407.013	1764.88
-1068.74	39.5893	2347.44
-1068.74	39.5893	2347.44
-1113.96	-556.683	2988.76
-1113.96	-556.683	2988.76
-1054.48	-822.029	3098.66
-28.8491	32.5736	2582.4
1134.79	-270.183	3053.51
1156.66	65.8278	2790.28
1151.77	398.165	2449.19
1151.77	398.165	2449.19
1128.94	707.974	2079.23
1101.36	1001.84	1727.15
1101.36	1001.84	1727.15
1342.6	1096.9	1669.41
1342.6	1096.9	1669.41
