-3100.71	869.429	3214.23
-3012.48	679.296	3215.2
-3012.48	679.296	3215.2
-2895.59	1979.81	3197.4
-3062.94	243.971	3380.74
-2882.07	985.261	3198.84
-3070.3	1845.97	3473.83
-2838.84	1021.17	3231.33
-3046.41	1827.65	3509.44
-2995.41	1651.92	3541.97
-3033.08	1571.39	3662.99
-2968.7	553.987	3863.26
-2966.77	479.929	3871.34
-3062.95	1047.88	4062.49
-2806.67	1046.91	4575.72
-2632.92	1494.93	4475.48
-2632.92	1494.93	4475.48
-2645.25	801.239	5140.24
-2645.25	801.239	5140.24
-2673.42	-615.497	6527.78
-2099.93	-5984.18	11098
-716.94	-6418.27	11451.8
-60.7635	2227.93	3967.32
-60.7635	2227.93	3967.32
-65.1727	797.108	5307.65
-65.1727	797.108	5307.65
-15.8293	1515.36	4645.72
-64.0689	-651.977	6684.33
-60.1366	-2102.49	7893.71
-60.1366	-2102.49	7893.71
1690.46	-5942.19	11164.3
3346.67	-5210.28	11065
2530.11	-602.155	6807.47
2530.11	-602.155	6807.47
4545.99	-4638.3	10720.4
2607.51	900.911	5540.86
2607.51	900.911	5540.86
4766.36	-3596.84	10108.6
4766.36	-3596.84	10108.6
6062.19	-4623.53	10877.3
2581.73	2347.96	4048.38
2581.73	2347.96	4048.38
7198.29	-2913.98	9772.58
7490.53	-4629.78	10147.4
7083.98	-2980.78	9313.76
8546.35	-5922.7	10704.9
7396.78	-1888.54	8625.17
8440.15	-4561.84	9630.38
7639.67	-1868.87	8627.07
2917.01	1738.67	3176
2833.67	1805.99	3060.96
9255.17	-3663	9994.35
-3135.92	878.932	3249.66
-2877.31	1002.29	3040.96
-2971.26	1315.9	3215.41
-2971.26	1315.9	3215.41
-3134.21	250.718	3459.81
-3068.18	1844.71	3471.81
-2781.71	1956.68	3174.54
-2874.12	1033.44	3270.68
-2874.12	1033.44	3270.68
-3077.83	1846.08	3543.95
-2941.72	860.431	3489.21
-3075.61	587.251	3753.76
-3047.03	1805.61	3934.99
-2947.37	477.298	3846.79
-2769.4	1033.77	4515.04
-2649.58	1504.9	4504.26
-2649.58	1504.9	4504.26
-2654.68	804.033	5156.71
-2654.68	804.033	5156.71
-2656.25	99.5055	5828.75
-2651.74	-610.621	6477.9
-2651.74	-610.621	6477.9
-2753.49	-2894.33	8684.02
-2753.49	-2894.33	8684.02
-2169.54	-6182.53	11466.8
-336.532	-6176.84	11307.2
-253.375	-5653.73	11087.1
-65.2181	797.774	5312.38
-67.0484	76.6881	6045.13
-14.6103	1504.22	4612.74
-62.4261	-2134.14	8010.71
-62.4261	-2134.14	8010.71
2479.84	-6688.22	11479.9
2635.67	-6529.81	11450.8
3166.84	-4921.58	10451.4
2522.5	-2128.2	8202.79
3660.79	-4809.72	10852.8
2534.53	143.987	6112.97
2534.53	143.987	6112.97
4731.44	-4822.1	11152.7
4677.97	-3529.06	9924.55
5169.45	-4143.98	10276.9
5986.39	-4564.02	10736.8
5943.59	-2611.88	8618.4
7388.41	-4565.32	10006.8
8984.85	-2695.66	9900.94
8984.85	-2695.66	9900.94
9346.27	-5628.93	10318.7
2899.07	1727.43	3155.34
9159.2	-3616.62	9885.89
9517.17	-4888.67	10073.1
9588.93	-3804.72	10112.3
-3056.38	936.26	3063.45
-3020.89	1811.73	3310.91
-3129.06	709.376	3444.71
-3095.89	246.761	3416.09
-2972.36	1325.14	3347.13
-3082.39	1851.65	3486.45
-2768.77	1954.72	3166.03
-2961.04	403.244	3555.87
-2981.62	1546.16	3602.98
-3131.1	642.67	3840.92
-2731.36	1115.3	3431.9
-2790.99	1215.63	3609.81
-2636.28	2186.87	3823.05
-2618.71	1487.83	4451.26
-2618.71	1487.83	4451.26
-2645.61	801.537	5138.17
-2682.56	-1339.01	7195.27
-2682.56	-1339.01	7195.27
-2730.32	-2874.05	8627.01
-709.381	-6309.73	11260.7
-560.381	-5953.89	11196.4
-560.381	-5953.89	11196.4
-65.26	799.096	5319.56
-66.0769	76.1695	6005.21
-14.7958	1480.55	4536.91
2022.8	-6302.73	11621.5
2500.47	-6751.31	11597.9
3276.11	-5096.23	10823.4
3718	-4887.2	11027.9
2503.95	-595.746	6734.04
2503.95	-595.746	6734.04
2539.11	145.287	6120.51
2539.11	145.287	6120.51
4698.89	-4791.88	11081.9
2578.39	890.709	5477.58
2578.39	890.709	5477.58
5134.97	-3880.13	10900.6
5134.97	-3880.13	10900.6
2567.95	2335.66	4027.3
2567.95	2335.66	4027.3
7532.85	-4649.97	10199.8
7097.02	-2981.81	9325.85
3020.36	2461.17	3882.76
7908.06	-4506.84	9514.48
7558.87	-1831.97	8510.66
8745.78	-4803.96	9653.41
8552.85	-2563.97	9418.86
2909.89	1733.69	3166.71
9231.95	-3652.29	9966.58
9630.2	-3821.05	10156.4
-2892.39	1524.91	2814.06
-3061.22	937.794	3068.97
-10413	-6514.52	10637.7
-3086.78	1314.96	3254.82
-3049.24	687.057	3253.06
-3049.24	687.057	3253.06
-3032.14	1342.32	3280.42
-3102.2	247.563	3422.47
-2872.15	1964.89	3170.85
-2890.99	988.529	3208.7
-2880.92	1035.98	3277.78
-2784.87	1962.14	3181.03
-3034.28	1675.9	3587.56
-3055.02	583.623	3729.11
-3071.33	733.451	3758.72
-3093.74	1833.08	3993.35
-2990.38	484.437	3901.73
-2663.57	2208.24	3861.64
-2653.71	1507.25	4510.88
-2653.71	1507.25	4510.88
-2650.51	803.059	5149.06
-2650.51	803.059	5149.06
-2653.83	99.3198	5826.45
-2653.83	99.3198	5826.45
-2669.89	-613.795	6520.42
-2184.75	-6246.57	11586.5
-358.776	-6398.7	11716
-251.744	-5623.14	11026.2
-60.8557	2233.7	3978.6
-62.5877	1518.98	4652.15
-14.0807	1474.45	4519.23
605.083	-7887.67	11925.3
982.085	-7833.11	11921.1
1756.67	-6186.91	11623.6
2497.48	-6740.06	11571.6
2477.66	-6103.29	10688.2
3196.86	-4974.06	10561
3626.21	-4707.08	10140.5
2554.94	-608.034	6876.8
4516.19	-4594.12	10627.2
4620.59	-3485.42	9792.51
2623.69	906.527	5576.19
2623.69	906.527	5576.19
4750.28	-3810.47	9440.95
7096.45	-4736.65	10772.1
7479.78	-4623.18	10130.4
3089.87	2515.37	3834.94
7851.14	-4464.29	9438.66
8669.67	-5716.23	10156.3
8715.29	-4786.71	9619.03
8263.4	-2476.59	9097.57
8263.4	-2476.59	9097.57
9298.78	-3674.05	10039
2826.37	1801.12	3052.41
9463.31	-3754	9979.51
-3101.2	949.127	3106.87
-3125.45	704.794	3333.72
-2913.57	1291.72	3155.45
-2913.57	1291.72	3155.45
-2871.33	1964.22	3171.29
-3109.18	248.135	3432.63
-3075.12	1849.35	3479.56
-3028.71	918.759	3487.25
-2987.35	1485.89	3458.37
-3003.5	1660.07	3553.54
-3145.67	646.073	3858.75
-2924.02	1102.98	3654.36
-2952.78	478.523	3854.6
-3029.73	1024.94	4105.66
-2813.28	1046.65	4584.4
-2813.28	1046.65	4584.4
-2648.19	1503.77	4501.5
-2648.19	1503.77	4501.5
-2615.42	-6771.12	11372.1
-1957.29	-5626.48	10434.2
-936.905	-6500.51	11868.8
-580.242	-6115.87	11500.7
-580.242	-6115.87	11500.7
-62.8024	1518.5	4652.75
-62.8024	1518.5	4652.75
-64.79	795.42	5297.32
-64.4632	-656.517	6732.78
-64.4632	-656.517	6732.78
-62.4169	-2143.63	8047.07
-62.4169	-2143.63	8047.07
1013.09	-5271.44	9219.9
2048.85	-6391.9	11770.3
2187.97	-7546.45	11974.4
2556.87	-6906.52	11861
3660.91	-5457.07	11378.3
3838.5	-5041.87	11379.4
3720.42	-4835.99	10414.8
2547.69	144.822	6141.63
2547.69	144.822	6141.63
2599.32	898.179	5527.09
2599.32	898.179	5527.09
4534.29	-3416.89	9600.26
4534.29	-3416.89	9600.26
2577.88	1615.51	4745.54
6120.25	-4667.98	10984.3
2584.79	2351.48	4053.91
2584.79	2351.48	4053.91
5774.38	-2539.57	8375.21
7033.29	-2960.51	9244.58
3001.93	2445.31	3857.69
3107.1	2532.04	3858.55
7917.91	-4515.46	9530.19
7456.39	-2626.64	8927.97
7317.93	-1962.02	8501.17
7476.14	-1814.25	8422.35
10386.4	-5340.05	11003.3
9602.36	-3808.72	10126.2
-11063.4	-6488.12	10662.1
-10898.3	-6771.05	10905.8
-3517.42	1629.3	3631.7
-3075.39	861.102	3186.28
-2906.33	1013.64	3072.42
-3093.14	697.066	3300.41
-3093.14	697.066	3300.41
-3161.77	716.527	3479.96
-2870.5	981.29	3186.22
-3068.36	1844.3	3471.6
-2850.26	1025.45	3243.95
-3174.94	373.33	3645.47
-3085.59	1850.78	3553.68
-3018.58	1666.13	3570.04
-3038.88	581.015	3710.03
-3044.54	1805.5	3934.3
-2963.82	479.649	3867.78
-2821.34	1050.59	4599.29
-2660.75	1510.47	4521.95
-2660.75	1510.47	4521.95
-2623.61	794.873	5098.34
-2623.61	794.873	5098.34
-2531.41	-1973.96	7449.62
-2051.33	-5857.79	10864.1
-1880.48	-7404.86	12103.1
-1726.56	-7470.59	11956.5
-759.16	-6742.84	12030.3
-572.066	-6073.39	11417.5
-263.183	-5865.72	11502.8
-61.4684	2233.28	3978.03
-61.4684	2233.28	3978.03
-62.6525	1517.08	4648
-64.6533	796.431	5302.74
-13.7449	1467.65	4499.57
973.288	-7765.02	11817.8
1739.76	-6097.44	11457.6
2622.53	-6478.03	11348.9
2622.53	-6478.03	11348.9
3233.22	-5023.05	10669.7
4057.35	-5293.02	11394.8
4057.35	-5293.02	11394.8
2502.22	142.326	6028.6
2576.77	889.323	5472.06
4955.97	-3740.03	10514.8
4955.97	-3740.03	10514.8
2609.6	1636.06	4805.15
6141.61	-4682.86	11016.7
5865.9	-2578.89	8506.45
7453.06	-4607.26	10099.1
6934.4	-2593.19	8787.17
3098.1	2525.6	3847.57
7155.24	-1826.58	8340.87
7432.38	-1993.38	8636.65
8976.91	-4845.75	10242.8
8627.69	-4738.36	9520.88
2816.29	1795.04	3043.01
9330.58	-3685.12	10071.5
-3095.33	947.76	3102.14
-10378.3	-6492.84	10602.3
-3212.99	1367.81	3385.97
-3212.99	1367.81	3385.97
-3086.06	699.388	3396.61
-2849.46	1947.43	3155.54
-3043.73	1841.03	3388.57
-2870.98	1032.57	3267.08
-2870.98	1032.57	3267.08
-3182.89	375.398	3656.11
-2967.94	1420.36	3607.71
-3099.47	636.752	3802.79
-2991.45	1773.5	3863.04
-2971.8	481.472	3878.66
-2678.51	854.643	3691.14
-2644.96	2193.39	3835.21
-2627.25	1492.04	4465.05
-2627.25	1492.04	4465.05
-2648.07	801.814	5143.01
-2690.69	100.341	5901.33
-2690.69	100.341	5901.33
-2705.19	-621.649	6597.69
-2645.97	-2787.3	8362.68
-1998.08	-5727.86	10624.2
-1688.73	-7320.77	11715.6
-755.752	-6697.55	11951
-606.145	-6396.52	12027.3
-606.145	-6396.52	12027.3
-60.8224	2228.77	3969.67
-60.8224	2228.77	3969.67
-62.6082	1517.53	4649.68
-62.6082	1517.53	4649.68
-65.4184	798.308	5317.24
-65.1155	-654.271	6712
970.451	-7742.88	11779.2
2000.3	-6236.74	11498.6
2261.64	-6327.57	11804
2294.54	-7082.37	11957.9
3169	-4923.56	10457.2
3616.91	-4748.32	10715.8
2564.64	146.782	6183.13
2564.64	146.782	6183.13
2591.88	895.686	5508.17
2591.88	895.686	5508.17
4763.94	-3592.98	10105.1
6232.4	-4753.04	11184.5
2573.82	2341.35	4036.41
7374.58	-4925.59	11199
7153.81	-2894.25	9709.04
7525.57	-4652.08	10194.4
3035.74	2475.01	3904.54
8880.52	-5302	10050.3
8330.65	-2032.81	9407.31
8810.17	-2645.81	9714.56
2895.45	1723.83	3147.86
9203.63	-3636.39	9936.29
8765.62	-4305.17	9374.12
9840.22	-3903.18	10381.8
-3334.16	1367.91	3420.23
-3564.56	1654.73	3686.88
-10348.3	-6991.02	11023.3
-3084.67	1855.5	3490.24
-3032.27	960.799	3430.9
-3032.27	960.799	3430.9
-3127.31	368.019	3593.9
-3058.57	1835.45	3522.88
-2950.23	1467.93	3416.15
-3004.25	1379.14	3496.78
-3038.13	889.426	3603.59
-3081.94	589.134	3760.55
-2967.58	480.383	3872.57
-2666.75	850.115	3674.53
-2653.21	1506.45	4507.69
-2653.21	1506.45	4507.69
-2661.16	805.889	5167.55
-2661.16	805.889	5167.55
-2678.22	100.133	5874.16
-2678.22	100.133	5874.16
-1971.98	-5660.19	10497.7
-1884.57	-7424.46	12134.9
-1719.36	-7443.24	11913.3
-964.565	-6634.65	12112.3
-365.751	-6555.75	12002.5
-260.11	-5806.46	11386.7
-60.8859	2231.19	3973.85
-60.8859	2231.19	3973.85
-62.916	1520.02	4656.92
-62.916	1520.02	4656.92
-174.025	-7468.88	11754.7
-65.0939	797.423	5308.07
970.792	-7742.01	11778.9
1698.65	-5953.22	11186.7
2281.86	-6385.11	11914.7
2566.25	-6935.04	11915.5
3281.7	-5106.44	10844.5
3723.43	-4888.79	11033.5
2529.67	-602.455	6807.17
2592.2	895.635	5507.5
2592.2	895.635	5507.5
4658.65	-3513.69	9879.54
4658.65	-3513.69	9879.54
6173.79	-4707.9	11078.4
2576.72	2343.95	4040.35
2576.72	2343.95	4040.35
7151.31	-2891.18	9702.56
7491.75	-4625.97	10146.8
7329.08	-3076.68	9631.42
3116.67	2540.5	3869.46
7040.43	-2100.31	8657
7392.84	-1982.15	8590.74
8674.31	-4762.08	9568.87
2822.25	1799.07	3049.71
9344.31	-3694.31	10090.2
9956.72	-5116.6	10543.4
-3087.2	944.457	3093.75
-3654.37	1704.77	3800.98
-3127.05	1330.8	3295.59
-3182.11	721.221	3501.9
-3109.36	550.374	3432
-3063.64	1843.49	3466.58
-3034.15	961.003	3431.54
-3070.71	1842.36	3537.03
-3166.57	370.575	3637.83
-2972.14	1478.84	3441.46
-3028.51	1796.34	3915.12
-2939.64	476.346	3837.13
-3096.47	1065.15	4107.77
-2695.66	853.554	3704.77
-2636.88	2186.54	3823.2
-2863.81	1066.03	4665.67
-2640.98	1500.04	4488.63
-2640.98	1500.04	4488.63
-2689.68	814.28	5221.58
-2696.09	-619.935	6578.31
-2113.14	-6028.94	11183.3
-2058.95	-7369.86	11726.8
-615.83	-6371.36	11989.1
-615.83	-6371.36	11989.1
-61.3579	2233.39	3978.37
-62.7542	1518.38	4652.56
-66.6958	76.5665	6035.11
-66.6958	76.5665	6035.11
-65.2734	-658.547	6754.87
-65.2734	-658.547	6754.87
-14.7921	1497.21	4588.63
605.448	-7880.09	11912.2
2536.41	-6848.7	11759
3263.21	-5070.9	10771.3
3624.75	-5392.56	11243.3
2534.29	-603.949	6815.69
2537.56	145.29	6114.49
2595.75	896.784	5518.1
5049.59	-3815.08	10717.2
5118.44	-4103.72	10174.6
2585.44	1620.87	4759.79
2581.09	2347.5	4047.29
7179.78	-4794.32	10900.8
7127.87	-2882.59	9671.47
7629.08	-4707.98	10331.4
3122.09	2549.43	3880.11
7443.44	-1995.53	8647.52
8458.43	-3109.12	9580.65
8586.47	-4713.72	9471.31
2872.05	1709.5	3121.39
9798.02	-3891.62	10341.6
-3095.7	947.175	3102.85
-3133.04	877.327	3245.08
-2864.96	979.66	3180.02
-3087.53	1856.92	3493.11
-2875.93	971.887	3254.67
-3073.63	1844.09	3540.38
-3166.37	372.107	3637.39
-2967.59	1476.9	3436.94
-3020.31	881.882	3578.56
-3120.54	1802.7	3711.15
-2845.45	533.082	3712.51
-2976.74	481.913	3884.55
-2982.37	1006.63	4042.16
-2835.42	1058.24	4619.52
-2631.36	1494.7	4472.71
-2631.36	1494.7	4472.71
-2612.2	97.8073	5735.39
-2612.2	97.8073	5735.39
-2674.46	-615.55	6535.03
-2819.31	-1405.87	7552.68
-1912.92	-5501.45	10202.1
-1897.27	-7466.07	12201.4
-964.639	-6662.68	12162.5
-351.274	-6397.1	11712.6
-269.013	-5912.66	11596.2
-60.8045	2229.05	3969.82
-62.9503	1520.05	4657.09
-66.7208	76.5484	6035.01
-66.2025	-658.59	6754.6
-66.2025	-658.59	6754.6
-14.8491	1505.9	4618.46
977.272	-7789.4	11856.5
2381.96	-7773	11634.6
3685.78	-4777.46	10288.5
2512.37	-597.347	6754.65
2526.06	143.711	6088.19
4426.27	-4510.46	10428.4
2589.68	894.738	5502.23
2589.68	894.738	5502.23
2575.13	2342.07	4038.11
7153.29	-2898.15	9713.77
7384.05	-4561.83	9996.36
3019.83	2462.79	3885.84
3121.26	2545.51	3876.82
7261.31	-1946.58	8435.2
7570.94	-2782.14	8566.04
9020.08	-5383.31	10204
9184.86	-3404.89	9899.88
