-539.157	179.475	561.67
-532.334	182.156	558.8
-543.159	203.541	588.214
-550.776	124.72	605.874
-560.881	99.2152	618.855
-594.126	294.902	658.499
-518.202	177.304	574.088
-557.2	184.121	631.89
-546.599	314.037	640.182
-568.692	328.888	676.086
-528.138	71.6781	637.86
-503.601	218.682	651.013
-503.601	218.682	651.013
-532.996	85.8573	694.7
-492.687	408.581	714.539
-511.935	-397.963	1501.19
-511.935	-397.963	1501.19
-672.518	-1412.88	2338.58
-672.518	-1412.88	2338.58
-482.139	-1142.74	2018.99
-153.44	-1328.22	2370.45
-143.298	-1229.93	2314.54
-100.567	-1076.07	2022.92
-100.567	-1076.07	2022.92
-12.353	300.556	920.496
-12.353	300.556	920.496
-13.0285	158.847	1057.1
-13.0285	158.847	1057.1
-13.0058	-130.409	1337.96
-2.73581	441.499	783.767
77.2881	-1484.85	2441.78
707.335	-1102.85	2341.75
802.494	-1057.91	2385.47
535.672	-127.5	1441.28
531.809	30.3416	1281.75
541.728	187.174	1151.23
1082.99	-817.342	2296.94
1082.99	-817.342	2296.94
542.961	340.407	999.409
542.961	340.407	999.409
540.853	491.703	848.04
540.853	491.703	848.04
651.251	531.854	809.572
651.251	531.854	809.572
1572.32	-468.661	1932.06
1732.41	-464.632	2013.92
-522.548	158.559	562.74
-522.548	158.559	562.74
-537.239	201.248	581.831
-546.21	155.818	610.926
-562.519	338.287	636.298
-512.799	184.897	583.228
-560.978	310.873	663.881
-554.602	290.833	671.443
-552.355	161.904	691.694
-530.308	145.019	670.084
-501.512	217.774	648.332
-538.4	163.851	715.31
-426.84	142.58	595.664
-500.174	123.085	718.35
-489.329	277.799	831.634
-496.932	-248.348	1333.8
-666.446	-1401.1	2318.89
-666.446	-1401.1	2318.89
-502.26	-1188.84	2102.55
-509.013	-1289.3	2163.15
-71.3451	-1278.59	2341.09
-57.0822	-1330.86	2350.53
-51.7845	-1128.94	2213.61
-13.1448	159.327	1060.31
-13.3043	15.22	1204.22
-13	-130.049	1333.9
-13	-130.049	1333.9
123.159	-1604.36	2422.82
333.736	-636.129	1268.83
708.926	-1102.61	2342.4
532.068	-126.486	1431.09
540.117	30.8436	1302.43
541.027	186.962	1149.55
541.027	186.962	1149.55
1058.27	-798.679	2244.38
1012.91	-794.886	2047.9
546.187	342.357	1005.33
539.48	490.316	845.647
633.269	515.491	813.894
1615.1	-603.044	2047.22
1586.78	-473.045	1950.37
-527.036	159.94	567.584
-527.036	159.94	567.584
-563.72	211.417	610.79
-549.313	156.89	614.538
-563.343	339.72	637.707
-513.122	185.033	583.643
-559.742	310.281	662.611
-536.7	105.07	633.215
-523.837	116.772	623.852
-548.683	287.747	664.385
-529.209	71.624	640.027
-536.911	86.5567	699.962
-537.646	163.423	714.095
-549.459	83.4514	730.014
-576.399	216.7	824.053
-576.399	216.7	824.053
-490.192	278.315	832.824
-490.192	278.315	832.824
-494.871	18.432	1085.96
-494.871	18.432	1085.96
-496.491	-248.131	1332.29
-496.491	-248.131	1332.29
-678.75	-1425.88	2359.64
-469.725	-1115.28	1971.12
-189.541	-1289.16	2350.71
-118.055	-1250.94	2351.76
-118.055	-1250.94	2351.76
-72.0065	-1269.81	2323.94
-13.0569	159.095	1058.84
-3.30243	445.088	789.694
-3.05879	300.872	922.12
-12.9138	-130.704	1340.49
665.118	-1034.53	2196.92
765.224	-991.733	2134.92
535.428	30.562	1290.26
916.902	-932.075	2155.33
544.739	188.258	1157.96
544.739	188.258	1157.96
1103.72	-867.891	2242.19
545.774	342.179	1004.8
545.774	342.179	1004.8
1286.22	-930.889	2186.52
1496.37	-606.4	2031.65
640.018	520.865	822.842
-523.519	158.968	564.009
-523.519	158.968	564.009
-551.884	97.5061	608.934
-551.86	43.8347	608.983
-556.147	158.753	621.996
-562.247	339.146	636.536
-509.8	183.801	579.872
-548.573	271.974	634.775
-558.564	309.726	661.281
-547.728	287.259	663.237
-521.687	70.7624	631.017
-505.766	81.9011	639.166
-505.542	219.327	653.286
-540.27	87.096	704.22
-572.702	215.375	818.841
-505.649	125.221	727.018
-486.584	276.335	827.009
-489.163	148.114	950.221
-489.163	148.114	950.221
-502.033	-250.899	1347.06
-502.033	-250.899	1347.06
-641.89	-1311.87	2283.69
-471.749	-1119.32	1977.31
-189.575	-1290.35	2353.44
-120.448	-1275.56	2398.02
-120.448	-1275.56	2398.02
-21.6538	443.548	792.035
-71.6925	-1261.82	2309.56
-13.0727	159.056	1058.71
-2.95532	300.754	921.713
-12.8972	-130.715	1340.64
-12.8972	-130.715	1340.64
235.431	-1252.77	2198.63
359.418	-1270.26	2387.62
643.583	-1000.45	2124.26
788.34	-1022.09	2200.27
537.165	30.6653	1294.76
897.496	-913.876	2112.18
543.173	187.717	1154.38
543.173	187.717	1154.38
545.106	341.739	1003.63
545.106	341.739	1003.63
635.899	517.377	817.13
-531.664	161.326	572.458
-531.664	161.326	572.458
-545.051	43.2409	601.496
-556.697	159.031	622.786
-562.46	339.376	636.787
-511.455	184.392	581.736
-560.487	310.757	663.483
-548.094	287.431	663.664
-529.526	71.7658	640.391
-546.461	268.222	666.89
-553.086	105.628	674.682
-526.322	85.0551	664.006
-542.286	87.398	706.753
-571.579	215.032	817.471
-571.579	215.032	817.471
-507.175	125.483	729.088
-489.088	148.102	950.272
-489.088	148.102	950.272
-497.836	18.5307	1092.25
-497.836	18.5307	1092.25
-500.584	-115.241	1222.27
-500.584	-115.241	1222.27
-498.812	-249.342	1338.9
-679.66	-1426.87	2361.26
-500.829	-1184.86	2093.16
-112.188	-1199.69	2255.09
-112.188	-1199.69	2255.09
-49.5849	1013.84	1806.97
-71.557	-1274.81	2333.58
-13.0337	158.982	1057.97
-56.7826	-1338.49	2363.74
-2.8687	297.857	913.234
678.026	-1054.78	2239.94
816.792	-1061.16	2285.03
536.949	30.6154	1294.27
541.367	187.05	1150.42
541.367	187.05	1150.42
545.186	341.788	1003.73
545.186	341.788	1003.73
632.338	514.596	812.737
-530.241	160.875	570.889
-530.241	160.875	570.889
-572.384	214.644	620.063
-548.806	124.322	603.805
-564.883	340.716	639.498
-512.98	184.884	583.366
-558.698	309.768	661.4
-547.932	287.346	663.479
-530.862	71.9348	641.401
-545.344	267.853	665.704
-501.158	203.098	628.521
-539.583	86.9886	678.869
-539.559	87.022	703.437
-536.59	163.089	712.74
-571.548	214.918	817.156
-571.548	214.918	817.156
-497.438	-114.584	1215.09
-497.438	-114.584	1215.09
-493.3	-246.687	1324.56
-493.3	-246.687	1324.56
-509.254	-536.163	1608.41
-509.254	-536.163	1608.41
-607.805	-1246.96	2308.07
-495.036	-1169.99	2069.05
-154.71	-1343.06	2397.33
-112.986	-1196.6	2249.38
-112.986	-1196.6	2249.38
-48.2143	989.684	1765.58
-71.0777	-1262.88	2311.98
-13.0402	159.073	1058.59
-12.821	-130.229	1335.54
457.116	-1464.95	2396.51
548.997	-1170.92	2388.05
664.897	-1035.33	2197.78
789.123	-1023.65	2203.59
535.598	30.5576	1291.06
901.268	-917.244	2120.34
543.867	187.9	1155.84
543.867	187.9	1155.84
1473.73	-596.964	2000.22
634.156	516.048	814.874
-532.184	161.474	573.009
-532.184	161.474	573.009
-566.769	73.0189	611.432
-566.769	73.0189	611.432
-545.208	123.543	600.036
-562.57	339.338	636.894
-510.85	184.159	581.06
-559.516	310.282	662.431
-548.449	287.622	664.099
-549.034	269.472	669.943
-546.736	104.423	666.989
-502.46	203.659	630.193
-542.709	87.513	707.407
-536.006	163.042	711.998
-576.554	216.821	824.195
-576.554	216.821	824.195
-487.301	276.76	828.183
-497.256	-114.488	1214.09
-497.256	-114.488	1214.09
-497.791	-248.92	1336.6
-497.791	-248.92	1336.6
-597.996	-1228.82	2274.63
-470.684	-1117.54	1974.77
-179.154	-1225.57	2234.9
-117.552	-1249.53	2349.18
-117.552	-1249.53	2349.18
-22.1159	450.761	804.384
-2.83711	298.257	914.292
-12.8826	-130.452	1338.61
199.5	-1592.15	2421.11
528.273	-1304.46	2283.73
659.688	-1024.54	2176.19
770.854	-998.472	2149.88
535.775	30.5446	1291.36
535.775	30.5446	1291.36
944.029	-961.978	2223.7
544.059	187.966	1156.35
544.059	187.966	1156.35
1068.48	-807.211	2266.91
546.019	342.333	1005.33
546.019	342.333	1005.33
630.811	513.449	810.645
-534.221	162.024	575.016
-534.221	162.024	575.016
-551.963	206.44	597.317
-546.425	70.4888	589.998
-547.19	43.3961	603.845
-547.737	156.491	612.814
-563.828	340.192	638.298
-560.765	339.582	635.135
-513.175	184.988	583.548
-547.481	287.121	662.93
-524.991	71.1278	634.719
-547.374	130.278	669.755
-530.85	85.7464	669.758
-502.095	217.926	648.795
-539.396	87.0039	703.216
-534.603	162.512	710.073
-553.034	84.1888	734.812
-575.833	216.526	823.12
-490.571	278.518	833.519
-490.571	278.518	833.519
-498.733	18.6053	1094.06
-498.733	18.6053	1094.06
-499.397	-249.639	1340.6
-499.397	-249.639	1340.6
-487.37	-513.396	1539.8
-683.414	-1433.03	2372.53
-683.414	-1433.03	2372.53
-182.024	-1244.58	2269.25
-111.477	-1189.6	2236.04
-111.477	-1189.6	2236.04
-71.6023	-1275.83	2335.19
-3.0618	441.557	784.157
-2.84918	298.551	915.499
-12.939	-130.581	1339.06
657.019	-1022.52	2170.73
795.232	-1030.56	2218.48
539.783	-128.431	1452.59
539.783	-128.431	1452.59
534.71	30.4966	1288.81
933.023	-950.092	2196.59
543.723	187.87	1155.48
543.723	187.87	1155.48
1124.9	-883.118	2279.41
545.33	341.9	1004
545.33	341.9	1004
637.575	518.976	819.601
1623.82	-608.439	2060.94
-534.017	162.092	575.112
-534.017	162.092	575.112
-564.426	340.432	638.999
-512.487	184.818	582.914
-547.043	271.33	633.146
-560.692	310.805	663.71
-548.072	287.432	663.659
-531.614	72.0635	641.999
-554.537	105.845	676.253
-499.74	202.539	626.793
-528.176	85.3254	665.158
-501.219	217.567	647.779
-538.536	86.8577	702.107
-576.816	216.889	824.624
-488.221	147.857	948.581
-488.221	147.857	948.581
-496.862	18.5279	1090.03
-497.082	-114.479	1214.19
-497.082	-114.479	1214.19
-497.664	-248.842	1336.13
-497.664	-248.842	1336.13
-582.187	-1198.16	2218.1
-389.439	-1113.46	2064.58
-155.09	-1346.76	2403.54
-120.432	-1284.99	2415.8
-69.8114	-1244.88	2278.49
-12.3658	300.727	920.853
-13.0318	159.003	1058.1
-53.9851	-1163.87	2282.19
-12.9076	-130.237	1336.36
672.472	-1045.92	2220.9
713.245	-1060.76	2210.34
794.215	-1030.54	2218.77
536.02	30.6191	1292.05
982.593	-1000.87	2314.48
542.621	187.533	1153.28
542.621	187.533	1153.28
970.654	-760.028	1958.93
546.094	342.429	1005.48
546.094	342.429	1005.48
632.372	514.603	812.751
-524.306	159.102	564.682
-524.306	159.102	564.682
-550.11	43.6422	606.973
-547.266	156.342	612.391
-566.205	341.406	640.842
-512.176	184.634	582.438
-554.143	96.3124	629.44
-560.164	310.629	663.159
-547.886	287.329	663.4
-516.069	70.0055	624.569
-546.061	267.852	666.259
-549.584	104.9	670.393
-541.062	87.2014	705.236
-532.179	161.729	706.925
-578.974	217.71	827.63
-578.974	217.71	827.63
-486.134	147.279	945.166
-496.271	18.5391	1088.6
-504.475	-252.049	1353.55
-504.475	-252.049	1353.55
-461.33	-1093.29	1932.77
-415.274	-1185.58	2198.6
-153.923	-1335.32	2383.42
-50.25	1016.2	1812.39
-71.7488	-1276.65	2336.82
-13.0676	159.015	1058.33
-54.3406	-1176.82	2307.52
-12.81	-130.132	1334.75
449.778	-1440.22	2356.27
659.809	-1026.68	2179.72
767.269	-993.637	2138.99
534.416	30.4874	1288.07
927.399	-943.498	2181.46
543.917	187.945	1156.19
543.917	187.945	1156.19
544.016	341.038	1001.54
633.76	515.827	814.629
