-1051.28	123.054	1125.82
-996.472	98.2381	1102.83
-981.614	384.619	1103.88
-928.516	305.594	1044.11
-894.825	324.48	1019.71
-976.384	170.08	1109.5
-1189.58	597.108	1362.42
-1064.36	622.655	1224.17
-1044.75	552.459	1241.68
-1042.87	544.418	1262.09
-983.562	187.835	1199.7
-888.783	361.845	1115.8
-915.201	397.945	1183.25
-957.091	258.452	1238.17
-915.55	307.146	1272.81
-915.55	307.146	1272.81
-976.51	368.83	1583.55
-1049.13	-524.49	2815.13
-1049.13	-524.49	2815.13
-1655.84	-2824.41	5263.88
-1519.87	-3185	5271
-1368.19	-2800.3	5181.58
-802.461	-2297.97	4262.93
-654.229	-2841.22	4549.26
-247.043	-2616.23	4919.56
-247.043	-2616.23	4919.56
-22.4727	551.862	1690.21
-2.63	412.276	732.872
-24.0871	295.164	1964.76
-25.245	28.8719	2277.02
949.581	54.5745	2286.98
949.581	54.5745	2286.98
946.584	593.677	1742.29
946.584	593.677	1742.29
920.215	836.99	1442.29
920.215	836.99	1442.29
-1064.63	120.701	1113.68
-1051.75	124.493	1127.66
-954.186	357.878	1029.75
-923.356	362.676	1039.95
-1083.97	633.671	1246.01
-1053.87	582.448	1246.93
-1046.07	546.012	1265.75
-975.031	186.359	1189.51
-893.578	364.104	1122
-915.996	398.824	1184.6
-963.09	263.002	1250.29
-901.1	304.42	1255.08
-901.1	304.42	1255.08
-1015.19	383.936	1645.05
-959.291	544.718	1630.21
-994.754	301.075	1931.31
-999.65	37.2289	2192.99
-1050.66	-242.05	2564.97
-1050.66	-242.05	2564.97
-1092.79	-849.87	3204.22
-1092.79	-849.87	3204.22
-1721.71	-3601.65	5962.06
-1721.71	-3601.65	5962.06
-1615.92	-3304.61	6112.89
-838.564	-2398.84	4449.76
-308.963	-2701.1	4820.8
-22.0241	807.317	1437.38
-23.7899	294.21	1955.59
-23.7899	294.21	1955.59
-111.318	-2415.17	4735.66
964.241	55.2298	2325.57
946.355	327.218	2009.83
946.355	327.218	2009.83
-1065.04	121.563	1114.75
-964.701	361.967	1040.9
-920.872	328.818	1000.15
-939.505	149.887	1041.08
-926.575	92.8702	1027.47
-934.753	312.504	1057.58
-1176.85	593.216	1347.97
-935.576	163.71	1065.27
-869.037	323.994	1003.41
-1049.36	580.197	1241.95
-851.902	346.096	1024.51
-851.902	346.096	1024.51
-911.916	396.77	1179.34
-960.335	443.058	1267.26
-911.147	309.049	1271.34
-968.801	550.013	1646.16
-1115.83	-556.37	2984.9
-1674.62	-3501.76	5795.17
-1674.62	-3501.76	5795.17
-1126.72	-2315.37	4283.26
-885.488	-2530.47	4693.89
-719.409	-2846	4650.51
-655.95	-2850.98	4565.32
-373.292	-2579.66	4707.98
-22.2441	809.882	1441.79
-5.41408	786.132	1394.84
-24.0805	295.316	1963.31
-25.5449	29.1821	2303.86
-25.5449	29.1821	2303.86
-25.3698	-253.743	2600.89
-25.3698	-253.743	2600.89
960.946	55.2062	2315.84
960.946	55.2062	2315.84
989.167	341.934	2101.52
989.167	341.934	2101.52
942.498	591.076	1734.46
-1062.98	121.072	1112.21
-969.325	363.705	1045.67
-932.108	333.048	1012.49
-1015.92	103.152	1127.03
-930.727	312.221	1054.95
-1143.23	575.55	1310.92
-949.312	265.506	1081.99
-962.306	167.572	1094.3
-875.485	328.502	1014.01
-972.305	112.027	1121.55
-1039.38	549.654	1235.44
-1042.38	544.009	1261.48
-914.262	397.961	1182.62
-948.104	265.609	1240.11
-948.104	265.609	1240.11
-907.234	309.209	1267.71
-907.234	309.209	1267.71
-916.297	226.342	1316.41
-1018.4	384.096	1650.37
-974.608	294.812	1893.3
-866.451	-2479.51	4598.36
-683.179	-2704.73	4420.43
-23.9245	294.463	1957.98
-25.2672	28.7069	2291.8
-25.2672	28.7069	2291.8
365.287	-1930.12	3376.42
968.953	335.081	2058.97
968.953	335.081	2058.97
936.246	586.76	1722.81
-976.76	156.171	1082.62
-1010.41	104.046	1122.16
-928.037	365.833	1047.67
-936.064	316.316	1063.99
-936.064	316.316	1063.99
-1130.52	569.743	1295.84
-996.302	115.627	1148.42
-1048.22	554.468	1245.85
-1049.88	548.23	1270.67
-962.272	183.835	1174.25
-886.412	360.448	1112.67
-902.885	393.088	1168.18
-954.083	270.355	1251.57
-941.914	434.576	1243.2
-912.312	311.906	1275.82
-912.312	311.906	1275.82
-896.484	245.276	1317.03
-1002.33	303.007	1945.78
-1032.14	-804.166	3031.69
-39.7228	821.135	1465.51
-21.8256	801.874	1427.81
-23.9903	294.924	1962.05
-23.9903	294.924	1962.05
-25.2301	28.9778	2284.79
-24.9183	-251.718	2578.89
457.698	-1241.22	2473.68
960.849	332.283	2041.8
-1008.96	221.642	998.257
-1236.41	571.214	1305.71
-917.906	279.065	987.897
-916.415	73.3863	1011.73
-968.856	100.079	1078.59
-954.291	267.057	1087.5
-1087.97	651.805	1251.5
-1034.77	571.901	1223.22
-1030.16	537.988	1246.58
-900.928	185.732	1105.71
-928.383	150.918	1172.35
-873.709	355.69	1097.35
-888.386	307.971	1245.78
-899.216	222.014	1291.9
-953.074	790.575	1382.8
-981.083	366.65	1594.97
-1032	38.2532	2262.63
-1032	38.2532	2262.63
-1040	-239.458	2538.24
-23.0996	-801.577	3008.62
-24.1597	294.867	1962.75
-22.7983	553.633	1696.32
-5.60104	796.998	1415.04
967.784	334.537	2056.96
967.784	334.537	2056.96
947.237	593.956	1744.01
1090.68	889.935	1355
-958.226	294.917	961.367
-1409.94	646.911	1481.76
-909.46	276.867	979.688
-931.302	74.5364	1027.93
-1075.56	644.468	1237.38
-1039.75	595.232	1216.15
-1005.29	556.689	1189.27
-1028.33	536.482	1244.08
-915.067	188.974	1122.81
-871.974	354.262	1094.61
-871.974	354.262	1094.61
-959.042	278.251	1265.52
-879.328	304.99	1233.14
-952.194	789.706	1381.3
-952.194	789.706	1381.3
-998.033	373.937	1621.53
-986.388	36.485	2166.57
-986.388	36.485	2166.57
-1040.32	-519.957	2791.19
-1040.32	-519.957	2791.19
-986.436	-769.018	2898.73
-25.5701	28.8312	2288.84
963.049	-229.3	2591.38
978.032	55.6422	2359.36
971.213	335.736	2065.25
971.213	335.736	2065.25
949.251	595.295	1748.29
924.098	840.628	1449.16
924.098	840.628	1449.16
1115.62	911.504	1387.18
1115.62	911.504	1387.18
-910.247	479.708	885.402
-960.517	295.551	963.59
-960.088	269.28	994.272
-1643.56	749.899	1715.65
-925.846	74.2803	1022.71
-946.819	215.025	1042.6
-947.54	265.498	1080.17
-915.063	315.406	1048.61
-1097.26	690.271	1248.02
-1058.75	634.559	1218.57
-999.483	553.648	1182.75
-1036.56	540.617	1253.79
-958.43	197.683	1175.97
-864.965	300.093	1213.26
-909.575	224.635	1306.71
-998.802	374.226	1622.21
-965.494	548.263	1641.22
-970.219	293.849	1885.82
-970.219	293.849	1885.82
-1013.01	-233.381	2473.16
-1013.01	-233.381	2473.16
-23.1169	-805.905	3024.83
-24.8303	-250.983	2575.12
-24.8303	-250.983	2575.12
-25.5036	28.9658	2293
-25.5036	28.9658	2293
-24.2408	294.945	1963.74
-24.2408	294.945	1963.74
-6.10464	546.067	1674.24
959.078	-228.287	2579.53
926.244	52.7197	2233.36
935.024	323.069	1986.56
940.891	589.883	1732.18
940.891	589.883	1732.18
919.215	836.058	1441.52
919.215	836.058	1441.52
1065.76	870.4	1324.35
833.439	496.202	905.788
-891.84	470.292	868.105
-979.565	301.259	982.427
-938.739	311.758	979.915
-1630.52	742.115	1700.12
-971.948	146.462	1046.77
-961.958	154.877	1064.66
-954.353	99.6187	1063.6
-911.094	316.157	1047.29
-1087.78	651.793	1251.12
-1031.89	590.668	1206.82
-1040.48	550.219	1237.33
-1024.09	534.278	1238.9
-952.607	196.533	1168.23
-878.576	356.08	1102.11
-871.578	302.18	1221.81
-957.836	794.446	1389.59
-957.836	794.446	1389.59
-1002.75	374.892	1629.32
-965.35	548.315	1640.9
-994.387	300.76	1930.2
-1018.86	-1075.56	3226.77
-1018.86	-1075.56	3226.77
-25.3227	-251.004	2572.96
-25.3227	-251.004	2572.96
-24.3492	295.288	1966.67
-6.09297	549.411	1686.52
-4.75191	780.709	1387.4
957.768	330.847	2035.69
957.768	330.847	2035.69
932.181	584.346	1716.12
917.098	834.092	1438.31
917.098	834.092	1438.31
1042.98	849.821	1341.51
1105.17	901.5	1372.95
861.538	513.744	938.228
-950.859	292.475	954.021
-955.623	267.688	989.468
-1022.01	154.675	1100.84
-1022.01	154.675	1100.84
-974.399	100.986	1084.11
-896.994	313.509	1034.33
-982.626	488.067	1136.27
-1032.94	572.112	1221.8
-1087.45	628.841	1294.07
-943.712	194.957	1158.26
-952.319	258.821	1203.71
-910.804	396.848	1178.41
-867.885	300.77	1216.41
-883.27	217.471	1268.65
-956.309	793.042	1387.19
-956.309	793.042	1387.19
-1009.25	376.664	1639.76
-1012.63	306.424	1966.25
-1012.63	306.424	1966.25
-1013.85	37.6899	2223.92
-1084.65	-541.612	2907.03
-1084.65	-541.612	2907.03
-1083.31	-1141.92	3426.4
-23.1303	-804.464	3018.66
-24.9296	-250.609	2572.18
-24.9296	-250.609	2572.18
-25.6457	28.8543	2290
-25.6457	28.8543	2290
-22.1573	809.222	1441.09
996.056	-841.434	3243.91
933.963	-222.323	2512.1
933.963	-222.323	2512.1
940.609	324.9	1998.37
940.609	324.9	1998.37
1341.98	-1338.76	2463.2
938.147	588.078	1726.86
938.147	588.078	1726.86
919.343	836.246	1441.71
1037.66	845.828	1334.43
1118.52	914.221	1391.14
858.36	511.692	934.224
