-2457.25	913.417	2359.54
-1535.95	471.153	1540.98
-1638.55	662.352	1663.79
-1685.62	168.249	1724.92
-1443.56	497.793	1523.49
-1630.6	149.436	1718.24
-1512.63	752.253	1750.29
-1514.24	175.865	1749.06
-1527.77	842.743	1805.75
-1431.69	319.011	1703
-1456.45	198.372	1755.55
-1463.51	349.441	1790.81
-1344.14	548.401	1688.7
-1377.88	600.176	1782.31
-1477.18	498.602	2001.72
-1298.53	422.882	1789.77
-1326.56	1100.16	1924.56
-1383.47	516.204	2252.83
-1258.14	-628.261	3373.32
-1258.14	-628.261	3373.32
-1238.47	-1305.26	3915.27
-52.2144	1102.08	1968.9
-30.0379	1108.13	1973.81
-31.5813	386.135	2569.85
-31.5813	386.135	2569.85
-32.1203	36.6704	2892.22
-30.441	-308.401	3161.92
-30.441	-308.401	3161.92
1177.45	-280.131	3165.66
1196.17	68.4575	2883.09
1196.17	68.4575	2883.09
1252.01	784.829	2304.63
2812.16	-1025.01	3169.15
1291.58	823.613	1395.55
-1648.09	623.187	1604.37
-1549.77	475.388	1554.62
-1670.03	170.898	1715.43
-1491.28	513.959	1573.13
-1617.51	154.157	1709.38
-1482.54	172.184	1713.79
-1410.61	467.895	1637.46
-1466.44	288.15	1730.11
-1435.88	320.114	1708.21
-1483.93	202.095	1789.5
-1529.54	795.768	1849.15
-1522.69	865.105	1854.09
-1353.87	552.168	1700.5
-1294.35	421.358	1784.06
-1317.84	325.802	1894.32
-1326.45	1100.09	1924.3
-1326.45	1100.09	1924.3
-1327.17	401.436	2575.85
-1288.26	47.8272	2827.04
-1288.26	47.8272	2827.04
-30.1815	1109.4	1975.69
-30.6859	743.537	2278.13
-31.8516	387.697	2580.2
-31.8516	387.697	2580.2
-32.0158	36.4725	2885.81
1196.16	68.3966	2883.11
1254.66	786.511	2309.68
1302.44	775.622	1415.83
1280.97	816.468	1383.64
-2379.47	884.741	2285.46
-1635.26	618.336	1591.88
-1533.45	470.524	1538.58
-1710.34	250.293	1754.09
-1664.22	205.112	1717.97
-1564.68	439.061	1620.23
-1551.12	127.275	1648.68
-1474.6	526.169	1601.16
-1488.56	172.876	1720.99
-1416.46	315.745	1685.45
-1420.6	193.361	1714.04
-1498.82	726.076	1827
-1430.59	295.183	1755.1
-1344.97	548.849	1689.82
-1541.26	913.365	1991
-1306.77	425.494	1800.73
-1329.17	1102.22	1928.04
-1370.46	511.927	2231.68
-1319.9	399.315	2562.18
-1319.9	399.315	2562.18
-1758.96	-2333.66	4369.57
-1262.3	-630.332	3384.28
-1213.74	-945.421	3562.8
-30.05	1107.3	1972.1
-31.6638	386.79	2575.28
-31.6638	386.79	2575.28
-32.2391	36.5509	2895.78
1279.84	761.809	1390.51
1292.25	823.986	1396.11
-2343.96	871.944	2252.13
-2343.96	871.944	2252.13
-1538.27	472.002	1543.54
-1733.31	255.567	1779.86
-1566.52	439.961	1622.83
-1660.36	185.791	1731.7
-1584.27	167.279	1729.11
-1542.53	925.477	1776.97
-1491.21	741.783	1725.98
-1465.19	287.873	1728.64
-1431.25	319.046	1702.74
-1480.05	717.335	1804.72
-1349.69	550.492	1695.55
-1367.38	595.4	1768.78
-1311.19	426.344	1805.81
-1322.96	1097.11	1919.14
-1322.96	1097.11	1919.14
-1364.97	509.55	2222.62
-1242.42	-286.125	3035.83
-1258.88	-629.012	3377.15
-1258.88	-629.012	3377.15
-52.3005	1099.64	1962.1
-30.1579	1107.32	1972.21
-31.7812	387.114	2575.72
-31.7812	387.114	2575.72
-32.0684	36.6882	2891.92
-30.3766	-307.856	3154.99
-30.3766	-307.856	3154.99
-7.88825	746.148	2289.82
1173.99	-279.409	3155.95
1173.99	-279.409	3155.95
1201.11	68.6704	2895.06
1252.54	785.147	2305.61
1487.02	1212.8	1846.89
1315.21	783.599	1430.29
-1535.58	471.181	1540.68
-1722.18	255.323	1767.68
-1459.65	503.618	1540.9
-1569.84	166.84	1714.56
-1409.63	467.565	1636.31
-1522.92	870.926	1780.75
-1467.18	288.273	1730.91
-1422.37	317.182	1692.57
-1485.02	202.532	1789.82
-1460.4	707.462	1780.69
-1340.49	547.008	1684.23
-1493.65	885.42	1929.76
-1450.87	490.08	1966.81
-1293.88	421.249	1782.84
-1329.49	1102.41	1928.54
-1329.49	1102.41	1928.54
-1363.78	509.255	2221.29
-1242.98	-286.062	3036.21
-1210.4	-942.717	3554.37
-30.2067	1108.68	1974.62
-31.6081	386.795	2572.97
-31.6081	386.795	2572.97
-31.9223	36.572	2886.19
-30.2288	-307.187	3149.29
-30.2288	-307.187	3149.29
1169.08	-278.247	3143.61
1189.11	68.0243	2865.53
2789.31	-1016.36	3142.34
-2370.13	881.416	2276.83
-2370.13	881.416	2276.83
-1532.73	470.428	1538.13
-1653.19	187.988	1729.16
-1479.95	510.112	1561.26
-1640.55	178.091	1749.34
-1570.02	171.131	1717.28
-1530.33	144.433	1691.31
-1413.43	502.233	1637.8
-1521.8	839.731	1798.76
-1466.36	288.122	1729.94
-1578.27	911.509	1876.75
-1483.01	322.296	1803.98
-1348.24	550.16	1693.92
-1452.2	488.965	1968.04
-1289.12	419.57	1776.3
-1324.18	1098.25	1921.13
-1367.49	510.435	2226.39
-1199.31	-1264.52	3792.78
-30.1436	1108.33	1974.11
-31.6617	387.187	2576.68
-31.6617	387.187	2576.68
-31.7704	36.4332	2880.12
-30.312	-307.955	3157.65
-30.312	-307.955	3157.65
-8.01417	748.096	2291.41
1189.47	68.0839	2866.58
1189.47	68.0839	2866.58
1255.45	787.056	2311.2
1335.54	891.569	1582.73
2631.02	-957.446	2961.27
-2299.31	856.058	2210.01
-2299.31	856.058	2210.01
-1429.73	753.929	1391.75
-1512.74	464.462	1518.4
-1496.75	496.36	1562.52
-1566.32	235.869	1694.24
-1537.99	267.275	1744.51
-1497.22	897.995	1641.06
-1608.87	1010.79	1829.12
-1500.22	280.574	1794.09
-1520.83	872.59	1779.79
-1431.73	295.838	1757.61
-1525.78	793.643	1844.42
-1362.57	556.904	1712.39
-1478.3	876.595	1909.49
-1284.57	421.314	1774.44
-1329.05	1102.58	1928.28
-1296.3	736.782	2204.58
-1296.3	736.782	2204.58
-1279.09	387.534	2483.96
-28.7944	-980.071	3680.87
-31.2323	-311.526	3195.13
-31.2323	-311.526	3195.13
-31.9628	387.709	2579.94
-31.9628	387.709	2579.94
-30.7668	744.17	2280.41
-7.39056	740.935	2271.35
-8.25504	1112.19	1978.66
731.618	-2566.61	4823.38
1498.06	-2238.86	4666.96
1605.6	-2109.7	4760.54
2208.03	-1667.66	4690.92
2208.03	-1667.66	4690.92
2206.59	-1774.89	4396.06
1237.51	427.731	2629.46
1237.51	427.731	2629.46
1253.95	786.318	2309.2
1253.95	786.318	2309.2
2719.49	-1195.95	3942.68
3172.72	-1958.76	4297.77
3424.67	-2369.45	4288.67
3424.67	-2369.45	4288.67
3170.87	-946.67	3900.29
1449.34	1180.47	1860.88
3801.47	-2053.77	4334.61
3484	-890.367	4060.3
3599.49	-2149.33	4072.9
3353.06	-899.688	3897.27
1519.81	1240.92	1889.33
3414.46	-1466.01	3774.42
4202.12	-1453.28	4261.43
-1447.67	763.246	1409.12
-1536.76	149.487	1702.79
-1478.87	527.715	1606.63
-1502.84	241.03	1663.56
-1507.06	342.529	1659.75
-1426.45	318.318	1697.55
-1518.89	870.834	1777.05
-1513.23	836.76	1788.89
-1598.21	922.803	1900.83
-1487.59	306.444	1823.45
-1517.56	899.421	1959.46
-1455.57	492.564	1973.59
-1258.09	413.881	1738.18
-1331.87	1104.65	1932.09
-1331.87	1104.65	1932.09
-1306.94	742.331	2221.58
-1306.94	742.331	2221.58
-1280.71	-638.882	3433.49
-1280.71	-638.882	3433.49
-937.242	-2671.81	4954.11
-323.338	-2823.69	5040.39
-126.931	-2887.38	5099.67
-111.977	-2468.27	4839.39
-29.9588	-990.286	3717.73
-31.3649	-312.372	3202.72
-32.5802	36.9306	2909.5
-32.5802	36.9306	2909.5
-31.9801	387.38	2578.24
-8.92324	749.044	2299.91
-30.3143	1108.79	1974.98
896.836	-2789.89	5139.81
1075.19	-2865.18	5135.05
1600.2	-2395.63	4993.38
1635.57	-2158.57	4867.36
1857.35	-2686.02	5164.13
1151.05	-273.5	3095.19
1151.05	-273.5	3095.19
1187.29	67.8262	2861.65
2204.31	-1665.41	4684.98
2204.31	-1665.41	4684.98
2316.31	-2014.01	4765.4
2022.87	-1621.74	4019.04
1241.36	429.125	2638.54
1241.36	429.125	2638.54
1260.41	790.504	2321.57
2277.7	-1000.89	3300.01
1262.02	1148.19	1980.05
1262.02	1148.19	1980.05
3398.19	-1376.37	4616.1
3469.64	-2400.32	4345.2
3469.64	-2400.32	4345.2
1426.57	1161.41	1830.53
3345.74	-1803.89	3809.65
3373.71	-905.503	3922.27
3484.98	-1289.4	3748.94
4095.83	-2108.44	4341.47
4058.25	-1610.39	4280.47
-1718.35	648.634	1670.28
-1718.35	648.634	1670.28
-1444.89	762.074	1406.83
-1520.23	466.546	1525.51
-1535.07	346.722	1638.26
-1554.86	248.121	1718.74
-1499.27	899.828	1643.78
-1517.19	264.637	1723.02
-1541.57	924.975	1775.19
-1437.95	320.615	1710.53
-1508.36	865.398	1765.36
-1515.75	838.387	1792.19
-1517.65	313	1860.22
-1388.91	641.827	1834.21
-1257.05	413.186	1737.11
-1257.05	413.186	1737.11
-1310.65	744.646	2228.58
-1242.23	46.5626	2729.09
-1277.71	-637.893	3427.53
-886.996	-2527.86	4688.23
-399.872	-2739.96	4997.08
-245.192	-2617.75	4922.9
-157.305	-2802.27	5132.21
-114.135	-2521.36	4943.62
-29.3134	-983.624	3692.15
-31.3061	-310.234	3181.06
-32.5232	36.8736	2905.95
-31.8291	386.708	2572.02
-30.8029	743.852	2277.07
-7.55181	735.943	2252.52
-8.47937	1126.24	2004.8
916.574	-2847.06	5249.25
1023.2	-2876.5	5368.24
1132.19	-1302.52	3993.2
1622.23	-2424.73	5054.99
1635.09	-2159.12	4867.56
1932.63	-2798.3	5379.97
2123.14	-3123.21	5246.26
2179.69	-1647.56	4633.44
2336.07	-2029.68	4801.59
1251.89	784.986	2305.36
1251.89	784.986	2305.36
2671.32	-1175.28	3875.53
3161.86	-1951.88	4282.73
3415.85	-1385.22	4642.64
1449.27	1180.76	1862.05
3669.02	-1980.33	4182.38
3445.17	-880.093	4012.66
3582.73	-2138.94	4053.46
1511.32	1233.82	1878.62
1332.28	889.578	1579.25
3562.36	-1066.79	3918.01
4261.26	-1691.6	4496.89
3815.88	-1321.98	3869.58
-1417.81	747.57	1380.13
-1491.31	494.638	1556.77
-1535.29	245.013	1698.43
-1488.6	338.666	1640.34
-1501.21	262.301	1706.17
-1450.15	572.978	1636.36
-1504.99	832.404	1779.23
-1439.38	297.328	1766.9
-1440.94	349.601	1814.33
-1523.8	902.82	1966.42
-1316.06	432.149	1817.45
-1316.06	432.149	1817.45
-1332.68	1105.27	1933.24
-1332.68	1105.27	1933.24
-1314.44	746.684	2234.71
-1309.53	-300.83	3194.09
-903.092	-2576.82	4778.42
-792.969	-3268.76	5065.81
-404.193	-2774.18	5058.57
-296.291	-2809.04	5287.65
-152.387	-2745.3	5026.98
-117.906	-2529.21	4957.97
-27.7791	-961.814	3611.3
-32.6676	36.8842	2905.2
-31.878	386.431	2572.18
-31.878	386.431	2572.18
-7.2076	731.632	2245.72
524.329	-2662.51	4614.9
884.7	-2740.77	5048.25
1023.18	-1940.66	3878.51
1621.35	-2138.28	4822.06
1945.74	-2818.19	5417.25
2109.03	-1592.38	4480.75
1252.32	432.901	2663.25
1252.32	432.901	2663.25
2782.46	-2122.44	4991.01
1257.6	788.654	2316.48
1257.6	788.654	2316.48
2428.01	-1067.88	3520.75
3407.78	-1271.93	4319.54
3675.45	-1983.66	4188.33
3704.73	-2213.63	4194.7
3840.04	-1686.26	4346.44
1504.24	1222.81	1866.52
1504.24	1222.81	1866.52
3526.42	-1057.04	3879.05
3526.42	-1057.04	3879.05
1346.55	899.439	1596.61
4282.24	-1699.3	4518.22
