-3628.93	1371.33	3526.42
-1285.29	125.492	1321.98
-1311.36	157.536	1350.09
-1188.6	404.781	1249.44
-1191.17	95.0052	1315.55
-1259.74	223.032	1389.76
-1276.92	771.126	1446.7
-1190.63	333.56	1356.77
-1247.89	713.602	1459.23
-1283.64	669.76	1552.58
-1113.59	454.631	1399.07
-1193.31	193.636	1504.53
-1171.26	221.245	1526.85
-1171.3	541.641	1546.84
-1110.64	365.35	1531.92
-1151.42	284.915	1654.41
-1176.82	442.907	1910.57
-1176.82	442.907	1910.57
-1947.33	-2264.75	4271.63
-1947.33	-2264.75	4271.63
-1101.06	41.1148	2417.58
-1101.06	41.1148	2417.58
-1112.83	-256.011	2716.69
-1112.83	-256.011	2716.69
-1102.49	-858.46	3236.16
-1102.49	-858.46	3236.16
-1520.79	-3185.89	5272.54
-1520.79	-3185.89	5272.54
-1101.08	-2808.55	4707.85
-322.138	-2819.3	5030.86
-306.132	-2630.33	4948.5
-237.016	-2527.32	4750.06
-165.037	-2897.31	5302.74
-26.3669	-914.97	3435.16
-26.3669	-914.97	3435.16
-27.9449	-283.218	2906.36
-27.9449	-283.218	2906.36
-29.279	33.6097	2637.89
-29.279	33.6097	2637.89
-28.5319	348.235	2317.38
-28.5319	348.235	2317.38
-27.0937	660.166	2022.62
-27.0937	660.166	2022.62
428.958	-3422.11	5203.74
815.687	-2866.12	5386.77
1020.94	-2855.16	5326.01
1092.91	-2693.72	4716.83
1683.8	-2217.19	5001.28
1139.58	65.3346	2747.11
1139.58	65.3346	2747.11
2178.12	-1641.94	4614.79
1154.28	723.313	2124.49
2849.65	-2063.96	4849.04
1159.57	1054.35	1818.4
1159.57	1054.35	1818.4
2960.3	-1298.78	4290.14
3632.42	-1532.38	4783.9
3217	-1199.09	4073.13
1358.07	1104.34	1743.84
3266.82	-973.815	4016.22
-1192.69	320.08	1214.17
-1298.64	99.0495	1336.65
-1321.89	132.052	1362.43
-1332.3	160.771	1373.1
-1268.35	766.285	1437.36
-1126.06	406.237	1281.97
-1230.42	612.016	1423.41
-1254.09	717.199	1466.71
-1282.48	669.239	1551.44
-1217.76	231.244	1484.55
-1146.38	282.86	1436.71
-1117.2	455.932	1403.43
-1158.52	218.798	1509.66
-1186.72	191.904	1548.66
-1194.88	551.478	1576.58
-1162.37	437.528	1887.45
-1162.37	437.528	1887.45
-1113.83	41.4966	2444.13
-1113.83	41.4966	2444.13
-1125.24	-258.945	2747.79
-1107.94	-862.67	3251.58
-1535.1	-3221.63	5333.54
-1535.1	-3221.63	5333.54
-1111.61	-2834.18	4750.77
-450.244	-3115.75	5244.11
-303.503	-2608.45	4907.43
-256.443	-2714.04	5101.99
-132.051	-3036.77	5363.57
-26.2745	-913.512	3429.1
-26.2745	-913.512	3429.1
-28.0983	-284.01	2912.83
-28.0983	-284.01	2912.83
-29.3709	33.5834	2640.47
-29.3709	33.5834	2640.47
-28.6735	348.795	2321.43
-28.6735	348.795	2321.43
-27.1789	661.102	2025.3
-6.44757	652.645	2000.22
432.86	-3455.7	5255.15
750.503	-2638.11	4956.84
1195.87	-2952.47	5168.31
1705.52	-2243.9	5063.67
1847.91	-2402.18	5174.24
1148.59	65.7949	2769.16
1148.59	65.7949	2769.16
1950.98	-1982.34	4584.34
2193.34	-1655.07	4650.17
1153.27	398.65	2450.16
1153.27	398.65	2450.16
2387.76	-1915.37	4749.04
1157.57	725.494	2130.99
1351.57	1099.79	1735.93
3340.55	-995.399	4107.29
3535.29	-901.308	4121.67
-759.348	292.861	749.467
-1443.39	206.477	1472.58
-1281.11	162.792	1348.67
-1250.98	221.663	1380.09
-1292.27	774.761	1487.2
-1226	609.429	1417.93
-1260.91	697.191	1490.82
-1172.81	215.687	1464.76
-1111.93	454.41	1397.38
-1143.58	498.272	1479.49
-1153.44	531.629	1522.14
-1130.98	377.744	1567.54
-330.419	-239.746	484.22
-330.419	-239.746	484.22
-1116.17	275.986	1604.42
-1186.56	444.285	1928.05
-1130.1	42.152	2479.68
-1130.1	42.152	2479.68
-1145.07	-263.18	2793.83
-1145.02	-571.68	3071.24
-1145.02	-571.68	3071.24
-1269.35	-2620.45	4852.92
-905.091	-2581.02	4786.6
-403.4	-2762.39	5038.04
-319.212	-2795.74	4989.17
-115.092	-2507.03	4915.25
-29.1688	33.5175	2635.54
-28.527	348.203	2317.05
-28.527	348.203	2317.05
-7.7085	668.735	2050.18
-4.29781	630.192	1119.42
747.644	-2633.35	4948.06
1148.87	-3103.99	5330.41
1511.8	-2356.03	5003.3
2094.37	-2141.33	4948.59
2168.94	-1637.15	4598.03
1160.68	401.253	2467.15
1160.68	401.253	2467.15
2369.54	-1898.54	4708.9
1156.4	724.787	2128.72
1156.4	724.787	2128.72
2724.88	-1198.17	3953.24
3723.83	-2299.32	5045.24
3288.73	-1383.31	4323.27
1406.78	1147.05	1811.07
3354.51	-855.415	3911.77
4600.44	-2744.84	5201.1
3671.55	-895.904	4145.09
-1380.47	167.893	1423.39
-1313.88	139.222	1364.62
-1182.93	406.633	1247.33
-1190.01	94.7831	1314.17
-1287.08	771.617	1481.16
-1135.24	378.659	1318.55
-1135.24	378.659	1318.55
-1266.11	699.875	1496.68
-1214.44	231.183	1480.94
-1279.59	667.274	1547.39
-1178.69	191.345	1486.9
-1210.49	558.686	1596.84
-1121.65	376.159	1556.74
-1137.07	942.525	1649.27
-1192.4	446.573	1937.02
-1131.99	42.1248	2483.24
-1143.36	-262.693	2790.27
-1446.21	-3042.23	5036.23
-958.482	-2730.03	5064.1
-421.418	-2884.64	5263.44
-256.694	-2706.18	5088.3
-256.694	-2706.18	5088.3
-158.077	-2832.61	5185.9
-28.2138	-285.276	2927.52
-29.168	33.4984	2635.61
-28.7349	348.807	2322.28
-28.7349	348.807	2322.28
-7.57132	665.636	2040.99
-5.59058	975.825	1736.33
1138.67	-3075.02	5281.58
1091.03	-2688.63	4705.9
1491.97	-2321.23	4930.13
2153.79	-1624.96	4564.52
1156	399.739	2457.16
1156	399.739	2457.16
2303.91	-1846.94	4579.72
2813.05	-1236.57	4081.21
3698.76	-2284.45	5011.47
3501.18	-893.289	4085.31
3496.91	-937.241	4063.03
4454	-2507.79	4901.93
-1957.08	739.815	1902.57
-1201.53	463.741	1185.95
-1153.64	398.36	1218.6
-1198.6	450.251	1292.83
-1215.38	275.92	1337.88
-1215.38	275.92	1337.88
-1269.88	769.658	1413.87
-1264.73	699.246	1495.2
-1279.27	667.1	1546.99
-1110.37	453.714	1395.2
-1206.67	357.372	1557.81
-1127.87	379.668	1567.36
-1131.29	342.525	2197.63
-1131.29	342.525	2197.63
-1135.94	-260.941	2770.6
-1190.22	-2461.95	4558.77
-912.346	-2601.83	4825.78
-389.389	-2681.64	4891.28
-246.01	-2613.23	4912.67
-246.01	-2613.23	4912.67
-153.827	-2793.21	5113.43
-28.3045	-285.621	2931.56
-29.2023	33.5552	2637.41
-28.711	348.418	2318.81
-28.711	348.418	2318.81
-7.5776	667.739	2047.99
426.177	-3401.25	5172.25
1133.75	-3061.77	5257.88
1529.04	-2379.84	5055.63
1778.11	-2312.57	4976.43
1142.87	65.2228	2754.99
1142.87	65.2228	2754.99
2150.68	-1624.47	4562.28
1163.58	402.437	2473.96
1163.58	402.437	2473.96
2341.66	-1875.86	4652.38
2567.16	-1129.18	3722.99
3468.9	-1457.39	4560.38
3454.98	-879.844	4026.28
4611.45	-2751.79	5213.72
3569.51	-871.792	4029.95
4485.88	-2523.96	4934.67
-1315.33	145.201	1372.21
-1231.89	277.536	1313.02
-1223.77	195.729	1354.37
-1223.77	195.729	1354.37
-1300.09	779.112	1495.64
-1244.4	618.393	1438.82
-1276.9	705.706	1509.29
-1278.05	666.495	1545.55
-1113.04	454.739	1398.6
-1113.04	454.739	1398.6
-1126.43	308.197	1654.45
-1134.35	940.226	1645.09
-1200.15	449.576	1950.01
-1156.97	-265.753	2822.76
-1123.78	-561.085	3014.44
-1218.68	-2520.08	4665.87
-944.262	-2693.03	4994.12
-428.296	-2896.31	5281.5
-341.332	-2956.47	5277.07
-244.368	-2588.09	4865.75
-244.368	-2588.09	4865.75
-28.4449	-286.092	2935.92
-28.4449	-286.092	2935.92
-29.2197	33.6228	2638.73
-28.7568	348.728	2321.26
-28.7568	348.728	2321.26
790.644	-2780.47	5224.89
1133.23	-3060.62	5253.87
1519.48	-2367.87	5028.2
1724.05	-2243.24	4826.88
1129.83	-268.245	3037.49
2165.78	-1634.84	4593.03
1166.11	403.31	2479.16
1166.11	403.31	2479.16
2326.72	-1865.12	4624.68
1156.86	725.177	2130.15
2825.66	-1241.47	4097.38
3628.25	-2240.7	4914.69
3322.54	-1340.65	4505.15
3293.38	-1386.38	4330.84
1340.53	1092.03	1724.27
1346.16	1094.6	1727.78
3462.95	-882.785	4038.58
3448.82	-924.407	4006.86
4410.49	-2482.25	4852.47
-1957.62	740.478	1903.72
-1336.65	150.365	1397.42
-1207.48	109.756	1308.97
-1198.04	117.225	1328.04
-1188.69	332.792	1354.99
-1287.88	772.147	1482.06
-1267.2	700.611	1498.14
-1265.86	669.629	1505.22
-1191.5	161.99	1438.82
-1274.22	664.561	1541.02
-1192.54	193.419	1503.41
-1114.14	455.158	1399.86
-1086.83	369.354	1513.65
-1128.95	278.689	1621.79
-1129.29	936.268	1638.12
-1192.22	446.153	1937.38
-1238.65	-2559.42	4739.04
-901.167	-2571.74	4769.35
-250.239	-2643.41	4970.41
-250.239	-2643.41	4970.41
-153.401	-2747.94	5029.4
-126.512	-2914.27	5147.51
-28.4359	-285.837	2933.97
-28.4359	-285.837	2933.97
-29.2063	33.6698	2640.01
-29.2063	33.6698	2640.01
-28.6316	348.192	2316.9
-28.6316	348.192	2316.9
1127.09	-3043.34	5226.3
1178.13	-2918.21	5116.26
1723.04	-2238.78	4817.52
1723.04	-2238.78	4817.52
1141.58	-271.101	3071.64
1142.9	65.3969	2755.15
2208.05	-1666.32	4682.03
1161.15	401.647	2469.14
1161.15	401.647	2469.14
2309.17	-1850.04	4588.49
1153.98	723.274	2124.22
2817.52	-1239.55	4089.32
3636.83	-2246.95	4927.24
1347.75	1098.81	1734.56
1370.91	1117.54	1702.17
4390.29	-2893.8	5139.54
3686.48	-940.365	4301.16
3469.03	-929.691	4030.15
-1184.67	373.179	1190.04
-1472.47	214.899	1507.78
-1336.52	150.535	1397.61
-1200.89	450.344	1295.99
-1226.86	120.89	1359.11
-1235.01	355.345	1383.64
-1171.96	382.797	1314.14
-1174.98	460.205	1320.98
-1129.23	407.885	1284.7
-1215.97	211.836	1382.4
-1359.83	683.637	1557.32
-1285.45	708.465	1518.99
-1275.22	665.561	1543.06
-1214.35	231.843	1481.5
-1136.79	494.537	1469.87
-1114.3	373.638	1547.21
-1114.3	373.638	1547.21
-1213.33	458.109	1966.63
-1119.85	635.616	1902.91
-1429.5	-2248.28	4191.37
-1429.5	-2248.28	4191.37
-1607.61	-3363.56	5566.83
-1345.23	-2750.85	5089.63
-914.656	-2612.88	4845.7
-636.911	-3549.38	5253.73
-402.539	-3275.04	5369.05
-270.851	-3410.65	5167.43
-26.6558	973.527	1734.71
-162.936	-2892.5	5292.93
-118.01	-2550.94	5001.76
-6.28102	971.561	1726.84
-6.12831	655.921	2007.06
-28.1859	-284.766	2919.28
727.55	-2552.36	4795.34
1139.11	-270.379	3065.44
1139.11	-270.379	3065.44
1143.77	395.134	2428.5
1143.77	395.134	2428.5
1162.3	728.582	2139
1149.92	1045.37	1802.02
1149.92	1045.37	1802.02
-1306.01	152.509	1398.63
-1249.44	122.722	1382.83
-1224.6	479.97	1377.05
-1169.84	385.136	1315.44
-1132.9	410.986	1290.98
-1225.62	213.262	1392.73
-1412.79	709.073	1618.13
-1286.09	752.439	1479.3
-1273.5	673.426	1513.49
-1267.92	661.911	1534.42
-1228.81	234.472	1498.86
-1119.38	455.843	1405.28
-1141.19	496.297	1475.42
-1192.63	321.971	1542.89
-1138.89	382.032	1583.31
-1138.89	382.032	1583.31
-1161.45	438.617	1883.46
-1134.17	-566.713	3043.36
-1134.17	-566.713	3043.36
-1552.19	-2647.38	4934.67
-1495.09	-3133.16	5184.56
-1318.18	-2697.43	4991.79
-865.118	-2477.32	4594.65
-730.009	-3170.11	5073.69
-253.587	-2687.08	5052.78
-253.587	-2687.08	5052.78
-26.8827	660.309	2022.86
-3.95641	621.884	1104.09
-28.4282	348.296	2318.53
-29.1462	33.4798	2631.44
1145.13	65.8767	2758.03
1145.13	65.8767	2758.03
1163.63	729.591	2141.77
1163.63	729.591	2141.77
1153.55	1048.79	1807.95
1153.55	1048.79	1807.95
-1319.79	149.26	1380.61
-1306.73	154.316	1401.05
-1196.86	449.119	1291.58
-1162.62	456.864	1309.38
-1306.49	763.765	1501.88
-1279.99	707.411	1514.45
-1271.57	663.713	1538.58
-1220.65	233.099	1489.16
-1123.89	458.063	1411.17
-1142.13	497.365	1477.03
-1197.95	327.056	1555.19
-1124.57	379.878	1566.34
-1124.57	379.878	1566.34
-1193.93	451.468	1934.69
-1117.68	634.507	1899.41
-1133.18	342.984	2200.05
-1123.69	41.9788	2465.06
-1145.26	-263.56	2795.96
-1145.26	-263.56	2795.96
-1149.41	-893.561	3370.43
-1149.41	-893.561	3370.43
-1579.18	-3303.71	5469
-1579.18	-3303.71	5469
-1421.66	-2906.56	5378.34
-883.088	-2526.35	4685.58
-327.241	-2860.59	5104.8
-26.5571	975.086	1736.79
-28.1288	347.817	2312.03
-28.1288	347.817	2312.03
-116.787	-2530.33	4961.68
1152.78	66.1149	2780.29
1152.61	398.486	2447.86
1152.61	398.486	2447.86
