-2742.88	767.518	2841.12
-2720.58	1138.66	2833.34
-2736.61	355.586	2952.42
-2752.23	624.549	3030.62
-2785.12	493.012	3074.92
-2755.01	1731.95	3132.52
-2672.84	845.987	3023.27
-2797.05	901.895	3167.52
-2673.98	1387.84	3231.7
-2727.27	651.687	3337.23
-2614.09	1549.63	3378.31
-2486.07	799.997	3418.54
-2306.7	1913.22	3345.7
-2306.7	1913.22	3345.7
-2360.54	1340.21	4011.17
-2360.54	1340.21	4011.17
-2335.72	707.083	4538.54
-2335.72	707.083	4538.54
-2419.63	-557.327	5904.9
-3333.48	-7001.36	11591.1
-3333.48	-7001.36	11591.1
-885.64	-6065.63	11062.8
-646.378	-5578.48	10492.8
-57.1241	2073.75	3694.72
-57.1241	2073.75	3694.72
-8.56555	906.593	2779.75
-62.3987	70.5796	5618.7
-331.485	-5938.47	10866.9
-238.123	-5236.32	10270.5
-56.4525	-1968.77	7383.67
-56.4525	-1968.77	7383.67
-151.194	-6912.89	10866.9
1053.93	-5567.01	9761.16
1679.55	-5910.32	11107.2
2379.89	-6428.74	11040.9
2393.36	-2021.6	7791.03
3446.02	-4522.96	10208.8
2424.17	-577.33	6522.31
2424.17	-577.33	6522.31
3153.02	-4084.2	8789.2
2429.4	138.54	5857.21
4473.85	-4566.54	10555.5
4330.49	-3265.68	9175
2539.47	1591.81	4675.31
2539.47	1591.81	4675.31
2545.13	2315.43	3991.02
7257.67	-2947.61	9863.8
7374.2	-4556.05	9989.87
7233.13	-1939.59	8403.35
-2592.48	1554.31	2842.74
-2664.2	1612.91	2966.55
-2803.37	803.657	3141.3
-2790.65	900.049	3160.87
-2652.71	1462.31	3136.51
-2668.78	1385.49	3225.71
-2637.41	358.535	3176.2
-2749.3	656.24	3363.78
-2661.24	429.337	3472.87
-2491.43	1150.59	3289.84
-2469.33	795.785	3396.42
-2307.08	1913.16	3345.94
-2349.15	1333.72	3992.55
-2349.15	1333.72	3992.55
-2394.14	724.426	4648.12
-2394.14	724.426	4648.12
-2370.6	-546.443	5792.16
-2370.6	-546.443	5792.16
-1912.86	-5465.59	10134.1
-686.954	-6043.64	10782.8
-57.239	2075.31	3697.41
-57.239	2075.31	3697.41
-61.9408	70.2052	5599.85
-237.989	-5270.04	10339.7
85.6044	-6718.81	11444.8
355.697	-6867.15	11296.8
2137.57	-5983.01	11153.5
2553.32	-7126.72	11305.3
2557.67	-6321.58	11066.5
3757.41	-4960.23	11175.7
3366.93	-4372.25	9409.31
2406.16	-572.893	6471.4
2406.16	-572.893	6471.4
2413.56	137.454	5815.94
4255.34	-4335.57	10023.6
4309.81	-3250.06	9131.15
2519.91	1579.04	4637.47
2519.91	1579.04	4637.47
2544.05	2314.48	3989.96
7210.38	-5224.93	9946.78
7367.31	-2994.98	10017.5
7393.11	-4566.06	10010.4
8258.57	-5714.34	10340.9
7241.12	-1941.92	8412.92
-2805.77	785.002	2905.49
-2197.42	934.403	2315.41
-2693.16	611.166	2965.84
-2781.02	896.983	3150.26
-2532.4	910.391	2881.81
-2669.37	747.922	3042.97
-2656.37	1464.41	3140.45
-2669.4	1385.71	3226.32
-2604.21	355.783	3135.09
-2726.62	521.608	3328.61
-2660.11	402.835	3534.73
-2690.03	906.472	3644.4
-2457.65	792.457	3381.33
-2314.43	1919.37	3356.69
-2348.93	1333.87	3992.09
-2348.93	1333.87	3992.09
-2360.63	714.37	4586.17
-2360.63	714.37	4586.17
-2368.83	-546.026	5788.91
-666.336	-5896.83	10519.8
-639.509	-5523.63	10389.7
-57.113	2074.5	3696
-57.113	2074.5	3696
-13.9299	1407.79	4306.98
-62.2391	70.1331	5606.79
-333.902	-5984.05	10954.5
-235.623	-5213.93	10227.3
903.109	-7201.05	10954.4
1055.55	-5564.64	9762.91
1651.04	-5816.58	10929.5
2131.61	-5961.06	11111.5
2357.46	-6287.58	11260.5
2417.3	-6526.59	11214.6
2530.13	-7057.63	11193.8
2359.74	-1992.29	7676.5
3328.95	-4951.42	10315.9
2401.63	-571.653	6459.24
2401.63	-571.653	6459.24
2414.28	137.704	5818.62
4348.21	-3279.7	9214.11
2533.52	1587.82	4663.75
2533.52	1587.82	4663.75
6010.48	-4584.29	10787.3
2539.17	2310.37	3982.01
6894.97	-2793.34	9360.21
7296.26	-4509.77	9883.25
2963.1	2407.07	3801.52
7231.28	-1939.38	8401.96
-2780.97	778.513	2880.83
-2740.39	621.433	3016.51
-2773.6	1743.38	3153.29
-2668.86	844.866	3018.78
-2800.4	903.448	3171.58
-2646.73	1458.93	3128.96
-2741.94	523.775	3346.59
-2691.26	1594.63	3474.75
-2680.78	432.499	3497.84
-2710.23	909.221	3669.29
-2463.33	793.988	3388.64
-2309.06	1915.16	3348.98
-2513.45	617.273	3608.66
-2347.7	1333.17	3989.45
-2347.7	1333.17	3989.45
-2354.72	713.182	4575.62
-2354.72	713.182	4575.62
-2428.7	90.712	5325.64
-2428.7	90.712	5325.64
-2407.14	-554.247	5874.3
-3339.17	-7020.45	11619.5
-3339.17	-7020.45	11619.5
-868.199	-5928.41	10809.7
-654.913	-5804.71	10354
-635.678	-5495.27	10336.7
-56.985	2073.33	3693.73
-56.985	2073.33	3693.73
-60.3509	739.652	4925.87
-60.3509	739.652	4925.87
-61.8479	70.2134	5598.33
-60.184	-608.975	6241.55
-60.184	-608.975	6241.55
-231.556	-5177.43	10156
902.728	-7206.29	10959.8
1112.63	-6729.82	11548
1649.53	-5805.58	10909.3
2168.06	-6069.6	11316.8
2399.9	-6481.56	11135.7
3544.16	-5280.11	11003
3250.99	-4214.83	9070.13
2416.8	-575.113	6499.92
2416.8	-575.113	6499.92
2409.89	137.564	5806.91
2524.31	871.891	5365.24
2524.31	871.891	5365.24
4409.35	-3327.43	9348.6
5002.53	-4010.79	9946.41
2525.65	1583.21	4648.2
2525.65	1583.21	4648.2
2529.97	2301.26	3966.46
6814.4	-2762.12	9252.92
7269.94	-4489.43	9847.32
8260.14	-5714.89	10342
7145.97	-1915.74	8301.79
-2640.87	740.671	2738.56
-2195.24	933.503	2313.41
-2820.34	366.62	3043.2
-2674.9	846.616	3025.6
-2807.42	905.17	3179.55
-2668.31	747.669	3041.68
-2657.25	1464.25	3141.05
-2669.96	1386.22	3227.04
-2734.69	522.689	3338.42
-2477.72	799.042	3407.74
-2317.55	1921.91	3361.18
-2347.36	1332.62	3988.9
-2347.36	1332.62	3988.9
-2357.72	713.906	4580.07
-2357.72	713.906	4580.07
-2374.61	88.4165	5208.96
-2374.61	88.4165	5208.96
-3468.2	-7283.72	12055.1
-3468.2	-7283.72	12055.1
-681.431	-6036.38	10767.3
-648.789	-5591.49	10518.7
-57.4298	2077.36	3700.65
-57.4298	2077.36	3700.65
-57.9822	1407.84	4312.35
-57.9822	1407.84	4312.35
-60.3712	739.459	4925.18
-60.3712	739.459	4925.18
-61.8749	70.4755	5595.47
-326.548	-5857.02	10717.2
-59.5456	-608.37	6229.68
-59.5456	-608.37	6229.68
-233.312	-5230.84	10257.3
-56.2539	-1965.68	7373.7
-56.2539	-1965.68	7373.7
358.244	-6888.38	11334.3
1071.55	-5658.51	9924.87
1619.92	-5715.84	10741.3
2378.15	-6418.29	11020.5
2487.75	-6151.87	10771.3
2367.33	-1998.75	7702.2
3715.3	-4894.83	11034.2
3308.41	-4293.04	9237.96
2391.86	-569.383	6433.53
2391.86	-569.383	6433.53
2419.6	137.876	5832.23
4337.76	-4423.61	10225.2
2526.65	872.636	5370.97
2526.65	872.636	5370.97
4328.22	-3265.11	9172.43
2550.11	2319.92	3998.81
6952.77	-2816.12	9437.99
7269.35	-4491.74	9844
2979.85	2425.37	3833.02
7248.42	-1944.18	8422.15
-3187.57	2068.62	3170.19
-3146.09	2093.69	3306.51
-2799.04	1240.64	3030.65
-3057.21	245.586	3375.7
-2924.46	819.909	3334.41
-2924.46	819.909	3334.41
-2762.24	914.023	3201.1
-2948.63	1464.68	3411.2
-2733.61	1260.08	3188.38
-2944.8	326.844	3513.34
-2882.91	1598.35	3410.69
-2752.16	1341.67	3362.7
-2909.16	1654.04	3556.9
-3198.71	432.437	4127.17
-2678.74	1167.42	3465.95
-2494.95	817.547	3453.73
-2494.95	817.547	3453.73
-1311.48	-952.736	1923.45
-2436.34	2021.13	3533.91
-2436.34	2021.13	3533.91
-2399.5	1363.35	4080.37
-2399.5	1363.35	4080.37
-2399.12	-552.199	5858.65
-2399.12	-552.199	5858.65
-2293.83	-1785.7	6738.32
-2293.83	-1785.7	6738.32
-2318.86	-2443.66	7333.35
-2318.86	-2443.66	7333.35
-752.205	-5200.46	9491.18
-612.61	-5378.93	9600.68
-221.991	-4866.03	9544.72
-54.8849	-549.608	5626.8
-54.8849	-549.608	5626.8
-54.3583	664.042	4421.97
-12.8919	1265.38	3876.58
1786.97	-5550.44	9398.72
1966.05	-5229.28	9383.43
2778.09	-3657.44	8248.89
3296.66	-4338.56	9348.56
3550.01	-5134.19	9871.42
1998.5	-476.009	5375.67
3747.16	-2829.03	7962.55
3747.16	-2829.03	7962.55
4211.13	-3659.3	8660.29
3755.1	-3010.95	7467.62
2060.75	1292.2	3794.69
2060.75	1292.2	3794.69
5587.04	-2262.35	7587.46
5521.11	-2314.98	7249.24
6284.05	-4336.56	7861.49
5784.92	-3295.85	6943.77
5533.37	-1947.21	6621.11
5602.57	-1502.52	6509.64
6651.15	-3975.28	7530.48
6274.95	-3446.54	6927.42
6921.68	-3393.46	7413.25
6921.68	-3393.46	7413.25
2162.17	1287.54	2352.16
-3059.3	245.995	3378.58
-2950.14	524.075	3258.76
-2747.55	1879.67	3033.4
-3074.41	2294.15	3428
-2900.83	1300.23	3275.97
-2927.32	820.673	3337.8
-2942.2	1773.23	3331.11
-2954.78	1466.89	3416.82
-2753.54	1268.62	3210.86
-2894.88	1604.13	3424.37
-2800.29	1364.03	3421.04
-2928.66	1665.07	3580.57
-2667.56	1162.95	3450.74
-2949.48	451.862	3923.91
-2471.14	615.047	3556.83
-2496.64	686.766	3670.81
-2437.26	2022.11	3535.94
-2437.26	2022.11	3535.94
-2407.5	1367.74	4091.55
-2407.5	1367.74	4091.55
-2410.76	-554.207	5884.18
-2410.76	-554.207	5884.18
-2356.34	-1177.77	6329.98
-2423.95	-2552.2	7657.57
-760.31	-5226.69	9531.68
-218.524	-4822.94	9460.54
-125.128	-5771.87	9084.54
-55.1446	-550.798	5641.31
-55.1446	-550.798	5641.31
-54.733	665.888	4434.4
-13.7549	1270.86	3897.07
1864.52	-5234.5	9766.28
1980.52	-5344.33	9171.55
2788.95	-3675.19	8286.85
3417.26	-4499.28	9696.18
3347.46	-4839.38	9303.33
2011.9	-479.102	5414.71
2011.9	-479.102	5414.71
2016.07	115.262	4859.32
2016.07	115.262	4859.32
3617.69	-2728.49	7683.84
3617.69	-2728.49	7683.84
2077.6	717.322	4416.46
2077.6	717.322	4416.46
3916.14	-3146.05	7796.99
4709.22	-3592.09	8450.11
2055.6	1288.9	3785.32
2055.6	1288.9	3785.32
5402.31	-2193.13	7340.64
5708.51	-2397.58	7498.79
6295.97	-4348.1	7877.79
5787.42	-3299.97	6947
5640.49	-1986.06	6752.75
5566.06	-1492.79	6466.86
6508.27	-3888.98	7368.39
6203.89	-3406.59	6847.07
6559.44	-3214.74	7021.19
6559.44	-3214.74	7021.19
2176.27	1295.55	2367.16
-3073.22	941.876	3083.57
-3240.51	2186.89	3264.39
-3265.95	2248.59	3399.04
-3031.35	243.724	3348.14
-3128.93	554.336	3453.47
-3025.48	484.915	3350.02
-2921.88	1761.27	3308.59
-2806.92	1403.77	3206.88
-2773.06	1278.58	3233.68
-2921.79	397.985	3520.04
-2917.21	1510.6	3523.1
-2763.13	1346.4	3375.7
-2915.65	1657.74	3564.65
-2686.78	1171.93	3477.46
-2495.09	817.992	3453.35
-2495.09	817.992	3453.35
-2431.16	2016.98	3526.62
-2431.16	2016.98	3526.62
-2397.88	1362.85	4078
-2397.88	1362.85	4078
-1809.97	-5165.62	9580.93
-709.412	-4918.52	8975.91
-590.813	-5219.49	9314.52
-291.435	-5214.45	9550.68
-210.189	-4670.72	9164.55
-55.2012	-550.21	5633.57
-55.2012	-550.21	5633.57
-54.5597	664.369	4426.01
-12.694	1258.92	3858.04
1970.31	-5244.35	9408.44
2158.6	-5366.84	9421.81
1961.68	-3796.92	7822.46
1961.68	-3796.92	7822.46
2775.68	-3661.52	8253.58
3294.84	-4330.92	9336.38
2018.85	-480.973	5432.5
2018.85	-480.973	5432.5
3637.07	-2745.04	7726.51
3637.07	-2745.04	7726.51
4353.05	-3784.42	8957.99
2074.53	716.442	4409.92
2074.53	716.442	4409.92
3697.4	-2967.88	7355.8
2053.99	1287.73	3782.66
2053.99	1287.73	3782.66
5258.5	-2203.72	6904
6351.33	-4382.93	7947.27
5743.02	-3271.33	6893.9
5648.16	-1988.26	6759.37
5611.31	-1505.43	6521.74
2208.74	1475.36	2618.17
6328.91	-3474.94	6985.84
6975.65	-2748.8	7526.18
6807.95	-3336.36	7287.59
7470.47	-3852.38	7923.87
2183.35	1299.78	2374.69
-3091.94	946.663	3101.73
-3337.24	2296.06	3471.25
-3014.33	242.369	3328.15
-3035.15	688.167	3340.19
-3130.06	553.765	3453.74
-2814.33	1407.16	3215.57
-2797.43	1287.61	3261.08
-2899.17	1666.12	3393.87
-2880.05	1596.88	3407.78
-2761.15	1345.06	3373.47
-2911.65	1655.61	3560.63
-3222.07	435.636	4158.25
-2651.19	1156.43	3431.66
-2864.88	436.769	3807.1
-2485.67	815.898	3441.62
-2485.67	815.898	3441.62
-2436.13	2020.78	3533.86
-2436.13	2020.78	3533.86
-2399.84	1363.75	4080.34
-2399.84	1363.75	4080.34
-2402.76	-552.821	5864.08
-2402.76	-552.821	5864.08
-2412.93	-2541.65	7626.59
-2412.93	-2541.65	7626.59
-1765.51	-5048.43	9365.67
-612.253	-5406.63	9649.43
-295.014	-5239.79	9593.32
-218.454	-4781.42	9379.75
-55.2808	-550.951	5638.29
-55.2808	-550.951	5638.29
-54.4647	664.896	4428.66
-12.9359	1258.73	3858.44
1771.61	-5503.47	9319.32
2122.01	-5921.92	9407.51
2744.92	-4091.29	8530.27
3440.87	-4531.95	9764.7
3527.85	-5105.52	9813.42
2019.18	-481.002	5433.85
2019.18	-481.002	5433.85
3542.74	-5514.3	9119.47
2024.55	115.771	4882.81
2024.55	115.771	4882.81
3671.41	-2770.13	7799.95
3671.41	-2770.13	7799.95
4330.14	-3762.27	8902.99
3859.53	-3100.19	7683.01
2050.24	1285.59	3775.51
2050.24	1285.59	3775.51
5213.45	-2182.4	6843.34
6478.59	-4476.53	8108.31
5786.15	-3296.35	6946.79
5622.17	-1978.81	6728.04
5622.17	-1978.81	6728.04
6605.87	-3948.1	7481.73
6204.62	-3407.16	6848.28
7089.54	-2796.61	7650.44
6513.02	-3191.96	6970.01
2197.95	1309.33	2392.44
-3065.52	939.632	3076.18
-3045.19	1978.62	3032.03
-3076.66	247.369	3396.64
-2929.91	821.499	3340.61
-2929.91	821.499	3340.61
-2958.74	1468.4	3421
-2747.76	1266.21	3204.25
-2887.6	1600.95	3416.2
-2922.3	399.416	3520.57
-2779.6	1349.79	3393.45
-2661.99	1160.81	3444.94
-2798.79	1658.78	3611.7
-2032.34	-1317.95	2737.68
-2478.13	814.438	3431.47
-2478.13	814.438	3431.47
-2424.96	2011.77	3518.17
-2424.96	2011.77	3518.17
-2395.96	1361.45	4073.59
-2395.96	1361.45	4073.59
-2433.34	737.057	4724.11
-2433.34	737.057	4724.11
-2393.81	-550.998	5844.99
-2393.81	-550.998	5844.99
-606.949	-5343.28	9539.07
-216.485	-4777.87	9373.34
-55.1958	-549.961	5635.75
-55.1958	-549.961	5635.75
-54.2056	663.672	4419.39
-13.4424	1267.07	3884.38
2000.34	-5400.57	9272.62
2188.27	-6102.67	9691.78
2874.04	-3788.33	8540.84
3356.04	-4417.41	9516.84
3552.17	-5140.47	9882.69
2010.83	-478.841	5410.51
2010.83	-478.841	5410.51
2037.66	116.59	4915.61
2037.66	116.59	4915.61
3625.31	-2735.5	7700.59
3625.31	-2735.5	7700.59
4268.49	-3709.72	8779.9
2072.03	715.462	4403.95
2072.03	715.462	4403.95
3853.74	-3094.6	7670.89
2055.33	1288.88	3784.62
2055.33	1288.88	3784.62
5395.97	-2263.64	7086.97
6395.8	-4415.33	8002.38
5276.13	-1575	6488.46
5672.31	-3233.9	6807.94
5969.74	-1528.91	6966.41
5567.48	-1492.85	6469.32
6499.88	-3882.79	7357.7
6363.41	-3495.27	7025.72
6918.82	-2727.76	7465.38
6657.61	-3263.84	7127.58
2188.6	1303.23	2381.13
7924.51	-2758.01	8051.87
