-1523.44	467.617	1528.48
-1714.7	254.372	1759.98
-1445.97	499.053	1526.45
-1565.29	166.513	1709.58
-1395.32	462.964	1619.69
-1490.74	852.555	1743.13
-1457.4	286.499	1719.36
-1412.17	315.056	1680.42
-1477.27	201.623	1780.47
-1434.28	694.89	1748.84
-1322.68	539.865	1661.85
-1457.56	864.029	1883.14
-1427.73	482.375	1935.46
-1277.95	416.192	1760.88
-1287.08	1067.17	1867.04
-1287.08	1067.17	1867.04
-1334.67	498.463	2173.87
-1222.9	-281.275	2987.15
-1201.32	-935.441	3527.67
-28.794	1056.92	1882.59
-30.442	372.523	2477.8
-30.442	372.523	2477.8
-30.8779	35.4381	2791.36
-29.3967	-298.591	3062.06
-29.3967	-298.591	3062.06
1127.31	-268.305	3031.29
1140.34	65.2261	2747.99
2767.58	-1008.76	3117.86
-2327.47	865.509	2235.83
-2327.47	865.509	2235.83
-1520.64	466.874	1525.97
-1648.13	187.573	1723.86
-1465.85	505.401	1546.36
-1635.41	177.691	1743.85
-1565.24	170.765	1712.03
-1526.66	144.241	1687.24
-1398.37	497.014	1620.32
-1490.87	822.696	1762.19
-1456.6	286.351	1718.4
-1542.27	890.713	1833.94
-1470.51	319.722	1788.76
-1330.19	542.916	1671.23
-1429.18	481.323	1936.85
-1273.37	414.578	1754.61
-1282.13	1063.29	1860.14
-1338.24	499.595	2178.76
-1195.7	-1260.51	3781.34
-28.7335	1056.6	1882.12
-30.49	372.858	2481.09
-30.49	372.858	2481.09
-30.7358	35.3092	2785.93
-29.473	-299.285	3069.66
-29.473	-299.285	3069.66
-7.67766	716.396	2194.37
1140.65	65.2812	2748.91
1140.65	65.2812	2748.91
1188.86	745.245	2188.59
1289.99	861.192	1528.75
2623.06	-954.883	2952.31
-2259.81	841.323	2172.02
-2259.81	841.323	2172.02
-1410.66	744.014	1373.17
-1500.93	460.999	1506.52
-1483.16	492.004	1548.31
-1559.61	235.016	1686.96
-1529.09	265.879	1734.39
-1468.62	880.873	1609.7
-1570.4	986.577	1785.38
-1489.44	278.704	1781.19
-1488.64	854.153	1742.13
-1421.01	293.768	1744.44
-1495.44	777.899	1807.73
-1343.9	549.389	1688.91
-1443.32	855.854	1864.3
-1268.44	416.159	1752.18
-1286.77	1067.42	1866.95
-1260.26	716.317	2143.29
-1260.26	716.317	2143.29
-1248.5	378.351	2424.54
-28.2722	-962.277	3614.41
-30.3397	-302.492	3103.41
-30.3397	-302.492	3103.41
-30.7791	373.336	2484.07
-30.7791	373.336	2484.07
-29.4857	713.081	2185.19
-7.08885	710.118	2176.93
-7.84531	1059.42	1884.94
735.896	-2581.75	4851.67
1489.02	-2225.44	4638.75
1582.71	-2079.68	4692.66
2137.04	-1614.09	4540.1
2137.04	-1614.09	4540.1
2165.74	-1742.18	4314.68
1177.8	407.065	2502.59
1177.8	407.065	2502.59
1187.54	744.61	2186.89
1187.54	744.61	2186.89
2639.6	-1160.98	3826.84
3139.06	-1938.3	4252.1
3452.82	-2389.45	4323.83
3452.82	-2389.45	4323.83
3043.66	-908.84	3743.79
1368.81	1114.81	1757.52
3772.13	-2038.35	4301.1
3313.3	-846.882	3861.34
3623.44	-2164.17	4099.92
3210.55	-861.61	3731.61
1428.28	1166.06	1775.53
3369.76	-1447.16	3724.96
4062.52	-1405.29	4119.82
-1428.09	753.051	1390.03
-1532.71	149.248	1698.29
-1463.5	522.369	1589.91
-1496.1	240.106	1656.09
-1496.94	340.381	1648.58
-1416.18	316.175	1685.31
-1486.99	852.57	1739.72
-1482.37	819.731	1752.4
-1561.29	901.467	1856.91
-1475.4	304.073	1808.49
-1479.9	877.09	1910.84
-1432.17	484.758	1941.89
-1243.49	409.211	1718.01
-1289.1	1069.1	1870.07
-1289.1	1069.1	1870.07
-1270.11	721.43	2158.98
-1270.11	721.43	2158.98
-1263.28	-629.98	3386.72
-1263.28	-629.98	3386.72
-951.634	-2712.64	5030.07
-327.974	-2864.13	5112.64
-128.761	-2928.72	5172.72
-112.728	-2484.03	4870.4
-29.4005	-971.77	3648.61
-30.4643	-303.268	3110.32
-31.4953	35.7644	2812.23
-31.4953	35.7644	2812.23
-30.795	373.026	2482.48
-8.55519	717.273	2202.42
-28.8799	1056.75	1882.44
899.173	-2797.03	5152.83
1081.72	-2882.64	5166.13
1584.33	-2371.95	4943.86
1609.85	-2124.68	4790.82
1849.11	-2674.26	5141.24
1111.39	-264.079	2988.55
1111.39	-264.079	2988.55
1138.74	65.0447	2744.64
2133.61	-1612.03	4534.71
2133.61	-1612.03	4534.71
2268.41	-1972.48	4666.86
1999.1	-1602.88	3971.86
1181.03	408.241	2510.31
1181.03	408.241	2510.31
1193.01	748.171	2197.43
2244.36	-986.447	3251.7
1189.38	1081.99	1866.07
1189.38	1081.99	1866.07
3238.04	-1311.61	4398.51
3492.2	-2416.42	4373.32
3492.2	-2416.42	4373.32
1349.85	1098.87	1732.1
3350.08	-1806.69	3814.54
3228.28	-866.627	3753.18
3417.53	-1264.76	3676.38
4069.42	-2095.31	4313.39
3950.95	-1568.13	4167.27
-1698.27	641.162	1650.74
-1698.27	641.162	1650.74
-1425.42	751.936	1387.86
-1508.23	463.026	1513.45
-1525.26	344.662	1627.77
-1547.2	247.052	1710.24
-1470.62	882.662	1612.35
-1508.64	263.297	1713.28
-1507.68	904.65	1736.17
-1427.41	318.412	1697.97
-1476.7	847.27	1728.32
-1484.9	821.359	1755.71
-1504.55	310.437	1844.15
-1364.45	630.61	1801.9
-1242.49	408.533	1716.99
-1242.49	408.533	1716.99
-1273.51	723.556	2165.42
-1217.94	45.7842	2675.71
-1260.41	-629.05	3381.09
-901.775	-2569.82	4766.21
-405.213	-2776.38	5063.6
-247.576	-2643.05	4970.59
-158.941	-2831.27	5185.41
-114.796	-2535.22	4970.94
-28.7827	-965.69	3625.21
-30.4212	-301.335	3090.73
-31.443	35.7123	2809.04
-30.6539	372.439	2476.89
-29.5123	712.729	2181.84
-7.2366	705.608	2159.71
-8.04456	1071.46	1907.46
918.48	-2852.9	5259.91
1023.69	-2877.93	5370.82
1108.4	-1275.16	3909.28
1604.88	-2398.86	5000.91
1609.75	-2125.72	4792.15
1919.72	-2779.74	5344.04
2142.53	-3152	5294.08
2111.86	-1596.34	4489.25
2286.72	-1986.93	4700.18
1185.81	743.488	2183.66
1185.81	743.488	2183.66
2596.56	-1142.55	3767.06
3130.98	-1933.14	4240.87
3252.65	-1319.14	4420.77
1368.58	1114.94	1758.4
3650.55	-1970.81	4161.28
3280.25	-838.101	3820.54
3607.54	-2154.28	4081.44
1421.87	1160.68	1767.43
1286.89	859.299	1525.43
3431.44	-1027.79	3773.98
4124.94	-1637.78	4352.97
3728.14	-1291.9	3780.59
-1399.25	737.927	1362.05
-1477.83	490.321	1542.68
-1527.98	244.002	1690.33
-1478.84	336.6	1629.56
-1492.9	261.003	1696.71
-1432.6	566.168	1616.53
-1474.66	815.668	1743.37
-1428.4	295.204	1753.41
-1427.23	346.411	1797.05
-1485.69	880.232	1917.25
-1298.63	426.556	1793.4
-1298.63	426.556	1793.4
-1290.08	1069.86	1871.46
-1290.08	1069.86	1871.46
-1276.98	725.417	2171.03
-1285.47	-295.121	3135.38
-917.552	-2617.93	4854.84
-818.917	-3375.71	5231.48
-409.461	-2810.14	5124.26
-298.709	-2831.54	5330.23
-154.146	-2776.6	5084.36
-118.614	-2543.5	4986.13
-27.3219	-945.659	3550.98
-31.5834	35.7234	2808.39
-30.7028	372.184	2477.12
-30.7028	372.184	2477.12
-6.91512	701.799	2154.17
532.085	-2701.82	4682.74
887.888	-2750.55	5066.11
1029.31	-1952.35	3901.44
1596.91	-2106.1	4749.36
1932.26	-2798.82	5379.76
2048.87	-1547.01	4352.91
1190.34	411.444	2531.42
1190.34	411.444	2531.42
2712.69	-2069.36	4865.87
1190.65	746.609	2193.16
1190.65	746.609	2193.16
2379.99	-1046.95	3451.12
3266.72	-1219.43	4140.72
3655.11	-1973.11	4165.09
3721.15	-2223.95	4213.19
3743.5	-1644.16	4237.13
1416.65	1151.5	1757.84
1416.65	1151.5	1757.84
3399.49	-1019.2	3739.39
3399.49	-1019.2	3739.39
1299.47	868.016	1540.77
4144.76	-1645.04	4373.11
-1412.31	744.795	1374.96
-1633.18	194.274	1752.85
-1528.8	123.159	1686.97
-1439.36	513.715	1563.55
-1530.7	348.281	1685.94
-1422.16	486.781	1577.93
-1473.83	884.11	1615.46
-1495.44	857.509	1749.65
-1489.38	823.67	1760.8
-1481.84	283.712	1809.41
-1447.26	298.329	1773.89
-1493.98	777.756	1806.46
-1262.32	413.839	1743.06
-1262.32	413.839	1743.06
-1281.23	1063.02	1859.21
-1269.2	721.054	2157.27
-1261.12	382.101	2448.74
-1261.12	382.101	2448.74
-1232.04	46.3912	2704.47
-1232.04	46.3912	2704.47
-1244.69	-286.184	3038.94
-1251.67	-625.304	3359.23
-1251.67	-625.304	3359.23
-886.574	-2531.95	4696.53
-887.902	-3179.91	5060.79
-159.378	-2813.99	5152.57
-116.769	-2563.63	5027.05
-27.5714	-950.686	3568.65
-27.5714	-950.686	3568.65
-30.4154	371.539	2473.32
-30.4154	371.539	2473.32
-7.09516	707.715	2170.68
-28.7404	1052.05	1873.99
-28.7404	1052.05	1873.99
918.543	-2859.64	5267.68
1087.89	-2952.03	4962.41
1080.64	-2670.99	4682.65
1505.26	-2247.7	4684.92
1609.59	-2119.08	4780.51
1110.29	-264.112	2986.66
1110.29	-264.112	2986.66
2130.93	-1608.17	4524.24
2130.93	-1608.17	4524.24
2291.75	-1991.4	4710.77
1184.86	409.613	2518.88
2767.02	-2113.44	4972.28
1183.91	742.21	2179.99
2563.95	-1128.36	3720.14
3149.05	-2285.19	4344.63
3107.3	-1918.46	4208.65
3629.26	-2515.75	4546.23
2945.08	-1100.05	3731.1
3240	-1852.81	3895.52
1425.83	1164.27	1772.64
3639.59	-1999.71	4019.97
1286.27	858.832	1524.92
3547.33	-1062.93	3903.83
3547.33	-1062.93	3903.83
3650.29	-1789.58	3904.28
3650.29	-1789.58	3904.28
1296.99	772.459	1410.21
1252.57	798.749	1352.6
-1513.92	436.595	1459.38
-1402.29	739.639	1365.02
-1616.03	183.523	1690.78
-1541.38	347.647	1642.63
-1640.88	196.284	1761.85
-1477.69	886.249	1619.52
-1524.73	196.948	1730.53
-1489.77	823.67	1761.28
-1432.66	295.738	1757.6
-1495.07	778.678	1808.05
-1255.35	410.194	1731.14
-1255.35	410.194	1731.14
-1264.52	718.472	2149.98
-1264.52	718.472	2149.98
-1289.42	390.264	2502.4
-1289.42	390.264	2502.4
-1258.37	47.0373	2762.99
-1258.37	47.0373	2762.99
-1215.6	-608.058	3265.42
-928.43	-2646.46	4907.99
-421.499	-2912.6	5315.69
-397.032	-3247.62	5302.92
-113.69	-2484.46	4871.22
-29.8105	-301.115	3089.39
-30.275	370.442	2464.99
-29.3612	711.927	2180.96
-6.69581	708.541	2169.5
-6.36131	1033.13	1836.37
740.057	-2609.47	4902.89
935.361	-2909.9	5363.96
943.176	-1802.16	3603.04
1727.7	-2588.83	5395.37
1908.21	-2958.57	4891.39
2094.61	-3085.51	5186.04
1682.75	-1712.66	3959.19
2200.6	-1664.88	4679.2
2200.6	-1664.88	4679.2
2302.55	-2004.39	4740.41
1171.76	404.989	2490.49
1171.76	404.989	2490.49
1181.63	1074.61	1853
1181.63	1074.61	1853
3219.08	-1988.39	4361.44
3172.32	-1284.07	4307.62
3606.87	-2500.23	4517.65
3025.93	-1131.04	3835.37
1385.94	1128.46	1780.61
3201.75	-818.045	3731.68
1441.69	1178.22	1793.08
3150.92	-844.998	3661.12
3534.28	-1940.92	3901.77
3783	-1494.48	4082.05
4170.13	-2144.26	4417.32
4094.42	-1624.65	4320.07
1257.62	747.704	1364.48
1259.94	803.475	1362.2
-4772.26	-3333.34	4717.94
-1531.41	470.108	1536.35
-1594.24	447.596	1650.52
-1631.36	186.076	1707.18
-2027.52	927.759	2106.17
-1513.45	343.955	1666.64
-1549.9	202.02	1758.52
-1537.26	921.46	1769.02
-1566.27	904.324	1862.32
-1424.67	293.678	1747.25
-1490.27	775.867	1802.22
-1442.85	704.306	1763.18
-1248.79	406.152	1719.59
-1248.79	406.152	1719.59
-1361.73	507.354	2215.79
-1288.55	731.579	2189.46
-1288.55	731.579	2189.46
-1206.76	-277.582	2949.79
-925.021	-2642.39	4899.67
-737.224	-3184.71	5096.84
-414.071	-2861.3	5221.07
-112.645	-2487.33	4875.57
-29.8949	-300.754	3087.17
-29.8949	-300.754	3087.17
-30.3657	372.193	2475.09
-7.44531	708.515	2171.79
407.351	-3243.5	4937.13
513.867	-3108.11	5334.79
855.56	-2657.37	4899.54
1002.19	-2807.9	5237.69
1422.75	-2216.2	4706.01
1614.32	-2119.94	4784.22
1147.71	-272.767	3088.15
1150.67	65.9968	2775.08
1150.67	65.9968	2775.08
2000.68	-1603.61	3974.29
1187.76	410.624	2525.05
1187.76	410.624	2525.05
2572.81	-1962.19	4615.82
1189.03	745.543	2189.49
1188.33	1081.06	1864.07
3208.84	-1982.74	4346.82
3230.36	-1307.52	4386.52
3143.4	-1173.56	3982.79
1361.88	1108.49	1748.88
3601.52	-2373.91	4218.93
2989.68	-763.333	3482.71
3177.19	-852.109	3691.51
3584.42	-1933.4	4085.72
3370.25	-820.539	3801.67
3564.03	-1956.77	3934.24
3702.95	-1109.01	4076.08
4057.98	-1608.92	4279.76
1285.45	766.241	1399.41
1249.16	796.27	1349.28
-2384.55	886.69	2289.81
-2384.55	886.69	2289.81
-1414.89	745.743	1376.86
-1571.25	354.927	1675.92
-1577.2	284.306	1743.19
-1461.75	332.658	1610.83
-1564.59	164.078	1743.82
-1525.96	960.306	1736.35
-1527.39	915.897	1758.26
-1482.73	820.402	1753.37
-1484.7	283.987	1812.71
-1503.43	310.749	1844.73
-1429.51	699.688	1747.73
-1245.85	405.641	1716.47
-1245.85	405.641	1716.47
-1285.19	388.98	2494.82
-1285.19	388.98	2494.82
-1247.26	46.9899	2737.06
-1247.26	46.9899	2737.06
-1220.84	-280.622	2981.9
-1241.8	-1659.02	4231.93
-917.599	-2619.57	4857.87
-389.007	-2669.99	4868.4
-163.298	-2905.42	5318.6
-117.665	-2555.86	5011.45
-31.2786	35.7176	2806.37
-30.3931	371.759	2472.24
-29.1059	1056.44	1881.32
-29.1059	1056.44	1881.32
746.554	-2624.9	4932.97
883.497	-2746.05	5063.86
1003.81	-2814.02	5248.72
1069.69	-2890.83	4964.59
1456.82	-2174.45	4532.4
1645.34	-2165.82	4885.43
1135.79	-270.056	3056.93
1135.79	-270.056	3056.93
1186.99	410.234	2522.96
1186.99	410.234	2522.96
2631.4	-2008.79	4724.84
1186.85	744.038	2185.38
1186.85	744.038	2185.38
2536.73	-1114.85	3677.12
1187.01	1079.75	1862.47
1187.01	1079.75	1862.47
3115.51	-1923.41	4218.34
3208.82	-1299.08	4357.5
3519.13	-2439.27	4407.57
3067.96	-1758.6	3689.91
3011.08	-769.281	3510.24
3712.88	-2005.21	4233.05
1415.67	1157.27	1760.48
3601.44	-2094.45	3958.05
3577.65	-1072.1	3938.54
3927.31	-2019.17	4158.89
1252.15	798.354	1352.89
