-613.25	204.141	638.77
-590.305	210.105	642.214
-615.052	49.1631	678.681
-574.768	207.177	653.61
-636.888	373.718	731.815
-609.708	302.335	705.691
-628.513	348.348	744.054
-599.999	81.7578	724.189
-609.516	299.122	743.649
-617.754	118.152	753.628
-610.669	145.649	747.491
-610.976	98.9747	770.856
-605.076	97.9086	789.198
-684.653	251.842	950.558
-657.187	247.047	939.085
-552.34	20.5769	1213.05
-560.069	-128.959	1366.6
-585.185	-455.198	1715.36
-585.185	-455.198	1715.36
-699.976	-1432.86	2651.27
-464.478	-1329.45	2465.47
-185.258	-1602.01	2858.86
-138.848	-1462.27	2749.18
-89.5659	-1573.25	2879.33
-13.3676	325.346	996.202
-62.0239	-1337.31	2622.15
-1.8457	292.322	519.723
-14.5767	16.6977	1317.17
223.943	-1787.15	2718.23
570.573	-1546.69	2598.98
658.083	-1280.75	2636.72
658.083	-1280.75	2636.72
852.448	-1121.29	2529.51
568.575	-135.082	1528.79
567.396	32.4927	1367.03
931.901	-949.089	2193.29
579.527	363.441	1066.83
568.781	517.345	891.609
568.781	517.345	891.609
-602.527	200.623	627.825
-624.755	80.9853	674.586
-590.736	210.307	642.672
-624.157	49.7612	688.637
-575.662	207.601	654.736
-633.408	371.809	728.013
-604.646	299.893	699.965
-624.042	345.896	738.831
-623.541	326.47	754.598
-609.977	82.9003	735.325
-614.369	117.426	749.364
-590.332	95.8074	746.023
-607.553	98.3042	792.333
-652.403	245.232	932.568
-562.871	20.9743	1234.77
-610.077	-304.011	1632.03
-610.077	-304.011	1632.03
-587.662	-457.372	1723.98
-702.702	-1439.41	2663.35
-456.876	-1308.22	2426.16
-229.195	-1576.08	2655.02
-135.976	-1431.16	2690.51
-86.0604	-1521.87	2785.58
-13.3783	325.109	995.729
-62.1384	-1337.74	2622.25
-14.6139	16.6476	1319.44
-14.6139	16.6476	1319.44
224.309	-1788.57	2721.48
247.327	-1324.69	2325.08
553.867	-1363.24	2386.12
767.384	-1193.5	2534.87
566.315	-134.485	1522.63
571.467	32.7396	1377.15
1174.46	-920.298	2375.18
568.819	517.341	891.615
568.819	517.341	891.615
-607.624	202.301	633
-588.846	209.606	640.536
-634.577	112.675	700.511
-630.047	144.582	712.116
-569.733	205.451	648.059
-636.217	373.319	731.085
-606.611	300.825	702.205
-625.702	346.798	740.746
-611.644	83.1409	738.225
-595.719	80.9546	720.029
-605.216	297.038	738.513
-602.935	97.727	761.328
-607.389	98.3018	792.117
-645.084	242.47	921.973
-1115.58	-810.271	1635.11
-1115.58	-810.271	1635.11
-580.562	-451.757	1703.04
-580.562	-451.757	1703.04
-408.406	-639.912	1193.47
-408.406	-639.912	1193.47
-477.595	-1363.31	2528.24
-446.302	-1758.91	2874.62
-184.943	-1605.55	2864.81
-164.458	-1407.06	2648.48
-87.5105	-1536.37	2812.72
-14.2446	172.986	1150.61
-66.4177	-1408.62	2761.84
-14.5812	16.6985	1318.04
-14.5812	16.6985	1318.04
223.636	-1784.7	2714.4
248.856	-1331.49	2337.54
851.216	-1121.22	2527.49
902.96	-1170.59	2520.35
902.96	-1170.59	2520.35
567.28	-134.771	1526.22
570.091	32.6689	1373.92
956.058	-974.501	2252.04
569.06	517.576	891.997
569.06	517.576	891.997
-603.585	183.135	649.741
-611.595	229.253	662.53
-592.782	200.893	667.719
-569.296	205.251	647.531
-636.272	373.422	731.102
-602.373	298.734	697.372
-626.756	347.408	742.057
-618.749	84.3561	745.495
-618.352	118.175	754.304
-625.928	148.793	765.313
-598.079	163.511	755.654
-605.737	97.9768	789.985
-654.124	245.775	934.914
-570.67	21.2328	1251.49
-613.573	-305.766	1641.34
-613.573	-305.766	1641.34
-576.998	-449.366	1693.4
-808.6	-1695.04	2805.33
-464.599	-1328.28	2462.85
-183.586	-1587.19	2832.32
-143.417	-1499.19	2818.59
-89.1547	-1558.44	2851.77
-14.1873	172.673	1149.03
-14.1873	172.673	1149.03
-64.7485	-1390.41	2725.94
-14.6137	16.6517	1317.86
-14.6137	16.6517	1317.86
223.885	-1785.78	2715.89
252.14	-1351.02	2371.6
574.652	-1416.7	2479.9
763.946	-1189.61	2525.69
571.098	-135.75	1536.18
573.237	32.7986	1381.7
1015.99	-1033.41	2389.75
568.383	516.93	890.99
568.383	516.93	890.99
-622.378	341.559	611.669
-618.766	190.055	621.512
-2039.05	-1275.96	2083.99
-612.562	203.97	637.893
-620.143	49.5488	684.274
-578.478	196.271	652.074
-645.213	405.975	733.696
-602.448	298.824	697.526
-618.449	354.771	723.803
-595.848	81.0507	720.008
-607.718	299.057	742.693
-556.617	225.736	698.183
-560.125	90.8842	707.077
-548.116	454.486	794.913
-548.116	454.486	794.913
-547.953	311.134	931.306
-547.953	311.134	931.306
-557.683	20.9056	1223.54
-557.683	20.9056	1223.54
-572.25	-131.641	1396.61
-572.25	-131.641	1396.61
-572.451	-445.799	1681.05
-572.451	-445.799	1681.05
-448.72	-1282.37	2378.72
-14.7803	16.8098	1327.45
-14.7803	16.8098	1327.45
-3.08206	322.59	989.2
-3.16236	477.071	847.106
595.245	-502.716	1938.62
574.377	32.7555	1384.76
574.377	32.7555	1384.76
576.291	199.211	1224.33
576.291	199.211	1224.33
678.345	554.186	843.227
624.975	417.592	740.92
1773.17	-475.317	2060.26
-575.546	193.086	602.272
-627.767	81.7208	677.691
-616.731	49.2714	680.237
-634.032	379.758	729.383
-611.058	302.914	707.201
-647.191	373.963	769.614
-612.889	83.4457	739.856
-551.999	228.775	668.972
-612.568	117.087	747.276
-615.643	302.709	751.867
-558.618	226.436	700.525
-643.127	241.864	919.452
-643.127	241.864	919.452
-583.078	143.776	837.04
-546.383	453.15	792.517
-546.383	453.15	792.517
-563.289	154.321	827.543
-550.182	166.656	1069.01
-550.182	166.656	1069.01
-573.515	21.3669	1257.78
-573.515	21.3669	1257.78
-457.08	-1306.74	2423.82
-129.225	-1321.57	2486.42
-129.225	-1321.57	2486.42
-66.2484	1346.33	2401.71
-14.2199	173.203	1152.53
-13.373	325.452	996.71
-14.1804	-143.324	1469.97
-13.4253	-468.372	1757.81
-2.91099	322.364	987.315
716.963	-1113.16	2364.41
575.775	-136.715	1550.05
571.338	32.626	1377.29
571.338	32.626	1377.29
576.897	199.505	1226.04
576.897	199.505	1226.04
567.925	516.492	890.311
1414.75	-622.971	2055.12
666.703	543.443	856.98
1674.03	-499.654	2058.24
682.218	557.337	848.088
1796.84	-481.911	2088.38
-624.314	342.632	613.553
-616.205	189.296	618.954
-602.777	205.48	632.103
-610.151	138.554	671.821
-626.653	50.1568	691.637
-620.969	107.707	704.342
-615.755	353.425	720.833
-626.515	328.095	758.008
-616.046	350.488	750.119
-557.671	226.197	699.515
-551.969	240.051	713.886
-649.676	244.307	928.972
-545.922	452.702	791.671
-545.922	452.702	791.671
-544.01	164.957	1057.99
-544.01	164.957	1057.99
-585.623	-134.637	1428.17
-598.181	-1415.16	2503.4
-475.985	-1358.5	2519.78
-14.6037	16.7238	1320
-14.6037	16.7238	1320
-14.476	-144.64	1483.45
-14.476	-144.64	1483.45
-14.3114	173.595	1154.75
-3.68116	323.336	991.088
-1.79755	294.003	522.677
843.887	-1094.22	2356.07
571.774	32.8472	1378.42
571.774	32.8472	1378.42
578.64	199.986	1229.69
578.64	199.986	1229.69
1210.8	-971.401	2408.26
565.07	513.903	885.821
673.954	550.297	837.483
1772.26	-452.106	2062.97
1877.82	-457.696	2118.82
-637.547	349.897	626.537
-600.763	345.277	613.277
-612.071	138.791	673.493
-604.162	250.831	671.719
-624.943	378.831	695.718
-604.092	297.166	738.134
-609.055	178.679	763.122
-609.055	178.679	763.122
-568.345	92.2951	717.757
-648.045	243.768	926.97
-648.045	243.768	926.97
-549.129	455.37	796.343
-549.129	455.37	796.343
-559.981	-128.885	1366.87
-599.858	-299.167	1606.39
-599.858	-299.167	1606.39
-14.8862	16.9253	1331.13
-14.2381	-143.592	1473.07
-14.2381	-143.592	1473.07
-14.1243	172.742	1149.13
-3.06174	323.824	991.691
-1.79282	294.514	523.337
574.522	-136.496	1546.3
574.522	-136.496	1546.3
578.053	199.858	1227.98
578.053	199.858	1227.98
1383	-608.539	2007.7
1675.16	-626.033	2124.11
667.226	543.539	857.484
1807.84	-461.581	2106.06
1796.57	-482.025	2088.6
1755.95	-643.918	1986.61
-600.335	225.437	651.038
-600.709	371.943	670.406
-601.155	168.433	685.283
-649.392	375.03	771.928
-615.047	117.557	750.34
-604.511	297.389	738.49
-610.469	125.807	748.96
-606.432	177.883	759.804
-596.264	181.829	792.645
-645.068	242.677	922.702
-645.068	242.677	922.702
-555.353	137.161	798.348
-546.844	453.44	793.072
-567.169	-130.488	1384.21
-567.169	-130.488	1384.21
-262.446	-377.437	705.251
-262.446	-377.437	705.251
-59.8814	-1317.03	2583.47
-14.6885	16.7789	1321.12
-14.3207	173.816	1156.37
-3.06038	324.113	992.623
-2.88482	478.19	848.725
567.541	-1397.57	2446.95
567.541	-1397.57	2446.95
566.742	32.5207	1365.8
575.93	198.997	1223.81
575.93	198.997	1223.81
1113.23	-890.798	2209.3
576.617	361.629	1061.76
570.688	519.167	894.993
570.688	519.167	894.993
1715.05	-640.519	2174.12
693.334	566.677	862.237
693.334	566.677	862.237
1687.06	-430.66	1963.66
1824.45	-489.449	2120.71
-617.959	173.533	640.407
-592.12	201.999	621.488
-854.98	392.329	902.93
-597.704	224.297	647.885
-624.132	141.604	686.731
-603.964	169.212	688.441
-610.625	302.788	706.748
-626.704	347.695	741.828
-649.148	375.121	771.64
-607.745	82.7703	733.027
-559.956	243.196	723.799
-605.02	93.0801	805.04
-571.924	140.586	820.683
-547.041	453.638	793.375
-549.481	311.893	933.929
-549.481	311.893	933.929
-563.497	21.1181	1236.68
-607.054	-302.605	1624.96
-105.132	-165.474	308.688
-655.572	-1355.82	2510.61
-466.051	-1331.7	2469.97
-13.6185	-467.317	1753.74
-13.6185	-467.317	1753.74
-14.0765	-142.765	1464.76
-14.7878	16.8542	1326.67
-14.7878	16.8542	1326.67
-14.1667	172.726	1149.1
-14.1667	172.726	1149.1
-3.03366	473.971	841.983
567.154	-1399.11	2450.98
577.912	-137.55	1554.8
575.746	33.0287	1388.45
580.683	200.876	1234.26
580.683	200.876	1234.26
569.152	517.741	892.563
1627.37	-605.851	2060.29
665.078	541.667	854.665
1737.26	-518.261	2135.77
695.212	568.339	864.719
1805.52	-484.447	2098.89
