-3240.28	1648.43	3243.68
-3240.28	1648.43	3243.68
-3427.64	1048.69	3434.33
-12462	-7797.55	12734.8
-7293.14	954.562	7678.55
-7293.14	954.562	7678.55
-3426.86	776.207	3773.96
-3129.87	2140.78	3456.48
-3185.03	1088.4	3535.72
-3345.39	2021.59	3724.52
-3510.25	1006.75	3934.35
-3540.52	1145.69	4009.2
-3529.17	411.413	4056.29
-3317.97	1745.6	3941.92
-3419.14	652.809	4175.85
-3475.99	713.737	4266.06
-3190.73	1893.84	4128.24
-3286.93	531.768	4290.72
-3144.67	1448.21	4147.63
-2846.64	2361.12	4129.19
-2846.64	2361.12	4129.19
-2834.07	1609.74	4819.31
-2834.07	1609.74	4819.31
-2888.05	873.878	5609.72
-2386.22	-6802.28	12617.1
-1864.84	-8068.84	12914.8
-820.54	-7241.25	12923
-371.809	-6716.81	12299.3
-272.208	-6059.92	11884.9
-65.028	2369.55	4220.72
-66.4427	1607.09	4926.9
-69.1816	843.981	5623.73
-69.1816	843.981	5623.73
-69.8189	-695.767	7131.26
-69.8189	-695.767	7131.26
-15.7343	1592.34	4880.24
406.827	-7816.2	12858.9
1806.52	-6373.07	11972.4
2118.8	-6580.98	12134.6
2376.69	-6656.99	12417.4
2617.12	-6968.28	12495.2
3962.42	-5919.44	12341.7
2622.08	-625.143	7056.86
4653.27	-7217.73	11933.5
2702.1	933.409	5743.92
2702.1	933.409	5743.92
5640.04	-4907.32	11605.3
5386.37	-4332.72	10734
6169.49	-6211.54	11422.3
2706.93	1696.59	4983.37
2706.93	1696.59	4983.37
6091.5	-4645.77	10928.8
2697.34	2454.12	4231.2
7334.76	-4529.97	9930.67
6888.19	-2578.93	8730.01
8793.15	-6099.22	11016
8014.77	-4575.22	9643.93
8880.41	-5856.7	10405.8
8656.87	-4756.43	9556.86
8862.87	-3275.93	9534.35
9410.54	-3733.26	9925.77
-12560.2	-7370.76	12116
-12551	-7851.1	12824.8
-3433.38	962.909	3561.33
-7633.94	998.165	8024.32
-7633.94	998.165	8024.32
-3258.19	1442.29	3526.35
-3258.19	1442.29	3526.35
-3372.44	764.476	3715.4
-3091.47	2115.06	3414.24
-3187.24	1089.05	3537.74
-3337.4	2017.28	3715.44
-3559.89	1019.91	3987.65
-3529.97	1142.38	3997.74
-3076.5	2199.68	3543.45
-3315.1	1744.53	3938.88
-3309.87	1714.65	3998.74
-3127.15	586.012	4077.41
-3285.82	531.438	4288.85
-3168.49	1460.13	4179.2
-3255.39	498.705	4332.74
-3037.3	750.549	4366.42
-2857.45	2369.65	4144.02
-2982.08	1104.73	4869.6
-2832.85	1608.98	4817.94
-2832.85	1608.98	4817.94
-2875.62	870.331	5585.39
-2920.15	-3078.05	9234.74
-2303.96	-6573.38	12193.4
-1019.76	-7019.45	12808.3
-790.826	-7011.39	12515.2
-268.597	-6009.18	11786.6
-64.9908	2372.32	4224.62
-69.0615	845.097	5627.05
-69.0615	845.097	5627.05
-69.7484	-694.102	7115.4
-69.7484	-694.102	7115.4
-14.9996	1589.17	4869.94
405.048	-7738.75	12733.8
2172.21	-6759.79	12475.2
2636.91	-7024.6	12593.5
3366.84	-5231.43	11113
3808.25	-5687.13	11856.5
2629.77	-626.414	7077.53
5154.42	-7596.37	12772.5
5581.38	-4850.03	11468.5
5324.61	-4276.8	10598.9
6495.85	-6549.71	12039.6
2701.68	1693.12	4972.91
2701.68	1693.12	4972.91
6083.34	-4636.36	10908
2704.28	2461.05	4242.44
7449.9	-4600.34	10088.4
7239.55	-2711.1	9181.51
8798.02	-6095.61	11019.5
8001.14	-4564.33	9626.04
8547.93	-5636.52	10014.1
3017.94	1923.4	3258.38
8829.71	-3263.47	9498.57
10335.8	-5325.28	10963.1
9503.81	-3768.97	10023.1
-3180.33	1618.39	3184.04
-3180.33	1618.39	3184.04
-3337.75	934.557	3461.16
-7049.48	922.938	7422.39
-7049.48	922.938	7422.39
-3247.55	1946.94	3559.85
-3124.72	2136.29	3449.5
-3483.9	617.085	3847.71
-3176.04	1085.55	3525.99
-3403.99	975.558	3816.31
-3333.97	1056.33	3772.87
-3521.08	1139.83	3988.16
-3412.35	2145.74	3882.8
-3078.66	2201.54	3546.61
-3362.57	1767.39	3992.27
-3310.39	1714.63	3999.06
-3480.27	714.119	4271.24
-3219.99	777.753	4053.24
-3273.63	529.561	4273.13
-3006.95	1113.62	4907.89
-2836.21	1611.14	4823.11
-2836.21	1611.14	4823.11
-2890.32	874.856	5613.5
-2994.47	-3149.51	9449.2
-2341.78	-6688.84	12407
-2018.96	-7948.99	12992.8
-1876.42	-8114.75	12989.4
-279.639	-6177.97	12114.2
-64.9666	2370.34	4222.28
-66.4538	1607.46	4926.65
-69.1139	844.366	5623.9
-69.7011	-694.566	7119.99
-69.7011	-694.566	7119.99
-65.2327	-2233.31	8380.24
-65.2327	-2233.31	8380.24
-15.3658	1592.68	4881.56
409.038	-7842.93	12904.2
1831.91	-6439.99	12099.3
2598.9	-6918.77	12403
2594.1	-6999.03	12011.4
3981.07	-5947.74	12402.2
3982.7	-5249.24	11841.4
2640.5	-629.511	7109.68
2631.6	149.449	6341.86
5572.89	-4847.11	11463.2
2706.27	1696.42	4982.01
2706.27	1696.42	4982.01
6164.15	-4700.66	11060
2699.68	2456.77	4235.23
2699.68	2456.77	4235.23
7055.69	-2641.71	8944.79
8657.97	-5997.88	10843.2
8024.31	-4574.58	9654.25
3084.37	2059.82	3657.72
8722.87	-4710.52	9945.71
6995.68	-1703.14	7881.22
9391.16	-5657.51	10368.4
3024.06	1927.43	3264.88
8870.35	-3280.02	9544.05
9412.11	-3733.65	9927.13
-12447.7	-7787.37	12721.3
-3490.74	977.868	3618.85
-7004.76	915.344	7364.29
-7004.76	915.344	7364.29
-3106.92	2124.99	3430.76
-3181.67	1087.29	3531.93
-3336.53	2017.11	3715.04
-3422.46	980.848	3836.03
-3327.54	1053.93	3765.26
-3504.11	1134.41	3969.37
-3459.24	2021.98	3979.15
-3072.35	2196.87	3539.13
-3329.94	1751.63	3955.74
-3403.08	649.145	4156.02
-3113.58	501.708	3915.49
-3109.19	581.73	4052.26
-3280.69	530.934	4282.83
-2860.96	2371.83	4148.16
-2974.99	1103.64	4856.42
-2853.52	1619.97	4850.53
-2853.52	1619.97	4850.53
-2898.93	876.687	5627.15
-2846.37	-655.773	6952.05
-2360.2	-6737.44	12495.2
-1881.27	-8126.09	13006.8
-762.605	-6767.05	12076.8
-281.079	-6232.13	12220.6
-64.9814	2370.51	4221.77
-66.3632	1605.77	4923.9
-69.2568	844.706	5629.31
-69.8226	-694.283	7117.44
-69.8226	-694.283	7117.44
-16.0222	1592.21	4881.93
402.832	-7724.27	12710
1877.58	-6631.71	12460.1
2131.8	-6634.56	12228.6
2608.61	-7040.88	12083.7
3956.17	-5917.08	12338.5
3518.41	-4570.31	9846.08
2629.86	-626.632	7076.22
4294.34	-4375.77	10115.1
2695.95	931.208	5729.51
5007	-4014.43	9950.61
6466.93	-6516.89	11988
2701.56	1693.62	4973.75
2701.56	1693.62	4973.75
6104.13	-4653.44	10948
2693.26	2450.03	4223.93
7536.96	-4655.41	10206.9
6910.13	-2584.67	8756.31
8763.23	-6073.16	10976.9
6997.98	-2090.17	8606.06
8131.84	-4637.81	9785.84
3073.35	2052.3	3643.42
7698.77	-1966.79	8978.74
8722.37	-4708.61	9942.75
9388.05	-5652.71	10360.4
3006.67	1916.15	3245.18
8780.82	-3245.11	9445
9563.13	-3794.85	10088.3
-3431.26	1049.71	3437.83
-3462.18	970.083	3589.3
-7638.32	996.836	8014.03
-7638.32	996.836	8014.03
-3248.49	1437.86	3515.8
-3248.49	1437.86	3515.8
-3356.45	761.968	3699.91
-3121.73	2134.89	3446.75
-3566.22	631.801	3937.23
-3337.73	2017.75	3716.11
-3510.6	1135.93	3975.88
-3427.67	2155.66	3900.01
-3336.68	1755.13	3963.46
-3397.16	696.862	4171.2
-3306.26	797.49	4159.01
-3105.25	500.966	3906.86
-3216.62	1908.25	4157.65
-3274.25	529.814	4274.45
-3211.84	1479.9	4235.13
-2856.13	2368.49	4142.32
-2832.84	1609.08	4817.36
-2832.84	1609.08	4817.36
-2871.7	869.339	5579.27
-2861.82	-3016.38	9050.46
-2241.1	-6412.62	11893.5
-1984.47	-7818.7	12780.5
-1020.15	-7016.53	12802
-278.751	-6158.22	12075.7
-65.0225	2371.37	4222.2
-69.4392	845.989	5635
-69.4392	845.989	5635
-69.0422	-692.895	7103.78
-69.0422	-692.895	7103.78
-15.799	1582.69	4858.62
1870.7	-6577.82	12358.7
2132.8	-6622.72	12217.8
2580.79	-6964.22	11951.9
3327.74	-5173.21	10987.8
4063.66	-6069	12657.3
4916.66	-7232.11	12156
4318.61	-4399.17	10169.7
5398.77	-4340.56	10753.4
6211.68	-6252.31	11498.6
2698.76	1691.47	4967.7
2698.76	1691.47	4967.7
6125.75	-4670.57	10989.3
2704.06	2460.9	4242.47
6096.47	-2683.38	8846.97
7369.05	-4546.88	9974.26
6700.18	-2497.99	8477.3
8737.59	-6054.9	10943.5
8881.89	-5861.82	10412.9
7074.08	-1807.44	8239.55
7337.19	-1967.95	8524.54
8728.13	-4715.92	9954.15
8645.61	-5168.25	9785.32
8305.25	-2490.04	9144.25
3074.97	1830.36	3342.34
3008.23	1917	3247.29
9568.51	-3794.86	10092.3
-3425.33	1048.75	3433.88
-12422.1	-7772	12693.2
-7781.07	1016.48	8168.92
-7781.07	1016.48	8168.92
-3115.93	2131.4	3440.74
-3171.98	1084.17	3521.38
-3338.37	2018.21	3717.01
-3524.25	1140.62	3991.29
-3417.21	2000.18	3933.16
-3104.86	2219.85	3576.07
-3325.21	1749.51	3950.33
-3263.45	786.302	4104.09
-3133.27	505.395	3941.6
-3198.04	598.216	4167.66
-3293.04	532.81	4298.31
-3197.88	1472.14	4215.89
-2858.82	2370.64	4145.8
-2987.88	1106.26	4878.05
-2834.62	1610	4820.17
-2834.62	1610	4820.17
-2874.46	870.434	5585.2
-2868	107.143	6294.94
-2409.69	-6871.47	12747.6
-1877.74	-8121.6	13000.9
-1017.55	-7011.71	12796.1
-279.055	-6160.14	12083.9
-64.9873	2373.28	4226.71
-69.2179	844.637	5626.19
-69.2179	844.637	5626.19
-69.6402	-694.78	7120.37
-69.6402	-694.78	7120.37
-15.9457	1596.44	4894.58
1032.47	-8228.59	12523.6
1848.07	-6514.21	12238.3
2584.14	-6880.62	12331.8
2776.28	-6886.24	12079.8
3274.72	-5089.05	10809.2
3563.38	-4631.72	9976.66
2637.77	-628.752	7099.98
5070.79	-7463.49	12547.5
2645.61	150.33	6378.61
5526.23	-4805.34	11363.1
5056.95	-4053.73	10050.6
6278.41	-6321.7	11625.4
2709.17	1697.98	4987.23
2709.17	1697.98	4987.23
6213.18	-4736.67	11145.3
2692.72	2450.11	4223.51
7134.11	-4766.11	10834.1
7315.25	-4516.14	9902
7161.12	-2680.66	9079.91
8800.09	-6098.87	11024.3
7064.77	-2108.54	8686.37
8038.18	-4584.09	9671.9
8768.65	-5785.1	10277.5
8774.16	-3243.4	9439.35
8898.48	-4369.34	9520.68
9307.86	-3691.81	9816.2
-3377.4	946.153	3502.46
-7425.55	972.502	7812.98
-7425.55	972.502	7812.98
-3241.58	1435.14	3508.86
-3241.58	1435.14	3508.86
-3267.07	1958.08	3580.63
-3404.15	771.361	3749.18
-3187.1	1088.7	3537.54
-3325.34	2011.08	3702.73
-3535.24	1143.99	4003.5
-3589.39	413.458	4121.29
-3318.27	1745.82	3942.49
-3311.24	1715.46	4000.43
-3105.24	1326.2	3810.54
-3446.69	708.047	4230.69
-3279.98	530.611	4281.92
-3360.39	1136.11	4553.31
-2861	2371.96	4148.67
-2861	2371.96	4148.67
-3034.5	1120.54	4951.92
-2852.37	1619.84	4850.44
-2852.37	1619.84	4850.44
-2886.81	873.572	5608.15
-2908.42	-3064.73	9195.96
-3085.74	-6452.25	11955
-2363.22	-6741.94	12503.2
-989.898	-6840.84	12480.2
-759.839	-6751.65	12048.1
-370.647	-6716.74	12297.1
-279.804	-6151.39	12060.9
-66.2627	1605.21	4922.2
-69.2759	844.261	5627.32
-69.2759	844.261	5627.32
-69.6019	-694.925	7120.02
-69.6019	-694.925	7120.02
-15.0522	1591.19	4878.43
1031.45	-8216.15	12501
1787.16	-6294.26	11826.3
2033.77	-6284.27	11589.4
2376.76	-6662.17	12426.2
2665.47	-6587.75	11544
3701.66	-5514.43	11499.2
2621.47	-625.119	7056.22
2607.21	147.718	6279.87
2607.21	147.718	6279.87
2695.44	930.598	5727.5
2695.44	930.598	5727.5
5487.76	-4769.08	11276.7
5371.68	-4317.44	10696.2
6172.56	-6209.25	11422.2
2708.78	1697.84	4987.44
2708.78	1697.84	4987.44
6017.39	-4587.86	10790.7
2702.19	2458.34	4238.83
7017.94	-4687.37	10654.2
7629.62	-4712.99	10334.5
6850.96	-2762.99	9282.78
8649.68	-5993.55	10832.5
7197.17	-2151.7	8857.7
8005.7	-4564.31	9632.46
8773.31	-5788.8	10283.6
7290.19	-1777.57	8220.55
8599.36	-4724.86	9492.88
8355.5	-2505.43	9200.19
8775.92	-3243.68	9439.68
-3436.47	1051.94	3444.08
-12545.2	-7847.72	12818.8
-3383.27	947.702	3507.77
-7728.69	1011.46	8124.6
-7728.69	1011.46	8124.6
-3313.8	1467.37	3586.01
-3313.8	1467.37	3586.01
-3108.85	2126.69	3432.63
-3326.75	2011.92	3704.46
-3514.9	1137.88	3980.99
-3373.11	2121.72	3837.69
-3423.43	2003.57	3940.15
-3318.12	1719.14	4008.38
-3249.72	609.181	4233.59
-3288.97	532.203	4293.19
-3199.45	1474.35	4219.21
-3343.71	813.949	4648.63
-2852.96	2366.07	4137.35
-2977.79	1103.68	4861.24
-2855.92	1621.83	4854.75
-2855.92	1621.83	4854.75
-2871.64	869.637	5579.01
-2898.1	-1447.88	7770.35
-2951.34	-6180.06	11453.1
-2387.51	-6799.33	12612.5
-961.482	-6600.33	12038.4
-818.09	-7214.03	12878.3
-276.218	-6127.39	12016
-64.8816	2370.13	4220.71
-69.5624	845.888	5634.58
-69.5624	845.888	5634.58
-69.4257	-693.349	7108.63
-16.1747	1599.05	4906.89
1031.32	-8222.04	12512.4
2594.83	-6908.85	12382.8
2649.85	-7156.77	12293.8
3858.86	-5754.75	12001
3835.69	-5045.07	11384.2
2666.82	920.969	5664.3
2666.82	920.969	5664.3
5668.58	-4930.35	11660.3
5525.93	-4441.94	11008
6315.19	-6365.05	11705.8
2704.24	1694.99	4977.62
2704.24	1694.99	4977.62
6023.4	-4592.08	10802.1
2707.37	2463.95	4247.48
2707.37	2463.95	4247.48
7592.74	-4686.89	10281.7
6696.75	-2497.81	8473.25
8773.9	-6080.79	10991.2
6964.68	-2078.05	8562.36
8031.78	-4576.99	9661.4
3076.9	2054.85	3647.2
7305.95	-1959.19	8488.02
8482.29	-4577.39	9669.6
9598.25	-5784.02	10604
8815.16	-3257.6	9482.27
9429.53	-3739.36	9945.13
-12589.5	-7874.81	12864.6
-3490.79	977.954	3617.85
-7523.08	984.179	7901.98
-7523.08	984.179	7901.98
-3143.11	2149.75	3469.75
-3177.64	1086.34	3527.51
-3324.58	2009.83	3701.59
-3540.79	1015.39	3967.31
-3515.8	1137.97	3981.51
-3524.18	407.611	4047.9
-3299.2	1511.18	3837.15
-3315.5	1744.69	3938.93
-3311.83	1716.55	4001.27
-3240.82	607.34	4222.46
-3285.39	531.863	4288.94
-3230.24	781.448	4487.62
-2845.57	2360.65	4128.02
-3006.36	1111.77	4907.7
-2844.26	1615.8	4835.86
-2844.26	1615.8	4835.86
-2860.8	866.272	5559.38
-2916.34	109.158	6401.85
-3134.41	-6533.05	12105.7
-938.892	-6479.36	11819.2
-798.898	-7044.67	12574.7
-608.209	-6285.7	11828.2
-608.209	-6285.7	11828.2
-270.272	-6020.92	11809.1
-65.039	2369.94	4220.46
-69.3133	845.043	5627.5
-69.3133	845.043	5627.5
-69.8287	-694.484	7125.56
-69.8287	-694.484	7125.56
-15.8201	1591.26	4878.73
2128.74	-6596.82	12176.1
2430.62	-6807.09	12699.8
2620.84	-6978.5	12511.6
2674.11	-7225.73	12413.2
5017.79	-7795.43	12886.9
2687.91	928.557	5712.1
2687.91	928.557	5712.1
5703.56	-4964.03	11739.4
4920.57	-3942.99	9774.82
6242.24	-6285.13	11556.2
2701.6	1693.6	4973.42
2701.6	1693.6	4973.42
6069.87	-4627.99	10890.1
2698.85	2455.79	4233.38
5990.98	-2640.82	8702.69
7614.04	-4700.64	10311.8
7115.22	-2662.08	9020.26
8678	-6008.5	10866.9
6950.83	-2074.67	8546.12
8024.46	-4573.65	9653.37
3085.02	2060.39	3657.55
6896.69	-1760.6	8033.65
8583.36	-4635.26	9783.9
10079	-6076.5	11139.2
3060.36	1951.35	3307.24
8905.66	-3291.45	9581.81
9318.32	-3695.65	9827.8
-3290.77	1972.01	3606.61
-3338.53	2018.03	3716.53
-3354.62	2018.81	3796.35
-3509.87	1132.32	3973.36
-3370.36	895.351	3841.85
-3382.76	2028.48	3897.19
-3345.31	1759.12	3972.3
-3280.49	1863.77	3998.36
-3372.51	803.091	4125.39
-3664	497.072	4728.98
-3251.72	525.502	4244.92
-3200.11	1474.78	4220.07
-3074.17	975.094	4231.39
-2837.41	2352.49	4114.11
-2837.41	2352.49	4114.11
-2902.08	877.821	5633.84
-2906.3	-1452.84	7794.1
-3537.83	-7293.35	13506.1
-3286.08	-8360.61	14035.8
-553.801	-7905.87	13497.8
-69.7827	845.621	5633.63
-15.9153	1604.96	4920.89
-284.453	-6238.18	12231.3
-324.189	-7354.24	12993.6
-69.3703	-695.553	7131.38
-69.3703	-695.553	7131.38
1267.12	-7659.46	13150.7
1267.12	-7659.46	13150.7
2617.56	-7067.7	12139.1
2888.74	-8056.27	12771.4
3890.01	-5795.52	12078.4
3588.42	-4646.85	10005.4
2708.85	935.967	5758.4
2708.85	935.967	5758.4
4762.95	-3592.64	10093.7
5291.04	-4259.09	10545.7
2706.29	2462.58	4244.41
6904.91	-2789.45	9361.48
8956.98	-5903.03	10486.4
7684.98	-1873.78	8670.42
9265.03	-5531.06	10484.5
