10.8699	432.59
34.857	354.337
54.1613	292.744
52.4968	314.909
62.4594	296.107
60.0924	366.309
75.6435	408.358
85.3958	301.405
92.8484	310.3
101.361	405.811
117.319	326.168
117.319	326.168
131.423	446.302
131.423	446.302
167.858	361.957
235.132	206.542
318.925	44.8292
331.267	6.97029
358.729	41.2061
367.576	47.2678
376.671	41.8821
378.928	54.6961
382.54	142.932
379.19	245.054
377.475	295.443
377.475	295.443
379.205	359.614
428.409	30.7716
451.245	42.9716
481.846	58.203
509.489	78.5306
518.184	50.933
557.824	110.423
553.952	299.132
553.952	299.132
589.335	85.2977
578.284	363.636
578.284	363.636
634.731	129.336
671.084	132.935
700.811	69.1592
702.356	50.1001
703.643	99.6665
667.164	474.618
667.164	474.618
712.422	141.148
712.422	141.148
678.828	441.625
726.106	104.245
11.0959	432.513
45.2038	280.757
53.3133	267.22
47.7808	358.367
52.867	315.012
54.4018	351.396
52.3666	435.971
72.811	416.097
75.7918	408.334
84.3274	297.42
85.1355	301.412
82.4065	395.331
116.856	326.198
116.856	326.198
131.409	446.32
167.728	362.008
194.969	297.655
194.969	297.655
217.281	247.15
217.281	247.15
235.006	206.552
249.321	172.997
249.321	172.997
318.82	44.8701
324.239	13.0132
376.514	41.9653
379.175	54.7621
382.561	142.979
382.561	142.979
377.492	295.444
377.492	295.444
379.274	359.786
372.953	444.998
372.953	444.998
451.121	43.1232
466.948	24.2953
470.858	33.0978
503.892	65.449
509.695	78.579
519.763	207.469
519.763	207.469
558.174	110.387
558.174	110.387
563.72	86.0615
553.961	299.144
589.094	85.4042
578.28	363.6
635.14	129.373
647.383	49.701
652.422	74.9741
673.121	40.6884
670.542	132.53
684.443	68.3893
666.737	475.131
709.977	61.0283
678.695	441.499
712.579	141.15
712.579	141.15
720.316	74.9522
720.316	74.9522
703.908	435.426
704.997	450.487
7.2179	347.195
10.914	432.613
36.5239	279.798
42.1401	316.652
45.4133	280.944
52.3714	435.954
62.2993	281.837
75.7963	408.31
85.2602	301.418
82.4598	395.399
116.427	325.928
116.427	325.928
167.75	361.992
167.75	361.992
195.107	297.615
195.107	297.615
217.532	247.099
217.532	247.099
249.213	173.001
318.923	44.8612
359.138	41.42
360.782	18.5183
378.963	54.7308
380.663	204.654
377.464	295.425
375.612	359.846
379.347	359.807
377	445.151
442.277	46.5906
451.214	43.285
480.521	58.3589
504.26	65.492
528.462	20.8677
533.768	24.4816
540.471	82.3599
558.121	110.172
558.121	110.172
563.483	86.0055
553.875	299.134
553.875	299.134
609.07	449.268
609.07	449.268
652.559	74.953
652.837	131.612
673.114	40.6903
670.593	132.634
657.858	467.46
694.921	160.106
666.795	475.167
695.66	155.891
709.936	60.9774
718.519	107.607
723.972	65.4392
726.026	104.312
703.971	435.454
704.752	450.272
32.3099	-7.11484
21.6639	350.003
33.0254	338.138
36.7348	279.969
38.1979	398.334
52.6411	314.879
62.4299	282.263
68.2849	426.962
78.3309	414.807
85.0882	301.319
82.4134	395.293
84.9327	383.922
115.957	325.621
115.957	325.621
158.53	323.921
167.843	361.955
167.843	361.955
234.913	206.588
319.049	44.8292
335.383	14.1881
359.041	41.3858
379.054	54.6725
380.643	204.691
380.643	204.691
377.511	295.495
379.215	359.962
417.348	2.36149
422.841	28.7187
450.839	43.0562
457.276	45.2314
497.08	68.5802
509.96	78.6821
520.029	207.484
534.749	248.448
534.749	248.448
568.824	92.8684
553.986	299.143
553.986	299.143
588.997	85.3928
578.326	363.636
609.086	449.292
652.582	74.8781
652.942	131.636
670.946	132.812
657.708	467.645
691.832	37.5013
694.573	160.09
695.729	155.898
700.592	69.51
705.001	161.335
710.017	61.0581
712.784	141.277
726.113	104.34
703.369	435.342
704.866	450.367
12.3863	379.087
12.3863	379.087
10.9587	432.559
42.7127	316.799
54.3472	299.561
52.3367	314.885
56.8756	274.868
64.883	438.271
68.3058	426.883
75.8007	408.398
84.3234	297.374
85.9848	301.641
84.9394	384.326
116.064	325.721
116.064	325.721
195.121	297.613
195.121	297.613
217.349	247.149
217.349	247.149
234.897	206.58
280.011	98.144
318.968	44.823
358.453	41.1771
376.762	41.8845
379.066	54.7663
379.219	245.061
377.49	295.492
372.962	445.034
372.962	445.034
442.455	46.6404
450.958	43.1886
457.25	45.2614
465.621	28.7747
503.745	65.3997
509.847	78.5833
519.903	207.462
519.903	207.462
554.01	299.123
554.01	299.123
588.966	85.3862
578.313	363.603
578.313	363.603
635.288	129.478
609.018	449.193
609.018	449.193
652.528	74.8609
652.888	131.61
672.989	40.5898
683.963	68.0114
694.41	160.09
700.745	69.3648
666.55	475.437
711.152	49.7239
712.527	141.236
723.703	65.3597
704.828	450.342
31.9657	-7.40057
8.97942	286.977
18.144	320.495
11.106	432.638
56.4998	16.8
34.8223	354.349
52.9366	267.102
60.9767	313.849
95.8289	3.84837
62.6913	430.11
68.306	426.96
106.864	8.10553
75.7777	408.363
84.2981	297.268
84.4675	383.288
91.5613	357.65
100.312	362.094
141.205	63.4007
158.568	324.182
167.765	361.973
319.222	44.8094
329.105	-1.14418
364.697	36.8556
379.102	54.7064
380.593	204.657
380.593	204.657
379.221	245.113
379.221	245.113
377.482	295.446
377.482	295.446
375.62	359.847
375.62	359.847
442.545	46.5827
451.005	43.3058
457.359	45.202
463.711	37.3015
471.249	61.6891
504.027	65.4837
553.973	299.151
553.973	299.151
589.034	85.3758
589.034	85.3758
578.307	363.63
578.307	363.63
652.517	74.9462
652.399	131.366
673.043	40.5259
670.317	132.4
657.638	467.581
666.602	475.225
710.094	44.0008
710.097	61.0382
712.423	141.212
712.423	141.212
720.477	74.6832
726.066	104.291
703.894	435.414
704.931	450.355
32.2083	-7.29178
12.2383	379.123
42.1315	24.9514
17.9846	320.389
11.212	432.654
53.1443	267.164
52.2357	314.833
63.0447	283.691
95.9215	4.1935
68.3362	426.931
107.117	8.20693
72.8743	416.19
75.787	408.368
85.6282	301.521
91.7624	357.788
101.503	405.776
116.383	325.846
158.379	324.189
167.722	362.015
195.216	297.628
195.216	297.628
249.151	172.983
249.151	172.983
318.876	44.8546
335.513	14.1584
358.525	41.2344
368.824	47.2201
379.148	54.7211
380.584	204.662
380.584	204.662
379.19	245.096
379.19	245.096
377.493	295.5
375.622	359.726
377.154	445.388
422.865	28.7027
442.498	46.5987
451.026	43.2508
466.943	24.2277
480.915	58.3177
509.545	78.539
528.653	20.8051
541.098	82.4886
534.711	248.419
534.711	248.419
557.856	110.111
557.856	110.111
553.823	299.154
553.823	299.154
588.897	85.4001
578.308	363.65
578.308	363.65
609.099	449.318
673.107	40.6709
670.529	132.509
684.457	68.8745
657.666	467.612
700.611	69.4495
710.42	43.9735
704.792	161.232
710.837	56.0454
678.867	441.559
712.636	141.197
719.828	115.895
33.399	19.4099
42.1456	24.9803
12.1138	379.064
12.1138	379.064
10.8897	432.605
32.5101	337.946
53.397	267.221
52.3194	314.874
62.8236	430.364
96.4035	5.50583
68.3915	426.857
107.017	8.22696
75.914	408.354
85.5935	301.462
84.5513	383.547
91.6287	357.691
116.108	325.246
131.467	446.321
158.476	323.969
158.476	323.969
195.183	297.618
195.183	297.618
217.477	247.12
217.477	247.12
318.828	44.8585
331.56	18.8382
358.402	41.0855
364.437	36.9628
376.431	41.8448
379.226	54.7356
380.645	204.641
379.216	245.056
377.493	295.424
372.987	445.021
450.851	43.1449
457.205	45.2418
480.558	57.9416
509.871	78.5941
516.33	71.0378
516.33	71.0378
519.984	207.49
519.984	207.49
534.813	248.393
581.501	44.5204
652.427	131.325
660.675	123.403
673.077	40.6684
657.615	467.474
695.293	160.126
700.549	69.348
705.281	161.46
710.383	43.9866
678.752	441.624
712.525	141.215
720.496	74.6757
719.592	115.747
703.267	435.385
32.8073	19.3661
42.1728	24.9686
11.0245	432.646
17.8663	320.376
39.9971	398.563
38.2956	357.442
53.273	267.168
52.2432	314.845
62.1468	354.315
96.7437	5.80257
68.7892	394.813
68.3047	426.956
78.3183	414.835
107.036	8.24268
85.1946	301.408
91.619	357.614
101.674	405.815
158.395	324.288
195.085	297.621
195.085	297.621
217.385	247.093
217.385	247.093
261.527	144.158
319.05	44.8513
359.207	41.3644
360.866	19.0938
369.266	47.0418
376.88	41.8639
379.119	54.7803
379.211	245.067
377.513	295.471
377.513	295.471
379.25	359.709
376.914	445.532
426.274	31.6605
450.783	43.0312
470.957	32.9838
504.263	65.4583
509.638	78.5706
557.997	110.222
557.997	110.222
553.88	299.141
568.861	92.9052
589.189	85.3845
578.348	363.623
578.348	363.623
609.096	449.282
609.096	449.282
673.135	40.7597
679.118	151.485
657.5	467.61
694.631	160.102
695.641	155.85
702.297	50.0163
709.954	60.9995
720.606	74.5864
726.18	104.311
703.362	435.4
33.9966	19.7316
20.0713	380.62
11.0278	432.635
21.6562	349.969
41.4075	398.356
38.0637	357.308
62.8035	430.426
67.8546	278.113
68.1994	343.269
68.2988	426.966
68.803	394.775
85.3333	301.459
84.306	383.253
91.6021	357.65
158.31	324.267
167.809	361.958
167.809	361.958
195.13	297.616
195.13	297.616
234.964	206.555
318.97	44.8279
331.365	6.89898
331.654	18.7799
360.846	18.8141
378.972	54.6158
377.478	295.434
377.478	295.434
368.933	444.438
422.874	28.8722
450.774	43.1162
465.606	28.8853
471.197	61.6247
497.115	68.5673
516.362	71.0397
518.155	51.2257
557.687	110.384
553.976	299.116
553.976	299.116
589.038	85.3971
578.355	363.642
609.076	449.27
609.076	449.27
684.284	69.2292
686.639	133.103
686.639	133.103
666.633	475.375
694.619	160.183
700.295	69.4579
702.61	50.1305
704.828	161.247
710.27	43.9836
703.666	435.459
704.987	450.406
