36.4986	357.496
47.8768	398.084
46.263	364.53
53.6699	298.536
75.9895	408.235
80.4777	378.273
84.1617	408.455
83.7952	297.405
87.5677	362.033
87.5677	362.033
103.094	286.049
114.005	333.385
131.409	446.141
157.681	325.025
167.81	361.947
234.948	206.501
249.068	172.919
249.068	172.919
318.989	44.7926
375.602	359.862
375.602	359.862
377.501	295.41
377.082	445.642
380.677	204.648
380.677	204.648
382.557	142.848
382.557	142.848
554.01	299.183
554.01	299.183
578.377	363.642
657.694	467.449
666.776	475.335
35.7943	335.186
36.7456	357.771
48.2538	398.178
53.2388	267.097
63.2882	329.016
68.8411	394.933
68.8411	394.933
76.0165	408.266
80.7055	281.703
84.1863	408.475
83.8623	297.634
88.0613	362.431
93.5234	287.456
103.227	304
103.035	286.039
131.453	446.161
157.586	324.991
167.705	361.947
235.006	206.497
235.006	206.497
249.109	172.924
249.109	172.924
279.889	98.1464
377.01	445.401
375.614	359.912
375.614	359.912
377.487	295.465
377.487	295.465
368.886	444.224
379.197	245.031
380.672	204.665
380.672	204.665
382.559	142.867
382.559	142.867
553.991	299.208
553.991	299.208
609.209	449.313
666.768	475.312
36.9556	357.938
48.6606	398.288
61.7357	295.734
63.2509	329.004
69.0705	395.095
72.7892	415.92
76.0168	408.274
81.1676	378.887
88.8587	362.897
93.2315	287.471
103.036	286.043
131.409	446.165
157.605	325.062
167.731	361.931
234.967	206.502
234.967	206.502
249.152	172.946
249.152	172.946
318.98	44.8297
375.602	359.85
377.506	295.458
377.506	295.458
377.051	445.57
380.679	204.637
380.679	204.637
379.178	360.095
382.583	142.897
382.583	142.897
553.977	299.174
553.977	299.174
578.377	363.654
37.534	358.146
62.0647	295.816
63.2109	328.99
76.0083	408.275
77.9764	415.12
89.5484	363.53
89.5484	363.53
90.9589	349.811
93.5181	287.405
93.8875	370.666
102.441	293.236
103.621	365.058
114.333	334.77
157.199	325.551
167.745	361.936
217.377	247.093
217.377	247.093
241.944	47.6281
318.968	44.8044
324.04	12.871
368.863	444.323
377.496	295.447
377.496	295.447
379.32	359.665
520.013	207.491
534.878	248.4
534.878	248.4
578.366	363.641
578.366	363.641
657.655	467.386
21.6478	350.081
37.7875	358.224
63.572	430.054
63.2349	329.019
75.9865	408.241
82.6412	395.64
83.8379	337.459
85.0111	301.935
90.2309	364.179
93.6518	287.518
104.134	365.49
114.37	335.223
114.652	326.64
127.881	303.152
133.404	308.18
157.04	325.66
167.7	361.949
235.113	206.479
249.17	172.912
249.17	172.912
283.928	22.087
319.182	44.7677
358.485	41.1308
369.245	46.9086
369.245	46.9086
376.519	41.7171
379.31	359.793
377.125	445.44
471.056	61.5654
534.846	248.407
540.928	82.4118
634.79	499.292
670.192	132.374
657.746	467.427
20.9308	335.512
21.742	350.535
52.9986	267.158
57.9356	398.254
59.9698	342.53
63.597	430.15
74.5397	325.757
82.6676	395.691
82.439	380.143
93.5496	287.449
102.996	286.083
114.355	335.664
115.173	327.011
127.954	303.261
157.062	325.758
249.276	172.959
319.136	44.8122
369.427	47.0156
369.427	47.0156
380.67	204.65
379.34	359.936
368.98	444.2
534.869	248.418
534.869	248.418
554.025	299.151
554.025	299.151
635.307	498.956
657.595	467.418
21.7694	350.482
53.2001	298.259
60.015	342.758
63.5186	430.045
69.467	395.553
74.5576	325.755
76.0086	408.306
80.235	281.6
82.6845	395.712
96.5169	372.67
103.014	286.092
115.525	327.333
127.924	303.199
156.97	325.806
167.691	361.983
195.089	297.549
195.089	297.549
235.044	206.509
249.22	172.945
249.22	172.945
283.898	22.1647
319.159	44.8103
376.484	41.7987
378.988	54.7069
380.638	204.65
379.368	359.854
369.071	444.325
470.977	32.9125
534.839	248.413
534.839	248.413
540.782	82.3854
553.953	299.154
553.953	299.154
657.653	467.412
53.0293	267.067
53.1729	298.323
63.2989	329.089
74.5319	325.763
75.9652	408.28
82.8311	395.86
83.2889	381.022
84.1067	408.527
93.6515	287.447
97.2591	373.191
99.1575	322.945
99.1575	322.945
102.981	286.077
108.321	307.28
156.977	325.723
167.672	361.982
270.912	119.445
270.912	119.445
319.172	44.8175
358.625	41.1868
376.501	41.7779
379.021	54.6904
380.667	204.646
380.667	204.646
377.47	295.461
379.315	359.804
377.114	445.696
496.906	68.5149
534.907	248.432
540.847	82.4169
553.982	299.149
553.982	299.149
657.75	467.421
21.2449	335.757
48.0085	358.722
53.5004	298.532
59.8128	348.805
63.5444	430.076
70.3232	396.077
74.5431	325.765
76.0089	408.318
93.5003	287.412
102.953	286.07
106.198	367.332
109.286	308.214
117.799	327.371
116.514	328.123
156.975	325.638
167.709	362.001
195.194	297.562
195.194	297.562
249.253	172.954
249.253	172.954
319.107	44.8214
331.573	18.7993
369.258	47.041
369.258	47.041
380.643	204.69
379.405	359.777
368.926	444.33
496.906	68.5184
534.888	248.411
534.888	248.411
568.753	92.8279
634.958	499.204
670.413	132.523
657.71	467.394
53.4165	298.471
63.6274	430.075
69.2322	344.127
74.5409	325.75
76.009	408.315
83.8849	297.285
83.2355	381.166
93.6594	367.766
100.306	323.725
109.698	308.506
117.675	328.016
127.95	303.239
156.922	325.762
167.731	361.944
195.077	297.573
195.077	297.573
234.982	206.483
249.203	172.915
249.203	172.915
318.961	44.8055
369.231	46.9455
369.231	46.9455
379.394	359.939
368.841	444.455
496.927	68.485
520.024	207.421
553.956	299.123
553.956	299.123
657.711	467.406
