21.7404	350.517
35.0776	354.515
47.0976	364.947
53.1194	267.116
54.0955	351.486
73.7819	300.704
76.1832	408.536
75.9324	308.097
78.0385	414.93
84.3835	383.972
91.3813	357.387
104.056	319.762
106.041	374.355
121.441	333.331
125.827	338.903
131.442	446.142
167.689	361.986
195.092	297.594
195.092	297.594
303.145	24.3939
318.941	44.8198
369.356	46.9699
369.356	46.9699
378.978	54.7228
379.252	245.055
380.601	204.595
380.601	204.595
382.653	142.889
382.653	142.889
375.582	359.88
375.582	359.88
470.908	33.0418
517.042	70.9293
517.042	70.9293
553.989	299.094
553.989	299.094
569.118	92.965
609.185	449.305
657.782	467.421
695.067	160.138
695.699	155.833
32.2658	337.793
34.9851	354.581
53.3682	267.156
82.7529	395.9
83.093	305.148
84.5972	384.19
85.3437	301.375
91.4344	357.402
91.4344	357.402
101.09	279.314
104.941	320.422
119.575	328.186
125.94	338.987
128.057	303.361
131.35	446.253
131.35	446.253
167.655	361.964
235.04	206.53
235.04	206.53
284.272	22.1315
284.272	22.1315
319.035	44.8118
369.613	46.9774
376.697	41.8324
378.974	54.6227
380.604	204.604
380.604	204.604
377.469	295.423
379.388	359.771
377.227	445.466
442.406	46.5931
471.031	32.7785
496.963	68.4988
520.028	207.405
520.028	207.405
534.817	248.407
534.817	248.407
558.313	110.122
553.946	299.096
553.946	299.096
565.818	98.9125
660.436	123.229
657.818	467.422
666.772	475.221
695.097	160.069
695.672	155.824
34.6352	354.825
53.0138	267.053
62.8716	367.772
63.2815	328.971
68.0758	426.859
76.3646	408.655
76.0103	308.186
82.9999	305.109
84.5441	384.223
91.4735	357.464
119.359	327.958
126.057	339.045
234.998	206.526
234.998	206.526
318.987	44.8117
369.312	47.0322
369.312	47.0322
376.608	41.835
378.956	54.6785
380.647	204.634
380.647	204.634
377.506	295.453
375.601	359.864
375.601	359.864
426.13	33.2636
496.87	68.451
509.533	78.4743
520.035	207.442
520.035	207.442
534.866	248.391
534.866	248.391
557.953	110.105
557.953	110.105
578.356	363.663
578.356	363.663
679.154	151.466
666.649	475.327
666.649	475.327
695.705	155.824
21.86	350.542
34.5599	354.861
55.2412	285.522
62.7659	430.031
63.58	345.856
68.1892	426.876
78.1798	362.198
82.6489	395.94
84.3823	384.053
85.5475	301.41
102.99	286.068
119.21	327.736
125.165	334.399
131.375	446.188
167.715	361.976
167.715	361.976
235	206.505
235	206.505
284.259	22.2177
286.439	32.7451
318.95	44.8289
331.57	18.7851
369.008	47.0517
379.091	54.735
377.494	295.46
377.494	295.46
379.347	359.722
369.013	444.358
471.021	32.881
496.853	68.4835
516.965	71.0695
534.861	248.365
541.024	82.454
558.272	110.086
558.272	110.086
657.597	467.439
679.304	151.542
666.736	475.187
695.654	155.837
22.1479	350.415
34.408	354.95
46.309	283.895
47.5414	364.603
52.9054	267.036
63.25	329.066
67.9969	426.875
76.3663	408.722
76.0953	308.242
84.6398	384.462
90.2004	356.445
107.084	322.556
108.359	282.972
126.138	334.888
126.637	339.09
131.354	446.249
235.102	206.5
235.102	206.5
249.249	172.922
249.249	172.922
319.06	44.833
358.375	41.1255
376.495	41.8385
377.504	295.457
377.504	295.457
379.245	359.879
377.208	445.384
470.861	33.0102
516.467	70.9987
516.467	70.9987
519.982	207.508
519.982	207.508
534.862	248.386
558.087	110.091
558.087	110.091
553.933	299.165
553.933	299.165
609.168	449.276
609.168	449.276
679.067	151.528
666.534	475.344
666.534	475.344
694.929	160.043
36.3805	357.18
47.4426	364.664
48.1434	357.878
57.7266	434.904
76.2055	308.316
84.6831	384.628
85.5401	301.387
90.7264	356.816
119.779	335.797
127.148	346.59
127.705	303.029
131.411	446.243
131.411	446.243
233.392	48.2381
233.392	48.2381
293.022	44.7639
319.155	44.8145
331.458	18.789
376.547	41.8283
379.054	54.6373
368.843	444.354
377.532	295.456
382.651	142.969
379.299	359.76
426.084	33.1423
442.216	46.6455
453.612	11.6024
520.047	207.437
534.866	248.396
534.866	248.396
553.963	299.185
609.22	449.324
609.22	449.324
657.873	467.472
666.686	475.223
679.281	151.521
695.017	160.135
36.5231	357.223
47.6602	364.553
62.1852	345.426
76.3562	408.62
78.0144	415.01
80.715	281.666
84.5269	384.816
91.1955	357.096
93.3542	287.421
94.3017	319.068
102.734	285.975
108.263	323.799
127.995	335.747
127.995	335.747
131.324	446.242
131.324	446.242
195.213	297.549
195.213	297.549
217.409	247.103
301.071	36.2643
319.081	44.8436
368.829	444.281
379.121	54.7126
377.487	295.477
377.487	295.477
496.909	68.5112
534.863	248.376
553.957	299.176
578.334	363.624
578.334	363.624
599.293	85.2485
599.293	85.2485
609.173	449.262
666.64	475.339
666.64	475.339
678.943	441.697
694.698	160.11
695.722	155.84
32.6409	337.937
35.8815	356.812
48.2815	357.804
61.8772	383.799
67.9636	426.874
80.5004	281.752
84.0679	297.489
84.9266	385.2
93.6935	287.414
99.8166	361.75
108.259	323.384
119.363	327.433
128.846	336.024
131.37	446.277
131.37	446.277
167.71	361.94
167.71	361.94
234.923	206.51
234.923	206.51
261.577	144.137
303.282	24.3304
319.027	44.7794
364.58	36.8524
369.337	46.9908
376.583	41.8408
379.072	54.6975
375.631	359.836
377.51	295.434
380.663	204.623
380.663	204.623
382.684	142.952
382.684	142.952
377.176	445.585
379.321	359.976
417.377	2.18161
470.99	32.8158
497.155	68.5545
520.006	207.522
534.801	248.361
534.801	248.361
558.152	110.161
569.329	93.0643
660.593	123.271
666.548	475.39
686.89	133.094
695.113	160.042
16.0791	438.659
37.4557	357.312
44.0363	397.336
53.5677	298.7
63.2559	329.1
68.1272	426.969
72.9392	416.215
80.8403	281.666
82.6408	396.189
84.9596	385.408
93.2918	287.444
99.8077	361.829
128.631	336.069
128.631	336.069
167.678	362.086
300.864	35.6282
319.062	44.8926
358.618	41.281
379.131	54.7793
380.662	204.734
377.171	445.645
417.345	2.23007
496.858	68.574
517.101	71.0082
553.956	299.2
553.956	299.2
566.341	98.8233
569.197	93.0417
609.206	449.384
609.206	449.384
666.671	475.382
666.671	475.382
679.372	151.603
695.662	155.916
46.0798	284.407
48.2915	357.781
68.0611	426.924
68.9626	394.338
77.9873	415.047
82.5922	364.444
84.9679	385.57
91.8517	325.227
99.9788	361.795
128.444	335.983
131.371	446.276
131.371	446.276
167.74	362.025
286.262	32.7752
292.835	44.814
319.194	44.8274
331.45	18.7763
379.117	54.7368
375.615	359.917
377.483	295.471
379.174	359.944
376.999	445.352
405.969	0.552654
425.789	33.137
496.902	68.5662
516.9	70.8973
519.956	207.523
519.956	207.523
534.869	248.39
534.869	248.39
554.017	299.185
554.017	299.185
569.085	93.0237
609.188	449.326
609.188	449.326
660.619	123.23
657.756	467.419
666.542	475.419
695.695	155.893
705.101	161.349
