34.3032	355.024
44.1435	296.11
45.9922	284.456
47.3937	364.802
52.1806	314.867
53.8916	351.582
59.5022	348.913
72.9815	416.218
76.2052	408.595
80.375	281.665
84.8985	385.286
99.8173	361.755
128.566	336.01
127.986	303.314
131.368	446.28
167.702	362.015
167.702	362.015
234.92	206.569
249.243	173.023
249.243	173.023
271.011	119.488
358.461	41.2645
364.755	36.8695
372.981	27.8941
379.047	54.7285
375.609	359.861
375.609	359.861
377.503	295.513
377.503	295.513
380.68	204.704
377.379	445.418
417.362	2.19095
471.149	32.9394
517.061	71.0578
520.033	207.549
520.033	207.549
541.151	82.571
558.299	110.153
578.379	363.711
578.379	363.711
666.684	475.469
666.684	475.469
679.142	151.511
695.288	160.103
16.3949	438.635
52.0838	314.876
53.9875	390.221
63.3407	329.083
72.8564	416.066
78.0956	414.951
80.4892	281.811
84.9615	385.225
99.8263	361.748
128.393	336.011
128.393	336.011
127.921	303.253
131.379	446.306
140.317	63.5529
167.684	361.968
167.684	361.968
195.002	297.641
195.002	297.641
261.581	144.177
261.581	144.177
279.792	98.1543
279.792	98.1543
286.302	32.7084
301.02	35.7121
319.072	44.8403
364.379	36.9603
376.446	41.8123
378.927	54.7283
368.96	444.252
375.614	359.943
375.614	359.943
377.502	295.512
379.225	245.063
379.225	245.063
380.593	204.711
377.39	445.491
411.617	0.233707
456.983	25.0849
516.9	70.9793
516.9	70.9793
520.068	207.528
540.855	82.4292
558.423	110.2
553.984	299.207
553.984	299.207
569.15	93.0583
652.111	131.144
666.769	475.24
666.769	475.24
679.389	151.492
34.2527	355.046
46.0935	284.29
52.3991	314.902
52.3991	314.902
62.098	354.531
67.4431	423.194
67.7427	398.572
70.8243	396.906
68.5267	351.962
76.3774	408.592
99.8341	361.647
102.749	285.912
117.006	326.318
127.899	303.179
167.672	361.958
217.463	247.107
217.463	247.107
249.188	172.945
249.188	172.945
284.103	22.0985
319.081	44.8498
355.549	46.7
356.562	25.2631
359.171	41.468
369.36	47.0466
372.972	444.977
372.972	444.977
375.615	359.924
377.514	295.444
380.616	204.637
382.583	142.91
408.793	0.608571
442.37	46.5948
456.336	18.4156
471.024	32.7954
496.994	68.5352
558.353	110.183
558.353	110.183
578.384	363.659
609.231	449.314
609.231	449.314
635.568	129.573
652.227	131.174
44.7637	341.869
44.7637	341.869
53.6983	298.783
61.8998	345.549
61.8998	345.549
72.9097	415.97
76.3638	408.554
82.755	396.087
84.6668	385.224
85.1195	311.212
94.2343	319.012
102.943	286.03
121.441	336.609
167.688	361.965
235.047	206.524
235.047	206.524
261.507	144.144
292.587	44.7079
319.163	44.7907
355.032	46.6509
356.712	25.1965
360.872	19.4742
373.055	444.958
375.628	359.771
378.895	54.6627
379.237	245.003
379.237	245.003
380.667	204.661
425.418	33.285
456.332	18.3913
470.945	32.9901
496.999	68.5295
509.356	78.3529
534.801	248.388
558.169	110.017
578.37	363.668
34.4802	355.018
48.2695	357.951
59.5202	348.932
62.081	354.543
67.7712	423.167
76.3653	408.569
73.751	300.795
80.496	281.841
84.6679	385.277
84.9436	311.069
93.4924	287.402
102.942	286.036
128.507	335.924
154.885	327.853
217.375	247.083
263.127	46.507
263.127	46.507
292.432	44.6567
319.239	44.8125
356.183	25.4588
369.439	47.0118
376.585	41.8419
377.475	295.498
377.475	295.498
378.908	54.6733
379.205	245.054
379.205	245.054
417.355	2.12333
497	68.5247
519.993	207.456
534.867	248.41
541.093	82.4793
609.23	449.357
609.23	449.357
34.3762	354.99
47.7429	364.689
48.2902	357.948
62.0991	354.548
67.7548	423.159
76.356	408.571
82.701	396.113
80.5721	281.747
80.8923	281.628
84.7454	385.32
84.1009	297.455
84.7646	310.952
92.7989	287.403
102.927	286.04
234.991	206.507
261.512	144.152
284.032	22.164
284.032	22.164
356.376	25.3219
369.296	47.0177
369.296	47.0177
377.164	445.479
376.469	41.818
375.596	359.873
377.481	295.477
379.202	245.031
379.202	245.031
425.419	33.2989
456.731	25.1268
470.608	61.5524
497.047	68.5765
520.015	207.486
534.878	248.407
558.358	110.159
558.358	110.159
578.447	363.704
609.245	449.342
609.245	449.342
34.3925	355.055
45.0526	341.964
48.2853	357.967
53.5475	298.74
62.0369	354.575
67.7604	423.24
68.8601	394.23
76.3461	408.615
80.9085	281.623
84.6696	385.27
84.95	311.077
93.7682	287.402
102.898	286.044
155.144	327.661
234.997	206.551
234.997	206.551
259.003	46.7873
259.003	46.7873
261.632	144.179
292.3	44.7126
319.043	44.8348
356.467	25.2636
365.167	47.2133
376.409	41.7978
377.487	295.506
377.487	295.506
378.982	54.7399
377.101	445.435
379.211	245.053
379.211	245.053
417.343	2.11354
425.481	33.2762
442.167	46.6413
471.188	32.6979
519.989	207.455
558.109	110.151
558.109	110.151
609.249	449.358
609.249	449.358
34.3838	355.039
44.9725	341.944
47.7392	364.689
51.9785	314.785
59.4372	348.847
62.0563	354.542
67.7415	423.135
68.9127	394.248
76.3755	408.572
80.2428	281.804
84.5396	385.039
84.969	311.095
93.966	318.905
102.877	286
121.491	336.622
167.694	361.969
242.282	47.684
261.585	144.147
283.966	22.1691
319.126	44.7964
357.012	24.9509
358.971	41.4112
369.4	47.0206
372.991	444.955
378.941	54.6628
377.268	445.534
379.206	245.046
379.206	245.046
371.938	359.441
417.361	2.1215
425.451	33.1551
519.985	207.443
534.887	248.374
558.31	110.168
558.31	110.168
609.255	449.34
609.255	449.34
34.4327	354.984
47.2178	364.575
53.9842	298.885
59.3619	348.838
62.0105	354.554
67.7491	423.205
76.3676	408.542
80.607	281.807
84.6336	385.221
92.9586	287.416
93.3432	287.412
102.907	286.02
217.443	247.095
234.996	206.509
249.202	172.972
249.202	172.972
261.558	144.177
261.558	144.177
284.075	22.1467
319.019	44.8106
356.562	25.2251
364.342	36.8514
369.366	47.0021
369.366	47.0021
379.245	359.916
377.496	295.489
377.137	445.504
379.207	245.048
379.207	245.048
417.361	2.153
425.536	33.3116
450.155	42.7594
519.953	207.451
534.86	248.39
558.31	110.205
558.31	110.205
578.468	363.721
609.268	449.326
609.268	449.326
34.4535	355.045
48.3439	357.949
53.0814	267.117
62.0649	354.559
67.7552	423.162
68.902	394.247
76.4025	408.594
80.5212	281.742
84.6506	385.253
84.1075	297.539
84.9971	311.133
93.7173	287.444
102.963	286.042
121.486	336.631
128.484	336.02
217.402	247.101
234.831	206.502
261.463	144.11
261.463	144.11
292.196	44.6735
319.112	44.8318
364.413	36.8343
369.416	47.0321
376.632	41.8303
375.61	359.914
378.931	54.7108
368.769	444.218
379.201	245.05
417.35	2.14758
466.773	24.2468
478.006	63.2427
478.006	63.2427
509.542	78.4827
519.998	207.463
534.844	248.399
540.523	82.3128
578.467	363.706
609.255	449.343
609.255	449.343
