44.9063	341.947
44.9063	341.947
48.2947	364.828
52.3068	314.891
63.1817	430.809
62.0479	354.583
76.3452	408.629
82.6485	396.166
80.7278	281.632
84.8236	385.309
91.16	357.125
92.7985	287.429
102.859	285.997
108.045	323.535
128.398	335.978
128.398	335.978
235.099	206.5
235.099	206.5
249.213	172.951
249.213	172.951
270.996	119.442
270.996	119.442
292.693	44.7316
300.835	35.8215
364.453	36.9251
369.294	46.999
369.294	46.999
377.006	445.458
376.465	41.8311
377.533	295.461
380.662	204.664
456.409	18.4351
470.926	61.5132
496.747	68.4498
516.806	70.8698
534.87	248.431
540.787	82.3799
554.003	299.198
554.003	299.198
652.079	131.185
657.753	467.463
44.9796	341.958
44.9796	341.958
46.3271	284.094
46.3271	284.094
52.3089	314.889
63.1354	430.758
62.0459	354.561
76.3943	408.646
82.659	396.175
84.8	385.293
84.0336	297.502
91.2156	357.162
102.885	286.01
108.044	323.583
128.467	335.998
128.467	335.998
167.63	361.97
235.026	206.515
235.026	206.515
249.288	172.96
249.288	172.96
292.778	44.738
300.912	35.7752
358.451	41.192
369.587	47.0004
369.587	47.0004
368.906	444.627
379.269	359.958
380.674	204.681
417.343	2.10448
470.929	32.8557
496.905	68.5193
516.826	70.943
534.886	248.415
534.886	248.415
540.886	82.4153
553.992	299.19
553.992	299.19
558.197	110.055
578.428	363.721
578.428	363.721
657.646	467.48
44.933	341.959
44.933	341.959
47.4137	364.562
46.0607	284.09
53.153	267.118
57.7306	332.776
63.1528	430.87
63.2393	431.429
62.032	354.626
82.6368	396.155
80.7567	281.619
84.9676	311.111
93.3728	287.385
99.7366	361.767
102.851	285.996
107.985	323.51
108.424	282.963
128.438	335.987
167.653	361.993
167.653	361.993
217.41	247.118
217.41	247.118
249.28	172.963
249.28	172.963
270.72	119.411
284.148	22.2274
284.148	22.2274
358.519	41.1953
369.397	46.9766
369.397	46.9766
376.551	41.8181
377.084	445.414
379.287	359.752
380.663	204.654
496.724	68.4507
516.969	70.8564
520.077	207.446
520.077	207.446
534.865	248.426
540.897	82.4416
554.007	299.215
554.007	299.215
566.007	98.8555
578.422	363.71
578.422	363.71
657.736	467.467
670.214	132.431
45.1079	341.968
45.1079	341.968
63.1844	430.743
62.0907	354.643
68.9574	394.3
76.3708	408.621
82.6575	396.164
80.6043	281.658
84.1227	297.484
91.14	357.119
92.7715	287.449
99.7609	361.77
102.834	285.987
128.489	335.972
194.99	297.601
194.99	297.601
217.385	247.119
235.09	206.509
235.09	206.509
249.272	172.958
249.272	172.958
292.797	44.7301
318.941	44.8127
364.468	36.8856
369.795	46.9874
376.429	41.8125
375.61	359.92
377.528	295.476
378.964	54.6736
380.647	204.691
496.901	68.4864
504.005	65.3355
516.792	70.9094
534.88	248.439
541.123	82.5024
553.965	299.205
553.965	299.205
565.81	98.9511
578.427	363.739
578.427	363.739
657.656	467.409
44.8346	341.899
44.8346	341.899
53.1833	267.132
57.7719	332.715
63.1378	430.823
62.0155	354.616
62.5199	296.151
76.3932	408.653
82.6379	396.167
80.8056	281.669
84.6992	385.19
84.0761	297.486
102.833	285.975
107.951	323.436
128.509	335.989
128.509	335.989
195.074	297.595
217.353	247.125
249.292	172.96
249.292	172.96
300.672	35.9239
319.194	44.8245
364.407	36.9216
377.035	445.442
376.535	41.8005
377.519	295.454
379.064	54.6931
380.658	204.669
456.358	18.3683
496.759	68.4571
516.846	70.8794
534.863	248.425
540.985	82.4252
553.97	299.19
553.97	299.19
578.399	363.699
657.66	467.465
44.8724	341.9
44.8724	341.9
53.2352	267.124
63.0225	431.023
62.3044	345.588
68.6307	352.023
76.3621	408.579
82.6775	396.086
82.6775	396.086
84.133	297.463
85.2177	311.244
102.963	286.052
133.557	308.438
140.776	63.4044
217.314	247.1
217.314	247.1
234.886	206.512
261.479	144.145
292.954	44.787
300.757	35.757
354.288	26.7422
372.984	445.026
372.984	445.026
369.5	46.9467
377.514	295.395
379.358	359.823
379.208	245.089
376.527	41.8231
380.66	204.629
380.66	204.629
378.919	54.6437
382.587	142.976
382.587	142.976
456.45	18.4289
497.084	68.5547
534.913	248.423
534.913	248.423
557.978	110.112
557.978	110.112
578.402	363.637
578.402	363.637
599.18	85.2236
609.277	449.299
44.8847	341.934
47.7138	364.678
45.9938	284.162
45.9938	284.162
52.271	314.867
53.4076	298.648
63.0447	430.859
62.0147	354.563
68.5864	352.007
76.3522	408.618
82.6716	396.097
82.6716	396.097
85.1868	311.185
94.1704	319.106
101.147	279.357
103.003	286.065
117.303	326.678
128.164	303.461
217.287	247.084
217.287	247.084
234.892	206.503
234.892	206.503
233.517	48.2887
249.341	172.95
261.538	144.143
292.876	44.7221
319.045	44.8049
364.309	36.8639
372.975	445.004
372.975	445.004
369.424	46.9658
377.523	295.43
379.364	359.947
379.216	245.047
376.474	41.7957
380.679	204.642
378.907	54.6884
382.587	142.961
382.587	142.961
450.341	43.5139
489.44	120.863
497.12	68.5767
516.969	70.9646
534.945	248.424
534.945	248.424
554.016	299.181
558.156	110.152
558.156	110.152
578.439	363.657
578.439	363.657
609.262	449.314
609.262	449.314
41.9319	316.656
44.8713	341.896
47.8455	364.735
45.6863	284.124
45.6863	284.124
52.3049	314.893
56.1155	374.484
63.0472	430.905
62.035	354.568
68.657	352
76.3783	408.577
82.6941	396.082
82.6941	396.082
85.098	311.142
94.1191	319.066
93.1388	287.317
102.999	286.076
133.67	308.532
167.704	361.954
217.338	247.079
217.338	247.079
234.963	206.506
234.963	206.506
233.773	48.2752
261.535	144.144
280.275	98.1546
280.275	98.1546
292.672	44.701
319.126	44.8321
358.549	41.2277
372.983	445.033
372.983	445.033
369.427	46.9552
377.522	295.405
379.321	359.841
379.204	245.057
380.659	204.636
380.659	204.636
378.916	54.6925
378.943	34.6824
417.373	2.17238
456.368	18.4241
471.15	32.7482
496.968	68.5286
517.037	70.9917
517.037	70.9917
534.953	248.42
534.953	248.42
554.012	299.188
558.088	110.093
566.129	98.8132
578.389	363.672
657.825	467.51
45.0238	341.947
45.0238	341.947
57.6169	332.599
68.9238	394.318
68.7241	352.052
73.1048	416.201
82.9255	396.296
80.8565	281.66
84.1069	297.498
94.0639	318.95
103.213	286.069
108.068	323.591
108.068	323.591
128.458	336.003
131.407	446.248
131.407	446.248
167.703	362.01
167.703	362.01
194.997	297.618
194.997	297.618
217.35	247.109
217.35	247.109
222.323	49.442
286.24	32.7758
318.967	44.8879
364.387	36.8933
377.224	445.4
376.563	41.8597
377.511	295.48
379.349	359.797
379.214	245.001
378.992	54.6949
382.621	142.941
425.843	32.9443
470.63	61.5097
496.702	68.4623
558.041	110.12
569.218	93.061
578.405	363.661
578.405	363.661
609.209	449.311
666.715	475.264
666.715	475.264
679.121	151.441
695.167	160.126
43.7093	397.579
44.8708	341.93
44.8708	341.93
45.3693	284.439
52.1804	314.837
62.1119	354.642
68.9031	394.281
73.0367	416.251
76.4581	408.77
81.0331	363.705
80.7587	281.648
93.0426	287.44
102.99	286.076
108.025	323.565
119.497	327.366
128.51	335.951
128.51	335.951
235.087	206.539
235.087	206.539
286.308	32.772
318.929	44.8822
372.975	444.994
376.537	41.805
379.047	54.696
368.904	444.285
379.236	245.024
380.613	204.684
380.613	204.684
450.421	43.4978
456.465	18.431
509.654	78.5591
534.838	248.432
534.838	248.432
540.885	82.4182
553.904	299.139
553.904	299.139
569.245	93.0526
609.239	449.323
609.239	449.323
666.623	475.327
695.682	155.85
704.756	161.191
