41.9319	316.656
44.8713	341.896
47.8455	364.735
45.6863	284.124
45.6863	284.124
52.3049	314.893
56.1155	374.484
63.0472	430.905
62.035	354.568
68.657	352
76.3783	408.577
82.6941	396.082
82.6941	396.082
85.098	311.142
94.1191	319.066
93.1388	287.317
102.999	286.076
133.67	308.532
167.704	361.954
217.338	247.079
217.338	247.079
234.963	206.506
234.963	206.506
233.773	48.2752
261.535	144.144
280.275	98.1546
280.275	98.1546
292.672	44.701
319.126	44.8321
358.549	41.2277
372.983	445.033
372.983	445.033
369.427	46.9552
377.522	295.405
379.321	359.841
379.204	245.057
380.659	204.636
380.659	204.636
378.916	54.6925
378.943	34.6824
417.373	2.17238
456.368	18.4241
471.15	32.7482
496.968	68.5286
517.037	70.9917
517.037	70.9917
534.953	248.42
534.953	248.42
554.012	299.188
558.088	110.093
566.129	98.8132
578.389	363.672
657.825	467.51
45.0238	341.947
45.0238	341.947
57.6169	332.599
68.9238	394.318
68.7241	352.052
73.1048	416.201
82.9255	396.296
80.8565	281.66
84.1069	297.498
94.0639	318.95
103.213	286.069
108.068	323.591
108.068	323.591
128.458	336.003
131.407	446.248
131.407	446.248
167.703	362.01
167.703	362.01
194.997	297.618
194.997	297.618
217.35	247.109
217.35	247.109
222.323	49.442
286.24	32.7758
318.967	44.8879
364.387	36.8933
377.224	445.4
376.563	41.8597
377.511	295.48
379.349	359.797
379.214	245.001
378.992	54.6949
382.621	142.941
425.843	32.9443
470.63	61.5097
496.702	68.4623
558.041	110.12
569.218	93.061
578.405	363.661
578.405	363.661
609.209	449.311
666.715	475.264
666.715	475.264
679.121	151.441
695.167	160.126
43.7093	397.579
44.8708	341.93
44.8708	341.93
45.3693	284.439
52.1804	314.837
62.1119	354.642
68.9031	394.281
73.0367	416.251
76.4581	408.77
81.0331	363.705
80.7587	281.648
93.0426	287.44
102.99	286.076
108.025	323.565
119.497	327.366
128.51	335.951
128.51	335.951
235.087	206.539
235.087	206.539
286.308	32.772
318.929	44.8822
372.975	444.994
376.537	41.805
379.047	54.696
368.904	444.285
379.236	245.024
380.613	204.684
380.613	204.684
450.421	43.4978
456.465	18.431
509.654	78.5591
534.838	248.432
534.838	248.432
540.885	82.4182
553.904	299.139
553.904	299.139
569.245	93.0526
609.239	449.323
609.239	449.323
666.623	475.327
695.682	155.85
704.756	161.191
43.7354	397.575
44.8144	341.961
44.8144	341.961
45.5882	284.631
59.3915	348.856
59.3915	348.856
68.9044	394.31
68.9044	394.31
73.0131	416.199
78.1361	414.995
80.6861	281.688
91.906	325.28
93.5427	287.338
102.955	286.065
108.045	323.54
119.508	327.356
128.607	336.003
128.607	336.003
131.355	446.298
233.327	48.2605
263.483	46.592
300.834	35.8799
318.839	44.8881
369.127	47.0445
369.127	47.0445
372.963	444.952
372.963	444.952
376.572	41.8267
375.612	359.84
379.044	54.689
377.174	445.52
379.24	245.021
379.185	359.834
380.615	204.664
380.615	204.664
496.984	68.5364
516.593	71.0533
534.893	248.439
534.893	248.439
541.028	82.4343
553.924	299.125
558.018	110.052
578.393	363.693
609.233	449.324
609.233	449.324
657.531	467.419
666.634	475.27
678.795	441.564
695.673	155.85
704.682	161.163
43.6775	397.564
44.9278	341.951
44.9278	341.951
53.6904	298.703
57.4593	332.579
59.5554	348.926
68.8886	394.289
68.8886	394.289
73.0319	416.2
80.5771	281.722
84.0397	297.484
102.912	286.052
108.034	323.589
119.551	327.383
128.558	335.967
128.558	335.967
234.999	206.538
234.999	206.538
242.541	47.6417
284.082	22.1368
318.937	44.8617
358.076	40.996
369.204	47.008
368.825	444.441
377.507	295.432
377.507	295.432
378.996	54.6784
379.244	245.017
380.618	204.669
380.618	204.669
470.955	33.0146
470.955	33.0146
509.623	78.4587
534.88	248.441
553.911	299.123
558.085	110.006
569.117	93.0021
609.27	449.331
609.27	449.331
657.773	467.477
666.578	475.345
695.139	159.989
695.669	155.839
43.6137	397.51
44.9744	341.96
44.9744	341.96
45.3494	284.416
53.8306	351.601
57.6938	434.854
57.3536	332.532
68.8847	394.253
73.0199	416.163
80.8674	281.639
85.1165	385.337
84.058	297.447
92.782	287.386
102.925	286.038
108.061	323.617
128.547	335.97
128.547	335.97
127.86	303.108
205.956	51.2846
205.956	51.2846
217.316	247.137
217.316	247.137
235.038	206.533
235.038	206.533
279.929	98.1523
319.013	44.8648
331.578	18.7411
372.956	445.004
378.942	54.6347
377.509	295.453
377.509	295.453
377.036	445.591
379.243	245.028
380.605	204.669
380.605	204.669
509.753	78.5336
516.544	71.0209
534.924	248.437
540.845	82.3929
553.95	299.13
553.95	299.13
558.011	110.037
609.247	449.318
609.247	449.318
657.634	467.488
666.614	475.358
695.697	155.847
704.829	161.208
43.6135	397.518
44.9886	341.975
44.9886	341.975
45.785	284.469
52.1747	314.839
62.3862	345.612
68.8135	394.285
68.8135	394.285
68.7548	352.089
73.0615	416.27
80.3944	281.66
84.1233	297.502
102.954	286.064
108.037	323.58
128.558	335.954
128.558	335.954
131.326	446.305
127.816	303.112
235.022	206.529
235.022	206.529
318.838	44.872
369.142	47.0324
369.142	47.0324
372.954	444.949
372.954	444.949
376.393	41.7637
378.912	54.6497
377.188	445.6
379.24	245.007
380.614	204.651
456.364	18.3708
503.99	65.3763
509.465	78.4878
534.904	248.426
534.904	248.426
553.883	299.134
553.883	299.134
558.069	109.983
569.199	93.0406
609.249	449.319
609.249	449.319
657.818	467.547
666.674	475.323
678.753	441.544
694.922	159.939
695.684	155.822
16.1037	438.634
34.4287	355.037
36.6226	356.975
42.5432	397.812
47.9771	364.762
48.2227	357.939
53.5867	298.74
68.8241	394.271
80.5376	281.736
84.9816	385.197
103.296	293.418
128.417	336.011
127.694	303.007
131.367	446.322
131.367	446.322
133.387	308.16
167.726	361.92
217.324	247.09
234.999	206.511
286.371	32.6944
318.859	44.8678
335.418	14.1821
369.154	47.0315
379.028	54.7222
375.638	359.857
377.514	295.446
377.514	295.446
377.094	445.397
379.458	359.798
496.948	68.5594
509.369	78.4335
520.001	207.441
520.001	207.441
534.876	248.433
540.862	82.4566
558.114	110.142
558.114	110.142
609.216	449.301
609.216	449.301
652.201	131.215
660.746	123.443
657.787	467.437
666.716	475.177
694.788	160.024
16.2249	438.66
45.1129	342.016
45.1129	342.016
45.8021	284.429
53.0409	267.06
62.4771	345.617
62.4771	345.617
82.7299	396.243
80.6038	281.607
85.1925	385.519
93.4356	287.486
103.105	293.343
108.242	282.826
131.394	446.296
131.394	446.296
133.286	308.109
167.717	361.965
167.717	361.965
205.613	51.2851
217.455	247.093
217.455	247.093
235.044	206.533
292.942	44.8538
319.069	44.8628
335.587	14.2165
369.007	444.304
375.595	359.906
377.503	295.475
377.503	295.475
379.234	245.016
380.643	204.66
380.643	204.66
377.438	445.165
382.564	142.989
379.304	359.922
426.031	33.0413
496.954	68.5267
509.524	78.5186
520.004	207.436
520.004	207.436
540.85	82.4171
554.039	299.196
554.039	299.196
557.866	110.155
566.541	98.5356
578.32	363.67
657.825	467.533
666.642	475.287
695.658	155.843
16.3203	438.657
44.9975	341.994
44.9975	341.994
46.3015	284.376
46.3015	284.376
47.8084	364.733
52.8781	267.064
65.2821	438.324
82.6278	396.181
80.6233	281.803
85.1265	385.419
85.3432	311.276
99.8888	361.856
102.784	285.956
128.546	335.973
195.004	297.591
195.004	297.591
217.446	247.098
217.446	247.098
318.889	44.8564
376.541	41.9011
377.537	295.448
379.234	245.038
380.599	204.657
379.327	359.688
456.282	18.5028
497.755	145.123
509.651	78.5145
516.727	71.0521
534.776	248.408
534.776	248.408
554.051	299.189
554.051	299.189
568.866	92.9647
578.412	363.687
578.412	363.687
666.747	475.256
666.747	475.256
695.725	155.86
703.194	122.354
705.249	161.443
703.746	435.492
