21.3307	349.79
32.7359	337.858
62.877	430.542
61.143	341.497
61.143	341.497
68.3306	426.905
70.3862	382.102
82.0631	394.893
85.5338	301.331
103.001	286.045
108.236	283.052
113.811	330.875
115.969	324.013
131.371	446.296
131.371	446.296
217.411	247.114
217.411	247.114
234.867	206.536
318.774	44.8307
335.543	14.1184
376.462	41.9082
373.007	444.976
378.649	34.7422
379.144	54.7162
375.644	359.804
377.526	295.424
380.643	204.647
380.643	204.647
382.607	142.985
426.415	32.8821
471.157	32.7743
497.254	68.612
497.665	145.126
516.362	70.9674
520.039	207.432
520.039	207.432
558.431	109.994
563.908	85.9833
578.359	363.615
578.359	363.615
609.105	449.317
609.105	449.317
634.738	129.477
652.969	131.6
652.528	74.9615
666.848	475.145
704.861	161.29
710.075	60.9865
703.57	435.394
704.168	435.489
704.925	450.327
719.228	115.636
725.991	104.34
21.2921	349.785
32.6841	337.879
52.2261	314.808
53.5898	298.7
59.6771	367.215
62.882	430.587
61.1109	341.525
68.3795	426.915
68.8553	394.731
68.8553	394.731
102.961	286.034
108.03	282.985
116.076	324.118
120.288	304.3
131.37	446.34
167.82	361.916
217.493	247.128
234.853	206.54
261.599	144.177
293.442	44.7807
318.835	44.8524
358.931	41.4352
364.861	36.9001
365.158	47.3139
376.617	41.8016
373.011	445.003
375.635	359.807
377.522	295.423
380.662	204.642
380.662	204.642
382.625	142.981
417.359	2.09144
426.196	33.0126
497.803	145.108
504.225	65.4148
516.405	70.95
558.436	110.083
563.71	86.0159
578.358	363.594
578.358	363.594
589.357	85.4085
609.12	449.315
609.12	449.315
635.212	129.498
652.897	131.544
652.644	74.9428
666.766	475.367
694.651	160.237
703.268	122.277
710.248	60.9769
704.762	450.317
719.164	115.611
42.2368	25.0927
32.588	337.817
52.3673	314.875
53.5855	298.687
53.2429	267.106
57.7258	434.514
61.1568	341.532
68.3599	426.919
82.0414	394.851
101.525	405.708
103.003	286.05
106.418	367.116
116.003	324.023
131.32	446.355
131.32	446.355
217.504	247.14
217.504	247.14
234.918	206.547
293.484	44.813
358.98	41.4087
368.687	47.1844
373.021	445.003
379.168	54.6994
375.638	359.822
377.533	295.467
380.645	204.611
380.645	204.611
379.309	359.755
382.606	142.992
450.632	43.2458
470.974	33.0019
470.974	33.0019
510.076	78.658
516.346	70.9971
519.989	207.433
519.989	207.433
558.546	110.115
563.814	86.0218
589.067	85.4081
609.12	449.346
609.12	449.346
635.004	129.403
652.482	74.8847
666.589	475.497
703.702	122.527
702.636	50.177
705.106	161.438
705.106	161.438
703.518	435.375
704.767	450.282
719.166	115.608
11.3579	432.788
35.3054	20.551
21.2767	349.805
56.5932	16.6321
53.3855	267.158
52.4259	314.856
62.8189	430.49
63.7232	324.74
68.3217	426.882
68.7655	394.684
75.4956	407.84
91.7596	357.812
91.7596	357.812
116.849	324.312
131.424	446.322
158.806	323.923
167.766	361.939
167.766	361.939
195.279	297.608
195.279	297.608
235.04	206.558
235.04	206.558
261.401	144.161
261.401	144.161
271.017	119.437
271.017	119.437
319.105	44.8196
331.547	18.7727
364.753	36.8818
376.627	41.8896
379.11	54.765
375.618	359.834
379.151	359.878
442.406	46.5481
456.164	25.8124
457.101	45.3354
470.969	32.9899
504.046	65.4212
520.025	207.427
520.025	207.427
535.011	248.444
558.276	110.27
558.276	110.27
578.311	363.615
578.311	363.615
589.292	85.3794
652.476	74.9575
673.137	41.0078
686.834	133.111
686.834	133.111
691.769	37.4849
695.765	155.896
712.638	141.199
720.347	74.7074
703.412	435.395
11.4081	432.769
35.3423	20.6098
21.2868	349.784
42.2541	24.9974
47.4512	387.127
53.8227	298.781
59.695	367.144
62.8128	430.536
68.7853	394.699
76.0442	423.349
75.751	408.001
79.2844	281.836
92.0586	287.358
100.238	362.103
116.795	324.304
131.426	446.289
158.752	323.806
167.827	361.951
167.827	361.951
235.025	206.551
235.025	206.551
261.45	144.126
261.45	144.126
271.051	119.453
271.051	119.453
319.123	44.8091
324.123	12.9613
331.619	18.7849
369.297	47.0065
369.297	47.0065
376.535	41.849
375.609	359.814
379.387	359.753
405.923	0.774597
453.844	11.5324
456.088	25.8522
457.261	45.2609
497.099	68.5802
504.406	65.4828
516.77	70.8615
534.939	248.446
558.271	110.274
558.271	110.274
578.31	363.624
578.31	363.624
589.169	85.3621
652.578	74.8847
673.214	41.0266
666.597	475.285
686.732	133.091
691.773	37.5229
705.189	161.461
712.568	141.2
718.532	107.686
703.529	435.424
724.023	65.575
705.007	450.517
10.8327	432.687
35.129	20.6456
21.2372	349.802
42.2452	24.9764
52.4491	314.89
53.0539	267.126
53.871	298.784
62.7972	430.519
68.3292	426.897
75.4882	407.891
79.2255	356.406
83.8588	382.738
100.197	362.175
108.261	282.968
158.773	323.813
158.773	323.813
167.782	361.997
167.782	361.997
195.21	297.634
195.21	297.634
235.017	206.549
235.017	206.549
249.131	172.973
261.359	144.135
271.001	119.454
319.183	44.8335
324.14	12.9728
365.277	46.9125
376.565	41.8186
379.096	54.7559
375.607	359.822
379.322	359.867
405.922	0.773571
456.078	25.827
457.356	45.2297
471.042	32.8768
504.085	65.4048
534.879	248.461
558.255	110.297
558.255	110.297
578.332	363.59
578.332	363.59
589.292	85.3982
652.51	74.9433
673.148	41.0268
666.682	475.336
691.721	37.4492
694.937	160.244
704.051	122.621
705.26	161.456
710.044	60.9891
718.582	107.782
703.236	435.388
35.2723	20.6112
21.3054	349.758
44.633	296.016
56.4143	16.6838
53.1492	267.107
62.2487	296
62.8124	430.472
68.34	426.916
68.7905	394.687
75.5687	407.882
91.8915	287.418
100.337	362.207
113.766	330.669
116.801	324.311
158.736	323.862
167.755	361.983
167.755	361.983
261.379	144.146
261.379	144.146
271.007	119.441
271.007	119.441
319.137	44.8456
324.112	12.9639
331.556	18.7739
364.926	36.8085
369.322	47.0437
376.656	41.8542
379.217	54.7433
377.476	295.467
375.612	359.808
379.338	359.766
456.152	25.8332
457.255	45.2944
465.666	28.7887
497.328	68.6659
504.439	65.4371
520.084	207.453
534.921	248.439
558.411	110.303
558.411	110.303
578.313	363.602
578.313	363.602
589.153	85.3964
635.002	129.505
652.506	74.842
652.832	131.553
673.067	40.6746
666.676	475.237
686.8	133.106
691.789	37.4891
705.041	161.355
710.179	60.9939
712.511	141.187
718.633	107.709
703.342	435.392
11.6021	432.729
21.3322	349.839
32.7936	337.908
59.9889	382.64
62.8519	430.45
63.3242	329.031
66.6194	277.533
65.0983	438.111
81.9623	394.831
84.2316	297.582
92.4953	310.121
91.7703	357.874
195.173	297.611
195.173	297.611
249.264	172.965
249.264	172.965
319.022	44.8446
335.483	14.1735
364.543	36.9543
379.09	54.7481
382.582	142.924
382.582	142.924
380.691	204.649
380.691	204.649
379.24	245.046
375.618	359.802
373.04	444.93
373.04	444.93
379.282	359.708
454.072	11.5268
465.662	28.6415
504.404	65.5119
509.736	78.6291
516.516	71.0417
582.149	42.3434
589.047	85.4127
578.402	363.655
578.402	363.655
609.021	449.26
609.021	449.26
635.156	129.487
652.658	74.9056
673.015	40.7116
666.779	475.178
691.878	37.5582
694.671	160.195
705	161.43
710.147	61.0832
712.515	141.221
719.518	115.72
723.865	65.5081
704.237	435.535
22.5139	26.9569
11.3915	432.808
21.296	349.735
32.4545	337.785
47.2312	387.025
52.382	314.89
62.8479	430.474
66.4435	277.611
68.2701	426.957
68.806	394.674
75.7729	408.066
91.8173	287.338
91.5888	357.742
100.08	362.013
131.406	446.275
167.808	361.984
167.808	361.984
195.144	297.604
195.144	297.604
217.317	247.116
235.047	206.553
261.508	144.142
270.893	119.483
318.77	44.8701
368.811	47.1335
368.811	47.1335
376.632	41.84
382.599	142.906
382.599	142.906
377.491	295.459
373.032	444.935
373.032	444.935
379.215	359.85
417.353	2.16693
457.245	25.1145
465.7	28.7309
509.641	78.6071
516.732	71.0154
541.311	82.5831
558.213	110.342
558.213	110.342
553.859	299.132
553.859	299.132
589.169	85.3617
578.371	363.64
578.371	363.64
635.087	129.48
652.525	74.855
657.615	467.699
666.761	475.295
691.855	37.5258
695.03	160.154
705.152	161.439
710.205	61.0025
712.388	141.252
712.388	141.252
723.763	65.3893
22.7906	27.0252
11.249	432.711
21.3713	349.79
42.2375	24.9623
38.4649	358.494
52.5878	314.888
55.3655	460.527
62.8383	430.377
63.3792	328.96
68.6243	394.625
70.0172	382.001
92.9192	310.381
91.6211	357.714
167.751	362.012
167.751	362.012
195.206	297.63
195.206	297.63
249.355	173.025
318.982	44.8324
335.476	14.1205
364.607	36.9901
376.756	41.8939
379.138	54.7638
380.621	204.672
377.517	295.463
375.628	359.814
379.316	359.64
454.074	11.5082
457.293	45.2566
465.699	28.6825
497.222	68.6339
516.197	71.0053
528.484	20.8406
581.706	42.5175
589.015	85.3841
609.037	449.265
652.564	74.8529
661.445	2.35847
673.039	40.6768
666.639	475.283
694.448	160.149
695.65	155.915
710.069	60.9636
712.594	141.195
720.368	74.66
704.907	450.432
726.083	104.333
