5.350851194897683172e+02	1.751097268290587010e+02
5.739957066091665183e+02	4.061266652450671586e+02
5.895119564566937242e+02	5.267204960253988020e+02
5.151453524110461331e+02	1.782968147522643108e+02
3.781524369988499075e+02	4.119778945411311497e+02
4.044864799374547601e+02	4.758719928783808655e+02
4.518060827263850001e+02	3.501432534565247465e+02
5.463118016323185202e+02	5.944095123117803041e+02
4.447380524444508296e+02	2.767240232724237217e+02
4.684438061574740573e+02	2.500971891136244096e+02
5.007678355028946271e+02	1.880825990013993305e+02
5.844093221071561857e+02	1.680180525497738415e+02
3.341861348171892701e+02	3.555837171869306985e+02
5.952648473961914988e+02	5.244776186044715587e+02
4.168213473685570989e+02	3.862034141099509839e+02
6.558243116883901394e+02	4.252589320686407177e+02
2.466032687899808309e+02	4.600327320141346945e+02
5.388426535720760739e+02	3.277567385811493068e+02
2.013152534207015094e+02	4.748272573814005000e+02
6.055710251871423679e+02	2.082067789770165120e+02
2.917525551765344289e+02	3.464014131304990087e+02
4.052113328623281632e+02	2.569401416269399192e+02
4.358578419291361570e+02	3.149173112052827719e+02
5.135041584183545638e+02	4.565095160755623738e+02
3.434023093414069194e+02	3.894696299262596426e+02
7.077143622903156484e+02	4.873358241171438294e+02
7.703143827248352409e+02	3.076149338364435835e+02
7.874350577318189153e+02	5.461084024639574181e+02
5.320459886211569938e+02	3.972312279182675638e+02
4.199944331382912424e+02	3.901276416118636234e+02
4.184662824805635637e+02	1.622681977202776125e+02
6.163493834132948450e+02	3.550531012734398928e+02
5.273446783829766673e+02	2.105605087750933535e+02
3.724378400694593552e+02	3.380076064543156917e+02
5.155469735312080957e+02	3.615684005812044006e+02
4.410806745441455519e+02	2.802486301173446464e+02
5.099364347567380946e+02	3.968343894749847323e+02
5.920538837565626409e+02	2.837374845422617113e+02
2.612060438376229285e+02	4.187363930917059633e+02
6.142783906353856764e+02	3.769146515330178318e+02
4.742115212733792760e+02	3.788204498228554939e+02
3.001182161646764825e+02	2.081239934241416734e+02
3.703615027571716496e+02	3.928758439939753089e+02
4.994573925593449530e+02	2.132711477152125212e+02
3.210171200854383073e+02	2.582457975085268345e+02
4.064901698327150825e+02	2.666887524601506811e+02
4.400473510808560036e+02	3.246420059666651809e+02
5.469770557038157222e+02	4.877731311857056653e+02
4.765918134533613966e+02	3.024816893946465370e+02
4.964932712235290637e+02	3.597430831143000205e+02
