4.392270514069998626e+02	2.748849589297442435e+02
3.582303729438840492e+02	2.771169496926194142e+02
4.467039961966916621e+02	2.326901490892952893e+02
4.686295387527754315e+02	2.544838605083669449e+02
4.214300234916962040e+02	2.521919344472684088e+02
4.413199356475683430e+02	2.934412489689939321e+02
3.087778658112340509e+02	2.862559326415935175e+02
3.360605754795363396e+02	2.087455604496674653e+02
4.462668669845966178e+02	2.123165370446361635e+02
3.586140157511050006e+02	2.356138571607478127e+02
5.235848771962540695e+02	2.581303692986538749e+02
4.607702359733082176e+02	2.532344582078728195e+02
4.597631842049033253e+02	3.139708135757232981e+02
3.948143299110906810e+02	2.932669413800983307e+02
4.278669300942589757e+02	2.319758420334041205e+02
4.809114810742883037e+02	2.368814859009398219e+02
3.323348112430290939e+02	2.148781100305819791e+02
4.566378685742046741e+02	3.040692979250421786e+02
4.584632798890762615e+02	1.770504137359509684e+02
3.282150280746395197e+02	3.160231612194984336e+02
4.862818408159786827e+02	2.819952203437634921e+02
3.676709987617102797e+02	2.654070682178809193e+02
3.667626621269030238e+02	1.524197459814821514e+02
4.625057808996749600e+02	1.927078657009192852e+02
4.188914868820793913e+02	2.762213456281052117e+02
3.810384233570642323e+02	2.287222956944237922e+02
4.042569168512169426e+02	2.792768700538115354e+02
4.015645082849550249e+02	3.053746426432772409e+02
4.151028731461352095e+02	3.086014743210300253e+02
4.004925204857520953e+02	2.148821102928240521e+02
3.399373106498586594e+02	2.503422329992373534e+02
4.762846110911946766e+02	3.371818012354924008e+02
3.540084888061363131e+02	2.851203741250050143e+02
4.665295214999850941e+02	2.606368119137293320e+02
3.594481822433026537e+02	1.610488874659409930e+02
4.269113131773688679e+02	1.759725861916593601e+02
4.624504481915924430e+02	2.198055572655041772e+02
3.971154985432875151e+02	1.634434405268442276e+02
4.747346240951774803e+02	3.578266722117433005e+02
4.311697603068116109e+02	3.165229625653985863e+02
3.590756507040202337e+02	1.898836314049142970e+02
4.074517366485547996e+02	2.445330206461122202e+02
3.767722845262249507e+02	2.995157849228800728e+02
4.501862604574511124e+02	1.863499367352909815e+02
4.188306427917356700e+02	2.222618802278990415e+02
4.140295562850333226e+02	1.934981359267374614e+02
4.535193581953625994e+02	2.614430570058481749e+02
3.527863177888719406e+02	1.768585939127495692e+02
3.247356544859995324e+02	2.896014372582880583e+02
4.433542079447306037e+02	1.589501221370241240e+02
