3.970343882873317511e+02	2.850898065738008427e+02
4.169606779427056154e+02	2.157621302574539470e+02
4.171239021191472602e+02	3.165770947105557980e+02
3.466302547647896404e+02	2.928740680656341624e+02
3.452971009697645286e+02	2.168662048265144051e+02
4.274327544777735284e+02	3.768118880314339663e+02
3.608734876657165955e+02	2.310026689008343510e+02
4.657710821329629312e+02	2.159289350307292921e+02
4.936036373369692001e+02	2.959405595866625731e+02
3.138844547992702019e+02	2.757747701683389323e+02
4.693525846729945670e+02	3.160977518792569754e+02
4.710897310642550337e+02	3.029959899457224992e+02
3.616192029503502567e+02	2.848669846835778117e+02
3.307397591835700155e+02	1.969488844172254574e+02
3.453228737168845441e+02	2.829297205907437274e+02
4.105117481674449209e+02	2.835481458066986988e+02
3.373782747231974781e+02	2.219290639063535195e+02
3.952411585931936884e+02	2.910959899273555038e+02
4.693499760016157438e+02	3.348722054774939352e+02
2.997681426881788980e+02	2.828744272131772846e+02
4.014408017764707211e+02	2.999033895568863954e+02
3.145833087570962334e+02	2.574714415586927885e+02
3.422114012029965693e+02	2.836767284951652073e+02
4.162066311109293792e+02	2.026886965529197653e+02
3.993853625545481805e+02	3.268636731084001781e+02
3.723462508076620452e+02	2.012281684267599928e+02
3.450495603705193730e+02	1.776109865776761012e+02
4.321855356049164243e+02	3.667904529976315757e+02
4.859342482473921336e+02	1.913894289006802580e+02
4.103756886556093377e+02	3.032868304349869959e+02
4.178507721028295805e+02	2.480771693952141277e+02
4.105569249526795375e+02	1.727854641900192405e+02
2.901673929235120113e+02	2.790331670375938984e+02
3.721092182341826060e+02	2.115827262517109943e+02
3.341658760205752969e+02	2.789852830972017159e+02
2.905464676598546134e+02	3.224503573581220621e+02
3.818085684527762851e+02	2.375343004160335170e+02
4.234944072373178301e+02	2.724400140380222410e+02
3.645075921599284356e+02	2.066479998825078042e+02
4.328693815993001408e+02	2.382952413373602667e+02
4.157351475267703336e+02	2.182289649388071098e+02
4.545756327128394787e+02	2.261743997242420505e+02
4.268455827978363004e+02	2.323336592859539849e+02
4.638791154216380619e+02	2.855738059760593615e+02
3.869305001637504802e+02	3.113979814832720194e+02
4.030519316260149481e+02	3.401432336475859302e+02
3.392906207607971396e+02	1.513000431847041796e+02
3.660382214374864702e+02	1.816437631916232363e+02
3.570478038517447317e+02	2.126075257963129275e+02
3.486892347903470295e+02	2.410536742001721962e+02
