3.696351939493326881e+02	2.799029894350771883e+02
4.081882086757984212e+02	2.074150784505513059e+02
4.135496866504243485e+02	3.118613481671293926e+02
3.292536097782829074e+02	2.802092268434711286e+02
3.255553410449930993e+02	2.056547157655040508e+02
4.249800341258035132e+02	3.461355372079941048e+02
3.375649557229969560e+02	2.334273572305496032e+02
4.480571878922578435e+02	2.048789779950009233e+02
4.690866170087429623e+02	2.726541722382419835e+02
3.041269650376809750e+02	2.672952516909015230e+02
4.642262182900129233e+02	3.127756324497091214e+02
4.581643251545645512e+02	3.020656057136671961e+02
3.391194919848433074e+02	2.759578713663361214e+02
3.087192105593459246e+02	2.086832074289588377e+02
3.277138184291989091e+02	2.722654687988750197e+02
3.884521067302276833e+02	2.745755468548667864e+02
3.100531329452408045e+02	2.096513783938031565e+02
3.893499244583481982e+02	3.063330928238334536e+02
4.441740257184517304e+02	3.325836078282752624e+02
2.744231575035578885e+02	2.676598005723761275e+02
3.743080811779952910e+02	2.863966906657846607e+02
2.878301811087468991e+02	2.494769024268311739e+02
3.018075313924109651e+02	2.489848670714939090e+02
3.863641446589758743e+02	1.996555477206729847e+02
3.667221974627448731e+02	3.151953580438985227e+02
3.687092298580832335e+02	1.808349020529520033e+02
3.107599218373638905e+02	1.659725245631912856e+02
3.992776809778343932e+02	3.447499340118890245e+02
4.497461396074070308e+02	1.789695208942565898e+02
4.094572892812355462e+02	2.879886735131938735e+02
3.992944817632455283e+02	2.352306741552617382e+02
3.989288409004218465e+02	1.598641082982163653e+02
2.883930231032142046e+02	2.698058700372690737e+02
3.308168355187008274e+02	2.096706917222561515e+02
3.104706292535742023e+02	2.851354675908139598e+02
2.674010709303630051e+02	3.228458954128671508e+02
3.357399548129474738e+02	2.370231021113299903e+02
4.110336564653505320e+02	2.665225494385878164e+02
3.512743170282561209e+02	2.064210082833418767e+02
4.192758203836652910e+02	2.132195894371107840e+02
3.904383522562721964e+02	2.225719156036411732e+02
4.413566038276225640e+02	1.969625597536411874e+02
4.126957464467093359e+02	2.213879241662363597e+02
4.436699319124816725e+02	2.733931136544611604e+02
3.634868634433525472e+02	3.034688277003698431e+02
3.615609888520548907e+02	3.182971466385640724e+02
3.146843205928606721e+02	1.497258577528336332e+02
3.531735345848452994e+02	1.634942465974447146e+02
3.203661152827451133e+02	2.147216192171512716e+02
3.337503582170006098e+02	2.338580577547957660e+02
