3.250422920706471928e+02	2.915858967479155126e+02
3.911366852108008629e+02	3.388820836405787986e+02
4.394469732012129839e+02	1.594828289303993074e+02
3.212844184037806485e+02	2.796257158690892197e+02
4.797892028053386753e+02	1.800157145553384339e+02
3.372385699845780778e+02	3.012873522613281239e+02
3.783478655091302016e+02	2.776883097859280269e+02
3.093002921372091123e+02	2.693496860483833188e+02
3.766504207452574633e+02	2.057207843652529675e+02
3.367944183262006277e+02	2.420992145993764950e+02
3.601839048043289608e+02	2.961583678527945835e+02
4.608992732076064840e+02	1.797935457004320483e+02
3.214708032993032134e+02	1.687410183787304732e+02
4.120125119664713225e+02	2.490309772286367433e+02
4.729801638906331505e+02	2.208086328397653517e+02
4.304926667476931357e+02	2.337851802683483982e+02
4.971379051504968061e+02	2.124471390573690428e+02
3.921518929492797838e+02	1.779055609140773129e+02
4.867560644942382737e+02	1.961227411790723636e+02
4.347293179299040276e+02	2.854536410224598626e+02
3.608016155098163722e+02	1.772697102929620883e+02
4.660562618900976872e+02	3.210550968205554909e+02
3.263722570437655577e+02	1.869827043747440030e+02
3.768935256804347773e+02	2.823637915017659452e+02
4.837649097476161160e+02	1.792261519826823815e+02
3.951833988158090278e+02	2.908242852458638481e+02
4.343160568933965351e+02	2.860227199533420048e+02
4.811948562933574749e+02	2.839480301206274930e+02
3.681512079652217153e+02	3.195967169055384716e+02
3.205836724028883395e+02	1.523816507097903070e+02
4.554979509468930701e+02	2.095369173457174554e+02
4.776388012347424592e+02	1.926402684916691044e+02
4.086834198174116750e+02	2.902565367713276032e+02
3.905619643399401753e+02	2.719025811369973553e+02
4.473489040969708412e+02	1.709547867355640847e+02
4.566001164756859794e+02	3.461692834669905778e+02
3.929996489273272005e+02	2.374581951630796652e+02
3.896534909069396235e+02	2.063582630986380764e+02
4.342581030272637577e+02	2.025867788841011929e+02
3.493251018149211404e+02	2.427145356612602995e+02
3.049055843543266633e+02	2.206028266413013341e+02
4.765242515686978777e+02	1.998390159513504329e+02
4.127525402984507537e+02	1.860971645948099535e+02
4.588350870649832700e+02	1.826357491165109650e+02
3.912013238774708270e+02	1.870689399013056686e+02
4.833670992141391025e+02	2.528883322144379804e+02
3.673059430256298583e+02	1.725223510426118310e+02
2.959583502788194096e+02	3.310463716518616479e+02
3.941845811305001348e+02	3.140239080126731892e+02
4.298777029659634650e+02	3.637856146997571614e+02
4.117296573644149476e+02	2.113441248509400054e+02
3.996363860240003874e+02	3.385018498329628187e+02
5.177577322632952246e+02	2.292415831231964773e+02
3.470369818774186683e+02	2.719609057720813325e+02
4.766236390799507490e+02	2.157863956437597039e+02
3.845303269138025257e+02	3.185590068971361575e+02
4.944882229742908635e+02	1.767896810737081239e+02
3.835658220109860395e+02	2.335633043999313543e+02
4.539802257528400560e+02	1.994962186025530286e+02
3.884269587015804177e+02	2.082516005715078222e+02
4.286825437324640689e+02	2.532834294481489792e+02
3.695680119069500620e+02	3.196753587798558556e+02
3.446193721753785439e+02	2.518476893119275246e+02
3.625757112875488133e+02	3.502999272921207421e+02
4.734144619556421389e+02	1.948286381720323561e+02
4.722119252432985945e+02	3.117380412872897750e+02
4.081705804327424971e+02	2.948136782057163714e+02
4.373282718861231047e+02	1.900439482216877991e+02
3.901186047965163652e+02	3.028989958422557720e+02
3.901622838024424027e+02	2.363297342662077085e+02
3.746116426557246655e+02	1.886910395431154370e+02
4.200811340354275103e+02	2.452767654496202852e+02
4.417079098239963173e+02	3.065464078959175254e+02
4.407788688789827347e+02	2.325386363023845888e+02
3.886510683308581520e+02	2.929459760216245172e+02
3.458471250330597968e+02	2.132087575390364123e+02
4.821232803341135309e+02	3.020184147001340875e+02
3.411190161746504259e+02	3.084386377335947031e+02
3.945549079532007681e+02	2.025516548593576260e+02
4.605082044730697817e+02	2.551745371832713829e+02
4.533426315271465796e+02	2.113092683370028055e+02
4.448830093936671233e+02	2.030453474819498751e+02
5.047293953849671198e+02	2.043706129295314611e+02
4.321915836978245693e+02	2.795703245046334473e+02
2.950363554755102768e+02	3.084033579641604206e+02
4.536564909248076560e+02	2.472712161111334979e+02
4.028194900319861631e+02	1.746975407384413188e+02
4.301380901676599251e+02	2.282396861986897534e+02
3.296913371386924609e+02	2.887976247702877686e+02
4.930580495759458017e+02	2.972658221511379111e+02
3.061505537437514022e+02	2.552794835417605555e+02
3.536417612056485495e+02	2.948524239891758043e+02
4.315698965810951790e+02	3.100984168138305108e+02
3.431734328128789002e+02	2.275407747941294758e+02
3.242256036657568643e+02	1.946839157090178958e+02
4.050560483371646683e+02	1.812613625291930930e+02
4.528576416115832899e+02	2.259770661012202879e+02
3.946047085625899058e+02	2.176891726411882360e+02
4.346593512597787026e+02	1.576015753306166687e+02
4.587507178563333810e+02	2.806359584753309946e+02
