4.686439353311865830e+02	3.925965327133307028e+02
6.663393778136953642e+02	3.648462240236383991e+02
5.317785087725759468e+02	3.294613475148367456e+02
6.803001123626944491e+02	6.628477600554531364e+02
6.861690164493363682e+02	2.684366489426582234e+02
4.778728302694075296e+02	6.440400603997095459e+02
3.011756574826702035e+02	2.487604878233728414e+02
4.395347969166340931e+02	4.179836639335416066e+02
4.187017686467469275e+02	4.844892448614854175e+02
4.912453285967072816e+02	2.749998396544878574e+02
5.647385439811616834e+02	2.325920448329052590e+02
4.807051965722864679e+02	5.436800737456567276e+02
4.917192512745070303e+02	4.473008181782615225e+02
3.417596776797382745e+02	3.508056853856096495e+02
6.284134597120782928e+02	2.238832854567562265e+02
3.192273844503864666e+02	2.174134514373467084e+02
4.372511760457215360e+02	4.462954087141952755e+02
4.941110400651752457e+02	2.693696407210996426e+02
4.107363098866429709e+02	1.909992294351352200e+02
6.789864691637636724e+02	6.773165841445202204e+02
5.136141509762819624e+02	3.958042323393557922e+02
4.309283445469278035e+02	1.907404450088085923e+02
5.878172632623538902e+02	5.976477257498079325e+02
5.654675597827126694e+02	4.540682931288935720e+02
3.541436108848357094e+02	3.665617987319505460e+02
3.116575857968157379e+02	4.453000634805619029e+02
3.273857336601473094e+02	3.318301719070587410e+02
3.993099530129043160e+02	3.403645721674390074e+02
5.285564464709738104e+02	2.476518776179682675e+02
2.435336274086435822e+02	5.844740290574135315e+02
4.425512065174751228e+02	4.236079154686307220e+02
3.929724644185886291e+02	3.694220281713373879e+02
4.928535188608848898e+02	3.158092369292722310e+02
6.279660298416634987e+02	6.142729059162644489e+02
5.738104350892573393e+02	8.049412402184950679e+02
6.999876796456031798e+02	4.049856486927297397e+02
5.803737680607082439e+02	5.543596405177115685e+02
3.867798376187062104e+02	4.147734344740125607e+02
5.856371088654836967e+02	2.697323346280601868e+02
3.525159945166210491e+02	1.920500349516159133e+02
4.474233397963025709e+02	3.286457788067151569e+02
4.212079165770426812e+02	4.729991321667996544e+02
4.742489344217067924e+02	3.309892055012233527e+02
5.717271079921009687e+02	3.486326222439323033e+02
4.049414903007257749e+02	3.891289003607037102e+02
5.881664847131270335e+02	4.107568266831053165e+02
3.191089705296715238e+02	4.640464466740790499e+02
3.879303105394752151e+02	3.307514821642344032e+02
6.059693104536329429e+02	4.216794552203388662e+02
4.629541928290296937e+02	3.241993973551118984e+02
