1.053021173130008037e+03	1.982222719645527150e+03	4.268022198134043720e+03
2.687165046930020253e+03	1.307181371438344058e+03	3.345256059261857445e+03
2.423177048779671622e+03	1.647241830852681005e+03	5.714469868721568673e+03
1.679400232067030174e+03	2.460658294649619620e+03	1.981552512915214038e+03
3.146633598913811056e+03	4.396555125586264694e+02	3.668441048503247657e+03
5.735026538453942067e+02	2.492355324722540900e+03	2.112901504809205562e+03
-6.581375957930330287e+02	1.771284202080090040e+02	3.014864595953844400e+03
8.415325821198058520e+02	2.731922767618880243e+03	5.103737082002638999e+03
4.646083758197989937e+02	3.174615999493071740e+03	4.392753060816571633e+03
1.622333306944417700e+03	7.049098093549615669e+02	5.223946403610032576e+03
2.738957674554519599e+03	9.374421930308986362e+01	5.305797970890529541e+03
1.016482357967921530e+03	3.242159223780151478e+03	3.631577881746490675e+03
1.636765818266897895e+03	3.256930005072745644e+03	5.257593905876106874e+03
-5.061717358590189519e+02	1.619587294987469249e+03	4.705711172100623116e+03
3.112464333738774258e+03	-2.567626609593909137e+01	4.480292902527840852e+03
-7.262258698879736585e+02	-1.213344440774766042e+02	4.333041749939755391e+03
7.820663893868020295e+02	3.040415914104122294e+03	4.942553815232808120e+03
7.587224118640326651e+02	2.840056918796241234e+02	2.381512626889918465e+03
2.823370001810254166e+02	-3.257681228228477153e+02	3.254878924422657292e+03
2.259751072909572031e+03	3.436512604400013970e+03	2.677445945773107269e+03
9.637531920765104587e+02	1.226128483883899662e+03	2.583730163393310704e+03
5.162240201477998198e+02	-3.633282649199610432e+02	3.613025810681506300e+03
1.732928037698334720e+03	3.121837270649982656e+03	2.971197690647138188e+03
1.848081474722625444e+03	2.280512089997932890e+03	3.559609900603127244e+03
-2.893976334224582274e+02	1.533969762626158399e+03	3.947324493822034583e+03
-9.085536284273795218e+02	2.860490531102079331e+03	4.697378155844341563e+03
-5.507073404711632065e+02	1.087562145012707788e+03	3.740309374264015332e+03
2.437465221808700164e+02	1.450218099181178331e+03	4.587392500753988315e+03
1.583390276260151722e+03	2.257295406952329984e+02	3.815715873288078001e+03
-9.029798520895742513e+02	2.333034013811114619e+03	2.331231031043556868e+03
1.001901910428364999e+03	3.186792123272934532e+03	5.781315191464476811e+03
1.444418692007197649e+02	1.637823800143497692e+03	4.120261016293975445e+03
1.314528501581276032e+03	1.040128444063885809e+03	4.174097099733610776e+03
1.395646522753278532e+03	2.200594499314888708e+03	2.000742772959671356e+03
1.170108227354807696e+03	3.542792668280819271e+03	2.148845162736230577e+03
2.931324955489030344e+03	1.646606901549098211e+03	3.260097489135951037e+03
1.980090814396528913e+03	3.265413576922303491e+03	3.524220468855749004e+03
8.096697997741925690e+01	2.481683683549480065e+03	4.727932834245565573e+03
2.925242005543013875e+03	6.196190512352136466e+02	5.087332986193428042e+03
-3.586410053200873449e+02	-4.688750972757794102e+02	4.790500202497330974e+03
8.794005955134251735e+02	1.331788567108487769e+03	4.684943317041289447e+03
2.150785737868329477e+02	1.314593036281453124e+03	1.904570955069425509e+03
1.170085488280599520e+03	1.297529367855051078e+03	4.453019681506130837e+03
1.816072769964541749e+03	1.161334932934645167e+03	3.385991892954936702e+03
3.635107576179769353e+02	2.412711623052989580e+03	5.324177318325354463e+03
2.155227031808091851e+03	1.917182999822660349e+03	3.696694733888029077e+03
-5.013109607304022575e+02	1.918488022632858474e+03	2.897872136029111971e+03
5.577469174756593162e+01	7.497401686019298950e+02	2.594516126445814734e+03
1.516027074539031219e+03	1.316456987794081670e+03	2.393646631904634432e+03
8.712719471515953273e+02	1.025533626720576649e+03	3.768718771395211661e+03
