4.607416136929128356e+02	2.282705887805217913e+02
4.406318339830671675e+02	1.575646085981006479e+02
4.202507398138350254e+02	2.312152881667744850e+02
3.800402486520179082e+02	2.420633548608315095e+02
3.365002321258691609e+02	1.980686731600917767e+02
4.731933604131795619e+02	3.524357323211003177e+02
3.809016620995080871e+02	3.655667391731635121e+02
3.877944314848494969e+02	2.193278115768299017e+02
4.020866991132126600e+02	2.929802824959418217e+02
4.156454529699321370e+02	3.512541852752216300e+02
4.350569691623498443e+02	1.969631554507578528e+02
4.200988237976704340e+02	3.220652864948735328e+02
3.516355261085045072e+02	2.602579960928087530e+02
4.268381448469345969e+02	3.070471292173258462e+02
3.344817509950443650e+02	2.124097219083458299e+02
4.862125668247105637e+02	1.954935688553860871e+02
3.416221203866658698e+02	2.404120065223992242e+02
3.493287249542649988e+02	3.206425144615135423e+02
3.208772372302317990e+02	3.110679845158401804e+02
3.447143678021924416e+02	2.253954882489030922e+02
3.061121863354478023e+02	3.099643336584673534e+02
4.631179879316669599e+02	2.336132444050709864e+02
3.782453511390497738e+02	2.270770015732891238e+02
4.963886565289231498e+02	2.918595074908300262e+02
3.755749785845528663e+02	1.623806952848398453e+02
3.466019352700774334e+02	1.491715252708320918e+02
3.290283959008661441e+02	2.939547228190781993e+02
4.545273813650624106e+02	2.847554195862649067e+02
4.684502014087625525e+02	1.766705572156400876e+02
3.507391037298998526e+02	2.522727851516675344e+02
3.533490101383127353e+02	2.825666076700121039e+02
3.858595538764175217e+02	2.149036047681740058e+02
4.495991513538819504e+02	3.346332959074031805e+02
4.931750310789665264e+02	1.918920289889392450e+02
4.377787051039855442e+02	2.770065508538789913e+02
4.159880940022987375e+02	2.569538651352994520e+02
3.635762961305496788e+02	2.389598885691766554e+02
4.632548862047964349e+02	3.535852901736522540e+02
4.794602486326805320e+02	2.211191286073517404e+02
2.789002182940395755e+02	3.136024335854627907e+02
3.003505257121487375e+02	3.383193255751467632e+02
3.585055015133827965e+02	1.733025054847439321e+02
4.402699845797101830e+02	2.369870378050520117e+02
3.600613037850783371e+02	2.821575599170970463e+02
3.718294568116777441e+02	2.226771276243771354e+02
4.853077207176423826e+02	2.292467000317496968e+02
4.220753164349986264e+02	2.182278308101802509e+02
3.345048714065896434e+02	2.862201937547111470e+02
3.849219592546356807e+02	2.042669049464346926e+02
4.410481424098086904e+02	1.871915941073959289e+02
