436.064	507.97
465.516	266.921
639.381	340.475
529.854	224.015
577.03	315.751
583.114	285.076
384.696	179.875
381.331	360.282
430.753	387.85
433.263	175.397
460.799	372.063
349.974	323.255
580.23	185.056
404.066	361.639
789.962	517.547
358.073	385.147
426.01	420.181
223.261	683.473
467.399	396.797
479.637	371.834
357.101	221.673
681.184	561.284
673.011	455.726
413.808	223.636
504.158	353.942
529.273	422.802
458.566	228.812
328.488	361.354
439.186	384.446
370.089	281.107
392.62	347.009
571.864	472.562
322.301	337.306
268.916	420.448
361.799	457.549
320.125	326.442
634.76	394.749
368.794	511.556
616.659	471.53
380.509	205.495
324.849	288.383
494.063	592.046
419.056	288.669
549.392	385.857
385.864	363.1
430.471	277.082
269.591	345.373
203.257	572.797
523.438	166.501
568.696	393.188
436.064	507.97
465.516	266.921
639.381	340.475
529.854	224.015
577.03	315.751
583.114	285.076
384.696	179.875
381.331	360.282
430.753	387.85
433.263	175.397
460.799	372.063
349.974	323.255
580.23	185.056
404.066	361.639
789.962	517.547
358.073	385.147
426.01	420.181
223.261	683.473
467.399	396.797
479.637	371.834
357.101	221.673
681.184	561.284
673.011	455.726
413.808	223.636
504.158	353.942
529.273	422.802
458.566	228.812
328.488	361.354
439.186	384.446
370.089	281.107
392.62	347.009
571.864	472.562
322.301	337.306
268.916	420.448
361.799	457.549
320.125	326.442
634.76	394.749
368.794	511.556
616.659	471.53
380.509	205.495
324.849	288.383
494.063	592.046
419.056	288.669
549.392	385.857
385.864	363.1
430.471	277.082
269.591	345.373
203.257	572.797
523.438	166.501
568.696	393.188
436.064	507.97
465.516	266.921
639.381	340.475
529.854	224.015
577.03	315.751
583.114	285.076
384.696	179.875
381.331	360.282
430.753	387.85
433.263	175.397
460.799	372.063
349.974	323.255
580.23	185.056
404.066	361.639
789.962	517.547
358.073	385.147
426.01	420.181
223.261	683.473
467.399	396.797
479.637	371.834
357.101	221.673
681.184	561.284
673.011	455.726
413.808	223.636
504.158	353.942
529.273	422.802
458.566	228.812
328.488	361.354
439.186	384.446
370.089	281.107
392.62	347.009
571.864	472.562
322.301	337.306
268.916	420.448
361.799	457.549
320.125	326.442
634.76	394.749
368.794	511.556
616.659	471.53
380.509	205.495
324.849	288.383
494.063	592.046
419.056	288.669
549.392	385.857
385.864	363.1
430.471	277.082
269.591	345.373
203.257	572.797
523.438	166.501
568.696	393.188
436.064	507.97
465.516	266.921
639.381	340.475
529.854	224.015
577.03	315.751
583.114	285.076
384.696	179.875
381.331	360.282
430.753	387.85
433.263	175.397
460.799	372.063
349.974	323.255
580.23	185.056
404.066	361.639
789.962	517.547
358.073	385.147
426.01	420.181
223.261	683.473
467.399	396.797
479.637	371.834
357.101	221.673
681.184	561.284
673.011	455.726
413.808	223.636
504.158	353.942
529.273	422.802
458.566	228.812
328.488	361.354
439.186	384.446
370.089	281.107
392.62	347.009
571.864	472.562
322.301	337.306
268.916	420.448
361.799	457.549
320.125	326.442
634.76	394.749
368.794	511.556
616.659	471.53
380.509	205.495
324.849	288.383
494.063	592.046
419.056	288.669
549.392	385.857
385.864	363.1
430.471	277.082
269.591	345.373
203.257	572.797
523.438	166.501
568.696	393.188
436.064	507.97
465.516	266.921
639.381	340.475
529.854	224.015
577.03	315.751
583.114	285.076
384.696	179.875
381.331	360.282
430.753	387.85
433.263	175.397
460.799	372.063
349.974	323.255
580.23	185.056
404.066	361.639
789.962	517.547
358.073	385.147
426.01	420.181
223.261	683.473
467.399	396.797
479.637	371.834
357.101	221.673
681.184	561.284
673.011	455.726
413.808	223.636
504.158	353.942
529.273	422.802
458.566	228.812
328.488	361.354
439.186	384.446
370.089	281.107
392.62	347.009
571.864	472.562
322.301	337.306
268.916	420.448
361.799	457.549
320.125	326.442
634.76	394.749
368.794	511.556
616.659	471.53
380.509	205.495
324.849	288.383
494.063	592.046
419.056	288.669
549.392	385.857
385.864	363.1
430.471	277.082
269.591	345.373
203.257	572.797
523.438	166.501
568.696	393.188
