53.7497	64.8928	219.093
57.9057	60.8545	309.603
-36.678	-21.3588	229.009
-40.6099	-29.7863	275.702
47.3096	34.2521	251.964
9.90261	72.5615	190.531
38.0667	29.3743	236.086
16.1063	13.8288	249.587
41.8974	38.7237	204.548
73.1021	-40.6232	297.34
58.1284	2.76454	259.903
66.0773	-23.6188	295.871
-55.0565	33.7049	268.599
41.9569	-33.0151	276.045
-19.2171	-40.2258	256.721
-23.3909	64.3714	187.007
66.2728	-33.0589	216.811
-17.3569	-36.4083	209.196
6.65185	-18.7169	254.346
-36.8001	37.4602	204.212
66.1492	16.3099	197.951
31.7466	51.3287	330.374
-9.99676	-54.6531	293.138
-6.80584	-15.333	280.767
45.0342	56.0846	214.581
35.6318	62.433	200.581
48.2994	27.0538	296.844
25.9547	43.3103	303.47
48.4025	81.0132	259.878
-22.9695	43.2155	314.79
43.4522	19.5381	310.948
-45.547	29.8248	293.779
45.1152	54.9304	246.26
-8.98928	33.6999	189.901
44.1596	34.1704	305.168
-40.4926	59.6978	236.217
-25.3482	6.52594	305.418
-43.9976	63.3377	252.524
-22.3816	-3.90148	286.481
45.3401	-44.6137	292.429
-14.675	-48.6849	209.01
2.70491	-33.3761	303.969
-17.4283	-6.47691	288.85
68.3652	2.90212	227.689
34.8893	-46.1239	293.161
-26.6935	-23.1808	235.613
76.1531	-23.0384	316.507
-36.2727	22.8264	181.816
-2.41474	29.4516	303.962
-22.9211	1.24674	293.483
53.7497	64.8928	219.093
57.9057	60.8545	309.603
-36.678	-21.3588	229.009
-40.6099	-29.7863	275.702
47.3096	34.2521	251.964
9.90261	72.5615	190.531
38.0667	29.3743	236.086
16.1063	13.8288	249.587
41.8974	38.7237	204.548
73.1021	-40.6232	297.34
58.1284	2.76454	259.903
66.0773	-23.6188	295.871
-55.0565	33.7049	268.599
41.9569	-33.0151	276.045
-19.2171	-40.2258	256.721
-23.3909	64.3714	187.007
66.2728	-33.0589	216.811
-17.3569	-36.4083	209.196
6.65185	-18.7169	254.346
-36.8001	37.4602	204.212
66.1492	16.3099	197.951
31.7466	51.3287	330.374
-9.99676	-54.6531	293.138
-6.80584	-15.333	280.767
45.0342	56.0846	214.581
35.6318	62.433	200.581
48.2994	27.0538	296.844
25.9547	43.3103	303.47
48.4025	81.0132	259.878
-22.9695	43.2155	314.79
43.4522	19.5381	310.948
-45.547	29.8248	293.779
45.1152	54.9304	246.26
-8.98928	33.6999	189.901
44.1596	34.1704	305.168
-40.4926	59.6978	236.217
-25.3482	6.52594	305.418
-43.9976	63.3377	252.524
-22.3816	-3.90148	286.481
45.3401	-44.6137	292.429
-14.675	-48.6849	209.01
2.70491	-33.3761	303.969
-17.4283	-6.47691	288.85
68.3652	2.90212	227.689
34.8893	-46.1239	293.161
-26.6935	-23.1808	235.613
76.1531	-23.0384	316.507
-36.2727	22.8264	181.816
-2.41474	29.4516	303.962
-22.9211	1.24674	293.483
53.7497	64.8928	219.093
57.9057	60.8545	309.603
-36.678	-21.3588	229.009
-40.6099	-29.7863	275.702
47.3096	34.2521	251.964
9.90261	72.5615	190.531
38.0667	29.3743	236.086
16.1063	13.8288	249.587
41.8974	38.7237	204.548
73.1021	-40.6232	297.34
58.1284	2.76454	259.903
66.0773	-23.6188	295.871
-55.0565	33.7049	268.599
41.9569	-33.0151	276.045
-19.2171	-40.2258	256.721
-23.3909	64.3714	187.007
66.2728	-33.0589	216.811
-17.3569	-36.4083	209.196
6.65185	-18.7169	254.346
-36.8001	37.4602	204.212
66.1492	16.3099	197.951
31.7466	51.3287	330.374
-9.99676	-54.6531	293.138
-6.80584	-15.333	280.767
45.0342	56.0846	214.581
35.6318	62.433	200.581
48.2994	27.0538	296.844
25.9547	43.3103	303.47
48.4025	81.0132	259.878
-22.9695	43.2155	314.79
43.4522	19.5381	310.948
-45.547	29.8248	293.779
45.1152	54.9304	246.26
-8.98928	33.6999	189.901
44.1596	34.1704	305.168
-40.4926	59.6978	236.217
-25.3482	6.52594	305.418
-43.9976	63.3377	252.524
-22.3816	-3.90148	286.481
45.3401	-44.6137	292.429
-14.675	-48.6849	209.01
2.70491	-33.3761	303.969
-17.4283	-6.47691	288.85
68.3652	2.90212	227.689
34.8893	-46.1239	293.161
-26.6935	-23.1808	235.613
76.1531	-23.0384	316.507
-36.2727	22.8264	181.816
-2.41474	29.4516	303.962
-22.9211	1.24674	293.483
53.7497	64.8928	219.093
57.9057	60.8545	309.603
-36.678	-21.3588	229.009
-40.6099	-29.7863	275.702
47.3096	34.2521	251.964
9.90261	72.5615	190.531
38.0667	29.3743	236.086
16.1063	13.8288	249.587
41.8974	38.7237	204.548
73.1021	-40.6232	297.34
58.1284	2.76454	259.903
66.0773	-23.6188	295.871
-55.0565	33.7049	268.599
41.9569	-33.0151	276.045
-19.2171	-40.2258	256.721
-23.3909	64.3714	187.007
66.2728	-33.0589	216.811
-17.3569	-36.4083	209.196
6.65185	-18.7169	254.346
-36.8001	37.4602	204.212
66.1492	16.3099	197.951
31.7466	51.3287	330.374
-9.99676	-54.6531	293.138
-6.80584	-15.333	280.767
45.0342	56.0846	214.581
35.6318	62.433	200.581
48.2994	27.0538	296.844
25.9547	43.3103	303.47
48.4025	81.0132	259.878
-22.9695	43.2155	314.79
43.4522	19.5381	310.948
-45.547	29.8248	293.779
45.1152	54.9304	246.26
-8.98928	33.6999	189.901
44.1596	34.1704	305.168
-40.4926	59.6978	236.217
-25.3482	6.52594	305.418
-43.9976	63.3377	252.524
-22.3816	-3.90148	286.481
45.3401	-44.6137	292.429
-14.675	-48.6849	209.01
2.70491	-33.3761	303.969
-17.4283	-6.47691	288.85
68.3652	2.90212	227.689
34.8893	-46.1239	293.161
-26.6935	-23.1808	235.613
76.1531	-23.0384	316.507
-36.2727	22.8264	181.816
-2.41474	29.4516	303.962
-22.9211	1.24674	293.483
53.7497	64.8928	219.093
57.9057	60.8545	309.603
-36.678	-21.3588	229.009
-40.6099	-29.7863	275.702
47.3096	34.2521	251.964
9.90261	72.5615	190.531
38.0667	29.3743	236.086
16.1063	13.8288	249.587
41.8974	38.7237	204.548
73.102	-40.6232	297.34
58.1284	2.76454	259.903
66.0773	-23.6188	295.871
-55.0565	33.7049	268.599
41.9569	-33.0151	276.045
-19.2171	-40.2258	256.721
-23.3909	64.3714	187.007
66.2728	-33.0589	216.811
-17.3569	-36.4083	209.196
6.65185	-18.7169	254.346
-36.8001	37.4602	204.212
66.1492	16.3099	197.951
31.7466	51.3287	330.374
-9.99676	-54.6531	293.138
-6.80584	-15.333	280.767
45.0342	56.0846	214.581
35.6318	62.433	200.581
48.2994	27.0538	296.844
25.9547	43.3103	303.47
48.4025	81.0132	259.878
-22.9695	43.2155	314.79
43.4522	19.5381	310.948
-45.547	29.8248	293.779
45.1152	54.9304	246.26
-8.98928	33.6999	189.901
44.1596	34.1704	305.168
-40.4926	59.6978	236.217
-25.3482	6.52594	305.418
-43.9976	63.3377	252.524
-22.3816	-3.90148	286.481
45.3401	-44.6137	292.429
-14.675	-48.6849	209.01
2.70491	-33.3761	303.969
-17.4283	-6.47691	288.85
68.3652	2.90212	227.689
34.8893	-46.1239	293.161
-26.6935	-23.1808	235.613
76.1531	-23.0384	316.507
-36.2727	22.8264	181.816
-2.41474	29.4516	303.962
-22.9211	1.24674	293.483
