0.104528	0.126198	0.426074
0.47961	0.504034	2.56432
-0.0677663	-0.0394626	0.423118
-0.118169	-0.0866741	0.802255
0.117387	0.0849877	0.625186
0.0160689	0.117745	0.309174
0.0800174	0.0617457	0.496259
0.0377256	0.0323909	0.584603
0.0692211	0.0639775	0.337945
0.243774	-0.135467	0.991543
0.142177	0.00676183	0.635699
0.232761	-0.0831986	1.04222
-0.186551	0.114204	0.91011
0.112108	-0.0882155	0.737585
-0.0429786	-0.0899641	0.57415
-0.0371239	0.102164	0.296799
0.102875	-0.0513173	0.336555
-0.0265753	-0.055745	0.320301
0.0150803	-0.0424329	0.576624
-0.0633094	0.0644451	0.351317
0.0988528	0.0243734	0.295816
1.01445	1.64019	10.557
-0.0326149	-0.178308	0.956379
-0.0215498	-0.0485499	0.889011
0.0831584	0.103564	0.396237
0.0601226	0.105345	0.338447
0.226035	0.126609	1.38919
0.164712	0.274854	1.92586
0.154512	0.258613	0.82959
-0.252592	0.475234	3.4617
0.273949	0.12318	1.9604
-0.237495	0.155515	1.53185
0.111934	0.136286	0.61099
-0.0136524	0.0511816	0.288411
0.264259	0.204482	1.82618
-0.0981804	0.144746	0.572744
-0.145006	0.037332	1.74716
-0.131365	0.189109	0.753967
-0.082359	-0.0143565	1.05418
0.143138	-0.140844	0.923191
-0.0219243	-0.0727347	0.312259
0.0113688	-0.140281	1.27759
-0.0655115	-0.0243461	1.08576
0.123305	0.00523434	0.410667
0.111923	-0.147963	0.940446
-0.0515662	-0.0447805	0.455156
0.38947	-0.117825	1.61871
-0.0519946	0.0327202	0.260621
-0.0149022	0.181756	1.87586
-0.0977134	0.0053149	1.25113
0.104528	0.126198	0.426074
0.47961	0.504034	2.56432
-0.0677663	-0.0394626	0.423118
-0.118169	-0.0866741	0.802255
0.117387	0.0849877	0.625186
0.0160689	0.117745	0.309174
0.0800174	0.0617457	0.496259
0.0377256	0.0323909	0.584603
0.0692211	0.0639775	0.337945
0.243774	-0.135467	0.991543
0.142177	0.00676183	0.635699
0.232761	-0.0831986	1.04222
-0.186551	0.114204	0.91011
0.112108	-0.0882155	0.737585
-0.0429786	-0.0899641	0.57415
-0.0371239	0.102164	0.296799
0.102875	-0.0513173	0.336555
-0.0265753	-0.055745	0.320301
0.0150803	-0.0424329	0.576624
-0.0633094	0.0644451	0.351317
0.0988528	0.0243734	0.295816
1.01445	1.64019	10.557
-0.0326149	-0.178308	0.956379
-0.0215498	-0.0485499	0.889011
0.0831584	0.103564	0.396237
0.0601226	0.105345	0.338447
0.226035	0.126609	1.38919
0.164712	0.274854	1.92586
0.154512	0.258613	0.82959
-0.252592	0.475234	3.4617
0.273949	0.12318	1.9604
-0.237495	0.155515	1.53185
0.111934	0.136286	0.61099
-0.0136524	0.0511816	0.288411
0.264259	0.204482	1.82618
-0.0981804	0.144746	0.572744
-0.145006	0.037332	1.74716
-0.131365	0.189109	0.753967
-0.082359	-0.0143565	1.05418
0.143138	-0.140844	0.923191
-0.0219243	-0.0727347	0.312259
0.0113688	-0.140281	1.27759
-0.0655115	-0.0243461	1.08576
0.123305	0.00523434	0.410667
0.111923	-0.147963	0.940446
-0.0515662	-0.0447805	0.455156
0.38947	-0.117825	1.61871
-0.0519946	0.0327202	0.260621
-0.0149022	0.181756	1.87586
-0.0977134	0.0053149	1.25113
0.104528	0.126198	0.426074
0.47961	0.504034	2.56432
-0.0677663	-0.0394626	0.423118
-0.118169	-0.0866741	0.802255
0.117387	0.0849877	0.625186
0.0160689	0.117745	0.309174
0.0800174	0.0617457	0.496259
0.0377256	0.0323909	0.584603
0.0692211	0.0639775	0.337945
0.243774	-0.135467	0.991543
0.142177	0.00676183	0.635699
0.232761	-0.0831986	1.04222
-0.186551	0.114204	0.91011
0.112108	-0.0882155	0.737585
-0.0429786	-0.0899641	0.57415
-0.0371239	0.102164	0.296799
0.102875	-0.0513173	0.336555
-0.0265753	-0.055745	0.320301
0.0150803	-0.0424329	0.576624
-0.0633094	0.0644451	0.351317
0.0988528	0.0243734	0.295816
1.01445	1.64019	10.557
-0.0326149	-0.178308	0.956379
-0.0215498	-0.0485499	0.889011
0.0831584	0.103564	0.396237
0.0601226	0.105345	0.338447
0.226035	0.126609	1.38919
0.164712	0.274854	1.92586
0.154512	0.258613	0.82959
-0.252592	0.475234	3.4617
0.273949	0.12318	1.9604
-0.237495	0.155515	1.53185
0.111934	0.136286	0.61099
-0.0136524	0.0511816	0.288411
0.264259	0.204482	1.82618
-0.0981804	0.144746	0.572744
-0.145006	0.037332	1.74716
-0.131365	0.189109	0.753967
-0.082359	-0.0143565	1.05418
0.143138	-0.140844	0.923191
-0.0219243	-0.0727347	0.312259
0.0113688	-0.140281	1.27759
-0.0655115	-0.0243461	1.08576
0.123305	0.00523434	0.410667
0.111923	-0.147963	0.940446
-0.0515662	-0.0447805	0.455156
0.38947	-0.117825	1.61871
-0.0519946	0.0327202	0.260621
-0.0149022	0.181756	1.87586
-0.0977134	0.0053149	1.25113
0.104528	0.126198	0.426074
0.47961	0.504034	2.56432
-0.0677663	-0.0394626	0.423118
-0.118169	-0.0866741	0.802255
0.117387	0.0849877	0.625186
0.0160689	0.117745	0.309174
0.0800174	0.0617457	0.496259
0.0377256	0.0323909	0.584603
0.0692211	0.0639775	0.337945
0.243774	-0.135467	0.991543
0.142177	0.00676183	0.635699
0.232761	-0.0831986	1.04222
-0.186551	0.114204	0.91011
0.112108	-0.0882155	0.737585
-0.0429786	-0.0899641	0.57415
-0.0371239	0.102164	0.296799
0.102875	-0.0513173	0.336555
-0.0265753	-0.055745	0.320301
0.0150803	-0.0424329	0.576624
-0.0633094	0.0644451	0.351317
0.0988528	0.0243734	0.295816
1.01445	1.64019	10.557
-0.0326149	-0.178308	0.956379
-0.0215498	-0.0485499	0.889011
0.0831584	0.103564	0.396237
0.0601226	0.105345	0.338447
0.226035	0.126609	1.38919
0.164712	0.274854	1.92586
0.154512	0.258613	0.82959
-0.252592	0.475234	3.4617
0.273949	0.12318	1.9604
-0.237495	0.155515	1.53185
0.111934	0.136286	0.61099
-0.0136524	0.0511816	0.288411
0.264259	0.204482	1.82618
-0.0981804	0.144746	0.572744
-0.145006	0.037332	1.74716
-0.131365	0.189109	0.753967
-0.082359	-0.0143565	1.05418
0.143138	-0.140844	0.923191
-0.0219243	-0.0727347	0.312259
0.0113688	-0.140281	1.27759
-0.0655115	-0.0243461	1.08576
0.123305	0.00523434	0.410667
0.111923	-0.147963	0.940446
-0.0515662	-0.0447805	0.455156
0.38947	-0.117825	1.61871
-0.0519946	0.0327202	0.260621
-0.0149022	0.181756	1.87586
-0.0977134	0.0053149	1.25113
0.104528	0.126198	0.426074
0.47961	0.504034	2.56432
-0.0677663	-0.0394626	0.423118
-0.118169	-0.0866741	0.802255
0.117387	0.0849877	0.625186
0.0160689	0.117745	0.309174
0.0800174	0.0617457	0.496259
0.0377256	0.0323909	0.584603
0.0692211	0.0639775	0.337945
0.243774	-0.135467	0.991543
0.142177	0.00676183	0.635699
0.232761	-0.0831986	1.04222
-0.186551	0.114204	0.91011
0.112108	-0.0882155	0.737585
-0.0429786	-0.0899641	0.57415
-0.0371239	0.102164	0.296799
0.102875	-0.0513173	0.336555
-0.0265753	-0.055745	0.320301
0.0150803	-0.0424329	0.576624
-0.0633094	0.0644451	0.351317
0.0988528	0.0243734	0.295816
1.01445	1.64019	10.557
-0.0326149	-0.178308	0.956379
-0.0215498	-0.0485499	0.889011
0.0831584	0.103564	0.396237
0.0601226	0.105345	0.338447
0.226035	0.126609	1.38919
0.164712	0.274854	1.92586
0.154512	0.258613	0.82959
-0.252592	0.475234	3.4617
0.273949	0.12318	1.9604
-0.237495	0.155515	1.53185
0.111934	0.136286	0.61099
-0.0136524	0.0511816	0.288411
0.264259	0.204482	1.82618
-0.0981804	0.144746	0.572744
-0.145006	0.037332	1.74716
-0.131365	0.189109	0.753967
-0.082359	-0.0143565	1.05418
0.143138	-0.140844	0.923191
-0.0219243	-0.0727347	0.312259
0.0113688	-0.140281	1.27759
-0.0655115	-0.0243461	1.08576
0.123305	0.00523434	0.410667
0.111923	-0.147963	0.940446
-0.0515662	-0.0447805	0.455156
0.38947	-0.117825	1.61871
-0.0519946	0.0327202	0.260621
-0.0149022	0.181756	1.87586
-0.0977134	0.0053149	1.25113
