600.084	724.491	2446.05
618.832	650.346	3308.7
-434.612	-253.089	2713.62
-471.969	-346.178	3204.22
530.533	384.105	2825.54
111.77	818.996	2150.51
432.089	333.423	2679.77
183.651	157.681	2845.89
480.385	443.995	2345.29
843.422	-468.694	3430.59
663.57	31.5589	2966.94
753.855	-269.46	3375.5
-614.097	375.943	2995.94
487.469	-383.581	3207.18
-227.276	-475.741	3036.17
-266.311	732.882	2129.11
795.084	-396.612	2601.11
-210.209	-440.941	2533.57
77.4745	-217.997	2962.39
-423.391	430.985	2349.48
773.093	190.616	2313.47
338.157	546.739	3519.06
-117.084	-640.107	3433.29
-77.9816	-175.686	3217.04
507.235	631.699	2416.9
402.615	705.45	2266.43
531.758	297.853	3268.15
281.804	470.243	3294.93
523.383	876.008	2810.1
-248.318	467.192	3403.12
477.458	214.687	3416.73
-502.634	329.131	3242
500.183	609.002	2730.24
-104.426	391.483	2206.03
481.799	372.812	3329.51
-450.902	664.761	2630.38
-282.42	72.7094	3402.85
-484.622	697.647	2781.48
-253.704	-44.2247	3247.37
526.47	-518.036	3395.56
-179.406	-595.186	2555.21
30.9996	-382.507	3483.63
-197.64	-73.4493	3275.61
793.801	33.697	2643.74
405.532	-536.117	3407.53
-315.475	-273.961	2784.58
858.713	-259.784	3568.97
-426.984	268.701	2140.24
-26.4825	322.995	3333.55
-257.919	14.0289	3302.41
600.084	724.491	2446.05
618.832	650.346	3308.7
-434.612	-253.089	2713.62
-471.969	-346.178	3204.22
530.533	384.105	2825.54
111.77	818.996	2150.51
432.089	333.423	2679.77
183.651	157.681	2845.89
480.385	443.995	2345.29
843.422	-468.694	3430.59
663.57	31.5589	2966.94
753.855	-269.46	3375.5
-614.097	375.943	2995.94
487.469	-383.581	3207.18
-227.276	-475.741	3036.17
-266.311	732.882	2129.11
795.084	-396.612	2601.11
-210.209	-440.941	2533.57
77.4745	-217.997	2962.39
-423.391	430.985	2349.48
773.093	190.616	2313.47
338.157	546.739	3519.06
-117.084	-640.107	3433.29
-77.9816	-175.686	3217.04
507.235	631.699	2416.9
402.615	705.45	2266.43
531.758	297.853	3268.15
281.804	470.243	3294.93
523.383	876.008	2810.1
-248.318	467.192	3403.12
477.458	214.687	3416.73
-502.634	329.131	3242
500.183	609.002	2730.24
-104.426	391.483	2206.03
481.799	372.812	3329.51
-450.902	664.761	2630.38
-282.42	72.7094	3402.85
-484.622	697.647	2781.48
-253.704	-44.2247	3247.37
526.47	-518.036	3395.56
-179.406	-595.186	2555.21
30.9996	-382.507	3483.63
-197.64	-73.4493	3275.61
793.801	33.697	2643.74
405.532	-536.117	3407.53
-315.475	-273.961	2784.58
858.713	-259.784	3568.97
-426.984	268.701	2140.24
-26.4825	322.995	3333.55
-257.919	14.0289	3302.41
600.084	724.491	2446.05
618.832	650.346	3308.7
-434.612	-253.089	2713.62
-471.969	-346.178	3204.22
530.533	384.105	2825.54
111.77	818.996	2150.51
432.089	333.423	2679.77
183.651	157.681	2845.89
480.385	443.995	2345.29
843.422	-468.694	3430.59
663.57	31.5589	2966.94
753.855	-269.46	3375.5
-614.097	375.943	2995.94
487.469	-383.581	3207.18
-227.276	-475.741	3036.17
-266.311	732.882	2129.11
795.084	-396.612	2601.11
-210.209	-440.941	2533.57
77.4745	-217.997	2962.39
-423.391	430.985	2349.48
773.093	190.616	2313.47
338.157	546.739	3519.06
-117.084	-640.107	3433.29
-77.9816	-175.686	3217.04
507.235	631.699	2416.9
402.615	705.45	2266.43
531.758	297.853	3268.15
281.804	470.243	3294.93
523.383	876.008	2810.1
-248.318	467.192	3403.12
477.458	214.687	3416.73
-502.634	329.131	3242
500.183	609.002	2730.24
-104.426	391.483	2206.03
481.799	372.812	3329.51
-450.902	664.761	2630.38
-282.42	72.7094	3402.85
-484.622	697.647	2781.48
-253.704	-44.2247	3247.37
526.47	-518.036	3395.56
-179.406	-595.186	2555.21
30.9996	-382.507	3483.63
-197.64	-73.4493	3275.61
793.801	33.697	2643.74
405.532	-536.117	3407.53
-315.475	-273.961	2784.58
858.713	-259.784	3568.97
-426.984	268.701	2140.24
-26.4825	322.995	3333.55
-257.919	14.0289	3302.41
600.084	724.491	2446.05
618.832	650.346	3308.7
-434.612	-253.089	2713.62
-471.969	-346.178	3204.22
530.533	384.105	2825.54
111.77	818.996	2150.51
432.089	333.423	2679.77
183.651	157.681	2845.89
480.385	443.995	2345.29
843.422	-468.694	3430.59
663.57	31.5589	2966.94
753.855	-269.46	3375.5
-614.097	375.943	2995.94
487.469	-383.581	3207.18
-227.276	-475.741	3036.17
-266.311	732.882	2129.11
795.084	-396.612	2601.11
-210.209	-440.941	2533.57
77.4745	-217.997	2962.39
-423.391	430.985	2349.48
773.093	190.616	2313.47
338.157	546.739	3519.06
-117.084	-640.107	3433.29
-77.9816	-175.686	3217.04
507.235	631.699	2416.9
402.615	705.45	2266.43
531.758	297.853	3268.15
281.804	470.243	3294.93
523.383	876.008	2810.1
-248.318	467.192	3403.12
477.458	214.687	3416.73
-502.634	329.131	3242
500.183	609.002	2730.24
-104.426	391.483	2206.03
481.799	372.812	3329.51
-450.902	664.761	2630.38
-282.42	72.7094	3402.85
-484.622	697.647	2781.48
-253.704	-44.2247	3247.37
526.47	-518.036	3395.56
-179.406	-595.186	2555.21
30.9996	-382.507	3483.63
-197.64	-73.4493	3275.61
793.801	33.697	2643.74
405.532	-536.117	3407.53
-315.475	-273.961	2784.58
858.713	-259.784	3568.97
-426.984	268.701	2140.24
-26.4825	322.995	3333.55
-257.919	14.0289	3302.41
600.084	724.491	2446.05
618.832	650.346	3308.7
-434.612	-253.089	2713.62
-471.969	-346.178	3204.22
530.533	384.105	2825.54
111.77	818.996	2150.51
432.089	333.423	2679.77
183.651	157.681	2845.89
480.385	443.995	2345.29
843.422	-468.694	3430.59
663.57	31.5589	2966.94
753.855	-269.46	3375.5
-614.097	375.943	2995.94
487.469	-383.581	3207.18
-227.276	-475.741	3036.17
-266.311	732.882	2129.11
795.084	-396.612	2601.11
-210.209	-440.941	2533.57
77.4745	-217.997	2962.39
-423.391	430.985	2349.48
773.093	190.616	2313.47
338.157	546.739	3519.06
-117.084	-640.107	3433.29
-77.9816	-175.686	3217.04
507.235	631.699	2416.9
402.615	705.45	2266.43
531.758	297.853	3268.15
281.804	470.243	3294.93
523.383	876.008	2810.1
-248.318	467.192	3403.12
477.458	214.687	3416.73
-502.634	329.131	3242
500.183	609.002	2730.24
-104.426	391.483	2206.03
481.799	372.812	3329.51
-450.902	664.761	2630.38
-282.42	72.7094	3402.85
-484.622	697.647	2781.48
-253.704	-44.2247	3247.37
526.47	-518.036	3395.56
-179.406	-595.186	2555.21
30.9996	-382.507	3483.63
-197.64	-73.4493	3275.61
793.801	33.697	2643.74
405.532	-536.117	3407.53
-315.475	-273.961	2784.58
858.713	-259.784	3568.97
-426.984	268.701	2140.24
-26.4825	322.995	3333.55
-257.919	14.0289	3302.41
