448.727	335.241
431.496	298.942
299.642	193.833
306.738	188.361
429.188	276.692
375.812	367.165
418.564	272.573
383.635	247.582
432.583	296.234
451.489	176.594
442.338	230.563
443.43	197.42
285.74	274.296
416.422	183.098
332.321	170.298
310.357	354.393
469.154	170.66
326.431	164.005
369.443	200.368
291.144	295.528
478.992	256.466
398.697	284.185
348.765	159.274
352.207	207.497
435.359	322.65
422.611	341.103
421.838	260.328
393.907	279.582
429.478	341.215
336.037	278.176
413.835	250.019
305.055	265.315
427.451	308.703
338.733	292.883
415.598	268.05
296.715	320.955
331.753	235.597
296.57	320.262
332.754	222.733
418.088	171.039
330.974	142.474
365.113	187.15
339.358	219.436
468.541	231.068
404.919	169.406
317.21	191.782
450.479	199.937
281.959	274.318
359.464	263.088
333.076	229.293
448.727	335.241
431.496	298.942
299.642	193.833
306.738	188.361
429.188	276.692
375.812	367.165
418.564	272.573
383.635	247.582
432.583	296.234
451.489	176.594
442.338	230.563
443.43	197.42
285.74	274.296
416.422	183.098
332.321	170.298
310.357	354.393
469.154	170.66
326.431	164.005
369.443	200.368
291.144	295.528
478.992	256.466
398.697	284.185
348.765	159.274
352.207	207.497
435.359	322.65
422.611	341.103
421.838	260.328
393.907	279.582
429.478	341.215
336.037	278.176
413.835	250.019
305.055	265.315
427.451	308.703
338.733	292.883
415.598	268.05
296.715	320.955
331.753	235.597
296.57	320.262
332.754	222.733
418.088	171.039
330.974	142.474
365.113	187.15
339.358	219.436
468.541	231.068
404.919	169.406
317.21	191.782
450.479	199.937
281.959	274.318
359.464	263.088
333.076	229.293
448.727	335.241
431.496	298.942
299.642	193.833
306.738	188.361
429.188	276.692
375.812	367.165
418.564	272.573
383.635	247.582
432.583	296.234
451.489	176.594
442.338	230.563
443.43	197.42
285.74	274.296
416.422	183.098
332.321	170.298
310.357	354.393
469.154	170.66
326.431	164.005
369.443	200.368
291.144	295.528
478.992	256.466
398.697	284.185
348.765	159.274
352.207	207.497
435.359	322.65
422.611	341.103
421.838	260.328
393.907	279.582
429.478	341.215
336.037	278.176
413.835	250.019
305.055	265.315
427.451	308.703
338.733	292.883
415.598	268.05
296.715	320.955
331.753	235.597
296.57	320.262
332.754	222.733
418.088	171.039
330.974	142.474
365.113	187.15
339.358	219.436
468.541	231.068
404.919	169.406
317.21	191.782
450.479	199.937
281.959	274.318
359.464	263.088
333.076	229.293
448.724	336.252
431.495	299.696
299.641	194.799
306.737	189.183
429.187	277.586
375.812	368.313
418.564	273.519
383.635	248.483
432.582	297.306
451.49	177.355
442.337	231.426
443.43	198.188
285.741	275.15
416.423	183.912
332.32	171.167
310.359	355.563
469.156	171.657
326.43	165.042
369.443	201.248
291.146	296.61
478.991	257.561
398.697	284.901
348.765	160.047
352.207	208.308
435.356	323.68
422.608	342.197
421.837	261.105
393.906	280.35
429.476	342.091
336.038	278.924
413.834	250.766
305.055	266.106
427.449	309.618
338.734	294.034
415.597	268.811
296.717	321.911
331.753	236.358
296.572	321.166
332.753	223.534
418.089	171.812
330.973	143.507
365.113	187.904
339.358	220.231
468.541	232.034
404.92	170.178
317.21	192.723
450.48	200.663
281.961	275.514
359.464	263.855
333.076	230.079
448.724	336.252
431.495	299.696
299.641	194.799
306.737	189.183
429.187	277.586
375.812	368.313
418.564	273.519
383.635	248.483
432.582	297.306
451.49	177.355
442.337	231.426
443.43	198.188
285.741	275.15
416.423	183.912
332.32	171.167
310.359	355.563
469.156	171.657
326.43	165.042
369.443	201.248
291.146	296.61
478.991	257.561
398.697	284.901
348.765	160.047
352.207	208.308
435.356	323.68
422.608	342.197
421.837	261.105
393.906	280.35
429.476	342.091
336.038	278.924
413.834	250.766
305.055	266.106
427.449	309.618
338.734	294.034
415.597	268.811
296.717	321.911
331.753	236.358
296.572	321.166
332.753	223.534
418.089	171.812
330.973	143.507
365.113	187.904
339.358	220.231
468.541	232.034
404.92	170.178
317.21	192.723
450.48	200.663
281.961	275.514
359.464	263.855
333.076	230.079
