448.525	335.944
431.382	299.541
299.842	194.875
306.892	189.261
429.058	277.456
375.813	367.862
418.455	273.392
383.617	248.423
432.417	297.093
451.334	177.451
442.183	231.409
443.29	198.242
285.951	275.032
416.334	184.001
332.424	171.291
310.569	355.145
468.905	171.798
326.57	165.208
369.459	201.302
291.396	296.397
478.686	257.461
398.653	284.783
348.822	160.182
352.26	208.343
435.191	323.401
422.47	341.845
421.741	261.027
393.869	280.232
429.349	341.81
336.119	278.813
413.758	250.711
305.208	266.016
427.322	309.405
338.851	293.815
415.516	268.719
296.924	321.657
331.845	236.333
296.767	320.927
332.848	223.535
418.001	171.921
331.1	143.733
365.136	187.978
339.438	220.239
468.3	232.013
404.86	170.29
317.361	192.803
450.333	200.709
282.266	275.347
359.499	263.772
333.168	230.066
448.525	335.944
431.382	299.541
299.842	194.875
306.892	189.261
429.058	277.456
375.813	367.862
418.455	273.392
383.617	248.423
432.417	297.093
451.334	177.451
442.183	231.409
443.29	198.242
285.951	275.032
416.334	184.001
332.424	171.291
310.569	355.145
468.905	171.798
326.57	165.208
369.459	201.302
291.396	296.397
478.686	257.461
398.653	284.783
348.822	160.182
352.26	208.343
435.191	323.401
422.47	341.845
421.741	261.027
393.869	280.232
429.349	341.81
336.119	278.813
413.758	250.711
305.208	266.016
427.322	309.405
338.851	293.815
415.516	268.719
296.924	321.657
331.845	236.333
296.767	320.927
332.848	223.535
418.001	171.921
331.1	143.733
365.136	187.978
339.438	220.239
468.3	232.013
404.86	170.29
317.361	192.803
450.333	200.709
282.266	275.347
359.499	263.772
333.168	230.066
448.525	335.944
431.382	299.541
299.842	194.875
306.892	189.261
429.058	277.456
375.813	367.862
418.455	273.392
383.617	248.423
432.417	297.093
451.334	177.451
442.183	231.409
443.29	198.242
285.951	275.032
416.334	184.001
332.424	171.291
310.569	355.145
468.905	171.798
326.57	165.208
369.459	201.302
291.396	296.397
478.686	257.461
398.653	284.783
348.822	160.182
352.26	208.343
435.191	323.401
422.47	341.845
421.741	261.027
393.869	280.232
429.349	341.81
336.119	278.813
413.758	250.711
305.208	266.016
427.322	309.405
338.851	293.815
415.516	268.719
296.924	321.657
331.845	236.333
296.767	320.927
332.848	223.535
418.001	171.921
331.1	143.733
365.136	187.978
339.438	220.239
468.3	232.013
404.86	170.29
317.361	192.803
450.333	200.709
282.266	275.347
359.499	263.772
333.168	230.066
447.342	315.428
430.701	279.798
299.24	175.494
306.278	169.808
428.557	258.041
375.625	346.358
418.04	254.02
383.416	229.216
431.748	277.413
451.729	157.884
442.017	212.256
443.431	178.921
286.25	255.632
416.426	164.504
331.863	151.58
311.427	334.07
469.507	152.17
325.916	145.398
369.246	181.979
291.905	276.72
478.165	238.274
398.309	265.252
348.364	140.264
351.991	189.067
434.29	303.193
421.61	321.161
421.384	241.756
393.57	260.761
428.387	321.114
336.171	259.352
413.485	231.496
305.32	246.693
426.61	289.488
338.958	274.173
415.141	249.38
297.654	301.476
331.67	217.139
297.492	300.76
332.598	204.33
418.174	152.243
330.357	123.463
364.884	168.508
339.182	201.023
468.132	212.886
404.929	150.578
316.84	173.396
450.481	181.413
282.585	255.967
359.378	244.461
332.957	210.872
447.342	315.428
430.701	279.798
299.24	175.494
306.278	169.808
428.557	258.041
375.625	346.358
418.04	254.02
383.416	229.216
431.748	277.413
451.729	157.884
442.017	212.256
443.431	178.921
286.25	255.632
416.426	164.504
331.863	151.58
311.427	334.07
469.507	152.17
325.916	145.398
369.246	181.979
291.905	276.72
478.165	238.274
398.309	265.252
348.364	140.264
351.991	189.067
434.29	303.193
421.61	321.161
421.384	241.756
393.57	260.761
428.387	321.114
336.171	259.352
413.485	231.496
305.32	246.693
426.61	289.488
338.958	274.173
415.141	249.38
297.654	301.476
331.67	217.139
297.492	300.76
332.598	204.33
418.174	152.243
330.357	123.463
364.884	168.508
339.182	201.023
468.132	212.886
404.929	150.578
316.84	173.396
450.481	181.413
282.585	255.967
359.378	244.461
332.957	210.872
