-29.4699	2711.1	4895.64
1909.92	6985.47	11475
-2030.87	5845.43	6966.44
-523.468	1624.76	7404.59
4828.11	-329.78	10157.3
-1148.39	721.456	8868.67
5119.52	3878.31	11538.1
2.68596	2333.93	5391.64
1149.34	3923.89	9431.82
4892.04	1057.02	11981
-25.6074	6819.71	10850.3
1115.5	4874.9	7418.99
4297.81	3200.49	4764.4
-67.2896	-409.674	3336.99
-593.275	6458.59	5564.19
3474.97	-789.465	9112.06
-1873.11	-36.407	10762.9
5135.07	7000.93	5452.19
3268.17	2130.62	4491.39
-1230.82	-871.645	9472.4
3307	703.917	5558.97
-1245.99	687.164	8725.47
6066.29	6696.06	7682.3
5142.58	-817.944	10958.1
1966.56	2393.43	11444.3
-1931.68	6904.39	5799.2
5903.2	5964.3	4274.82
470.777	4351.45	11888.1
2989.95	6448.83	12454.6
1779.11	4598.55	11694.9
4793.31	6625.28	10948.5
4824.59	1532.5	4555.06
-1019.32	5450.67	6800.18
1499.74	4139.15	5273.52
5973.16	1694.27	11972.5
5428.97	2387.31	11820
5584.18	5159	11628.5
7180.36	592.098	5409.6
6866.15	251.605	7594.43
2235.48	910.529	7858.21
-798.939	304.382	9354.82
1114.93	6967.26	7104.02
6050.65	2853.05	8096.39
-1057.96	4540.01	7278.54
2514.04	-508.363	7850.51
5429.7	6672.09	12482
2417.93	6246.96	9304.22
2675.73	5816.69	11065.8
-2338.02	5116.72	11812.8
4623.63	8302.8	4417.96
-48.4887	2712.09	4978.41
1865.94	6987.78	11599
-2059.82	5846.85	7154.93
-551.226	1626.25	7546.27
4793.83	-327.761	10155
-1181.27	723.235	9056.61
5078.3	3880.6	11549.2
-17.9211	2335.02	5481.44
1113.89	3925.79	9548.38
4850.51	1059.4	12006.9
-68.1413	6821.88	11032.5
1086.83	4876.4	7503.52
4281	3201.44	4691.98
-79.1581	-409.008	3394.68
-616.816	6459.72	5678.65
3444.07	-787.653	9140.22
-1912.78	-34.248	11007.8
5114.27	7002.01	5362.23
3252.4	2131.51	4450.68
-1265.13	-869.749	9673
3288.11	705.024	5534.38
-1278.38	688.915	8914.48
6038.01	6697.58	7596.33
5105.79	-815.766	10957.9
1924.99	2395.73	11565.1
-1956.9	6905.57	5964.99
5887.55	5965.18	4137.99
425.947	4353.83	12069.5
2943.18	6451.31	12556.7
1735.45	4600.9	11826.8
4752.73	6627.49	10961.8
4809.6	1533.4	4460.24
-1047.02	5452.04	6950.05
1479.35	4140.21	5308.71
5931.84	1696.65	11960.1
5387.61	2389.67	11824.5
5542.25	5161.35	11624.9
7163.8	593.16	5245.44
6841.76	253.107	7477.6
2207.69	912.098	7909.71
-833.207	306.257	9538.4
1086.36	6968.69	7183.69
6022.79	2854.66	8017.2
-1086.95	4541.48	7437.55
2487.11	-506.8	7891.78
5383.83	6674.58	12498.2
2382.38	6248.82	9374.19
2634.15	5818.92	11155.9
-2384.23	5119.09	12092.5
4605.7	8303.71	4329.17
-48.4887	2712.09	4978.41
1865.94	6987.78	11599
-2059.82	5846.85	7154.93
-551.226	1626.25	7546.27
4793.83	-327.761	10155
-1181.27	723.235	9056.61
5078.3	3880.6	11549.2
-17.9211	2335.02	5481.44
1113.89	3925.79	9548.38
4850.51	1059.4	12006.9
-68.1413	6821.88	11032.5
1086.83	4876.4	7503.52
4281	3201.44	4691.98
-79.1581	-409.008	3394.68
-616.816	6459.72	5678.65
3444.07	-787.653	9140.22
-1912.78	-34.248	11007.8
5114.27	7002.01	5362.23
3252.4	2131.51	4450.68
-1265.13	-869.749	9673
3288.11	705.024	5534.38
-1278.38	688.915	8914.48
6038.01	6697.58	7596.33
5105.79	-815.766	10957.9
1924.99	2395.73	11565.1
-1956.9	6905.57	5964.99
5887.55	5965.18	4137.99
425.947	4353.83	12069.5
2943.18	6451.31	12556.7
1735.45	4600.9	11826.8
4752.73	6627.49	10961.8
4809.6	1533.4	4460.24
-1047.02	5452.04	6950.05
1479.35	4140.21	5308.71
5931.84	1696.65	11960.1
5387.61	2389.67	11824.5
5542.25	5161.35	11624.9
7163.8	593.16	5245.44
6841.76	253.107	7477.6
2207.69	912.098	7909.71
-833.207	306.257	9538.4
1086.36	6968.69	7183.69
6022.79	2854.66	8017.2
-1086.95	4541.48	7437.55
2487.11	-506.8	7891.78
5383.83	6674.58	12498.2
2382.38	6248.82	9374.19
2634.15	5818.92	11155.9
-2384.23	5119.09	12092.5
4605.7	8303.71	4329.17
-48.4887	2712.09	4978.41
1865.94	6987.78	11599
-2059.82	5846.85	7154.93
-551.226	1626.25	7546.27
4793.83	-327.761	10155
-1181.27	723.235	9056.61
5078.3	3880.6	11549.2
-17.9211	2335.02	5481.44
1113.89	3925.79	9548.38
4850.51	1059.4	12006.9
-68.1413	6821.88	11032.5
1086.83	4876.4	7503.52
4281	3201.44	4691.98
-79.1581	-409.008	3394.68
-616.816	6459.72	5678.65
3444.07	-787.653	9140.22
-1912.78	-34.248	11007.8
5114.27	7002.01	5362.23
3252.4	2131.51	4450.68
-1265.13	-869.749	9673
3288.11	705.024	5534.38
-1278.38	688.915	8914.48
6038.01	6697.58	7596.33
5105.79	-815.766	10957.9
1924.99	2395.73	11565.1
-1956.9	6905.57	5964.99
5887.55	5965.18	4137.99
425.947	4353.83	12069.5
2943.18	6451.31	12556.7
1735.45	4600.9	11826.8
4752.73	6627.49	10961.8
4809.6	1533.4	4460.24
-1047.02	5452.04	6950.05
1479.35	4140.21	5308.71
5931.84	1696.65	11960.1
5387.61	2389.67	11824.5
5542.25	5161.35	11624.9
7163.8	593.16	5245.44
6841.76	253.107	7477.6
2207.69	912.098	7909.71
-833.207	306.257	9538.4
1086.36	6968.69	7183.69
6022.79	2854.66	8017.2
-1086.95	4541.48	7437.55
2487.11	-506.8	7891.78
5383.83	6674.58	12498.2
2382.38	6248.82	9374.19
2634.15	5818.92	11155.9
-2384.23	5119.09	12092.5
4605.7	8303.71	4329.17
-48.4887	2712.09	4978.41
1865.94	6987.78	11599
-2059.82	5846.85	7154.93
-551.226	1626.25	7546.27
4793.83	-327.761	10155
-1181.27	723.235	9056.61
5078.3	3880.6	11549.2
-17.9211	2335.02	5481.44
1113.89	3925.79	9548.38
4850.51	1059.4	12006.9
-68.1413	6821.88	11032.5
1086.83	4876.4	7503.52
4281	3201.44	4691.98
-79.1581	-409.008	3394.68
-616.816	6459.72	5678.65
3444.07	-787.653	9140.22
-1912.78	-34.248	11007.8
5114.27	7002.01	5362.23
3252.4	2131.51	4450.68
-1265.13	-869.749	9673
3288.11	705.024	5534.38
-1278.38	688.915	8914.48
6038.01	6697.58	7596.33
5105.79	-815.766	10957.9
1924.99	2395.73	11565.1
-1956.9	6905.57	5964.99
5887.55	5965.18	4137.99
425.947	4353.83	12069.5
2943.18	6451.31	12556.7
1735.45	4600.9	11826.8
4752.73	6627.49	10961.8
4809.6	1533.4	4460.24
-1047.02	5452.04	6950.05
1479.35	4140.21	5308.71
5931.84	1696.65	11960.1
5387.61	2389.67	11824.5
5542.25	5161.35	11624.9
7163.8	593.16	5245.44
6841.76	253.107	7477.6
2207.69	912.098	7909.71
-833.207	306.257	9538.4
1086.36	6968.69	7183.69
6022.79	2854.66	8017.2
-1086.95	4541.48	7437.55
2487.11	-506.8	7891.78
5383.83	6674.58	12498.2
2382.38	6248.82	9374.19
2634.15	5818.92	11155.9
-2384.23	5119.09	12092.5
4605.7	8303.71	4329.17
