-29.7649	2793.53	5043.07
1970.32	7202.21	11827.8
-2091.96	6024.23	7177.86
-538.412	1674.6	7627.92
4976.47	-338.958	10465.4
-1182.09	744.034	9136.21
5278.56	3998.69	11891.8
3.42843	2404.99	5554.02
1185.65	4044.68	9718.96
5043.43	1090.43	12346.4
-25.0775	7030.61	11182.9
1150.47	5024.39	7644.51
4429	3298.18	4908.54
-68.8867	-421.691	3436.6
-610.711	6656	5733.07
3581.59	-812.656	9387.37
-1928.59	-36.6526	11087.9
5293.21	7216.14	5618.66
3367.7	2195.54	4626.79
-1266.85	-897.246	9757.52
3407.76	725.696	5726.41
-1282.64	708.681	8988.57
6253.98	6902.9	7917.76
5300.74	-841.944	11290.6
2028.2	2467.66	11793.1
-1989.91	7115.44	5975.23
6084.13	6147	4404.9
486.702	4486.08	12251.5
3083.96	6649.34	12838.1
1835.27	4740.95	12052.9
4942.84	6831.04	11285.4
4971.32	1579.34	4692.44
-1049.58	5617.39	7006.51
1545.96	4265.42	5433.09
6158.05	1747.31	12338.4
5597.25	2461.67	12181.5
5758.06	5319.31	11986
7398.89	610.565	5573.01
7076	259.937	7824.46
2304.31	938.826	8095.66
-821.99	314.365	9637.12
1149.95	7181.38	7320.73
6236.7	2941.02	8342.91
-1089.29	4678.86	7499.17
2591.15	-523.095	8087.13
5599.6	6880.06	12867.3
2493.41	6439.83	9589.02
2759.55	5996.88	11405.3
-2408.31	5274.66	12173.6
4765.99	8557.94	4552.89
-29.7649	2793.53	5043.07
1970.32	7202.21	11827.8
-2091.96	6024.23	7177.86
-538.412	1674.6	7627.92
4976.47	-338.958	10465.4
-1182.09	744.034	9136.21
5278.56	3998.69	11891.8
3.42843	2404.99	5554.02
1185.65	4044.68	9718.96
5043.43	1090.43	12346.4
-25.0775	7030.61	11182.9
1150.47	5024.39	7644.51
4429	3298.18	4908.54
-68.8867	-421.691	3436.6
-610.711	6656	5733.07
3581.59	-812.656	9387.37
-1928.59	-36.6526	11087.9
5293.21	7216.14	5618.66
3367.7	2195.54	4626.79
-1266.85	-897.246	9757.52
3407.76	725.696	5726.41
-1282.64	708.681	8988.57
6253.98	6902.9	7917.76
5300.74	-841.944	11290.6
2028.2	2467.66	11793.1
-1989.91	7115.44	5975.23
6084.13	6147	4404.9
486.702	4486.08	12251.5
3083.96	6649.34	12838.1
1835.27	4740.95	12052.9
4942.84	6831.04	11285.4
4971.32	1579.34	4692.44
-1049.58	5617.39	7006.51
1545.96	4265.42	5433.09
6158.05	1747.31	12338.4
5597.25	2461.67	12181.5
5758.06	5319.31	11986
7398.89	610.565	5573.01
7076	259.937	7824.46
2304.31	938.826	8095.66
-821.99	314.365	9637.12
1149.95	7181.38	7320.73
6236.7	2941.02	8342.91
-1089.29	4678.86	7499.17
2591.15	-523.095	8087.13
5599.6	6880.06	12867.3
2493.41	6439.83	9589.02
2759.55	5996.88	11405.3
-2408.31	5274.66	12173.6
4765.99	8557.94	4552.89
-29.7649	2793.53	5043.07
1970.32	7202.21	11827.8
-2091.96	6024.23	7177.86
-538.412	1674.6	7627.92
4976.47	-338.958	10465.4
-1182.09	744.034	9136.21
5278.56	3998.69	11891.8
3.42843	2404.99	5554.02
1185.65	4044.68	9718.96
5043.43	1090.43	12346.4
-25.0775	7030.61	11182.9
1150.47	5024.39	7644.51
4429	3298.18	4908.54
-68.8867	-421.691	3436.6
-610.711	6656	5733.07
3581.59	-812.656	9387.37
-1928.59	-36.6526	11087.9
5293.21	7216.14	5618.66
3367.7	2195.54	4626.79
-1266.85	-897.246	9757.52
3407.76	725.696	5726.41
-1282.64	708.681	8988.57
6253.98	6902.9	7917.76
5300.74	-841.944	11290.6
2028.2	2467.66	11793.1
-1989.91	7115.44	5975.23
6084.13	6147	4404.9
486.702	4486.08	12251.5
3083.96	6649.34	12838.1
1835.27	4740.95	12052.9
4942.84	6831.04	11285.4
4971.32	1579.34	4692.44
-1049.58	5617.39	7006.51
1545.96	4265.42	5433.09
6158.05	1747.31	12338.4
5597.25	2461.67	12181.5
5758.06	5319.31	11986
7398.89	610.565	5573.01
7076	259.937	7824.46
2304.31	938.826	8095.66
-821.99	314.365	9637.12
1149.95	7181.38	7320.73
6236.7	2941.02	8342.91
-1089.29	4678.86	7499.17
2591.15	-523.095	8087.13
5599.6	6880.06	12867.3
2493.41	6439.83	9589.02
2759.55	5996.88	11405.3
-2408.31	5274.66	12173.6
4765.99	8557.94	4552.89
-29.7649	2793.53	5043.07
1970.32	7202.21	11827.8
-2091.96	6024.23	7177.86
-538.412	1674.6	7627.92
4976.47	-338.958	10465.4
-1182.09	744.034	9136.21
5278.56	3998.69	11891.8
3.42843	2404.99	5554.02
1185.65	4044.68	9718.96
5043.43	1090.43	12346.4
-25.0775	7030.61	11182.9
1150.47	5024.39	7644.51
4429	3298.18	4908.54
-68.8867	-421.691	3436.6
-610.711	6656	5733.07
3581.59	-812.656	9387.37
-1928.59	-36.6526	11087.9
5293.21	7216.14	5618.66
3367.7	2195.54	4626.79
-1266.85	-897.246	9757.52
3407.76	725.696	5726.41
-1282.64	708.681	8988.57
6253.98	6902.9	7917.76
5300.74	-841.944	11290.6
2028.2	2467.66	11793.1
-1989.91	7115.44	5975.23
6084.13	6147	4404.9
486.702	4486.08	12251.5
3083.96	6649.34	12838.1
1835.27	4740.95	12052.9
4942.84	6831.04	11285.4
4971.32	1579.34	4692.44
-1049.58	5617.39	7006.51
1545.96	4265.42	5433.09
6158.05	1747.31	12338.4
5597.25	2461.67	12181.5
5758.06	5319.31	11986
7398.89	610.565	5573.01
7076	259.937	7824.46
2304.31	938.826	8095.66
-821.99	314.365	9637.12
1149.95	7181.38	7320.73
6236.7	2941.02	8342.91
-1089.29	4678.86	7499.17
2591.15	-523.095	8087.13
5599.6	6880.06	12867.3
2493.41	6439.83	9589.02
2759.55	5996.88	11405.3
-2408.31	5274.66	12173.6
4765.99	8557.94	4552.89
-29.7649	2793.53	5043.07
1970.32	7202.21	11827.8
-2091.96	6024.23	7177.86
-538.412	1674.6	7627.92
4976.47	-338.958	10465.4
-1182.09	744.034	9136.21
5278.56	3998.69	11891.8
3.42843	2404.99	5554.02
1185.65	4044.68	9718.96
5043.43	1090.43	12346.4
-25.0775	7030.61	11182.9
1150.47	5024.39	7644.51
4429	3298.18	4908.54
-68.8867	-421.691	3436.6
-610.711	6656	5733.07
3581.59	-812.656	9387.37
-1928.59	-36.6526	11087.9
5293.21	7216.14	5618.66
3367.7	2195.54	4626.79
-1266.85	-897.246	9757.52
3407.76	725.696	5726.41
-1282.64	708.681	8988.57
6253.98	6902.9	7917.76
5300.74	-841.944	11290.6
2028.2	2467.66	11793.1
-1989.91	7115.44	5975.23
6084.13	6147	4404.9
486.702	4486.08	12251.5
3083.96	6649.34	12838.1
1835.27	4740.95	12052.9
4942.84	6831.04	11285.4
4971.32	1579.34	4692.44
-1049.58	5617.39	7006.51
1545.96	4265.42	5433.09
6158.05	1747.31	12338.4
5597.25	2461.67	12181.5
5758.06	5319.31	11986
7398.89	610.565	5573.01
7076	259.937	7824.46
2304.31	938.826	8095.66
-821.99	314.365	9637.12
1149.95	7181.38	7320.73
6236.7	2941.02	8342.91
-1089.29	4678.86	7499.17
2591.15	-523.095	8087.13
5599.6	6880.06	12867.3
2493.41	6439.83	9589.02
2759.55	5996.88	11405.3
-2408.31	5274.66	12173.6
4765.99	8557.94	4552.89
