-30.5972	2871.64	5184.09
2025.28	7403.1	12157.7
-2150.39	6192.5	7378.36
-553.461	1721.4	7841.13
5115.5	-348.428	10757.7
-1215.12	764.826	9391.53
5425.87	4110.28	12223.6
3.52429	2472.24	5709.33
1218.76	4157.62	9990.35
5184.24	1120.87	12691.1
-25.7771	7226.76	11494.9
1182.6	5164.74	7858.05
4552.84	3390.4	5045.78
-70.815	-433.494	3532.79
-627.774	6841.97	5893.25
3681.69	-835.369	9649.75
-1982.46	-37.6765	11397.7
5441.08	7417.73	5775.62
3461.89	2256.95	4756.2
-1302.25	-922.323	10030.2
3503.07	745.993	5886.57
-1318.49	728.486	9239.77
6428.59	7095.63	8138.83
5448.82	-865.464	11606.1
2084.82	2536.55	12122.4
-2045.5	7314.21	6142.16
6254.18	6318.81	4528.01
500.283	4611.25	12593.4
3169.96	6834.78	13196.2
1886.48	4873.24	12389.2
5080.73	7021.61	11600.3
5110.37	1623.52	4823.69
-1078.9	5774.32	7202.25
1589.18	4384.65	5584.96
6329.95	1796.09	12682.9
5753.48	2530.38	12521.5
5918.71	5467.71	12320.4
7605.83	627.641	5728.88
7273.81	267.204	8043.18
2368.72	965.067	8321.93
-844.959	323.149	9906.41
1182.06	7381.92	7525.16
6410.94	3023.18	8575.99
-1119.73	4809.58	7708.67
2663.59	-537.72	8313.23
5755.74	7071.91	13226.1
2563.01	6619.58	9856.67
2836.54	6164.2	11723.5
-2475.5	5421.83	12513.3
4899.14	8797.02	4680.09
-30.5972	2871.64	5184.09
2025.28	7403.1	12157.7
-2150.39	6192.5	7378.36
-553.461	1721.4	7841.13
5115.5	-348.428	10757.7
-1215.12	764.826	9391.53
5425.87	4110.28	12223.6
3.52429	2472.24	5709.33
1218.76	4157.62	9990.35
5184.24	1120.87	12691.1
-25.7771	7226.76	11494.9
1182.6	5164.74	7858.05
4552.84	3390.4	5045.78
-70.815	-433.494	3532.79
-627.774	6841.97	5893.25
3681.69	-835.369	9649.75
-1982.46	-37.6765	11397.7
5441.08	7417.73	5775.62
3461.89	2256.95	4756.2
-1302.25	-922.323	10030.2
3503.07	745.993	5886.57
-1318.49	728.486	9239.77
6428.59	7095.63	8138.83
5448.82	-865.464	11606.1
2084.82	2536.55	12122.4
-2045.5	7314.21	6142.16
6254.18	6318.81	4528.01
500.283	4611.25	12593.4
3169.96	6834.78	13196.2
1886.48	4873.24	12389.2
5080.73	7021.61	11600.3
5110.37	1623.52	4823.69
-1078.9	5774.32	7202.25
1589.18	4384.65	5584.96
6329.95	1796.09	12682.9
5753.48	2530.38	12521.5
5918.71	5467.71	12320.4
7605.83	627.641	5728.88
7273.81	267.204	8043.18
2368.72	965.067	8321.93
-844.959	323.149	9906.41
1182.06	7381.92	7525.16
6410.94	3023.18	8575.99
-1119.73	4809.58	7708.67
2663.59	-537.72	8313.23
5755.74	7071.91	13226.1
2563.01	6619.58	9856.67
2836.54	6164.2	11723.5
-2475.5	5421.83	12513.3
4899.14	8797.02	4680.09
-30.5972	2871.64	5184.09
2025.28	7403.1	12157.7
-2150.39	6192.5	7378.36
-553.461	1721.4	7841.13
5115.5	-348.428	10757.7
-1215.12	764.826	9391.53
5425.87	4110.28	12223.6
3.52429	2472.24	5709.33
1218.76	4157.62	9990.35
5184.24	1120.87	12691.1
-25.7771	7226.76	11494.9
1182.6	5164.74	7858.05
4552.84	3390.4	5045.78
-70.815	-433.494	3532.79
-627.774	6841.97	5893.25
3681.69	-835.369	9649.75
-1982.46	-37.6765	11397.7
5441.08	7417.73	5775.62
3461.89	2256.95	4756.2
-1302.25	-922.323	10030.2
3503.07	745.993	5886.57
-1318.49	728.486	9239.77
6428.59	7095.63	8138.83
5448.82	-865.464	11606.1
2084.82	2536.55	12122.4
-2045.5	7314.21	6142.16
6254.18	6318.81	4528.01
500.283	4611.25	12593.4
3169.96	6834.78	13196.2
1886.48	4873.24	12389.2
5080.73	7021.61	11600.3
5110.37	1623.52	4823.69
-1078.9	5774.32	7202.25
1589.18	4384.65	5584.96
6329.95	1796.09	12682.9
5753.48	2530.38	12521.5
5918.71	5467.71	12320.4
7605.83	627.641	5728.88
7273.81	267.204	8043.18
2368.72	965.067	8321.93
-844.959	323.149	9906.41
1182.06	7381.92	7525.16
6410.94	3023.18	8575.99
-1119.73	4809.58	7708.67
2663.59	-537.72	8313.23
5755.74	7071.91	13226.1
2563.01	6619.58	9856.67
2836.54	6164.2	11723.5
-2475.5	5421.83	12513.3
4899.14	8797.02	4680.09
-30.5972	2871.64	5184.09
2025.28	7403.1	12157.7
-2150.39	6192.5	7378.36
-553.461	1721.4	7841.13
5115.5	-348.428	10757.7
-1215.12	764.826	9391.53
5425.87	4110.28	12223.6
3.52429	2472.24	5709.33
1218.76	4157.62	9990.35
5184.24	1120.87	12691.1
-25.7771	7226.76	11494.9
1182.6	5164.74	7858.05
4552.84	3390.4	5045.78
-70.815	-433.494	3532.79
-627.774	6841.97	5893.25
3681.69	-835.369	9649.75
-1982.46	-37.6765	11397.7
5441.08	7417.73	5775.62
3461.89	2256.95	4756.2
-1302.25	-922.323	10030.2
3503.07	745.993	5886.57
-1318.49	728.486	9239.77
6428.59	7095.63	8138.83
5448.82	-865.464	11606.1
2084.82	2536.55	12122.4
-2045.5	7314.21	6142.16
6254.18	6318.81	4528.01
500.283	4611.25	12593.4
3169.96	6834.78	13196.2
1886.48	4873.24	12389.2
5080.73	7021.61	11600.3
5110.37	1623.52	4823.69
-1078.9	5774.32	7202.25
1589.18	4384.65	5584.96
6329.95	1796.09	12682.9
5753.48	2530.38	12521.5
5918.71	5467.71	12320.4
7605.83	627.641	5728.88
7273.81	267.204	8043.18
2368.72	965.067	8321.93
-844.959	323.149	9906.41
1182.06	7381.92	7525.16
6410.94	3023.18	8575.99
-1119.73	4809.58	7708.67
2663.59	-537.72	8313.23
5755.74	7071.91	13226.1
2563.01	6619.58	9856.67
2836.54	6164.2	11723.5
-2475.5	5421.83	12513.3
4899.14	8797.02	4680.09
-30.5972	2871.64	5184.09
2025.28	7403.1	12157.7
-2150.39	6192.5	7378.36
-553.461	1721.4	7841.13
5115.5	-348.428	10757.7
-1215.12	764.826	9391.53
5425.87	4110.28	12223.6
3.52429	2472.24	5709.33
1218.76	4157.62	9990.35
5184.24	1120.87	12691.1
-25.7771	7226.76	11494.9
1182.6	5164.74	7858.05
4552.84	3390.4	5045.78
-70.815	-433.494	3532.79
-627.774	6841.97	5893.25
3681.69	-835.369	9649.75
-1982.46	-37.6765	11397.7
5441.08	7417.73	5775.62
3461.89	2256.95	4756.2
-1302.25	-922.323	10030.2
3503.07	745.993	5886.57
-1318.49	728.486	9239.77
6428.59	7095.63	8138.83
5448.82	-865.464	11606.1
2084.82	2536.55	12122.4
-2045.5	7314.21	6142.16
6254.18	6318.81	4528.01
500.283	4611.25	12593.4
3169.96	6834.78	13196.2
1886.48	4873.24	12389.2
5080.73	7021.61	11600.3
5110.37	1623.52	4823.69
-1078.9	5774.32	7202.25
1589.18	4384.65	5584.96
6329.95	1796.09	12682.9
5753.48	2530.38	12521.5
5918.71	5467.71	12320.4
7605.83	627.641	5728.88
7273.81	267.204	8043.18
2368.72	965.067	8321.93
-844.959	323.149	9906.41
1182.06	7381.92	7525.16
6410.94	3023.18	8575.99
-1119.73	4809.58	7708.67
2663.59	-537.72	8313.23
5755.74	7071.91	13226.1
2563.01	6619.58	9856.67
2836.54	6164.2	11723.5
-2475.5	5421.83	12513.3
4899.14	8797.02	4680.09
