-34.4207	3149.68	5686.7
2218.37	8115.49	13329.2
-2359.58	6790.96	8092.33
-608.402	1887.73	8600.76
5608.55	-382.83	11797.9
-1334.44	838.377	10301.2
5947.02	4505.81	13402.2
2.91789	2711.53	6262.77
1334.86	4558.73	10955.7
5682.75	1228.29	13916.3
-30.1583	7922.88	12603.6
1295.62	5663.49	8617.88
4992.69	3718.21	5534.33
-78.2952	-475.835	3875.94
-689.437	7503.24	6463.66
4036.62	-916.886	10583.8
-2176.44	-41.9957	12501.3
5965.33	8133.28	6333.65
3796.55	2475.31	5217.1
-1430.22	-1012.35	11002.3
3841.63	817.911	6456.98
-1447.82	798.535	10134.9
7047.07	7779.17	8923.94
5973.88	-949.921	12728
2284.18	2780.82	13293.1
-2244.3	8021.14	6736.67
6857.77	6929.01	4966.03
546.469	5055.49	13808.7
3473.03	7492.08	14467.1
2066.4	5342.57	13584.4
5568.1	7697.03	12717.7
5604.69	1780.47	5291
-1184.43	6332.35	7899.17
1742.08	4808.68	6125.79
6938.72	1968.59	13906.5
6306.52	2773.72	13729.5
6486.87	5993.65	13507.4
8341.39	688.001	6283.46
7976.31	292.506	8821.17
2596.72	1058	9127.61
-928.495	353.867	10865.9
1294.97	8094.21	8252.27
7028.9	3314.67	9404.5
-1229.33	5274.43	8454.69
2920.33	-590.358	9118.49
6307.33	7751.44	14498.8
2808.63	7257.49	10807.8
3108.06	6757.69	12853.9
-2716.58	5944.53	13721.5
5371.22	9645.68	5132.53
-34.7869	3183.04	5746.93
2241.86	8201.44	13470.4
-2384.57	6862.89	8178.04
-614.846	1907.72	8691.86
5667.95	-386.881	11922.9
-1348.57	847.256	10410.3
6010	4553.53	13544.1
2.94745	2740.25	6329.1
1349	4607.01	11071.8
5742.94	1241.31	14063.7
-30.4818	8006.79	12737.1
1309.34	5723.47	8709.16
5045.57	3757.59	5592.95
-79.1241	-480.875	3916.99
-696.743	7582.71	6532.12
4079.38	-926.594	10695.9
-2199.49	-42.4411	12633.7
6028.51	8219.42	6400.74
3836.76	2501.53	5272.36
-1445.37	-1023.07	11118.8
3882.32	826.576	6525.37
-1463.15	806.993	10242.2
7121.7	7861.56	9018.46
6037.15	-959.978	12862.8
2308.37	2810.28	13433.9
-2268.08	8106.09	6808.02
6930.4	7002.4	5018.63
552.254	5109.04	13955
3509.81	7571.43	14620.3
2088.29	5399.15	13728.2
5627.07	7778.55	12852.4
5664.05	1799.33	5347.04
-1196.98	6399.42	7982.83
1760.53	4859.61	6190.67
7012.21	1989.45	14053.8
6373.32	2803.1	13874.9
6555.57	6057.14	13650.4
8429.73	695.293	6350.02
8060.79	295.608	8914.61
2624.22	1069.21	9224.29
-938.329	357.615	10981
1308.68	8179.94	8339.67
7103.34	3349.79	9504.11
-1242.35	5330.29	8544.24
2951.26	-596.609	9215.07
6374.13	7833.54	14652.4
2838.37	7334.36	10922.3
3140.97	6829.27	12990.1
-2745.35	6007.49	13866.8
5428.1	9747.84	5186.89
-34.7869	3183.04	5746.93
2241.86	8201.44	13470.4
-2384.57	6862.89	8178.04
-614.846	1907.72	8691.86
5667.95	-386.881	11922.9
-1348.57	847.256	10410.3
6010	4553.53	13544.1
2.94745	2740.25	6329.1
1349	4607.01	11071.8
5742.94	1241.31	14063.7
-30.4818	8006.79	12737.1
1309.34	5723.47	8709.16
5045.57	3757.59	5592.95
-79.1241	-480.875	3916.99
-696.743	7582.71	6532.12
4079.38	-926.594	10695.9
-2199.49	-42.4411	12633.7
6028.51	8219.42	6400.74
3836.76	2501.53	5272.36
-1445.37	-1023.07	11118.8
3882.32	826.576	6525.37
-1463.15	806.993	10242.2
7121.7	7861.56	9018.46
6037.15	-959.978	12862.8
2308.37	2810.28	13433.9
-2268.08	8106.09	6808.02
6930.4	7002.4	5018.63
552.254	5109.04	13955
3509.81	7571.43	14620.3
2088.29	5399.15	13728.2
5627.07	7778.55	12852.4
5664.05	1799.33	5347.04
-1196.98	6399.42	7982.83
1760.53	4859.61	6190.67
7012.21	1989.45	14053.8
6373.32	2803.1	13874.9
6555.57	6057.14	13650.4
8429.73	695.293	6350.02
8060.79	295.608	8914.61
2624.22	1069.21	9224.29
-938.329	357.615	10981
1308.68	8179.94	8339.67
7103.34	3349.79	9504.11
-1242.35	5330.29	8544.24
2951.26	-596.609	9215.07
6374.13	7833.54	14652.4
2838.37	7334.36	10922.3
3140.97	6829.27	12990.1
-2745.35	6007.49	13866.8
5428.1	9747.84	5186.89
-35.0446	3206.86	5789.93
2258.65	8262.81	13571.2
-2402.41	6914.24	8239.24
-619.446	1921.99	8756.9
5710.37	-389.782	12012.1
-1358.67	853.597	10488.2
6054.98	4587.6	13645.5
2.9716	2760.75	6376.46
1359.1	4641.49	11154.6
5785.91	1250.59	14168.9
-30.7032	8066.7	12832.4
1319.15	5766.3	8774.33
5083.33	3785.7	5634.79
-79.717	-484.473	3946.3
-701.95	7639.45	6581
4109.9	-933.532	10775.9
-2215.95	-42.7572	12728.3
6073.63	8280.92	6448.63
3865.47	2520.25	5311.8
-1456.19	-1030.72	11202
3911.37	832.757	6574.19
-1474.1	813.032	10318.9
7175	7920.38	9085.93
6082.32	-967.168	12959.1
2325.65	2831.3	13534.4
-2285.04	8166.75	6858.96
6982.27	7054.79	5056.17
556.39	5147.27	14059.4
3536.08	7628.08	14729.7
2103.92	5439.55	13831
5669.18	7836.75	12948.5
5706.43	1812.79	5387.04
-1205.93	6447.3	8042.56
1773.71	4895.98	6236.99
7064.68	2004.33	14159
6421.01	2824.07	13978.7
6604.63	6102.46	13752.6
8492.81	700.487	6397.52
8121.11	297.812	8981.3
2643.86	1077.2	9293.3
-945.351	360.292	11063.1
1318.48	8241.15	8402.07
7156.5	3374.84	9575.21
-1251.65	5370.18	8608.17
2973.34	-601.076	9284.02
6421.83	7892.15	14762
2859.61	7389.24	11004
3164.48	6880.37	13087.3
-2765.89	6052.45	13970.5
5468.73	9820.78	5225.7
-35.0446	3206.86	5789.93
2258.65	8262.81	13571.2
-2402.41	6914.24	8239.24
-619.446	1921.99	8756.9
5710.37	-389.782	12012.1
-1358.67	853.597	10488.2
6054.98	4587.6	13645.5
2.9716	2760.75	6376.46
1359.1	4641.49	11154.6
5785.91	1250.59	14168.9
-30.7032	8066.7	12832.4
1319.15	5766.3	8774.33
5083.33	3785.7	5634.79
-79.717	-484.473	3946.3
-701.95	7639.45	6581
4109.9	-933.532	10775.9
-2215.95	-42.7572	12728.3
6073.63	8280.92	6448.63
3865.47	2520.25	5311.8
-1456.19	-1030.72	11202
3911.37	832.757	6574.19
-1474.1	813.032	10318.9
7175	7920.38	9085.93
6082.32	-967.168	12959.1
2325.65	2831.3	13534.4
-2285.04	8166.75	6858.96
6982.27	7054.79	5056.17
556.39	5147.27	14059.4
3536.08	7628.08	14729.7
2103.92	5439.55	13831
5669.18	7836.75	12948.5
5706.43	1812.79	5387.04
-1205.93	6447.3	8042.56
1773.71	4895.98	6236.99
7064.68	2004.33	14159
6421.01	2824.07	13978.7
6604.63	6102.46	13752.6
8492.81	700.487	6397.52
8121.11	297.812	8981.3
2643.86	1077.2	9293.3
-945.351	360.292	11063.1
1318.48	8241.15	8402.07
7156.5	3374.84	9575.21
-1251.65	5370.18	8608.17
2973.34	-601.076	9284.02
6421.83	7892.15	14762
2859.61	7389.24	11004
3164.48	6880.37	13087.3
-2765.89	6052.45	13970.5
5468.73	9820.78	5225.7
