-32.4193	3042.65	5492.81
2145.77	7843.53	12881
-2278.43	6561.22	7817.69
-586.406	1823.87	8307.88
5419.82	-369.156	11397.7
-1287.43	810.341	9950.41
5748.61	4354.77	12950.7
3.73415	2619.45	6049.29
1291.29	4405.04	10584.8
5492.54	1187.53	13445.9
-27.311	7656.78	12178.9
1253	5472.2	8325.84
4823.93	3592.28	5346.23
-75.0327	-459.313	3743.21
-665.161	7249.44	6244.23
3900.73	-885.069	10223.9
-2100.4	-39.9179	12075.7
5765.06	7859.41	6119.52
3668.04	2391.35	5039.42
-1379.74	-977.201	10627
3711.62	790.405	6237.02
-1396.96	771.84	9789.66
6811.24	7517.98	8623.26
5772.88	-916.937	12296.3
2208.83	2687.44	12843.4
-2167.32	7749.81	6507.95
6626.64	6695.11	4797.67
530.043	4885.56	13342.5
3358.52	7241.32	13981.1
1998.7	5163.13	13126.2
5383.01	7439.36	12290.4
5414.66	1720.19	5110.91
-1143.14	6118.13	7631.08
1683.81	4645.74	5917.53
6706.4	1902.9	13437.1
6095.67	2680.88	13266.3
6270.77	5792.95	13053.2
8058.59	665.003	6069.91
7706.66	283.105	8521.83
2509.7	1022.5	8817.22
-895.238	342.378	10495.9
1252.44	7821.41	7973.18
6792.45	3203.09	9086.34
-1186.39	5095.91	8167.6
2822.11	-569.721	8807.97
6098.09	7492.54	14012.8
2715.54	7013.52	10443.3
3005.3	6530.94	12421
-2622.78	5744.4	13257.8
5190.93	9320.97	4958.83
-32.4193	3042.65	5492.81
2145.77	7843.53	12881
-2278.43	6561.22	7817.69
-586.406	1823.87	8307.88
5419.82	-369.156	11397.7
-1287.43	810.341	9950.41
5748.61	4354.77	12950.7
3.73415	2619.45	6049.29
1291.29	4405.04	10584.8
5492.54	1187.53	13445.9
-27.311	7656.78	12178.9
1253	5472.2	8325.84
4823.93	3592.28	5346.23
-75.0327	-459.313	3743.21
-665.161	7249.44	6244.23
3900.73	-885.069	10223.9
-2100.4	-39.9179	12075.7
5765.06	7859.41	6119.52
3668.04	2391.35	5039.42
-1379.74	-977.201	10627
3711.62	790.405	6237.02
-1396.96	771.84	9789.66
6811.24	7517.98	8623.26
5772.88	-916.937	12296.3
2208.83	2687.44	12843.4
-2167.32	7749.81	6507.95
6626.64	6695.11	4797.67
530.043	4885.56	13342.5
3358.52	7241.32	13981.1
1998.7	5163.13	13126.2
5383.01	7439.36	12290.4
5414.66	1720.19	5110.91
-1143.14	6118.13	7631.08
1683.81	4645.74	5917.53
6706.4	1902.9	13437.1
6095.67	2680.88	13266.3
6270.77	5792.95	13053.2
8058.59	665.003	6069.91
7706.66	283.105	8521.83
2509.7	1022.5	8817.22
-895.238	342.378	10495.9
1252.44	7821.41	7973.18
6792.45	3203.09	9086.34
-1186.39	5095.91	8167.6
2822.11	-569.721	8807.97
6098.09	7492.54	14012.8
2715.54	7013.52	10443.3
3005.3	6530.94	12421
-2622.78	5744.4	13257.8
5190.93	9320.97	4958.83
-32.4193	3042.65	5492.81
2145.77	7843.53	12881
-2278.43	6561.22	7817.69
-586.406	1823.87	8307.88
5419.82	-369.156	11397.7
-1287.43	810.341	9950.41
5748.61	4354.77	12950.7
3.73415	2619.45	6049.29
1291.29	4405.04	10584.8
5492.54	1187.53	13445.9
-27.311	7656.78	12178.9
1253	5472.2	8325.84
4823.93	3592.28	5346.23
-75.0327	-459.313	3743.21
-665.161	7249.44	6244.23
3900.73	-885.069	10223.9
-2100.4	-39.9179	12075.7
5765.06	7859.41	6119.52
3668.04	2391.35	5039.42
-1379.74	-977.201	10627
3711.62	790.405	6237.02
-1396.96	771.84	9789.66
6811.24	7517.98	8623.26
5772.88	-916.937	12296.3
2208.83	2687.44	12843.4
-2167.32	7749.81	6507.95
6626.64	6695.11	4797.67
530.043	4885.56	13342.5
3358.52	7241.32	13981.1
1998.7	5163.13	13126.2
5383.01	7439.36	12290.4
5414.66	1720.19	5110.91
-1143.14	6118.13	7631.08
1683.81	4645.74	5917.53
6706.4	1902.9	13437.1
6095.67	2680.88	13266.3
6270.77	5792.95	13053.2
8058.59	665.003	6069.91
7706.66	283.105	8521.83
2509.7	1022.5	8817.22
-895.238	342.378	10495.9
1252.44	7821.41	7973.18
6792.45	3203.09	9086.34
-1186.39	5095.91	8167.6
2822.11	-569.721	8807.97
6098.09	7492.54	14012.8
2715.54	7013.52	10443.3
3005.3	6530.94	12421
-2622.78	5744.4	13257.8
5190.93	9320.97	4958.83
-32.4193	3042.65	5492.81
2145.77	7843.53	12881
-2278.43	6561.22	7817.69
-586.406	1823.87	8307.88
5419.82	-369.156	11397.7
-1287.43	810.341	9950.41
5748.61	4354.77	12950.7
3.73415	2619.45	6049.29
1291.29	4405.04	10584.8
5492.54	1187.53	13445.9
-27.311	7656.78	12178.9
1253	5472.2	8325.84
4823.93	3592.28	5346.23
-75.0327	-459.313	3743.21
-665.161	7249.44	6244.23
3900.73	-885.069	10223.9
-2100.4	-39.9179	12075.7
5765.06	7859.41	6119.52
3668.04	2391.35	5039.42
-1379.74	-977.201	10627
3711.62	790.405	6237.02
-1396.96	771.84	9789.66
6811.24	7517.98	8623.26
5772.88	-916.937	12296.3
2208.83	2687.44	12843.4
-2167.32	7749.81	6507.95
6626.64	6695.11	4797.67
530.043	4885.56	13342.5
3358.52	7241.32	13981.1
1998.7	5163.13	13126.2
5383.01	7439.36	12290.4
5414.66	1720.19	5110.91
-1143.14	6118.13	7631.08
1683.81	4645.74	5917.53
6706.4	1902.9	13437.1
6095.67	2680.88	13266.3
6270.77	5792.95	13053.2
8058.59	665.003	6069.91
7706.66	283.105	8521.83
2509.7	1022.5	8817.22
-895.238	342.378	10495.9
1252.44	7821.41	7973.18
6792.45	3203.09	9086.34
-1186.39	5095.91	8167.6
2822.11	-569.721	8807.97
6098.09	7492.54	14012.8
2715.54	7013.52	10443.3
3005.3	6530.94	12421
-2622.78	5744.4	13257.8
5190.93	9320.97	4958.83
-32.4193	3042.65	5492.81
2145.77	7843.53	12881
-2278.43	6561.22	7817.69
-586.406	1823.87	8307.88
5419.82	-369.156	11397.7
-1287.43	810.341	9950.41
5748.61	4354.77	12950.7
3.73415	2619.45	6049.29
1291.29	4405.04	10584.8
5492.54	1187.53	13445.9
-27.311	7656.78	12178.9
1253	5472.2	8325.84
4823.93	3592.28	5346.23
-75.0327	-459.313	3743.21
-665.161	7249.44	6244.23
3900.73	-885.069	10223.9
-2100.4	-39.9179	12075.7
5765.06	7859.41	6119.52
3668.04	2391.35	5039.42
-1379.74	-977.201	10627
3711.62	790.405	6237.02
-1396.96	771.84	9789.66
6811.24	7517.98	8623.26
5772.88	-916.937	12296.3
2208.83	2687.44	12843.4
-2167.32	7749.81	6507.95
6626.64	6695.11	4797.67
530.043	4885.56	13342.5
3358.52	7241.32	13981.1
1998.7	5163.13	13126.2
5383.01	7439.36	12290.4
5414.66	1720.19	5110.91
-1143.14	6118.13	7631.08
1683.81	4645.74	5917.53
6706.4	1902.9	13437.1
6095.67	2680.88	13266.3
6270.77	5792.95	13053.2
8058.59	665.003	6069.91
7706.66	283.105	8521.83
2509.7	1022.5	8817.22
-895.238	342.378	10495.9
1252.44	7821.41	7973.18
6792.45	3203.09	9086.34
-1186.39	5095.91	8167.6
2822.11	-569.721	8807.97
6098.09	7492.54	14012.8
2715.54	7013.52	10443.3
3005.3	6530.94	12421
-2622.78	5744.4	13257.8
5190.93	9320.97	4958.83
