-33.8709	3099.56	5596.2
2183.08	7986.34	13117.1
-2322.02	6682.89	7963.55
-598.719	1857.68	8463.89
5519.3	-376.742	11610.1
-1313.2	825.036	10137.3
5852.38	4434.1	13188.9
2.87314	2668.37	6163.1
1313.62	4486.18	10781.4
5592.31	1208.74	13694.8
-29.6732	7796.79	12403.1
1275.01	5573.36	8480.73
4913.24	3659.03	5446.25
-77.0497	-468.263	3814.25
-678.46	7383.83	6360.79
3972.38	-902.298	10415.3
-2141.8	-41.326	12302.4
5870.41	8003.84	6232.85
3736.13	2435.92	5134.07
-1407.46	-996.234	10827.2
3780.49	804.892	6354.21
-1424.78	785.828	9973.6
6934.92	7655.36	8781.91
5878.81	-934.809	12525.4
2247.83	2736.57	13081.6
-2208.58	7893.49	6629.46
6748.64	6818.74	4886.99
537.775	4975.04	13589
3417.76	7372.84	14236.8
2033.52	5257.54	13368.2
5479.49	7574.53	12515.3
5515.5	1752.13	5206.79
-1165.58	6231.58	7773.46
1714.36	4732.15	6028.3
6828.3	1937.26	13685.2
6206.16	2729.57	13510.9
6383.64	5898.27	13292.4
8208.64	677.046	6183.45
7849.38	287.844	8680.78
2555.4	1041.16	8982.34
-913.719	348.236	10692.9
1274.37	7965.4	8120.93
6917.04	3261.92	9254.82
-1209.76	5190.49	8320.13
2873.86	-580.965	8973.37
6206.96	7628.07	14268.1
2763.93	7141.99	10635.8
3058.6	6650.15	12649.3
-2673.34	5849.93	13503.1
5285.75	9492.17	5050.84
-34.13	3123.54	5639.5
2199.98	8048.14	13218.6
-2339.99	6734.62	8025.18
-603.351	1872.06	8529.39
5562.01	-379.664	11700
-1323.37	831.422	10215.7
5897.68	4468.41	13290.9
2.89803	2689.03	6210.79
1323.8	4520.9	10864.8
5635.6	1218.09	13800.8
-29.8951	7857.13	12499
1284.88	5616.49	8546.36
4951.27	3687.35	5488.39
-77.6466	-471.887	3843.77
-683.704	7440.98	6410.02
4003.13	-909.285	10495.9
-2158.38	-41.6439	12397.6
5915.85	8065.78	6281.08
3765.05	2454.76	5173.79
-1418.36	-1003.94	10911
3809.75	811.117	6403.38
-1435.8	791.912	10050.8
6988.6	7714.6	8849.86
5924.3	-942.05	12622.4
2265.23	2757.74	13182.8
-2225.67	7954.59	6680.77
6800.88	6871.5	4924.8
541.942	5013.54	13694.1
3444.22	7429.9	14347
2049.27	5298.23	13471.6
5521.91	7633.15	12612.1
5558.19	1765.68	5247.08
-1174.59	6279.81	7833.61
1727.64	4768.78	6074.95
6881.15	1952.25	13791.1
6254.2	2750.69	13615.5
6433.05	5943.91	13395.3
8272.17	682.277	6231.3
7910.13	290.064	8747.95
2575.17	1049.22	9051.85
-920.79	350.932	10775.7
1284.24	8027.04	8183.78
6970.58	3287.16	9326.43
-1219.12	5230.66	8384.52
2896.1	-585.465	9042.81
6255.01	7687.11	14378.5
2785.33	7197.26	10718.1
3082.28	6701.62	12747.2
-2694.03	5895.21	13607.6
5326.67	9565.64	5089.92
-34.13	3123.54	5639.5
2199.98	8048.14	13218.6
-2339.99	6734.62	8025.18
-603.351	1872.06	8529.39
5562.01	-379.664	11700
-1323.37	831.422	10215.7
5897.68	4468.41	13290.9
2.89803	2689.03	6210.79
1323.8	4520.9	10864.8
5635.6	1218.09	13800.8
-29.8951	7857.13	12499
1284.88	5616.49	8546.36
4951.27	3687.35	5488.39
-77.6466	-471.887	3843.77
-683.704	7440.98	6410.02
4003.13	-909.285	10495.9
-2158.38	-41.6439	12397.6
5915.85	8065.78	6281.08
3765.05	2454.76	5173.79
-1418.36	-1003.94	10911
3809.75	811.117	6403.38
-1435.8	791.912	10050.8
6988.6	7714.6	8849.86
5924.3	-942.05	12622.4
2265.23	2757.74	13182.8
-2225.67	7954.59	6680.77
6800.88	6871.5	4924.8
541.942	5013.54	13694.1
3444.22	7429.9	14347
2049.27	5298.23	13471.6
5521.91	7633.15	12612.1
5558.19	1765.68	5247.08
-1174.59	6279.81	7833.61
1727.64	4768.78	6074.95
6881.15	1952.25	13791.1
6254.2	2750.69	13615.5
6433.05	5943.91	13395.3
8272.17	682.277	6231.3
7910.13	290.064	8747.95
2575.17	1049.22	9051.85
-920.79	350.932	10775.7
1284.24	8027.04	8183.78
6970.58	3287.16	9326.43
-1219.12	5230.66	8384.52
2896.1	-585.465	9042.81
6255.01	7687.11	14378.5
2785.33	7197.26	10718.1
3082.28	6701.62	12747.2
-2694.03	5895.21	13607.6
5326.67	9565.64	5089.92
-34.4207	3149.68	5686.7
2218.37	8115.49	13329.2
-2359.58	6790.96	8092.33
-608.402	1887.73	8600.76
5608.55	-382.83	11797.9
-1334.44	838.377	10301.2
5947.02	4505.81	13402.2
2.91789	2711.53	6262.77
1334.86	4558.73	10955.7
5682.75	1228.29	13916.3
-30.1583	7922.88	12603.6
1295.62	5663.49	8617.88
4992.69	3718.21	5534.33
-78.2952	-475.835	3875.94
-689.437	7503.24	6463.66
4036.62	-916.886	10583.8
-2176.44	-41.9957	12501.3
5965.33	8133.28	6333.65
3796.55	2475.31	5217.1
-1430.22	-1012.35	11002.3
3841.63	817.911	6456.98
-1447.82	798.535	10134.9
7047.07	7779.17	8923.94
5973.88	-949.921	12728
2284.18	2780.82	13293.1
-2244.3	8021.14	6736.67
6857.77	6929.01	4966.03
546.469	5055.49	13808.7
3473.03	7492.08	14467.1
2066.4	5342.57	13584.4
5568.1	7697.03	12717.7
5604.69	1780.47	5291
-1184.43	6332.35	7899.17
1742.08	4808.68	6125.79
6938.72	1968.59	13906.5
6306.52	2773.72	13729.5
6486.87	5993.65	13507.4
8341.39	688.001	6283.46
7976.31	292.506	8821.17
2596.72	1058	9127.61
-928.495	353.867	10865.9
1294.97	8094.21	8252.27
7028.9	3314.67	9404.5
-1229.33	5274.43	8454.69
2920.33	-590.358	9118.49
6307.33	7751.44	14498.8
2808.63	7257.49	10807.8
3108.06	6757.69	12853.9
-2716.58	5944.53	13721.5
5371.22	9645.68	5132.53
-34.4207	3149.68	5686.7
2218.37	8115.49	13329.2
-2359.58	6790.96	8092.33
-608.402	1887.73	8600.76
5608.55	-382.83	11797.9
-1334.44	838.377	10301.2
5947.02	4505.81	13402.2
2.91789	2711.53	6262.77
1334.86	4558.73	10955.7
5682.75	1228.29	13916.3
-30.1583	7922.88	12603.6
1295.62	5663.49	8617.88
4992.69	3718.21	5534.33
-78.2952	-475.835	3875.94
-689.437	7503.24	6463.66
4036.62	-916.886	10583.8
-2176.44	-41.9957	12501.3
5965.33	8133.28	6333.65
3796.55	2475.31	5217.1
-1430.22	-1012.35	11002.3
3841.63	817.911	6456.98
-1447.82	798.535	10134.9
7047.07	7779.17	8923.94
5973.88	-949.921	12728
2284.18	2780.82	13293.1
-2244.3	8021.14	6736.67
6857.77	6929.01	4966.03
546.469	5055.49	13808.7
3473.03	7492.08	14467.1
2066.4	5342.57	13584.4
5568.1	7697.03	12717.7
5604.69	1780.47	5291
-1184.43	6332.35	7899.17
1742.08	4808.68	6125.79
6938.72	1968.59	13906.5
6306.52	2773.72	13729.5
6486.87	5993.65	13507.4
8341.39	688.001	6283.46
7976.31	292.506	8821.17
2596.72	1058	9127.61
-928.495	353.867	10865.9
1294.97	8094.21	8252.27
7028.9	3314.67	9404.5
-1229.33	5274.43	8454.69
2920.33	-590.358	9118.49
6307.33	7751.44	14498.8
2808.63	7257.49	10807.8
3108.06	6757.69	12853.9
-2716.58	5944.53	13721.5
5371.22	9645.68	5132.53
