-29.1635	2737.08	4941.17
1933.04	7065.94	11604
-2057.34	5924.53	7059.08
-528.633	1644.18	7489.37
4860.77	-331.078	10222.1
-1162.53	731.724	8985.06
5157.92	3907.3	11620
3.35999	2356.98	5443.15
1162.99	3967.38	9533.2
4930.91	1066.1	12071
-24.6548	6912.11	10994.5
1127.21	4922.82	7489.98
4315.47	3213.64	4782.72
-67.4387	-412.826	3364.36
-599.019	6528.58	5623.32
3502.22	-794.649	9179.36
-1900.53	-36.1192	10926.6
5154	7026.36	5470.89
3285.16	2141.73	4513.38
-1246.46	-882.81	9600.53
3326.13	708.313	5589.24
-1261.48	696.985	8840.23
6090.14	6722.05	7710.33
5177.84	-822.424	11028.9
1989.69	2420.82	11569.3
-1955.4	6992.04	5871.61
5914.44	5975.55	4282.04
478.49	4410.38	12044.8
3023.18	6518.29	12585.1
1801.1	4652.68	11828.5
4830.15	6675.31	11028.2
4840.14	1537.67	4568.62
-1030.79	5516.8	6881.05
1512.11	4172.01	5314.12
6012.38	1705.98	12046.6
5468.1	2404.88	11900.5
5623.4	5194.91	11705.6
7185.85	592.984	5412.55
6883.58	252.869	7611.69
2255.15	918.795	7922.92
-808.259	309.114	9476.14
1126.49	7034.85	7171.36
6075.01	2864.77	8126.61
-1070.14	4596.6	7367.32
2534.97	-511.755	7911.81
5472.35	6723.71	12574.9
2441.61	6306.03	9389.79
2704.08	5876.35	11176.1
-2376.06	5204.03	12010.6
4640.86	8333.25	4433.36
-29.1635	2737.08	4941.17
1933.04	7065.94	11604
-2057.34	5924.53	7059.08
-528.633	1644.18	7489.37
4860.77	-331.078	10222.1
-1162.53	731.724	8985.06
5157.92	3907.3	11620
3.35999	2356.98	5443.15
1162.99	3967.38	9533.2
4930.91	1066.1	12071
-24.6548	6912.11	10994.5
1127.21	4922.82	7489.98
4315.47	3213.64	4782.72
-67.4387	-412.826	3364.36
-599.019	6528.58	5623.32
3502.22	-794.649	9179.36
-1900.53	-36.1192	10926.6
5154	7026.36	5470.89
3285.16	2141.73	4513.38
-1246.46	-882.81	9600.53
3326.13	708.313	5589.24
-1261.48	696.985	8840.23
6090.14	6722.05	7710.33
5177.84	-822.424	11028.9
1989.69	2420.82	11569.3
-1955.4	6992.04	5871.61
5914.44	5975.55	4282.04
478.49	4410.38	12044.8
3023.18	6518.29	12585.1
1801.1	4652.68	11828.5
4830.15	6675.31	11028.2
4840.14	1537.67	4568.62
-1030.79	5516.8	6881.05
1512.11	4172.01	5314.12
6012.38	1705.98	12046.6
5468.1	2404.88	11900.5
5623.4	5194.91	11705.6
7185.85	592.984	5412.55
6883.58	252.869	7611.69
2255.15	918.795	7922.92
-808.259	309.114	9476.14
1126.49	7034.85	7171.36
6075.01	2864.77	8126.61
-1070.14	4596.6	7367.32
2534.97	-511.755	7911.81
5472.35	6723.71	12574.9
2441.61	6306.03	9389.79
2704.08	5876.35	11176.1
-2376.06	5204.03	12010.6
4640.86	8333.25	4433.36
-29.1635	2737.08	4941.17
1933.04	7065.94	11604
-2057.34	5924.53	7059.08
-528.633	1644.18	7489.37
4860.77	-331.078	10222.1
-1162.53	731.724	8985.06
5157.92	3907.3	11620
3.35999	2356.98	5443.15
1162.99	3967.38	9533.2
4930.91	1066.1	12071
-24.6548	6912.11	10994.5
1127.21	4922.82	7489.98
4315.47	3213.64	4782.72
-67.4387	-412.826	3364.36
-599.019	6528.58	5623.32
3502.22	-794.649	9179.36
-1900.53	-36.1192	10926.6
5154	7026.36	5470.89
3285.16	2141.73	4513.38
-1246.46	-882.81	9600.53
3326.13	708.313	5589.24
-1261.48	696.985	8840.23
6090.14	6722.05	7710.33
5177.84	-822.424	11028.9
1989.69	2420.82	11569.3
-1955.4	6992.04	5871.61
5914.44	5975.55	4282.04
478.49	4410.38	12044.8
3023.18	6518.29	12585.1
1801.1	4652.68	11828.5
4830.15	6675.31	11028.2
4840.14	1537.67	4568.62
-1030.79	5516.8	6881.05
1512.11	4172.01	5314.12
6012.38	1705.98	12046.6
5468.1	2404.88	11900.5
5623.4	5194.91	11705.6
7185.85	592.984	5412.55
6883.58	252.869	7611.69
2255.15	918.795	7922.92
-808.259	309.114	9476.14
1126.49	7034.85	7171.36
6075.01	2864.77	8126.61
-1070.14	4596.6	7367.32
2534.97	-511.755	7911.81
5472.35	6723.71	12574.9
2441.61	6306.03	9389.79
2704.08	5876.35	11176.1
-2376.06	5204.03	12010.6
4640.86	8333.25	4433.36
-29.1635	2737.08	4941.17
1933.04	7065.94	11604
-2057.34	5924.53	7059.08
-528.633	1644.18	7489.37
4860.77	-331.078	10222.1
-1162.53	731.724	8985.06
5157.92	3907.3	11620
3.35999	2356.98	5443.15
1162.99	3967.38	9533.2
4930.91	1066.1	12071
-24.6548	6912.11	10994.5
1127.21	4922.82	7489.98
4315.47	3213.64	4782.72
-67.4387	-412.826	3364.36
-599.019	6528.58	5623.32
3502.22	-794.649	9179.36
-1900.53	-36.1192	10926.6
5154	7026.36	5470.89
3285.16	2141.73	4513.38
-1246.46	-882.81	9600.53
3326.13	708.313	5589.24
-1261.48	696.985	8840.23
6090.14	6722.05	7710.33
5177.84	-822.424	11028.9
1989.69	2420.82	11569.3
-1955.4	6992.04	5871.61
5914.44	5975.55	4282.04
478.49	4410.38	12044.8
3023.18	6518.29	12585.1
1801.1	4652.68	11828.5
4830.15	6675.31	11028.2
4840.14	1537.67	4568.62
-1030.79	5516.8	6881.05
1512.11	4172.01	5314.12
6012.38	1705.98	12046.6
5468.1	2404.88	11900.5
5623.4	5194.91	11705.6
7185.85	592.984	5412.55
6883.58	252.869	7611.69
2255.15	918.795	7922.92
-808.259	309.114	9476.14
1126.49	7034.85	7171.36
6075.01	2864.77	8126.61
-1070.14	4596.6	7367.32
2534.97	-511.755	7911.81
5472.35	6723.71	12574.9
2441.61	6306.03	9389.79
2704.08	5876.35	11176.1
-2376.06	5204.03	12010.6
4640.86	8333.25	4433.36
-29.1635	2737.08	4941.17
1933.04	7065.94	11604
-2057.34	5924.53	7059.08
-528.633	1644.18	7489.37
4860.77	-331.078	10222.1
-1162.53	731.724	8985.06
5157.92	3907.3	11620
3.35999	2356.98	5443.15
1162.99	3967.38	9533.2
4930.91	1066.1	12071
-24.6548	6912.11	10994.5
1127.21	4922.82	7489.98
4315.47	3213.64	4782.72
-67.4387	-412.826	3364.36
-599.019	6528.58	5623.32
3502.22	-794.649	9179.36
-1900.53	-36.1192	10926.6
5154	7026.36	5470.89
3285.16	2141.73	4513.38
-1246.46	-882.81	9600.53
3326.13	708.313	5589.24
-1261.48	696.985	8840.23
6090.14	6722.05	7710.33
5177.84	-822.424	11028.9
1989.69	2420.82	11569.3
-1955.4	6992.04	5871.61
5914.44	5975.55	4282.04
478.49	4410.38	12044.8
3023.18	6518.29	12585.1
1801.1	4652.68	11828.5
4830.15	6675.31	11028.2
4840.14	1537.67	4568.62
-1030.79	5516.8	6881.05
1512.11	4172.01	5314.12
6012.38	1705.98	12046.6
5468.1	2404.88	11900.5
5623.4	5194.91	11705.6
7185.85	592.984	5412.55
6883.58	252.869	7611.69
2255.15	918.795	7922.92
-808.259	309.114	9476.14
1126.49	7034.85	7171.36
6075.01	2864.77	8126.61
-1070.14	4596.6	7367.32
2534.97	-511.755	7911.81
5472.35	6723.71	12574.9
2441.61	6306.03	9389.79
2704.08	5876.35	11176.1
-2376.06	5204.03	12010.6
4640.86	8333.25	4433.36
