-30.4568	2858.47	5160.3
2016.01	7369.23	12102.1
-2140.53	6164.11	7344.53
-550.922	1713.51	7805.16
5092.07	-346.832	10708.5
-1209.55	761.318	9348.45
5401.04	4091.48	12167.7
3.50812	2460.9	5683.13
1213.18	4138.58	9944.58
5160.5	1115.74	12633
-25.6591	7193.68	11442.3
1177.18	5141.07	7822.04
4531.96	3374.85	5022.65
-70.4897	-431.503	3516.56
-624.896	6810.6	5866.24
3664.81	-831.54	9605.51
-1973.37	-37.5037	11345.4
5416.17	7383.76	5749.17
3446.01	2246.6	4734.38
-1296.28	-918.092	9984.22
3487	742.571	5859.56
-1312.44	725.144	9197.39
6399.17	7063.16	8101.58
5423.86	-861.499	11552.9
2075.27	2524.94	12066.8
-2036.12	7280.68	6114
6225.53	6289.86	4507.27
497.993	4590.14	12535.7
3155.47	6803.52	13135.8
1877.84	4850.94	12332.5
5057.49	6989.5	11547.2
5086.93	1616.07	4801.56
-1073.96	5747.85	7169.23
1581.89	4364.54	5559.35
6300.98	1787.87	12624.8
5727.15	2518.8	12464.2
5891.64	5442.71	12264
7570.96	624.764	5702.62
7240.47	265.979	8006.32
2357.86	960.642	8283.78
-841.084	321.667	9860.98
1176.65	7348.1	7490.69
6381.58	3009.34	8536.71
-1114.59	4787.53	7673.33
2651.37	-535.253	8275.1
5729.43	7039.58	13165.6
2551.28	6589.28	9811.54
2823.56	6136	11669.9
-2464.16	5397	12456
4876.7	8756.74	4658.65
-30.4568	2858.47	5160.3
2016.01	7369.23	12102.1
-2140.53	6164.11	7344.53
-550.922	1713.51	7805.16
5092.07	-346.832	10708.5
-1209.55	761.318	9348.45
5401.04	4091.48	12167.7
3.50812	2460.9	5683.13
1213.18	4138.58	9944.58
5160.5	1115.74	12633
-25.6591	7193.68	11442.3
1177.18	5141.07	7822.04
4531.96	3374.85	5022.65
-70.4897	-431.503	3516.56
-624.896	6810.6	5866.24
3664.81	-831.54	9605.51
-1973.37	-37.5037	11345.4
5416.17	7383.76	5749.17
3446.01	2246.6	4734.38
-1296.28	-918.092	9984.22
3487	742.571	5859.56
-1312.44	725.144	9197.39
6399.17	7063.16	8101.58
5423.86	-861.499	11552.9
2075.27	2524.94	12066.8
-2036.12	7280.68	6114
6225.53	6289.86	4507.27
497.993	4590.14	12535.7
3155.47	6803.52	13135.8
1877.84	4850.94	12332.5
5057.49	6989.5	11547.2
5086.93	1616.07	4801.56
-1073.96	5747.85	7169.23
1581.89	4364.54	5559.35
6300.98	1787.87	12624.8
5727.15	2518.8	12464.2
5891.64	5442.71	12264
7570.96	624.764	5702.62
7240.47	265.979	8006.32
2357.86	960.642	8283.78
-841.084	321.667	9860.98
1176.65	7348.1	7490.69
6381.58	3009.34	8536.71
-1114.59	4787.53	7673.33
2651.37	-535.253	8275.1
5729.43	7039.58	13165.6
2551.28	6589.28	9811.54
2823.56	6136	11669.9
-2464.16	5397	12456
4876.7	8756.74	4658.65
-30.4568	2858.47	5160.3
2016.01	7369.23	12102.1
-2140.53	6164.11	7344.53
-550.922	1713.51	7805.16
5092.07	-346.832	10708.5
-1209.55	761.318	9348.45
5401.04	4091.48	12167.7
3.50812	2460.9	5683.13
1213.18	4138.58	9944.58
5160.5	1115.74	12633
-25.6591	7193.68	11442.3
1177.18	5141.07	7822.04
4531.96	3374.85	5022.65
-70.4897	-431.503	3516.56
-624.896	6810.6	5866.24
3664.81	-831.54	9605.51
-1973.37	-37.5037	11345.4
5416.17	7383.76	5749.17
3446.01	2246.6	4734.38
-1296.28	-918.092	9984.22
3487	742.571	5859.56
-1312.44	725.144	9197.39
6399.17	7063.16	8101.58
5423.86	-861.499	11552.9
2075.27	2524.94	12066.8
-2036.12	7280.68	6114
6225.53	6289.86	4507.27
497.993	4590.14	12535.7
3155.47	6803.52	13135.8
1877.84	4850.94	12332.5
5057.49	6989.5	11547.2
5086.93	1616.07	4801.56
-1073.96	5747.85	7169.23
1581.89	4364.54	5559.35
6300.98	1787.87	12624.8
5727.15	2518.8	12464.2
5891.64	5442.71	12264
7570.96	624.764	5702.62
7240.47	265.979	8006.32
2357.86	960.642	8283.78
-841.084	321.667	9860.98
1176.65	7348.1	7490.69
6381.58	3009.34	8536.71
-1114.59	4787.53	7673.33
2651.37	-535.253	8275.1
5729.43	7039.58	13165.6
2551.28	6589.28	9811.54
2823.56	6136	11669.9
-2464.16	5397	12456
4876.7	8756.74	4658.65
-30.4568	2858.47	5160.3
2016.01	7369.23	12102.1
-2140.53	6164.11	7344.53
-550.922	1713.51	7805.16
5092.07	-346.832	10708.5
-1209.55	761.318	9348.45
5401.04	4091.48	12167.7
3.50812	2460.9	5683.13
1213.18	4138.58	9944.58
5160.5	1115.74	12633
-25.6591	7193.68	11442.3
1177.18	5141.07	7822.04
4531.96	3374.85	5022.65
-70.4897	-431.503	3516.56
-624.896	6810.6	5866.24
3664.81	-831.54	9605.51
-1973.37	-37.5037	11345.4
5416.17	7383.76	5749.17
3446.01	2246.6	4734.38
-1296.28	-918.092	9984.22
3487	742.571	5859.56
-1312.44	725.144	9197.39
6399.17	7063.16	8101.58
5423.86	-861.499	11552.9
2075.27	2524.94	12066.8
-2036.12	7280.68	6114
6225.53	6289.86	4507.27
497.993	4590.14	12535.7
3155.47	6803.52	13135.8
1877.84	4850.94	12332.5
5057.49	6989.5	11547.2
5086.93	1616.07	4801.56
-1073.96	5747.85	7169.23
1581.89	4364.54	5559.35
6300.98	1787.87	12624.8
5727.15	2518.8	12464.2
5891.64	5442.71	12264
7570.96	624.764	5702.62
7240.47	265.979	8006.32
2357.86	960.642	8283.78
-841.084	321.667	9860.98
1176.65	7348.1	7490.69
6381.58	3009.34	8536.71
-1114.59	4787.53	7673.33
2651.37	-535.253	8275.1
5729.43	7039.58	13165.6
2551.28	6589.28	9811.54
2823.56	6136	11669.9
-2464.16	5397	12456
4876.7	8756.74	4658.65
-30.4568	2858.47	5160.3
2016.01	7369.23	12102.1
-2140.53	6164.11	7344.53
-550.922	1713.51	7805.16
5092.07	-346.832	10708.5
-1209.55	761.318	9348.45
5401.04	4091.48	12167.7
3.50812	2460.9	5683.13
1213.18	4138.58	9944.58
5160.5	1115.74	12633
-25.6591	7193.68	11442.3
1177.18	5141.07	7822.04
4531.96	3374.85	5022.65
-70.4897	-431.503	3516.56
-624.896	6810.6	5866.24
3664.81	-831.54	9605.51
-1973.37	-37.5037	11345.4
5416.17	7383.76	5749.17
3446.01	2246.6	4734.38
-1296.28	-918.092	9984.22
3487	742.571	5859.56
-1312.44	725.144	9197.39
6399.17	7063.16	8101.58
5423.86	-861.499	11552.9
2075.27	2524.94	12066.8
-2036.12	7280.68	6114
6225.53	6289.86	4507.27
497.993	4590.14	12535.7
3155.47	6803.52	13135.8
1877.84	4850.94	12332.5
5057.49	6989.5	11547.2
5086.93	1616.07	4801.56
-1073.96	5747.85	7169.23
1581.89	4364.54	5559.35
6300.98	1787.87	12624.8
5727.15	2518.8	12464.2
5891.64	5442.71	12264
7570.96	624.764	5702.62
7240.47	265.979	8006.32
2357.86	960.642	8283.78
-841.084	321.667	9860.98
1176.65	7348.1	7490.69
6381.58	3009.34	8536.71
-1114.59	4787.53	7673.33
2651.37	-535.253	8275.1
5729.43	7039.58	13165.6
2551.28	6589.28	9811.54
2823.56	6136	11669.9
-2464.16	5397	12456
4876.7	8756.74	4658.65
