-29.3721	2756.67	4976.52
1944.18	7106.67	11670.9
-2064.39	5944.85	7083.28
-531.317	1652.53	7527.4
4910.42	-334.459	10326.4
-1166.53	734.244	9016
5208.31	3945.47	11733.5
3.3832	2373.26	5480.75
1169.97	3991.18	9590.4
4976.43	1075.94	12182.4
-24.7459	6937.64	11035.1
1135.24	4957.9	7543.34
4370.15	3254.36	4843.32
-67.9793	-416.136	3391.33
-602.643	6568.07	5657.34
3534.16	-801.895	9263.07
-1903.25	-36.171	10942.2
5222.65	7119.94	5543.76
3323.05	2166.43	4565.45
-1250.19	-885.452	9629.26
3362.61	716.082	5650.54
-1265.77	699.358	8870.32
6170.5	6810.76	7812.07
5230.37	-830.766	11140.7
2001.36	2435.01	11637.1
-1963.67	7021.61	5896.44
6002.97	6065	4346.14
480.27	4426.79	12089.6
3042.99	6561.02	12667.6
1810.96	4678.16	11893.2
4876.99	6740.04	11135.1
4905.27	1558.36	4630.09
-1035.73	5543.27	6914.07
1525.5	4208.96	5361.17
6076.09	1724.06	12174.2
5522.78	2428.92	12019.5
5681.32	5248.42	11826.2
7300.28	602.427	5498.74
6981.76	256.475	7720.24
2273.83	926.407	7988.56
-811.17	310.227	9510.27
1134.71	7086.23	7223.74
6153.63	2901.84	8231.78
-1074.93	4617.16	7400.27
2556.88	-516.178	7980.18
5524.93	6788.31	12695.7
2460.33	6354.37	9461.77
2722.92	5917.29	11253.9
-2376.6	5205.22	12013.4
4702.46	8443.86	4492.2
-29.3721	2756.67	4976.52
1944.18	7106.67	11670.9
-2064.39	5944.85	7083.28
-531.317	1652.53	7527.4
4910.42	-334.459	10326.4
-1166.53	734.244	9016
5208.31	3945.47	11733.5
3.3832	2373.26	5480.75
1169.97	3991.18	9590.4
4976.43	1075.94	12182.4
-24.7459	6937.64	11035.1
1135.24	4957.9	7543.34
4370.15	3254.36	4843.32
-67.9793	-416.136	3391.33
-602.643	6568.07	5657.34
3534.16	-801.895	9263.07
-1903.25	-36.171	10942.2
5222.65	7119.94	5543.76
3323.05	2166.43	4565.45
-1250.19	-885.452	9629.26
3362.61	716.082	5650.54
-1265.77	699.358	8870.32
6170.5	6810.76	7812.07
5230.37	-830.766	11140.7
2001.36	2435.01	11637.1
-1963.67	7021.61	5896.44
6002.97	6065	4346.14
480.27	4426.79	12089.6
3042.99	6561.02	12667.6
1810.96	4678.16	11893.2
4876.99	6740.04	11135.1
4905.27	1558.36	4630.09
-1035.73	5543.27	6914.07
1525.5	4208.96	5361.17
6076.09	1724.06	12174.2
5522.78	2428.92	12019.5
5681.32	5248.42	11826.2
7300.28	602.427	5498.74
6981.76	256.475	7720.24
2273.83	926.407	7988.56
-811.17	310.227	9510.27
1134.71	7086.23	7223.74
6153.63	2901.84	8231.78
-1074.93	4617.16	7400.27
2556.88	-516.178	7980.18
5524.93	6788.31	12695.7
2460.33	6354.37	9461.77
2722.92	5917.29	11253.9
-2376.6	5205.22	12013.4
4702.46	8443.86	4492.2
-29.3721	2756.67	4976.52
1944.18	7106.67	11670.9
-2064.39	5944.85	7083.28
-531.317	1652.53	7527.4
4910.42	-334.459	10326.4
-1166.53	734.244	9016
5208.31	3945.47	11733.5
3.3832	2373.26	5480.75
1169.97	3991.18	9590.4
4976.43	1075.94	12182.4
-24.7459	6937.64	11035.1
1135.24	4957.9	7543.34
4370.15	3254.36	4843.32
-67.9793	-416.136	3391.33
-602.643	6568.07	5657.34
3534.16	-801.895	9263.07
-1903.25	-36.171	10942.2
5222.65	7119.94	5543.76
3323.05	2166.43	4565.45
-1250.19	-885.452	9629.26
3362.61	716.082	5650.54
-1265.77	699.358	8870.32
6170.5	6810.76	7812.07
5230.37	-830.766	11140.7
2001.36	2435.01	11637.1
-1963.67	7021.61	5896.44
6002.97	6065	4346.14
480.27	4426.79	12089.6
3042.99	6561.02	12667.6
1810.96	4678.16	11893.2
4876.99	6740.04	11135.1
4905.27	1558.36	4630.09
-1035.73	5543.27	6914.07
1525.5	4208.96	5361.17
6076.09	1724.06	12174.2
5522.78	2428.92	12019.5
5681.32	5248.42	11826.2
7300.28	602.427	5498.74
6981.76	256.475	7720.24
2273.83	926.407	7988.56
-811.17	310.227	9510.27
1134.71	7086.23	7223.74
6153.63	2901.84	8231.78
-1074.93	4617.16	7400.27
2556.88	-516.178	7980.18
5524.93	6788.31	12695.7
2460.33	6354.37	9461.77
2722.92	5917.29	11253.9
-2376.6	5205.22	12013.4
4702.46	8443.86	4492.2
-29.3721	2756.67	4976.52
1944.18	7106.67	11670.9
-2064.39	5944.85	7083.28
-531.317	1652.53	7527.4
4910.42	-334.459	10326.4
-1166.53	734.244	9016
5208.31	3945.47	11733.5
3.3832	2373.26	5480.75
1169.97	3991.18	9590.4
4976.43	1075.94	12182.4
-24.7459	6937.64	11035.1
1135.24	4957.9	7543.34
4370.15	3254.36	4843.32
-67.9793	-416.136	3391.33
-602.643	6568.07	5657.34
3534.16	-801.895	9263.07
-1903.25	-36.171	10942.2
5222.65	7119.94	5543.76
3323.05	2166.43	4565.45
-1250.19	-885.452	9629.26
3362.61	716.082	5650.54
-1265.77	699.358	8870.32
6170.5	6810.76	7812.07
5230.37	-830.766	11140.7
2001.36	2435.01	11637.1
-1963.67	7021.61	5896.44
6002.97	6065	4346.14
480.27	4426.79	12089.6
3042.99	6561.02	12667.6
1810.96	4678.16	11893.2
4876.99	6740.04	11135.1
4905.27	1558.36	4630.09
-1035.73	5543.27	6914.07
1525.5	4208.96	5361.17
6076.09	1724.06	12174.2
5522.78	2428.92	12019.5
5681.32	5248.42	11826.2
7300.28	602.427	5498.74
6981.76	256.475	7720.24
2273.83	926.407	7988.56
-811.17	310.227	9510.27
1134.71	7086.23	7223.74
6153.63	2901.84	8231.78
-1074.93	4617.16	7400.27
2556.88	-516.178	7980.18
5524.93	6788.31	12695.7
2460.33	6354.37	9461.77
2722.92	5917.29	11253.9
-2376.6	5205.22	12013.4
4702.46	8443.86	4492.2
-29.3721	2756.67	4976.52
1944.18	7106.67	11670.9
-2064.39	5944.85	7083.28
-531.317	1652.53	7527.4
4910.42	-334.459	10326.4
-1166.53	734.244	9016
5208.31	3945.47	11733.5
3.3832	2373.26	5480.75
1169.97	3991.18	9590.4
4976.43	1075.94	12182.4
-24.7459	6937.64	11035.1
1135.24	4957.9	7543.34
4370.15	3254.36	4843.32
-67.9793	-416.136	3391.33
-602.643	6568.07	5657.34
3534.16	-801.895	9263.07
-1903.25	-36.171	10942.2
5222.65	7119.94	5543.76
3323.05	2166.43	4565.45
-1250.19	-885.452	9629.26
3362.61	716.082	5650.54
-1265.77	699.358	8870.32
6170.5	6810.76	7812.07
5230.37	-830.766	11140.7
2001.36	2435.01	11637.1
-1963.67	7021.61	5896.44
6002.97	6065	4346.14
480.27	4426.79	12089.6
3042.99	6561.02	12667.6
1810.96	4678.16	11893.2
4876.99	6740.04	11135.1
4905.27	1558.36	4630.09
-1035.73	5543.27	6914.07
1525.5	4208.96	5361.17
6076.09	1724.06	12174.2
5522.78	2428.92	12019.5
5681.32	5248.42	11826.2
7300.28	602.427	5498.74
6981.76	256.475	7720.24
2273.83	926.407	7988.56
-811.17	310.227	9510.27
1134.71	7086.23	7223.74
6153.63	2901.84	8231.78
-1074.93	4617.16	7400.27
2556.88	-516.178	7980.18
5524.93	6788.31	12695.7
2460.33	6354.37	9461.77
2722.92	5917.29	11253.9
-2376.6	5205.22	12013.4
4702.46	8443.86	4492.2
