4.338477617348727904e+02	2.827280611811471545e+02
3.558887891352516135e+02	2.933755129629681733e+02
4.410985551209337245e+02	2.397300857183762162e+02
4.614660584018070608e+02	2.593000306411583438e+02
4.163531530690128193e+02	2.619026742843361717e+02
4.434699052316441907e+02	3.003024359876142739e+02
3.084849416470775054e+02	3.075900984212649405e+02
3.312798515547150942e+02	2.279127116601469254e+02
4.338434639429997901e+02	2.202125070909905560e+02
3.501219808338087205e+02	2.525585531268660304e+02
5.217022571031028519e+02	2.564096328490366545e+02
4.571701246646422874e+02	2.585160349559405972e+02
4.622381975285036901e+02	3.188963919456742815e+02
3.924842833739562593e+02	3.056210511363017872e+02
4.250735178349628995e+02	2.407600958786868830e+02
4.778478541536373427e+02	2.399244907506348170e+02
3.292905609134054430e+02	2.342188167029810302e+02
4.576919252917515450e+02	3.094379780938108411e+02
4.440013952067942000e+02	1.840992137388869310e+02
3.318869868135973320e+02	3.348840267144658469e+02
4.849389762308185254e+02	2.843196013203342432e+02
3.628691911804849610e+02	2.809113949237887482e+02
3.497882214999559665e+02	1.701961188280999977e+02
4.491744498522313052e+02	1.990538436669565669e+02
4.185335062804655308e+02	2.857239548708388952e+02
3.728561050105136019e+02	2.432092208666679483e+02
4.028161217919920887e+02	2.904835611224180525e+02
4.016768357826537112e+02	3.167826024429906511e+02
4.208599428140229293e+02	3.179634952459509805e+02
3.898145982956373246e+02	2.275745574514150178e+02
3.359020330803991214e+02	2.687887366113394023e+02
4.822241057321737685e+02	3.400725393957549727e+02
3.536265695473484243e+02	3.016276084828868989e+02
4.609877867549923280e+02	2.655111776386250995e+02
3.442890084642356214e+02	1.793057044325803702e+02
4.112931556978785466e+02	1.866107078457239936e+02
4.523567886007361381e+02	2.256564071467512633e+02
3.839273000396119642e+02	1.772506686883006637e+02
4.846889266961653675e+02	3.605781187285786018e+02
4.346819861535091718e+02	3.244357303341287775e+02
3.518938676129895953e+02	2.069358805642858670e+02
4.004822794686319867e+02	2.559717956416739639e+02
3.771742543964345487e+02	3.135284662848720245e+02
4.357008438991892945e+02	1.942158727978006993e+02
4.093210313355065750e+02	2.327905761745677182e+02
4.016398853427392623e+02	2.050326945544394448e+02
4.519343028704182643e+02	2.673006622857561183e+02
3.408022132172116585e+02	1.952887028233554361e+02
3.243988808223332967e+02	3.092362764717101413e+02
4.318413504281487008e+02	1.675425391517727292e+02
