4.48571	1.86986	20.0159
4.20382	4.3112	18.5347
1.61755	-1.8658	16.9884
-2.98151	0.939669	18.2196
-0.0840622	0.0911128	13.2965
3.21464	2.20171	14.9939
0.589237	4.21126	16.9834
-3.28387	0.620106	19.1713
2.88729	-2.93353	20.4608
1.21575	-1.60678	14.2948
3.52754	-2.98604	20.5729
1.56885	-2.39984	15.7604
-1.93625	-2.51662	17.7686
1.35588	-2.48846	19.8658
3.36173	4.4543	21.6747
-0.00658619	3.64605	16.3205
-1.47503	-2.99802	13.3648
-3.14417	2.29038	13.7647
2.26801	-1.18519	21.0047
4.86369	-0.0362372	16.544
4.75596	-1.64201	15.1846
3.47045	3.02394	17.7143
-0.294723	1.27901	17.3696
3.3289	2.15732	15.1748
-0.187076	-1.58932	20.1417
-2.59156	-3.77396	18.4249
-0.363679	4.34241	16.7096
-0.882636	3.83429	18.1816
-1.01133	-3.63968	16.6361
-1.51214	-2.19595	15.0154
1.13306	-1.7386	16.3415
-2.646	2.90254	18.2818
-2.72424	-1.6452	19.1768
-0.344805	-2.72051	16.9594
2.06332	0.364093	18.8086
4.29303	2.96316	19.9455
0.75673	0.0977438	19.6479
-1.8417	-0.720126	15.2048
4.56459	-0.0236699	20.8033
-3.36977	4.55281	13.3773
1.86803	1.41391	14.2782
-0.323261	2.03987	18.5652
-3.59699	1.99295	18.9129
-2.90121	0.309586	20.6719
-2.99432	-0.190811	19.9891
-1.54789	0.259468	19.3444
1.24555	-1.14481	17.3669
-0.744436	-0.789473	17.1359
4.5678	-2.28666	19.3974
4.51675	0.717128	20.3424
1.52092	0.633427	6.78524
1.42563	1.46097	6.28312
0.548256	-0.632518	5.75865
-1.01034	0.318941	6.17526
-0.028349	0.0309669	4.50699
1.09006	0.746022	5.0828
0.20038	1.42748	5.75674
-1.11286	0.210661	6.49781
0.978567	-0.994556	6.93587
0.412062	-0.54469	4.84557
1.19559	-1.01243	6.97397
0.531677	-0.813537	5.34243
-0.656426	-0.852722	6.0226
0.459516	-0.84353	6.73395
1.14024	1.50958	7.3473
-0.00165454	1.23596	5.53195
-0.500189	-1.01597	4.52996
-1.06537	0.776772	4.66519
0.768856	-0.401868	7.12013
1.64879	-0.0127276	5.60851
1.61207	-0.557017	5.14771
1.17689	1.02471	6.00492
-0.0995801	0.433664	5.88756
1.12878	0.730963	5.14415
-0.0633878	-0.538583	6.82723
-0.878691	-1.27884	6.24499
-0.122614	1.47204	5.66377
-0.298565	1.29987	6.16265
-0.343048	-1.23351	5.63888
-0.51266	-0.744092	5.08944
0.384039	-0.589353	5.53931
-0.89639	0.984241	6.19635
-0.923417	-0.557253	6.49977
-0.117013	-0.922015	5.74854
0.699626	0.12329	6.37568
1.45573	1.00403	6.76135
0.256716	0.0331571	6.65998
-0.624201	-0.243807	5.15356
1.54745	-0.00841106	7.0522
-1.14159	1.54367	4.5338
0.633504	0.479134	4.84001
-0.109155	0.691576	6.29278
-1.21884	0.676034	6.41014
-0.983165	0.105373	7.0065
-1.01479	-0.064236	6.77506
-0.524457	0.088228	6.55676
0.422246	-0.388088	5.88691
-0.252254	-0.267423	5.80827
1.54827	-0.775484	6.57567
1.53131	0.242693	6.89595
1.52092	0.633427	6.78524
1.42563	1.46097	6.28312
0.548256	-0.632518	5.75865
-1.01034	0.318941	6.17526
-0.028349	0.0309669	4.50699
1.09006	0.746022	5.0828
0.20038	1.42748	5.75674
-1.11286	0.210661	6.49781
0.978567	-0.994556	6.93587
0.412062	-0.54469	4.84557
1.19559	-1.01243	6.97397
0.531677	-0.813537	5.34243
-0.656426	-0.852722	6.0226
0.459516	-0.84353	6.73395
1.14024	1.50958	7.3473
-0.00165454	1.23596	5.53195
-0.500189	-1.01597	4.52996
-1.06537	0.776772	4.66519
0.768856	-0.401868	7.12013
1.64879	-0.0127276	5.60851
1.61207	-0.557017	5.14771
1.17689	1.02471	6.00492
-0.0995801	0.433664	5.88756
1.12878	0.730963	5.14415
-0.0633878	-0.538583	6.82723
-0.878691	-1.27884	6.24499
-0.122614	1.47204	5.66377
-0.298565	1.29987	6.16265
-0.343048	-1.23351	5.63888
-0.51266	-0.744092	5.08944
0.384039	-0.589353	5.53931
-0.89639	0.984241	6.19635
-0.923417	-0.557253	6.49977
-0.117013	-0.922015	5.74854
0.699626	0.12329	6.37568
1.45573	1.00403	6.76135
0.256716	0.0331571	6.65998
-0.624201	-0.243807	5.15356
1.54745	-0.00841106	7.0522
-1.14159	1.54367	4.5338
0.633504	0.479134	4.84001
-0.109155	0.691576	6.29278
-1.21884	0.676034	6.41014
-0.983165	0.105373	7.0065
-1.01479	-0.064236	6.77506
-0.524457	0.088228	6.55676
0.422246	-0.388088	5.88691
-0.252254	-0.267423	5.80827
1.54827	-0.775484	6.57567
1.53131	0.242693	6.89595
0.59921	0.249717	2.67361
0.561585	0.575815	2.47577
0.216053	-0.249232	2.26919
-0.398222	0.125558	2.43358
-0.011216	0.0121772	1.77604
0.429429	0.294056	2.0028
0.0787723	0.56251	2.26851
-0.438613	0.0828773	2.5607
0.385645	-0.391865	2.73302
0.162384	-0.21463	1.9094
0.471166	-0.398886	2.748
0.209541	-0.320565	2.10517
-0.258646	-0.33612	2.37336
0.181095	-0.332398	2.65353
0.44911	0.594942	2.89516
-0.000821136	0.487019	2.17995
-0.19705	-0.40043	1.78514
-0.419936	0.305976	1.83853
0.302948	-0.158327	2.80567
0.649672	-0.00489138	2.20988
0.63526	-0.219378	2.02829
0.463611	0.403881	2.36617
-0.0393366	0.170852	2.32008
0.44469	0.288125	2.02697
-0.0249907	-0.212278	2.69036
-0.346194	-0.504058	2.46102
-0.0485102	0.580039	2.23192
-0.117834	0.512175	2.42853
-0.135116	-0.486142	2.2221
-0.201995	-0.293294	2.00562
0.151339	-0.232236	2.18278
-0.353383	0.38774	2.44188
-0.363889	-0.219713	2.56144
-0.0460756	-0.363374	2.26529
0.275624	0.0486165	2.51232
0.573487	0.395755	2.66421
0.101097	0.0130556	2.62441
-0.245998	-0.0961601	2.03091
0.609724	-0.00320722	2.7788
-0.450044	0.608177	1.78678
0.249548	0.188844	1.90719
-0.0431382	0.272483	2.47977
-0.48042	0.266255	2.52617
-0.387502	0.0413964	2.76114
-0.399946	-0.0254421	2.66994
-0.206737	0.0346852	2.58385
0.166373	-0.152923	2.31975
-0.0994317	-0.105435	2.28886
0.610124	-0.305481	2.591
0.603342	0.0957435	2.71723
0.59921	0.249717	2.67361
0.561585	0.575815	2.47577
0.216053	-0.249232	2.26919
-0.398222	0.125558	2.43358
-0.011216	0.0121772	1.77604
0.429429	0.294056	2.0028
0.0787723	0.56251	2.26851
-0.438613	0.0828773	2.5607
0.385645	-0.391865	2.73302
0.162384	-0.21463	1.9094
0.471166	-0.398886	2.748
0.209541	-0.320565	2.10517
-0.258646	-0.33612	2.37336
0.181095	-0.332398	2.65353
0.44911	0.594942	2.89516
-0.000821136	0.487019	2.17995
-0.19705	-0.40043	1.78514
-0.419936	0.305976	1.83853
0.302948	-0.158327	2.80567
0.649672	-0.00489138	2.20988
0.63526	-0.219378	2.02829
0.463611	0.403881	2.36617
-0.0393366	0.170852	2.32008
0.44469	0.288125	2.02697
-0.0249907	-0.212278	2.69036
-0.346194	-0.504058	2.46102
-0.0485102	0.580039	2.23192
-0.117834	0.512175	2.42853
-0.135116	-0.486142	2.2221
-0.201995	-0.293294	2.00562
0.151339	-0.232236	2.18278
-0.353383	0.38774	2.44188
-0.363889	-0.219713	2.56144
-0.0460756	-0.363374	2.26529
0.275624	0.0486165	2.51232
0.573487	0.395755	2.66421
0.101097	0.0130556	2.62441
-0.245998	-0.0961601	2.03091
0.609724	-0.00320722	2.7788
-0.450044	0.608177	1.78678
0.249548	0.188844	1.90719
-0.0431382	0.272483	2.47977
-0.48042	0.266255	2.52617
-0.387502	0.0413964	2.76114
-0.399946	-0.0254421	2.66994
-0.206737	0.0346852	2.58385
0.166373	-0.152923	2.31975
-0.0994317	-0.105435	2.28886
0.610124	-0.305481	2.591
0.603342	0.0957435	2.71723
