443.529	261.307
443.9	311.956
393.532	187.751
300.488	247.565
352.388	230.643
435.602	280.825
372.736	318.634
298.376	240.538
412.82	175.443
386.76	186.854
423.879	174.738
393.676	172.318
319.6	176.689
386.019	182.191
419.982	302.479
359.154	309.837
313.743	146.611
272.119	289.962
401.486	207.145
465.456	226.3
470.393	187.87
431.818	289.596
353.605	255.093
437.604	279.097
358.095	199.291
308.39	153.738
351.858	323.284
343.221	305.486
335.942	148.487
319.757	175.001
383.484	189.071
307.828	286.811
308.773	197.174
351.214	169.622
400.865	234.774
440.477	281.425
375.498	229.771
312.784	211.185
441.979	226.919
263.552	353.837
404.181	263.781
354.594	268.357
291.458	267.402
310.737	234.056
306.737	225.105
331.942	233.274
385.5	203.803
343.301	211.398
446.316	184.492
442.774	240.147
443.529	261.307
443.9	311.956
393.532	187.751
300.488	247.565
352.388	230.643
435.602	280.825
372.736	318.634
298.376	240.538
412.82	175.443
386.76	186.854
423.879	174.738
393.676	172.318
319.6	176.689
386.019	182.191
419.982	302.479
359.154	309.837
313.743	146.611
272.119	289.962
401.486	207.145
465.456	226.3
470.393	187.87
431.818	289.596
353.605	255.093
437.604	279.097
358.095	199.291
308.39	153.738
351.858	323.284
343.221	305.486
335.942	148.487
319.757	175.001
383.484	189.071
307.828	286.811
308.773	197.174
351.214	169.622
400.865	234.774
440.477	281.425
375.498	229.771
312.784	211.185
441.979	226.919
263.552	353.837
404.181	263.781
354.594	268.357
291.458	267.402
310.737	234.056
306.737	225.105
331.942	233.274
385.5	203.803
343.301	211.398
446.316	184.492
442.774	240.147
443.529	261.307
443.9	311.956
393.532	187.751
300.488	247.565
352.388	230.643
435.602	280.825
372.736	318.634
298.376	240.538
412.82	175.443
386.76	186.854
423.879	174.738
393.676	172.318
319.6	176.689
386.019	182.191
419.982	302.479
359.154	309.837
313.743	146.611
272.119	289.962
401.486	207.145
465.456	226.3
470.393	187.87
431.818	289.596
353.605	255.093
437.604	279.097
358.095	199.291
308.39	153.738
351.858	323.284
343.221	305.486
335.942	148.487
319.757	175.001
383.484	189.071
307.828	286.811
308.773	197.174
351.214	169.622
400.865	234.774
440.477	281.425
375.498	229.771
312.784	211.185
441.979	226.919
263.552	353.837
404.181	263.781
354.594	268.357
291.458	267.402
310.737	234.056
306.737	225.105
331.942	233.274
385.5	203.803
343.301	211.398
446.316	184.492
442.774	240.147
444.293	261.307
444.725	311.954
394.435	187.752
301.334	247.565
353.546	230.643
436.623	280.824
373.642	318.634
299.181	240.538
413.568	175.444
387.834	186.854
424.623	174.739
394.648	172.318
320.466	176.689
386.792	182.191
420.69	302.478
360.099	309.837
314.893	146.61
273.239	289.964
402.217	207.145
466.376	226.3
471.394	187.871
432.682	289.595
354.492	255.093
438.613	279.096
358.859	199.291
309.224	153.737
352.78	323.285
344.069	305.486
336.865	148.486
320.782	175
384.424	189.071
308.672	286.812
309.576	197.174
352.12	169.622
401.681	234.773
441.244	281.424
376.281	229.771
313.797	211.184
442.714	226.919
264.703	353.842
405.256	263.781
355.424	268.358
292.274	267.403
311.483	234.056
307.508	225.105
332.738	233.274
386.385	203.803
344.2	211.398
447.102	184.493
443.525	240.147
444.293	261.307
444.725	311.954
394.435	187.752
301.334	247.565
353.546	230.643
436.623	280.824
373.642	318.634
299.181	240.538
413.568	175.444
387.834	186.854
424.623	174.739
394.648	172.318
320.466	176.689
386.792	182.191
420.69	302.478
360.099	309.837
314.893	146.61
273.239	289.964
402.217	207.145
466.376	226.3
471.394	187.871
432.682	289.595
354.492	255.093
438.613	279.096
358.859	199.291
309.224	153.737
352.78	323.285
344.069	305.486
336.865	148.486
320.782	175
384.424	189.071
308.672	286.812
309.576	197.174
352.12	169.622
401.681	234.773
441.244	281.424
376.281	229.771
313.797	211.184
442.714	226.919
264.703	353.842
405.256	263.781
355.424	268.358
292.274	267.403
311.483	234.056
307.508	225.105
332.738	233.274
386.385	203.803
344.2	211.398
447.102	184.493
443.525	240.147
