-1043.81	691.386	5491.58
-12.248	-597.106	4562
1140.47	583.497	4841.42
1071.09	971.189	4537.84
932.099	422.221	5416.59
928.889	594.083	5435.99
-530.611	-655.992	5208.27
436.562	-33.0412	4754.01
-770.202	-26.4886	4658.43
-158.301	586.113	4666
-624.383	997.083	4707.68
-584.64	-471.659	3765.88
-615.887	343.314	4929.44
-85.7825	789.526	4470.1
57.0309	751.595	5054.42
129.123	540	5056.83
1101.43	1442.46	3623.72
727.558	714.994	4199.01
1000.47	-39.5807	3549.69
206.722	1107.21	4803.92
809.441	1175.18	4521.29
-108.684	161.362	5478.85
194.615	877.022	3954.56
-838.002	1009.12	4516.97
507.572	-824.967	4445.75
-532.809	1110.03	4430.03
-110.8	884.615	4711.53
860.608	-86.3584	5311.23
340.844	-374.415	3760.79
-732.418	-491.292	4185.44
132.522	989.841	4698.34
1267	258.485	3730.39
1407.69	-437.073	3619.19
703.689	1178.5	3889.6
93.9366	1050.8	5480.44
575.335	1069.05	4501.87
623.379	283.502	3505.83
912.938	1257.6	5163.12
107.002	964.64	5341.4
-256.911	192.317	5142.11
-289.719	312.235	4173.47
277.25	1282.31	4456.23
818.525	-439.754	4094.32
1022.69	-348.117	4431.38
199.572	-312.616	4439.04
-153.377	-201.424	5379.1
363.439	627.556	5419.29
-165.139	-856.897	4288.85
-869.159	21.5278	5289.22
622.177	1315.77	4276.06
-1043.81	691.386	5491.58
-12.248	-597.106	4562
1140.47	583.497	4841.42
1071.09	971.189	4537.84
932.099	422.221	5416.59
928.889	594.083	5435.99
-530.611	-655.992	5208.27
436.562	-33.0412	4754.01
-770.202	-26.4886	4658.43
-158.301	586.113	4666
-624.383	997.083	4707.68
-584.64	-471.659	3765.88
-615.887	343.314	4929.44
-85.7825	789.526	4470.1
57.0309	751.595	5054.42
129.123	540	5056.83
1101.43	1442.46	3623.72
727.558	714.994	4199.01
1000.47	-39.5807	3549.69
206.722	1107.21	4803.92
809.441	1175.18	4521.29
-108.684	161.362	5478.85
194.615	877.022	3954.56
-838.002	1009.12	4516.97
507.572	-824.967	4445.75
-532.809	1110.03	4430.03
-110.8	884.615	4711.53
860.608	-86.3584	5311.23
340.844	-374.415	3760.79
-732.418	-491.292	4185.44
132.522	989.841	4698.34
1267	258.485	3730.39
1407.69	-437.073	3619.19
703.689	1178.5	3889.6
93.9366	1050.8	5480.44
575.335	1069.05	4501.87
623.379	283.502	3505.83
912.938	1257.6	5163.12
107.002	964.64	5341.4
-256.911	192.317	5142.11
-289.719	312.235	4173.47
277.25	1282.31	4456.23
818.525	-439.754	4094.32
1022.69	-348.117	4431.38
199.572	-312.616	4439.04
-153.377	-201.424	5379.1
363.439	627.556	5419.29
-165.139	-856.897	4288.85
-869.159	21.5278	5289.22
622.177	1315.77	4276.06
-1043.81	691.386	5491.58
-12.248	-597.106	4562
1140.47	583.497	4841.42
1071.09	971.189	4537.84
932.099	422.221	5416.59
928.889	594.083	5435.99
-530.611	-655.992	5208.27
436.562	-33.0412	4754.01
-770.202	-26.4886	4658.43
-158.301	586.113	4666
-624.383	997.083	4707.68
-584.64	-471.659	3765.88
-615.887	343.314	4929.44
-85.7825	789.526	4470.1
57.0309	751.595	5054.42
129.123	540	5056.83
1101.43	1442.46	3623.72
727.558	714.994	4199.01
1000.47	-39.5807	3549.69
206.722	1107.21	4803.92
809.441	1175.18	4521.29
-108.684	161.362	5478.85
194.615	877.022	3954.56
-838.002	1009.12	4516.97
507.572	-824.967	4445.75
-532.809	1110.03	4430.03
-110.8	884.615	4711.53
860.608	-86.3584	5311.23
340.844	-374.415	3760.79
-732.418	-491.292	4185.44
132.522	989.841	4698.34
1267	258.485	3730.39
1407.69	-437.073	3619.19
703.689	1178.5	3889.6
93.9366	1050.8	5480.44
575.335	1069.05	4501.87
623.379	283.502	3505.83
912.938	1257.6	5163.12
107.002	964.64	5341.4
-256.911	192.317	5142.11
-289.719	312.235	4173.47
277.25	1282.31	4456.23
818.525	-439.754	4094.32
1022.69	-348.117	4431.38
199.572	-312.616	4439.04
-153.377	-201.424	5379.1
363.439	627.556	5419.29
-165.139	-856.897	4288.85
-869.159	21.5278	5289.22
622.177	1315.77	4276.06
-1043.81	691.386	5491.58
-12.248	-597.106	4562
1140.47	583.497	4841.42
1071.09	971.189	4537.84
932.099	422.221	5416.59
928.889	594.083	5435.99
-530.611	-655.992	5208.27
436.562	-33.0412	4754.01
-770.202	-26.4886	4658.43
-158.301	586.113	4666
-624.383	997.083	4707.68
-584.64	-471.659	3765.88
-615.887	343.314	4929.44
-85.7825	789.526	4470.1
57.0309	751.595	5054.42
129.123	540	5056.83
1101.43	1442.46	3623.72
727.558	714.994	4199.01
1000.47	-39.5807	3549.69
206.722	1107.21	4803.92
809.441	1175.18	4521.29
-108.684	161.362	5478.85
194.615	877.022	3954.56
-838.002	1009.12	4516.97
507.572	-824.967	4445.75
-532.809	1110.03	4430.03
-110.8	884.615	4711.53
860.608	-86.3584	5311.23
340.844	-374.415	3760.79
-732.418	-491.292	4185.44
132.522	989.841	4698.34
1267	258.485	3730.39
1407.69	-437.073	3619.19
703.689	1178.5	3889.6
93.9366	1050.8	5480.44
575.335	1069.05	4501.87
623.379	283.502	3505.83
912.938	1257.6	5163.12
107.002	964.64	5341.4
-256.911	192.317	5142.11
-289.719	312.235	4173.47
277.25	1282.31	4456.23
818.525	-439.754	4094.32
1022.69	-348.117	4431.38
199.572	-312.616	4439.04
-153.377	-201.424	5379.1
363.439	627.556	5419.29
-165.139	-856.897	4288.85
-869.159	21.5278	5289.22
622.177	1315.77	4276.06
-1043.81	691.386	5491.58
-12.248	-597.106	4562
1140.47	583.497	4841.42
1071.09	971.189	4537.84
932.099	422.221	5416.59
928.889	594.083	5435.99
-530.611	-655.992	5208.27
436.562	-33.0412	4754.01
-770.202	-26.4886	4658.43
-158.301	586.113	4666
-624.383	997.083	4707.68
-584.64	-471.659	3765.88
-615.887	343.314	4929.44
-85.7825	789.526	4470.1
57.0309	751.595	5054.42
129.123	540	5056.83
1101.43	1442.46	3623.72
727.558	714.994	4199.01
1000.47	-39.5807	3549.69
206.722	1107.21	4803.92
809.441	1175.18	4521.29
-108.684	161.362	5478.85
194.615	877.022	3954.56
-838.002	1009.12	4516.97
507.572	-824.967	4445.75
-532.809	1110.03	4430.03
-110.8	884.615	4711.53
860.608	-86.3584	5311.23
340.844	-374.415	3760.79
-732.418	-491.292	4185.44
132.522	989.841	4698.34
1267	258.485	3730.39
1407.69	-437.073	3619.19
703.689	1178.5	3889.6
93.9366	1050.8	5480.44
575.335	1069.05	4501.87
623.379	283.502	3505.83
912.938	1257.6	5163.12
107.002	964.64	5341.4
-256.911	192.317	5142.11
-289.719	312.235	4173.47
277.25	1282.31	4456.23
818.525	-439.754	4094.32
1022.69	-348.117	4431.38
199.572	-312.616	4439.04
-153.377	-201.424	5379.1
363.439	627.556	5419.29
-165.139	-856.897	4288.85
-869.159	21.5278	5289.22
622.177	1315.77	4276.06
