293.649	274.393
359.107	179.482
448.124	270.828
447.719	305.143
426.197	255.445
425.917	266.958
324.582	181.63
394.774	224.579
300.169	225.963
348.832	273.751
313.006	305.789
300.185	182.117
315.992	253.493
353.795	292.458
366.606	282.069
371.699	266.604
469.382	372.189
423.426	289.367
459.515	222.394
377.862	312.013
426.967	322.247
355.787	238.339
377.135	308.802
293.045	310.227
401.287	159.125
316.797	319.998
353.005	296.564
421.908	220.909
390.306	190.651
294.736	185.058
372.04	304.795
481.808	251.642
498.259	182.008
425.419	338.047
369.926	297.866
408.06	314.233
421.643	256.527
427.925	316.248
370.634	293.761
343.964	241.372
333.953	255.207
384.022	332.976
431.671	187.421
444.292	197.871
376.373	201.465
352.155	213.805
387.85	269.757
344.846	154.431
302.26	229.534
414.004	339.934
293.649	274.393
359.107	179.482
448.124	270.828
447.719	305.143
426.197	255.445
425.917	266.958
324.582	181.63
394.774	224.579
300.169	225.963
348.832	273.751
313.006	305.789
300.185	182.117
315.992	253.493
353.795	292.458
366.606	282.069
371.699	266.604
469.382	372.189
423.426	289.367
459.515	222.394
377.862	312.013
426.967	322.247
355.787	238.339
377.135	308.802
293.045	310.227
401.287	159.125
316.797	319.998
353.005	296.564
421.908	220.909
390.306	190.651
294.736	185.058
372.04	304.795
481.808	251.642
498.259	182.008
425.419	338.047
369.926	297.866
408.06	314.233
421.643	256.527
427.925	316.248
370.634	293.761
343.964	241.372
333.953	255.207
384.022	332.976
431.671	187.421
444.292	197.871
376.373	201.465
352.155	213.805
387.85	269.757
344.846	154.431
302.26	229.534
414.004	339.934
293.649	274.393
359.107	179.482
448.124	270.828
447.719	305.143
426.197	255.445
425.917	266.958
324.582	181.63
394.774	224.579
300.169	225.963
348.832	273.751
313.006	305.789
300.185	182.117
315.992	253.493
353.795	292.458
366.606	282.069
371.699	266.604
469.382	372.189
423.426	289.367
459.515	222.394
377.862	312.013
426.967	322.247
355.787	238.339
377.135	308.802
293.045	310.227
401.287	159.125
316.797	319.998
353.005	296.564
421.908	220.909
390.306	190.651
294.736	185.058
372.04	304.795
481.808	251.642
498.259	182.008
425.419	338.047
369.926	297.866
408.06	314.233
421.643	256.527
427.925	316.248
370.634	293.761
343.964	241.372
333.953	255.207
384.022	332.976
431.671	187.421
444.292	197.871
376.373	201.465
352.155	213.805
387.85	269.757
344.846	154.431
302.26	229.534
414.004	339.934
293.649	274.393
359.107	179.482
448.124	270.828
447.719	305.143
426.197	255.445
425.917	266.958
324.582	181.63
394.774	224.579
300.169	225.963
348.832	273.751
313.006	305.789
300.185	182.117
315.992	253.493
353.795	292.458
366.606	282.069
371.699	266.604
469.382	372.189
423.426	289.367
459.515	222.394
377.862	312.013
426.967	322.247
355.787	238.339
377.135	308.802
293.045	310.227
401.287	159.125
316.797	319.998
353.005	296.564
421.908	220.909
390.306	190.651
294.736	185.058
372.04	304.795
481.808	251.642
498.259	182.008
425.419	338.047
369.926	297.866
408.06	314.233
421.643	256.527
427.925	316.248
370.634	293.761
343.964	241.372
333.953	255.207
384.022	332.976
431.671	187.421
444.292	197.871
376.373	201.465
352.155	213.805
387.85	269.757
344.846	154.431
302.26	229.534
414.004	339.934
293.649	274.393
359.107	179.482
448.124	270.828
447.719	305.143
426.197	255.445
425.917	266.958
324.582	181.63
394.774	224.579
300.169	225.963
348.832	273.751
313.006	305.789
300.185	182.117
315.992	253.493
353.795	292.458
366.606	282.069
371.699	266.604
469.382	372.189
423.426	289.367
459.515	222.394
377.862	312.013
426.967	322.247
355.787	238.339
377.135	308.802
293.045	310.227
401.287	159.125
316.797	319.998
353.005	296.564
421.908	220.909
390.306	190.651
294.736	185.058
372.04	304.795
481.808	251.642
498.259	182.008
425.419	338.047
369.926	297.866
408.06	314.233
421.643	256.527
427.925	316.248
370.634	293.761
343.964	241.372
333.953	255.207
384.022	332.976
431.671	187.421
444.292	197.871
376.373	201.465
352.155	213.805
387.85	269.757
344.846	154.431
302.26	229.534
414.004	339.934
