603.105	557.438
747.169	561.634
468.869	213.774
336.075	511.819
703.153	322.767
406.196	402.012
288.649	562.193
466.726	331.593
520.12	537.211
578.519	268.795
346.303	467.396
487.374	345.573
572.588	535.411
413.006	196.457
429.936	195.415
502.278	229.816
305.647	299.828
826.299	432.746
436.918	369.76
818.051	299.218
628.91	239.25
594.59	297.629
532.193	208.088
489.024	554.253
532.167	499.669
713.319	366.09
377.262	189.906
259.936	517.068
440.895	397.699
865.295	707.41
528.302	269.754
276.467	478.361
448.201	428.517
541.097	500.506
614.422	444.683
337.72	570.76
515.347	271.713
411.768	438.386
312.576	465.38
361.511	402.689
565.142	346.871
289.179	259.764
705.222	288.645
346.726	445.204
447.623	390.386
718.63	311.282
660.138	213.261
391.337	263.456
703.482	422.741
488.161	261.557
603.105	557.438
747.169	561.634
468.869	213.774
336.075	511.819
703.153	322.767
406.196	402.012
288.649	562.193
466.726	331.593
520.12	537.211
578.519	268.795
346.303	467.396
487.374	345.573
572.588	535.411
413.006	196.457
429.936	195.415
502.278	229.816
305.647	299.828
826.299	432.746
436.918	369.76
818.051	299.218
628.91	239.25
594.59	297.629
532.193	208.088
489.024	554.253
532.167	499.669
713.319	366.09
377.262	189.906
259.936	517.068
440.895	397.699
865.295	707.41
528.302	269.754
276.467	478.361
448.201	428.517
541.097	500.506
614.422	444.683
337.72	570.76
515.347	271.713
411.768	438.386
312.576	465.38
361.511	402.689
565.142	346.871
289.179	259.764
705.222	288.645
346.726	445.204
447.623	390.386
718.63	311.282
660.138	213.261
391.337	263.456
703.482	422.741
488.161	261.557
603.105	557.438
747.169	561.634
468.869	213.774
336.075	511.819
703.153	322.767
406.196	402.012
288.649	562.193
466.726	331.593
520.12	537.211
578.519	268.795
346.303	467.396
487.374	345.573
572.588	535.411
413.006	196.457
429.936	195.415
502.278	229.816
305.647	299.828
826.299	432.746
436.918	369.76
818.051	299.218
628.91	239.25
594.59	297.629
532.193	208.088
489.024	554.253
532.167	499.669
713.319	366.09
377.262	189.906
259.936	517.068
440.895	397.699
865.295	707.41
528.302	269.754
276.467	478.361
448.201	428.517
541.097	500.506
614.422	444.683
337.72	570.76
515.347	271.713
411.768	438.386
312.576	465.38
361.511	402.689
565.142	346.871
289.179	259.764
705.222	288.645
346.726	445.204
447.623	390.386
718.63	311.282
660.138	213.261
391.337	263.456
703.482	422.741
488.161	261.557
