1631.38	2328.23	2619.54
2801.57	2455.48	2683.16
1416.4	-401.608	5867.29
-561.592	3441.39	4577.61
2387.87	617.316	2659
288.803	1838.11	4117.85
-629.051	2209.55	2467.14
1692.44	1821.06	7183.32
854.299	1821.88	2205.05
3601.76	542.434	6619.61
-487.514	3247.34	5176.37
2117.46	2114.12	7241.44
1237.41	1905.79	2313.95
344.41	-449.735	3890.13
913.408	-802.77	6774.09
1511.91	-112.151	4538.6
-967.973	787.282	4726.09
3411.03	1473.9	2684.04
1089.29	2529.53	7067.52
3804.33	516.852	3071.21
2193.24	1.64566	3199.44
2693.39	737.247	4572.06
1653.15	-335.641	3976.07
1376.56	3992.69	4569.87
1479.93	2540.33	3526.68
3863.4	1469.87	4159.77
-49.2125	-718.613	5383.55
-1375.26	3166.59	4122.93
1066.09	2804.91	6452.32
3542.57	3402.26	2469.74
1824.02	380.941	4506.08
-1168.69	2684.73	4075.03
1239.63	3472.24	6679.6
2237.12	3637.88	5031.51
2533.31	2223.69	3906.75
-506.386	3919.67	4264.21
2461.5	599.562	6669.86
344.302	2199.64	4022.54
-673.656	2241.26	3603.2
-304.178	2609.92	5823.25
2722.93	1590.45	5365.79
-804.136	184.09	3218.14
1879.31	285.488	2079.93
-421.334	2565.4	4535.13
1065.95	2407.04	5805.05
3200.62	680.506	3394.94
3261.25	-301.707	4211.54
198.884	457.09	6791.17
3514.93	1993.46	3893.72
1718.83	362.84	5841.61
1631.38	2328.23	2619.54
2801.57	2455.48	2683.16
1416.4	-401.608	5867.29
-561.592	3441.39	4577.61
2387.87	617.316	2659
288.803	1838.11	4117.85
-629.051	2209.55	2467.14
1692.44	1821.06	7183.32
854.299	1821.88	2205.05
3601.76	542.434	6619.61
-487.514	3247.34	5176.37
2117.46	2114.12	7241.44
1237.41	1905.79	2313.95
344.41	-449.735	3890.13
913.408	-802.77	6774.09
1511.91	-112.151	4538.6
-967.973	787.282	4726.09
3411.03	1473.9	2684.04
1089.29	2529.53	7067.52
3804.33	516.852	3071.21
2193.24	1.64566	3199.44
2693.39	737.247	4572.06
1653.15	-335.641	3976.07
1376.56	3992.69	4569.87
1479.93	2540.33	3526.68
3863.4	1469.87	4159.77
-49.2125	-718.613	5383.55
-1375.26	3166.59	4122.93
1066.09	2804.91	6452.32
3542.57	3402.26	2469.74
1824.02	380.941	4506.08
-1168.69	2684.73	4075.03
1239.63	3472.24	6679.6
2237.12	3637.88	5031.51
2533.31	2223.69	3906.75
-506.386	3919.67	4264.21
2461.5	599.562	6669.86
344.302	2199.64	4022.54
-673.656	2241.26	3603.2
-304.178	2609.92	5823.25
2722.93	1590.45	5365.79
-804.136	184.09	3218.14
1879.31	285.488	2079.93
-421.334	2565.4	4535.13
1065.95	2407.04	5805.05
3200.62	680.506	3394.94
3261.25	-301.707	4211.54
198.884	457.09	6791.17
3514.93	1993.46	3893.72
1718.83	362.84	5841.61
1631.38	2328.23	2619.54
2801.57	2455.48	2683.16
1416.4	-401.608	5867.29
-561.592	3441.39	4577.61
2387.87	617.316	2659
288.803	1838.11	4117.85
-629.051	2209.55	2467.14
1692.44	1821.06	7183.32
854.299	1821.88	2205.05
3601.76	542.434	6619.61
-487.514	3247.34	5176.37
2117.46	2114.12	7241.44
1237.41	1905.79	2313.95
344.41	-449.735	3890.13
913.408	-802.77	6774.09
1511.91	-112.151	4538.6
-967.973	787.282	4726.09
3411.03	1473.9	2684.04
1089.29	2529.53	7067.52
3804.33	516.852	3071.21
2193.24	1.64566	3199.44
2693.39	737.247	4572.06
1653.15	-335.641	3976.07
1376.56	3992.69	4569.87
1479.93	2540.33	3526.68
3863.4	1469.87	4159.77
-49.2125	-718.613	5383.55
-1375.26	3166.59	4122.93
1066.09	2804.91	6452.32
3542.57	3402.26	2469.74
1824.02	380.941	4506.08
-1168.69	2684.73	4075.03
1239.63	3472.24	6679.6
2237.12	3637.88	5031.51
2533.31	2223.69	3906.75
-506.386	3919.67	4264.21
2461.5	599.562	6669.86
344.302	2199.64	4022.54
-673.656	2241.26	3603.2
-304.178	2609.92	5823.25
2722.93	1590.45	5365.79
-804.136	184.09	3218.14
1879.31	285.488	2079.93
-421.334	2565.4	4535.13
1065.95	2407.04	5805.05
3200.62	680.506	3394.94
3261.25	-301.707	4211.54
198.884	457.09	6791.17
3514.93	1993.46	3893.72
1718.83	362.84	5841.61
1631.38	2328.23	2619.54
2801.57	2455.48	2683.16
1416.4	-401.608	5867.29
-561.592	3441.39	4577.61
2387.87	617.316	2659
288.803	1838.11	4117.85
-629.051	2209.55	2467.14
1692.44	1821.06	7183.32
854.299	1821.88	2205.05
3601.76	542.434	6619.61
-487.514	3247.34	5176.37
2117.46	2114.12	7241.44
1237.41	1905.79	2313.95
344.41	-449.735	3890.13
913.408	-802.77	6774.09
1511.91	-112.151	4538.6
-967.973	787.282	4726.09
3411.03	1473.9	2684.04
1089.29	2529.53	7067.52
3804.33	516.852	3071.21
2193.24	1.64566	3199.44
2693.39	737.247	4572.06
1653.15	-335.641	3976.07
1376.56	3992.69	4569.87
1479.93	2540.33	3526.68
3863.4	1469.87	4159.77
-49.2125	-718.613	5383.55
-1375.26	3166.59	4122.93
1066.09	2804.91	6452.32
3542.57	3402.26	2469.74
1824.02	380.941	4506.08
-1168.69	2684.73	4075.03
1239.63	3472.24	6679.6
2237.12	3637.88	5031.51
2533.31	2223.69	3906.75
-506.386	3919.67	4264.21
2461.5	599.562	6669.86
344.302	2199.64	4022.54
-673.656	2241.26	3603.2
-304.178	2609.92	5823.25
2722.93	1590.45	5365.79
-804.136	184.09	3218.14
1879.31	285.488	2079.93
-421.334	2565.4	4535.13
1065.95	2407.04	5805.05
3200.62	680.506	3394.94
3261.25	-301.707	4211.54
198.884	457.09	6791.17
3514.93	1993.46	3893.72
1718.83	362.84	5841.61
1631.38	2328.23	2619.54
2801.57	2455.48	2683.16
1416.4	-401.608	5867.29
-561.592	3441.39	4577.61
2387.87	617.316	2659
288.803	1838.11	4117.85
-629.051	2209.55	2467.14
1692.44	1821.06	7183.32
854.299	1821.88	2205.05
3601.76	542.434	6619.61
-487.514	3247.34	5176.37
2117.46	2114.12	7241.44
1237.41	1905.79	2313.95
344.41	-449.735	3890.13
913.408	-802.77	6774.09
1511.91	-112.151	4538.6
-967.973	787.282	4726.09
3411.03	1473.9	2684.04
1089.29	2529.53	7067.52
3804.33	516.852	3071.21
2193.24	1.64566	3199.44
2693.39	737.247	4572.06
1653.15	-335.641	3976.07
1376.56	3992.69	4569.87
1479.93	2540.33	3526.68
3863.4	1469.87	4159.77
-49.2125	-718.613	5383.55
-1375.26	3166.59	4122.93
1066.09	2804.91	6452.32
3542.57	3402.26	2469.74
1824.02	380.941	4506.08
-1168.69	2684.73	4075.03
1239.63	3472.24	6679.6
2237.12	3637.88	5031.51
2533.31	2223.69	3906.75
-506.386	3919.67	4264.21
2461.5	599.562	6669.86
344.302	2199.64	4022.54
-673.656	2241.26	3603.2
-304.178	2609.92	5823.25
2722.93	1590.45	5365.79
-804.136	184.09	3218.14
1879.31	285.488	2079.93
-421.334	2565.4	4535.13
1065.95	2407.04	5805.05
3200.62	680.506	3394.94
3261.25	-301.707	4211.54
198.884	457.09	6791.17
3514.93	1993.46	3893.72
1718.83	362.84	5841.61
