1715.61	2448.44	2754.79
2933.36	2570.98	2809.37
1498.69	-424.943	6208.2
-596.926	3657.92	4865.62
2505.49	647.722	2789.97
305.943	1947.2	4362.24
-667.127	2343.29	2616.47
1790.84	1926.95	7600.99
900.695	1920.82	2324.81
3782.29	569.621	6951.4
-518.5	3453.74	5505.38
2236.92	2233.4	7649.98
1302.88	2006.62	2436.37
364.927	-476.527	4121.87
969.667	-852.215	7191.32
1596.12	-118.397	4791.38
-1031.58	839.012	5036.63
3564.41	1540.18	2804.73
1154.83	2681.73	7492.77
3972.81	539.741	3207.22
2305.12	1.72963	3362.64
2830.05	774.653	4804.04
1743.07	-353.897	4192.34
1452.12	4211.86	4820.73
1559.05	2676.16	3715.24
4038.33	1536.43	4348.12
-52.3347	-764.204	5725.1
-1465.57	3374.53	4393.66
1129.28	2971.16	6834.76
3696.7	3550.28	2577.19
1922.94	401.6	4750.46
-1244.55	2859.01	4339.57
1312.37	3675.96	7071.51
2353.98	3827.91	5294.34
2659.77	2334.7	4101.78
-537.817	4162.96	4528.89
2596.2	632.372	7034.85
364.568	2329.11	4259.31
-715.665	2381.02	3827.9
-323.64	2776.91	6195.83
2863.07	1672.31	5641.95
-854.822	195.694	3420.99
1974.33	299.922	2185.09
-447.704	2725.96	4818.97
1128.28	2547.77	6144.46
3351.27	712.536	3554.74
3418.83	-316.285	4415.03
211.631	486.387	7226.44
3676.96	2085.36	4073.21
1816.1	383.372	6172.17
1715.61	2448.44	2754.79
2933.36	2570.98	2809.37
1498.69	-424.943	6208.2
-596.926	3657.92	4865.62
2505.49	647.722	2789.97
305.943	1947.2	4362.24
-667.127	2343.29	2616.47
1790.84	1926.95	7600.99
900.695	1920.82	2324.81
3782.29	569.621	6951.4
-518.5	3453.74	5505.38
2236.92	2233.4	7649.98
1302.88	2006.62	2436.37
364.927	-476.527	4121.87
969.667	-852.215	7191.32
1596.12	-118.397	4791.38
-1031.58	839.012	5036.63
3564.41	1540.18	2804.73
1154.83	2681.73	7492.77
3972.81	539.741	3207.22
2305.12	1.72963	3362.64
2830.05	774.653	4804.04
1743.07	-353.897	4192.34
1452.12	4211.86	4820.73
1559.05	2676.16	3715.24
4038.33	1536.43	4348.12
-52.3347	-764.204	5725.1
-1465.57	3374.53	4393.66
1129.28	2971.16	6834.76
3696.7	3550.28	2577.19
1922.94	401.6	4750.46
-1244.55	2859.01	4339.57
1312.37	3675.96	7071.51
2353.98	3827.91	5294.34
2659.77	2334.7	4101.78
-537.817	4162.96	4528.89
2596.2	632.372	7034.85
364.568	2329.11	4259.31
-715.665	2381.02	3827.9
-323.64	2776.91	6195.83
2863.07	1672.31	5641.95
-854.822	195.694	3420.99
1974.33	299.922	2185.09
-447.704	2725.96	4818.97
1128.28	2547.77	6144.46
3351.27	712.536	3554.74
3418.83	-316.285	4415.03
211.631	486.387	7226.44
3676.96	2085.36	4073.21
1816.1	383.372	6172.17
1715.61	2448.44	2754.79
2933.36	2570.98	2809.37
1498.69	-424.943	6208.2
-596.926	3657.92	4865.62
2505.49	647.722	2789.97
305.943	1947.2	4362.24
-667.127	2343.29	2616.47
1790.84	1926.95	7600.99
900.695	1920.82	2324.81
3782.29	569.621	6951.4
-518.5	3453.74	5505.38
2236.92	2233.4	7649.98
1302.88	2006.62	2436.37
364.927	-476.527	4121.87
969.667	-852.215	7191.32
1596.12	-118.397	4791.38
-1031.58	839.012	5036.63
3564.41	1540.18	2804.73
1154.83	2681.73	7492.77
3972.81	539.741	3207.22
2305.12	1.72963	3362.64
2830.05	774.653	4804.04
1743.07	-353.897	4192.34
1452.12	4211.86	4820.73
1559.05	2676.16	3715.24
4038.33	1536.43	4348.12
-52.3347	-764.204	5725.1
-1465.57	3374.53	4393.66
1129.28	2971.16	6834.76
3696.7	3550.28	2577.19
1922.94	401.6	4750.46
-1244.55	2859.01	4339.57
1312.37	3675.96	7071.51
2353.98	3827.91	5294.34
2659.77	2334.7	4101.78
-537.817	4162.96	4528.89
2596.2	632.372	7034.85
364.568	2329.11	4259.31
-715.665	2381.02	3827.9
-323.64	2776.91	6195.83
2863.07	1672.31	5641.95
-854.822	195.694	3420.99
1974.33	299.922	2185.09
-447.704	2725.96	4818.97
1128.28	2547.77	6144.46
3351.27	712.536	3554.74
3418.83	-316.285	4415.03
211.631	486.387	7226.44
3676.96	2085.36	4073.21
1816.1	383.372	6172.17
1715.61	2448.44	2754.79
2933.36	2570.98	2809.37
1498.69	-424.943	6208.2
-596.926	3657.92	4865.62
2505.49	647.722	2789.97
305.943	1947.2	4362.24
-667.127	2343.29	2616.47
1790.84	1926.95	7600.99
900.695	1920.82	2324.81
3782.29	569.621	6951.4
-518.5	3453.74	5505.38
2236.92	2233.4	7649.98
1302.88	2006.62	2436.37
364.927	-476.527	4121.87
969.667	-852.215	7191.32
1596.12	-118.397	4791.38
-1031.58	839.012	5036.63
3564.41	1540.18	2804.73
1154.83	2681.73	7492.77
3972.81	539.741	3207.22
2305.12	1.72963	3362.64
2830.05	774.653	4804.04
1743.07	-353.897	4192.34
1452.12	4211.86	4820.73
1559.05	2676.16	3715.24
4038.33	1536.43	4348.12
-52.3347	-764.204	5725.1
-1465.57	3374.53	4393.66
1129.28	2971.16	6834.76
3696.7	3550.28	2577.19
1922.94	401.6	4750.46
-1244.55	2859.01	4339.57
1312.37	3675.96	7071.51
2353.98	3827.91	5294.34
2659.77	2334.7	4101.78
-537.817	4162.96	4528.89
2596.2	632.372	7034.85
364.568	2329.11	4259.31
-715.665	2381.02	3827.9
-323.64	2776.91	6195.83
2863.07	1672.31	5641.95
-854.822	195.694	3420.99
1974.33	299.922	2185.09
-447.704	2725.96	4818.97
1128.28	2547.77	6144.46
3351.27	712.536	3554.74
3418.83	-316.285	4415.03
211.631	486.387	7226.44
3676.96	2085.36	4073.21
1816.1	383.372	6172.17
1715.61	2448.44	2754.79
2933.36	2570.98	2809.37
1498.69	-424.943	6208.2
-596.926	3657.92	4865.62
2505.49	647.722	2789.97
305.943	1947.2	4362.24
-667.127	2343.29	2616.47
1790.84	1926.95	7600.99
900.695	1920.82	2324.81
3782.29	569.621	6951.4
-518.5	3453.74	5505.38
2236.92	2233.4	7649.98
1302.88	2006.62	2436.37
364.927	-476.527	4121.87
969.667	-852.215	7191.32
1596.12	-118.397	4791.38
-1031.58	839.012	5036.63
3564.41	1540.18	2804.73
1154.83	2681.73	7492.77
3972.81	539.741	3207.22
2305.12	1.72963	3362.64
2830.05	774.653	4804.04
1743.07	-353.897	4192.34
1452.12	4211.86	4820.73
1559.05	2676.16	3715.24
4038.33	1536.43	4348.12
-52.3347	-764.204	5725.1
-1465.57	3374.53	4393.66
1129.28	2971.16	6834.76
3696.7	3550.28	2577.19
1922.94	401.6	4750.46
-1244.55	2859.01	4339.57
1312.37	3675.96	7071.51
2353.98	3827.91	5294.34
2659.77	2334.7	4101.78
-537.817	4162.96	4528.89
2596.2	632.372	7034.85
364.568	2329.11	4259.31
-715.665	2381.02	3827.9
-323.64	2776.91	6195.83
2863.07	1672.31	5641.95
-854.822	195.694	3420.99
1974.33	299.922	2185.09
-447.704	2725.96	4818.97
1128.28	2547.77	6144.46
3351.27	712.536	3554.74
3418.83	-316.285	4415.03
211.631	486.387	7226.44
3676.96	2085.36	4073.21
1816.1	383.372	6172.17
