1699.84	2425.93	2729.47
2906.56	2547.49	2783.71
1489.82	-422.428	6171.46
-590.186	3616.61	4810.68
2488.46	643.32	2771.01
303.204	1929.77	4323.18
-660.808	2321.1	2591.69
1774.83	1909.72	7533.03
892.912	1904.22	2304.72
3756.47	565.734	6903.96
-512.757	3415.48	5444.4
2216.23	2212.74	7579.24
1291.56	1989.19	2415.21
362.782	-473.726	4097.64
964.278	-847.479	7151.36
1586.28	-117.667	4761.84
-1023.47	832.418	4997.05
3536.85	1528.27	2783.05
1143.3	2654.95	7417.95
3947.24	536.268	3186.59
2291.13	1.7191	3342.23
2810.04	769.177	4770.08
1732.98	-351.848	4168.06
1435.25	4162.93	4764.73
1544.11	2650.5	3679.62
4006.93	1524.48	4314.31
-52.035	-759.827	5692.31
-1449.37	3337.23	4345.1
1117.65	2940.57	6764.39
3658.97	3514.05	2550.89
1909.94	398.886	4718.35
-1231.65	2829.38	4294.58
1297.72	3634.93	6992.58
2328.04	3785.73	5236.01
2635.85	2313.7	4064.88
-531.427	4113.5	4475.08
2577.71	627.868	6984.74
361.137	2307.19	4219.23
-708.772	2358.09	3791.03
-320.321	2748.42	6132.28
2839.43	1658.5	5595.36
-848.94	194.347	3397.45
1961.68	298.001	2171.09
-443.182	2698.43	4770.3
1117.32	2523.04	6084.81
3328.51	707.697	3530.59
3399.83	-314.527	4390.49
210.07	482.798	7173.1
3645.7	2067.62	4038.58
1803.61	380.736	6129.73
1699.84	2425.93	2729.47
2906.56	2547.49	2783.71
1489.82	-422.428	6171.46
-590.186	3616.61	4810.68
2488.46	643.32	2771.01
303.204	1929.77	4323.18
-660.808	2321.1	2591.69
1774.83	1909.72	7533.03
892.912	1904.22	2304.72
3756.47	565.734	6903.96
-512.757	3415.48	5444.4
2216.23	2212.74	7579.24
1291.56	1989.19	2415.21
362.782	-473.726	4097.64
964.278	-847.479	7151.36
1586.28	-117.667	4761.84
-1023.47	832.418	4997.05
3536.85	1528.27	2783.05
1143.3	2654.95	7417.95
3947.24	536.268	3186.59
2291.13	1.7191	3342.23
2810.04	769.177	4770.08
1732.98	-351.848	4168.06
1435.25	4162.93	4764.73
1544.11	2650.5	3679.62
4006.93	1524.48	4314.31
-52.035	-759.827	5692.31
-1449.37	3337.23	4345.1
1117.65	2940.57	6764.39
3658.97	3514.05	2550.89
1909.94	398.886	4718.35
-1231.65	2829.38	4294.58
1297.72	3634.93	6992.58
2328.04	3785.73	5236.01
2635.85	2313.7	4064.88
-531.427	4113.5	4475.08
2577.71	627.868	6984.74
361.137	2307.19	4219.23
-708.772	2358.09	3791.03
-320.321	2748.42	6132.28
2839.43	1658.5	5595.36
-848.94	194.347	3397.45
1961.68	298.001	2171.09
-443.182	2698.43	4770.3
1117.32	2523.04	6084.81
3328.51	707.697	3530.59
3399.83	-314.527	4390.49
210.07	482.798	7173.1
3645.7	2067.62	4038.58
1803.61	380.736	6129.73
1699.84	2425.93	2729.47
2906.56	2547.49	2783.71
1489.82	-422.428	6171.46
-590.186	3616.61	4810.68
2488.46	643.32	2771.01
303.204	1929.77	4323.18
-660.808	2321.1	2591.69
1774.83	1909.72	7533.03
892.912	1904.22	2304.72
3756.47	565.734	6903.96
-512.757	3415.48	5444.4
2216.23	2212.74	7579.24
1291.56	1989.19	2415.21
362.782	-473.726	4097.64
964.278	-847.479	7151.36
1586.28	-117.667	4761.84
-1023.47	832.418	4997.05
3536.85	1528.27	2783.05
1143.3	2654.95	7417.95
3947.24	536.268	3186.59
2291.13	1.7191	3342.23
2810.04	769.177	4770.08
1732.98	-351.848	4168.06
1435.25	4162.93	4764.73
1544.11	2650.5	3679.62
4006.93	1524.48	4314.31
-52.035	-759.827	5692.31
-1449.37	3337.23	4345.1
1117.65	2940.57	6764.39
3658.97	3514.05	2550.89
1909.94	398.886	4718.35
-1231.65	2829.38	4294.58
1297.72	3634.93	6992.58
2328.04	3785.73	5236.01
2635.85	2313.7	4064.88
-531.427	4113.5	4475.08
2577.71	627.868	6984.74
361.137	2307.19	4219.23
-708.772	2358.09	3791.03
-320.321	2748.42	6132.28
2839.43	1658.5	5595.36
-848.94	194.347	3397.45
1961.68	298.001	2171.09
-443.182	2698.43	4770.3
1117.32	2523.04	6084.81
3328.51	707.697	3530.59
3399.83	-314.527	4390.49
210.07	482.798	7173.1
3645.7	2067.62	4038.58
1803.61	380.736	6129.73
1699.84	2425.93	2729.47
2906.56	2547.49	2783.71
1489.82	-422.428	6171.46
-590.186	3616.61	4810.68
2488.46	643.32	2771.01
303.204	1929.77	4323.18
-660.808	2321.1	2591.69
1774.83	1909.72	7533.03
892.912	1904.22	2304.72
3756.47	565.734	6903.96
-512.757	3415.48	5444.4
2216.23	2212.74	7579.24
1291.56	1989.19	2415.21
362.782	-473.726	4097.64
964.278	-847.479	7151.36
1586.28	-117.667	4761.84
-1023.47	832.418	4997.05
3536.85	1528.27	2783.05
1143.3	2654.95	7417.95
3947.24	536.268	3186.59
2291.13	1.7191	3342.23
2810.04	769.177	4770.08
1732.98	-351.848	4168.06
1435.25	4162.93	4764.73
1544.11	2650.5	3679.62
4006.93	1524.48	4314.31
-52.035	-759.827	5692.31
-1449.37	3337.23	4345.1
1117.65	2940.57	6764.39
3658.97	3514.05	2550.89
1909.94	398.886	4718.35
-1231.65	2829.38	4294.58
1297.72	3634.93	6992.58
2328.04	3785.73	5236.01
2635.85	2313.7	4064.88
-531.427	4113.5	4475.08
2577.71	627.868	6984.74
361.137	2307.19	4219.23
-708.772	2358.09	3791.03
-320.321	2748.42	6132.28
2839.43	1658.5	5595.36
-848.94	194.347	3397.45
1961.68	298.001	2171.09
-443.182	2698.43	4770.3
1117.32	2523.04	6084.81
3328.51	707.697	3530.59
3399.83	-314.527	4390.49
210.07	482.798	7173.1
3645.7	2067.62	4038.58
1803.61	380.736	6129.73
1699.84	2425.93	2729.47
2906.56	2547.49	2783.71
1489.82	-422.428	6171.46
-590.186	3616.61	4810.68
2488.46	643.32	2771.01
303.204	1929.77	4323.18
-660.808	2321.1	2591.69
1774.83	1909.72	7533.03
892.912	1904.22	2304.72
3756.47	565.734	6903.96
-512.757	3415.48	5444.4
2216.23	2212.74	7579.24
1291.56	1989.19	2415.21
362.782	-473.726	4097.64
964.278	-847.479	7151.36
1586.28	-117.667	4761.84
-1023.47	832.418	4997.05
3536.85	1528.27	2783.05
1143.3	2654.95	7417.95
3947.24	536.268	3186.59
2291.13	1.7191	3342.23
2810.04	769.177	4770.08
1732.98	-351.848	4168.06
1435.25	4162.93	4764.73
1544.11	2650.5	3679.62
4006.93	1524.48	4314.31
-52.035	-759.827	5692.31
-1449.37	3337.23	4345.1
1117.65	2940.57	6764.39
3658.97	3514.05	2550.89
1909.94	398.886	4718.35
-1231.65	2829.38	4294.58
1297.72	3634.93	6992.58
2328.04	3785.73	5236.01
2635.85	2313.7	4064.88
-531.427	4113.5	4475.08
2577.71	627.868	6984.74
361.137	2307.19	4219.23
-708.772	2358.09	3791.03
-320.321	2748.42	6132.28
2839.43	1658.5	5595.36
-848.94	194.347	3397.45
1961.68	298.001	2171.09
-443.182	2698.43	4770.3
1117.32	2523.04	6084.81
3328.51	707.697	3530.59
3399.83	-314.527	4390.49
210.07	482.798	7173.1
3645.7	2067.62	4038.58
1803.61	380.736	6129.73
