3.622323773347251290e+02	2.625425530358063497e+02
4.817493299180958957e+02	2.565235976450811677e+02
3.504781116834680006e+02	3.372636097741043955e+02
3.523204914594248294e+02	2.803173212372720968e+02
3.507893454586988469e+02	2.410931547244140631e+02
3.977589138774500270e+02	2.005137755598074705e+02
3.736083870398112481e+02	2.456226384667218383e+02
3.834125519289536328e+02	3.073983694085557090e+02
4.554342898184265778e+02	3.642227786432644621e+02
3.558795277542365625e+02	3.237672709351447793e+02
4.124692869751596049e+02	2.576604460413586821e+02
3.660933497529643432e+02	2.488982829998430759e+02
4.598742804976351977e+02	2.430967948847353171e+02
4.553231163632879088e+02	2.823647279398636556e+02
3.937116103059811962e+02	1.929166071291732862e+02
4.235164898936379814e+02	3.190256631235476448e+02
3.877887891118028278e+02	3.261128291775035564e+02
4.336014208000438543e+02	2.360455950494804256e+02
5.010994065180670987e+02	2.345812415133515856e+02
3.365823433159411593e+02	1.644164706386932551e+02
4.375169691429214822e+02	3.305111204179671631e+02
4.976443805000873226e+02	1.837580175355371921e+02
3.372359593626219407e+02	2.816778188047091476e+02
4.109540529397432920e+02	1.914641409153795450e+02
3.820369139599769142e+02	2.809941383725667379e+02
4.292100037222204492e+02	2.565502914989660894e+02
4.641658631331970355e+02	2.430717592515329670e+02
4.692542309215767204e+02	2.408340584111965370e+02
4.512903844612040984e+02	1.953478209059163930e+02
3.786375183701271112e+02	3.154879930882545978e+02
3.209606690605527888e+02	2.909983167057430933e+02
3.785848290688784914e+02	2.440169903130521618e+02
4.566793154319920518e+02	3.322893291127844577e+02
3.157195234441945217e+02	2.428375220787935120e+02
4.466588955316620968e+02	3.207159918823296039e+02
4.505518730394385898e+02	1.990638766257338546e+02
3.259713503320017480e+02	2.607160909551285499e+02
4.314013559361375201e+02	3.419211392969576195e+02
4.025281160402772116e+02	3.247959740038756422e+02
3.337317136925974523e+02	1.709212311107362439e+02
4.027513469363395870e+02	1.818104824270477593e+02
3.756654941833413091e+02	2.394597177080505332e+02
3.704682240515829221e+02	3.067993264714523320e+02
3.972251259382034618e+02	2.811978928440168488e+02
4.257834765261137591e+02	2.646487860023948997e+02
4.318283914492083682e+02	3.311012893653820015e+02
4.066245542451733854e+02	1.820897729772038645e+02
4.083207700994460083e+02	2.159942828962728072e+02
3.740437118628117332e+02	1.981110817716314045e+02
3.916714652889874060e+02	2.628402561657459273e+02
