-405.94	-597.051	4852.84
-182.614	956.207	3725.61
-265.198	1135.12	4124.39
-438.406	451.424	3137.79
745.047	956.738	4639.84
116.753	840.535	3604.44
685.239	-607.968	3675.39
-700.207	617.647	4215.16
815.563	-482.614	4230.76
-654.72	-317.584	3581.61
147.296	1077.61	3256.06
340.957	477.217	3694.01
-96.9242	170.071	4036.01
-625.535	-883.246	5034.02
-156.236	-65.6537	4898.42
-337.36	624.135	4800.1
445.99	1166.87	4446.58
694.048	-174.159	4521.36
735.625	766.362	4553.05
217.442	-56.8325	5070.56
-12.9238	106.565	3135.71
-671.536	1011.77	4902.45
700.815	659.847	4751.65
400.062	902.98	3929.82
111.365	866.94	3201.3
975.523	289.934	5176.57
220.766	-598.551	4214.28
735.422	-399.383	3957.74
1294.15	-498.062	4215.62
-684.711	-156.226	3112.66
-568.446	-47.9188	4077.28
65.494	-639.528	4608.32
463.354	144.022	4137.82
-660.353	1113.88	3793.98
168.2	458.644	4694.38
375.934	-71.9187	3806.24
-253.063	-367.334	3216.23
948.338	777.176	4219.35
1196.42	-255.965	4541.54
-309.854	1083.44	3922.58
155.079	1025.75	3512.75
-798.047	288.157	3345.56
-375.67	206.665	4920.09
1063.65	281.483	3581.12
322.814	195.312	4626.87
1056.06	1.78018	3644.25
-704.382	-121.134	3689.31
963.549	-332.532	4867.76
-457.447	426.476	4815.78
644.358	818.125	3877.89
-405.94	-597.051	4852.84
-182.614	956.207	3725.61
-265.198	1135.12	4124.39
-438.406	451.424	3137.79
745.047	956.738	4639.84
116.753	840.535	3604.44
685.239	-607.968	3675.39
-700.207	617.647	4215.16
815.563	-482.614	4230.76
-654.72	-317.584	3581.61
147.296	1077.61	3256.06
340.957	477.217	3694.01
-96.9242	170.071	4036.01
-625.535	-883.246	5034.02
-156.236	-65.6537	4898.42
-337.36	624.135	4800.1
445.99	1166.87	4446.58
694.048	-174.159	4521.36
735.625	766.362	4553.05
217.442	-56.8325	5070.56
-12.9238	106.565	3135.71
-671.536	1011.77	4902.45
700.815	659.847	4751.65
400.062	902.98	3929.82
111.365	866.94	3201.3
975.523	289.934	5176.57
220.766	-598.551	4214.28
735.422	-399.383	3957.74
1294.15	-498.062	4215.62
-684.711	-156.226	3112.66
-568.446	-47.9188	4077.28
65.494	-639.528	4608.32
463.354	144.022	4137.82
-660.353	1113.88	3793.98
168.2	458.644	4694.38
375.934	-71.9187	3806.24
-253.063	-367.334	3216.23
948.338	777.176	4219.35
1196.42	-255.965	4541.54
-309.854	1083.44	3922.58
155.079	1025.75	3512.75
-798.047	288.157	3345.56
-375.67	206.665	4920.09
1063.65	281.483	3581.12
322.814	195.312	4626.87
1056.06	1.78018	3644.25
-704.382	-121.134	3689.31
963.549	-332.532	4867.76
-457.447	426.476	4815.78
644.358	818.125	3877.89
-405.94	-597.051	4852.84
-182.614	956.207	3725.61
-265.198	1135.12	4124.39
-438.406	451.424	3137.79
745.047	956.738	4639.84
116.753	840.535	3604.44
685.239	-607.968	3675.39
-700.207	617.647	4215.16
815.563	-482.614	4230.76
-654.72	-317.584	3581.61
147.296	1077.61	3256.06
340.957	477.217	3694.01
-96.9242	170.071	4036.01
-625.535	-883.246	5034.02
-156.236	-65.6537	4898.42
-337.36	624.135	4800.1
445.99	1166.87	4446.58
694.048	-174.159	4521.36
735.625	766.362	4553.05
217.442	-56.8325	5070.56
-12.9238	106.565	3135.71
-671.536	1011.77	4902.45
700.815	659.847	4751.65
400.062	902.98	3929.82
111.365	866.94	3201.3
975.523	289.934	5176.57
220.766	-598.551	4214.28
735.422	-399.383	3957.74
1294.15	-498.062	4215.62
-684.711	-156.226	3112.66
-568.446	-47.9188	4077.28
65.494	-639.528	4608.32
463.354	144.022	4137.82
-660.353	1113.88	3793.98
168.2	458.644	4694.38
375.934	-71.9187	3806.24
-253.063	-367.334	3216.23
948.338	777.176	4219.35
1196.42	-255.965	4541.54
-309.854	1083.44	3922.58
155.079	1025.75	3512.75
-798.047	288.157	3345.56
-375.67	206.665	4920.09
1063.65	281.483	3581.12
322.814	195.312	4626.87
1056.06	1.78018	3644.25
-704.382	-121.134	3689.31
963.549	-332.532	4867.76
-457.447	426.476	4815.78
644.358	818.125	3877.89
-405.94	-597.051	4852.84
-182.614	956.207	3725.61
-265.198	1135.12	4124.39
-438.406	451.424	3137.79
745.047	956.738	4639.84
116.753	840.535	3604.44
685.239	-607.968	3675.39
-700.207	617.647	4215.16
815.563	-482.614	4230.76
-654.72	-317.584	3581.61
147.296	1077.61	3256.06
340.957	477.217	3694.01
-96.9242	170.071	4036.01
-625.535	-883.246	5034.02
-156.236	-65.6537	4898.42
-337.36	624.135	4800.1
445.99	1166.87	4446.58
694.048	-174.159	4521.36
735.625	766.362	4553.05
217.442	-56.8325	5070.56
-12.9238	106.565	3135.71
-671.536	1011.77	4902.45
700.815	659.847	4751.65
400.062	902.98	3929.82
111.365	866.94	3201.3
975.523	289.934	5176.57
220.766	-598.551	4214.28
735.422	-399.383	3957.74
1294.15	-498.062	4215.62
-684.711	-156.226	3112.66
-568.446	-47.9188	4077.28
65.494	-639.528	4608.32
463.354	144.022	4137.82
-660.353	1113.88	3793.98
168.2	458.644	4694.38
375.934	-71.9187	3806.24
-253.063	-367.334	3216.23
948.338	777.176	4219.35
1196.42	-255.965	4541.54
-309.854	1083.44	3922.58
155.079	1025.75	3512.75
-798.047	288.157	3345.56
-375.67	206.665	4920.09
1063.65	281.483	3581.12
322.814	195.312	4626.87
1056.06	1.78018	3644.25
-704.382	-121.134	3689.31
963.549	-332.532	4867.76
-457.447	426.476	4815.78
644.358	818.125	3877.89
-405.94	-597.051	4852.84
-182.614	956.207	3725.61
-265.198	1135.12	4124.39
-438.406	451.424	3137.79
745.047	956.738	4639.84
116.753	840.535	3604.44
685.239	-607.968	3675.39
-700.207	617.647	4215.16
815.563	-482.614	4230.76
-654.72	-317.584	3581.61
147.296	1077.61	3256.06
340.957	477.217	3694.01
-96.9242	170.071	4036.01
-625.535	-883.246	5034.02
-156.236	-65.6537	4898.42
-337.36	624.135	4800.1
445.99	1166.87	4446.58
694.048	-174.159	4521.36
735.625	766.362	4553.05
217.442	-56.8325	5070.56
-12.9238	106.565	3135.71
-671.536	1011.77	4902.45
700.815	659.847	4751.65
400.062	902.98	3929.82
111.365	866.94	3201.3
975.523	289.934	5176.57
220.766	-598.551	4214.28
735.422	-399.383	3957.74
1294.15	-498.062	4215.62
-684.711	-156.226	3112.66
-568.446	-47.9188	4077.28
65.494	-639.528	4608.32
463.354	144.022	4137.82
-660.353	1113.88	3793.98
168.2	458.644	4694.38
375.934	-71.9187	3806.24
-253.063	-367.334	3216.23
948.338	777.176	4219.35
1196.42	-255.965	4541.54
-309.854	1083.44	3922.58
155.079	1025.75	3512.75
-798.047	288.157	3345.56
-375.67	206.665	4920.09
1063.65	281.483	3581.12
322.814	195.312	4626.87
1056.06	1.78018	3644.25
-704.382	-121.134	3689.31
963.549	-332.532	4867.76
-457.447	426.476	4815.78
644.358	818.125	3877.89
