-430.956	-633.845	5151.9
-193.868	1015.13	3955.2
-281.54	1205.07	4378.53
-465.421	479.241	3331.14
790.972	1015.71	4925.84
123.948	892.335	3826.58
727.478	-645.444	3901.95
-743.352	655.706	4474.89
865.84	-512.366	4491.57
-695.064	-337.153	3802.3
156.373	1144.02	3456.72
361.972	506.63	3921.69
-102.897	180.552	4284.74
-664.083	-937.677	5344.24
-165.864	-69.6998	5200.3
-358.15	662.596	5095.9
473.478	1238.79	4720.64
736.83	-184.894	4800.07
780.971	813.602	4833.71
230.844	-60.3353	5383.08
-13.7202	113.133	3328.95
-712.914	1074.11	5204.53
744.013	700.52	5044.54
424.719	958.634	4172.03
118.228	920.367	3398.59
1035.66	307.808	5495.69
234.372	-635.442	4474.03
780.755	-424.002	4201.7
1373.93	-528.769	4475.52
-726.901	-165.852	3304.45
-603.474	-50.8715	4328.53
69.5306	-678.945	4892.36
491.914	152.899	4392.87
-701.04	1182.51	4027.75
178.567	486.91	4983.7
399.105	-76.3516	4040.84
-268.659	-389.972	3414.44
1006.8	825.083	4479.45
1270.18	-271.746	4821.54
-328.948	1150.2	4164.3
164.636	1088.96	3729.23
-847.219	305.912	3551.7
-398.821	219.401	5223.29
1129.22	298.835	3801.88
342.71	207.35	4912.04
1121.16	1.88988	3868.91
-747.784	-128.598	3916.64
1022.95	-353.032	5167.84
-485.636	452.756	5112.54
684.075	868.552	4116.92
-430.956	-633.845	5151.9
-193.868	1015.13	3955.2
-281.54	1205.07	4378.53
-465.421	479.241	3331.14
790.972	1015.71	4925.84
123.948	892.335	3826.58
727.478	-645.444	3901.95
-743.352	655.706	4474.89
865.84	-512.366	4491.57
-695.064	-337.153	3802.3
156.373	1144.02	3456.72
361.972	506.63	3921.69
-102.897	180.552	4284.74
-664.083	-937.677	5344.24
-165.864	-69.6998	5200.3
-358.15	662.596	5095.9
473.478	1238.79	4720.64
736.83	-184.894	4800.07
780.971	813.602	4833.71
230.844	-60.3353	5383.08
-13.7202	113.133	3328.95
-712.914	1074.11	5204.53
744.013	700.52	5044.54
424.719	958.634	4172.03
118.228	920.367	3398.59
1035.66	307.808	5495.69
234.372	-635.442	4474.03
780.755	-424.002	4201.7
1373.93	-528.769	4475.52
-726.901	-165.852	3304.45
-603.474	-50.8715	4328.53
69.5306	-678.945	4892.36
491.914	152.899	4392.87
-701.04	1182.51	4027.75
178.567	486.91	4983.7
399.105	-76.3516	4040.84
-268.659	-389.972	3414.44
1006.8	825.083	4479.45
1270.18	-271.746	4821.54
-328.948	1150.2	4164.3
164.636	1088.96	3729.23
-847.219	305.912	3551.7
-398.821	219.401	5223.29
1129.22	298.835	3801.88
342.71	207.35	4912.04
1121.16	1.88988	3868.91
-747.784	-128.598	3916.64
1022.95	-353.032	5167.84
-485.636	452.756	5112.54
684.075	868.552	4116.92
-430.956	-633.845	5151.9
-193.868	1015.13	3955.2
-281.54	1205.07	4378.53
-465.421	479.241	3331.14
790.972	1015.71	4925.84
123.948	892.335	3826.58
727.478	-645.444	3901.95
-743.352	655.706	4474.89
865.84	-512.366	4491.57
-695.064	-337.153	3802.3
156.373	1144.02	3456.72
361.972	506.63	3921.69
-102.897	180.552	4284.74
-664.083	-937.677	5344.24
-165.864	-69.6998	5200.3
-358.15	662.596	5095.9
473.478	1238.79	4720.64
736.83	-184.894	4800.07
780.971	813.602	4833.71
230.844	-60.3353	5383.08
-13.7202	113.133	3328.95
-712.914	1074.11	5204.53
744.013	700.52	5044.54
424.719	958.634	4172.03
118.228	920.367	3398.59
1035.66	307.808	5495.69
234.372	-635.442	4474.03
780.755	-424.002	4201.7
1373.93	-528.769	4475.52
-726.901	-165.852	3304.45
-603.474	-50.8715	4328.53
69.5306	-678.945	4892.36
491.914	152.899	4392.87
-701.04	1182.51	4027.75
178.567	486.91	4983.7
399.105	-76.3516	4040.84
-268.659	-389.972	3414.44
1006.8	825.083	4479.45
1270.18	-271.746	4821.54
-328.948	1150.2	4164.3
164.636	1088.96	3729.23
-847.219	305.912	3551.7
-398.821	219.401	5223.29
1129.22	298.835	3801.88
342.71	207.35	4912.04
1121.16	1.88988	3868.91
-747.784	-128.598	3916.64
1022.95	-353.032	5167.84
-485.636	452.756	5112.54
684.075	868.552	4116.92
-430.956	-633.845	5151.9
-193.868	1015.13	3955.2
-281.54	1205.07	4378.53
-465.421	479.241	3331.14
790.972	1015.71	4925.84
123.948	892.335	3826.58
727.478	-645.444	3901.95
-743.352	655.706	4474.89
865.84	-512.366	4491.57
-695.064	-337.153	3802.3
156.373	1144.02	3456.72
361.972	506.63	3921.69
-102.897	180.552	4284.74
-664.083	-937.677	5344.24
-165.864	-69.6998	5200.3
-358.15	662.596	5095.9
473.478	1238.79	4720.64
736.83	-184.894	4800.07
780.971	813.602	4833.71
230.844	-60.3353	5383.08
-13.7202	113.133	3328.95
-712.914	1074.11	5204.53
744.013	700.52	5044.54
424.719	958.634	4172.03
118.228	920.367	3398.59
1035.66	307.808	5495.69
234.372	-635.442	4474.03
780.755	-424.002	4201.7
1373.93	-528.769	4475.52
-726.901	-165.852	3304.45
-603.474	-50.8715	4328.53
69.5306	-678.945	4892.36
491.914	152.899	4392.87
-701.04	1182.51	4027.75
178.567	486.91	4983.7
399.105	-76.3516	4040.84
-268.659	-389.972	3414.44
1006.8	825.083	4479.45
1270.18	-271.746	4821.54
-328.948	1150.2	4164.3
164.636	1088.96	3729.23
-847.219	305.912	3551.7
-398.821	219.401	5223.29
1129.22	298.835	3801.88
342.71	207.35	4912.04
1121.16	1.88988	3868.91
-747.784	-128.598	3916.64
1022.95	-353.032	5167.84
-485.636	452.756	5112.54
684.075	868.552	4116.92
-430.956	-633.845	5151.9
-193.868	1015.13	3955.2
-281.54	1205.07	4378.53
-465.421	479.241	3331.14
790.972	1015.71	4925.84
123.948	892.335	3826.58
727.478	-645.444	3901.95
-743.352	655.706	4474.89
865.84	-512.366	4491.57
-695.064	-337.153	3802.3
156.373	1144.02	3456.72
361.972	506.63	3921.69
-102.897	180.552	4284.74
-664.083	-937.677	5344.24
-165.864	-69.6998	5200.3
-358.15	662.596	5095.9
473.478	1238.79	4720.64
736.83	-184.894	4800.07
780.971	813.602	4833.71
230.844	-60.3353	5383.08
-13.7202	113.133	3328.95
-712.914	1074.11	5204.53
744.013	700.52	5044.54
424.719	958.634	4172.03
118.228	920.367	3398.59
1035.66	307.808	5495.69
234.372	-635.442	4474.03
780.755	-424.002	4201.7
1373.93	-528.769	4475.52
-726.901	-165.852	3304.45
-603.474	-50.8715	4328.53
69.5306	-678.945	4892.36
491.914	152.899	4392.87
-701.04	1182.51	4027.75
178.567	486.91	4983.7
399.105	-76.3516	4040.84
-268.659	-389.972	3414.44
1006.8	825.083	4479.45
1270.18	-271.746	4821.54
-328.948	1150.2	4164.3
164.636	1088.96	3729.23
-847.219	305.912	3551.7
-398.821	219.401	5223.29
1129.22	298.835	3801.88
342.71	207.35	4912.04
1121.16	1.88988	3868.91
-747.784	-128.598	3916.64
1022.95	-353.032	5167.84
-485.636	452.756	5112.54
684.075	868.552	4116.92
