-406.075	-597.25	4854.46
-182.664	956.468	3726.63
-265.273	1135.44	4125.54
-438.553	451.576	3138.84
745.114	956.823	4640.26
116.778	840.72	3605.23
685.335	-608.053	3675.91
-700.467	617.877	4216.72
815.651	-482.666	4231.21
-654.974	-317.706	3582.99
147.327	1077.84	3256.75
341.02	477.305	3694.69
-96.9502	170.116	4037.1
-625.771	-883.581	5035.92
-156.279	-65.6718	4899.77
-337.461	624.321	4801.53
446.054	1167.04	4447.22
694.132	-174.18	4521.91
735.695	766.435	4553.49
217.486	-56.8441	5071.59
-12.9272	106.593	3136.53
-671.772	1012.12	4904.17
700.887	659.915	4752.13
400.127	903.127	3930.46
111.39	867.134	3202.02
975.575	289.95	5176.85
220.815	-598.683	4215.22
735.513	-399.432	3958.23
1294.17	-498.071	4215.7
-684.981	-156.287	3113.88
-568.652	-47.936	4078.76
65.5102	-639.687	4609.47
463.43	144.046	4138.5
-660.589	1114.28	3795.34
168.235	458.738	4695.35
376.004	-71.9321	3806.95
-253.143	-367.45	3217.25
948.394	777.221	4219.6
1196.45	-255.973	4541.67
-309.944	1083.75	3923.72
155.111	1025.97	3513.48
-798.37	288.274	3346.92
-375.787	206.729	4921.62
1063.7	281.498	3581.31
322.873	195.347	4627.72
1056.12	1.78028	3644.47
-704.657	-121.181	3690.75
963.618	-332.556	4868.11
-457.596	426.614	4817.34
644.434	818.221	3878.35
-406.075	-597.25	4854.46
-182.664	956.468	3726.63
-265.273	1135.44	4125.54
-438.553	451.576	3138.84
745.114	956.823	4640.26
116.778	840.72	3605.23
685.335	-608.053	3675.91
-700.467	617.877	4216.72
815.651	-482.666	4231.21
-654.974	-317.706	3582.99
147.327	1077.84	3256.75
341.02	477.305	3694.69
-96.9502	170.116	4037.1
-625.771	-883.581	5035.92
-156.279	-65.6718	4899.77
-337.461	624.321	4801.53
446.054	1167.04	4447.22
694.132	-174.18	4521.91
735.695	766.435	4553.49
217.486	-56.8441	5071.59
-12.9272	106.593	3136.53
-671.772	1012.12	4904.17
700.887	659.915	4752.13
400.127	903.127	3930.46
111.39	867.134	3202.02
975.575	289.95	5176.85
220.815	-598.683	4215.22
735.513	-399.432	3958.23
1294.17	-498.071	4215.7
-684.981	-156.287	3113.88
-568.652	-47.936	4078.76
65.5102	-639.687	4609.47
463.43	144.046	4138.5
-660.589	1114.28	3795.34
168.235	458.738	4695.35
376.004	-71.9321	3806.95
-253.143	-367.45	3217.25
948.394	777.221	4219.6
1196.45	-255.973	4541.67
-309.944	1083.75	3923.72
155.111	1025.97	3513.48
-798.37	288.274	3346.92
-375.787	206.729	4921.62
1063.7	281.498	3581.31
322.873	195.347	4627.72
1056.12	1.78028	3644.47
-704.657	-121.181	3690.75
963.618	-332.556	4868.11
-457.596	426.614	4817.34
644.434	818.221	3878.35
-406.075	-597.25	4854.46
-182.664	956.468	3726.63
-265.273	1135.44	4125.54
-438.553	451.576	3138.84
745.114	956.823	4640.26
116.778	840.72	3605.23
685.335	-608.053	3675.91
-700.467	617.877	4216.72
815.651	-482.666	4231.21
-654.974	-317.706	3582.99
147.327	1077.84	3256.75
341.02	477.305	3694.69
-96.9502	170.116	4037.1
-625.771	-883.581	5035.92
-156.279	-65.6718	4899.77
-337.461	624.321	4801.53
446.054	1167.04	4447.22
694.132	-174.18	4521.91
735.695	766.435	4553.49
217.486	-56.8441	5071.59
-12.9272	106.593	3136.53
-671.772	1012.12	4904.17
700.887	659.915	4752.13
400.127	903.127	3930.46
111.39	867.134	3202.02
975.575	289.95	5176.85
220.815	-598.683	4215.22
735.513	-399.432	3958.23
1294.17	-498.071	4215.7
-684.981	-156.287	3113.88
-568.652	-47.936	4078.76
65.5102	-639.687	4609.47
463.43	144.046	4138.5
-660.589	1114.28	3795.34
168.235	458.738	4695.35
376.004	-71.9321	3806.95
-253.143	-367.45	3217.25
948.394	777.221	4219.6
1196.45	-255.973	4541.67
-309.944	1083.75	3923.72
155.111	1025.97	3513.48
-798.37	288.274	3346.92
-375.787	206.729	4921.62
1063.7	281.498	3581.31
322.873	195.347	4627.72
1056.12	1.78028	3644.47
-704.657	-121.181	3690.75
963.618	-332.556	4868.11
-457.596	426.614	4817.34
644.434	818.221	3878.35
-406.075	-597.25	4854.46
-182.664	956.468	3726.63
-265.273	1135.44	4125.54
-438.553	451.576	3138.84
745.114	956.823	4640.26
116.778	840.72	3605.23
685.335	-608.053	3675.91
-700.467	617.877	4216.72
815.651	-482.666	4231.21
-654.974	-317.706	3582.99
147.327	1077.84	3256.75
341.02	477.305	3694.69
-96.9502	170.116	4037.1
-625.771	-883.581	5035.92
-156.279	-65.6718	4899.77
-337.461	624.321	4801.53
446.054	1167.04	4447.22
694.132	-174.18	4521.91
735.695	766.435	4553.49
217.486	-56.8441	5071.59
-12.9272	106.593	3136.53
-671.772	1012.12	4904.17
700.887	659.915	4752.13
400.127	903.127	3930.46
111.39	867.134	3202.02
975.575	289.95	5176.85
220.815	-598.683	4215.22
735.513	-399.432	3958.23
1294.17	-498.071	4215.7
-684.981	-156.287	3113.88
-568.652	-47.936	4078.76
65.5102	-639.687	4609.47
463.43	144.046	4138.5
-660.589	1114.28	3795.34
168.235	458.738	4695.35
376.004	-71.9321	3806.95
-253.143	-367.45	3217.25
948.394	777.221	4219.6
1196.45	-255.973	4541.67
-309.944	1083.75	3923.72
155.111	1025.97	3513.48
-798.37	288.274	3346.92
-375.787	206.729	4921.62
1063.7	281.498	3581.31
322.873	195.347	4627.72
1056.12	1.78028	3644.47
-704.657	-121.181	3690.75
963.618	-332.556	4868.11
-457.596	426.614	4817.34
644.434	818.221	3878.35
-406.075	-597.25	4854.46
-182.664	956.468	3726.63
-265.273	1135.44	4125.54
-438.553	451.576	3138.84
745.114	956.823	4640.26
116.778	840.72	3605.23
685.335	-608.053	3675.91
-700.467	617.877	4216.72
815.651	-482.666	4231.21
-654.974	-317.706	3582.99
147.327	1077.84	3256.75
341.02	477.305	3694.69
-96.9502	170.116	4037.1
-625.771	-883.581	5035.92
-156.279	-65.6718	4899.77
-337.461	624.321	4801.53
446.054	1167.04	4447.22
694.132	-174.18	4521.91
735.695	766.435	4553.49
217.486	-56.8441	5071.59
-12.9272	106.593	3136.53
-671.772	1012.12	4904.17
700.887	659.915	4752.13
400.127	903.127	3930.46
111.39	867.134	3202.02
975.575	289.95	5176.85
220.815	-598.683	4215.22
735.513	-399.432	3958.23
1294.17	-498.071	4215.7
-684.981	-156.287	3113.88
-568.652	-47.936	4078.76
65.5102	-639.687	4609.47
463.43	144.046	4138.5
-660.589	1114.28	3795.34
168.235	458.738	4695.35
376.004	-71.9321	3806.95
-253.143	-367.45	3217.25
948.394	777.221	4219.6
1196.45	-255.973	4541.67
-309.944	1083.75	3923.72
155.111	1025.97	3513.48
-798.37	288.274	3346.92
-375.787	206.729	4921.62
1063.7	281.498	3581.31
322.873	195.347	4627.72
1056.12	1.78028	3644.47
-704.657	-121.181	3690.75
963.618	-332.556	4868.11
-457.596	426.614	4817.34
644.434	818.221	3878.35
