330.387	182.634
340.22	321.991
336.387	328.861
303.218	280.853
420.454	302.604
369.438	313.066
424.72	166.271
298.913	281.906
429.608	184.998
289.357	195.611
372.528	348.913
391.508	274.602
350.031	243.031
315.86	163.609
349.834	222.644
335.943	275.5
397.932	323.511
416.572	212.783
420.413	288.687
377.73	223.182
352.608	239.984
312	303.807
415.755	277.923
396.418	311.525
368.139	326.883
431.579	247.327
378.095	175.222
426.053	189.837
471.155	183.173
273.086	209.866
307.689	223.648
365.466	176.533
400.298	239.842
294.781	335.967
374.485	263.226
393.865	220.183
325.326	185.883
442.45	294.251
456.713	205.882
330.172	329.276
373.478	334.622
268.127	259.959
333.759	243.157
465.652	255.222
386.535	242.709
463.007	226.621
287.061	216.107
433.732	201.715
326.779	260.339
419.722	304.346
330.387	182.634
340.22	321.991
336.387	328.861
303.218	280.853
420.454	302.604
369.438	313.066
424.72	166.271
298.913	281.906
429.608	184.998
289.357	195.611
372.528	348.913
391.508	274.602
350.031	243.031
315.86	163.609
349.834	222.644
335.943	275.5
397.932	323.511
416.572	212.783
420.413	288.687
377.73	223.182
352.608	239.984
312	303.807
415.755	277.923
396.418	311.525
368.139	326.883
431.579	247.327
378.095	175.222
426.053	189.837
471.155	183.173
273.086	209.866
307.689	223.648
365.466	176.533
400.298	239.842
294.781	335.967
374.485	263.226
393.865	220.183
325.326	185.883
442.45	294.251
456.713	205.882
330.172	329.276
373.478	334.622
268.127	259.959
333.759	243.157
465.652	255.222
386.535	242.709
463.007	226.621
287.061	216.107
433.732	201.715
326.779	260.339
419.722	304.346
330.775	182.634
340.727	321.992
336.845	328.861
303.819	280.854
420.86	302.603
369.961	313.066
425.231	166.272
299.36	281.906
430.052	184.998
289.882	195.61
373.108	348.913
392.019	274.602
350.499	243.031
316.234	163.609
350.219	222.644
336.336	275.5
398.356	323.51
416.989	212.784
420.827	288.687
378.102	223.182
353.21	239.984
312.385	303.807
416.152	277.923
396.898	311.524
368.728	326.883
431.943	247.327
378.541	175.222
426.528	189.838
471.599	183.174
273.69	209.866
308.151	223.648
365.874	176.533
400.753	239.842
295.278	335.968
374.887	263.226
394.36	220.183
325.911	185.882
442.896	294.25
457.126	205.882
330.653	329.276
374.015	334.622
268.689	259.959
334.143	243.157
466.176	255.222
386.943	242.709
463.522	226.621
287.571	216.106
434.118	201.716
327.171	260.339
420.208	304.345
330.775	182.634
340.727	321.992
336.845	328.861
303.819	280.854
420.86	302.603
369.961	313.066
425.231	166.272
299.36	281.906
430.052	184.998
289.882	195.61
373.108	348.913
392.019	274.602
350.499	243.031
316.234	163.609
350.219	222.644
336.336	275.5
398.356	323.51
416.989	212.784
420.827	288.687
378.102	223.182
353.21	239.984
312.385	303.807
416.152	277.923
396.898	311.524
368.728	326.883
431.943	247.327
378.541	175.222
426.528	189.838
471.599	183.174
273.69	209.866
308.151	223.648
365.874	176.533
400.753	239.842
295.278	335.968
374.887	263.226
394.36	220.183
325.911	185.882
442.896	294.25
457.126	205.882
330.653	329.276
374.015	334.622
268.689	259.959
334.143	243.157
466.176	255.222
386.943	242.709
463.522	226.621
287.571	216.106
434.118	201.716
327.171	260.339
420.208	304.345
330.775	182.634
340.727	321.992
336.845	328.861
303.819	280.854
420.86	302.603
369.961	313.066
425.231	166.272
299.36	281.906
430.052	184.998
289.882	195.61
373.108	348.913
392.019	274.602
350.499	243.031
316.234	163.609
350.219	222.644
336.336	275.5
398.356	323.51
416.989	212.784
420.827	288.687
378.102	223.182
353.21	239.984
312.385	303.807
416.152	277.923
396.898	311.524
368.728	326.883
431.943	247.327
378.541	175.222
426.528	189.838
471.599	183.174
273.69	209.866
308.151	223.648
365.874	176.533
400.753	239.842
295.278	335.968
374.887	263.226
394.36	220.183
325.911	185.882
442.896	294.25
457.126	205.882
330.653	329.276
374.015	334.622
268.689	259.959
334.143	243.157
466.176	255.222
386.943	242.709
463.522	226.621
287.571	216.106
434.118	201.716
327.171	260.339
420.208	304.345
