-790.944	1002.61	5065.33
179.848	1245.48	4067.01
481.229	-748.659	3909.46
-480.387	529.239	3215.95
1043.13	-666.094	4502.22
-378.897	783.393	3575.8
-63.5798	672.49	4647.95
-860.36	614.4	4330.87
-189.754	-229.572	4753
-435.568	210.346	3531.18
-291.968	984.367	4920.14
690.117	-521.871	3624.57
-613.457	-445.789	3363.19
305.327	240.366	4205.12
1097.59	-177.998	4939.87
533.992	52.7824	4714.22
1223.3	-278.744	4200.16
-35.4154	-618.716	4863.58
1209.81	-509.527	4780.9
725.106	801.167	5345.47
-439.146	-577.14	4823.23
915.367	878.142	3723.44
-759.404	-362.719	4316.46
-8.81652	535.763	3428.53
1013.64	-625.353	4123.59
167.807	647.082	3712.86
701.89	782.215	5166.1
1164.62	569.689	4333.45
-93.5832	1051.68	4038.56
-602.957	-567.74	3223.8
850.644	-303.305	4959.99
1183.14	-596.326	5285.82
348.262	866.384	5089.27
106.363	428.749	3455.01
680.302	-797.409	4917.45
966.642	1348.16	4381.47
82.6065	122.854	3932.13
-4.77432	-219.599	4319.83
582.106	-387.799	5292.29
-554.29	310.403	5229.67
-720.542	37.1424	3389.45
1001.74	-408.744	4349.64
225.338	-388.143	3431.58
801.995	-615.266	4570.2
-51.5262	-535.497	5242.76
1132.32	199.105	4259.6
-275.918	-547.752	4056.4
-732.512	1097.73	3525.36
184.549	1166.66	4888.68
585.671	1309.49	3612.8
255.676	-185.87	4216.77
258.469	1040.21	3445.09
1323.15	-103.027	3695.56
-344.526	520.904	3792.23
1038.13	-225.906	4422.54
89.054	962.153	3808.75
995.579	-574.338	3541.59
-82.1031	126.433	5122.65
838.004	-449.48	5135.98
-12.7881	-192.654	4235.15
460.634	233.231	3695.19
-94.7521	1120.5	4301.26
-506.968	386.908	4565.48
-82.4161	1223.95	3550.16
1101.14	-544.256	5144.48
1076.11	887.587	4239.44
337.367	869.872	4767.32
575.751	-531.447	4916.69
112.842	1059.14	5048.59
12.0799	155.391	5144.66
-275.961	-480.874	5173.65
376.04	172.359	3889.58
855.282	1088.34	5309.35
624.033	19.3396	4335.76
99.3	726.355	3985.25
-487.542	-83.1522	4219.72
1108.09	709.147	3944.88
-475.946	1088.38	4564.01
52.9319	-259.085	4132.96
897.9	264.123	4418.71
852.11	-287.529	5172.24
663.805	-350.03	4622.27
1268.94	-369.744	4087.37
598.681	601.254	4486.64
-908.951	1021.77	4069.76
714.767	150.044	3778.32
93.7357	-719.658	5188.7
465.081	-17.4621	3935.59
-612.133	829.336	4399.69
1158.04	606.546	3712.31
-632.636	332.366	3215.38
-210.472	673.562	3423.87
578.52	855.66	3955.56
-517.523	84.8593	4325.01
-529.508	-206.428	3205.35
144.964	-489.828	3983.38
607.027	-58.8691	3212.66
91.8037	-77.8543	3355.8
410.472	-708.174	3622.45
971.127	618.939	4781.69
-790.944	1002.61	5065.33
179.848	1245.48	4067.01
481.229	-748.659	3909.46
-480.387	529.239	3215.95
1043.13	-666.094	4502.22
-378.897	783.393	3575.8
-63.5798	672.49	4647.95
-860.36	614.4	4330.87
-189.754	-229.572	4753
-435.568	210.346	3531.18
-291.968	984.367	4920.14
690.117	-521.871	3624.57
-613.457	-445.789	3363.19
305.327	240.366	4205.12
1097.59	-177.998	4939.87
533.992	52.7824	4714.22
1223.3	-278.744	4200.16
-35.4154	-618.716	4863.58
1209.81	-509.527	4780.9
725.106	801.167	5345.47
-439.146	-577.14	4823.23
915.367	878.142	3723.44
-759.404	-362.719	4316.46
-8.81652	535.763	3428.53
1013.64	-625.353	4123.59
167.807	647.082	3712.86
701.89	782.215	5166.1
1164.62	569.689	4333.45
-93.5832	1051.68	4038.56
-602.957	-567.74	3223.8
850.644	-303.305	4959.99
1183.14	-596.326	5285.82
348.262	866.384	5089.27
106.363	428.749	3455.01
680.302	-797.409	4917.45
966.642	1348.16	4381.47
82.6065	122.854	3932.13
-4.77432	-219.599	4319.83
582.106	-387.799	5292.29
-554.29	310.403	5229.67
-720.542	37.1424	3389.45
1001.74	-408.744	4349.64
225.338	-388.143	3431.58
801.995	-615.266	4570.2
-51.5262	-535.497	5242.76
1132.32	199.105	4259.6
-275.918	-547.752	4056.4
-732.512	1097.73	3525.36
184.549	1166.66	4888.68
585.671	1309.49	3612.8
255.676	-185.87	4216.77
258.469	1040.21	3445.09
1323.15	-103.027	3695.56
-344.526	520.904	3792.23
1038.13	-225.906	4422.54
89.054	962.153	3808.75
995.579	-574.338	3541.59
-82.1031	126.433	5122.65
838.004	-449.48	5135.98
-12.7881	-192.654	4235.15
460.634	233.231	3695.19
-94.7521	1120.5	4301.26
-506.968	386.908	4565.48
-82.4161	1223.95	3550.16
1101.14	-544.256	5144.48
1076.11	887.587	4239.44
337.367	869.872	4767.32
575.751	-531.447	4916.69
112.842	1059.14	5048.59
12.0799	155.391	5144.66
-275.961	-480.874	5173.65
376.04	172.359	3889.58
855.282	1088.34	5309.35
624.033	19.3396	4335.76
99.3	726.355	3985.25
-487.542	-83.1522	4219.72
1108.09	709.147	3944.88
-475.946	1088.38	4564.01
52.9319	-259.085	4132.96
897.9	264.123	4418.71
852.11	-287.529	5172.24
663.805	-350.03	4622.27
1268.94	-369.744	4087.37
598.681	601.254	4486.64
-908.951	1021.77	4069.76
714.767	150.044	3778.32
93.7357	-719.658	5188.7
465.081	-17.4621	3935.59
-612.133	829.336	4399.69
1158.04	606.546	3712.31
-632.636	332.366	3215.38
-210.472	673.562	3423.87
578.52	855.66	3955.56
-517.523	84.8593	4325.01
-529.508	-206.428	3205.35
144.964	-489.828	3983.38
607.027	-58.8691	3212.66
91.8037	-77.8543	3355.8
410.472	-708.174	3622.45
971.127	618.939	4781.69
-790.944	1002.61	5065.33
179.848	1245.48	4067.01
481.229	-748.659	3909.46
-480.387	529.239	3215.95
1043.13	-666.094	4502.22
-378.897	783.393	3575.8
-63.5798	672.49	4647.95
-860.36	614.4	4330.87
-189.754	-229.572	4753
-435.568	210.346	3531.18
-291.968	984.367	4920.14
690.117	-521.871	3624.57
-613.457	-445.789	3363.19
305.327	240.366	4205.12
1097.59	-177.998	4939.87
533.992	52.7824	4714.22
1223.3	-278.744	4200.16
-35.4154	-618.716	4863.58
1209.81	-509.527	4780.9
725.106	801.167	5345.47
-439.146	-577.14	4823.23
915.367	878.142	3723.44
-759.404	-362.719	4316.46
-8.81652	535.763	3428.53
1013.64	-625.353	4123.59
167.807	647.082	3712.86
701.89	782.215	5166.1
1164.62	569.689	4333.45
-93.5832	1051.68	4038.56
-602.957	-567.74	3223.8
850.644	-303.305	4959.99
1183.14	-596.326	5285.82
348.262	866.384	5089.27
106.363	428.749	3455.01
680.302	-797.409	4917.45
966.642	1348.16	4381.47
82.6065	122.854	3932.13
-4.77432	-219.599	4319.83
582.106	-387.799	5292.29
-554.29	310.403	5229.67
-720.542	37.1424	3389.45
1001.74	-408.744	4349.64
225.338	-388.143	3431.58
801.995	-615.266	4570.2
-51.5262	-535.497	5242.76
1132.32	199.105	4259.6
-275.918	-547.752	4056.4
-732.512	1097.73	3525.36
184.549	1166.66	4888.68
585.671	1309.49	3612.8
255.676	-185.87	4216.77
258.469	1040.21	3445.09
1323.15	-103.027	3695.56
-344.526	520.904	3792.23
1038.13	-225.906	4422.54
89.054	962.153	3808.75
995.579	-574.338	3541.59
-82.1031	126.433	5122.65
838.004	-449.48	5135.98
-12.7881	-192.654	4235.15
460.634	233.231	3695.19
-94.7521	1120.5	4301.26
-506.968	386.908	4565.48
-82.4161	1223.95	3550.16
1101.14	-544.256	5144.48
1076.11	887.587	4239.44
337.367	869.872	4767.32
575.751	-531.447	4916.69
112.842	1059.14	5048.59
12.0799	155.391	5144.66
-275.961	-480.874	5173.65
376.04	172.359	3889.58
855.282	1088.34	5309.35
624.033	19.3396	4335.76
99.3	726.355	3985.25
-487.542	-83.1522	4219.72
1108.09	709.147	3944.88
-475.946	1088.38	4564.01
52.9319	-259.085	4132.96
897.9	264.123	4418.71
852.11	-287.529	5172.24
663.805	-350.03	4622.27
1268.94	-369.744	4087.37
598.681	601.254	4486.64
-908.951	1021.77	4069.76
714.767	150.044	3778.32
93.7357	-719.658	5188.7
465.081	-17.4621	3935.59
-612.133	829.336	4399.69
1158.04	606.546	3712.31
-632.636	332.366	3215.38
-210.472	673.562	3423.87
578.52	855.66	3955.56
-517.523	84.8593	4325.01
-529.508	-206.428	3205.35
144.964	-489.828	3983.38
607.027	-58.8691	3212.66
91.8037	-77.8543	3355.8
410.472	-708.174	3622.45
971.127	618.939	4781.69
-790.944	1002.61	5065.33
179.848	1245.48	4067.01
481.229	-748.659	3909.46
-480.387	529.239	3215.95
1043.13	-666.094	4502.22
-378.897	783.393	3575.8
-63.5798	672.49	4647.95
-860.36	614.4	4330.87
-189.754	-229.572	4753
-435.568	210.346	3531.18
-291.968	984.367	4920.14
690.117	-521.871	3624.57
-613.457	-445.789	3363.19
305.327	240.366	4205.12
1097.59	-177.998	4939.87
533.992	52.7824	4714.22
1223.3	-278.744	4200.16
-35.4154	-618.716	4863.58
1209.81	-509.527	4780.9
725.106	801.167	5345.47
-439.146	-577.14	4823.23
915.367	878.142	3723.44
-759.404	-362.719	4316.46
-8.81652	535.763	3428.53
1013.64	-625.353	4123.59
167.807	647.082	3712.86
701.89	782.215	5166.1
1164.62	569.689	4333.45
-93.5832	1051.68	4038.56
-602.957	-567.74	3223.8
850.644	-303.305	4959.99
1183.14	-596.326	5285.82
348.262	866.384	5089.27
106.363	428.749	3455.01
680.302	-797.409	4917.45
966.642	1348.16	4381.47
82.6065	122.854	3932.13
-4.77432	-219.599	4319.83
582.106	-387.799	5292.29
-554.29	310.403	5229.67
-720.542	37.1424	3389.45
1001.74	-408.744	4349.64
225.338	-388.143	3431.58
801.995	-615.266	4570.2
-51.5262	-535.497	5242.76
1132.32	199.105	4259.6
-275.918	-547.752	4056.4
-732.512	1097.73	3525.36
184.549	1166.66	4888.68
585.671	1309.49	3612.8
255.676	-185.87	4216.77
258.469	1040.21	3445.09
1323.15	-103.027	3695.56
-344.526	520.904	3792.23
1038.13	-225.906	4422.54
89.054	962.153	3808.75
995.579	-574.338	3541.59
-82.1031	126.433	5122.65
838.004	-449.48	5135.98
-12.7881	-192.654	4235.15
460.634	233.231	3695.19
-94.7521	1120.5	4301.26
-506.968	386.908	4565.48
-82.4161	1223.95	3550.16
1101.14	-544.256	5144.48
1076.11	887.587	4239.44
337.367	869.872	4767.32
575.751	-531.447	4916.69
112.842	1059.14	5048.59
12.0799	155.391	5144.66
-275.961	-480.874	5173.65
376.04	172.359	3889.58
855.282	1088.34	5309.35
624.033	19.3396	4335.76
99.3	726.355	3985.25
-487.542	-83.1522	4219.72
1108.09	709.147	3944.88
-475.946	1088.38	4564.01
52.9319	-259.085	4132.96
897.9	264.123	4418.71
852.11	-287.529	5172.24
663.805	-350.03	4622.27
1268.94	-369.744	4087.37
598.681	601.254	4486.64
-908.951	1021.77	4069.76
714.767	150.044	3778.32
93.7357	-719.658	5188.7
465.081	-17.4621	3935.59
-612.133	829.336	4399.69
1158.04	606.546	3712.31
-632.636	332.366	3215.38
-210.472	673.562	3423.87
578.52	855.66	3955.56
-517.523	84.8593	4325.01
-529.508	-206.428	3205.35
144.964	-489.828	3983.38
607.027	-58.8691	3212.66
91.8037	-77.8543	3355.8
410.472	-708.174	3622.45
971.127	618.939	4781.69
-790.944	1002.61	5065.33
179.848	1245.48	4067.01
481.229	-748.659	3909.46
-480.387	529.239	3215.95
1043.13	-666.094	4502.22
-378.897	783.393	3575.8
-63.5798	672.49	4647.95
-860.36	614.4	4330.87
-189.754	-229.572	4753
-435.568	210.346	3531.18
-291.968	984.367	4920.14
690.117	-521.871	3624.57
-613.457	-445.789	3363.19
305.327	240.366	4205.12
1097.59	-177.998	4939.87
533.992	52.7824	4714.22
1223.3	-278.744	4200.16
-35.4154	-618.716	4863.58
1209.81	-509.527	4780.9
725.106	801.167	5345.47
-439.146	-577.14	4823.23
915.367	878.142	3723.44
-759.404	-362.719	4316.46
-8.81652	535.763	3428.53
1013.64	-625.353	4123.59
167.807	647.082	3712.86
701.89	782.215	5166.1
1164.62	569.689	4333.45
-93.5832	1051.68	4038.56
-602.957	-567.74	3223.8
850.644	-303.305	4959.99
1183.14	-596.326	5285.82
348.262	866.384	5089.27
106.363	428.749	3455.01
680.302	-797.409	4917.45
966.642	1348.16	4381.47
82.6065	122.854	3932.13
-4.77432	-219.599	4319.83
582.106	-387.799	5292.29
-554.29	310.403	5229.67
-720.542	37.1424	3389.45
1001.74	-408.744	4349.64
225.338	-388.143	3431.58
801.995	-615.266	4570.2
-51.5262	-535.497	5242.76
1132.32	199.105	4259.6
-275.918	-547.752	4056.4
-732.512	1097.73	3525.36
184.549	1166.66	4888.68
585.671	1309.49	3612.8
255.676	-185.87	4216.77
258.469	1040.21	3445.09
1323.15	-103.027	3695.56
-344.526	520.904	3792.23
1038.13	-225.906	4422.54
89.054	962.153	3808.75
995.579	-574.338	3541.59
-82.1031	126.433	5122.65
838.004	-449.48	5135.98
-12.7881	-192.654	4235.15
460.634	233.231	3695.19
-94.7521	1120.5	4301.26
-506.968	386.908	4565.48
-82.4161	1223.95	3550.16
1101.14	-544.256	5144.48
1076.11	887.587	4239.44
337.367	869.872	4767.32
575.751	-531.447	4916.69
112.842	1059.14	5048.59
12.0799	155.391	5144.66
-275.961	-480.874	5173.65
376.04	172.359	3889.58
855.282	1088.34	5309.35
624.033	19.3396	4335.76
99.3	726.355	3985.25
-487.542	-83.1522	4219.72
1108.09	709.147	3944.88
-475.946	1088.38	4564.01
52.9319	-259.085	4132.96
897.9	264.123	4418.71
852.11	-287.529	5172.24
663.805	-350.03	4622.27
1268.94	-369.744	4087.37
598.681	601.254	4486.64
-908.951	1021.77	4069.76
714.767	150.044	3778.32
93.7357	-719.658	5188.7
465.081	-17.4621	3935.59
-612.133	829.336	4399.69
1158.04	606.546	3712.31
-632.636	332.366	3215.38
-210.472	673.562	3423.87
578.52	855.66	3955.56
-517.523	84.8593	4325.01
-529.508	-206.428	3205.35
144.964	-489.828	3983.38
607.027	-58.8691	3212.66
91.8037	-77.8543	3355.8
410.472	-708.174	3622.45
971.127	618.939	4781.69
