-796.392	1008.31	5096.84
180.186	1251.03	4086.71
482.939	-752.357	3927.67
-483.602	532.079	3235.22
1046.38	-668.862	4519.15
-381.482	787.526	3596.46
-64.4778	675.54	4672.21
-866.325	617.92	4358.76
-191.351	-231.19	4779.16
-438.53	211.279	3552.13
-294.146	989.252	4947.17
692.59	-524.354	3640.32
-617.644	-448.814	3384.35
306.228	241.148	4225.17
1100.77	-178.995	4957.53
535.699	52.6362	4734.98
1226.88	-279.999	4214.74
-36.1855	-622.317	4889.43
1213.27	-511.597	4797.46
727.233	803.828	5366.71
-442.269	-580.873	4851.76
918.291	881.105	3737.7
-764.696	-365.353	4344.13
-9.28613	538.242	3446.59
1016.9	-627.989	4139.4
168.159	649.918	3731.3
703.987	784.86	5186.91
1167.94	571.243	4348.35
-94.5692	1056.77	4059.86
-607.069	-571.514	3244.13
853.297	-304.853	4979.6
1186.46	-598.73	5304.16
349.168	869.803	5112.38
106.467	430.609	3472.67
682.53	-801.1	4938.46
969.482	1352.55	4397.39
82.5391	123.155	3952.33
-5.32332	-221.076	4342.61
583.912	-389.848	5315.22
-558.151	311.78	5260.71
-725.467	37.0945	3411.11
1004.89	-410.583	4366.18
226.029	-390.32	3448.86
804.632	-618.069	4588.95
-52.4258	-538.684	5270.5
1135.66	199.457	4274.69
-277.955	-551.154	4079.68
-737.452	1104.17	3547.46
184.796	1171.69	4912.01
587.644	1314.64	3628.25
256.382	-187.091	4237.4
259.247	1044.8	3461.66
1326.96	-103.641	3707.95
-346.927	523.517	3813.98
1041.32	-227.06	4438.98
89.0156	966.57	3827.93
998.914	-576.78	3555.42
-83.1517	126.671	5149.65
840.606	-451.611	5156.39
-13.3685	-193.987	4257.54
462.233	233.979	3712.14
-95.7741	1125.88	4323.82
-510.464	388.776	4592.5
-83.2879	1229.97	3568.91
1104.33	-546.542	5162.97
1079.26	890.291	4254.46
338.28	873.375	4789.2
577.614	-534.102	4938.29
112.749	1063.76	5073.19
11.5111	155.755	5171.02
-278.104	-483.936	5202.76
377.283	172.84	3907.86
857.718	1091.87	5329.25
626.113	19.08	4354.44
99.2926	729.6	4005.31
-490.91	-83.9834	4244.97
1111.39	711.267	3958.87
-479.21	1094.17	4590.44
52.6995	-260.732	4154.49
900.716	264.767	4435.8
854.724	-289.028	5192.58
665.994	-351.842	4642
1272.63	-371.276	4101.37
600.602	603.386	4505.76
-915.239	1027.93	4096.16
717.223	150.362	3794.23
93.5775	-723.654	5215.18
466.675	-17.8503	3953.64
-616.296	833.876	4426.25
1161.49	608.311	3725.33
-636.899	334.133	3235.44
-212.039	676.938	3442.88
580.447	858.929	3972.61
-521.088	85.0043	4350.95
-533.088	-207.936	3225.08
145.206	-492.588	4003.76
609.259	-59.3742	3226.96
91.8611	-78.5175	3373.26
411.948	-711.755	3639.77
973.987	620.767	4799.29
-846.08	960.638	5043.8
111.375	1259.13	4044.62
530.208	-719.133	3887.13
-508.897	503.507	3201.55
1087.41	-602.613	4472.76
-421.668	764.182	3559.13
-97.9157	671.77	4623.87
-893.811	567.209	4313.3
-171.048	-238.96	4729.56
-444.792	186.714	3515.17
-344.77	971.007	4895.93
725.356	-479.849	3602.88
-584.771	-481.508	3348.98
296.306	260.477	4181.59
1113.45	-111.146	4906.7
536.62	86.3902	4686.22
1244.07	-204.786	4171.64
6.60389	-619.477	4838.71
1244.82	-436.003	4748.29
684.22	846.348	5311.56
-400.451	-602.004	4801.25
867.981	933.654	3699.52
-734.954	-406.454	4298.74
-36.4334	537.556	3410.96
1055.17	-563.824	4096.94
134.17	659.367	3692.82
661.943	825.989	5133.6
1135.63	639.905	4303.94
-151.011	1049.48	4017.89
-567.221	-603.205	3210.19
874.301	-251.026	4928.42
1223.86	-524.11	5249.73
303.37	889.791	5059.73
85.2307	437.121	3436.81
733.195	-755.454	4887.55
892.189	1406.7	4352.47
80.0163	129.669	3911.46
13.1461	-218.218	4297.62
611.317	-351.307	5260.4
-567.696	280.755	5206.01
-720.637	-3.71183	3375.46
1030.75	-347.81	4321.39
252.428	-373.759	3413.21
843.673	-566.137	4541.73
-13.9952	-536.902	5215.85
1125.17	267.572	4230.99
-239.464	-563.185	4037.24
-794.936	1058.76	3510.5
121.661	1180.81	4861.36
513.015	1346.14	3591.1
271.756	-169.081	4193.62
201.437	1057.97	3426.05
1332.81	-23.4928	3670.16
-371.494	503.298	3774.38
1056.38	-162.796	4393.48
36.8854	970.255	3788.45
1033.51	-514.176	3519
-83.7513	124.109	5096.29
870.479	-397.885	5103.34
3.43551	-191.748	4213.44
451.504	262.2	3673.94
-155.928	1118.42	4279.13
-525.545	359.897	4544.75
-150.543	1222.44	3532.06
1138.8	-477.006	5109.97
1028.47	952.518	4211.02
291.903	892.532	4739.86
613.019	-495.597	4887.36
56.4105	1069.15	5020.83
8.88291	158.643	5117.49
-242.13	-495.618	5148.69
370.699	196.416	3867.59
797.293	1140.94	5274.58
628.184	58.0513	4309.65
61.2356	734.867	3963.98
-478.797	-110.143	4200.77
1070.59	775.884	3918.48
-535.746	1064.49	4542.8
73.0398	-254.428	4111.46
887.472	318.958	4390.32
875.062	-235.06	5139.17
690.016	-308.997	4594.2
1294.86	-293.103	4059.45
568.716	638.769	4459.46
-966.904	972.687	4053.44
710.552	193.88	3755.29
142.237	-712.66	5161.15
470.993	11.699	3912.92
-657.28	797.05	4380.23
1126.25	676.121	3687.37
-650.025	297.315	3201.68
-246.568	663.853	3407.21
532.986	891.891	3931.85
-518.633	56.5038	4305.66
-514.845	-236.657	3191.41
178.6	-480.083	3962.32
614.561	-21.7077	3193.82
100.389	-71.0195	3338.36
456.737	-682.999	3602.2
940.07	678.122	4750.12
-846.08	960.638	5043.8
111.375	1259.13	4044.62
530.208	-719.133	3887.13
-508.897	503.507	3201.55
1087.41	-602.613	4472.76
-421.668	764.182	3559.13
-97.9157	671.77	4623.87
-893.811	567.209	4313.3
-171.048	-238.96	4729.56
-444.792	186.714	3515.17
-344.77	971.007	4895.93
725.356	-479.849	3602.88
-584.771	-481.508	3348.98
296.306	260.477	4181.59
1113.45	-111.146	4906.7
536.62	86.3902	4686.22
1244.07	-204.786	4171.64
6.60389	-619.477	4838.71
1244.82	-436.003	4748.29
684.22	846.348	5311.56
-400.451	-602.004	4801.25
867.981	933.654	3699.52
-734.954	-406.454	4298.74
-36.4334	537.556	3410.96
1055.17	-563.824	4096.94
134.17	659.367	3692.82
661.943	825.989	5133.6
1135.63	639.905	4303.94
-151.011	1049.48	4017.89
-567.221	-603.205	3210.19
874.301	-251.026	4928.42
1223.86	-524.11	5249.73
303.37	889.791	5059.73
85.2307	437.121	3436.81
733.195	-755.454	4887.55
892.189	1406.7	4352.47
80.0163	129.669	3911.46
13.1461	-218.218	4297.62
611.317	-351.307	5260.4
-567.696	280.755	5206.01
-720.637	-3.71183	3375.46
1030.75	-347.81	4321.39
252.428	-373.759	3413.21
843.673	-566.137	4541.73
-13.9952	-536.902	5215.85
1125.17	267.572	4230.99
-239.464	-563.185	4037.24
-794.936	1058.76	3510.5
121.661	1180.81	4861.36
513.015	1346.14	3591.1
271.756	-169.081	4193.62
201.437	1057.97	3426.05
1332.81	-23.4928	3670.16
-371.494	503.298	3774.38
1056.38	-162.796	4393.48
36.8854	970.255	3788.45
1033.51	-514.176	3519
-83.7513	124.109	5096.29
870.479	-397.885	5103.34
3.43551	-191.748	4213.44
451.504	262.2	3673.94
-155.928	1118.42	4279.13
-525.545	359.897	4544.75
-150.543	1222.44	3532.06
1138.8	-477.006	5109.97
1028.47	952.518	4211.02
291.903	892.532	4739.86
613.019	-495.597	4887.36
56.4105	1069.15	5020.83
8.88291	158.643	5117.49
-242.13	-495.618	5148.69
370.699	196.416	3867.59
797.293	1140.94	5274.58
628.184	58.0513	4309.65
61.2356	734.867	3963.98
-478.797	-110.143	4200.77
1070.59	775.884	3918.48
-535.746	1064.49	4542.8
73.0398	-254.428	4111.46
887.472	318.958	4390.32
875.062	-235.06	5139.17
690.016	-308.997	4594.2
1294.86	-293.103	4059.45
568.716	638.769	4459.46
-966.904	972.687	4053.44
710.552	193.88	3755.29
142.237	-712.66	5161.15
470.993	11.699	3912.92
-657.28	797.05	4380.23
1126.25	676.121	3687.37
-650.025	297.315	3201.68
-246.568	663.853	3407.21
532.986	891.891	3931.85
-518.633	56.5038	4305.66
-514.845	-236.657	3191.41
178.6	-480.083	3962.32
614.561	-21.7077	3193.82
100.389	-71.0195	3338.36
456.737	-682.999	3602.2
940.07	678.122	4750.12
-846.08	960.638	5043.8
111.375	1259.13	4044.62
530.208	-719.133	3887.13
-508.897	503.507	3201.55
1087.41	-602.613	4472.76
-421.668	764.182	3559.13
-97.9157	671.77	4623.87
-893.811	567.209	4313.3
-171.048	-238.96	4729.56
-444.792	186.714	3515.17
-344.77	971.007	4895.93
725.356	-479.849	3602.88
-584.771	-481.508	3348.98
296.306	260.477	4181.59
1113.45	-111.146	4906.7
536.62	86.3902	4686.22
1244.07	-204.786	4171.64
6.60389	-619.477	4838.71
1244.82	-436.003	4748.29
684.22	846.348	5311.56
-400.451	-602.004	4801.25
867.981	933.654	3699.52
-734.954	-406.454	4298.74
-36.4334	537.556	3410.96
1055.17	-563.824	4096.94
134.17	659.367	3692.82
661.943	825.989	5133.6
1135.63	639.905	4303.94
-151.011	1049.48	4017.89
-567.221	-603.205	3210.19
874.301	-251.026	4928.42
1223.86	-524.11	5249.73
303.37	889.791	5059.73
85.2307	437.121	3436.81
733.195	-755.454	4887.55
892.189	1406.7	4352.47
80.0163	129.669	3911.46
13.1461	-218.218	4297.62
611.317	-351.307	5260.4
-567.696	280.755	5206.01
-720.637	-3.71183	3375.46
1030.75	-347.81	4321.39
252.428	-373.759	3413.21
843.673	-566.137	4541.73
-13.9952	-536.902	5215.85
1125.17	267.572	4230.99
-239.464	-563.185	4037.24
-794.936	1058.76	3510.5
121.661	1180.81	4861.36
513.015	1346.14	3591.1
271.756	-169.081	4193.62
201.437	1057.97	3426.05
1332.81	-23.4928	3670.16
-371.494	503.298	3774.38
1056.38	-162.796	4393.48
36.8854	970.255	3788.45
1033.51	-514.176	3519
-83.7513	124.109	5096.29
870.479	-397.885	5103.34
3.43551	-191.748	4213.44
451.504	262.2	3673.94
-155.928	1118.42	4279.13
-525.545	359.897	4544.75
-150.543	1222.44	3532.06
1138.8	-477.006	5109.97
1028.47	952.518	4211.02
291.903	892.532	4739.86
613.019	-495.597	4887.36
56.4105	1069.15	5020.83
8.88291	158.643	5117.49
-242.13	-495.618	5148.69
370.699	196.416	3867.59
797.293	1140.94	5274.58
628.184	58.0513	4309.65
61.2356	734.867	3963.98
-478.797	-110.143	4200.77
1070.59	775.884	3918.48
-535.746	1064.49	4542.8
73.0398	-254.428	4111.46
887.472	318.958	4390.32
875.062	-235.06	5139.17
690.016	-308.997	4594.2
1294.86	-293.103	4059.45
568.716	638.769	4459.46
-966.904	972.687	4053.44
710.552	193.88	3755.29
142.237	-712.66	5161.15
470.993	11.699	3912.92
-657.28	797.05	4380.23
1126.25	676.121	3687.37
-650.025	297.315	3201.68
-246.568	663.853	3407.21
532.986	891.891	3931.85
-518.633	56.5038	4305.66
-514.845	-236.657	3191.41
178.6	-480.083	3962.32
614.561	-21.7077	3193.82
100.389	-71.0195	3338.36
456.737	-682.999	3602.2
940.07	678.122	4750.12
-846.08	960.638	5043.8
111.375	1259.13	4044.62
530.208	-719.133	3887.13
-508.897	503.507	3201.55
1087.41	-602.613	4472.76
-421.668	764.182	3559.13
-97.9157	671.77	4623.87
-893.811	567.209	4313.3
-171.048	-238.96	4729.56
-444.792	186.714	3515.17
-344.77	971.007	4895.93
725.356	-479.849	3602.88
-584.771	-481.508	3348.98
296.306	260.477	4181.59
1113.45	-111.146	4906.7
536.62	86.3902	4686.22
1244.07	-204.786	4171.64
6.60389	-619.477	4838.71
1244.82	-436.003	4748.29
684.22	846.348	5311.56
-400.451	-602.004	4801.25
867.981	933.654	3699.52
-734.954	-406.454	4298.74
-36.4334	537.556	3410.96
1055.17	-563.824	4096.94
134.17	659.367	3692.82
661.943	825.989	5133.6
1135.63	639.905	4303.94
-151.011	1049.48	4017.89
-567.221	-603.205	3210.19
874.301	-251.026	4928.42
1223.86	-524.11	5249.73
303.37	889.791	5059.73
85.2307	437.121	3436.81
733.195	-755.454	4887.55
892.189	1406.7	4352.47
80.0163	129.669	3911.46
13.1461	-218.218	4297.62
611.317	-351.307	5260.4
-567.696	280.755	5206.01
-720.637	-3.71183	3375.46
1030.75	-347.81	4321.39
252.428	-373.759	3413.21
843.673	-566.137	4541.73
-13.9952	-536.902	5215.85
1125.17	267.572	4230.99
-239.464	-563.185	4037.24
-794.936	1058.76	3510.5
121.661	1180.81	4861.36
513.015	1346.14	3591.1
271.756	-169.081	4193.62
201.437	1057.97	3426.05
1332.81	-23.4928	3670.16
-371.494	503.298	3774.38
1056.38	-162.796	4393.48
36.8854	970.255	3788.45
1033.51	-514.176	3519
-83.7513	124.109	5096.29
870.479	-397.885	5103.34
3.43551	-191.748	4213.44
451.504	262.2	3673.94
-155.928	1118.42	4279.13
-525.545	359.897	4544.75
-150.543	1222.44	3532.06
1138.8	-477.006	5109.97
1028.47	952.518	4211.02
291.903	892.532	4739.86
613.019	-495.597	4887.36
56.4105	1069.15	5020.83
8.88291	158.643	5117.49
-242.13	-495.618	5148.69
370.699	196.416	3867.59
797.293	1140.94	5274.58
628.184	58.0513	4309.65
61.2356	734.867	3963.98
-478.797	-110.143	4200.77
1070.59	775.884	3918.48
-535.746	1064.49	4542.8
73.0398	-254.428	4111.46
887.472	318.958	4390.32
875.062	-235.06	5139.17
690.016	-308.997	4594.2
1294.86	-293.103	4059.45
568.716	638.769	4459.46
-966.904	972.687	4053.44
710.552	193.88	3755.29
142.237	-712.66	5161.15
470.993	11.699	3912.92
-657.28	797.05	4380.23
1126.25	676.121	3687.37
-650.025	297.315	3201.68
-246.568	663.853	3407.21
532.986	891.891	3931.85
-518.633	56.5038	4305.66
-514.845	-236.657	3191.41
178.6	-480.083	3962.32
614.561	-21.7077	3193.82
100.389	-71.0195	3338.36
456.737	-682.999	3602.2
940.07	678.122	4750.12
