-795.718	1008.67	5095.9
180.662	1251.11	4085.41
483.428	-752.08	3927.33
-483.192	532.329	3234.73
1046.89	-668.492	4518.43
-381.011	787.763	3595.75
-63.8978	675.854	4671.2
-865.792	618.279	4358.22
-190.783	-230.816	4778.76
-438.103	211.57	3551.73
-293.503	989.544	4946.02
693.02	-524.067	3639.82
-617.313	-448.591	3384.33
306.722	241.464	4224.32
1101.26	-178.594	4956.4
536.237	53.0043	4734.05
1227.27	-279.649	4213.78
-35.6019	-621.974	4889.19
1213.76	-511.193	4796.53
727.753	804.091	5364.98
-441.738	-580.547	4851.7
918.556	881.201	3736.41
-764.268	-365.042	4344.11
-8.8612	538.478	3445.9
1017.37	-627.649	4138.73
168.601	650.143	3730.42
704.493	785.117	5185.26
1168.24	571.46	4346.92
-94.052	1056.95	4058.79
-606.764	-571.325	3244.16
853.851	-304.448	4978.69
1187.03	-598.285	5303.18
349.743	870.07	5110.92
106.885	430.853	3471.97
683.138	-800.734	4937.95
969.753	1352.5	4395.57
83.0177	123.466	3951.7
-4.79899	-220.734	4342.16
584.542	-389.422	5314.44
-557.516	312.21	5260.1
-725.103	37.3774	3410.91
1005.36	-410.222	4365.37
226.449	-390.057	3448.5
805.172	-617.704	4588.3
-51.7958	-538.299	5270.19
1136.01	199.755	4273.5
-277.492	-550.878	4079.55
-736.955	1104.38	3546.74
185.372	1171.87	4910.48
587.959	1314.61	3626.91
256.892	-186.754	4236.82
259.635	1044.9	3460.63
1327.24	-103.346	3706.99
-346.445	523.806	3813.35
1041.77	-226.697	4438.02
89.4784	966.738	3826.9
999.306	-576.488	3554.84
-82.5238	127.081	5148.9
841.197	-451.193	5155.55
-12.8544	-193.652	4257.09
462.647	234.25	3711.35
-95.2229	1126.06	4322.63
-509.902	389.147	4591.9
-82.8278	1230.06	3567.89
1104.9	-546.114	5162.05
1079.53	890.406	4252.91
338.818	873.615	4787.83
578.208	-533.715	4937.67
113.359	1063.99	5071.73
12.1399	156.163	5170.21
-277.502	-483.558	5202.53
377.733	173.135	3907.09
858.166	1092.01	5327.26
626.596	19.4191	4353.56
99.7758	729.835	4004.35
-490.423	-83.6437	4244.66
1111.64	711.416	3957.5
-478.591	1094.43	4589.38
53.202	-260.406	4154.04
901.134	265.074	4434.63
855.299	-288.605	5191.6
666.532	-351.468	4641.26
1273.01	-370.929	4100.47
601.066	603.649	4504.51
-914.69	1028.22	4095.45
717.613	150.641	3793.37
94.2096	-723.296	5214.93
467.13	-17.5391	3952.92
-615.719	834.193	4425.46
1161.71	608.469	3724.08
-636.515	334.404	3235.09
-211.599	677.167	3442.2
580.834	859.084	3971.38
-520.579	85.3606	4350.56
-532.741	-207.689	3224.92
145.693	-492.292	4003.42
609.613	-59.1198	3226.35
92.2692	-78.2491	3372.82
412.401	-711.502	3639.48
974.391	621.02	4797.76
-795.718	1008.67	5095.9
180.662	1251.11	4085.41
483.428	-752.08	3927.33
-483.192	532.329	3234.73
1046.89	-668.492	4518.43
-381.011	787.763	3595.75
-63.8978	675.854	4671.2
-865.792	618.279	4358.22
-190.783	-230.816	4778.76
-438.103	211.57	3551.73
-293.503	989.544	4946.02
693.02	-524.067	3639.82
-617.313	-448.591	3384.33
306.722	241.464	4224.32
1101.26	-178.594	4956.4
536.237	53.0043	4734.05
1227.27	-279.649	4213.78
-35.6019	-621.974	4889.19
1213.76	-511.193	4796.53
727.753	804.091	5364.98
-441.738	-580.547	4851.7
918.556	881.201	3736.41
-764.268	-365.042	4344.11
-8.8612	538.478	3445.9
1017.37	-627.649	4138.73
168.601	650.143	3730.42
704.493	785.117	5185.26
1168.24	571.46	4346.92
-94.052	1056.95	4058.79
-606.764	-571.325	3244.16
853.851	-304.448	4978.69
1187.03	-598.285	5303.18
349.743	870.07	5110.92
106.885	430.853	3471.97
683.138	-800.734	4937.95
969.753	1352.5	4395.57
83.0177	123.466	3951.7
-4.79899	-220.734	4342.16
584.542	-389.422	5314.44
-557.516	312.21	5260.1
-725.103	37.3774	3410.91
1005.36	-410.222	4365.37
226.449	-390.057	3448.5
805.172	-617.704	4588.3
-51.7958	-538.299	5270.19
1136.01	199.755	4273.5
-277.492	-550.878	4079.55
-736.955	1104.38	3546.74
185.372	1171.87	4910.48
587.959	1314.61	3626.91
256.892	-186.754	4236.82
259.635	1044.9	3460.63
1327.24	-103.346	3706.99
-346.445	523.806	3813.35
1041.77	-226.697	4438.02
89.4784	966.738	3826.9
999.306	-576.488	3554.84
-82.5238	127.081	5148.9
841.197	-451.193	5155.55
-12.8544	-193.652	4257.09
462.647	234.25	3711.35
-95.2229	1126.06	4322.63
-509.902	389.147	4591.9
-82.8278	1230.06	3567.89
1104.9	-546.114	5162.05
1079.53	890.406	4252.91
338.818	873.615	4787.83
578.208	-533.715	4937.67
113.359	1063.99	5071.73
12.1399	156.163	5170.21
-277.502	-483.558	5202.53
377.733	173.135	3907.09
858.166	1092.01	5327.26
626.596	19.4191	4353.56
99.7758	729.835	4004.35
-490.423	-83.6437	4244.66
1111.64	711.416	3957.5
-478.591	1094.43	4589.38
53.202	-260.406	4154.04
901.134	265.074	4434.63
855.299	-288.605	5191.6
666.532	-351.468	4641.26
1273.01	-370.929	4100.47
601.066	603.649	4504.51
-914.69	1028.22	4095.45
717.613	150.641	3793.37
94.2096	-723.296	5214.93
467.13	-17.5391	3952.92
-615.719	834.193	4425.46
1161.71	608.469	3724.08
-636.515	334.404	3235.09
-211.599	677.167	3442.2
580.834	859.084	3971.38
-520.579	85.3606	4350.56
-532.741	-207.689	3224.92
145.693	-492.292	4003.42
609.613	-59.1198	3226.35
92.2692	-78.2491	3372.82
412.401	-711.502	3639.48
974.391	621.02	4797.76
-795.718	1008.67	5095.9
180.662	1251.11	4085.41
483.428	-752.08	3927.33
-483.192	532.329	3234.73
1046.89	-668.492	4518.43
-381.011	787.763	3595.75
-63.8978	675.854	4671.2
-865.792	618.279	4358.22
-190.783	-230.816	4778.76
-438.103	211.57	3551.73
-293.503	989.544	4946.02
693.02	-524.067	3639.82
-617.313	-448.591	3384.33
306.722	241.464	4224.32
1101.26	-178.594	4956.4
536.237	53.0043	4734.05
1227.27	-279.649	4213.78
-35.6019	-621.974	4889.19
1213.76	-511.193	4796.53
727.753	804.091	5364.98
-441.738	-580.547	4851.7
918.556	881.201	3736.41
-764.268	-365.042	4344.11
-8.8612	538.478	3445.9
1017.37	-627.649	4138.73
168.601	650.143	3730.42
704.493	785.117	5185.26
1168.24	571.46	4346.92
-94.052	1056.95	4058.79
-606.764	-571.325	3244.16
853.851	-304.448	4978.69
1187.03	-598.285	5303.18
349.743	870.07	5110.92
106.885	430.853	3471.97
683.138	-800.734	4937.95
969.753	1352.5	4395.57
83.0177	123.466	3951.7
-4.79899	-220.734	4342.16
584.542	-389.422	5314.44
-557.516	312.21	5260.1
-725.103	37.3774	3410.91
1005.36	-410.222	4365.37
226.449	-390.057	3448.5
805.172	-617.704	4588.3
-51.7958	-538.299	5270.19
1136.01	199.755	4273.5
-277.492	-550.878	4079.55
-736.955	1104.38	3546.74
185.372	1171.87	4910.48
587.959	1314.61	3626.91
256.892	-186.754	4236.82
259.635	1044.9	3460.63
1327.24	-103.346	3706.99
-346.445	523.806	3813.35
1041.77	-226.697	4438.02
89.4784	966.738	3826.9
999.306	-576.488	3554.84
-82.5238	127.081	5148.9
841.197	-451.193	5155.55
-12.8544	-193.652	4257.09
462.647	234.25	3711.35
-95.2229	1126.06	4322.63
-509.902	389.147	4591.9
-82.8278	1230.06	3567.89
1104.9	-546.114	5162.05
1079.53	890.406	4252.91
338.818	873.615	4787.83
578.208	-533.715	4937.67
113.359	1063.99	5071.73
12.1399	156.163	5170.21
-277.502	-483.558	5202.53
377.733	173.135	3907.09
858.166	1092.01	5327.26
626.596	19.4191	4353.56
99.7758	729.835	4004.35
-490.423	-83.6437	4244.66
1111.64	711.416	3957.5
-478.591	1094.43	4589.38
53.202	-260.406	4154.04
901.134	265.074	4434.63
855.299	-288.605	5191.6
666.532	-351.468	4641.26
1273.01	-370.929	4100.47
601.066	603.649	4504.51
-914.69	1028.22	4095.45
717.613	150.641	3793.37
94.2096	-723.296	5214.93
467.13	-17.5391	3952.92
-615.719	834.193	4425.46
1161.71	608.469	3724.08
-636.515	334.404	3235.09
-211.599	677.167	3442.2
580.834	859.084	3971.38
-520.579	85.3606	4350.56
-532.741	-207.689	3224.92
145.693	-492.292	4003.42
609.613	-59.1198	3226.35
92.2692	-78.2491	3372.82
412.401	-711.502	3639.48
974.391	621.02	4797.76
-795.718	1008.67	5095.9
180.662	1251.11	4085.41
483.428	-752.08	3927.33
-483.192	532.329	3234.73
1046.89	-668.492	4518.43
-381.011	787.763	3595.75
-63.8978	675.854	4671.2
-865.792	618.279	4358.22
-190.783	-230.816	4778.76
-438.103	211.57	3551.73
-293.503	989.544	4946.02
693.02	-524.067	3639.82
-617.313	-448.591	3384.33
306.722	241.464	4224.32
1101.26	-178.594	4956.4
536.237	53.0043	4734.05
1227.27	-279.649	4213.78
-35.6019	-621.974	4889.19
1213.76	-511.193	4796.53
727.753	804.091	5364.98
-441.738	-580.547	4851.7
918.556	881.201	3736.41
-764.268	-365.042	4344.11
-8.8612	538.478	3445.9
1017.37	-627.649	4138.73
168.601	650.143	3730.42
704.493	785.117	5185.26
1168.24	571.46	4346.92
-94.052	1056.95	4058.79
-606.764	-571.325	3244.16
853.851	-304.448	4978.69
1187.03	-598.285	5303.18
349.743	870.07	5110.92
106.885	430.853	3471.97
683.138	-800.734	4937.95
969.753	1352.5	4395.57
83.0177	123.466	3951.7
-4.79899	-220.734	4342.16
584.542	-389.422	5314.44
-557.516	312.21	5260.1
-725.103	37.3774	3410.91
1005.36	-410.222	4365.37
226.449	-390.057	3448.5
805.172	-617.704	4588.3
-51.7958	-538.299	5270.19
1136.01	199.755	4273.5
-277.492	-550.878	4079.55
-736.955	1104.38	3546.74
185.372	1171.87	4910.48
587.959	1314.61	3626.91
256.892	-186.754	4236.82
259.635	1044.9	3460.63
1327.24	-103.346	3706.99
-346.445	523.806	3813.35
1041.77	-226.697	4438.02
89.4784	966.738	3826.9
999.306	-576.488	3554.84
-82.5238	127.081	5148.9
841.197	-451.193	5155.55
-12.8544	-193.652	4257.09
462.647	234.25	3711.35
-95.2229	1126.06	4322.63
-509.902	389.147	4591.9
-82.8278	1230.06	3567.89
1104.9	-546.114	5162.05
1079.53	890.406	4252.91
338.818	873.615	4787.83
578.208	-533.715	4937.67
113.359	1063.99	5071.73
12.1399	156.163	5170.21
-277.502	-483.558	5202.53
377.733	173.135	3907.09
858.166	1092.01	5327.26
626.596	19.4191	4353.56
99.7758	729.835	4004.35
-490.423	-83.6437	4244.66
1111.64	711.416	3957.5
-478.591	1094.43	4589.38
53.202	-260.406	4154.04
901.134	265.074	4434.63
855.299	-288.605	5191.6
666.532	-351.468	4641.26
1273.01	-370.929	4100.47
601.066	603.649	4504.51
-914.69	1028.22	4095.45
717.613	150.641	3793.37
94.2096	-723.296	5214.93
467.13	-17.5391	3952.92
-615.719	834.193	4425.46
1161.71	608.469	3724.08
-636.515	334.404	3235.09
-211.599	677.167	3442.2
580.834	859.084	3971.38
-520.579	85.3606	4350.56
-532.741	-207.689	3224.92
145.693	-492.292	4003.42
609.613	-59.1198	3226.35
92.2692	-78.2491	3372.82
412.401	-711.502	3639.48
974.391	621.02	4797.76
-795.718	1008.67	5095.9
180.662	1251.11	4085.41
483.428	-752.08	3927.33
-483.192	532.329	3234.73
1046.89	-668.492	4518.43
-381.011	787.763	3595.75
-63.8978	675.854	4671.2
-865.792	618.279	4358.22
-190.783	-230.816	4778.76
-438.103	211.57	3551.73
-293.503	989.544	4946.02
693.02	-524.067	3639.82
-617.313	-448.591	3384.33
306.722	241.464	4224.32
1101.26	-178.594	4956.4
536.237	53.0043	4734.05
1227.27	-279.649	4213.78
-35.6019	-621.974	4889.19
1213.76	-511.193	4796.53
727.753	804.091	5364.98
-441.738	-580.547	4851.7
918.556	881.201	3736.41
-764.268	-365.042	4344.11
-8.8612	538.478	3445.9
1017.37	-627.649	4138.73
168.601	650.143	3730.42
704.493	785.117	5185.26
1168.24	571.46	4346.92
-94.052	1056.95	4058.79
-606.764	-571.325	3244.16
853.851	-304.448	4978.69
1187.03	-598.285	5303.18
349.743	870.07	5110.92
106.885	430.853	3471.97
683.138	-800.734	4937.95
969.753	1352.5	4395.57
83.0177	123.466	3951.7
-4.79899	-220.734	4342.16
584.542	-389.422	5314.44
-557.516	312.21	5260.1
-725.103	37.3774	3410.91
1005.36	-410.222	4365.37
226.449	-390.057	3448.5
805.172	-617.704	4588.3
-51.7958	-538.299	5270.19
1136.01	199.755	4273.5
-277.492	-550.878	4079.55
-736.955	1104.38	3546.74
185.372	1171.87	4910.48
587.959	1314.61	3626.91
256.892	-186.754	4236.82
259.635	1044.9	3460.63
1327.24	-103.346	3706.99
-346.445	523.806	3813.35
1041.77	-226.697	4438.02
89.4784	966.738	3826.9
999.306	-576.488	3554.84
-82.5238	127.081	5148.9
841.197	-451.193	5155.55
-12.8544	-193.652	4257.09
462.647	234.25	3711.35
-95.2229	1126.06	4322.63
-509.902	389.147	4591.9
-82.8278	1230.06	3567.89
1104.9	-546.114	5162.05
1079.53	890.406	4252.91
338.818	873.615	4787.83
578.208	-533.715	4937.67
113.359	1063.99	5071.73
12.1399	156.163	5170.21
-277.502	-483.558	5202.53
377.733	173.135	3907.09
858.166	1092.01	5327.26
626.596	19.4191	4353.56
99.7758	729.835	4004.35
-490.423	-83.6437	4244.66
1111.64	711.416	3957.5
-478.591	1094.43	4589.38
53.202	-260.406	4154.04
901.134	265.074	4434.63
855.299	-288.605	5191.6
666.532	-351.468	4641.26
1273.01	-370.929	4100.47
601.066	603.649	4504.51
-914.69	1028.22	4095.45
717.613	150.641	3793.37
94.2096	-723.296	5214.93
467.13	-17.5391	3952.92
-615.719	834.193	4425.46
1161.71	608.469	3724.08
-636.515	334.404	3235.09
-211.599	677.167	3442.2
580.834	859.084	3971.38
-520.579	85.3606	4350.56
-532.741	-207.689	3224.92
145.693	-492.292	4003.42
609.613	-59.1198	3226.35
92.2692	-78.2491	3372.82
412.401	-711.502	3639.48
974.391	621.02	4797.76
