-796.338	1008.23	5096.47
180.17	1250.94	4086.41
482.906	-752.303	3927.38
-483.569	532.04	3234.99
1046.31	-668.813	4518.82
-381.456	787.469	3596.2
-64.4752	675.492	4671.87
-866.265	617.874	4358.45
-191.338	-231.174	4778.81
-438.499	211.263	3551.88
-294.128	989.181	4946.82
692.541	-524.315	3640.05
-617.599	-448.784	3384.11
306.205	241.132	4224.87
1100.69	-178.98	4957.17
535.66	52.6336	4734.64
1226.79	-279.977	4214.44
-36.1826	-622.273	4889.08
1213.18	-511.558	4797.12
727.179	803.772	5366.32
-442.237	-580.832	4851.42
918.223	881.044	3737.43
-764.642	-365.328	4343.82
-9.28704	538.204	3446.34
1016.83	-627.942	4139.1
168.145	649.872	3731.03
703.934	784.805	5186.53
1167.85	571.205	4348.04
-94.565	1056.69	4059.57
-607.025	-571.474	3243.9
853.235	-304.83	4979.24
1186.37	-598.685	5303.78
349.141	869.742	5112.01
106.458	430.579	3472.42
682.482	-801.042	4938.1
969.409	1352.45	4397.08
82.5324	123.146	3952.04
-5.32324	-221.06	4342.3
583.87	-389.819	5314.84
-558.112	311.757	5260.34
-725.416	37.0907	3410.87
1004.82	-410.552	4365.86
226.013	-390.292	3448.61
804.574	-618.023	4588.62
-52.4219	-538.645	5270.13
1135.58	199.445	4274.38
-277.934	-551.115	4079.39
-737.402	1104.09	3547.21
184.78	1171.61	4911.65
587.599	1314.55	3627.99
256.363	-187.077	4237.09
259.226	1044.73	3461.41
1326.87	-103.631	3707.68
-346.904	523.479	3813.71
1041.24	-227.041	4438.66
89.0068	966.502	3827.65
998.844	-576.737	3555.16
-83.1469	126.662	5149.28
840.546	-451.577	5156.02
-13.3679	-193.974	4257.24
462.199	233.964	3711.87
-95.7701	1125.8	4323.51
-510.429	388.748	4592.17
-83.2848	1229.88	3568.65
1104.26	-546.501	5162.6
1079.18	890.229	4254.15
338.254	873.314	4788.85
577.573	-534.062	4937.94
112.738	1063.69	5072.82
11.5091	155.744	5170.65
-278.084	-483.902	5202.38
377.255	172.828	3907.58
857.654	1091.79	5328.87
626.068	19.08	4354.12
99.2835	729.548	4005.02
-490.876	-83.9782	4244.67
1111.31	711.219	3958.58
-479.179	1094.09	4590.11
52.6956	-260.713	4154.19
900.651	264.75	4435.48
854.663	-289.005	5192.2
665.947	-351.816	4641.67
1272.54	-371.247	4101.07
600.557	603.345	4505.44
-915.177	1027.86	4095.87
717.171	150.353	3793.96
93.5713	-723.603	5214.8
466.641	-17.848	3953.35
-616.255	833.816	4425.93
1161.41	608.27	3725.06
-636.854	334.108	3235.21
-212.026	676.89	3442.63
580.403	858.869	3972.32
-521.052	84.9974	4350.63
-533.05	-207.922	3224.85
145.196	-492.553	4003.47
609.215	-59.3687	3226.72
91.8541	-78.5116	3373.02
411.919	-711.703	3639.51
973.916	620.725	4798.94
-796.321	1008.21	5096.37
180.167	1250.91	4086.33
482.895	-752.287	3927.3
-483.559	532.029	3234.92
1046.28	-668.799	4518.73
-381.448	787.453	3596.13
-64.4738	675.478	4671.78
-866.247	617.862	4358.36
-191.335	-231.169	4778.72
-438.49	211.259	3551.81
-294.121	989.16	4946.72
692.526	-524.305	3639.98
-617.587	-448.774	3384.04
306.199	241.126	4224.79
1100.67	-178.977	4957.07
535.649	52.6322	4734.55
1226.77	-279.972	4214.35
-36.1824	-622.26	4888.98
1213.16	-511.548	4797.02
727.164	803.755	5366.21
-442.229	-580.82	4851.32
918.205	881.025	3737.35
-764.626	-365.32	4343.73
-9.28673	538.193	3446.27
1016.81	-627.93	4139.01
168.142	649.859	3730.96
703.92	784.789	5186.43
1167.83	571.192	4347.95
-94.5627	1056.67	4059.49
-607.013	-571.462	3243.84
853.217	-304.824	4979.14
1186.35	-598.673	5303.67
349.134	869.724	5111.91
106.456	430.57	3472.35
682.468	-801.026	4938
969.39	1352.42	4396.99
82.5305	123.144	3951.97
-5.32346	-221.055	4342.21
583.858	-389.811	5314.73
-558.101	311.751	5260.23
-725.401	37.0903	3410.8
1004.8	-410.544	4365.77
226.008	-390.284	3448.54
804.557	-618.011	4588.52
-52.4214	-538.634	5270.02
1135.55	199.44	4274.3
-277.929	-551.104	4079.31
-737.386	1104.07	3547.14
184.776	1171.58	4911.55
587.588	1314.52	3627.91
256.357	-187.073	4237.01
259.221	1044.71	3461.34
1326.84	-103.629	3707.61
-346.896	523.469	3813.63
1041.22	-227.037	4438.57
89.0053	966.482	3827.58
998.823	-576.726	3555.09
-83.1454	126.66	5149.18
840.528	-451.568	5155.92
-13.3679	-193.97	4257.15
462.19	233.958	3711.79
-95.7677	1125.78	4323.42
-510.419	388.74	4592.08
-83.2826	1229.86	3568.58
1104.23	-546.49	5162.49
1079.16	890.21	4254.07
338.247	873.295	4788.76
577.56	-534.052	4937.84
112.736	1063.66	5072.72
11.5087	155.741	5170.54
-278.079	-483.892	5202.28
377.247	172.825	3907.5
857.636	1091.77	5328.76
626.055	19.0793	4354.04
99.2817	729.533	4004.94
-490.866	-83.9762	4244.58
1111.28	711.204	3958.5
-479.168	1094.07	4590.02
52.6941	-260.708	4154.1
900.632	264.744	4435.39
854.645	-289	5192.1
665.932	-351.809	4641.58
1272.51	-371.24	4100.99
600.545	603.332	4505.35
-915.157	1027.84	4095.79
717.156	150.349	3793.88
93.5687	-723.588	5214.7
466.632	-17.8479	3953.28
-616.242	833.799	4425.84
1161.39	608.257	3724.98
-636.841	334.101	3235.15
-212.021	676.876	3442.56
580.392	858.851	3972.24
-521.041	84.9959	4350.55
-533.039	-207.917	3224.78
145.192	-492.543	4003.39
609.202	-59.3678	3226.66
91.852	-78.51	3372.95
411.91	-711.689	3639.43
973.896	620.711	4798.85
-796.331	1008.23	5096.44
180.17	1250.93	4086.38
482.902	-752.298	3927.35
-483.565	532.036	3234.97
1046.3	-668.809	4518.79
-381.453	787.463	3596.18
-64.4738	675.487	4671.84
-866.257	617.87	4358.42
-191.337	-231.172	4778.78
-438.496	211.262	3551.85
-294.124	989.173	4946.78
692.535	-524.312	3640.03
-617.595	-448.78	3384.09
306.203	241.129	4224.84
1100.68	-178.98	4957.14
535.656	52.6325	4734.61
1226.78	-279.976	4214.41
-36.1827	-622.268	4889.05
1213.17	-511.555	4797.08
727.174	803.765	5366.28
-442.234	-580.827	4851.38
918.217	881.036	3737.4
-764.636	-365.325	4343.79
-9.28628	538.2	3446.32
1016.82	-627.938	4139.07
168.145	649.867	3731.01
703.93	784.798	5186.5
1167.85	571.199	4348.01
-94.5631	1056.69	4059.54
-607.021	-571.469	3243.88
853.229	-304.828	4979.2
1186.36	-598.682	5303.74
349.139	869.735	5111.98
106.458	430.576	3472.39
682.477	-801.036	4938.07
969.404	1352.44	4397.05
82.532	123.145	3952.02
-5.32323	-221.058	4342.27
583.866	-389.817	5314.8
-558.107	311.755	5260.3
-725.411	37.091	3410.84
1004.81	-410.55	4365.83
226.011	-390.289	3448.59
804.568	-618.02	4588.58
-52.4218	-538.641	5270.09
1135.57	199.442	4274.35
-277.933	-551.111	4079.36
-737.395	1104.09	3547.18
184.78	1171.6	4911.62
587.596	1314.54	3627.96
256.361	-187.076	4237.06
259.225	1044.72	3461.38
1326.86	-103.631	3707.66
-346.9	523.475	3813.68
1041.24	-227.041	4438.63
89.0073	966.494	3827.63
998.836	-576.734	3555.14
-83.1459	126.661	5149.25
840.54	-451.575	5155.99
-13.3678	-193.972	4257.21
462.196	233.961	3711.84
-95.768	1125.79	4323.48
-510.425	388.745	4592.14
-83.2828	1229.87	3568.63
1104.25	-546.498	5162.56
1079.17	890.221	4254.12
338.252	873.306	4788.82
577.568	-534.059	4937.9
112.739	1063.68	5072.79
11.5094	155.742	5170.61
-278.082	-483.898	5202.35
377.252	172.826	3907.55
857.648	1091.78	5328.83
626.063	19.079	4354.09
99.2837	729.542	4005
-490.872	-83.9773	4244.64
1111.3	711.212	3958.55
-479.174	1094.08	4590.08
52.6951	-260.711	4154.16
900.644	264.747	4435.45
854.656	-289.004	5192.17
665.941	-351.814	4641.64
1272.53	-371.246	4101.05
600.553	603.339	4505.41
-915.168	1027.85	4095.84
717.166	150.351	3793.93
93.5701	-723.597	5214.77
466.638	-17.8485	3953.33
-616.249	833.81	4425.9
1161.4	608.264	3725.03
-636.849	334.106	3235.19
-212.023	676.885	3442.61
580.4	858.861	3972.29
-521.047	84.9971	4350.6
-533.046	-207.92	3224.83
145.195	-492.549	4003.44
609.21	-59.369	3226.7
91.8535	-78.5112	3372.99
411.915	-711.698	3639.48
973.909	620.719	4798.91
-796.356	1008.26	5096.6
180.177	1250.97	4086.52
482.917	-752.322	3927.48
-483.58	532.054	3235.07
1046.33	-668.831	4518.94
-381.464	787.489	3596.29
-64.4754	675.509	4671.99
-866.285	617.89	4358.56
-191.343	-231.179	4778.94
-438.509	211.269	3551.97
-294.133	989.205	4946.94
692.557	-524.33	3640.15
-617.615	-448.794	3384.2
306.214	241.137	4224.98
1100.72	-178.986	4957.3
535.674	52.6339	4734.76
1226.82	-279.986	4214.54
-36.1839	-622.288	4889.21
1213.21	-511.572	4797.24
727.199	803.791	5366.46
-442.248	-580.846	4851.54
918.248	881.064	3737.52
-764.661	-365.336	4343.93
-9.28614	538.217	3446.43
1016.86	-627.959	4139.2
168.151	649.888	3731.13
703.953	784.823	5186.66
1167.88	571.217	4348.15
-94.5654	1056.72	4059.67
-607.04	-571.488	3243.98
853.257	-304.839	4979.37
1186.4	-598.702	5303.92
349.151	869.763	5112.14
106.461	430.589	3472.51
682.499	-801.063	4938.23
969.436	1352.48	4397.19
82.535	123.149	3952.15
-5.32324	-221.065	4342.41
583.885	-389.83	5314.98
-558.125	311.765	5260.47
-725.434	37.0925	3410.95
1004.84	-410.564	4365.98
226.018	-390.302	3448.7
804.594	-618.04	4588.73
-52.4235	-538.659	5270.26
1135.61	199.448	4274.49
-277.942	-551.129	4079.49
-737.418	1104.12	3547.3
184.786	1171.64	4911.78
587.616	1314.58	3628.08
256.37	-187.082	4237.2
259.234	1044.75	3461.5
1326.9	-103.635	3707.78
-346.911	523.493	3813.81
1041.27	-227.049	4438.77
89.0108	966.525	3827.75
998.868	-576.753	3555.25
-83.1483	126.665	5149.42
840.567	-451.59	5156.15
-13.3681	-193.978	4257.35
462.212	233.969	3711.96
-95.7704	1125.83	4323.62
-510.441	388.758	4592.29
-83.2848	1229.91	3568.75
1104.28	-546.516	5162.73
1079.21	890.25	4254.26
338.264	873.335	4788.98
577.587	-534.077	4938.06
112.743	1063.71	5072.95
11.5102	155.747	5170.78
-278.091	-483.914	5202.52
377.265	172.832	3907.68
857.677	1091.82	5329
626.084	19.0794	4354.24
99.2875	729.566	4005.13
-490.888	-83.9798	4244.77
1111.34	711.235	3958.68
-479.188	1094.12	4590.23
52.6969	-260.72	4154.29
900.674	264.755	4435.6
854.684	-289.014	5192.34
665.963	-351.826	4641.79
1272.57	-371.258	4101.18
600.573	603.359	4505.55
-915.197	1027.88	4095.97
717.189	150.355	3794.06
93.5731	-723.621	5214.94
466.653	-17.8493	3953.46
-616.268	833.837	4426.04
1161.44	608.283	3725.15
-636.869	334.117	3235.29
-212.03	676.907	3442.72
580.419	858.889	3972.42
-521.064	85.0001	4350.75
-533.063	-207.926	3224.93
145.199	-492.565	4003.57
609.23	-59.3712	3226.81
91.8566	-78.5138	3373.1
411.929	-711.722	3639.6
973.942	620.739	4799.07
-796.392	1008.31	5096.84
180.186	1251.03	4086.71
482.939	-752.357	3927.67
-483.602	532.079	3235.22
1046.38	-668.862	4519.15
-381.482	787.526	3596.46
-64.4778	675.54	4672.21
-866.325	617.92	4358.76
-191.351	-231.19	4779.16
-438.53	211.279	3552.13
-294.146	989.252	4947.17
692.59	-524.354	3640.32
-617.644	-448.814	3384.35
306.228	241.148	4225.17
1100.77	-178.995	4957.53
535.699	52.6362	4734.98
1226.88	-279.999	4214.74
-36.1855	-622.317	4889.43
1213.27	-511.597	4797.46
727.233	803.828	5366.71
-442.269	-580.873	4851.76
918.291	881.105	3737.7
-764.696	-365.353	4344.13
-9.28613	538.242	3446.59
1016.9	-627.989	4139.4
168.159	649.918	3731.3
703.987	784.86	5186.91
1167.94	571.243	4348.35
-94.5692	1056.77	4059.86
-607.069	-571.514	3244.13
853.297	-304.853	4979.6
1186.46	-598.73	5304.16
349.168	869.803	5112.38
106.467	430.609	3472.67
682.53	-801.1	4938.46
969.482	1352.55	4397.39
82.5391	123.155	3952.33
-5.32332	-221.076	4342.61
583.912	-389.848	5315.22
-558.151	311.78	5260.71
-725.467	37.0945	3411.11
1004.89	-410.583	4366.18
226.029	-390.32	3448.86
804.632	-618.069	4588.95
-52.4258	-538.684	5270.5
1135.66	199.457	4274.69
-277.955	-551.154	4079.68
-737.452	1104.17	3547.46
184.796	1171.69	4912.01
587.644	1314.64	3628.25
256.382	-187.091	4237.4
259.247	1044.8	3461.66
1326.96	-103.641	3707.95
-346.927	523.517	3813.98
1041.32	-227.06	4438.98
89.0156	966.57	3827.93
998.914	-576.78	3555.42
-83.1517	126.671	5149.65
840.606	-451.611	5156.39
-13.3685	-193.987	4257.54
462.233	233.979	3712.14
-95.7741	1125.88	4323.82
-510.464	388.776	4592.5
-83.2879	1229.97	3568.91
1104.33	-546.542	5162.97
1079.26	890.291	4254.46
338.28	873.375	4789.2
577.614	-534.102	4938.29
112.749	1063.76	5073.19
11.5111	155.755	5171.02
-278.104	-483.936	5202.76
377.283	172.84	3907.86
857.718	1091.87	5329.25
626.113	19.08	4354.44
99.2926	729.6	4005.31
-490.91	-83.9834	4244.97
1111.39	711.267	3958.87
-479.21	1094.17	4590.44
52.6995	-260.732	4154.49
900.716	264.767	4435.8
854.724	-289.028	5192.58
665.994	-351.842	4642
1272.63	-371.276	4101.37
600.602	603.386	4505.76
-915.239	1027.93	4096.16
717.223	150.362	3794.23
93.5775	-723.654	5215.18
466.675	-17.8503	3953.64
-616.296	833.876	4426.25
1161.49	608.311	3725.33
-636.899	334.133	3235.44
-212.039	676.938	3442.88
580.447	858.929	3972.61
-521.088	85.0043	4350.95
-533.088	-207.936	3225.08
145.206	-492.588	4003.76
609.259	-59.3742	3226.96
91.8611	-78.5175	3373.26
411.948	-711.755	3639.77
973.987	620.767	4799.29
