4.162187422805467349e+02	3.144686766432132004e+02
2.867851989604503160e+02	2.962107599008949137e+02
2.809743649844461970e+02	2.187855400335196521e+02
3.971709988242305371e+02	2.506601825971227129e+02
4.584438492269335939e+02	2.337464814057649107e+02
3.902396982657263038e+02	3.190590997064235808e+02
4.524899600775223121e+02	1.969124822553560819e+02
3.689394670315764984e+02	1.670729503585304201e+02
3.991135121374633741e+02	2.313765201749014864e+02
4.751192301144957923e+02	1.774016096961576352e+02
4.060823171646079004e+02	3.595081742093902903e+02
3.509537261245260424e+02	1.634120169861676004e+02
3.898547715384905246e+02	2.155116877573855163e+02
4.402507016113695499e+02	2.226642325465656711e+02
4.187003539310881024e+02	1.916866993068630336e+02
3.403869245916001205e+02	2.672795632601299758e+02
2.788069684490870941e+02	3.081003842094415290e+02
4.217631315162032024e+02	1.660696362565682307e+02
3.424930906937947270e+02	2.034479333711803974e+02
3.691417478296568788e+02	2.627606356244925792e+02
3.878655267421723352e+02	2.416250999825517454e+02
4.120752655796945305e+02	2.377158715666294313e+02
3.794834136648518097e+02	3.476626804666952353e+02
3.052875972591543245e+02	2.612769270607792009e+02
4.172183564155888007e+02	1.805821600177670803e+02
3.654788798555272251e+02	2.424244764317261343e+02
3.056800995593184780e+02	2.797676678066181921e+02
3.766317635921536180e+02	1.999420300687953898e+02
3.725497434881669392e+02	2.265771534341556617e+02
3.450506913737382888e+02	2.260059780358973001e+02
3.383742794537562304e+02	3.099392491577536930e+02
4.524617058674318173e+02	2.091454148275952605e+02
3.766868721825056809e+02	1.847907009075231315e+02
3.942159298375070762e+02	3.115878258005733983e+02
4.574326007584031117e+02	3.209963378509465883e+02
3.586166575461418802e+02	3.019161807750612070e+02
3.850794333843290929e+02	1.938406305761306783e+02
3.354320095570937497e+02	2.786229613970720038e+02
3.964191694190433850e+02	2.010726233425177725e+02
3.539522030243911672e+02	1.998013696540999717e+02
3.699493275150309159e+02	2.685273486982424629e+02
3.732472315625664692e+02	3.257902260959641580e+02
3.088929395540399696e+02	2.646295229153193986e+02
3.052809265167942385e+02	2.597192799627351860e+02
3.023612556859302458e+02	2.642458868802347070e+02
3.954446313429923521e+02	2.586981563501108781e+02
3.265678512443483896e+02	2.166662734125787608e+02
4.420040055100655536e+02	2.296728768186332843e+02
3.754754485766573566e+02	2.897673626745087176e+02
4.275813956316214899e+02	2.929639039409561292e+02
