4.162386883372294051e+02	3.134657688213395659e+02
2.867561544451967848e+02	2.953510133934353803e+02
2.809779716972062147e+02	2.175886093061914437e+02
3.971737093392911788e+02	2.497485194996308167e+02
4.584470994213215249e+02	2.329178407649930875e+02
3.902479262564256715e+02	3.179797824770764691e+02
4.524798879164538334e+02	1.960178742308250435e+02
3.689415647780230643e+02	1.660327606099429261e+02
3.991141641049078999e+02	2.305953301678350158e+02
4.750975953583858313e+02	1.765288002917720291e+02
4.061055439268963596e+02	3.585185021976644748e+02
3.509596045501794492e+02	1.626805150337735313e+02
3.898542572233403689e+02	2.147703579046735172e+02
4.402501551243415179e+02	2.218718602055997167e+02
4.186943604928728746e+02	1.908921099500137188e+02
3.403804552443149873e+02	2.664632684396089530e+02
2.787647043406874445e+02	3.071208198678916688e+02
4.217500724814798332e+02	1.651684426567510400e+02
3.424963309836511485e+02	2.025739766811314553e+02
3.691404394445575576e+02	2.617337863057778691e+02
3.878667858551928020e+02	2.404776213147879957e+02
4.120775268559699498e+02	2.368121986677267046e+02
3.794859395161092266e+02	3.467605712653599994e+02
3.052726443945567780e+02	2.601670128300353326e+02
4.172112334580951938e+02	1.798525576850524885e+02
3.654781354381697156e+02	2.416284494298383834e+02
3.056597948562736065e+02	2.787702136319527426e+02
3.766316321784836987e+02	1.990679348334835197e+02
3.725497158762813115e+02	2.255031385892777394e+02
3.450505169290747745e+02	2.251494906207026929e+02
3.383585280936948720e+02	3.090197688885178877e+02
4.524566307350449961e+02	2.083369365224406238e+02
3.766865655571206730e+02	1.835988326062131648e+02
3.942234141808966683e+02	3.107435518433737798e+02
4.574699794807775106e+02	3.201242168372175456e+02
3.586101591006291187e+02	3.009905377836058733e+02
3.850778757258895553e+02	1.928505809882118456e+02
3.354238871241041124e+02	2.779173124234808938e+02
3.964161989692038901e+02	1.999442443571580839e+02
3.539544309142127645e+02	1.990150905201944340e+02
3.699480019265997726e+02	2.674938513335639527e+02
3.732462664996583044e+02	3.249998866538844027e+02
3.088798560960103714e+02	2.636957109881754491e+02
3.052704862458902539e+02	2.589129409436250739e+02
3.023483575167692265e+02	2.633992123414350885e+02
3.954477198356884742e+02	2.578392471118656886e+02
3.265703742963051468e+02	2.154754500756547202e+02
4.420055193039539176e+02	2.287946084059409202e+02
3.754754524010687646e+02	2.889778050642398739e+02
4.275978794141699950e+02	2.920988816120347451e+02
