-53.2581	1988.18	6028.03
2058.01	515.637	5040.67
-624.155	1515.35	4372.1
-764.007	2744.09	3093.55
904.388	1135.31	4124.31
1690.65	363.711	3992.21
3183.23	1975.57	3572.12
1384.5	-125.522	2206.93
-730.535	1792.69	1843.74
-49.0878	2343.37	2367.76
3302.59	-301.197	4503.79
40.1364	2258.86	4462.74
-48.1729	1098.51	4583.85
770.391	-272.271	3901.92
2314.4	703.892	2123.35
-262.531	1348.07	5984.69
165.581	3205.69	6036.79
2715.27	64.5449	2534.27
2358.74	-124.503	2893.55
-522.183	34.774	2531.91
2976.21	1072.76	2910.78
2374.37	2614.1	4938.33
899.061	1075.27	5739.4
2185.48	232.147	5237.07
-303.791	2469.21	2989.26
2860.94	-86.7485	3009.52
1588.93	2246.12	5975.59
2650.93	3338.02	4058.05
-1293.52	3027.9	3697.96
606.197	-340.874	3826.76
1371.61	-279.098	4598.99
765.568	301.486	1990.47
654.923	2313.16	5186.43
1117.1	1257.64	3437.41
2571.87	1773.84	2195.98
3002.73	223.545	4284.47
-414.613	2593.9	3471.57
-427.995	1430.18	2631.83
2849.35	1450.86	5146.81
3329.96	-246.499	6004.69
-569.832	1833.56	3422.3
1361.02	725.835	2139.68
2114.51	982.029	1886.95
-331.47	1114.3	3852.65
1084.33	1649.06	4757.23
-1109.12	2591.1	5142.88
2270.17	-282.319	3581.35
-390.986	616.528	4637.58
307.457	203.445	4274.81
1757.26	-34.9275	2838.99
-53.2581	1988.18	6028.03
2058.01	515.637	5040.67
-624.155	1515.35	4372.1
-764.007	2744.09	3093.55
904.388	1135.31	4124.31
1690.65	363.711	3992.21
3183.23	1975.57	3572.12
1384.5	-125.522	2206.93
-730.535	1792.69	1843.74
-49.0878	2343.37	2367.76
3302.59	-301.197	4503.79
40.1364	2258.86	4462.74
-48.1729	1098.51	4583.85
770.391	-272.271	3901.92
2314.4	703.892	2123.35
-262.531	1348.07	5984.69
165.581	3205.69	6036.79
2715.27	64.5449	2534.27
2358.74	-124.503	2893.55
-522.183	34.774	2531.91
2976.21	1072.76	2910.78
2374.37	2614.1	4938.33
899.061	1075.27	5739.4
2185.48	232.147	5237.07
-303.791	2469.21	2989.26
2860.94	-86.7485	3009.52
1588.93	2246.12	5975.59
2650.93	3338.02	4058.05
-1293.52	3027.9	3697.96
606.197	-340.874	3826.76
1371.61	-279.098	4598.99
765.568	301.486	1990.47
654.923	2313.16	5186.43
1117.1	1257.64	3437.41
2571.87	1773.84	2195.98
3002.73	223.545	4284.47
-414.613	2593.9	3471.57
-427.995	1430.18	2631.83
2849.35	1450.86	5146.81
3329.96	-246.499	6004.69
-569.832	1833.56	3422.3
1361.02	725.835	2139.68
2114.51	982.029	1886.95
-331.47	1114.3	3852.65
1084.33	1649.06	4757.23
-1109.12	2591.1	5142.88
2270.17	-282.319	3581.35
-390.986	616.528	4637.58
307.457	203.445	4274.81
1757.26	-34.9275	2838.99
-53.2581	1988.18	6028.03
2058.01	515.637	5040.67
-624.155	1515.35	4372.1
-764.007	2744.09	3093.55
904.388	1135.31	4124.31
1690.65	363.711	3992.21
3183.23	1975.57	3572.12
1384.5	-125.522	2206.93
-730.535	1792.69	1843.74
-49.0878	2343.37	2367.76
3302.59	-301.197	4503.79
40.1364	2258.86	4462.74
-48.1729	1098.51	4583.85
770.391	-272.271	3901.92
2314.4	703.892	2123.35
-262.531	1348.07	5984.69
165.581	3205.69	6036.79
2715.27	64.5449	2534.27
2358.74	-124.503	2893.55
-522.183	34.774	2531.91
2976.21	1072.76	2910.78
2374.37	2614.1	4938.33
899.061	1075.27	5739.4
2185.48	232.147	5237.07
-303.791	2469.21	2989.26
2860.94	-86.7485	3009.52
1588.93	2246.12	5975.59
2650.93	3338.02	4058.05
-1293.52	3027.9	3697.96
606.197	-340.874	3826.76
1371.61	-279.098	4598.99
765.568	301.486	1990.47
654.923	2313.16	5186.43
1117.1	1257.64	3437.41
2571.87	1773.84	2195.98
3002.73	223.545	4284.47
-414.613	2593.9	3471.57
-427.995	1430.18	2631.83
2849.35	1450.86	5146.81
3329.96	-246.499	6004.69
-569.832	1833.56	3422.3
1361.02	725.835	2139.68
2114.51	982.029	1886.95
-331.47	1114.3	3852.65
1084.33	1649.06	4757.23
-1109.12	2591.1	5142.88
2270.17	-282.319	3581.35
-390.986	616.528	4637.58
307.457	203.445	4274.81
1757.26	-34.9275	2838.99
-53.3872	1993	6042.64
2063	516.886	5052.89
-625.668	1519.02	4382.7
-765.859	2750.74	3101.05
906.58	1138.06	4134.31
1694.75	364.592	4001.89
3190.95	1980.36	3580.78
1387.86	-125.826	2212.28
-732.306	1797.03	1848.21
-49.2062	2349.05	2373.5
3310.6	-301.929	4514.71
40.234	2264.34	4473.56
-48.2899	1101.17	4594.97
772.259	-272.931	3911.38
2320.01	705.598	2128.49
-263.168	1351.34	5999.2
165.983	3213.46	6051.43
2721.85	64.7003	2540.41
2364.45	-124.805	2900.57
-523.449	34.8585	2538.05
2983.43	1075.36	2917.84
2380.13	2620.44	4950.3
901.241	1077.87	5753.31
2190.78	232.709	5249.77
-304.527	2475.19	2996.51
2867.88	-86.9599	3016.81
1592.78	2251.56	5990.08
2657.35	3346.11	4067.88
-1296.65	3035.24	3706.93
607.666	-341.701	3836.04
1374.93	-279.775	4610.14
767.425	302.216	1995.29
656.511	2318.77	5199
1119.81	1260.69	3445.75
2578.11	1778.14	2201.3
3010.01	224.085	4294.85
-415.618	2600.19	3479.99
-429.032	1433.65	2638.21
2856.26	1454.38	5159.29
3338.03	-247.098	6019.25
-571.213	1838.01	3430.59
1364.32	727.594	2144.87
2119.64	984.409	1891.52
-332.274	1117	3862
1086.96	1653.06	4768.76
-1111.81	2597.38	5155.35
2275.68	-283.004	3590.03
-391.935	618.023	4648.82
308.202	203.938	4285.18
1761.52	-35.0129	2845.87
-53.4207	1994.24	6046.38
2064.28	517.207	5056.01
-626.055	1519.96	4385.41
-766.334	2752.44	3102.97
907.141	1138.77	4136.86
1695.79	364.819	4004.36
3192.92	1981.59	3582.99
1388.71	-125.904	2213.65
-732.759	1798.14	1849.35
-49.2374	2350.51	2374.97
3312.65	-302.114	4517.5
40.2583	2265.74	4476.33
-48.3199	1101.86	4597.81
772.736	-273.1	3913.8
2321.44	706.035	2129.81
-263.331	1352.18	6002.91
166.085	3215.45	6055.17
2723.54	64.7414	2541.99
2365.92	-124.882	2902.36
-523.773	34.8799	2539.62
2985.27	1076.02	2919.64
2381.6	2622.06	4953.36
901.798	1078.54	5756.87
2192.13	232.854	5253.01
-304.716	2476.73	2998.36
2869.65	-87.0126	3018.68
1593.77	2252.95	5993.78
2659	3348.18	4070.4
-1297.46	3037.12	3709.22
608.042	-341.912	3838.41
1375.78	-279.947	4612.99
767.899	302.404	1996.53
656.916	2320.21	5202.22
1120.5	1261.47	3447.88
2579.7	1779.24	2202.67
3011.87	224.225	4297.51
-415.876	2601.8	3482.14
-429.298	1434.53	2639.84
2858.02	1455.28	5162.48
3340.1	-247.249	6022.98
-571.567	1839.15	3432.71
1365.17	728.044	2146.2
2120.95	985.019	1892.69
-332.48	1117.69	3864.38
1087.63	1654.09	4771.71
-1112.5	2598.99	5158.54
2277.09	-283.178	3592.26
-392.177	618.405	4651.7
308.393	204.064	4287.83
1762.61	-35.0339	2847.63
