361.299	349.018
510.664	263.763
307.781	355.644
266.001	550.531
439.341	328.037
512.491	259.625
676.991	423.24
571.093	204.972
197.987	579.866
341.515	585.974
624.453	201.019
364.355	413.38
356.681	315.939
429.108	201.525
732.531	342.503
347.98	310.764
375.302	422.329
730.332	233.247
644.96	209.442
271.664	233.638
718.013	356.186
537.558	418.838
420.931	296.036
514.214	242.518
317.539	528.777
692.924	214.175
461.929	364.566
595.432	521.455
232.02	526.481
414.401	194.584
468.655	204.519
480.994	281.994
409.316	390.918
474.758	360.638
758.851	508.538
612.873	244.267
313.92	500.784
290.734	427.474
563.916	328.556
564.922	210.879
295.433	424.726
574.694	349.04
738.757	409.267
326.204	334.426
444.984	354.11
284.166	413.253
585.269	196.949
329.381	276.982
385.159	245.035
575.296	221.181
361.949	349.018
511.433	263.762
308.676	355.646
267.247	550.545
440.288	328.034
513.461	259.623
678.024	423.216
572.825	204.975
200.052	579.91
343.144	585.978
625.29	201.021
365.232	413.38
357.536	315.94
430.109	201.526
734.234	342.476
348.635	310.765
375.949	422.329
731.761	233.246
646.254	209.445
273.206	233.639
719.264	356.164
538.336	418.829
421.613	296.035
514.953	242.517
318.836	528.784
694.147	214.177
462.581	364.564
596.359	521.432
233.061	526.496
415.423	194.585
469.501	204.52
482.947	281.99
410.07	390.916
475.89	360.632
760.466	508.471
613.756	244.266
315.04	500.789
292.216	427.482
564.661	328.551
565.559	210.88
296.573	424.731
576.479	349.023
740.664	409.216
327.221	334.427
445.804	354.107
284.925	413.257
586.332	196.951
330.226	276.982
386.075	245.034
576.641	221.181
361.949	349.018
511.433	263.762
308.676	355.646
267.247	550.545
440.288	328.034
513.461	259.623
678.024	423.216
572.825	204.975
200.052	579.91
343.144	585.978
625.29	201.021
365.232	413.38
357.536	315.94
430.109	201.526
734.234	342.476
348.635	310.765
375.949	422.329
731.761	233.246
646.254	209.445
273.206	233.639
719.264	356.164
538.336	418.829
421.613	296.035
514.953	242.517
318.836	528.784
694.147	214.177
462.581	364.564
596.359	521.432
233.061	526.496
415.423	194.585
469.501	204.52
482.947	281.99
410.07	390.916
475.89	360.632
760.466	508.471
613.756	244.266
315.04	500.789
292.216	427.482
564.661	328.551
565.559	210.88
296.573	424.731
576.479	349.023
740.664	409.216
327.221	334.427
445.804	354.107
284.925	413.257
586.332	196.951
330.226	276.982
386.075	245.034
576.641	221.181
361.949	349.018
511.433	263.762
308.676	355.646
267.247	550.545
440.288	328.034
513.461	259.623
678.024	423.216
572.825	204.975
200.052	579.91
343.144	585.978
625.29	201.021
365.232	413.38
357.536	315.94
430.109	201.526
734.234	342.476
348.635	310.765
375.949	422.329
731.761	233.246
646.254	209.445
273.206	233.639
719.264	356.164
538.336	418.829
421.613	296.035
514.953	242.517
318.836	528.784
694.147	214.177
462.581	364.564
596.359	521.432
233.061	526.496
415.423	194.585
469.501	204.52
482.947	281.99
410.07	390.916
475.89	360.632
760.466	508.471
613.756	244.266
315.04	500.789
292.216	427.482
564.661	328.551
565.559	210.88
296.573	424.731
576.479	349.023
740.664	409.216
327.221	334.427
445.804	354.107
284.925	413.257
586.332	196.951
330.226	276.982
386.075	245.034
576.641	221.181
361.949	349.018
511.433	263.762
308.676	355.646
267.247	550.545
440.288	328.034
513.461	259.623
678.024	423.216
572.825	204.975
200.052	579.91
343.144	585.978
625.29	201.021
365.232	413.38
357.536	315.94
430.109	201.526
734.234	342.476
348.635	310.765
375.949	422.329
731.761	233.246
646.254	209.445
273.206	233.639
719.264	356.164
538.336	418.829
421.613	296.035
514.953	242.517
318.836	528.784
694.147	214.177
462.581	364.564
596.359	521.432
233.061	526.496
415.423	194.585
469.501	204.52
482.947	281.99
410.07	390.916
475.89	360.632
760.466	508.471
613.756	244.266
315.04	500.789
292.216	427.482
564.661	328.551
565.559	210.88
296.573	424.731
576.479	349.023
740.664	409.216
327.221	334.427
445.804	354.107
284.925	413.257
586.332	196.951
330.226	276.982
386.075	245.034
576.641	221.181
