361.974	349.444
511.148	264.451
308.842	356.217
267.624	550.661
440.121	328.711
513.096	260.504
677.145	423.705
571.897	206.815
201.064	579.941
343.292	585.966
624.719	201.93
365.258	413.796
357.58	316.578
429.963	202.587
732.515	343.693
348.685	311.263
375.95	422.62
730.346	234.708
645.294	210.824
273.638	235.14
718.054	357.005
537.984	419.192
421.528	296.583
514.673	243.223
319.042	528.981
693.072	215.479
462.425	364.964
595.786	521.602
233.475	526.664
415.314	195.686
469.287	205.412
482.377	283.634
409.999	391.322
475.578	361.339
758.692	508.861
613.178	245.118
315.229	501.048
292.559	428.128
564.272	329.089
565.229	211.549
296.823	425.238
575.489	350.211
738.693	410.217
327.358	335.134
445.647	354.634
285.116	413.619
585.723	198.109
330.332	277.704
386.05	245.897
575.904	222.555
362	328.495
510.384	245.224
309.738	335.089
271.79	519.07
439.115	308.372
512.4	241.322
669.489	400.292
572.412	187.769
208.447	546.261
344.559	551.541
625.534	182.893
365.32	390.432
357.594	296.491
430.01	183.309
727.134	323.504
348.779	291.274
375.758	398.827
730.001	216.08
645.875	191.917
273.444	216.006
712.28	336.346
533.832	395.684
420.952	276.881
514.29	224.116
321.002	498.926
693.562	196.705
460.719	343.555
587.498	492.257
238.597	496.856
415.337	176.337
469.458	186.177
481.48	264.248
409.097	368.917
473.693	340.097
745.167	480.927
612.573	226.16
317.129	472.882
294.48	404.166
561.658	308.852
565.573	192.459
298.611	401.385
572.207	329.486
730.203	387.67
327.822	314.618
444.33	333.562
287.064	390.286
586.511	178.979
330.41	258.263
385.848	226.701
575.994	203.568
362	328.495
510.384	245.224
309.738	335.089
271.79	519.07
439.115	308.372
512.4	241.322
669.489	400.292
572.412	187.769
208.447	546.261
344.559	551.541
625.534	182.893
365.32	390.432
357.594	296.491
430.01	183.309
727.134	323.504
348.779	291.274
375.758	398.827
730.001	216.08
645.875	191.917
273.444	216.006
712.28	336.346
533.832	395.684
420.952	276.881
514.29	224.116
321.002	498.926
693.562	196.705
460.719	343.555
587.498	492.257
238.597	496.856
415.337	176.337
469.458	186.177
481.48	264.248
409.097	368.917
473.693	340.097
745.167	480.927
612.573	226.16
317.129	472.882
294.48	404.166
561.658	308.852
565.573	192.459
298.611	401.385
572.207	329.486
730.203	387.67
327.822	314.618
444.33	333.562
287.064	390.286
586.511	178.979
330.41	258.263
385.848	226.701
575.994	203.568
362	328.495
510.384	245.224
309.738	335.089
271.79	519.07
439.115	308.372
512.4	241.322
669.489	400.292
572.412	187.769
208.447	546.261
344.559	551.541
625.534	182.893
365.32	390.432
357.594	296.491
430.01	183.309
727.134	323.504
348.779	291.274
375.758	398.827
730.001	216.08
645.875	191.917
273.444	216.006
712.28	336.346
533.832	395.684
420.952	276.881
514.29	224.116
321.002	498.926
693.562	196.705
460.719	343.555
587.498	492.257
238.597	496.856
415.337	176.337
469.458	186.177
481.48	264.248
409.097	368.917
473.693	340.097
745.167	480.927
612.573	226.16
317.129	472.882
294.48	404.166
561.658	308.852
565.573	192.459
298.611	401.385
572.207	329.486
730.203	387.67
327.822	314.618
444.33	333.562
287.064	390.286
586.511	178.979
330.41	258.263
385.848	226.701
575.994	203.568
362	328.495
510.384	245.224
309.738	335.089
271.79	519.07
439.115	308.372
512.4	241.322
669.489	400.292
572.412	187.769
208.447	546.261
344.559	551.541
625.534	182.893
365.32	390.432
357.594	296.491
430.01	183.309
727.134	323.504
348.779	291.274
375.758	398.827
730.001	216.08
645.875	191.917
273.444	216.006
712.28	336.346
533.832	395.684
420.952	276.881
514.29	224.116
321.002	498.926
693.562	196.705
460.719	343.555
587.498	492.257
238.597	496.856
415.337	176.337
469.458	186.177
481.48	264.248
409.097	368.917
473.693	340.097
745.167	480.927
612.573	226.16
317.129	472.882
294.48	404.166
561.658	308.852
565.573	192.459
298.611	401.385
572.207	329.486
730.203	387.67
327.822	314.618
444.33	333.562
287.064	390.286
586.511	178.979
330.41	258.263
385.848	226.701
575.994	203.568
