3.785989567040328438e+02	2.052738222669412096e+02
4.188769162416665495e+02	2.632240023459748954e+02
4.508920678790872216e+02	2.246850749571746348e+02
4.790794509363545330e+02	2.172831567321704540e+02
4.254876609061604995e+02	2.994777306592130230e+02
4.526315914314813540e+02	3.476980505638564409e+02
4.398850205611958586e+02	3.137765708289316535e+02
4.104042921829689021e+02	2.170268018992752843e+02
4.399271079546670649e+02	3.153079062809380275e+02
3.204101878257122848e+02	2.068575473778134892e+02
5.203022145029809735e+02	1.891258778440415256e+02
3.929838196706352278e+02	2.583350671226780264e+02
4.131931775324587761e+02	1.725245902855844236e+02
4.556078721292151386e+02	2.084315088178047972e+02
4.256765782199863679e+02	2.425487646106265345e+02
4.679556057397925315e+02	2.264776341723484450e+02
4.217463372876271137e+02	2.715283899506351872e+02
3.253099672906857904e+02	2.867752111561804327e+02
3.272732145094298630e+02	2.534738273215688196e+02
3.977961002012571043e+02	1.966101683040300543e+02
3.549105929104899246e+02	2.826936741726526066e+02
3.337091608064052934e+02	1.574307446248293161e+02
4.642565639342541886e+02	1.899866987306775457e+02
4.186531499561164651e+02	1.900941322707852521e+02
4.088621400644943265e+02	2.892792736114629406e+02
5.017219107202983537e+02	3.004387874080617848e+02
3.555289710672286674e+02	3.084888674562458277e+02
3.393807767338585109e+02	3.554042492353132729e+02
4.307390056383779893e+02	2.919543970034814038e+02
4.365853223819320306e+02	3.065982193131223426e+02
4.046287409744594470e+02	3.516598021759347716e+02
4.762112530769198315e+02	2.008366967510994243e+02
3.765316822352946247e+02	2.834315645343957044e+02
4.419456097952038363e+02	2.955895135288244546e+02
5.193627526060230366e+02	2.213011868258945185e+02
4.284577369279237473e+02	2.127574161087516131e+02
3.130452180855219240e+02	3.246929782699621114e+02
3.461431245176175935e+02	1.738897008893870009e+02
4.582576655650033217e+02	3.092974870964254706e+02
4.275390709385818013e+02	2.322868021360876298e+02
4.240063870304657030e+02	3.375393230829506024e+02
3.826026559967892808e+02	2.161098292431590266e+02
4.337142773835308844e+02	2.224759320792169035e+02
3.379711532041417286e+02	3.150345502911843028e+02
4.786933121094527905e+02	2.382314436091672007e+02
3.221822212956263343e+02	2.366682117189460541e+02
3.579468671047310409e+02	3.524101918850802235e+02
4.270193832086765724e+02	2.480532535315661278e+02
3.648806791379159904e+02	2.230659874502575803e+02
3.720770517202896031e+02	1.607452505701448331e+02
