-4.02679	-367.752	4173.63
407.226	266.692	3709.05
693.726	-99.1881	3447.91
1141.94	-260.135	4072.59
382.348	551.191	3201.41
820.488	1210.41	3893.6
826.146	1005.97	4815.03
337.323	-226.502	4059.56
759.615	936.222	4450.56
-649.698	-340.636	3833.18
1357.43	-475.966	3340.01
104.102	271.308	4759.7
360.176	-770.48	4213.22
727.321	-277.339	3485.79
671.28	52.1784	5018.75
1221.83	-164.894	4840.69
557.324	419.74	4776.85
-739.12	594.823	4500.05
-555.499	152.315	3831.25
227.99	-613.843	4899.66
-275.461	428.538	3455.68
-478.634	-823.291	3628.58
1036	-597.386	4457.92
387.624	-464.261	3826.36
303.724	648.117	4745.5
1181.91	589.637	3412.44
-327.291	935.636	4831.61
-428.385	1147.55	3569.09
524.716	587.469	3865.57
796.043	915.948	4952.68
253.669	1204.66	3805.69
1246.51	-486.77	4526.51
-26.5789	462.331	3739.85
850.019	772.847	4890.94
1293.21	-188.748	3282.75
538.948	-327.284	4265.24
-760.79	844.083	3688.42
-348.123	-716.624	3946.23
865.639	729.459	3881.05
629.04	-90.4051	5017.54
368.743	893.998	3261.98
18.5472	-271.337	4288.57
558.038	-144.826	3738.06
-354.092	688.357	3164.18
1199.76	22.2132	4540.62
-616.226	-68.9049	3758.13
-218.249	1021.75	3192.96
456.613	77.8793	3484.9
-165.135	-142.944	3670.99
-71.7934	-745.514	3583.47
-4.02679	-367.752	4173.63
407.226	266.692	3709.05
693.726	-99.1881	3447.91
1141.94	-260.135	4072.59
382.348	551.191	3201.41
820.488	1210.41	3893.6
826.146	1005.97	4815.03
337.323	-226.502	4059.56
759.615	936.222	4450.56
-649.698	-340.636	3833.18
1357.43	-475.966	3340.01
104.102	271.308	4759.7
360.176	-770.48	4213.22
727.321	-277.339	3485.79
671.28	52.1784	5018.75
1221.83	-164.894	4840.69
557.324	419.74	4776.85
-739.12	594.823	4500.05
-555.499	152.315	3831.25
227.99	-613.843	4899.66
-275.461	428.538	3455.68
-478.634	-823.291	3628.58
1036	-597.386	4457.92
387.624	-464.261	3826.36
303.724	648.117	4745.5
1181.91	589.637	3412.44
-327.291	935.636	4831.61
-428.385	1147.55	3569.09
524.716	587.469	3865.57
796.043	915.948	4952.68
253.669	1204.66	3805.69
1246.51	-486.77	4526.51
-26.5789	462.331	3739.85
850.019	772.847	4890.94
1293.21	-188.748	3282.75
538.948	-327.284	4265.24
-760.79	844.083	3688.42
-348.123	-716.624	3946.23
865.639	729.459	3881.05
629.04	-90.4051	5017.54
368.743	893.998	3261.98
18.5472	-271.337	4288.57
558.038	-144.826	3738.06
-354.092	688.357	3164.18
1199.76	22.2132	4540.62
-616.226	-68.9049	3758.13
-218.249	1021.75	3192.96
456.613	77.8793	3484.9
-165.135	-142.944	3670.99
-71.7934	-745.514	3583.47
-4.02679	-367.752	4173.63
407.226	266.692	3709.05
693.726	-99.1881	3447.91
1141.94	-260.135	4072.59
382.348	551.191	3201.41
820.488	1210.41	3893.6
826.146	1005.97	4815.03
337.323	-226.502	4059.56
759.615	936.222	4450.56
-649.698	-340.636	3833.18
1357.43	-475.966	3340.01
104.102	271.308	4759.7
360.176	-770.48	4213.22
727.321	-277.339	3485.79
671.28	52.1784	5018.75
1221.83	-164.894	4840.69
557.324	419.74	4776.85
-739.12	594.823	4500.05
-555.499	152.315	3831.25
227.99	-613.843	4899.66
-275.461	428.538	3455.68
-478.634	-823.291	3628.58
1036	-597.386	4457.92
387.624	-464.261	3826.36
303.724	648.117	4745.5
1181.91	589.637	3412.44
-327.291	935.636	4831.61
-428.385	1147.55	3569.09
524.716	587.469	3865.57
796.043	915.948	4952.68
253.669	1204.66	3805.69
1246.51	-486.77	4526.51
-26.5789	462.331	3739.85
850.019	772.847	4890.94
1293.21	-188.748	3282.75
538.948	-327.284	4265.24
-760.79	844.083	3688.42
-348.123	-716.624	3946.23
865.639	729.459	3881.05
629.04	-90.4051	5017.54
368.743	893.998	3261.98
18.5472	-271.337	4288.57
558.038	-144.826	3738.06
-354.092	688.357	3164.18
1199.76	22.2132	4540.62
-616.226	-68.9049	3758.13
-218.249	1021.75	3192.96
456.613	77.8793	3484.9
-165.135	-142.944	3670.99
-71.7934	-745.514	3583.47
-4.02679	-367.752	4173.63
407.226	266.692	3709.05
693.726	-99.1881	3447.91
1141.94	-260.135	4072.59
382.348	551.191	3201.41
820.488	1210.41	3893.6
826.146	1005.97	4815.03
337.323	-226.502	4059.56
759.615	936.222	4450.56
-649.698	-340.636	3833.18
1357.43	-475.966	3340.01
104.102	271.308	4759.7
360.176	-770.48	4213.22
727.321	-277.339	3485.79
671.28	52.1784	5018.75
1221.83	-164.894	4840.69
557.324	419.74	4776.85
-739.12	594.823	4500.05
-555.499	152.315	3831.25
227.99	-613.843	4899.66
-275.461	428.538	3455.68
-478.634	-823.291	3628.58
1036	-597.386	4457.92
387.624	-464.261	3826.36
303.724	648.117	4745.5
1181.91	589.637	3412.44
-327.291	935.636	4831.61
-428.385	1147.55	3569.09
524.716	587.469	3865.57
796.043	915.948	4952.68
253.669	1204.66	3805.69
1246.51	-486.77	4526.51
-26.5789	462.331	3739.85
850.019	772.847	4890.94
1293.21	-188.748	3282.75
538.948	-327.284	4265.24
-760.79	844.083	3688.42
-348.123	-716.624	3946.23
865.639	729.459	3881.05
629.04	-90.4051	5017.54
368.743	893.998	3261.98
18.5472	-271.337	4288.57
558.038	-144.826	3738.06
-354.092	688.357	3164.18
1199.76	22.2132	4540.62
-616.226	-68.9049	3758.13
-218.249	1021.75	3192.96
456.613	77.8793	3484.9
-165.135	-142.944	3670.99
-71.7934	-745.514	3583.47
-4.02679	-367.752	4173.63
407.226	266.692	3709.05
693.726	-99.1881	3447.91
1141.94	-260.135	4072.59
382.348	551.191	3201.41
820.488	1210.41	3893.6
826.146	1005.97	4815.03
337.323	-226.502	4059.56
759.615	936.222	4450.56
-649.698	-340.636	3833.18
1357.43	-475.966	3340.01
104.102	271.308	4759.7
360.176	-770.48	4213.22
727.321	-277.339	3485.79
671.28	52.1784	5018.75
1221.83	-164.894	4840.69
557.324	419.74	4776.85
-739.12	594.823	4500.05
-555.499	152.315	3831.25
227.99	-613.843	4899.66
-275.461	428.538	3455.68
-478.634	-823.291	3628.58
1036	-597.386	4457.92
387.624	-464.261	3826.36
303.724	648.117	4745.5
1181.91	589.637	3412.44
-327.291	935.636	4831.61
-428.385	1147.55	3569.09
524.716	587.469	3865.57
796.043	915.948	4952.68
253.669	1204.66	3805.69
1246.51	-486.77	4526.51
-26.5789	462.331	3739.85
850.019	772.847	4890.94
1293.21	-188.748	3282.75
538.948	-327.284	4265.24
-760.79	844.083	3688.42
-348.123	-716.624	3946.23
865.639	729.459	3881.05
629.04	-90.4051	5017.54
368.743	893.998	3261.98
18.5472	-271.337	4288.57
558.038	-144.826	3738.06
-354.092	688.357	3164.18
1199.76	22.2132	4540.62
-616.226	-68.9049	3758.13
-218.249	1021.75	3192.96
456.613	77.8793	3484.9
-165.135	-142.944	3670.99
-71.7934	-745.514	3583.47
