-4.09191	-373.699	4241.13
413.654	270.902	3767.6
704.534	-100.733	3501.62
1159.22	-264.07	4134.2
388.401	559.916	3252.08
833.054	1228.95	3953.24
838.742	1021.3	4888.44
342.674	-230.095	4123.95
771.271	950.588	4518.85
-660.608	-346.356	3897.55
1377.82	-483.112	3390.16
105.764	275.641	4835.71
365.892	-782.709	4280.09
738.638	-281.655	3540.03
681.651	52.9844	5096.28
1240.13	-167.364	4913.22
565.988	426.264	4851.1
-751.491	604.778	4575.37
-564.756	154.853	3895.09
231.62	-623.616	4977.67
-279.983	435.573	3512.41
-486.623	-837.034	3689.15
1051.77	-606.479	4525.78
393.771	-471.622	3887.03
308.51	658.33	4820.28
1199.74	598.529	3463.9
-332.626	950.889	4910.37
-435.448	1166.47	3627.93
532.923	596.657	3926.03
808.198	929.933	5028.3
257.687	1223.74	3865.96
1265.22	-494.078	4594.47
-27.0085	469.803	3800.3
862.971	784.624	4965.46
1312.68	-191.589	3332.17
547.391	-332.411	4332.06
-773.575	858.267	3750.4
-353.88	-728.474	4011.49
878.898	740.632	3940.49
638.79	-91.8064	5095.31
374.572	908.132	3313.55
18.8464	-275.715	4357.76
566.789	-147.097	3796.68
-359.932	699.71	3216.37
1217.78	22.5467	4608.79
-626.544	-70.0586	3821.05
-221.815	1038.44	3245.13
463.816	79.108	3539.89
-167.834	-145.28	3731
-72.9649	-757.679	3641.95
-4.09191	-373.699	4241.13
413.654	270.902	3767.6
704.534	-100.733	3501.62
1159.22	-264.07	4134.2
388.401	559.916	3252.08
833.054	1228.95	3953.24
838.742	1021.3	4888.44
342.674	-230.095	4123.95
771.271	950.588	4518.85
-660.608	-346.356	3897.55
1377.82	-483.112	3390.16
105.764	275.641	4835.71
365.892	-782.709	4280.09
738.638	-281.655	3540.03
681.651	52.9844	5096.28
1240.13	-167.364	4913.22
565.988	426.264	4851.1
-751.491	604.778	4575.37
-564.756	154.853	3895.09
231.62	-623.616	4977.67
-279.983	435.573	3512.41
-486.623	-837.034	3689.15
1051.77	-606.479	4525.78
393.771	-471.622	3887.03
308.51	658.33	4820.28
1199.74	598.529	3463.9
-332.626	950.889	4910.37
-435.448	1166.47	3627.93
532.923	596.657	3926.03
808.198	929.933	5028.3
257.687	1223.74	3865.96
1265.22	-494.078	4594.47
-27.0085	469.803	3800.3
862.971	784.624	4965.46
1312.68	-191.589	3332.17
547.391	-332.411	4332.06
-773.575	858.267	3750.4
-353.88	-728.474	4011.49
878.898	740.632	3940.49
638.79	-91.8064	5095.31
374.572	908.132	3313.55
18.8464	-275.715	4357.76
566.789	-147.097	3796.68
-359.932	699.71	3216.37
1217.78	22.5467	4608.79
-626.544	-70.0586	3821.05
-221.815	1038.44	3245.13
463.816	79.108	3539.89
-167.834	-145.28	3731
-72.9649	-757.679	3641.95
-4.09191	-373.699	4241.13
413.654	270.902	3767.6
704.534	-100.733	3501.62
1159.22	-264.07	4134.2
388.401	559.916	3252.08
833.054	1228.95	3953.24
838.742	1021.3	4888.44
342.674	-230.095	4123.95
771.271	950.588	4518.85
-660.608	-346.356	3897.55
1377.82	-483.112	3390.16
105.764	275.641	4835.71
365.892	-782.709	4280.09
738.638	-281.655	3540.03
681.651	52.9844	5096.28
1240.13	-167.364	4913.22
565.988	426.264	4851.1
-751.491	604.778	4575.37
-564.756	154.853	3895.09
231.62	-623.616	4977.67
-279.983	435.573	3512.41
-486.623	-837.034	3689.15
1051.77	-606.479	4525.78
393.771	-471.622	3887.03
308.51	658.33	4820.28
1199.74	598.529	3463.9
-332.626	950.889	4910.37
-435.448	1166.47	3627.93
532.923	596.657	3926.03
808.198	929.933	5028.3
257.687	1223.74	3865.96
1265.22	-494.078	4594.47
-27.0085	469.803	3800.3
862.971	784.624	4965.46
1312.68	-191.589	3332.17
547.391	-332.411	4332.06
-773.575	858.267	3750.4
-353.88	-728.474	4011.49
878.898	740.632	3940.49
638.79	-91.8064	5095.31
374.572	908.132	3313.55
18.8464	-275.715	4357.76
566.789	-147.097	3796.68
-359.932	699.71	3216.37
1217.78	22.5467	4608.79
-626.544	-70.0586	3821.05
-221.815	1038.44	3245.13
463.816	79.108	3539.89
-167.834	-145.28	3731
-72.9649	-757.679	3641.95
-4.09191	-373.699	4241.13
413.654	270.902	3767.6
704.534	-100.733	3501.62
1159.22	-264.07	4134.2
388.401	559.916	3252.08
833.054	1228.95	3953.24
838.742	1021.3	4888.44
342.674	-230.095	4123.95
771.271	950.588	4518.85
-660.608	-346.356	3897.55
1377.82	-483.112	3390.16
105.764	275.641	4835.71
365.892	-782.709	4280.09
738.638	-281.655	3540.03
681.651	52.9844	5096.28
1240.13	-167.364	4913.22
565.988	426.264	4851.1
-751.491	604.778	4575.37
-564.756	154.853	3895.09
231.62	-623.616	4977.67
-279.983	435.573	3512.41
-486.623	-837.034	3689.15
1051.77	-606.479	4525.78
393.771	-471.622	3887.03
308.51	658.33	4820.28
1199.74	598.529	3463.9
-332.626	950.889	4910.37
-435.448	1166.47	3627.93
532.923	596.657	3926.03
808.198	929.933	5028.3
257.687	1223.74	3865.96
1265.22	-494.078	4594.47
-27.0085	469.803	3800.3
862.971	784.624	4965.46
1312.68	-191.589	3332.17
547.391	-332.411	4332.06
-773.575	858.267	3750.4
-353.88	-728.474	4011.49
878.898	740.632	3940.49
638.79	-91.8064	5095.31
374.572	908.132	3313.55
18.8464	-275.715	4357.76
566.789	-147.097	3796.68
-359.932	699.71	3216.37
1217.78	22.5467	4608.79
-626.544	-70.0586	3821.05
-221.815	1038.44	3245.13
463.816	79.108	3539.89
-167.834	-145.28	3731
-72.9649	-757.679	3641.95
-4.09191	-373.699	4241.13
413.654	270.902	3767.6
704.534	-100.733	3501.62
1159.22	-264.07	4134.2
388.401	559.916	3252.08
833.054	1228.95	3953.24
838.742	1021.3	4888.44
342.674	-230.095	4123.95
771.271	950.588	4518.85
-660.608	-346.356	3897.55
1377.82	-483.112	3390.16
105.764	275.641	4835.71
365.892	-782.709	4280.09
738.638	-281.655	3540.03
681.651	52.9844	5096.28
1240.13	-167.364	4913.22
565.988	426.264	4851.1
-751.491	604.778	4575.37
-564.756	154.853	3895.09
231.62	-623.616	4977.67
-279.983	435.573	3512.41
-486.623	-837.034	3689.15
1051.77	-606.479	4525.78
393.771	-471.622	3887.03
308.51	658.33	4820.28
1199.74	598.529	3463.9
-332.626	950.889	4910.37
-435.448	1166.47	3627.93
532.923	596.657	3926.03
808.198	929.933	5028.3
257.687	1223.74	3865.96
1265.22	-494.078	4594.47
-27.0085	469.803	3800.3
862.971	784.624	4965.46
1312.68	-191.589	3332.17
547.391	-332.411	4332.06
-773.575	858.267	3750.4
-353.88	-728.474	4011.49
878.898	740.632	3940.49
638.79	-91.8064	5095.31
374.572	908.132	3313.55
18.8464	-275.715	4357.76
566.789	-147.097	3796.68
-359.932	699.71	3216.37
1217.78	22.5467	4608.79
-626.544	-70.0586	3821.05
-221.815	1038.44	3245.13
463.816	79.108	3539.89
-167.834	-145.28	3731
-72.9649	-757.679	3641.95
