358.37	195.586
397.538	253.985
429.246	216.752
460.955	203.54
398.571	290.885
436.188	341.265
424.811	303.938
388.836	207.156
423.35	304.508
295.204	195.966
502.728	174.596
369.219	248.707
389.827	160.632
431.963	198.117
410.792	231.159
453.484	214.459
404.151	259.695
300.349	277.034
304.529	243.075
378.011	181.735
326.851	273.877
307.634	145.416
444.551	178.008
394.25	183.123
384.918	277.802
482.795	290.084
336.998	299.271
313.362	346.568
408.07	283.282
421.141	295.165
383.027	344.014
460.561	187.543
354.976	273.428
425.659	285.227
498.317	205.638
405.39	199.311
282.006	312.792
325.204	161.724
440.228	296.125
407.608	220.762
396.967	328.324
360.822	204.66
411.722	213.225
313.569	308.43
457.055	228.718
297.066	221.821
330.111	345.902
403.974	235.744
340.201	213.845
348.359	151.886
358.37	196.031
397.538	254.487
429.246	217.291
460.955	203.996
398.57	291.466
436.187	341.741
424.81	304.324
388.836	207.614
423.349	304.925
295.204	196.451
502.729	175.15
369.219	249.098
389.827	161.073
431.964	198.65
410.792	231.53
453.484	214.843
404.151	260.085
300.349	277.447
304.53	243.561
378.011	182.114
326.851	274.416
307.634	145.926
444.552	178.424
394.25	183.609
384.917	278.194
482.793	290.627
336.999	299.656
313.363	347.087
408.07	283.763
421.141	295.541
383.027	344.501
460.562	187.953
354.977	273.925
425.659	285.607
498.317	206.203
405.39	199.746
282.007	313.296
325.204	162.194
440.227	296.604
407.608	221.133
396.966	328.893
360.822	205.094
411.722	213.723
313.57	309.018
457.055	229.127
297.066	222.316
330.112	346.483
403.974	236.278
340.2	214.352
348.359	152.403
358.37	196.031
397.538	254.487
429.246	217.291
460.955	203.996
398.57	291.466
436.187	341.741
424.81	304.324
388.836	207.614
423.349	304.925
295.204	196.451
502.729	175.15
369.219	249.098
389.827	161.073
431.964	198.65
410.792	231.53
453.484	214.843
404.151	260.085
300.349	277.447
304.53	243.561
378.011	182.114
326.851	274.416
307.634	145.926
444.552	178.424
394.25	183.609
384.917	278.194
482.793	290.627
336.999	299.656
313.363	347.087
408.07	283.763
421.141	295.541
383.027	344.501
460.562	187.953
354.977	273.925
425.659	285.607
498.317	206.203
405.39	199.746
282.007	313.296
325.204	162.194
440.227	296.604
407.608	221.133
396.966	328.893
360.822	205.094
411.722	213.723
313.57	309.018
457.055	229.127
297.066	222.316
330.112	346.483
403.974	236.278
340.2	214.352
348.359	152.403
358.37	196.031
397.538	254.487
429.246	217.291
460.955	203.996
398.57	291.466
436.187	341.741
424.81	304.324
388.836	207.614
423.349	304.925
295.204	196.451
502.729	175.15
369.219	249.098
389.827	161.073
431.964	198.65
410.792	231.53
453.484	214.843
404.151	260.085
300.349	277.447
304.53	243.561
378.011	182.114
326.851	274.416
307.634	145.926
444.552	178.424
394.25	183.609
384.917	278.194
482.793	290.627
336.999	299.656
313.363	347.087
408.07	283.763
421.141	295.541
383.027	344.501
460.562	187.953
354.977	273.925
425.659	285.607
498.317	206.203
405.39	199.746
282.007	313.296
325.204	162.194
440.227	296.604
407.608	221.133
396.966	328.893
360.822	205.094
411.722	213.723
313.57	309.018
457.055	229.127
297.066	222.316
330.112	346.483
403.974	236.278
340.2	214.352
348.359	152.403
358.37	196.031
397.538	254.487
429.246	217.291
460.955	203.996
398.57	291.466
436.187	341.741
424.81	304.324
388.836	207.614
423.349	304.925
295.204	196.451
502.729	175.15
369.219	249.098
389.827	161.073
431.964	198.65
410.792	231.53
453.484	214.843
404.151	260.085
300.349	277.447
304.53	243.561
378.011	182.114
326.851	274.416
307.634	145.926
444.552	178.424
394.25	183.609
384.917	278.194
482.793	290.627
336.999	299.656
313.363	347.087
408.07	283.763
421.141	295.541
383.027	344.501
460.562	187.953
354.977	273.925
425.659	285.607
498.317	206.203
405.39	199.746
282.007	313.296
325.204	162.194
440.227	296.604
407.608	221.133
396.966	328.893
360.822	205.094
411.722	213.723
313.57	309.018
457.055	229.127
297.066	222.316
330.112	346.483
403.974	236.278
340.2	214.352
348.359	152.403
