613.122	-608.598	4123.85
1265.67	511.551	2721.36
3121.6	46.6929	5173.9
3115.26	692.526	2936.19
473.521	2346.35	2660.43
1016.01	2272.93	1817.86
220.529	2185.07	2966.73
378.792	1684.07	4396.76
-873.713	2501.72	3505.96
520.547	1752.2	5072.54
955.802	2166.27	5480.57
249.729	-417.27	1623.95
609.872	1990.7	1803.83
1570.8	-280.602	2041.2
2722.48	1048.81	2494.9
746.037	2193.99	3538.94
2635.27	1826.64	3624.36
2329.53	1419.76	4678.75
-307.295	2908.27	4932.48
2687.77	1692.21	5242.09
-664.033	2968.98	4895.98
2925.35	967.956	5154.52
-531.15	1043.05	4543.43
614.249	1545.56	4354.86
3345.42	-64.1097	3158.32
687.397	-370.294	3341.99
3161.36	884.801	2630.12
2782.04	-119.977	2653.63
-952.155	2415.27	2053.82
-524.155	-87.6096	1597.19
1476.67	168.936	3494.88
-583.024	280.976	4752.88
968.564	-324.25	3075.34
318.337	76.3812	4397.19
-502.326	2612.07	3325.9
213.705	333.391	4566.17
383.03	67.6522	5326.55
309.066	288.784	5333.53
2774.38	529.427	5396.83
-175.566	1963.97	4608.36
-1004.4	3074.02	2440.43
1343.68	48.3682	3544.96
-31.1646	2441.65	5307.16
-1048.96	2899.92	2888.08
265.25	2287.18	2495.71
473.949	707.243	1644.89
2388.22	2113.04	2553.78
2473.85	3051.27	2856.7
-326.278	804.662	2358.9
408.26	2070.31	3036.51
613.122	-608.598	4123.85
1265.67	511.551	2721.36
3121.6	46.6929	5173.9
3115.26	692.526	2936.19
473.521	2346.35	2660.43
1016.01	2272.93	1817.86
220.529	2185.07	2966.73
378.792	1684.07	4396.76
-873.713	2501.72	3505.96
520.547	1752.2	5072.54
955.802	2166.27	5480.57
249.729	-417.27	1623.95
609.872	1990.7	1803.83
1570.8	-280.602	2041.2
2722.48	1048.81	2494.9
746.037	2193.99	3538.94
2635.27	1826.64	3624.36
2329.53	1419.76	4678.75
-307.295	2908.27	4932.48
2687.77	1692.21	5242.09
-664.033	2968.98	4895.98
2925.35	967.956	5154.52
-531.15	1043.05	4543.43
614.249	1545.56	4354.86
3345.42	-64.1097	3158.32
687.397	-370.294	3341.99
3161.36	884.801	2630.12
2782.04	-119.977	2653.63
-952.155	2415.27	2053.82
-524.155	-87.6096	1597.19
1476.67	168.936	3494.88
-583.024	280.976	4752.88
968.564	-324.25	3075.34
318.337	76.3812	4397.19
-502.326	2612.07	3325.9
213.705	333.391	4566.17
383.03	67.6522	5326.55
309.066	288.784	5333.53
2774.38	529.427	5396.83
-175.566	1963.97	4608.36
-1004.4	3074.02	2440.43
1343.68	48.3682	3544.96
-31.1646	2441.65	5307.16
-1048.96	2899.92	2888.08
265.25	2287.18	2495.71
473.949	707.243	1644.89
2388.22	2113.04	2553.78
2473.85	3051.27	2856.7
-326.278	804.662	2358.9
408.26	2070.31	3036.51
613.122	-608.598	4123.85
1265.67	511.551	2721.36
3121.6	46.6929	5173.9
3115.26	692.526	2936.19
473.521	2346.35	2660.43
1016.01	2272.93	1817.86
220.529	2185.07	2966.73
378.792	1684.07	4396.76
-873.713	2501.72	3505.96
520.547	1752.2	5072.54
955.802	2166.27	5480.57
249.729	-417.27	1623.95
609.872	1990.7	1803.83
1570.8	-280.602	2041.2
2722.48	1048.81	2494.9
746.037	2193.99	3538.94
2635.27	1826.64	3624.36
2329.53	1419.76	4678.75
-307.295	2908.27	4932.48
2687.77	1692.21	5242.09
-664.033	2968.98	4895.98
2925.35	967.956	5154.52
-531.15	1043.05	4543.43
614.249	1545.56	4354.86
3345.42	-64.1097	3158.32
687.397	-370.294	3341.99
3161.36	884.801	2630.12
2782.04	-119.977	2653.63
-952.155	2415.27	2053.82
-524.155	-87.6096	1597.19
1476.67	168.936	3494.88
-583.024	280.976	4752.88
968.564	-324.25	3075.34
318.337	76.3812	4397.19
-502.326	2612.07	3325.9
213.705	333.391	4566.17
383.03	67.6522	5326.55
309.066	288.784	5333.53
2774.38	529.427	5396.83
-175.566	1963.97	4608.36
-1004.4	3074.02	2440.43
1343.68	48.3682	3544.96
-31.1646	2441.65	5307.16
-1048.96	2899.92	2888.08
265.25	2287.18	2495.71
473.949	707.243	1644.89
2388.22	2113.04	2553.78
2473.85	3051.27	2856.7
-326.278	804.662	2358.9
408.26	2070.31	3036.51
613.122	-608.598	4123.85
1265.67	511.551	2721.36
3121.6	46.6929	5173.9
3115.26	692.526	2936.19
473.521	2346.35	2660.43
1016.01	2272.93	1817.86
220.529	2185.07	2966.73
378.792	1684.07	4396.76
-873.713	2501.72	3505.96
520.547	1752.2	5072.54
955.802	2166.27	5480.57
249.729	-417.27	1623.95
609.872	1990.7	1803.83
1570.8	-280.602	2041.2
2722.48	1048.81	2494.9
746.037	2193.99	3538.94
2635.27	1826.64	3624.36
2329.53	1419.76	4678.75
-307.295	2908.27	4932.48
2687.77	1692.21	5242.09
-664.033	2968.98	4895.98
2925.35	967.956	5154.52
-531.15	1043.05	4543.43
614.249	1545.56	4354.86
3345.42	-64.1097	3158.32
687.397	-370.294	3341.99
3161.36	884.801	2630.12
2782.04	-119.977	2653.63
-952.155	2415.27	2053.82
-524.155	-87.6096	1597.19
1476.67	168.936	3494.88
-583.024	280.976	4752.88
968.564	-324.25	3075.34
318.337	76.3812	4397.19
-502.326	2612.07	3325.9
213.705	333.391	4566.17
383.03	67.6522	5326.55
309.066	288.784	5333.53
2774.38	529.427	5396.83
-175.566	1963.97	4608.36
-1004.4	3074.02	2440.43
1343.68	48.3682	3544.96
-31.1646	2441.65	5307.16
-1048.96	2899.92	2888.08
265.25	2287.18	2495.71
473.949	707.243	1644.89
2388.22	2113.04	2553.78
2473.85	3051.27	2856.7
-326.278	804.662	2358.9
408.26	2070.31	3036.51
613.122	-608.598	4123.85
1265.67	511.551	2721.36
3121.6	46.6929	5173.9
3115.26	692.526	2936.19
473.521	2346.35	2660.43
1016.01	2272.93	1817.86
220.529	2185.07	2966.73
378.792	1684.07	4396.76
-873.713	2501.72	3505.96
520.547	1752.2	5072.54
955.802	2166.27	5480.57
249.729	-417.27	1623.95
609.872	1990.7	1803.83
1570.8	-280.602	2041.2
2722.48	1048.81	2494.9
746.037	2193.99	3538.94
2635.27	1826.64	3624.36
2329.53	1419.76	4678.75
-307.295	2908.27	4932.48
2687.77	1692.21	5242.09
-664.033	2968.98	4895.98
2925.35	967.956	5154.52
-531.15	1043.05	4543.43
614.249	1545.56	4354.86
3345.42	-64.1097	3158.32
687.397	-370.294	3341.99
3161.36	884.801	2630.12
2782.04	-119.977	2653.63
-952.155	2415.27	2053.82
-524.155	-87.6096	1597.19
1476.67	168.936	3494.88
-583.024	280.976	4752.88
968.564	-324.25	3075.34
318.337	76.3812	4397.19
-502.326	2612.07	3325.9
213.705	333.391	4566.17
383.03	67.6522	5326.55
309.066	288.784	5333.53
2774.38	529.427	5396.83
-175.566	1963.97	4608.36
-1004.4	3074.02	2440.43
1343.68	48.3682	3544.96
-31.1646	2441.65	5307.16
-1048.96	2899.92	2888.08
265.25	2287.18	2495.71
473.949	707.243	1644.89
2388.22	2113.04	2553.78
2473.85	3051.27	2856.7
-326.278	804.662	2358.9
408.26	2070.31	3036.51
