602.846	-598.398	4054.73
1257.38	508.199	2703.53
3086.07	46.1614	5115
3106.78	690.641	2928.2
474.285	2350.14	2664.72
1020.39	2282.73	1825.7
220.43	2184.1	2965.41
376.446	1673.64	4369.52
-871.837	2496.35	3498.43
516.796	1739.58	5035.99
950.774	2154.88	5451.75
247.098	-412.873	1606.84
611.156	1994.89	1807.62
1557.58	-278.24	2024.02
2721.02	1048.25	2493.56
745.433	2192.21	3536.07
2636.85	1827.73	3626.53
2318.73	1413.18	4657.07
-306.543	2901.15	4920.4
2677.22	1685.57	5221.51
-662.236	2960.95	4882.73
2904.87	961.181	5118.45
-525.05	1031.07	4491.25
610.336	1535.72	4327.12
3322.93	-63.6786	3137.09
678.062	-365.265	3296.6
3158.52	884.008	2627.76
2763.02	-119.156	2635.48
-952.903	2417.16	2055.43
-518.805	-86.7153	1580.89
1462.25	167.285	3460.74
-573.739	276.501	4677.18
956.744	-320.293	3037.82
313.725	75.2744	4333.48
-502.101	2610.9	3324.41
210.761	328.797	4503.26
376.67	66.5287	5238.09
304.231	284.266	5250.09
2746.38	524.082	5342.36
-174.462	1951.62	4579.38
-1007.59	3083.8	2448.19
1329.24	47.8485	3506.88
-31.0011	2428.83	5279.32
-1050.1	2903.1	2891.24
265.6	2290.19	2499
471.856	704.119	1637.62
2398.37	2122.02	2564.63
2495.13	3077.52	2881.28
-323.959	798.942	2342.14
407.909	2068.53	3033.9
602.846	-598.398	4054.73
1257.38	508.199	2703.53
3086.07	46.1614	5115
3106.78	690.641	2928.2
474.285	2350.14	2664.72
1020.39	2282.73	1825.7
220.43	2184.1	2965.41
376.446	1673.64	4369.52
-871.837	2496.35	3498.43
516.796	1739.58	5035.99
950.774	2154.88	5451.75
247.098	-412.873	1606.84
611.156	1994.89	1807.62
1557.58	-278.24	2024.02
2721.02	1048.25	2493.56
745.433	2192.21	3536.07
2636.85	1827.73	3626.53
2318.73	1413.18	4657.07
-306.543	2901.15	4920.4
2677.22	1685.57	5221.51
-662.236	2960.95	4882.73
2904.87	961.181	5118.45
-525.05	1031.07	4491.25
610.336	1535.72	4327.12
3322.93	-63.6786	3137.09
678.062	-365.265	3296.6
3158.52	884.008	2627.76
2763.02	-119.156	2635.48
-952.903	2417.16	2055.43
-518.805	-86.7153	1580.89
1462.25	167.285	3460.74
-573.739	276.501	4677.18
956.744	-320.293	3037.82
313.725	75.2744	4333.48
-502.101	2610.9	3324.41
210.761	328.797	4503.26
376.67	66.5287	5238.09
304.231	284.266	5250.09
2746.38	524.082	5342.36
-174.462	1951.62	4579.38
-1007.59	3083.8	2448.19
1329.24	47.8485	3506.88
-31.0011	2428.83	5279.32
-1050.1	2903.1	2891.24
265.6	2290.19	2499
471.856	704.119	1637.62
2398.37	2122.02	2564.63
2495.13	3077.52	2881.28
-323.959	798.942	2342.14
407.909	2068.53	3033.9
602.846	-598.398	4054.73
1257.38	508.199	2703.53
3086.07	46.1614	5115
3106.78	690.641	2928.2
474.285	2350.14	2664.72
1020.39	2282.73	1825.7
220.43	2184.1	2965.41
376.446	1673.64	4369.52
-871.837	2496.35	3498.43
516.796	1739.58	5035.99
950.774	2154.88	5451.75
247.098	-412.873	1606.84
611.156	1994.89	1807.62
1557.58	-278.24	2024.02
2721.02	1048.25	2493.56
745.433	2192.21	3536.07
2636.85	1827.73	3626.53
2318.73	1413.18	4657.07
-306.543	2901.15	4920.4
2677.22	1685.57	5221.51
-662.236	2960.95	4882.73
2904.87	961.181	5118.45
-525.05	1031.07	4491.25
610.336	1535.72	4327.12
3322.93	-63.6786	3137.09
678.062	-365.265	3296.6
3158.52	884.008	2627.76
2763.02	-119.156	2635.48
-952.903	2417.16	2055.43
-518.805	-86.7153	1580.89
1462.25	167.285	3460.74
-573.739	276.501	4677.18
956.744	-320.293	3037.82
313.725	75.2744	4333.48
-502.101	2610.9	3324.41
210.761	328.797	4503.26
376.67	66.5287	5238.09
304.231	284.266	5250.09
2746.38	524.082	5342.36
-174.462	1951.62	4579.38
-1007.59	3083.8	2448.19
1329.24	47.8485	3506.88
-31.0011	2428.83	5279.32
-1050.1	2903.1	2891.24
265.6	2290.19	2499
471.856	704.119	1637.62
2398.37	2122.02	2564.63
2495.13	3077.52	2881.28
-323.959	798.942	2342.14
407.909	2068.53	3033.9
602.846	-598.398	4054.73
1257.38	508.199	2703.53
3086.07	46.1614	5115
3106.78	690.641	2928.2
474.285	2350.14	2664.72
1020.39	2282.73	1825.7
220.43	2184.1	2965.41
376.446	1673.64	4369.52
-871.837	2496.35	3498.43
516.796	1739.58	5035.99
950.774	2154.88	5451.75
247.098	-412.873	1606.84
611.156	1994.89	1807.62
1557.58	-278.24	2024.02
2721.02	1048.25	2493.56
745.433	2192.21	3536.07
2636.85	1827.73	3626.53
2318.73	1413.18	4657.07
-306.543	2901.15	4920.4
2677.22	1685.57	5221.51
-662.236	2960.95	4882.73
2904.87	961.181	5118.45
-525.05	1031.07	4491.25
610.336	1535.72	4327.12
3322.93	-63.6786	3137.09
678.062	-365.265	3296.6
3158.52	884.008	2627.76
2763.02	-119.156	2635.48
-952.903	2417.16	2055.43
-518.805	-86.7153	1580.89
1462.25	167.285	3460.74
-573.739	276.501	4677.18
956.744	-320.293	3037.82
313.725	75.2744	4333.48
-502.101	2610.9	3324.41
210.761	328.797	4503.26
376.67	66.5287	5238.09
304.231	284.266	5250.09
2746.38	524.082	5342.36
-174.462	1951.62	4579.38
-1007.59	3083.8	2448.19
1329.24	47.8485	3506.88
-31.0011	2428.83	5279.32
-1050.1	2903.1	2891.24
265.6	2290.19	2499
471.856	704.119	1637.62
2398.37	2122.02	2564.63
2495.13	3077.52	2881.28
-323.959	798.942	2342.14
407.909	2068.53	3033.9
602.846	-598.398	4054.73
1257.38	508.199	2703.53
3086.07	46.1614	5115
3106.78	690.641	2928.2
474.285	2350.14	2664.72
1020.39	2282.73	1825.7
220.43	2184.1	2965.41
376.446	1673.64	4369.52
-871.837	2496.35	3498.43
516.796	1739.58	5035.99
950.774	2154.88	5451.75
247.098	-412.873	1606.84
611.156	1994.89	1807.62
1557.58	-278.24	2024.02
2721.02	1048.25	2493.56
745.433	2192.21	3536.07
2636.85	1827.73	3626.53
2318.73	1413.18	4657.07
-306.543	2901.15	4920.4
2677.22	1685.57	5221.51
-662.236	2960.95	4882.73
2904.87	961.181	5118.45
-525.05	1031.07	4491.25
610.336	1535.72	4327.12
3322.93	-63.6786	3137.09
678.062	-365.265	3296.6
3158.52	884.008	2627.76
2763.02	-119.156	2635.48
-952.903	2417.16	2055.43
-518.805	-86.7153	1580.89
1462.25	167.285	3460.74
-573.739	276.501	4677.18
956.744	-320.293	3037.82
313.725	75.2744	4333.48
-502.101	2610.9	3324.41
210.761	328.797	4503.26
376.67	66.5287	5238.09
304.231	284.266	5250.09
2746.38	524.082	5342.36
-174.462	1951.62	4579.38
-1007.59	3083.8	2448.19
1329.24	47.8485	3506.88
-31.0011	2428.83	5279.32
-1050.1	2903.1	2891.24
265.6	2290.19	2499
471.856	704.119	1637.62
2398.37	2122.02	2564.63
2495.13	3077.52	2881.28
-323.959	798.942	2342.14
407.909	2068.53	3033.9
