3.900873664348491729e+02	2.821910274009675845e+02
3.096227686253568550e+02	1.995782258096882060e+02
3.849865472776608613e+02	2.797991383943828509e+02
3.351518012522747654e+02	2.078410054724428733e+02
3.217561246002232451e+02	2.125657006001057994e+02
4.250377614561019186e+02	2.765450547472551079e+02
3.613710998141957589e+02	1.905027751074506739e+02
3.956732271862704238e+02	2.901491071745831505e+02
2.678730915133328381e+02	3.324480147900439988e+02
4.573373788156566206e+02	2.738288567675136278e+02
3.186261654114961175e+02	2.997625363783294006e+02
3.921375461175359192e+02	2.661822501006551533e+02
3.830765962797000270e+02	2.296981567747226904e+02
3.356476362326508251e+02	2.435800678766227634e+02
4.200402405740243807e+02	3.091158137722008519e+02
3.038256883757496780e+02	2.025855667000903111e+02
3.214086860721753283e+02	2.378585607357051686e+02
3.209482943182083545e+02	1.967078230954667788e+02
4.090834978924560232e+02	1.890927751119822631e+02
3.921541884002501774e+02	2.950391702682908885e+02
3.290743268886205328e+02	2.517814859683153941e+02
4.011582237609202934e+02	1.952481802834290079e+02
3.323204606822359324e+02	2.426577906353130913e+02
4.172919397707863141e+02	2.895024209921479041e+02
3.092682406011236935e+02	2.268452822457765024e+02
4.383642068237962803e+02	1.782829698054647167e+02
4.087024753067323672e+02	1.877349560571620941e+02
4.538622080824126783e+02	1.680711179557014816e+02
3.599029717600746494e+02	3.107563889201138636e+02
4.056705764802761678e+02	2.112610805953313218e+02
2.842015170133098536e+02	2.404598652820051541e+02
4.478060953778810358e+02	1.765079377041358271e+02
3.354476308520320345e+02	2.917042113044321923e+02
3.119884877516191182e+02	1.865988222423841876e+02
4.140879535986949236e+02	3.133842631147934412e+02
3.050396610431029103e+02	2.013856300166109747e+02
2.969826133346153938e+02	2.543168815908197473e+02
4.413345133937634159e+02	1.814701692366435566e+02
3.633068394934035155e+02	3.103541532708870818e+02
3.417463921440036074e+02	2.566283474715570492e+02
4.842965698311824099e+02	1.882778217521587862e+02
3.684678797535586341e+02	2.271329902516973220e+02
3.351320233177821137e+02	3.128581204951700556e+02
4.639259661757283197e+02	2.157548321476540139e+02
4.087971731993326330e+02	2.530003779816779002e+02
4.331100395083068406e+02	3.237229789083244214e+02
3.874198870258782677e+02	2.279881834930266677e+02
3.144521332614664288e+02	2.769569674646735962e+02
4.230678601610993042e+02	1.843018216782716365e+02
3.314390307297583149e+02	3.082163224963009043e+02
