3.467653243963908949e+02	2.853484551568717507e+02
3.583656077198497769e+02	3.621094970760316869e+02
3.951848701061641691e+02	2.516149534117727171e+02
3.955793711410929632e+02	3.324301858254430613e+02
3.276381667215114817e+02	1.952143749256244405e+02
4.653497459856542946e+02	1.787961819879319023e+02
3.267840663870888420e+02	1.945018775131748896e+02
4.192515442410096398e+02	3.218639096944732501e+02
4.181837748663530760e+02	2.296021605194716813e+02
3.087247536898138947e+02	2.834710528018355262e+02
4.400000033604854366e+02	3.537775118005618538e+02
3.852381805306067690e+02	1.849124482626409360e+02
3.697913398840677814e+02	2.536057342534949157e+02
4.100692703037831279e+02	3.134154816019594705e+02
4.582669518984933461e+02	3.261961804767922217e+02
3.725980692227028044e+02	1.688387253628196163e+02
4.373963450776527679e+02	1.721523813313248468e+02
4.649604974898603587e+02	2.945119150326320323e+02
3.408072063627445232e+02	2.348845416247652054e+02
3.936761239514925705e+02	2.934484547067029894e+02
3.054231712434534529e+02	2.595103534515193360e+02
3.903135760049039504e+02	2.703328035680845574e+02
3.220664941677605952e+02	2.432169399224388826e+02
3.251365041504145097e+02	2.365104903610476583e+02
4.718773744698804080e+02	1.800367196107758332e+02
3.559380522113865482e+02	2.483219783367493960e+02
4.138454025802682281e+02	1.646249974798583366e+02
4.176726713797392563e+02	1.871596105910005292e+02
4.557158978226916020e+02	2.703735657039983948e+02
4.760017236124778037e+02	2.578594081768935098e+02
4.615811297424077679e+02	2.648806383860843425e+02
3.936038068397505754e+02	1.991309225340505975e+02
4.544377097740916156e+02	3.481033350605585497e+02
4.196227433002351859e+02	3.421637668363253511e+02
4.344004800475400998e+02	2.844055643039779397e+02
4.019563615192560064e+02	2.519941282593511858e+02
4.250860152975637902e+02	3.214138770412333770e+02
3.414585325699923146e+02	1.857386522278385428e+02
4.390983529689509055e+02	2.605359537079480674e+02
3.386520047665026709e+02	2.408598492094773462e+02
4.520934918419293354e+02	2.931856191527775763e+02
3.500497171084041952e+02	1.696629293808654779e+02
3.770008948928972359e+02	2.130245529261038371e+02
3.751740714899984255e+02	2.994928045614409484e+02
3.446705571261874184e+02	2.595012135650714526e+02
4.278325372984975274e+02	2.318590168568524632e+02
4.278508397962776826e+02	2.727544221599549132e+02
3.511464607142588079e+02	2.503807780049424423e+02
4.541514402503834162e+02	2.820268744448200096e+02
4.040063080218156983e+02	2.289508762548744869e+02
