3.468934835087643478e+02	2.853524484443501592e+02
3.584668704436583084e+02	3.621397337418385973e+02
3.953404347912327239e+02	2.516271408786152790e+02
3.957027547942277010e+02	3.324628072738437368e+02
3.277955265861240264e+02	1.951828971048049368e+02
4.655459342225295245e+02	1.788220060261488129e+02
3.269413886703933940e+02	1.944697976242632933e+02
4.193841835485981733e+02	3.219011275629699185e+02
4.183530429500930268e+02	2.296180683944112673e+02
3.088393185793993325e+02	2.834613131923528044e+02
4.401233694928654359e+02	3.538276524429668939e+02
3.854179240019109898e+02	1.849034772188603597e+02
3.699394119336831181e+02	2.536088490476735444e+02
4.102034667883903012e+02	3.134478889401353854e+02
4.584036364208075724e+02	3.262461612043741752e+02
3.727808136629061551e+02	1.688197012940031527e+02
4.375918050642480921e+02	1.721641394966910070e+02
4.651104945208253980e+02	2.945582269807168814e+02
3.409534892727016882e+02	2.348709838507243148e+02
3.938146206615239180e+02	2.934706417861442560e+02
3.055459345120623880e+02	2.594912316059463251e+02
3.904604833222157936e+02	2.703479369778191881e+02
3.222025276509159539e+02	2.431986729123879911e+02
3.252764023752408207e+02	2.364912469903790679e+02
4.720736246633353517e+02	1.800657199414415004e+02
3.560840203336294962e+02	2.483183312176923891e+02
4.140397686158027568e+02	1.646241624088020217e+02
4.178587854246408710e+02	1.871656765668637661e+02
4.558745703688030630e+02	2.704122280593655887e+02
4.761672454136789838e+02	2.579032679244914448e+02
4.617426181506592116e+02	2.649204073125164882e+02
3.937799543050060720e+02	1.991292772847361618e+02
4.545652270036669051e+02	3.481563396236767858e+02
4.197473488313211192e+02	3.422057003577705245e+02
4.345506836190476179e+02	2.844395185386176195e+02
4.021133356734065956e+02	2.520089745564008581e+02
4.252198975854421406e+02	3.214527832097443252e+02
3.416246888126786416e+02	1.857103230326599714e+02
4.392587951868443952e+02	2.605666173032705615e+02
3.387951403637248973e+02	2.408472841505952999e+02
4.522426419397421000e+02	2.932273698263023789e+02
3.502252125049218989e+02	1.696336748458147383e+02
3.771672158805163235e+02	2.130194527335642931e+02
3.753053422806648882e+02	2.995104237985006534e+02
3.448083359034261548e+02	2.594966455918014958e+02
4.280026400319707136e+02	2.318792902032422774e+02
4.280046229720885549e+02	2.727835822629904214e+02
3.512900557720650454e+02	2.503759085104523479e+02
4.543052851157121381e+02	2.820671916339554173e+02
4.041729372456054534e+02	2.289609314236175237e+02
