-3.232135122155416980e+02	5.029930903910738493e+02	3.493592820984803893e+03
-2.028851649407362174e+02	1.183820128767338247e+03	3.309864781927424247e+03
2.055207555989225341e+02	2.434922832738528768e+02	4.791518248660715471e+03
1.535270704202489469e+02	9.908830104266114631e+02	3.591033181390752361e+03
-4.616373199304571813e+02	-3.430255479550146447e+02	3.193274197727118462e+03
1.136335870284796783e+03	-7.170567965209519343e+02	4.730335637695762671e+03
-6.755962887115312014e+02	-5.031027183228430317e+02	4.597947563183615785e+03
4.885934196790815918e+02	1.107892534937828941e+03	4.485444072466668331e+03
4.991212316945834004e+02	-4.757761178853030515e+01	4.645503672355152958e+03
-6.380058031255983906e+02	4.442855772422402083e+02	3.217622202154036586e+03
5.985584598248386783e+02	1.210354833130852512e+03	3.599256924312425326e+03
6.517809977950726363e+01	-5.466857075206455647e+02	4.035967328222754077e+03
-1.306839497784132220e+02	2.617170660169785492e+02	4.676744461188231071e+03
4.248839493413593686e+02	1.136894490129620863e+03	5.091546891493205294e+03
9.222696007271342751e+02	1.100357263435682853e+03	4.234650899156594278e+03
-6.670671140049280723e+01	-6.374527991847680823e+02	3.531747118173817853e+03
6.928326419897226742e+02	-7.287216817927962893e+02	4.274140624282937097e+03
9.523025672055947553e+02	6.895072429520311061e+02	4.017088603950972811e+03
-5.265735434273524334e+02	1.623846114637455074e+01	4.856739709355230843e+03
1.396293111666681455e+02	6.142934274957323169e+02	3.670194419207494775e+03
-7.956181605852243592e+02	2.740696008338829870e+02	3.840426977739120957e+03
1.121317864563506106e+02	3.976554788593558669e+02	3.863955940928573000e+03
-7.259171585066818579e+02	1.186790082746446302e+02	4.517575796919401910e+03
-7.212971747913375111e+02	3.623342790979855010e+01	4.743493593608051924e+03
9.207860385746249676e+02	-5.273533641408614585e+02	3.562268791345587033e+03
-3.086382493192735410e+02	1.904675744436045193e+02	4.643508479991965032e+03
3.251925802850895479e+02	-6.472542688538069342e+02	3.374502223676314316e+03
3.602134404689445546e+02	-4.347484351741470618e+02	3.375914339815078620e+03
9.522270802213326988e+02	4.685459423154733827e+02	4.499243413455314112e+03
8.942199533760532404e+02	2.315161992623292520e+02	3.329033048099389816e+03
9.422081421789018805e+02	3.671867924557713536e+02	4.129952909925568747e+03
1.211130564828703058e+02	-2.948703126435843274e+02	3.082934540896228555e+03
7.171088457323477314e+02	1.112879352851462045e+03	3.469160329303614162e+03
4.040846243342528510e+02	1.118682252352127762e+03	3.685712229524484883e+03
6.648940059550473052e+02	6.258017901320962437e+02	4.379070339644796150e+03
2.177000155490621864e+02	1.831741280432223675e+02	3.523760756664524251e+03
4.889351102876570963e+02	9.600164926457111960e+02	3.904729560084856530e+03
-4.323029520495476277e+02	-5.454591765668445760e+02	4.080329738930770418e+03
8.365716640167869400e+02	3.865671190321499466e+02	5.059049908284994672e+03
-4.839977779638354605e+02	8.436888815369513850e+01	4.227009629146999941e+03
8.214299953257461766e+02	6.849787398313561653e+02	4.084335128095299297e+03
-3.652811946289548359e+02	-7.969832213722047527e+02	4.466273937405922879e+03
-2.774115573058992013e+01	-2.183947850736671512e+02	3.825472863388877613e+03
-6.566322443361454475e+01	8.869880674292727463e+02	4.824170937669140585e+03
-3.619374050914221357e+02	2.658457700716870136e+02	3.693369138164743163e+03
4.575984621894743896e+02	-1.293977925431820886e+01	3.405742171881288868e+03
6.772358291218615705e+02	5.585807733006533908e+02	5.063980763223828035e+03
-3.851598268995194303e+02	2.251826662669070060e+02	4.824101224382934561e+03
7.537525459024299153e+02	4.973369920894405141e+02	3.640193739015378924e+03
2.243238915221096477e+02	-4.055031389384750895e+01	3.305563454233581524e+03
