3.293637733264783378e+02	2.853628192762795379e+02
3.399653496181041987e+02	3.621577475015016603e+02
3.825641765396665051e+02	2.516271915369913188e+02
3.786667116375639921e+02	3.324734440727647780e+02
3.086221993799289294e+02	1.951859350056540450e+02
4.526371827515881705e+02	1.788012089673168532e+02
3.136045772905483204e+02	1.944728910679193348e+02
4.057475896420941126e+02	3.219078157964081583e+02
4.051870974405729271e+02	2.296119586752778616e+02
2.897924885418880763e+02	2.834761167394630661e+02
4.231470023391183304e+02	3.538368083355639442e+02
3.702587554174497200e+02	1.848963042448829981e+02
3.568406898156262628e+02	2.536125395066545991e+02
3.981820160985360531e+02	3.134544141755443434e+02
4.439798092699053882e+02	3.262493002245119555e+02
3.554615411509236083e+02	1.688125356699740394e+02
4.232976893511588514e+02	1.721468421330530703e+02
4.499122804729350946e+02	2.945556835480388713e+02
3.283278548041225804e+02	2.348764347517397368e+02
3.771470704732707873e+02	2.934763763667214675e+02
2.895789381080153930e+02	2.595040693207431559e+02
3.746262956496212269e+02	2.703510701266056913e+02
3.086263276088645853e+02	2.432076206692434823e+02
3.123451214970195338e+02	2.364990623308481474e+02
4.549522824552082056e+02	1.800440754194664521e+02
3.428867243787679513e+02	2.483232441525284457e+02
3.959380828079525827e+02	1.646096506878128594e+02
3.997646041407616053e+02	1.871536926458526295e+02
4.422978253307311434e+02	2.704070681873201352e+02
4.578448134344839104e+02	2.578935185746489651e+02
4.469585857523873642e+02	2.649136474245840418e+02
3.739569654141806154e+02	1.991226506855591367e+02
4.369616840737448342e+02	3.481632356174491179e+02
4.031589811462627608e+02	3.422151947387379209e+02
4.205920338573500885e+02	2.844391097982052656e+02
3.847626040246530579e+02	2.520081705387025295e+02
4.095638512595760972e+02	3.214587766411994494e+02
3.266109862902060286e+02	1.857101629233701203e+02
4.271730297515037478e+02	2.605621132956157453e+02
3.242964999023405994e+02	2.408537006723819331e+02
4.372877967566386701e+02	2.932261436709325721e+02
3.365069143837101251e+02	1.696303007740878854e+02
3.611717911530284368e+02	2.130171050096730596e+02
3.626063034770829745e+02	2.995191012216229751e+02
3.282248617283632370e+02	2.595043454060564159e+02
4.100678053452247127e+02	2.318721371662097397e+02
4.159257341703897168e+02	2.727822993862471321e+02
3.385828437936577870e+02	2.503817061877118135e+02
4.375322650593231515e+02	2.820640140362366992e+02
3.856835769150945339e+02	2.289567433902210496e+02
