3.583871254458260296e+02	4.050051011893367559e+02
5.210166839620142127e+02	2.463645449420015154e+02
5.537567783210835159e+02	6.167673319108366741e+02
7.403533003523133402e+02	2.616967876837867948e+02
2.762002839806184511e+02	4.861469102679836283e+02
6.552404322156402259e+02	7.841576139273925037e+02
3.240322933102357865e+02	4.259082644540158640e+02
3.522208891908883288e+02	3.907188817448191003e+02
3.815198300798834339e+02	3.699282809232427098e+02
4.156900188638610985e+02	3.648631606529237388e+02
7.637512424594077629e+02	6.381352408807306347e+02
5.494491685007080832e+02	4.943069717938876124e+02
3.580246762873248940e+02	3.882783940849374176e+02
5.348534913945391054e+02	2.017875807388046780e+02
4.253642934606600079e+02	4.843979842310924937e+02
3.638714521634532844e+02	3.096961682837398939e+02
4.991401983421770296e+02	5.267303202781777145e+02
5.192640832929903354e+02	3.445364621656549389e+02
6.361478758700648086e+02	4.261058892031450682e+02
3.384052692452841029e+02	3.029426752489862338e+02
4.510196675378752502e+02	1.738193286479857420e+02
4.395508949611544836e+02	5.393916936894859191e+02
3.466441479870160833e+02	2.258065245256276796e+02
5.657780190842215688e+02	4.023873338983373742e+02
3.665408231538680184e+02	2.998060309203240763e+02
3.045329562660166403e+02	3.512525606623033241e+02
4.324057873260389329e+02	4.273284896703651157e+02
6.270033219424454956e+02	2.690579292255255837e+02
2.623524667825527672e+02	5.792385905586704666e+02
6.072634794230834814e+02	2.856238629346632365e+02
4.597331176566910358e+02	7.605623279917743957e+02
3.252466547103973653e+02	4.991723204308638060e+02
5.201551594902143734e+02	2.292750399346360552e+02
3.344210435015702956e+02	3.389907110597397377e+02
5.975678160402470667e+02	4.432783848716002808e+02
4.303272479197356120e+02	3.550736410999942905e+02
4.659958117126547563e+02	4.485214436323759060e+02
4.223611502186200823e+02	4.180400178747631799e+02
3.681213104114369230e+02	3.741244957033496803e+02
3.980143805523520086e+02	4.018780319169309792e+02
2.629408603021315685e+02	5.004866146407352971e+02
5.856411408945364201e+02	4.652679355660312126e+02
6.269370495735556688e+02	2.374086879257945100e+02
4.191330322179287577e+02	6.045270593338219669e+02
5.372898830861961414e+02	2.713071925283450128e+02
3.080793084659045462e+02	5.582172030267780656e+02
3.278152189857861458e+02	4.859873705371117580e+02
6.996311238222775728e+02	2.469781501145526761e+02
4.601622902306759784e+02	4.884816720253768949e+02
5.666930868650498496e+02	3.404955907582452710e+02
