3.254948571344900756e+02	4.000046143620215844e+02
4.827054622901783887e+02	2.332476667487667328e+02
5.192959987365953793e+02	6.021002202722772836e+02
7.007708519395196163e+02	2.364520224922466980e+02
2.460819229903881933e+02	4.801214416798501361e+02
6.279739760308416407e+02	7.554579439254266617e+02
2.946200816102072508e+02	4.212989410121235778e+02
3.218827040289513661e+02	3.860315904521502830e+02
3.489500437181284838e+02	3.645213472775084256e+02
3.697779023011449340e+02	3.586980780869336058e+02
7.345599559317138301e+02	6.156590690085395181e+02
5.207386462493516319e+02	4.828665196661376058e+02
3.175268026612966423e+02	3.837615606495704128e+02
4.876430342654178389e+02	1.873679221189386794e+02
3.956115359190585536e+02	4.763191775953053479e+02
3.266427903339681507e+02	3.054642869481106118e+02
4.715124657007480664e+02	5.161398911766681294e+02
4.844192335828415708e+02	3.333753631436436535e+02
6.008716568743027437e+02	4.112684405276986581e+02
2.999437634914593218e+02	2.999887757536478716e+02
4.051515720374372336e+02	1.643819611510467666e+02
3.904755808980514189e+02	5.298276874017441287e+02
3.056861068104792594e+02	2.229945241283519408e+02
5.332302839503720406e+02	3.900613917487336266e+02
3.179031865969344608e+02	2.960230419875786083e+02
2.676931430078266203e+02	3.490153962157379510e+02
4.022740316504051634e+02	4.198331087263686641e+02
5.918778811010288337e+02	2.503522190753177483e+02
2.380482493062355900e+02	5.674225266634140326e+02
5.712234423612108003e+02	2.686065862665997201e+02
4.289733701104099737e+02	7.345033501730327998e+02
2.906592758199977311e+02	4.922025616885324553e+02
4.730495116445497956e+02	2.163546617624279520e+02
2.991922147207099556e+02	3.357320521402131703e+02
5.692936546893280365e+02	4.300052833646939234e+02
3.970511510555944028e+02	3.478177870789415920e+02
4.370050603379769996e+02	4.398655918021045750e+02
3.931063448529581592e+02	4.108824147775115989e+02
3.347636499470357876e+02	3.691935430617737666e+02
3.654658260223038155e+02	3.956974691257815948e+02
2.345535961997137520e+02	4.937904873483971642e+02
5.555623272241780342e+02	4.526831703183772788e+02
5.917128644347246791e+02	2.176418892242377296e+02
3.855566565828972330e+02	5.918439992190782277e+02
5.011572982699743193e+02	2.577334540930152116e+02
2.668068047236867528e+02	5.481494772513476619e+02
2.985099010912602466e+02	4.794620603949750262e+02
6.628197714963387170e+02	2.233698274997207420e+02
4.310756024577758581e+02	4.795430794530894332e+02
5.353129139462538433e+02	3.268580607307124524e+02
