3.387756567968700097e+02	3.661855392700616108e+02
4.984244622185169646e+02	2.205820806840880550e+02
4.826716257820419287e+02	5.003533536138568252e+02
6.597178454495119695e+02	2.345194079167194161e+02
2.721411300422960267e+02	4.171110748602035301e+02
5.275804699860655091e+02	5.543844263738317295e+02
3.110747741627046707e+02	3.800658614595324707e+02
3.357794476954770744e+02	3.541595193852839429e+02
3.616287714415615255e+02	3.379263926028364153e+02
3.816321460099333081e+02	3.350239658196875894e+02
6.131658741016489103e+02	4.865025979101616258e+02
5.016082232944677344e+02	4.319512971671483683e+02
3.317672409523410124e+02	3.525434023726293731e+02
5.052737070839124272e+02	1.765350933923613752e+02
3.981250298344644420e+02	4.277521434967363234e+02
3.425379531321136710e+02	2.825317552998226347e+02
4.579039558993150649e+02	4.544181744404415326e+02
4.912776559388311739e+02	3.156399276221982291e+02
5.736318298100331958e+02	3.775944825259227855e+02
3.172137379301078113e+02	2.755304981472992267e+02
4.270876846841225642e+02	1.479651623440744288e+02
3.903971244037288102e+02	4.627853976248294998e+02
3.257025624350351904e+02	2.008487492360719671e+02
5.256847623116094610e+02	3.637153589920270065e+02
3.343775850165912971e+02	2.736250524038871959e+02
2.869774827999177660e+02	3.177536432658376384e+02
4.080377227861906704e+02	3.866824428699832197e+02
5.882221156209601531e+02	2.420539513231566957e+02
2.706240184906447439e+02	4.687415571970593646e+02
5.710557633819036027e+02	2.580621710640961055e+02
4.059786030563903410e+02	5.559932710463629064e+02
3.084398590730384058e+02	4.307375602776484129e+02
4.905417048806659182e+02	2.038751588618258950e+02
3.157212551781178718e+02	3.085348474405931256e+02
5.474055342997755815e+02	3.927560705002351256e+02
4.083848968483831641e+02	3.259177862636410055e+02
4.373477418153548797e+02	4.028622090613853288e+02
4.003148688241321906e+02	3.791594336788061810e+02
3.481264997206943690e+02	3.410209487633977687e+02
3.756998623795246885e+02	3.655475684047961522e+02
2.638387145129272540e+02	4.245452447487218706e+02
5.332875422443094067e+02	4.098451267862474197e+02
5.901795766881095915e+02	2.121973917048189548e+02
3.831502535662043556e+02	4.955795229189828888e+02
5.134405435265454116e+02	2.452170683297232188e+02
2.910652078744170126e+02	4.626005984763097558e+02
3.148036035936482335e+02	4.227528386466033226e+02
6.381419362285806756e+02	2.215454320511790058e+02
4.283650391674286197e+02	4.309155154473870653e+02
5.358969574715190447e+02	3.100034087855693770e+02
