3.292822221458238232e+02	3.684083943344035674e+02
4.796629212694365378e+02	2.143833212037160649e+02
4.830858518552744272e+02	4.925371727250120557e+02
6.417357531041728862e+02	2.188664381941025283e+02
2.665820836432080227e+02	4.232233358580684808e+02
5.329056156999022278e+02	5.433553622140591415e+02
3.026473251366140857e+02	3.840665469926703963e+02
3.254769600248856705e+02	3.567718493206251651e+02
3.501628233078666881e+02	3.389735429739264987e+02
3.698878047341895581e+02	3.340816997729840523e+02
6.127338985072598234e+02	4.703316574285517504e+02
4.965457169938627544e+02	4.238201283178731273e+02
3.213904175887240626e+02	3.547740278666626637e+02
4.841008061805710554e+02	1.700164723454619207e+02
3.928691065797288502e+02	4.261961864901250010e+02
3.276636168704811780e+02	2.846742240917589584e+02
4.546061913142603998e+02	4.489626864554057875e+02
4.780930665801912482e+02	3.090318243540486947e+02
5.645421434447902129e+02	3.651204827295166524e+02
3.020288653253801385e+02	2.790400354421739166e+02
4.047499053726125453e+02	1.459274778753016903e+02
3.878096833924726070e+02	4.604296218735114508e+02
3.063170041630935430e+02	2.040508629582797653e+02
5.156555531274336772e+02	3.545936005641887050e+02
3.190453476752784354e+02	2.755925396049290725e+02
2.745292318279986148e+02	3.228979758533118343e+02
3.997681931994986257e+02	3.847832070777947138e+02
5.706486025531369251e+02	2.306314078558110339e+02
2.690540393660730842e+02	4.750888078328393931e+02
5.543515691673433139e+02	2.473633811004991401e+02
4.114134939298336349e+02	5.531086412039152265e+02
3.037233028588432262e+02	4.344069843312977355e+02
4.707739774014361842e+02	1.978445943936004880e+02
3.025445802488201821e+02	3.121928095993295074e+02
5.394684309206459147e+02	3.821522613079854978e+02
3.960119100582700185e+02	3.242505232764027596e+02
4.301837323822371104e+02	3.990877043579520205e+02
3.915389623202327698e+02	3.778411600193401796e+02
3.369088769201252944e+02	3.427911217964218054e+02
3.660391784123847287e+02	3.656012656252327133e+02
2.588771247560442248e+02	4.312141795368902990e+02
5.265624444993871975e+02	3.998367690355862578e+02
5.710123347864525840e+02	2.010903034406130985e+02
3.833010644254125623e+02	4.943609109265305506e+02
4.960400459872834631e+02	2.380129051953273915e+02
2.889114994421847769e+02	4.668850464425236169e+02
3.094511318049965780e+02	4.263666243450699653e+02
6.194822113376150128e+02	2.074848657375677021e+02
4.232880657646946929e+02	4.274695794701332261e+02
5.223799055395144251e+02	3.009773579170696394e+02
