4.161457660888290775e+02	2.716032349729235875e+02
3.365782977395026023e+02	2.831462710549230906e+02
4.184124556642077550e+02	2.288097789909361666e+02
4.426498458642137166e+02	2.479290764133649247e+02
3.958906911192875668e+02	2.511010807691744446e+02
4.203755937832170844e+02	2.893849708222183494e+02
2.890586739212334351e+02	2.978489233924918267e+02
3.071688380024036746e+02	2.181715446341755182e+02
4.155810263875407031e+02	2.090909935479065211e+02
3.322196201955964057e+02	2.422528046922636236e+02
4.969904956463123540e+02	2.447331128798073507e+02
4.347193976012251824e+02	2.474066663881183956e+02
4.410603707600448047e+02	3.076944354357357838e+02
3.744941803672323317e+02	2.949758056137326321e+02
3.997981720451422802e+02	2.301656867821190247e+02
4.524886786828147933e+02	2.287827319593913273e+02
3.042180821073130801e+02	2.245549480368501918e+02
4.367888606082593697e+02	2.982606131189149892e+02
4.232673121488726906e+02	1.730716612901376834e+02
3.115002677578106045e+02	3.250215423290162562e+02
4.633368636126505180e+02	2.728644714691371291e+02
3.445202437067220558e+02	2.705426628140673984e+02
3.308228621163274852e+02	1.599615001845673419e+02
4.291263364563393452e+02	1.879082593224115101e+02
3.962183487834395805e+02	2.750173015685907103e+02
3.534428428996245088e+02	2.327705629123529718e+02
3.821601360738821995e+02	2.798519150828650481e+02
3.825716318507286360e+02	3.061190812669124170e+02
3.962897642685869641e+02	3.073735420955950985e+02
3.709391825649564680e+02	2.169320006050857330e+02
3.155791260454652161e+02	2.587781549719885561e+02
4.601558150437306836e+02	3.287207634473137432e+02
3.333441127158646395e+02	2.914842559995659599e+02
4.413176154743861730e+02	2.541979797572358279e+02
3.246610359191942621e+02	1.691633257882146779e+02
3.922771675428844560e+02	1.757837682859566257e+02
4.323555631197680214e+02	2.144557687870393750e+02
3.616807275160201129e+02	1.669333387773600350e+02
4.610787245541934567e+02	3.493004349281879968e+02
4.131162624932019867e+02	3.135581371709218956e+02
3.275392192024003180e+02	1.970353520168902151e+02
3.812384538467672428e+02	2.452558458723613057e+02
3.574221145137226472e+02	3.031427034127679008e+02
4.162980723314062743e+02	1.831671012146619546e+02
3.898075218003286295e+02	2.219960361654302403e+02
3.817172150243432611e+02	1.943497370181092947e+02
4.285621726621355947e+02	2.562998418579074382e+02
3.199310130801776495e+02	1.852572299493832020e+02
3.050812619521557281e+02	2.993414662497833660e+02
4.062873377858408617e+02	1.570168187578094319e+02
