2.925525348692274292e+02	2.743921102013577524e+02
3.577879716651489161e+02	1.794824632490787621e+02
4.468839357910809440e+02	2.708295222348299376e+02
4.463956216148685030e+02	3.051460343385247711e+02
4.250865887510579455e+02	2.554459280725145334e+02
4.248112412981213879e+02	2.669588267610942012e+02
3.234275663506347769e+02	1.816305567977591409e+02
3.935076277390306245e+02	2.245790598341504847e+02
2.988780034292445293e+02	2.259633897177257040e+02
3.475394053629401014e+02	2.737509848847427634e+02
3.117261913747960307e+02	3.057871785072345574e+02
2.985893774158515726e+02	1.821181953200934913e+02
3.147697974027299779e+02	2.534930268022220048e+02
3.524462053517561344e+02	2.924574719883324292e+02
3.654128604978556041e+02	2.820694781155216333e+02
3.705066593992344224e+02	2.666043915187660787e+02
4.677299355456024728e+02	3.721977902886488323e+02
4.219934244660285003e+02	2.893692028123624027e+02
4.578271036307007762e+02	2.223932866068578846e+02
3.766067564843030482e+02	3.120133525486801318e+02
4.256371919379112114e+02	3.222494743931100061e+02
3.546872808181400956e+02	2.383392275089314012e+02
3.756103789339117043e+02	3.088020840382213237e+02
2.917127952166546834e+02	3.102241315679189597e+02
3.999368028034822373e+02	1.591235351934524829e+02
3.154367639301896702e+02	3.199955777148143170e+02
3.517249860417209106e+02	2.965636158771594637e+02
4.207762095560052558e+02	2.209093239910694706e+02
3.887070069651816198e+02	1.906501370458627491e+02
2.933005084510409120e+02	1.850597789516583873e+02
3.707563258445350698e+02	3.047954388515702249e+02
4.802048918737366421e+02	2.516430184866322293e+02
4.966142616186272107e+02	1.820047326908047580e+02
4.238731059720223016e+02	3.380501799039545858e+02
3.688256569031916001e+02	2.978665234023099515e+02
4.067223004041057379e+02	3.142351136333086288e+02
4.199273603326778925e+02	2.565281379638143449e+02
4.267599281409670766e+02	3.162505969970576416e+02
3.695053707649258286e+02	2.937613511013264542e+02
3.427919350535253216e+02	2.413720084695511332e+02
3.325086979114400947e+02	2.552067149808384841e+02
3.826694984697720656e+02	3.329771100003922584e+02
4.302054413873955809e+02	1.874196091325464977e+02
4.429387688766227029e+02	1.978698559610630241e+02
3.750169367541593601e+02	2.014648459902135187e+02
3.510352750632997640e+02	2.138049943650213436e+02
3.867382588342588292e+02	2.697575749370961375e+02
3.434450999967342568e+02	1.544315088629304284e+02
3.011224391449690074e+02	2.295338895767941949e+02
4.125963950147245214e+02	3.399367471765049231e+02
