2.932832280260199127e+02	2.743928921180219049e+02
3.586670758359791762e+02	1.794823582587152941e+02
4.477105542007733447e+02	2.708285457300642634e+02
4.472777132845209280e+02	3.051441565991061680e+02
4.258266160108687473e+02	2.554455148427427957e+02
4.255487517880873156e+02	2.669582449765590582e+02
3.241973453527356810e+02	1.816300530953431860e+02
3.943517912401379704e+02	2.245790788977252816e+02
2.997389820997343577e+02	2.259633204481864936e+02
3.484009198095772604e+02	2.737511791493774922e+02
3.125794661420121656e+02	3.057883107607148077e+02
2.996528309970075838e+02	1.821170946754735951e+02
3.155844937667206977e+02	2.534933398112242742e+02
3.533455870496277385e+02	2.924576738108730751e+02
3.662081625283677795e+02	2.820694433165255077e+02
3.713014128838475472e+02	2.666043118146363895e+02
4.688310671876868128e+02	3.721921510317583852e+02
4.229485899097157358e+02	2.893680668367480280e+02
4.589523403963866031e+02	2.223934917153934236e+02
3.774433967028078882e+02	3.120130449996468087e+02
4.265239810931225861e+02	3.222477458832735238e+02
3.554205981580628873e+02	2.383392351235710862e+02
3.766267530206380343e+02	3.088017487291503471e+02
2.926011620383412151e+02	3.102258722432292188e+02
4.008371027756082299e+02	1.591242679785212886e+02
3.163435936531886910e+02	3.199969065626514180e+02
3.525782874959821811e+02	2.965638353090773762e+02
4.215306106641519364e+02	2.209094219794697267e+02
3.897731675647077623e+02	1.906504513894999491e+02
2.942572083010933852e+02	1.850587746258346726e+02
3.716118875039149998e+02	3.047952766627147980e+02
4.812734880354926190e+02	2.516420427816761389e+02
4.977110198331544098e+02	1.820070186726282486e+02
4.249038988237961121e+02	3.380478909015951672e+02
3.695591333710063964e+02	2.978664292643210274e+02
4.076140288855081621e+02	3.142340105379583974e+02
4.210711854088398809e+02	2.565275267515175983e+02
4.275364208987878101e+02	3.162491568556814627e+02
3.702579317780856627e+02	2.937612482078449716e+02
3.435732921720235140e+02	2.413720623758580643e+02
3.334714731069934714e+02	2.552069608314682512e+02
3.835711372420471434e+02	3.329765068117551436e+02
4.311823572918334548e+02	1.874204816688352366e+02
4.438407569490339029e+02	1.978705728471555005e+02
3.759209077637889322e+02	2.014649195319169621e+02
3.517817415735392501e+02	2.138049322823264902e+02
3.874795632719005880e+02	2.697573328605480469e+02
3.443791080790164187e+02	1.544310178455366440e+02
3.018809066524411833e+02	2.295338867527777325e+02
4.135346899005547243e+02	3.399350270999804025e+02
