4.474493562181486368e+02	3.433831371210462748e+02
3.375501824114951432e+02	2.437356813601739702e+02
4.026656829615205311e+02	2.485513661663479468e+02
3.246348122062983066e+02	2.447143959394887247e+02
4.594608463418326210e+02	2.664519915239714578e+02
3.583515689763822252e+02	2.062938052912200817e+02
4.089770789274857634e+02	2.460947160038246579e+02
3.312236416029176667e+02	1.688593451545481514e+02
4.620207103372698043e+02	2.881890536084333121e+02
3.650804198063396484e+02	2.179843254495798419e+02
3.188603129221947370e+02	2.366732191205276195e+02
3.780324896204517700e+02	1.903203505693512909e+02
4.498066617532713281e+02	2.361548960884764199e+02
3.184814223421188331e+02	2.765777080038812414e+02
3.511948366068281757e+02	1.625687583872985158e+02
3.658696388765354754e+02	2.792752299353670082e+02
4.567721353578452863e+02	3.155459482985838235e+02
3.541217238795626372e+02	2.476735018998377029e+02
4.190561896584671331e+02	3.012423691605206955e+02
5.008453435499303623e+02	2.866371652695930266e+02
3.669309970436764274e+02	2.234733694149988992e+02
4.518423588911351203e+02	2.233633826973254770e+02
3.519434091819705372e+02	1.658118389721832386e+02
4.130195565517456089e+02	1.784746244296184443e+02
4.528458725318385518e+02	2.424859481348549366e+02
4.129168387503697772e+02	2.951969381681023492e+02
3.626639671284739848e+02	1.896132734113162428e+02
3.089067255698661256e+02	3.308913615059356061e+02
3.483897107918139113e+02	2.879466688179219886e+02
3.766355771320885424e+02	3.368805914534883641e+02
4.226889879484290873e+02	3.172296604847070967e+02
3.642084822788013980e+02	2.449156838456735557e+02
3.289485407030974216e+02	1.665840423585855206e+02
3.758654159860207074e+02	3.276827950673408623e+02
3.785005196525395377e+02	1.639765128239914702e+02
3.472834589600513482e+02	2.987412697468954548e+02
4.787748820737724031e+02	2.127493858499312864e+02
4.808846728778643751e+02	2.057028265407306549e+02
4.299189050627064148e+02	1.989393576911695334e+02
4.404135546754641837e+02	3.430258010708680558e+02
4.532719228814548842e+02	2.828935468183772741e+02
4.844423404013126060e+02	2.263100646862130532e+02
3.185311240754563187e+02	3.350542566036583025e+02
3.732104846565867433e+02	2.183028730577775320e+02
4.246587148321299310e+02	2.816076647351830502e+02
3.399292550498486776e+02	2.241180120692545188e+02
3.216383163101486389e+02	3.466497473811154464e+02
3.608147428315955949e+02	2.122842744473474852e+02
3.806291529877357220e+02	2.938747737177994850e+02
3.617978367361328651e+02	2.519964069498819867e+02
