4.437274540504739662e+02	3.435788036442247062e+02
3.412236105321845798e+02	2.362243284284836307e+02
4.023121025750829176e+02	2.392929338525650849e+02
3.230644579046915510e+02	2.400352213097490619e+02
4.498034412939883850e+02	2.568280675665754416e+02
3.566925487437645756e+02	2.002194429521374843e+02
4.073539114006832733e+02	2.410502349346075732e+02
3.279000085468996417e+02	1.580159697570563537e+02
4.613795098935037799e+02	2.816770171967372107e+02
3.600326445692879815e+02	2.156980982872561867e+02
3.244853887919674662e+02	2.331530102226792565e+02
3.745720854245857367e+02	1.849608645463294749e+02
4.499328631884509946e+02	2.318799513203169909e+02
3.274701494363611118e+02	2.708690086814684150e+02
3.514724403512687445e+02	1.554362967680473560e+02
3.669404739262205908e+02	2.709747525098908909e+02
4.576969735453737940e+02	3.094526830792760848e+02
3.537219735549544453e+02	2.413204657433487910e+02
4.170659124336561945e+02	2.921302539635388484e+02
5.029334562448278803e+02	2.826624950306650135e+02
3.757769877668584968e+02	2.203840362823445957e+02
4.559986363794608906e+02	2.199970046728893465e+02
3.441124092480909553e+02	1.492171909285889342e+02
4.052448113703513286e+02	1.757484547562463320e+02
4.473418493167627616e+02	2.322065193564382071e+02
4.054038251620528968e+02	2.874149912472661867e+02
3.688877157840738619e+02	1.907602517376364233e+02
3.010804793932322809e+02	3.284295054705822281e+02
3.568511358504028408e+02	2.846496449316756525e+02
3.759405860075323176e+02	3.294190923032614933e+02
4.261354328425668996e+02	3.062409889585906058e+02
3.673553981736648666e+02	2.405955914190180636e+02
3.377370600015195805e+02	1.696524220783227008e+02
3.759916668941269791e+02	3.199085699106982474e+02
3.796032418474956103e+02	1.612790112158373859e+02
3.469881298785503532e+02	2.969882507399997849e+02
4.764306297165106798e+02	2.094260895850694340e+02
4.686160187430332371e+02	1.970788834068150663e+02
4.325975667036693721e+02	1.948656893727458623e+02
4.416691392609859008e+02	3.337407931613509504e+02
4.515136082777331694e+02	2.749111790106148305e+02
4.806747967247701467e+02	2.178483055672222122e+02
3.184016428166154355e+02	3.309659605154259339e+02
3.653607375583684984e+02	2.133978909164485742e+02
4.237242595651381976e+02	2.738814041010869573e+02
3.455435620921359714e+02	2.264473701281164040e+02
3.149976381652707573e+02	3.496732533953704660e+02
3.558656566578115417e+02	2.041229345513607996e+02
3.799713353439183834e+02	2.804193046828412434e+02
3.514826520645617052e+02	2.439923970029692555e+02
