-323.634	502.717	3494.02
-203.283	1183.56	3310.27
204.944	243.113	4792.1
153.095	990.598	3591.47
-462.022	-343.279	3193.66
1135.77	-717.434	4730.92
-676.15	-503.467	4598.51
488.053	1107.54	4485.98
498.562	-47.946	4646.07
-638.392	444.031	3218.01
598.126	1210.07	3599.7
64.692	-547.006	4036.46
-131.246	261.346	4677.31
424.271	1136.49	5092.16
921.76	1100.02	4235.17
-67.132	-637.733	3532.18
692.317	-729.061	4274.66
951.818	689.188	4017.58
-527.157	15.8539	4857.32
139.188	614.003	3670.64
-796.08	273.766	3840.9
111.667	397.35	3864.43
-726.459	118.321	4518.12
-721.868	35.858	4744.08
920.355	-527.636	3562.7
-309.197	190.1	4644.08
324.786	-647.522	3374.92
359.806	-435.016	3376.33
951.685	468.189	4499.79
893.819	231.252	3329.44
941.711	366.86	4130.46
120.742	-295.114	3083.31
716.691	1112.6	3469.58
403.641	1118.39	3686.16
664.366	625.455	4379.6
217.276	182.895	3524.19
488.465	959.706	3905.2
-432.794	-545.783	4080.83
835.962	386.166	5059.67
-484.506	84.0342	4227.52
820.937	684.654	4084.83
-365.819	-797.338	4466.82
-28.2019	-218.698	3825.94
-66.2434	886.607	4824.76
-362.381	265.554	3693.82
457.188	-13.2098	3406.16
676.627	558.18	5064.61
-385.74	224.801	4824.69
753.315	497.049	3640.64
223.926	-40.8123	3305.97
-323.634	502.717	3494.02
-203.283	1183.56	3310.27
204.944	243.113	4792.1
153.095	990.598	3591.47
-462.022	-343.279	3193.66
1135.77	-717.434	4730.92
-676.15	-503.467	4598.51
488.053	1107.54	4485.98
498.562	-47.946	4646.07
-638.392	444.031	3218.01
598.126	1210.07	3599.7
64.692	-547.006	4036.46
-131.246	261.346	4677.31
424.271	1136.49	5092.16
921.76	1100.02	4235.17
-67.132	-637.733	3532.18
692.317	-729.061	4274.66
951.818	689.188	4017.58
-527.157	15.8539	4857.32
139.188	614.003	3670.64
-796.08	273.766	3840.9
111.667	397.35	3864.43
-726.459	118.321	4518.12
-721.868	35.858	4744.08
920.355	-527.636	3562.7
-309.197	190.1	4644.08
324.786	-647.522	3374.92
359.806	-435.016	3376.33
951.685	468.189	4499.79
893.819	231.252	3329.44
941.711	366.86	4130.46
120.742	-295.114	3083.31
716.691	1112.6	3469.58
403.641	1118.39	3686.16
664.366	625.455	4379.6
217.276	182.895	3524.19
488.465	959.706	3905.2
-432.794	-545.783	4080.83
835.962	386.166	5059.67
-484.506	84.0342	4227.52
820.937	684.654	4084.83
-365.819	-797.338	4466.82
-28.2019	-218.698	3825.94
-66.2434	886.607	4824.76
-362.381	265.554	3693.82
457.188	-13.2098	3406.16
676.627	558.18	5064.61
-385.74	224.801	4824.69
753.315	497.049	3640.64
223.926	-40.8123	3305.97
-323.634	502.717	3494.02
-203.283	1183.56	3310.27
204.944	243.113	4792.1
153.095	990.598	3591.47
-462.022	-343.279	3193.66
1135.77	-717.434	4730.92
-676.15	-503.467	4598.51
488.053	1107.54	4485.98
498.562	-47.946	4646.07
-638.392	444.031	3218.01
598.126	1210.07	3599.7
64.692	-547.006	4036.46
-131.246	261.346	4677.31
424.271	1136.49	5092.16
921.76	1100.02	4235.17
-67.132	-637.733	3532.18
692.317	-729.061	4274.66
951.818	689.188	4017.58
-527.157	15.8539	4857.32
139.188	614.003	3670.64
-796.08	273.766	3840.9
111.667	397.35	3864.43
-726.459	118.321	4518.12
-721.868	35.858	4744.08
920.355	-527.636	3562.7
-309.197	190.1	4644.08
324.786	-647.522	3374.92
359.806	-435.016	3376.33
951.685	468.189	4499.79
893.819	231.252	3329.44
941.711	366.86	4130.46
120.742	-295.114	3083.31
716.691	1112.6	3469.58
403.641	1118.39	3686.16
664.366	625.455	4379.6
217.276	182.895	3524.19
488.465	959.706	3905.2
-432.794	-545.783	4080.83
835.962	386.166	5059.67
-484.506	84.0342	4227.52
820.937	684.654	4084.83
-365.819	-797.338	4466.82
-28.2019	-218.698	3825.94
-66.2434	886.607	4824.76
-362.381	265.554	3693.82
457.188	-13.2098	3406.16
676.627	558.18	5064.61
-385.74	224.801	4824.69
753.315	497.049	3640.64
223.926	-40.8123	3305.97
-323.634	502.717	3494.02
-203.283	1183.56	3310.27
204.944	243.113	4792.1
153.095	990.598	3591.47
-462.022	-343.279	3193.66
1135.77	-717.434	4730.92
-676.15	-503.467	4598.51
488.053	1107.54	4485.98
498.562	-47.946	4646.07
-638.392	444.031	3218.01
598.126	1210.07	3599.7
64.692	-547.006	4036.46
-131.246	261.346	4677.31
424.271	1136.49	5092.16
921.76	1100.02	4235.17
-67.132	-637.733	3532.18
692.317	-729.061	4274.66
951.818	689.188	4017.58
-527.157	15.8539	4857.32
139.188	614.003	3670.64
-796.08	273.766	3840.9
111.667	397.35	3864.43
-726.459	118.321	4518.12
-721.868	35.858	4744.08
920.355	-527.636	3562.7
-309.197	190.1	4644.08
324.786	-647.522	3374.92
359.806	-435.016	3376.33
951.685	468.189	4499.79
893.819	231.252	3329.44
941.711	366.86	4130.46
120.742	-295.114	3083.31
716.691	1112.6	3469.58
403.641	1118.39	3686.16
664.366	625.455	4379.6
217.276	182.895	3524.19
488.465	959.706	3905.2
-432.794	-545.783	4080.83
835.962	386.166	5059.67
-484.506	84.0342	4227.52
820.937	684.654	4084.83
-365.819	-797.338	4466.82
-28.2019	-218.698	3825.94
-66.2434	886.607	4824.76
-362.381	265.554	3693.82
457.188	-13.2098	3406.16
676.627	558.18	5064.61
-385.74	224.801	4824.69
753.315	497.049	3640.64
223.926	-40.8123	3305.97
-323.634	502.717	3494.02
-203.283	1183.56	3310.27
204.944	243.113	4792.1
153.095	990.598	3591.47
-462.022	-343.279	3193.66
1135.77	-717.434	4730.92
-676.15	-503.467	4598.51
488.053	1107.54	4485.98
498.562	-47.946	4646.07
-638.392	444.031	3218.01
598.126	1210.07	3599.7
64.692	-547.006	4036.46
-131.246	261.346	4677.31
424.271	1136.49	5092.16
921.76	1100.02	4235.17
-67.132	-637.733	3532.18
692.317	-729.061	4274.66
951.818	689.188	4017.58
-527.157	15.8539	4857.32
139.188	614.003	3670.64
-796.08	273.766	3840.9
111.667	397.35	3864.43
-726.459	118.321	4518.12
-721.868	35.858	4744.08
920.355	-527.636	3562.7
-309.197	190.1	4644.08
324.786	-647.522	3374.92
359.806	-435.016	3376.33
951.685	468.189	4499.79
893.819	231.252	3329.44
941.711	366.86	4130.46
120.742	-295.114	3083.31
716.691	1112.6	3469.58
403.641	1118.39	3686.16
664.366	625.455	4379.6
217.276	182.895	3524.19
488.465	959.706	3905.2
-432.794	-545.783	4080.83
835.962	386.166	5059.67
-484.506	84.0342	4227.52
820.937	684.654	4084.83
-365.819	-797.338	4466.82
-28.2019	-218.698	3825.94
-66.2434	886.607	4824.76
-362.381	265.554	3693.82
457.188	-13.2098	3406.16
676.627	558.18	5064.61
-385.74	224.801	4824.69
753.315	497.049	3640.64
223.926	-40.8123	3305.97
