322.681	280.724
333.844	359.107
377.196	245.965
373.318	328.723
301.073	188.61
448.386	171.148
306.495	187.852
401.17	317.809
400.207	223.312
282.245	278.915
418.865	350.32
364.16	177.75
350.877	248.115
393.496	309.2
440.213	322.04
348.853	161.42
418.32	164.476
446.114	289.594
321.696	229.067
371.612	288.848
282.103	254.418
368.978	265.179
301.577	237.679
305.38	230.802
450.503	172.407
336.586	242.761
390.11	156.915
394.143	179.906
438.329	264.912
453.864	252.017
442.993	259.262
367.724	192.267
432.919	344.454
398.424	338.566
416.178	279.394
379.171	246.345
404.949	317.331
319.622	178.83
422.912	254.905
317.493	235.201
433.225	288.303
329.737	162.369
354.95	206.541
357.007	295.09
321.457	254.268
404.924	225.603
411.467	267.478
332.227	244.887
433.319	276.874
379.936	222.734
322.681	280.724
333.844	359.107
377.196	245.965
373.318	328.723
301.073	188.61
448.386	171.148
306.495	187.852
401.17	317.809
400.207	223.312
282.245	278.915
418.865	350.32
364.16	177.75
350.877	248.115
393.496	309.2
440.213	322.04
348.853	161.42
418.32	164.476
446.114	289.594
321.696	229.067
371.612	288.848
282.103	254.418
368.978	265.179
301.577	237.679
305.38	230.802
450.503	172.407
336.586	242.761
390.11	156.915
394.143	179.906
438.329	264.912
453.864	252.017
442.993	259.262
367.724	192.267
432.919	344.454
398.424	338.566
416.178	279.394
379.171	246.345
404.949	317.331
319.622	178.83
422.912	254.905
317.493	235.201
433.225	288.303
329.737	162.369
354.95	206.541
357.007	295.09
321.457	254.268
404.924	225.603
411.467	267.478
332.227	244.887
433.319	276.874
379.936	222.734
323.206	280.724
334.399	359.107
377.579	245.965
373.829	328.723
301.646	188.61
448.771	171.148
306.893	187.852
401.579	317.808
400.602	223.312
282.814	278.916
419.373	350.319
364.614	177.75
351.269	248.115
393.856	309.199
440.645	322.039
349.371	161.42
418.747	164.476
446.569	289.593
322.074	229.067
372.112	288.848
282.58	254.418
369.453	265.179
301.983	237.679
305.767	230.802
451.015	172.408
336.981	242.761
390.652	156.915
394.685	179.906
438.736	264.912
454.412	252.017
443.435	259.262
368.318	192.267
433.447	344.453
398.921	338.566
416.597	279.393
379.692	246.345
405.419	317.331
320.071	178.83
423.274	254.905
317.927	235.201
433.673	288.303
330.146	162.369
355.429	206.541
357.388	295.09
321.953	254.268
405.462	225.603
411.829	267.478
332.608	244.887
433.822	276.874
380.49	222.734
323.206	280.724
334.399	359.107
377.579	245.965
373.829	328.723
301.646	188.61
448.771	171.148
306.893	187.852
401.579	317.808
400.602	223.312
282.814	278.916
419.373	350.319
364.614	177.75
351.269	248.115
393.856	309.199
440.645	322.039
349.371	161.42
418.747	164.476
446.569	289.593
322.074	229.067
372.112	288.848
282.58	254.418
369.453	265.179
301.983	237.679
305.767	230.802
451.015	172.408
336.981	242.761
390.652	156.915
394.685	179.906
438.736	264.912
454.412	252.017
443.435	259.262
368.318	192.267
433.447	344.453
398.921	338.566
416.597	279.393
379.692	246.345
405.419	317.331
320.071	178.83
423.274	254.905
317.927	235.201
433.673	288.303
330.146	162.369
355.429	206.541
357.388	295.09
321.953	254.268
405.462	225.603
411.829	267.478
332.608	244.887
433.822	276.874
380.49	222.734
323.206	280.724
334.399	359.107
377.579	245.965
373.829	328.723
301.646	188.61
448.771	171.148
306.893	187.852
401.579	317.808
400.602	223.312
282.814	278.916
419.373	350.319
364.614	177.75
351.269	248.115
393.856	309.199
440.645	322.039
349.371	161.42
418.747	164.476
446.569	289.593
322.074	229.067
372.112	288.848
282.58	254.418
369.453	265.179
301.983	237.679
305.767	230.802
451.015	172.408
336.981	242.761
390.652	156.915
394.685	179.906
438.736	264.912
454.412	252.017
443.435	259.262
368.318	192.267
433.447	344.453
398.921	338.566
416.597	279.393
379.692	246.345
405.419	317.331
320.071	178.83
423.274	254.905
317.927	235.201
433.673	288.303
330.146	162.369
355.429	206.541
357.388	295.09
321.953	254.268
405.462	225.603
411.829	267.478
332.608	244.887
433.822	276.874
380.49	222.734
