3.186725330149343449e+02	3.553172615615317795e+02
3.693738904531227831e+02	2.133880954649737873e+02
3.513511379907298533e+02	3.028107057409326899e+02
3.640281294687137574e+02	1.989159720599294872e+02
3.709901048159776451e+02	2.196898011106320325e+02
4.547962164354495371e+02	2.284666454620775937e+02
4.142015430514057357e+02	3.344652030587736249e+02
3.765615277480731606e+02	2.715828285059356517e+02
4.955634688016500036e+02	1.909814890566487406e+02
3.866558013704988639e+02	2.194864492453594096e+02
3.069845911059101127e+02	3.421296927295270507e+02
4.234804489880246479e+02	3.039621083250986544e+02
3.980859606093281968e+02	3.054673885158904909e+02
4.135602921182892828e+02	2.192023913573400193e+02
4.665961910653238647e+02	1.968824198962658159e+02
3.657302222831897893e+02	2.889005848170348258e+02
4.217167686731757499e+02	2.815349311067898839e+02
4.607920423294791021e+02	2.643637652435739938e+02
3.550973966817184646e+02	2.106890636142220501e+02
4.458409105699757902e+02	3.137669709934066304e+02
4.567679503313223677e+02	2.267537841588793697e+02
3.723478929000741005e+02	2.837805071274737543e+02
4.952591726055329104e+02	2.556121409901579113e+02
4.955904097541047122e+02	1.875382704724864027e+02
3.990508573151228120e+02	2.043401180219516391e+02
3.523838280020860338e+02	2.980715791446027083e+02
3.642999224956519129e+02	2.019016910893480485e+02
3.850343723472715851e+02	2.593601026765038000e+02
4.876037633621306213e+02	2.531757277457632824e+02
4.769924819485397620e+02	3.400510821414956695e+02
4.405714219392535256e+02	1.982471347980927874e+02
4.112156332011734321e+02	1.983799354991705002e+02
4.446229970249785310e+02	3.672841300534061588e+02
4.969410385492308819e+02	2.252524228183120272e+02
5.023985672936421452e+02	2.120689228724195914e+02
3.525957662632079632e+02	1.592960579479587295e+02
4.506864993488973710e+02	3.225194926451979995e+02
3.938097575306040881e+02	3.288268423255854032e+02
4.861339180228791292e+02	2.190606024184417322e+02
5.042388204044584086e+02	2.776511080741831279e+02
4.164002589471070905e+02	1.812105939831781143e+02
3.869504208396448348e+02	2.475702172449241800e+02
3.242218605976368053e+02	3.005847792626594241e+02
4.310847214707628723e+02	2.737048281862280987e+02
3.541743253136492626e+02	3.098732834650634800e+02
4.938486507890023063e+02	2.688549491149864252e+02
4.469333810666737463e+02	2.224486796183196873e+02
4.431286268628754215e+02	2.428517173404031269e+02
4.345585693518745529e+02	2.930180970174730533e+02
5.315512969441264204e+02	2.409888067672557952e+02
