5.383522380191128605e+02	4.619130189457388838e+02
6.266475092824509829e+02	4.490733121361688518e+02
4.611463851193163350e+02	1.872049090550212327e+02
3.343617412100667821e+02	4.463448917852748536e+02
6.302313550213898452e+02	2.844794801661570318e+02
3.921234014458264596e+02	3.666016632106276347e+02
2.865610956509165703e+02	4.765080594264352953e+02
4.599353497985122772e+02	3.043348317717278064e+02
4.752293746784699238e+02	4.626587713108330036e+02
5.572724453937491944e+02	2.418411181363467506e+02
3.449380238472960514e+02	4.191976064201996337e+02
4.800947556770167921e+02	3.184280163784938509e+02
5.163879383659282212e+02	4.532093613179476392e+02
3.995873518133816447e+02	1.713205517766534172e+02
4.239817488786331978e+02	1.716768135478160389e+02
4.847453425218730558e+02	2.057357789758428055e+02
2.978381272822461483e+02	2.733664353194041041e+02
6.891345359109641322e+02	3.549071691704881459e+02
4.276926001490979274e+02	3.393138095638354343e+02
6.985323457794227124e+02	2.588718186372433934e+02
5.919639921211454521e+02	2.132408488065093195e+02
5.691570139218379154e+02	2.672913543644105516e+02
5.126068602298205406e+02	1.840533063334918324e+02
4.619726950800675809e+02	4.702288011363386886e+02
4.965146224164918181e+02	4.378222836702375389e+02
6.395408335180709400e+02	3.194337503637912619e+02
3.709836146452965977e+02	1.636087222888980364e+02
2.700943700112027273e+02	4.451253879918150460e+02
4.329360998220476517e+02	3.617460993416068504e+02
6.612336589842461763e+02	4.940756548601522695e+02
5.108130533634791846e+02	2.467398052771321204e+02
2.803341812627516560e+02	4.210257683639844686e+02
4.366008905199790320e+02	3.904676225279170581e+02
5.103552636404627947e+02	4.347733439593302478e+02
5.697312212952671189e+02	3.835922919997796612e+02
3.422000289297562290e+02	4.857284354577338377e+02
5.091250719970431646e+02	2.451850081680109952e+02
3.974724007754051627e+02	3.961474006506201704e+02
3.083027706984244105e+02	4.155279036277240152e+02
3.586731421721686957e+02	3.668425346340588931e+02
5.421828099816423219e+02	3.170733159481784469e+02
2.746363227247424561e+02	2.340190832733898674e+02
6.338733053228561403e+02	2.552542177629896401e+02
3.418873826496626407e+02	4.042890679801460578e+02
4.364682712333457175e+02	3.599934745109251821e+02
6.455735921847185637e+02	2.725482660322394395e+02
6.161335762629156534e+02	1.890233023503732284e+02
3.866731650600459602e+02	2.417201452536523902e+02
6.277173758958043663e+02	3.605270231505347738e+02
4.778947295825703350e+02	2.345463302983429230e+02
