5.736433162335773659e+02	5.508321157981138185e+02
7.242985024628228530e+02	5.585130441799570917e+02
4.522457857132692425e+02	2.085228801699600467e+02
3.193466574854759870e+02	5.044537837457331193e+02
6.699907572131353390e+02	3.145600949348958579e+02
3.861540877120938262e+02	3.936451732503926451e+02
2.566405913100352336e+02	5.570225895914454668e+02
4.534045703787881507e+02	3.238777414458220960e+02
4.835978461086139077e+02	5.292802808613641901e+02
5.620369102498141274e+02	2.617165721170621850e+02
3.314580797802045140e+02	4.594047326326733582e+02
4.738834088992157945e+02	3.375184175548076269e+02
5.379843832606011347e+02	5.277391919613180562e+02
3.905224597524509136e+02	1.919023002939538287e+02
4.159123533280890115e+02	1.907912659768322214e+02
4.810453794266343266e+02	2.240028615559767502e+02
2.894396006799515249e+02	2.937358994952620037e+02
8.031749882470343209e+02	4.266471340475270608e+02
4.242877309079658517e+02	3.615830141384159333e+02
7.941769600877200901e+02	2.909752761782400512e+02
5.990477093764102392e+02	2.323546629404005444e+02
5.728030602509273876e+02	2.899682725927967795e+02
5.078450834481459424e+02	2.025179072247358079e+02
4.718439936559709622e+02	5.467473237558338042e+02
5.086118418936276271e+02	4.910206427791363808e+02
6.921761654060366027e+02	3.577625425218935220e+02
3.612836051310171115e+02	1.856576264806836036e+02
2.413171189855675607e+02	5.111621304855194126e+02
4.273316864106689650e+02	3.891580920427978185e+02
8.615600430993553118e+02	7.226681739030699418e+02
5.067297958931597464e+02	2.629398908681725402e+02
2.578395666711734293e+02	4.714738762876285705e+02
4.352310940637773342e+02	4.197071843548567358e+02
5.244041166160155854e+02	4.918974424737288587e+02
5.920528327277786502e+02	4.359030644218910879e+02
3.197271823201660368e+02	5.649819806567999194e+02
4.998072567811609588e+02	2.649312187228631501e+02
3.914273118380728533e+02	4.297574807135248420e+02
2.911879613233626287e+02	4.578146691352297921e+02
3.479799813999338198e+02	3.946757091208240809e+02
5.467194751372676365e+02	3.385422846771160152e+02
2.650394644921253189e+02	2.545106049812107472e+02
6.632249448392436761e+02	2.806833492887089960e+02
3.295993016972792589e+02	4.371523372023901857e+02
4.324810020867661251e+02	3.818877934944496815e+02
6.922790902915294282e+02	3.031325481578832068e+02
6.363825356727154485e+02	2.064682530184182667e+02
3.785292324055740778e+02	2.575572765696410897e+02
6.821454480171535124e+02	4.145602560173616098e+02
4.713381254486559442e+02	2.551452788330269073e+02
