4.331541273664281562e+02	3.333701051113202425e+02
4.302988806437547851e+02	3.028235525979104068e+02
2.986418265032787076e+02	1.969954239647293548e+02
3.026544775765054851e+02	1.879834178628124448e+02
4.346050861572995814e+02	2.724198149082247369e+02
3.802379212405903104e+02	3.576287763313745245e+02
4.113846916681227412e+02	2.757606859497664118e+02
3.899461370748941818e+02	2.477737601386139943e+02
4.328292237106577431e+02	2.948954980195979942e+02
4.530069899070591077e+02	1.831838812328823565e+02
4.432410610017175827e+02	2.335686114101564783e+02
4.418320720288178904e+02	1.927165385944261118e+02
2.837124702341113220e+02	2.752474650203503757e+02
4.143719710117664476e+02	1.827785484924497723e+02
3.332367058270153279e+02	1.762854291132238984e+02
3.176760028735697006e+02	3.427227600333125110e+02
4.637275052327217963e+02	1.777629502240983754e+02
3.277791195722042517e+02	1.682259524104701143e+02
3.693037041816149895e+02	2.013525907445172436e+02
2.945571871748817898e+02	3.002508203626700833e+02
4.724936849377405110e+02	2.534322457139738560e+02
4.028823312995627361e+02	2.852770169394755158e+02
3.530675906499644725e+02	1.522342964925425406e+02
3.457653316014890947e+02	2.152318941533331156e+02
4.344654933300962512e+02	3.233119727095997860e+02
4.236601831841806529e+02	3.368633427556752054e+02
4.191229284738766978e+02	2.558084307920949527e+02
3.902480340185167620e+02	2.730127081591845126e+02
4.334058344500099338e+02	3.365016761359786983e+02
3.319448425175788202e+02	2.734971299025511371e+02
4.205297639744405274e+02	2.480733855962203052e+02
2.980646706002617634e+02	2.693792597797430517e+02
4.222906250465894118e+02	3.053377124593599774e+02
3.398549045801109401e+02	2.954616110204554502e+02
4.224919189381006959e+02	2.709544025367184190e+02
3.009146854235337969e+02	3.137477806616428211e+02
3.335338499722332131e+02	2.412409353738579512e+02
2.973806575274657007e+02	3.231414497338901128e+02
3.285360727600420319e+02	2.222772342319675261e+02
4.132458568306987559e+02	1.715743422513389191e+02
3.370775090664880054e+02	1.498854867899647161e+02
3.677882822440026871e+02	1.869735755114582503e+02
3.335638523545067642e+02	2.167767783444357406e+02
4.722269606883081678e+02	2.352424009459109584e+02
4.093900585318900767e+02	1.760481740005319296e+02
3.279052036360486682e+02	1.907646216081330124e+02
4.466907552243587816e+02	1.961915377662861886e+02
2.852229762031304290e+02	2.747681770381344109e+02
3.633230277263008361e+02	2.642609224992807526e+02
3.354820456425880479e+02	2.345366567116559224e+02
