5401.75	5013.33	9656.23
-2151.51	5446.67	10496
0.777039	7134	4628.65
3411.54	501.988	8440.15
4871.62	7162.38	11790.5
43.2125	1434.85	9448.55
-993.937	2858.57	9603.74
4004.35	5185.6	8858.63
2929.48	5515.2	12598.5
4383.36	1815.73	12534.2
1231.73	2026.52	7958.36
204.18	5817.21	5445.89
4.35281	6987.31	7617
-2719.02	5916.84	11731.8
413.89	3404.43	7800.86
-1166.34	1829.1	7114.27
530.319	5203.8	9202.38
3314.2	7985.76	4702.98
3768.54	7771.62	10506.3
3921.43	2574.71	11036.1
3657.69	5370	10359.4
6864.2	4439.92	7534.38
1390.09	-500.849	3779.25
-1724.14	7191.03	5778.76
6695.99	3106.49	5777.53
2750.01	2294.44	13257
6123.17	6905.62	6172.68
2357.61	8278.79	4814.44
2435.99	5600.54	7181
-1373.95	5939.85	11995.3
1754.65	-990.171	10991.6
5464.36	-596.054	4463.32
6390.22	6702.87	5105.4
4768.66	-278.828	10903.6
4428.01	2186.3	10285.6
4545.35	7957.73	9929.13
-2276.86	5885.12	4077.33
-1195.41	4385.65	8443.13
2090.61	654.275	5716.7
3355.19	5393.08	5919.22
-890.869	-809.661	11813.4
6406.67	1883.9	7828.72
2812.26	6355.28	4643.01
7610	-247.816	9946.71
4019.05	1383.29	9498.35
-53.7452	-735.469	6634.49
-1699.08	4595.68	12185.7
-2787.08	4973.91	10223.2
-1033.2	4818.78	8932.08
5944.03	2366.09	4766.54
5416.23	5027.11	9681.38
-2157.65	5461.49	10524.6
0.550842	7153.51	4641.15
3420.71	503.387	8462.32
4884.57	7182.02	11821.5
43.1583	1438.73	9473.99
-996.853	2866.33	9629.77
4015.02	5199.83	8881.86
2937.16	5530.29	12632
4395.09	1820.72	12567.2
1234.92	2032.06	7979.59
204.526	5833.11	5460.55
4.09546	7006.41	7637.54
-2726.74	5932.93	11763.9
414.827	3413.71	7821.81
-1169.66	1834.05	7133.62
531.513	5218.01	9227.1
3322.99	8007.67	4715.15
3778.49	7792.91	10534
3931.9	2581.78	11065.2
3667.39	5384.72	10386.7
6882.71	4452.17	7553.58
1393.84	-502.212	3789.19
-1729.09	7210.66	5794.64
6714.1	3115.09	5792.02
2757.26	2300.71	13292.3
6139.63	6924.61	6188.35
2363.78	8301.47	4827.06
2442.4	5615.88	7199.97
-1378.01	5956.03	12027.9
1759.3	-992.901	11020.9
5479.21	-597.604	4474.45
6407.42	6721.31	5118.15
4781.51	-279.553	10932.2
4439.88	2192.32	10312.6
4557.42	7979.55	9955.17
-2283.27	5901.16	4088.7
-1198.89	4397.59	8466.07
2096.22	656.078	5731.75
3364.14	5407.88	5934.64
-893.455	-811.952	11845.4
6423.98	1889.14	7848.77
2819.72	6372.71	4655.1
7630.61	-248.397	9972.25
4029.84	1387.1	9523.27
-53.9735	-737.515	6652.35
-1704	4608.17	12218.8
-2794.94	4987.42	10251.2
-1036.26	4831.9	8956.32
5960.11	2372.65	4778.43
5443.2	5052.84	9729.51
-2169	5488.99	10578
0.0775757	7189.72	4664.61
3437.87	506.1	8504.54
4908.71	7218.63	11880.5
43.1851	1445.99	9521.77
-1002.17	2880.75	9678.49
4034.91	5226.36	8926.15
2951.54	5558.42	12695.3
4417.06	1830.15	12630
1240.96	2042.39	8019.68
205.153	5862.65	5488.11
3.61523	7041.86	7676.11
-2741.01	5962.78	11823.6
416.634	3431	7861.23
-1175.76	1843.25	7169.77
533.787	5244.44	9273.6
3339.26	8048.39	4738.54
3797.01	7832.55	10586.7
3951.5	2595.03	11120.5
3685.5	5412.16	10438.6
6917.15	4475.08	7590.78
1400.87	-504.69	3808.11
-1738.32	7247.06	5824.15
6747.79	3131.23	5820.35
2770.91	2312.47	13359
6170.18	6960	6218.78
2375.19	8343.63	4851.15
2454.33	5644.43	7236
-1385.46	5986.07	12088.7
1768.13	-997.868	11076.3
5506.89	-600.335	4496.27
6439.35	6755.7	5143.15
4805.58	-280.737	10986.7
4462.08	2203.63	10364
4579.87	8020.19	10004.8
-2295.2	5930.9	4109.68
-1205.31	4419.76	8508.96
2106.71	659.499	5760.38
3380.75	5435.43	5964.16
-898.056	-816.155	11905.2
6456.26	1899.05	7887.5
2833.54	6405.12	4678.24
7669.08	-249.258	10021.5
4050.02	1394.32	9570.77
-54.2772	-741.277	6685.9
-1713.03	4631.37	12280.6
-2809.48	5012.49	10303.3
-1041.88	4856.28	9001.66
5990.05	2384.99	4801.74
5486.05	5093.69	9806.72
-2186.93	5532.58	10662.8
-0.666443	7247.12	4701.95
3465.19	510.456	8572.14
4947.06	7276.72	11974.9
43.3163	1457.52	9597.87
-1010.52	2903.64	9755.96
4066.52	5268.46	8997.1
2974.45	5603.06	12796.5
4452.02	1845.16	12730.5
1250.6	2058.8	8083.65
206.17	5909.46	5531.99
2.89185	7098.07	7737.52
-2763.56	6010.1	11918.5
419.561	3458.42	7924.03
-1185.38	1857.84	7227.2
537.459	5286.34	9347.69
3365.07	8112.97	4776.12
3826.45	7895.44	10671
3982.68	2616.11	11209
3714.29	5455.71	10521.7
6971.84	4511.46	7650.74
1412.07	-508.592	3838.38
-1752.95	7304.74	5870.94
6801.27	3156.87	5866.17
2792.69	2331.17	13465.4
6218.67	7016.16	6267.88
2393.27	8410.47	4889.74
2473.3	5689.73	7293.61
-1397.19	6033.71	12185.5
1782.25	-1005.69	11164.6
5550.85	-604.605	4531.61
6490.02	6810.25	5183.62
4843.86	-282.536	11073.9
4497.38	2221.64	10446.4
4615.54	8084.65	10084.4
-2314.13	5978.03	4142.81
-1215.42	4454.92	8577.12
2123.41	664.957	5806.19
3407.14	5479.15	6011.5
-905.228	-822.785	12000.4
6507.52	1914.82	7949.85
2855.48	6456.53	4715.38
7730.22	-250.527	10100.8
4082.13	1405.83	9646.83
-54.6864	-747.215	6739.33
-1727.24	4668.16	12379
-2832.47	5052.22	10386
-1050.74	4894.94	9073.75
6037.56	2404.6	4839.49
5501.52	5157.36	9462.16
-2251.75	5600.11	10721.2
-25.2962	7334.58	4681.75
3470.06	518.715	8337.35
4947.15	7366.74	11648.4
9.29218	1476.59	9539.75
-1057.36	2939.82	9754.49
4070.34	5333.81	8733
2953.96	5672.83	12568
4451.02	1870.28	12419.8
1233.12	2085.05	7971.13
182.367	5981.11	5494.38
-31.8779	7184.27	7698.82
-2839.01	6083.45	12000.6
392.642	3501.21	7858.13
-1224.1	1881.05	7248.99
504.701	5351.26	9269
3372.88	8211.45	4577.6
3819.04	7992.45	10412.5
3981.24	2650.09	10933.2
3709.14	5523.48	10267.4
7010.24	4568.1	7239.49
1413.73	-513.735	3739.86
-1799.18	7392.73	5936.9
6845.65	3196.97	5473.19
2771.99	2361.91	13239.1
6251.28	7102.36	5907.64
2390.6	8512.33	4742.48
2466.45	5759.49	7124.77
-1459.9	6107.66	12193.5
1763.22	-1015.45	11002.1
5591.71	-609.953	4208.95
6529.28	6893.85	4815.22
4854.96	-283.057	10750.1
4504.16	2250.87	10147.4
4617.8	8183.95	9787.62
-2358.52	6049.75	4247.48
-1262.13	4509.41	8595.26
2124.09	674.322	5659.39
3414.28	5546.37	5800.5
-954.244	-830.75	11975.9
6543.36	1940.38	7558.71
2860.35	6535.1	4542.49
7773.48	-250.256	9629.39
4088.45	1425.1	9373.8
-77.3313	-755.008	6701.13
-1792.29	4725.74	12401.8
-2902.24	5113.83	10479.9
-1098.01	4954.81	9080.65
6078.67	2435.38	4492.39
