4121.58	3834.94	7372.55
-1643.11	4163.28	8014.16
-0.742546	5444.7	3538.34
2600.57	389.624	6432.58
3718.99	5480.31	9009.88
32.2512	1100.84	7204.21
-758.982	2186.83	7326.17
3054.52	3964.82	6763.47
2235.3	4221.1	9622.66
3344.15	1395.75	9563.07
938.45	1551.23	6068.34
154.539	4440.58	4159.31
1.85682	5337.23	5819.1
-2076.78	4523.86	8959.79
314.712	2602.02	5951.28
-889.677	1399.02	5423.75
403.364	3977.43	7025.71
2527.11	6097.44	3596.39
2876.03	5943.5	8029.27
2991.2	1973.55	8420.27
2790.55	4107.5	7910.58
5236.22	3395.03	5750.49
1058.68	-378.482	2876.54
-1316.49	5489.01	4416.19
5105.61	2375.08	4406.58
2097.79	1761.34	10116.6
4671.28	5276.17	4716.08
1797.24	6320.92	3682.11
1857.18	4278.69	5483.15
-1050.31	4542.53	9161.57
1337.46	-746.828	8376.2
4163.27	-449.564	3397.19
4874.23	5119.79	3900.82
3636.49	-203.711	8311.5
3377.32	1676.52	7845.96
3469.16	6085.35	7588.58
-1736.91	4489.19	3115.71
-912.878	3350.94	6443.76
1592.82	503.232	4355.36
2558.09	4119.05	4519.52
-679.733	-609.325	9003.61
4885.53	1444.16	5969.37
2143.73	4851.67	3547.57
5803.69	-179.963	7581.29
3064.63	1062.88	7242.59
-41.1712	-555.76	5052.29
-1298.02	3515.68	9303.17
-2127.67	3801.54	7804.44
-789.371	3682.29	6818.15
4530.86	1808.9	3633.93
4121.58	3834.94	7372.55
-1643.11	4163.28	8014.16
-0.742546	5444.7	3538.34
2600.57	389.624	6432.58
3718.99	5480.31	9009.88
32.2512	1100.84	7204.21
-758.982	2186.83	7326.17
3054.52	3964.82	6763.47
2235.3	4221.1	9622.66
3344.15	1395.75	9563.07
938.45	1551.23	6068.34
154.539	4440.58	4159.31
1.85682	5337.23	5819.1
-2076.78	4523.86	8959.79
314.712	2602.02	5951.28
-889.677	1399.02	5423.75
403.364	3977.43	7025.71
2527.11	6097.44	3596.39
2876.03	5943.5	8029.27
2991.2	1973.55	8420.27
2790.55	4107.5	7910.58
5236.22	3395.03	5750.49
1058.68	-378.482	2876.54
-1316.49	5489.01	4416.19
5105.61	2375.08	4406.58
2097.79	1761.34	10116.6
4671.28	5276.17	4716.08
1797.24	6320.92	3682.11
1857.18	4278.69	5483.15
-1050.31	4542.53	9161.57
1337.46	-746.828	8376.2
4163.27	-449.564	3397.19
4874.23	5119.79	3900.82
3636.49	-203.711	8311.5
3377.32	1676.52	7845.96
3469.16	6085.35	7588.58
-1736.91	4489.19	3115.71
-912.878	3350.94	6443.76
1592.82	503.232	4355.36
2558.09	4119.05	4519.52
-679.733	-609.325	9003.61
4885.53	1444.16	5969.37
2143.73	4851.67	3547.57
5803.69	-179.963	7581.29
3064.63	1062.88	7242.59
-41.1712	-555.76	5052.29
-1298.02	3515.68	9303.17
-2127.67	3801.54	7804.44
-789.371	3682.29	6818.15
4530.86	1808.9	3633.93
4121.58	3834.94	7372.55
-1643.11	4163.28	8014.16
-0.742546	5444.7	3538.34
2600.57	389.624	6432.58
3718.99	5480.31	9009.88
32.2512	1100.84	7204.21
-758.982	2186.83	7326.17
3054.52	3964.82	6763.47
2235.3	4221.1	9622.66
3344.15	1395.75	9563.07
938.45	1551.23	6068.34
154.539	4440.58	4159.31
1.85682	5337.23	5819.1
-2076.78	4523.86	8959.79
314.712	2602.02	5951.28
-889.677	1399.02	5423.75
403.364	3977.43	7025.71
2527.11	6097.44	3596.39
2876.03	5943.5	8029.27
2991.2	1973.55	8420.27
2790.55	4107.5	7910.58
5236.22	3395.03	5750.49
1058.68	-378.482	2876.54
-1316.49	5489.01	4416.19
5105.61	2375.08	4406.58
2097.79	1761.34	10116.6
4671.28	5276.17	4716.08
1797.24	6320.92	3682.11
1857.18	4278.69	5483.15
-1050.31	4542.53	9161.57
1337.46	-746.828	8376.2
4163.27	-449.564	3397.19
4874.23	5119.79	3900.82
3636.49	-203.711	8311.5
3377.32	1676.52	7845.96
3469.16	6085.35	7588.58
-1736.91	4489.19	3115.71
-912.878	3350.94	6443.76
1592.82	503.232	4355.36
2558.09	4119.05	4519.52
-679.733	-609.325	9003.61
4885.53	1444.16	5969.37
2143.73	4851.67	3547.57
5803.69	-179.963	7581.29
3064.63	1062.88	7242.59
-41.1712	-555.76	5052.29
-1298.02	3515.68	9303.17
-2127.67	3801.54	7804.44
-789.371	3682.29	6818.15
4530.86	1808.9	3633.93
4121.58	3834.94	7372.55
-1643.11	4163.28	8014.16
-0.742546	5444.7	3538.34
2600.57	389.624	6432.58
3718.99	5480.31	9009.88
32.2512	1100.84	7204.21
-758.982	2186.83	7326.17
3054.52	3964.82	6763.47
2235.3	4221.1	9622.66
3344.15	1395.75	9563.07
938.45	1551.23	6068.34
154.539	4440.58	4159.31
1.85682	5337.23	5819.1
-2076.78	4523.86	8959.79
314.712	2602.02	5951.28
-889.677	1399.02	5423.75
403.364	3977.43	7025.71
2527.11	6097.44	3596.39
2876.03	5943.5	8029.27
2991.2	1973.55	8420.27
2790.55	4107.5	7910.58
5236.22	3395.03	5750.49
1058.68	-378.482	2876.54
-1316.49	5489.01	4416.19
5105.61	2375.08	4406.58
2097.79	1761.34	10116.6
4671.28	5276.17	4716.08
1797.24	6320.92	3682.11
1857.18	4278.69	5483.15
-1050.31	4542.53	9161.57
1337.46	-746.828	8376.2
4163.27	-449.564	3397.19
4874.23	5119.79	3900.82
3636.49	-203.711	8311.5
3377.32	1676.52	7845.96
3469.16	6085.35	7588.58
-1736.91	4489.19	3115.71
-912.878	3350.94	6443.76
1592.82	503.232	4355.36
2558.09	4119.05	4519.52
-679.733	-609.325	9003.61
4885.53	1444.16	5969.37
2143.73	4851.67	3547.57
5803.69	-179.963	7581.29
3064.63	1062.88	7242.59
-41.1712	-555.76	5052.29
-1298.02	3515.68	9303.17
-2127.67	3801.54	7804.44
-789.371	3682.29	6818.15
4530.86	1808.9	3633.93
4121.58	3834.94	7372.55
-1643.11	4163.28	8014.16
-0.742546	5444.7	3538.34
2600.57	389.624	6432.58
3718.99	5480.31	9009.88
32.2512	1100.84	7204.21
-758.982	2186.83	7326.17
3054.52	3964.82	6763.47
2235.3	4221.1	9622.66
3344.15	1395.75	9563.07
938.45	1551.23	6068.34
154.539	4440.58	4159.31
1.85682	5337.23	5819.1
-2076.78	4523.86	8959.79
314.712	2602.02	5951.28
-889.677	1399.02	5423.75
403.364	3977.43	7025.71
2527.11	6097.44	3596.39
2876.03	5943.5	8029.27
2991.2	1973.55	8420.27
2790.55	4107.5	7910.58
5236.22	3395.03	5750.49
1058.68	-378.482	2876.54
-1316.49	5489.01	4416.19
5105.61	2375.08	4406.58
2097.79	1761.34	10116.6
4671.28	5276.17	4716.08
1797.24	6320.92	3682.11
1857.18	4278.69	5483.15
-1050.31	4542.53	9161.57
1337.46	-746.828	8376.2
4163.27	-449.564	3397.19
4874.23	5119.79	3900.82
3636.49	-203.711	8311.5
3377.32	1676.52	7845.96
3469.16	6085.35	7588.58
-1736.91	4489.19	3115.71
-912.878	3350.94	6443.76
1592.82	503.232	4355.36
2558.09	4119.05	4519.52
-679.733	-609.325	9003.61
4885.53	1444.16	5969.37
2143.73	4851.67	3547.57
5803.69	-179.963	7581.29
3064.63	1062.88	7242.59
-41.1712	-555.76	5052.29
-1298.02	3515.68	9303.17
-2127.67	3801.54	7804.44
-789.371	3682.29	6818.15
4530.86	1808.9	3633.93
