5914.16	5502.86	10579.1
-2353.18	5962.43	11477.5
-1.06315	7795.48	5066.04
3730.99	558.986	9228.71
5335.75	7862.78	12926.8
46.2298	1577.98	10326.7
-1087.5	3133.37	10497.2
4380.92	5686.52	9700.46
3206.29	6054.68	13802.6
4800.53	2003.6	13727.8
1345.31	2223.76	8699.25
221.326	6359.65	5956.83
2.65945	7644.28	8334.45
-2974.08	6478.44	12831
450.983	3728.69	8528.18
-1274.5	2004.15	7769.75
578.015	5699.59	10067.7
3621.04	8736.9	5153.2
4124.26	8523.06	11514.1
4292.26	2831.98	12082.8
4002.54	5891.48	11346.3
7515.15	4872.62	8253.24
1517.44	-542.489	4123.02
-1884.27	7856.32	6320.81
7326.99	3408.45	6323.82
3010.16	2527.38	14516.6
6700.2	7567.82	6764.46
2574.54	9054.66	5274.59
2661.93	6132.72	7859.09
-1504.68	6507.64	13124.9
1918.86	-1071.47	12017.3
5974.23	-645.117	4874.91
6991.11	7343.32	5594.94
5220.93	-292.47	11932.9
4846.77	2405.96	11259.7
4975.43	8727.53	10883.4
-2485.53	6424.07	4458.6
-1307.55	4799.7	9229.67
2283.66	721.494	6244.38
3667.01	5904.62	6478.69
-974.606	-873.654	12909.4
7013.15	2073.09	8569
3071.83	6952.12	5083.44
8337.7	-258.538	10891.4
4397.57	1525.18	10392.7
-59.0098	-796.559	7241.34
-1859.7	5036.99	13328.8
-3046.68	5443.56	11175.5
-1130.71	5274.57	9766.43
6500.66	2595.33	5213.79
5914.16	5502.86	10579.1
-2353.18	5962.43	11477.5
-1.06315	7795.48	5066.04
3730.99	558.986	9228.71
5335.75	7862.78	12926.8
46.2298	1577.98	10326.7
-1087.5	3133.37	10497.2
4380.92	5686.52	9700.46
3206.29	6054.68	13802.6
4800.53	2003.6	13727.8
1345.31	2223.76	8699.25
221.326	6359.65	5956.83
2.65945	7644.28	8334.45
-2974.08	6478.44	12831
450.983	3728.69	8528.18
-1274.5	2004.15	7769.75
578.015	5699.59	10067.7
3621.04	8736.9	5153.2
4124.26	8523.06	11514.1
4292.26	2831.98	12082.8
4002.54	5891.48	11346.3
7515.15	4872.62	8253.24
1517.44	-542.489	4123.02
-1884.27	7856.32	6320.81
7326.99	3408.45	6323.82
3010.16	2527.38	14516.6
6700.2	7567.82	6764.46
2574.54	9054.66	5274.59
2661.93	6132.72	7859.09
-1504.68	6507.64	13124.9
1918.86	-1071.47	12017.3
5974.23	-645.117	4874.91
6991.11	7343.32	5594.94
5220.93	-292.47	11932.9
4846.77	2405.96	11259.7
4975.43	8727.53	10883.4
-2485.53	6424.07	4458.6
-1307.55	4799.7	9229.67
2283.66	721.494	6244.38
3667.01	5904.62	6478.69
-974.606	-873.654	12909.4
7013.15	2073.09	8569
3071.83	6952.12	5083.44
8337.7	-258.538	10891.4
4397.57	1525.18	10392.7
-59.0098	-796.559	7241.34
-1859.7	5036.99	13328.8
-3046.68	5443.56	11175.5
-1130.71	5274.57	9766.43
6500.66	2595.33	5213.79
5914.16	5502.86	10579.1
-2353.18	5962.43	11477.5
-1.06315	7795.48	5066.04
3730.99	558.986	9228.71
5335.75	7862.78	12926.8
46.2298	1577.98	10326.7
-1087.5	3133.37	10497.2
4380.92	5686.52	9700.46
3206.29	6054.68	13802.6
4800.53	2003.6	13727.8
1345.31	2223.76	8699.25
221.326	6359.65	5956.83
2.65945	7644.28	8334.45
-2974.08	6478.44	12831
450.983	3728.69	8528.18
-1274.5	2004.15	7769.75
578.015	5699.59	10067.7
3621.04	8736.9	5153.2
4124.26	8523.06	11514.1
4292.26	2831.98	12082.8
4002.54	5891.48	11346.3
7515.15	4872.62	8253.24
1517.44	-542.489	4123.02
-1884.27	7856.32	6320.81
7326.99	3408.45	6323.82
3010.16	2527.38	14516.6
6700.2	7567.82	6764.46
2574.54	9054.66	5274.59
2661.93	6132.72	7859.09
-1504.68	6507.64	13124.9
1918.86	-1071.47	12017.3
5974.23	-645.117	4874.91
6991.11	7343.32	5594.94
5220.93	-292.47	11932.9
4846.77	2405.96	11259.7
4975.43	8727.53	10883.4
-2485.53	6424.07	4458.6
-1307.55	4799.7	9229.67
2283.66	721.494	6244.38
3667.01	5904.62	6478.69
-974.606	-873.654	12909.4
7013.15	2073.09	8569
3071.83	6952.12	5083.44
8337.7	-258.538	10891.4
4397.57	1525.18	10392.7
-59.0098	-796.559	7241.34
-1859.7	5036.99	13328.8
-3046.68	5443.56	11175.5
-1130.71	5274.57	9766.43
6500.66	2595.33	5213.79
5914.16	5502.86	10579.1
-2353.18	5962.43	11477.5
-1.06315	7795.48	5066.04
3730.99	558.986	9228.71
5335.75	7862.78	12926.8
46.2298	1577.98	10326.7
-1087.5	3133.37	10497.2
4380.92	5686.52	9700.46
3206.29	6054.68	13802.6
4800.53	2003.6	13727.8
1345.31	2223.76	8699.25
221.326	6359.65	5956.83
2.65945	7644.28	8334.45
-2974.08	6478.44	12831
450.983	3728.69	8528.18
-1274.5	2004.15	7769.75
578.015	5699.59	10067.7
3621.04	8736.9	5153.2
4124.26	8523.06	11514.1
4292.26	2831.98	12082.8
4002.54	5891.48	11346.3
7515.15	4872.62	8253.24
1517.44	-542.489	4123.02
-1884.27	7856.32	6320.81
7326.99	3408.45	6323.82
3010.16	2527.38	14516.6
6700.2	7567.82	6764.46
2574.54	9054.66	5274.59
2661.93	6132.72	7859.09
-1504.68	6507.64	13124.9
1918.86	-1071.47	12017.3
5974.23	-645.117	4874.91
6991.11	7343.32	5594.94
5220.93	-292.47	11932.9
4846.77	2405.96	11259.7
4975.43	8727.53	10883.4
-2485.53	6424.07	4458.6
-1307.55	4799.7	9229.67
2283.66	721.494	6244.38
3667.01	5904.62	6478.69
-974.606	-873.654	12909.4
7013.15	2073.09	8569
3071.83	6952.12	5083.44
8337.7	-258.538	10891.4
4397.57	1525.18	10392.7
-59.0098	-796.559	7241.34
-1859.7	5036.99	13328.8
-3046.68	5443.56	11175.5
-1130.71	5274.57	9766.43
6500.66	2595.33	5213.79
5914.16	5502.86	10579.1
-2353.18	5962.43	11477.5
-1.06315	7795.48	5066.04
3730.99	558.986	9228.71
5335.75	7862.78	12926.8
46.2298	1577.98	10326.7
-1087.5	3133.37	10497.2
4380.92	5686.52	9700.46
3206.29	6054.68	13802.6
4800.53	2003.6	13727.8
1345.31	2223.76	8699.25
221.326	6359.65	5956.83
2.65945	7644.28	8334.45
-2974.08	6478.44	12831
450.983	3728.69	8528.18
-1274.5	2004.15	7769.75
578.015	5699.59	10067.7
3621.04	8736.9	5153.2
4124.26	8523.06	11514.1
4292.26	2831.98	12082.8
4002.54	5891.48	11346.3
7515.15	4872.62	8253.24
1517.44	-542.489	4123.02
-1884.27	7856.32	6320.81
7326.99	3408.45	6323.82
3010.16	2527.38	14516.6
6700.2	7567.82	6764.46
2574.54	9054.66	5274.59
2661.93	6132.72	7859.09
-1504.68	6507.64	13124.9
1918.86	-1071.47	12017.3
5974.23	-645.117	4874.91
6991.11	7343.32	5594.94
5220.93	-292.47	11932.9
4846.77	2405.96	11259.7
4975.43	8727.53	10883.4
-2485.53	6424.07	4458.6
-1307.55	4799.7	9229.67
2283.66	721.494	6244.38
3667.01	5904.62	6478.69
-974.606	-873.654	12909.4
7013.15	2073.09	8569
3071.83	6952.12	5083.44
8337.7	-258.538	10891.4
4397.57	1525.18	10392.7
-59.0098	-796.559	7241.34
-1859.7	5036.99	13328.8
-3046.68	5443.56	11175.5
-1130.71	5274.57	9766.43
6500.66	2595.33	5213.79
