5196.74	4827.66	9291.78
-2073.51	5241.61	10104.2
-2.45618	6867.03	4455.56
3283.12	484.248	8122.14
4685.5	6896.04	11346.5
40.663	1380.77	9094.65
-958.212	2750.82	9244.66
3851.71	4992.97	8524.87
2816.86	5309.6	12125.2
4217.84	1749.09	12062.4
1184.41	1950.89	7659.66
193.856	5599.52	5242.02
0.94812	6725.69	7331.96
-2619.99	5693.91	11294.1
396.655	3276.94	7508.57
-1123.62	1759.89	6848.48
507.903	5009.01	8857.59
3186.37	7688.32	4525.34
3623.57	7482.11	10111
3772.91	2479.55	10620.7
3517.91	5170.25	9969.58
6604.67	4276.4	7248.59
1338.06	-481.716	3636.91
-1662.76	6921.15	5563.52
6443.4	2992.85	5557.6
2645.48	2209.18	12759.1
5890.42	6649.66	5938.42
2265.52	7970	4633.16
2342.01	5391.8	6910.91
-1325.37	5716.62	11547
1688.91	-952.92	10578.9
5259.57	-571.693	4293.14
6147.57	6454.65	4910.96
4589.61	-266.917	10492.5
4260.68	2105.9	9897.97
4371.16	7661.57	9555.01
-2194.15	5663.92	3926.07
-1152.74	4220.77	8127.69
2011.76	630.418	5501.45
3226.89	5192.55	5695.9
-857.514	-780.302	11371.4
6165.41	1815.77	7532.1
2703.94	6118.59	4467.82
7324.44	-235.836	9569.98
3867.45	1332.8	9140.42
-51.6374	-708.297	6385.97
-1637.75	4422.56	11730.3
-2685.04	4786.28	9841.95
-996.818	4637.74	8598.25
5719.97	2279.86	4584.85
5217.41	4638.81	9341.97
-2126.61	5024.22	10176.1
-24.0948	6816.33	4604.45
3294.73	281.342	8071.09
4692.92	6672.47	11437.7
16.7694	1156	9067.69
-994.393	2533.73	9254.78
3860.81	4823.68	8587.72
2806.6	5047.52	12173.8
4226.99	1456.61	12015
1174.31	1770.93	7654.96
174.214	5516.36	5351.84
-27.4327	6598.33	7457.22
-2682.04	5448.87	11370.8
377.128	3112.45	7541.41
-1154.04	1595.76	6849.65
483.464	4826.01	8926.19
3194.47	7648.6	4688
3622.68	7294.85	10228.6
3780.11	2231.16	10603.4
3519.96	4964.34	10027.8
6644.95	4137.92	7295.31
1343.06	-579.485	3596.05
-1703.42	6839.4	5709.93
6488.23	2886.06	5582.79
2636.85	1900.46	12722.4
5923.18	6567.17	6057.95
2263.9	7928.73	4804.53
2339.65	5266.28	6998.85
-1375.4	5467.17	11619.6
1681.2	-1236.41	10476.8
5301.49	-681.443	4236.47
6185.65	6397.58	5031.93
4609.41	-537.074	10402.4
4275.01	1873.6	9874.88
4378.68	7491.79	9679.47
-2234.05	5612.13	4052.12
-1190.42	4046.74	8184.47
2017.07	495.556	5475.26
3236.46	5098.28	5785.01
-892.344	-1086.82	11274.1
6204.53	1645.55	7513.39
2709.93	6064.57	4590.89
7373.19	-477.312	9480.83
3880.96	1112.29	9103.18
-66.5666	-882.361	6323.29
-1689.25	4155.4	11768.5
-2742.77	4570.44	9905.17
-1034.77	4455.64	8662.35
5761.22	2190.58	4599.77
5217.41	4638.81	9341.97
-2126.61	5024.22	10176.1
-24.0948	6816.33	4604.45
3294.73	281.342	8071.09
4692.92	6672.47	11437.7
16.7694	1156	9067.69
-994.393	2533.73	9254.78
3860.81	4823.68	8587.72
2806.6	5047.52	12173.8
4226.99	1456.61	12015
1174.31	1770.93	7654.96
174.214	5516.36	5351.84
-27.4327	6598.33	7457.22
-2682.04	5448.87	11370.8
377.128	3112.45	7541.41
-1154.04	1595.76	6849.65
483.464	4826.01	8926.19
3194.47	7648.6	4688
3622.68	7294.85	10228.6
3780.11	2231.16	10603.4
3519.96	4964.34	10027.8
6644.95	4137.92	7295.31
1343.06	-579.485	3596.05
-1703.42	6839.4	5709.93
6488.23	2886.06	5582.79
2636.85	1900.46	12722.4
5923.18	6567.17	6057.95
2263.9	7928.73	4804.53
2339.65	5266.28	6998.85
-1375.4	5467.17	11619.6
1681.2	-1236.41	10476.8
5301.49	-681.443	4236.47
6185.65	6397.58	5031.93
4609.41	-537.074	10402.4
4275.01	1873.6	9874.88
4378.68	7491.79	9679.47
-2234.05	5612.13	4052.12
-1190.42	4046.74	8184.47
2017.07	495.556	5475.26
3236.46	5098.28	5785.01
-892.344	-1086.82	11274.1
6204.53	1645.55	7513.39
2709.93	6064.57	4590.89
7373.19	-477.312	9480.83
3880.96	1112.29	9103.18
-66.5666	-882.361	6323.29
-1689.25	4155.4	11768.5
-2742.77	4570.44	9905.17
-1034.77	4455.64	8662.35
5761.22	2190.58	4599.77
5217.41	4638.81	9341.97
-2126.61	5024.22	10176.1
-24.0948	6816.33	4604.45
3294.73	281.342	8071.09
4692.92	6672.47	11437.7
16.7694	1156	9067.69
-994.393	2533.73	9254.78
3860.81	4823.68	8587.72
2806.6	5047.52	12173.8
4226.99	1456.61	12015
1174.31	1770.93	7654.96
174.214	5516.36	5351.84
-27.4327	6598.33	7457.22
-2682.04	5448.87	11370.8
377.128	3112.45	7541.41
-1154.04	1595.76	6849.65
483.464	4826.01	8926.19
3194.47	7648.6	4688
3622.68	7294.85	10228.6
3780.11	2231.16	10603.4
3519.96	4964.34	10027.8
6644.95	4137.92	7295.31
1343.06	-579.485	3596.05
-1703.42	6839.4	5709.93
6488.23	2886.06	5582.79
2636.85	1900.46	12722.4
5923.18	6567.17	6057.95
2263.9	7928.73	4804.53
2339.65	5266.28	6998.85
-1375.4	5467.17	11619.6
1681.2	-1236.41	10476.8
5301.49	-681.443	4236.47
6185.65	6397.58	5031.93
4609.41	-537.074	10402.4
4275.01	1873.6	9874.88
4378.68	7491.79	9679.47
-2234.05	5612.13	4052.12
-1190.42	4046.74	8184.47
2017.07	495.556	5475.26
3236.46	5098.28	5785.01
-892.344	-1086.82	11274.1
6204.53	1645.55	7513.39
2709.93	6064.57	4590.89
7373.19	-477.312	9480.83
3880.96	1112.29	9103.18
-66.5666	-882.361	6323.29
-1689.25	4155.4	11768.5
-2742.77	4570.44	9905.17
-1034.77	4455.64	8662.35
5761.22	2190.58	4599.77
5217.41	4638.81	9341.97
-2126.61	5024.22	10176.1
-24.0948	6816.33	4604.45
3294.73	281.342	8071.09
4692.92	6672.47	11437.7
16.7694	1156	9067.69
-994.393	2533.73	9254.78
3860.81	4823.68	8587.72
2806.6	5047.52	12173.8
4226.99	1456.61	12015
1174.31	1770.93	7654.96
174.214	5516.36	5351.84
-27.4327	6598.33	7457.22
-2682.04	5448.87	11370.8
377.128	3112.45	7541.41
-1154.04	1595.76	6849.65
483.464	4826.01	8926.19
3194.47	7648.6	4688
3622.68	7294.85	10228.6
3780.11	2231.16	10603.4
3519.96	4964.34	10027.8
6644.95	4137.92	7295.31
1343.06	-579.485	3596.05
-1703.42	6839.4	5709.93
6488.23	2886.06	5582.79
2636.85	1900.46	12722.4
5923.18	6567.17	6057.95
2263.9	7928.73	4804.53
2339.65	5266.28	6998.85
-1375.4	5467.17	11619.6
1681.2	-1236.41	10476.8
5301.49	-681.443	4236.47
6185.65	6397.58	5031.93
4609.41	-537.074	10402.4
4275.01	1873.6	9874.88
4378.68	7491.79	9679.47
-2234.05	5612.13	4052.12
-1190.42	4046.74	8184.47
2017.07	495.556	5475.26
3236.46	5098.28	5785.01
-892.344	-1086.82	11274.1
6204.53	1645.55	7513.39
2709.93	6064.57	4590.89
7373.19	-477.312	9480.83
3880.96	1112.29	9103.18
-66.5666	-882.361	6323.29
-1689.25	4155.4	11768.5
-2742.77	4570.44	9905.17
-1034.77	4455.64	8662.35
5761.22	2190.58	4599.77
