5410.43	5034.16	9678
-2221.45	5628.67	10835
-0.989285	7253.86	4714.06
3432.66	514.289	8490.78
4904.56	7227.38	11882.1
43.1669	1473.43	9642.52
-1020.23	2939.54	9847.88
4027.09	5227.24	8916.99
2971.56	5611.43	12792.1
4419.15	1844.42	12637.2
1248.43	2063.62	8072.77
205.89	5916.1	5541.37
2.48215	7134.68	7778.84
-2818.09	6138.65	12158
419.952	3472.13	7941.38
-1193.13	1876.2	7273.72
538.991	5314.8	9388.04
3325.91	8024.8	4733.19
3803.33	7859.83	10618.1
3953.25	2608.31	11128.5
3690.13	5431.64	10460.7
6819.95	4421.87	7489.76
1400.48	-500.676	3805.24
-1767.75	7370.47	5929.92
6640.02	3088.87	5730.9
2791.62	2343.89	13462.6
6093.33	6882.37	6151.77
2374.17	8349.98	4864.09
2458.39	5663.79	7258.15
-1418.33	6134.19	12371.7
1781.2	-994.608	11155.2
5428.84	-586.224	4429.88
6344.16	6663.77	5077.19
4788.56	-268.249	10944.7
4451.18	2209.59	10340.7
4571.54	8019.06	9999.95
-2332.24	6027.87	4183.62
-1226.64	4502.67	8658.5
2106.44	665.503	5759.78
3369.72	5425.93	5953.47
-915.244	-820.441	12123.1
6374.11	1884.19	7788.19
2825.9	6395.53	4676.45
7554.33	-234.247	9868.13
4041.25	1401.6	9550.62
-54.9349	-741.553	6741.29
-1755.1	4753.68	12579.1
-2882.49	5150.2	10573.2
-1060.68	4947.89	9161.57
5901.74	2356.22	4733.44
5410.43	5034.16	9678
-2221.45	5628.67	10835
-0.989285	7253.86	4714.06
3432.66	514.289	8490.78
4904.56	7227.38	11882.1
43.1669	1473.43	9642.52
-1020.23	2939.54	9847.88
4027.09	5227.24	8916.99
2971.56	5611.43	12792.1
4419.15	1844.42	12637.2
1248.43	2063.62	8072.77
205.89	5916.1	5541.37
2.48215	7134.68	7778.84
-2818.09	6138.65	12158
419.952	3472.13	7941.38
-1193.13	1876.2	7273.72
538.991	5314.8	9388.04
3325.91	8024.8	4733.19
3803.33	7859.83	10618.1
3953.25	2608.31	11128.5
3690.13	5431.64	10460.7
6819.95	4421.87	7489.76
1400.48	-500.676	3805.24
-1767.75	7370.47	5929.92
6640.02	3088.87	5730.9
2791.62	2343.89	13462.6
6093.33	6882.37	6151.77
2374.17	8349.98	4864.09
2458.39	5663.79	7258.15
-1418.33	6134.19	12371.7
1781.2	-994.608	11155.2
5428.84	-586.224	4429.88
6344.16	6663.77	5077.19
4788.56	-268.249	10944.7
4451.18	2209.59	10340.7
4571.54	8019.06	9999.95
-2332.24	6027.87	4183.62
-1226.64	4502.67	8658.5
2106.44	665.503	5759.78
3369.72	5425.93	5953.47
-915.244	-820.441	12123.1
6374.11	1884.19	7788.19
2825.9	6395.53	4676.45
7554.33	-234.247	9868.13
4041.25	1401.6	9550.62
-54.9349	-741.553	6741.29
-1755.1	4753.68	12579.1
-2882.49	5150.2	10573.2
-1060.68	4947.89	9161.57
5901.74	2356.22	4733.44
5410.43	5034.16	9678
-2221.45	5628.67	10835
-0.989285	7253.86	4714.06
3432.66	514.289	8490.78
4904.56	7227.38	11882.1
43.1669	1473.43	9642.52
-1020.23	2939.54	9847.88
4027.09	5227.24	8916.99
2971.56	5611.43	12792.1
4419.15	1844.42	12637.2
1248.43	2063.62	8072.77
205.89	5916.1	5541.37
2.48215	7134.68	7778.84
-2818.09	6138.65	12158
419.952	3472.13	7941.38
-1193.13	1876.2	7273.72
538.991	5314.8	9388.04
3325.91	8024.8	4733.19
3803.33	7859.83	10618.1
3953.25	2608.31	11128.5
3690.13	5431.64	10460.7
6819.95	4421.87	7489.76
1400.48	-500.676	3805.24
-1767.75	7370.47	5929.92
6640.02	3088.87	5730.9
2791.62	2343.89	13462.6
6093.33	6882.37	6151.77
2374.17	8349.98	4864.09
2458.39	5663.79	7258.15
-1418.33	6134.19	12371.7
1781.2	-994.608	11155.2
5428.84	-586.224	4429.88
6344.16	6663.77	5077.19
4788.56	-268.249	10944.7
4451.18	2209.59	10340.7
4571.54	8019.06	9999.95
-2332.24	6027.87	4183.62
-1226.64	4502.67	8658.5
2106.44	665.503	5759.78
3369.72	5425.93	5953.47
-915.244	-820.441	12123.1
6374.11	1884.19	7788.19
2825.9	6395.53	4676.45
7554.33	-234.247	9868.13
4041.25	1401.6	9550.62
-54.9349	-741.553	6741.29
-1755.1	4753.68	12579.1
-2882.49	5150.2	10573.2
-1060.68	4947.89	9161.57
5901.74	2356.22	4733.44
5410.43	5034.16	9678
-2221.45	5628.67	10835
-0.989285	7253.86	4714.06
3432.66	514.289	8490.78
4904.56	7227.38	11882.1
43.1669	1473.43	9642.52
-1020.23	2939.54	9847.88
4027.09	5227.24	8916.99
2971.56	5611.43	12792.1
4419.15	1844.42	12637.2
1248.43	2063.62	8072.77
205.89	5916.1	5541.37
2.48215	7134.68	7778.84
-2818.09	6138.65	12158
419.952	3472.13	7941.38
-1193.13	1876.2	7273.72
538.991	5314.8	9388.04
3325.91	8024.8	4733.19
3803.33	7859.83	10618.1
3953.25	2608.31	11128.5
3690.13	5431.64	10460.7
6819.95	4421.87	7489.76
1400.48	-500.676	3805.24
-1767.75	7370.47	5929.92
6640.02	3088.87	5730.9
2791.62	2343.89	13462.6
6093.33	6882.37	6151.77
2374.17	8349.98	4864.09
2458.39	5663.79	7258.15
-1418.33	6134.19	12371.7
1781.2	-994.608	11155.2
5428.84	-586.224	4429.88
6344.16	6663.77	5077.19
4788.56	-268.249	10944.7
4451.18	2209.59	10340.7
4571.54	8019.06	9999.95
-2332.24	6027.87	4183.62
-1226.64	4502.67	8658.5
2106.44	665.503	5759.78
3369.72	5425.93	5953.47
-915.244	-820.441	12123.1
6374.11	1884.19	7788.19
2825.9	6395.53	4676.45
7554.33	-234.247	9868.13
4041.25	1401.6	9550.62
-54.9349	-741.553	6741.29
-1755.1	4753.68	12579.1
-2882.49	5150.2	10573.2
-1060.68	4947.89	9161.57
5901.74	2356.22	4733.44
5410.43	5034.16	9678
-2221.45	5628.67	10835
-0.989285	7253.86	4714.06
3432.66	514.289	8490.78
4904.56	7227.38	11882.1
43.1669	1473.43	9642.52
-1020.23	2939.54	9847.88
4027.09	5227.24	8916.99
2971.56	5611.43	12792.1
4419.15	1844.42	12637.2
1248.43	2063.62	8072.77
205.89	5916.1	5541.37
2.48215	7134.68	7778.84
-2818.09	6138.65	12158
419.952	3472.13	7941.38
-1193.13	1876.2	7273.72
538.991	5314.8	9388.04
3325.91	8024.8	4733.19
3803.33	7859.83	10618.1
3953.25	2608.31	11128.5
3690.13	5431.64	10460.7
6819.95	4421.87	7489.76
1400.48	-500.676	3805.24
-1767.75	7370.47	5929.92
6640.02	3088.87	5730.9
2791.62	2343.89	13462.6
6093.33	6882.37	6151.77
2374.17	8349.98	4864.09
2458.39	5663.79	7258.15
-1418.33	6134.19	12371.7
1781.2	-994.608	11155.2
5428.84	-586.224	4429.88
6344.16	6663.77	5077.19
4788.56	-268.249	10944.7
4451.18	2209.59	10340.7
4571.54	8019.06	9999.95
-2332.24	6027.87	4183.62
-1226.64	4502.67	8658.5
2106.44	665.503	5759.78
3369.72	5425.93	5953.47
-915.244	-820.441	12123.1
6374.11	1884.19	7788.19
2825.9	6395.53	4676.45
7554.33	-234.247	9868.13
4041.25	1401.6	9550.62
-54.9349	-741.553	6741.29
-1755.1	4753.68	12579.1
-2882.49	5150.2	10573.2
-1060.68	4947.89	9161.57
5901.74	2356.22	4733.44
