4241.94	3946.93	7587.84
-1691.04	4284.73	8247.95
-0.764271	5604.01	3641.87
2676.8	401.045	6621.15
3827.27	5639.88	9272.21
33.1953	1133.07	7415.09
-781.176	2250.77	7540.4
3143.75	4080.65	6961.06
2300.42	4344.06	9902.98
3441.82	1436.52	9842.37
965.939	1596.67	6246.1
159.062	4570.54	4281.05
1.91104	5493.09	5989.03
-2137.3	4655.67	9220.86
323.923	2678.17	6125.46
-915.754	1440.02	5582.73
415.144	4093.59	7230.9
2601.01	6275.75	3701.56
2959.81	6116.64	8263.16
3078.6	2031.22	8666.32
2871.97	4227.36	8141.41
5389.42	3494.35	5918.73
1089.84	-389.619	2961.18
-1354.98	5649.47	4545.29
5255.3	2444.71	4535.77
2159	1812.73	10411.8
4807.85	5430.42	4853.95
1849.78	6505.71	3789.75
1911.48	4403.79	5643.47
-1080.91	4674.86	9428.48
1376.64	-768.703	8621.54
4285.74	-462.788	3497.12
5016.86	5269.6	4014.96
3742.96	-209.676	8554.86
3476.08	1725.55	8075.41
3570.25	6262.67	7809.7
-1787.79	4620.69	3206.97
-939.566	3448.9	6632.14
1639.59	518.009	4483.26
2632.96	4239.61	4651.8
-699.628	-627.159	9267.13
5028.68	1486.48	6144.28
2206.49	4993.7	3651.43
5973.74	-185.236	7803.43
3154.35	1094	7454.62
-42.3804	-572.083	5200.68
-1335.86	3618.18	9574.4
-2189.76	3912.49	8032.22
-812.434	3789.87	7017.36
4663.85	1862	3740.6
4241.94	3946.93	7587.84
-1691.04	4284.73	8247.95
-0.764272	5604.01	3641.87
2676.8	401.045	6621.15
3827.27	5639.88	9272.21
33.1953	1133.07	7415.09
-781.176	2250.77	7540.4
3143.75	4080.65	6961.06
2300.42	4344.06	9902.98
3441.82	1436.52	9842.37
965.939	1596.67	6246.1
159.062	4570.54	4281.05
1.91104	5493.09	5989.03
-2137.3	4655.67	9220.86
323.923	2678.17	6125.46
-915.754	1440.02	5582.73
415.144	4093.59	7230.9
2601.01	6275.75	3701.56
2959.81	6116.64	8263.16
3078.6	2031.22	8666.32
2871.97	4227.36	8141.41
5389.42	3494.35	5918.73
1089.84	-389.619	2961.18
-1354.98	5649.47	4545.29
5255.3	2444.71	4535.77
2159	1812.73	10411.8
4807.85	5430.42	4853.95
1849.78	6505.71	3789.75
1911.48	4403.79	5643.47
-1080.91	4674.86	9428.48
1376.64	-768.703	8621.54
4285.74	-462.788	3497.12
5016.86	5269.6	4014.96
3742.96	-209.676	8554.86
3476.08	1725.55	8075.41
3570.25	6262.67	7809.7
-1787.79	4620.69	3206.97
-939.566	3448.9	6632.14
1639.59	518.009	4483.26
2632.96	4239.61	4651.8
-699.628	-627.159	9267.13
5028.68	1486.48	6144.28
2206.49	4993.7	3651.43
5973.74	-185.236	7803.43
3154.35	1094	7454.62
-42.3804	-572.083	5200.68
-1335.86	3618.18	9574.4
-2189.76	3912.49	8032.22
-812.434	3789.87	7017.36
4663.85	1862	3740.6
4241.94	3946.93	7587.84
-1691.04	4284.73	8247.95
-0.764272	5604.01	3641.87
2676.8	401.045	6621.15
3827.27	5639.88	9272.21
33.1953	1133.07	7415.09
-781.176	2250.77	7540.4
3143.75	4080.65	6961.06
2300.42	4344.06	9902.98
3441.82	1436.52	9842.37
965.939	1596.67	6246.1
159.062	4570.54	4281.05
1.91104	5493.09	5989.03
-2137.3	4655.67	9220.86
323.923	2678.17	6125.46
-915.754	1440.02	5582.73
415.144	4093.59	7230.9
2601.01	6275.75	3701.56
2959.81	6116.64	8263.16
3078.6	2031.22	8666.32
2871.97	4227.36	8141.41
5389.42	3494.35	5918.73
1089.84	-389.619	2961.18
-1354.98	5649.47	4545.29
5255.3	2444.71	4535.77
2159	1812.73	10411.8
4807.85	5430.42	4853.95
1849.78	6505.71	3789.75
1911.48	4403.79	5643.47
-1080.91	4674.86	9428.48
1376.64	-768.703	8621.54
4285.74	-462.788	3497.12
5016.86	5269.6	4014.96
3742.96	-209.676	8554.86
3476.08	1725.55	8075.41
3570.25	6262.67	7809.7
-1787.79	4620.69	3206.97
-939.566	3448.9	6632.14
1639.59	518.009	4483.26
2632.96	4239.61	4651.8
-699.628	-627.159	9267.13
5028.68	1486.48	6144.28
2206.49	4993.7	3651.43
5973.74	-185.236	7803.43
3154.35	1094	7454.62
-42.3804	-572.083	5200.68
-1335.86	3618.18	9574.4
-2189.76	3912.49	8032.22
-812.434	3789.87	7017.36
4663.85	1862	3740.6
4241.94	3946.93	7587.84
-1691.04	4284.73	8247.95
-0.764272	5604.01	3641.87
2676.8	401.045	6621.15
3827.27	5639.88	9272.21
33.1953	1133.07	7415.09
-781.176	2250.77	7540.4
3143.75	4080.65	6961.06
2300.42	4344.06	9902.98
3441.82	1436.52	9842.37
965.939	1596.67	6246.1
159.062	4570.54	4281.05
1.91104	5493.09	5989.03
-2137.3	4655.67	9220.86
323.923	2678.17	6125.46
-915.754	1440.02	5582.73
415.144	4093.59	7230.9
2601.01	6275.75	3701.56
2959.81	6116.64	8263.16
3078.6	2031.22	8666.32
2871.97	4227.36	8141.41
5389.42	3494.35	5918.73
1089.84	-389.619	2961.18
-1354.98	5649.47	4545.29
5255.3	2444.71	4535.77
2159	1812.73	10411.8
4807.85	5430.42	4853.95
1849.78	6505.71	3789.75
1911.48	4403.79	5643.47
-1080.91	4674.86	9428.48
1376.64	-768.703	8621.54
4285.74	-462.788	3497.12
5016.86	5269.6	4014.96
3742.96	-209.676	8554.86
3476.08	1725.55	8075.41
3570.25	6262.67	7809.7
-1787.79	4620.69	3206.97
-939.566	3448.9	6632.14
1639.59	518.009	4483.26
2632.96	4239.61	4651.8
-699.628	-627.159	9267.13
5028.68	1486.48	6144.28
2206.49	4993.7	3651.43
5973.74	-185.236	7803.43
3154.35	1094	7454.62
-42.3804	-572.083	5200.68
-1335.86	3618.18	9574.4
-2189.76	3912.49	8032.22
-812.434	3789.87	7017.36
4663.85	1862	3740.6
4241.94	3946.93	7587.84
-1691.04	4284.73	8247.95
-0.764272	5604.01	3641.87
2676.8	401.045	6621.15
3827.27	5639.88	9272.21
33.1953	1133.07	7415.09
-781.176	2250.77	7540.4
3143.75	4080.65	6961.06
2300.42	4344.06	9902.98
3441.82	1436.52	9842.37
965.939	1596.67	6246.1
159.062	4570.54	4281.05
1.91104	5493.09	5989.03
-2137.3	4655.67	9220.86
323.923	2678.17	6125.46
-915.754	1440.02	5582.73
415.144	4093.59	7230.9
2601.01	6275.75	3701.56
2959.81	6116.64	8263.16
3078.6	2031.22	8666.32
2871.97	4227.36	8141.41
5389.42	3494.35	5918.73
1089.84	-389.619	2961.18
-1354.98	5649.47	4545.29
5255.3	2444.71	4535.77
2159	1812.73	10411.8
4807.85	5430.42	4853.95
1849.78	6505.71	3789.75
1911.48	4403.79	5643.47
-1080.91	4674.86	9428.48
1376.64	-768.703	8621.54
4285.74	-462.788	3497.12
5016.86	5269.6	4014.96
3742.96	-209.676	8554.86
3476.08	1725.55	8075.41
3570.25	6262.67	7809.7
-1787.79	4620.69	3206.97
-939.566	3448.9	6632.14
1639.59	518.009	4483.26
2632.96	4239.61	4651.8
-699.628	-627.159	9267.13
5028.68	1486.48	6144.28
2206.49	4993.7	3651.43
5973.74	-185.236	7803.43
3154.35	1094	7454.62
-42.3804	-572.083	5200.68
-1335.86	3618.18	9574.4
-2189.76	3912.49	8032.22
-812.434	3789.87	7017.36
4663.85	1862	3740.6
