563.441	415.051
287.189	419.025
347.664	769.342
504.259	249.138
513.974	447.892
360.838	284.376
322.024	338.158
523.558	439.795
449.162	387.745
490.893	280.229
413.068	321.595
363.985	612.705
358.122	560.66
278.879	413.752
376.077	388.385
294.194	323.733
381.171	435.091
591.233	812.155
492.754	495.624
491.521	312.609
490.393	416.32
682.01	436.538
467.471	180.723
246.899	672.634
759.77	415.49
439.868	291.132
701.243	617.719
518.557	822.11
478.911	510.213
321.924	410.136
419.005	195.054
772.198	178.595
779.78	676.692
520.048	217.756
517.637	304.712
527.354	516.571
148.041	736.247
306.789	419.146
481.709	269.839
555.241	553.984
334.089	203.653
650.847	312.863
559.286	707.631
635.378	217.07
513.493	280.395
348.408	188.609
312.551	367.201
262.003	407.407
317.319	426.317
783.48	400.205
563.441	415.051
287.189	419.025
347.664	769.342
504.259	249.138
513.974	447.892
360.838	284.376
322.024	338.158
523.558	439.795
449.162	387.745
490.893	280.229
413.068	321.595
363.985	612.705
358.122	560.66
278.879	413.752
376.077	388.385
294.194	323.733
381.171	435.091
591.233	812.155
492.754	495.624
491.521	312.609
490.393	416.32
682.01	436.538
467.471	180.723
246.899	672.634
759.77	415.49
439.868	291.132
701.243	617.719
518.557	822.11
478.911	510.213
321.924	410.136
419.005	195.054
772.198	178.595
779.78	676.692
520.048	217.756
517.637	304.712
527.354	516.571
148.041	736.247
306.789	419.146
481.709	269.839
555.241	553.984
334.089	203.653
650.847	312.863
559.286	707.631
635.378	217.07
513.493	280.395
348.408	188.609
312.551	367.201
262.003	407.407
317.319	426.317
783.48	400.205
563.441	415.051
287.189	419.025
347.664	769.342
504.259	249.138
513.974	447.892
360.838	284.376
322.024	338.158
523.558	439.795
449.162	387.745
490.893	280.229
413.068	321.595
363.985	612.705
358.122	560.66
278.879	413.752
376.077	388.385
294.194	323.733
381.171	435.091
591.233	812.155
492.754	495.624
491.521	312.609
490.393	416.32
682.01	436.538
467.471	180.723
246.899	672.634
759.77	415.49
439.868	291.132
701.243	617.719
518.557	822.11
478.911	510.213
321.924	410.136
419.005	195.054
772.198	178.595
779.78	676.692
520.048	217.756
517.637	304.712
527.354	516.571
148.041	736.247
306.789	419.146
481.709	269.839
555.241	553.984
334.089	203.653
650.847	312.863
559.286	707.631
635.378	217.07
513.493	280.395
348.408	188.609
312.551	367.201
262.003	407.407
317.319	426.317
783.48	400.205
563.441	415.051
287.189	419.025
347.664	769.342
504.259	249.138
513.974	447.892
360.838	284.376
322.024	338.158
523.558	439.795
449.162	387.745
490.893	280.229
413.068	321.595
363.985	612.705
358.122	560.66
278.879	413.752
376.077	388.385
294.194	323.733
381.171	435.091
591.233	812.155
492.754	495.624
491.521	312.609
490.393	416.32
682.01	436.538
467.471	180.723
246.899	672.634
759.77	415.49
439.868	291.132
701.243	617.719
518.557	822.11
478.911	510.213
321.924	410.136
419.005	195.054
772.198	178.595
779.78	676.692
520.048	217.756
517.637	304.712
527.354	516.571
148.041	736.247
306.789	419.146
481.709	269.839
555.241	553.984
334.089	203.653
650.847	312.863
559.286	707.631
635.378	217.07
513.493	280.395
348.408	188.609
312.551	367.201
262.003	407.407
317.319	426.317
783.48	400.205
563.441	415.051
287.189	419.025
347.664	769.342
504.259	249.138
513.974	447.892
360.838	284.376
322.024	338.158
523.558	439.795
449.162	387.745
490.893	280.229
413.068	321.595
363.985	612.705
358.122	560.66
278.879	413.752
376.077	388.385
294.194	323.733
381.171	435.091
591.233	812.155
492.754	495.624
491.521	312.609
490.393	416.32
682.01	436.538
467.471	180.723
246.899	672.634
759.77	415.49
439.868	291.132
701.243	617.719
518.557	822.11
478.911	510.213
321.924	410.136
419.005	195.054
772.198	178.595
779.78	676.692
520.048	217.756
517.637	304.712
527.354	516.571
148.041	736.247
306.789	419.146
481.709	269.839
555.241	553.984
334.089	203.653
650.847	312.863
559.286	707.631
635.378	217.07
513.493	280.395
348.408	188.609
312.551	367.201
262.003	407.407
317.319	426.317
783.48	400.205
