4.661048257698835187e+02	2.404992261442068013e+02
4.474070473970724606e+02	1.933632129863358102e+02
4.161883912129011946e+02	1.991057472030443307e+02
3.675208749539775681e+02	2.332746876569423193e+02
3.335717632176516076e+02	1.867122042304752938e+02
4.782375129572126866e+02	3.603924717700720635e+02
3.822447333553658950e+02	3.539445940083031132e+02
3.910860362052012533e+02	2.080834953436711885e+02
4.167096140227918681e+02	2.900677099283859661e+02
4.043895696289613966e+02	3.545875022294238192e+02
4.255993972749865293e+02	1.841673051042632494e+02
4.045336889786578354e+02	3.218605755886156885e+02
3.562668939116689444e+02	2.502798807500218459e+02
4.366988969886834866e+02	3.150532936713485128e+02
3.319732032478094084e+02	2.243615196541687453e+02
4.780220285060381684e+02	2.013178112567620701e+02
3.454020778878643227e+02	2.364045389510323503e+02
3.429920265881233945e+02	3.116088090462714035e+02
3.211240266807897115e+02	2.891266308647799974e+02
3.464879653679653302e+02	2.122423814147221321e+02
3.052814564728230380e+02	3.105550705573310779e+02
4.614310782342893731e+02	2.527359835881190122e+02
3.549824299137887351e+02	2.227416924994983560e+02
4.775977899982102599e+02	2.914527733194000803e+02
3.732060972991693575e+02	1.620912801475448077e+02
3.507753584993763525e+02	1.509305572587006736e+02
3.296967784712695106e+02	2.794690129234169262e+02
4.314013981006597191e+02	3.094349197941079979e+02
4.788477849130434265e+02	1.776876698481358972e+02
3.554932537309775284e+02	2.271003448525222836e+02
3.415352440022376754e+02	2.805810805339068565e+02
3.814929784118732528e+02	2.120234045713851856e+02
4.523849418565037581e+02	3.513912272374773238e+02
4.984846215864214969e+02	1.932026617647463809e+02
4.368933303657717033e+02	2.586751638021409576e+02
4.129725180456257476e+02	2.619030950442781887e+02
3.620732895827975995e+02	2.455952009466039954e+02
4.571122407084240535e+02	3.568453464207305501e+02
4.635180608757184473e+02	2.240741907292404846e+02
2.809826359731812317e+02	3.052224886533907693e+02
2.773649564375969589e+02	3.490703552982432143e+02
3.715171317649334242e+02	1.773900767699907135e+02
4.223332037506833103e+02	2.203928530471079057e+02
3.645552988489225186e+02	2.698320258666680047e+02
3.741709004294241936e+02	2.268186983302350939e+02
4.783303827975375953e+02	2.272401941883302641e+02
4.364169992907879987e+02	2.072196540759373988e+02
3.184008762380337316e+02	2.583991126320644867e+02
3.775001176368124334e+02	1.855492772625723887e+02
4.507143138216687248e+02	2.068690804891789128e+02
