1516.38	-274.515	3059.94
2547.07	2390.24	4245.37
2450	3429.7	3689.37
2137.5	-409.564	5119.6
189.783	3015.91	5293.18
413.331	2389.76	3147.15
1184.11	1900.85	4814.68
1295.82	2580.73	2261.46
1180.14	998.658	5298.17
1440.33	572.618	4960.04
1191.97	-163.027	2959.59
2004.06	-343.848	3177.45
-191.579	1249.44	3080.08
2449.65	3314.93	3590.42
669.114	2198.19	4427.42
2649.32	1935.29	3089.35
-1217.1	2644.15	3734.28
2232.33	1519.88	4536.48
-941.692	1658.82	2205.36
2933.07	14.6272	4333.14
-1022.03	1925.17	5076.68
446.691	444.386	3374.26
900.094	1294.66	4395.54
1117.7	1720.7	2432.06
-264.42	2351.64	4671.2
2705.89	2147.61	2612.22
3045.73	736.266	2540.84
2743.48	2126.51	2077.15
1829.11	2018.67	3779.66
641.463	1967.81	3875.13
824.273	-685.105	5470.67
2317.73	1319.41	3164.41
2100.55	37.7307	4611.16
111.026	2048.73	5726.54
1537.75	1506.17	3502.99
723.182	603.081	3059.28
1866.85	2401.64	4516.25
2749.83	911.386	4276.76
-1133.55	2344.84	3998.6
2830.57	1896.1	3946.08
1307.84	1983.29	4151.76
-846.039	-20.3036	4979.1
105.555	1878.16	3655.12
2053.98	84.2943	5518.98
-611.867	701.307	5239.87
549.474	708.408	4448.59
1066.58	1625.89	5045.79
2174.3	3304.38	4105.36
1511.43	1255.03	4803.67
1159.02	1243.84	2936.98
1516.38	-274.515	3059.94
2547.07	2390.24	4245.37
2450	3429.7	3689.37
2137.5	-409.564	5119.6
189.783	3015.91	5293.18
413.331	2389.76	3147.15
1184.11	1900.85	4814.68
1295.82	2580.73	2261.46
1180.14	998.658	5298.17
1440.33	572.618	4960.04
1191.97	-163.027	2959.59
2004.06	-343.848	3177.45
-191.579	1249.44	3080.08
2449.65	3314.93	3590.42
669.114	2198.19	4427.42
2649.32	1935.29	3089.35
-1217.1	2644.15	3734.28
2232.33	1519.88	4536.48
-941.692	1658.82	2205.36
2933.07	14.6272	4333.14
-1022.03	1925.17	5076.68
446.691	444.386	3374.26
900.094	1294.66	4395.54
1117.7	1720.7	2432.06
-264.42	2351.64	4671.2
2705.89	2147.61	2612.22
3045.73	736.266	2540.84
2743.48	2126.51	2077.15
1829.11	2018.67	3779.66
641.463	1967.81	3875.13
824.273	-685.105	5470.67
2317.73	1319.41	3164.41
2100.55	37.7307	4611.16
111.026	2048.73	5726.54
1537.75	1506.17	3502.99
723.182	603.081	3059.28
1866.85	2401.64	4516.25
2749.83	911.386	4276.76
-1133.55	2344.84	3998.6
2830.57	1896.1	3946.08
1307.84	1983.29	4151.76
-846.039	-20.3036	4979.1
105.555	1878.16	3655.12
2053.98	84.2943	5518.98
-611.867	701.307	5239.87
549.474	708.408	4448.59
1066.58	1625.89	5045.79
2174.3	3304.38	4105.36
1511.43	1255.03	4803.67
1159.02	1243.84	2936.98
1516.46	-274.529	3060.08
2547.19	2390.35	4245.56
2450.12	3429.85	3689.54
2137.61	-409.584	5119.83
189.807	3016.05	5293.42
413.359	2389.87	3147.29
1184.18	1900.94	4814.9
1295.89	2580.85	2261.56
1180.21	998.702	5298.4
1440.41	572.643	4960.26
1192.03	-163.035	2959.73
2004.15	-343.865	3177.6
-191.579	1249.5	3080.21
2449.77	3315.08	3590.59
669.157	2198.29	4427.61
2649.45	1935.38	3089.49
-1217.14	2644.27	3734.44
2232.44	1519.94	4536.69
-941.729	1658.9	2205.45
2933.21	14.6258	4333.34
-1022.07	1925.26	5076.9
446.72	444.406	3374.41
900.146	1294.72	4395.74
1117.76	1720.78	2432.17
-264.419	2351.74	4671.4
2706.02	2147.71	2612.35
3045.88	736.297	2540.97
2743.62	2126.6	2077.26
1829.21	2018.76	3779.83
641.503	1967.9	3875.3
824.323	-685.137	5470.91
2317.84	1319.47	3164.56
2100.66	37.7309	4611.36
111.047	2048.83	5726.79
1537.82	1506.24	3503.14
723.223	603.107	3059.42
1866.94	2401.75	4516.45
2749.97	911.425	4276.96
-1133.59	2344.94	3998.77
2830.71	1896.18	3946.26
1307.91	1983.38	4151.95
-846.065	-20.3041	4979.31
105.57	1878.24	3655.28
2054.09	84.2967	5519.23
-611.882	701.339	5240.1
549.51	708.44	4448.78
1066.64	1625.96	5046.02
2174.41	3304.52	4105.54
1511.51	1255.08	4803.88
1159.08	1243.9	2937.11
1516.47	-274.532	3060.12
2547.22	2390.38	4245.61
2450.15	3429.89	3689.58
2137.63	-409.588	5119.89
189.809	3016.09	5293.48
413.363	2389.89	3147.33
1184.2	1900.96	4814.95
1295.91	2580.88	2261.59
1180.22	998.714	5298.47
1440.43	572.649	4960.32
1192.05	-163.037	2959.76
2004.18	-343.869	3177.64
-191.581	1249.51	3080.25
2449.8	3315.12	3590.63
669.165	2198.31	4427.67
2649.48	1935.4	3089.53
-1217.16	2644.3	3734.49
2232.47	1519.96	4536.74
-941.74	1658.92	2205.48
2933.25	14.626	4333.39
-1022.08	1925.28	5076.96
446.725	444.411	3374.45
900.157	1294.74	4395.79
1117.77	1720.8	2432.2
-264.422	2351.77	4671.45
2706.05	2147.73	2612.38
3045.91	736.306	2541
2743.65	2126.63	2077.28
1829.23	2018.78	3779.88
641.51	1967.92	3875.34
824.333	-685.145	5470.97
2317.87	1319.49	3164.6
2100.68	37.7314	4611.42
111.048	2048.85	5726.85
1537.84	1506.26	3503.19
723.231	603.114	3059.45
1866.97	2401.78	4516.51
2750	911.436	4277.01
-1133.61	2344.97	3998.81
2830.74	1896.2	3946.31
1307.93	1983.4	4152
-846.076	-20.3043	4979.37
105.571	1878.26	3655.33
2054.11	84.2977	5519.3
-611.889	701.347	5240.16
549.517	708.448	4448.84
1066.66	1625.98	5046.08
2174.44	3304.56	4105.59
1511.53	1255.1	4803.94
1159.1	1243.91	2937.15
1516.49	-274.535	3060.15
2547.25	2390.41	4245.66
2450.18	3429.93	3689.63
2137.66	-409.593	5119.95
189.811	3016.12	5293.54
413.368	2389.92	3147.37
1184.21	1900.98	4815.01
1295.92	2580.91	2261.61
1180.23	998.725	5298.53
1440.45	572.656	4960.37
1192.06	-163.039	2959.8
2004.2	-343.873	3177.67
-191.584	1249.53	3080.28
2449.83	3315.15	3590.67
669.173	2198.34	4427.72
2649.51	1935.42	3089.56
-1217.17	2644.33	3734.53
2232.49	1519.98	4536.79
-941.751	1658.94	2205.51
2933.28	14.6262	4333.44
-1022.09	1925.3	5077.02
446.731	444.416	3374.49
900.167	1294.75	4395.84
1117.78	1720.82	2432.23
-264.425	2351.8	4671.51
2706.08	2147.76	2612.41
3045.95	736.314	2541.03
2743.68	2126.65	2077.3
1829.25	2018.81	3779.92
641.517	1967.95	3875.39
824.342	-685.153	5471.04
2317.9	1319.5	3164.63
2100.71	37.7319	4611.47
111.049	2048.88	5726.92
1537.86	1506.28	3503.23
723.24	603.121	3059.49
1866.99	2401.8	4516.56
2750.03	911.446	4277.06
-1133.62	2345	3998.86
2830.77	1896.23	3946.35
1307.94	1983.43	4152.04
-846.085	-20.3045	4979.43
105.573	1878.29	3655.37
2054.13	84.2987	5519.36
-611.896	701.355	5240.22
549.523	708.456	4448.89
1066.67	1626	5046.13
2174.46	3304.6	4105.64
1511.54	1255.11	4803.99
1159.11	1243.93	2937.18
