1516.69	-274.572	3060.56
2547.6	2390.73	4246.23
2450.51	3430.39	3690.12
2137.94	-409.648	5120.63
189.837	3016.53	5294.25
413.424	2390.24	3147.79
1184.37	1901.24	4815.66
1296.09	2581.25	2261.92
1180.39	998.859	5299.24
1440.64	572.733	4961.04
1192.22	-163.061	2960.19
2004.47	-343.919	3178.1
-191.609	1249.69	3080.7
2450.16	3315.6	3591.16
669.263	2198.63	4428.31
2649.87	1935.68	3089.98
-1217.33	2644.68	3735.03
2232.79	1520.18	4537.4
-941.877	1659.16	2205.8
2933.67	14.6282	4334.02
-1022.23	1925.56	5077.7
446.791	444.476	3374.94
900.288	1294.92	4396.43
1117.93	1721.05	2432.55
-264.461	2352.11	4672.14
2706.45	2148.05	2612.76
3046.36	736.413	2541.37
2744.05	2126.94	2077.58
1829.49	2019.08	3780.43
641.604	1968.21	3875.91
824.453	-685.245	5471.77
2318.21	1319.68	3165.06
2100.99	37.737	4612.09
111.064	2049.15	5727.69
1538.07	1506.48	3503.7
723.337	603.202	3059.9
1867.24	2402.13	4517.17
2750.4	911.569	4277.63
-1133.77	2345.31	3999.4
2831.15	1896.48	3946.89
1308.12	1983.69	4152.6
-846.199	-20.3073	4980.1
105.587	1878.54	3655.86
2054.41	84.31	5520.1
-611.979	701.449	5240.92
549.597	708.552	4449.48
1066.81	1626.22	5046.81
2174.75	3305.04	4106.19
1511.75	1255.28	4804.64
1159.27	1244.1	2937.58
1516.69	-274.572	3060.56
2547.6	2390.73	4246.23
2450.51	3430.39	3690.12
2137.94	-409.648	5120.63
189.837	3016.53	5294.25
413.424	2390.24	3147.79
1184.37	1901.24	4815.66
1296.09	2581.25	2261.92
1180.39	998.859	5299.24
1440.64	572.733	4961.04
1192.22	-163.061	2960.19
2004.47	-343.919	3178.1
-191.609	1249.69	3080.7
2450.16	3315.6	3591.16
669.263	2198.63	4428.31
2649.87	1935.68	3089.98
-1217.33	2644.68	3735.03
2232.79	1520.18	4537.4
-941.877	1659.16	2205.8
2933.67	14.6282	4334.02
-1022.23	1925.56	5077.7
446.791	444.476	3374.94
900.288	1294.92	4396.43
1117.93	1721.05	2432.55
-264.461	2352.11	4672.14
2706.45	2148.05	2612.76
3046.36	736.413	2541.37
2744.05	2126.94	2077.58
1829.49	2019.08	3780.43
641.604	1968.21	3875.91
824.453	-685.245	5471.77
2318.21	1319.68	3165.06
2100.99	37.737	4612.09
111.064	2049.15	5727.69
1538.07	1506.48	3503.7
723.337	603.202	3059.9
1867.24	2402.13	4517.17
2750.4	911.569	4277.63
-1133.77	2345.31	3999.4
2831.15	1896.48	3946.89
1308.12	1983.69	4152.6
-846.199	-20.3073	4980.1
105.587	1878.54	3655.86
2054.41	84.31	5520.1
-611.979	701.449	5240.92
549.597	708.552	4449.48
1066.81	1626.22	5046.81
2174.75	3305.04	4106.19
1511.75	1255.28	4804.64
1159.27	1244.1	2937.58
1516.69	-274.572	3060.56
2547.6	2390.73	4246.23
2450.51	3430.39	3690.12
2137.94	-409.648	5120.63
189.837	3016.53	5294.25
413.424	2390.24	3147.79
1184.37	1901.24	4815.66
1296.09	2581.25	2261.92
1180.39	998.859	5299.24
1440.64	572.733	4961.04
1192.22	-163.061	2960.19
2004.47	-343.919	3178.1
-191.609	1249.69	3080.7
2450.16	3315.6	3591.16
669.263	2198.63	4428.31
2649.87	1935.68	3089.98
-1217.33	2644.68	3735.03
2232.79	1520.18	4537.4
-941.877	1659.16	2205.8
2933.67	14.6282	4334.02
-1022.23	1925.56	5077.7
446.791	444.476	3374.94
900.288	1294.92	4396.43
1117.93	1721.05	2432.55
-264.461	2352.11	4672.14
2706.45	2148.05	2612.76
3046.36	736.413	2541.37
2744.05	2126.94	2077.58
1829.49	2019.08	3780.43
641.604	1968.21	3875.91
824.453	-685.245	5471.77
2318.21	1319.68	3165.06
2100.99	37.737	4612.09
111.064	2049.15	5727.69
1538.07	1506.48	3503.7
723.337	603.202	3059.9
1867.24	2402.13	4517.17
2750.4	911.569	4277.63
-1133.77	2345.31	3999.4
2831.15	1896.48	3946.89
1308.12	1983.69	4152.6
-846.199	-20.3073	4980.1
105.587	1878.54	3655.86
2054.41	84.31	5520.1
-611.979	701.449	5240.92
549.597	708.552	4449.48
1066.81	1626.22	5046.81
2174.75	3305.04	4106.19
1511.75	1255.28	4804.64
1159.27	1244.1	2937.58
1606.99	-290.306	3239.84
2698.2	2532.18	4495.08
2594.95	3633.03	3906.45
2265.48	-433.154	5420.5
201.781	3194.19	5603.77
438.056	2531.09	3331.9
1255.03	2013.51	5097.44
1372.37	2733.57	2394.47
1251.21	1058.02	5609.3
1526.8	606.87	5251.39
1263.35	-172.319	3133.53
2123.54	-363.602	3364.37
-202.304	1323.23	3260.73
2594.59	3511.48	3801.7
709.396	2328.27	4687.33
2806.27	2050.37	3271.26
-1288.6	2800.06	3953.05
2365.19	1610.3	4803.17
-997.12	1756.59	2334.5
3107.71	16.313	4588.11
-1081.41	2038.67	5374.25
473.99	470.782	3572.32
954.261	1371.42	4653.63
1184.01	1822.69	2575.03
-279.268	2490.54	4945.18
2865.98	2275.25	2766.17
3226.27	780.609	2690.68
2905.64	2252.91	2199.72
1937.79	2138.46	4001.87
680.006	2084.28	4102.63
874.831	-725.33	5791.81
2455.28	1398.01	3350.65
2226.05	40.5564	4882.19
118.767	2169.84	6062.51
1629.27	1595.61	3708.9
766.68	638.927	3238.94
1977.88	2544.08	4781.7
2913.36	966.003	4528.35
-1199.96	2483.09	4232.89
2998.49	2008.91	4178.28
1385.84	2100.85	4395.67
-894.51	-21.7057	5270.98
112.389	1989.18	3869.59
2176.99	89.8633	5843.24
-646.619	742.606	5547.11
583.101	750.438	4709.7
1130.69	1722.27	5342.07
2303.11	3500.22	4346.76
1601.85	1329.62	5085.87
1228.06	1317.67	3109.59
1606.99	-290.306	3239.84
2698.2	2532.18	4495.08
2594.95	3633.03	3906.45
2265.48	-433.154	5420.5
201.781	3194.19	5603.77
438.056	2531.09	3331.9
1255.03	2013.51	5097.44
1372.37	2733.57	2394.47
1251.21	1058.02	5609.3
1526.8	606.87	5251.39
1263.35	-172.319	3133.53
2123.54	-363.602	3364.37
-202.304	1323.23	3260.73
2594.59	3511.48	3801.7
709.396	2328.27	4687.33
2806.27	2050.37	3271.26
-1288.6	2800.06	3953.05
2365.19	1610.3	4803.17
-997.12	1756.59	2334.5
3107.71	16.313	4588.11
-1081.41	2038.67	5374.25
473.99	470.782	3572.32
954.261	1371.42	4653.63
1184.01	1822.69	2575.03
-279.268	2490.54	4945.18
2865.98	2275.25	2766.17
3226.27	780.609	2690.68
2905.64	2252.91	2199.72
1937.79	2138.46	4001.87
680.006	2084.28	4102.63
874.831	-725.33	5791.81
2455.28	1398.01	3350.65
2226.05	40.5564	4882.19
118.767	2169.84	6062.51
1629.27	1595.61	3708.9
766.68	638.927	3238.94
1977.88	2544.08	4781.7
2913.36	966.003	4528.35
-1199.96	2483.09	4232.89
2998.49	2008.91	4178.28
1385.84	2100.85	4395.67
-894.51	-21.7057	5270.98
112.389	1989.18	3869.59
2176.99	89.8633	5843.24
-646.619	742.606	5547.11
583.101	750.438	4709.7
1130.69	1722.27	5342.07
2303.11	3500.22	4346.76
1601.85	1329.62	5085.87
1228.06	1317.67	3109.59
