1575.94	-284.975	3178.96
2643.52	2480.61	4404.7
2540.78	3556.44	3824.92
2222.9	-425.382	5321.97
197.588	3129.9	5491.8
429.196	2479.48	3264.57
1229.91	1973.81	4997.85
1344.1	2676.51	2344.93
1226.67	1037.91	5503.41
1497.17	595.374	5152.98
1238.75	-169.13	3074.46
2082.78	-357.024	3301.23
-198.503	1297.35	3197.18
2540.52	3437.58	3722.49
695.025	2281.86	4594.65
2749.37	2008.35	3205.17
-1262.27	2743.61	3873.85
2318.38	1578.45	4709.62
-976.9	1721.5	2288.18
3048.43	15.5583	4502.21
-1060.55	1999.34	5270.52
464.401	461.863	3504.42
935.242	1344.79	4563.94
1160.06	1785.65	2523.26
-273.861	2441.16	4847.67
2807.29	2228.05	2709.46
3162.38	764.597	2637.56
2845.85	2205.82	2154.19
1898.71	2095.26	3922.01
666.252	2042.69	4021.46
857.905	-712.037	5688.63
2406.28	1369.85	3284.36
2183.54	39.5919	4791.49
116.001	2127.82	5945.54
1596.68	1563.76	3635.8
751.412	626.555	3176.7
1937.89	2492.67	4686.17
2856.44	946.893	4441.18
-1175.86	2433.69	4149.06
2938.26	1968.23	4095.03
1357.97	2058.86	4308.71
-878.821	-20.6959	5175.06
110.012	1949.65	3793.21
2135.72	88.0763	5736.07
-635.135	729.156	5444.07
571.368	736.283	4620.77
1108.17	1688.74	5238.94
2255.41	3427.21	4257.02
1570.3	1303.81	4988.27
1203.5	1291.43	3048.39
1575.94	-284.975	3178.96
2643.52	2480.61	4404.7
2540.78	3556.44	3824.92
2222.9	-425.382	5321.97
197.588	3129.9	5491.8
429.196	2479.48	3264.57
1229.91	1973.81	4997.85
1344.1	2676.51	2344.93
1226.67	1037.91	5503.41
1497.17	595.374	5152.98
1238.75	-169.13	3074.46
2082.78	-357.024	3301.23
-198.503	1297.35	3197.18
2540.52	3437.58	3722.49
695.025	2281.86	4594.65
2749.37	2008.35	3205.17
-1262.27	2743.61	3873.85
2318.38	1578.45	4709.62
-976.9	1721.5	2288.18
3048.43	15.5583	4502.21
-1060.55	1999.34	5270.52
464.401	461.863	3504.42
935.242	1344.79	4563.94
1160.06	1785.65	2523.26
-273.861	2441.16	4847.67
2807.29	2228.05	2709.46
3162.38	764.597	2637.56
2845.85	2205.82	2154.19
1898.71	2095.26	3922.01
666.252	2042.69	4021.46
857.905	-712.037	5688.63
2406.28	1369.85	3284.36
2183.54	39.5919	4791.49
116.001	2127.82	5945.54
1596.68	1563.76	3635.8
751.412	626.555	3176.7
1937.89	2492.67	4686.17
2856.44	946.893	4441.18
-1175.86	2433.69	4149.06
2938.26	1968.23	4095.03
1357.97	2058.86	4308.71
-878.821	-20.6959	5175.06
110.012	1949.65	3793.21
2135.72	88.0763	5736.07
-635.135	729.156	5444.07
571.368	736.283	4620.77
1108.17	1688.74	5238.94
2255.41	3427.21	4257.02
1570.3	1303.81	4988.27
1203.5	1291.43	3048.39
1575.94	-284.975	3178.96
2643.52	2480.61	4404.7
2540.78	3556.44	3824.92
2222.9	-425.382	5321.97
197.588	3129.9	5491.8
429.196	2479.48	3264.57
1229.91	1973.81	4997.85
1344.1	2676.51	2344.93
1226.67	1037.91	5503.41
1497.17	595.374	5152.98
1238.75	-169.13	3074.46
2082.78	-357.024	3301.23
-198.503	1297.35	3197.18
2540.52	3437.58	3722.49
695.025	2281.86	4594.65
2749.37	2008.35	3205.17
-1262.27	2743.61	3873.85
2318.38	1578.45	4709.62
-976.9	1721.5	2288.18
3048.43	15.5583	4502.21
-1060.55	1999.34	5270.52
464.401	461.863	3504.42
935.242	1344.79	4563.94
1160.06	1785.65	2523.26
-273.861	2441.16	4847.67
2807.29	2228.05	2709.46
3162.38	764.597	2637.56
2845.85	2205.82	2154.19
1898.71	2095.26	3922.01
666.252	2042.69	4021.46
857.905	-712.037	5688.63
2406.28	1369.85	3284.36
2183.54	39.5919	4791.49
116.001	2127.82	5945.54
1596.68	1563.76	3635.8
751.412	626.555	3176.7
1937.89	2492.67	4686.17
2856.44	946.893	4441.18
-1175.86	2433.69	4149.06
2938.26	1968.23	4095.03
1357.97	2058.86	4308.71
-878.821	-20.6959	5175.06
110.012	1949.65	3793.21
2135.72	88.0763	5736.07
-635.135	729.156	5444.07
571.368	736.283	4620.77
1108.17	1688.74	5238.94
2255.41	3427.21	4257.02
1570.3	1303.81	4988.27
1203.5	1291.43	3048.39
1575.94	-284.975	3178.96
2643.52	2480.61	4404.7
2540.78	3556.44	3824.92
2222.9	-425.382	5321.97
197.588	3129.9	5491.8
429.196	2479.48	3264.57
1229.91	1973.81	4997.85
1344.1	2676.51	2344.93
1226.67	1037.91	5503.41
1497.17	595.374	5152.98
1238.75	-169.13	3074.46
2082.78	-357.024	3301.23
-198.503	1297.35	3197.18
2540.52	3437.58	3722.49
695.025	2281.86	4594.65
2749.37	2008.35	3205.17
-1262.27	2743.61	3873.85
2318.38	1578.45	4709.62
-976.9	1721.5	2288.18
3048.43	15.5583	4502.21
-1060.55	1999.34	5270.52
464.401	461.863	3504.42
935.242	1344.79	4563.94
1160.06	1785.65	2523.26
-273.861	2441.16	4847.67
2807.29	2228.05	2709.46
3162.38	764.597	2637.56
2845.85	2205.82	2154.19
1898.71	2095.26	3922.01
666.252	2042.69	4021.46
857.905	-712.037	5688.63
2406.28	1369.85	3284.36
2183.54	39.5919	4791.49
116.001	2127.82	5945.54
1596.68	1563.76	3635.8
751.412	626.555	3176.7
1937.89	2492.67	4686.17
2856.44	946.893	4441.18
-1175.86	2433.69	4149.06
2938.26	1968.23	4095.03
1357.97	2058.86	4308.71
-878.821	-20.6959	5175.06
110.012	1949.65	3793.21
2135.72	88.0763	5736.07
-635.135	729.156	5444.07
571.368	736.283	4620.77
1108.17	1688.74	5238.94
2255.41	3427.21	4257.02
1570.3	1303.81	4988.27
1203.5	1291.43	3048.39
1575.94	-284.975	3178.96
2643.52	2480.61	4404.7
2540.78	3556.44	3824.92
2222.9	-425.382	5321.97
197.588	3129.9	5491.8
429.196	2479.48	3264.57
1229.91	1973.81	4997.85
1344.1	2676.51	2344.93
1226.67	1037.91	5503.41
1497.17	595.374	5152.98
1238.75	-169.13	3074.46
2082.78	-357.024	3301.23
-198.503	1297.35	3197.18
2540.52	3437.58	3722.49
695.025	2281.86	4594.65
2749.37	2008.35	3205.17
-1262.27	2743.61	3873.85
2318.38	1578.45	4709.62
-976.9	1721.5	2288.18
3048.43	15.5583	4502.21
-1060.55	1999.34	5270.52
464.401	461.863	3504.42
935.242	1344.79	4563.94
1160.06	1785.65	2523.26
-273.861	2441.16	4847.67
2807.29	2228.05	2709.46
3162.38	764.597	2637.56
2845.85	2205.82	2154.19
1898.71	2095.26	3922.01
666.252	2042.69	4021.46
857.905	-712.037	5688.63
2406.28	1369.85	3284.36
2183.54	39.5919	4791.49
116.001	2127.82	5945.54
1596.68	1563.76	3635.8
751.412	626.555	3176.7
1937.89	2492.67	4686.17
2856.44	946.893	4441.18
-1175.86	2433.69	4149.06
2938.26	1968.23	4095.03
1357.97	2058.86	4308.71
-878.821	-20.6959	5175.06
110.012	1949.65	3793.21
2135.72	88.0763	5736.07
-635.135	729.156	5444.07
571.368	736.283	4620.77
1108.17	1688.74	5238.94
2255.41	3427.21	4257.02
1570.3	1303.81	4988.27
1203.5	1291.43	3048.39
