51.9137	42.0903	353.576
-21.2195	46.6231	312.499
43.2373	0.0825772	260.123
73.8165	17.8736	330.919
28.8643	18.2011	294.249
42.6403	41.0827	245.334
-61.0432	58.2642	308.656
-32.8478	-7.28434	240.641
51.8959	-19.0042	355.851
-30.1578	13.2689	357.392
90.5827	10.4255	231.374
55.0769	13.5433	260.891
61.2803	59.2338	270.779
11.2232	62.133	340.4
27.5088	0.77854	225.731
60.5088	0.0360942	225.449
-32.339	-2.94528	227.981
59.1598	53.3775	277.131
52.9223	-46.8021	304.961
-37.8412	74.8734	284.069
78.0167	33.19	270.037
-16.5319	38.8147	337.942
-30.1642	-65.9022	347.863
59.5531	-35.5379	316.647
27.0252	32.9604	258.58
-7.06901	3.54899	320.308
17.463	40.1591	285.335
18.2005	66.3254	311.072
25.0808	48.6598	224.904
8.20578	-10.8586	336.916
-36.4836	24.2632	296.258
71.5868	70.2973	253.388
-21.5348	50.0324	291.05
68.7314	22.0536	309.829
-33.4033	-53.9576	328.581
28.5365	-50.0736	343.818
61.4759	-12.0826	311.66
2.03059	-47.1416	276.015
66.7511	76.9927	230.233
39.5556	61.7905	263.873
-19.2654	-21.1902	239.983
17.4171	14.7038	321.344
-2.70761	61.078	298.774
50.1098	-41.6672	332.652
25.0587	-5.83948	320.354
17.9483	-29.9842	317.051
48.4456	18.7779	246.278
-33.0527	-35.7891	297.919
-47.7974	59.8974	310.163
32.2502	-45.9546	230.983
31.2048	25.314	212.581
-12.7701	28.0298	187.904
25.995	0.0539043	156.392
44.3787	10.7555	198.951
17.3495	10.9465	176.915
25.6303	24.7075	147.501
-36.7177	35.0241	185.605
-19.7535	-4.38626	144.7
31.2028	-11.4225	213.948
-18.1405	7.97215	214.899
54.4626	6.27993	139.093
33.1122	8.14953	156.851
36.8355	35.6243	162.795
6.73499	37.3602	204.671
16.5379	0.470445	135.718
36.3808	0.0285738	135.539
-19.448	-1.77701	137.088
35.5613	32.1026	166.615
31.8247	-28.1371	183.349
-22.7684	45.0147	170.815
46.9028	19.9663	162.344
-9.95071	23.335	203.201
-18.1328	-39.6339	209.168
35.81	-21.3631	190.373
16.242	19.8213	155.47
-4.25538	2.13092	192.594
10.4908	24.1484	171.56
10.9302	39.8823	187.034
15.071	29.2614	135.222
4.93117	-6.53044	202.576
-21.945	14.5826	178.142
43.0314	42.2784	152.336
-12.96	30.0799	175.007
41.3207	13.2684	186.272
-20.082	-32.4519	197.575
17.1616	-30.1079	206.719
36.9629	-7.25893	187.374
1.22408	-28.3481	165.959
40.1231	46.3039	138.414
23.7722	37.1588	158.649
-11.5844	-12.7461	144.3
10.4664	8.84173	193.21
-1.64088	36.7243	179.646
30.1325	-25.05	199.999
15.0643	-3.50998	192.612
10.7923	-18.0293	190.628
29.1242	11.2963	148.067
-19.8734	-21.5268	179.139
-28.7533	36.008	186.507
19.3955	-27.6299	138.873
29.9479	27.1111	218.094
-14.1215	27.497	192.753
26.0376	1.55997	160.431
43.8583	13.2495	204.108
16.8447	12.0041	181.487
24.3791	26.1533	151.336
-38.4033	33.2255	190.385
-19.4219	-5.28127	148.402
31.8685	-9.57509	219.459
-18.4213	7.20996	220.419
54.1314	9.25273	142.713
32.7216	10.0179	160.914
35.0057	37.6564	167.042
4.8774	37.8522	209.975
16.5609	1.46149	139.219
36.3996	2.05938	139.049
-19.2573	-2.66654	140.597
33.9194	34.0761	170.955
33.3479	-26.263	188.056
-25.0035	43.9197	175.235
45.8781	22.5463	166.57
-11.0525	22.9703	208.44
-15.9262	-40.3372	214.493
36.9771	-19.2828	195.271
15.2634	20.7892	159.497
-4.26117	2.0832	197.544
9.30208	24.8241	176.001
8.92573	40.5741	191.889
13.5896	30.1366	138.738
5.37102	-6.07613	207.781
-22.5854	13.5783	182.721
40.8396	44.6165	156.324
-14.425	29.5225	179.527
40.6663	15.587	191.103
-18.2544	-33.2776	202.608
18.8201	-28.9775	212.015
37.3889	-5.13993	192.21
2.7914	-28.0925	170.198
37.7174	48.4713	142.047
21.8779	38.5007	162.781
-10.8269	-13.2024	147.989
10.0897	9.5567	198.194
-3.46667	36.7551	184.299
31.5051	-23.2532	205.137
15.3271	-2.53818	197.571
11.8195	-17.2636	195.518
28.57	12.9435	151.905
-18.6271	-22.3732	183.709
-30.5009	34.6262	191.317
20.8863	-26.4486	142.43
29.9479	27.1111	218.094
-14.1215	27.497	192.753
26.0376	1.55997	160.431
43.8583	13.2495	204.108
16.8447	12.0041	181.487
24.3791	26.1533	151.336
-38.4033	33.2255	190.385
-19.4219	-5.28127	148.402
31.8685	-9.57509	219.459
-18.4213	7.20996	220.419
54.1314	9.25273	142.713
32.7216	10.0179	160.914
35.0057	37.6564	167.042
4.8774	37.8522	209.975
16.5609	1.46149	139.219
36.3996	2.05938	139.049
-19.2573	-2.66654	140.597
33.9194	34.0761	170.955
33.3479	-26.263	188.056
-25.0035	43.9197	175.235
45.8781	22.5463	166.57
-11.0525	22.9703	208.44
-15.9262	-40.3372	214.493
36.9771	-19.2828	195.271
15.2634	20.7892	159.497
-4.26117	2.0832	197.544
9.30208	24.8241	176.001
8.92573	40.5741	191.889
13.5896	30.1366	138.738
5.37102	-6.07613	207.781
-22.5854	13.5783	182.721
40.8396	44.6165	156.324
-14.425	29.5225	179.527
40.6663	15.587	191.103
-18.2544	-33.2776	202.608
18.8201	-28.9775	212.015
37.3889	-5.13993	192.21
2.7914	-28.0925	170.198
37.7174	48.4713	142.047
21.8779	38.5007	162.781
-10.8269	-13.2024	147.989
10.0897	9.5567	198.194
-3.46667	36.7551	184.299
31.5051	-23.2532	205.137
15.3271	-2.53818	197.571
11.8195	-17.2636	195.518
28.57	12.9435	151.905
-18.6271	-22.3732	183.709
-30.5009	34.6262	191.317
20.8863	-26.4486	142.43
29.9479	27.1111	218.094
-14.1215	27.497	192.753
26.0376	1.55997	160.431
43.8583	13.2495	204.108
16.8447	12.0041	181.487
24.3791	26.1533	151.336
-38.4033	33.2255	190.385
-19.4219	-5.28127	148.402
31.8685	-9.57509	219.459
-18.4213	7.20996	220.419
54.1314	9.25273	142.713
32.7216	10.0179	160.914
35.0057	37.6564	167.042
4.8774	37.8522	209.975
16.5609	1.46149	139.219
36.3996	2.05938	139.049
-19.2573	-2.66654	140.597
33.9194	34.0761	170.955
33.3479	-26.263	188.056
-25.0035	43.9197	175.235
45.8781	22.5463	166.57
-11.0525	22.9703	208.44
-15.9262	-40.3372	214.493
36.9771	-19.2828	195.271
15.2634	20.7892	159.497
-4.26117	2.0832	197.544
9.30208	24.8241	176.001
8.92573	40.5741	191.889
13.5896	30.1366	138.738
5.37102	-6.07613	207.781
-22.5854	13.5783	182.721
40.8396	44.6165	156.324
-14.425	29.5225	179.527
40.6663	15.587	191.103
-18.2544	-33.2776	202.608
18.8201	-28.9775	212.015
37.3889	-5.13993	192.21
2.7914	-28.0925	170.198
37.7174	48.4713	142.047
21.8779	38.5007	162.781
-10.8269	-13.2024	147.989
10.0897	9.5567	198.194
-3.46667	36.7551	184.299
31.5051	-23.2532	205.137
15.3271	-2.53818	197.571
11.8195	-17.2636	195.518
28.57	12.9435	151.905
-18.6271	-22.3732	183.709
-30.5009	34.6262	191.317
20.8863	-26.4486	142.43
