435.24	252.432
355.774	263.331
437.903	209.488
462.373	228.825
414.956	231.851
439.385	270.247
309.276	277.349
326.343	198.829
435.158	189.505
351.342	222.819
518.358	225.823
454.323	228.294
460.085	288.63
393.369	275.297
419.02	210.85
472.734	209.503
323.461	205.203
455.868	279.206
443.315	152.701
331.329	304.05
483.2	254.061
363.607	250.934
349.61	140.057
449.185	167.873
415.164	255.747
372.426	213.399
401.056	260.432
401.377	286.38
415.066	287.852
389.961	197.499
334.95	239.172
479.16	309.736
352.601	271.52
460.95	235.141
343.48	149.447
411.647	155.694
452.232	194.932
380.654	146.871
479.816	330.097
431.877	294.108
346.446	177.576
400.244	225.944
376.405	283.195
436.091	163.091
408.954	202.591
400.875	174.645
447.977	237.225
338.835	165.747
324.915	278.951
426.05	136.307
435.24	252.432
355.774	263.331
437.903	209.488
462.373	228.825
414.956	231.851
439.385	270.247
309.276	277.349
326.343	198.829
435.158	189.505
351.342	222.819
518.358	225.823
454.323	228.294
460.085	288.63
393.369	275.297
419.02	210.85
472.734	209.503
323.461	205.203
455.868	279.206
443.315	152.701
331.329	304.05
483.2	254.061
363.607	250.934
349.61	140.057
449.185	167.873
415.164	255.747
372.426	213.399
401.056	260.432
401.377	286.38
415.066	287.852
389.961	197.499
334.95	239.172
479.16	309.736
352.601	271.52
460.95	235.141
343.48	149.447
411.647	155.694
452.232	194.932
380.654	146.871
479.816	330.097
431.877	294.108
346.446	177.576
400.244	225.944
376.405	283.195
436.091	163.091
408.954	202.591
400.875	174.645
447.977	237.225
338.835	165.747
324.915	278.951
426.05	136.307
432.857	255.166
352.973	261.987
437.778	212.685
461.169	233.072
413.7	233.702
436.066	273.444
305.804	273.567
326.933	196.259
436.08	192.347
350.65	221.215
517.164	233.309
453.172	232.311
455.742	292.763
389.878	275.824
418.865	213.193
472.533	214.666
323.725	202.53
452.032	283.128
446.163	156.129
326.452	301.424
480.614	259.495
361.437	249.966
353.227	138.448
451.222	171.564
412.66	257.669
372.202	212.988
398.332	261.524
397.294	287.361
410.886	289.823
390.542	197.994
333.431	236.823
473.65	314.85
349.38	270.049
459.417	239.349
346.614	147.551
414.385	157.36
452.838	198.756
383.899	147.077
473.233	335.266
427.322	296.784
348.125	176.084
399.322	226.968
372.538	282.916
438.403	166.062
409.24	204.111
402.637	175.784
446.373	240.945
341.127	163.672
321.343	275.976
429.797	139.088
432.857	255.166
352.973	261.987
437.778	212.685
461.169	233.072
413.7	233.702
436.066	273.444
305.804	273.567
326.933	196.259
436.08	192.347
350.65	221.215
517.164	233.309
453.172	232.311
455.742	292.763
389.878	275.824
418.865	213.193
472.533	214.666
323.725	202.53
452.032	283.128
446.163	156.129
326.452	301.424
480.614	259.495
361.437	249.966
353.227	138.448
451.222	171.564
412.66	257.669
372.202	212.988
398.332	261.524
397.294	287.361
410.886	289.823
390.542	197.994
333.431	236.823
473.65	314.85
349.38	270.049
459.417	239.349
346.614	147.551
414.385	157.36
452.838	198.756
383.899	147.077
473.233	335.266
427.322	296.784
348.125	176.084
399.322	226.968
372.538	282.916
438.403	166.062
409.24	204.111
402.637	175.784
446.373	240.945
341.127	163.672
321.343	275.976
429.797	139.088
432.857	255.166
352.973	261.987
437.778	212.685
461.169	233.072
413.7	233.702
436.066	273.444
305.804	273.567
326.933	196.259
436.08	192.347
350.65	221.215
517.164	233.309
453.172	232.311
455.742	292.763
389.878	275.824
418.865	213.193
472.533	214.666
323.725	202.53
452.032	283.128
446.163	156.129
326.452	301.424
480.614	259.495
361.437	249.966
353.227	138.448
451.222	171.564
412.66	257.669
372.202	212.988
398.332	261.524
397.294	287.361
410.886	289.823
390.542	197.994
333.431	236.823
473.65	314.85
349.38	270.049
459.417	239.349
346.614	147.551
414.385	157.36
452.838	198.756
383.899	147.077
473.233	335.266
427.322	296.784
348.125	176.084
399.322	226.968
372.538	282.916
438.403	166.062
409.24	204.111
402.637	175.784
446.373	240.945
341.127	163.672
321.343	275.976
429.797	139.088
