412.249	1260.42	4443.26
-528.24	198.483	5460.56
663.672	-256.139	5232.35
-459.815	637.203	4607
-335.74	-904.049	4238.91
512.556	-230.702	4694.29
-41.9399	547.246	4439.08
1052.84	-529.309	4324.19
56.9286	455.896	4876.24
547.416	833.734	3796.18
-303.912	480.075	5502.87
907.045	571.481	4562.06
-305.436	-283.811	5365.3
-41.0448	262.516	4601.6
570.306	516.634	3643.75
1383.65	-687.796	4876.08
-169.164	-96.7707	3345.97
220.227	-52.7562	4860.18
-319.135	-201.334	4445.2
758.785	1055.36	5479.43
-131.659	-764.93	5143.7
-364.978	487.352	3935.32
265.969	925.151	4659.41
-372.872	650.362	4184.5
78.3398	-403.744	4583.54
1132.09	84.199	4274.46
760.719	-208.097	5335.06
-61.8405	-288.201	3816.89
-946.798	980.453	4665.05
75.9664	-72.7265	4382.28
1241.98	385.008	4762.88
-358.857	534.448	4374.43
-92.5431	1181.59	4476.54
946.039	838.241	4579.5
1059.39	-275.38	4627.43
495.9	-281.25	5413.06
1229.87	-94.2853	5419.15
1043.17	206.931	4964.52
43.7274	-173.342	4402.42
75.5873	-85.3984	3897.97
-888.429	52.3979	5197.26
852.319	394.541	5310.01
742.047	-731.48	5253.38
793.725	428.95	3430.36
1417.56	-611.937	3867.37
172.851	-328.276	4669.17
-210.98	-482.729	3695.56
-18.2823	-731.565	3658.02
1062	580.771	4621.2
156.023	307.384	4125.76
412.249	1260.42	4443.26
-528.24	198.483	5460.56
663.672	-256.139	5232.35
-459.815	637.203	4607
-335.74	-904.049	4238.91
512.556	-230.702	4694.29
-41.9399	547.246	4439.08
1052.84	-529.309	4324.19
56.9286	455.896	4876.24
547.416	833.734	3796.18
-303.912	480.075	5502.87
907.045	571.481	4562.06
-305.436	-283.811	5365.3
-41.0448	262.516	4601.6
570.306	516.634	3643.75
1383.65	-687.796	4876.08
-169.164	-96.7707	3345.97
220.227	-52.7562	4860.18
-319.135	-201.334	4445.2
758.785	1055.36	5479.43
-131.659	-764.93	5143.7
-364.978	487.352	3935.32
265.969	925.151	4659.41
-372.872	650.362	4184.5
78.3398	-403.744	4583.54
1132.09	84.199	4274.46
760.719	-208.097	5335.06
-61.8405	-288.201	3816.89
-946.798	980.453	4665.05
75.9664	-72.7265	4382.28
1241.98	385.008	4762.88
-358.857	534.448	4374.43
-92.5431	1181.59	4476.54
946.039	838.241	4579.5
1059.39	-275.38	4627.43
495.9	-281.25	5413.06
1229.87	-94.2853	5419.15
1043.17	206.931	4964.52
43.7274	-173.342	4402.42
75.5873	-85.3984	3897.97
-888.429	52.3979	5197.26
852.319	394.541	5310.01
742.047	-731.48	5253.38
793.725	428.95	3430.36
1417.56	-611.937	3867.37
172.851	-328.276	4669.17
-210.98	-482.729	3695.56
-18.2823	-731.565	3658.02
1062	580.771	4621.2
156.023	307.384	4125.76
412.282	1260.52	4443.62
-528.284	198.5	5461.01
663.727	-256.16	5232.79
-459.853	637.256	4607.38
-335.769	-904.124	4239.26
512.598	-230.721	4694.67
-41.9438	547.292	4439.45
1052.92	-529.353	4324.55
56.9329	455.933	4876.64
547.461	833.803	3796.5
-303.937	480.115	5503.32
907.12	571.528	4562.44
-305.462	-283.834	5365.74
-41.0487	262.537	4601.98
570.353	516.676	3644.05
1383.76	-687.853	4876.48
-169.178	-96.7787	3346.25
220.244	-52.7606	4860.59
-319.162	-201.351	4445.56
758.848	1055.45	5479.88
-131.67	-764.994	5144.12
-365.008	487.392	3935.65
265.991	925.228	4659.79
-372.903	650.416	4184.84
78.3458	-403.777	4583.92
1132.19	84.2059	4274.82
760.782	-208.114	5335.5
-61.846	-288.224	3817.2
-946.877	980.535	4665.43
75.9723	-72.7325	4382.64
1242.08	385.04	4763.27
-358.887	534.492	4374.8
-92.5512	1181.69	4476.91
946.117	838.311	4579.88
1059.47	-275.403	4627.81
495.94	-281.274	5413.5
1229.97	-94.2931	5419.6
1043.26	206.948	4964.93
43.7306	-173.357	4402.78
75.5932	-85.4054	3898.29
-888.503	52.4023	5197.69
852.389	394.574	5310.44
742.108	-731.54	5253.82
793.791	428.985	3430.64
1417.68	-611.988	3867.69
172.865	-328.304	4669.55
-210.998	-482.769	3695.87
-18.2842	-731.625	3658.32
1062.09	580.819	4621.58
156.036	307.41	4126.1
412.3	1260.58	4443.81
-528.306	198.508	5461.25
663.755	-256.171	5233.01
-459.873	637.283	4607.58
-335.783	-904.162	4239.44
512.62	-230.73	4694.87
-41.9454	547.315	4439.64
1052.97	-529.375	4324.74
56.9355	455.953	4876.85
547.485	833.838	3796.66
-303.95	480.135	5503.56
907.159	571.552	4562.64
-305.475	-283.846	5365.97
-41.0502	262.548	4602.17
570.377	516.698	3644.21
1383.82	-687.883	4876.69
-169.185	-96.7828	3346.39
220.254	-52.7628	4860.79
-319.176	-201.359	4445.75
758.88	1055.49	5480.12
-131.676	-765.026	5144.34
-365.023	487.413	3935.82
266.002	925.267	4659.99
-372.919	650.444	4185.02
78.3493	-403.795	4584.12
1132.23	84.2095	4275
760.815	-208.123	5335.73
-61.8484	-288.237	3817.37
-946.917	980.576	4665.63
75.9757	-72.7356	4382.83
1242.14	385.056	4763.48
-358.903	534.515	4374.98
-92.5549	1181.74	4477.1
946.157	838.346	4580.07
1059.52	-275.414	4628.01
495.962	-281.286	5413.74
1230.03	-94.2971	5419.83
1043.3	206.957	4965.15
43.7326	-173.364	4402.97
75.5965	-85.4091	3898.46
-888.541	52.4045	5197.92
852.426	394.59	5310.67
742.139	-731.572	5254.04
793.825	429.003	3430.79
1417.74	-612.014	3867.86
172.873	-328.318	4669.75
-211.007	-482.79	3696.02
-18.2848	-731.657	3658.48
1062.13	580.844	4621.78
156.042	307.423	4126.28
412.316	1260.62	4443.98
-528.326	198.516	5461.46
663.781	-256.181	5233.21
-459.89	637.307	4607.75
-335.795	-904.197	4239.61
512.64	-230.739	4695.05
-41.9468	547.336	4439.81
1053.01	-529.396	4324.9
56.9379	455.97	4877.04
547.506	833.87	3796.81
-303.961	480.154	5503.77
907.193	571.574	4562.81
-305.486	-283.857	5366.18
-41.0516	262.559	4602.35
570.399	516.718	3644.35
1383.87	-687.909	4876.88
-169.192	-96.7865	3346.52
220.262	-52.7648	4860.98
-319.188	-201.367	4445.92
758.909	1055.54	5480.33
-131.68	-765.055	5144.54
-365.037	487.431	3935.97
266.013	925.303	4660.17
-372.933	650.468	4185.18
78.3525	-403.81	4584.29
1132.28	84.2128	4275.16
760.844	-208.131	5335.93
-61.8506	-288.248	3817.51
-946.953	980.614	4665.81
75.9788	-72.7383	4383
1242.18	385.071	4763.66
-358.916	534.535	4375.15
-92.5583	1181.78	4477.27
946.194	838.378	4580.25
1059.56	-275.425	4628.18
495.981	-281.296	5413.94
1230.07	-94.3007	5420.04
1043.34	206.965	4965.33
43.7345	-173.371	4403.14
75.5996	-85.4123	3898.61
-888.574	52.4065	5198.12
852.458	394.605	5310.87
742.168	-731.599	5254.24
793.855	429.02	3430.92
1417.79	-612.037	3868.01
172.88	-328.33	4669.93
-211.014	-482.808	3696.17
-18.2853	-731.684	3658.62
1062.17	580.866	4621.96
156.049	307.435	4126.43
