400.304	1222.69	4308.48
-511.74	192.941	5295.43
644.355	-248.07	5074.9
-445.434	618.347	4467.41
-325.246	-876.654	4111.47
497.701	-223.431	4552.96
-40.1854	531.107	4304.76
1021.83	-513.169	4194.35
55.752	442.55	4728.79
531.352	808.904	3681.31
-294.147	466.04	5336.29
880.285	554.641	4424.3
-295.689	-274.868	5203.51
-39.3058	254.976	4462.54
553.558	501.369	3533.66
1342.87	-666.913	4729.89
-163.722	-93.6011	3245.03
214.143	-50.7983	4713.63
-309.072	-194.936	4311.1
736.526	1023.96	5313.51
-127.171	-741.626	4989
-353.543	472.977	3816.2
258.469	897.605	4518.24
-361.16	631.077	4057.72
76.4826	-391.287	4445.54
1098.62	81.9884	4145.74
738.507	-201.461	5174.51
-59.5758	-279.256	3701.87
-917.634	951.172	4523.3
74.1605	-70.2035	4250.11
1205.23	373.803	4619.28
-347.555	518.683	4241.97
-89.2406	1146.23	4340.65
918.077	813.351	4441.04
1028.18	-266.796	4488.3
481.622	-272.409	5250.1
1193.63	-91.0611	5256.14
1012.42	201.091	4814.9
42.8902	-167.798	4269.69
73.7401	-82.5326	3780.41
-861.113	51.2391	5040.07
827.301	383.088	5149.78
720.431	-709.225	5095.68
770.257	416.314	3326.82
1375.66	-593.394	3751.4
168.171	-318.074	4528.55
-204.261	-467.964	3584.26
-17.3499	-709.381	3548.02
1030.6	563.659	4481.69
151.784	298.458	4001.12
400.304	1222.69	4308.48
-511.74	192.941	5295.43
644.355	-248.07	5074.9
-445.434	618.347	4467.41
-325.246	-876.654	4111.47
497.701	-223.431	4552.96
-40.1854	531.107	4304.76
1021.83	-513.169	4194.35
55.752	442.55	4728.79
531.352	808.904	3681.31
-294.147	466.04	5336.29
880.285	554.641	4424.3
-295.689	-274.868	5203.51
-39.3058	254.976	4462.54
553.558	501.369	3533.66
1342.87	-666.913	4729.89
-163.722	-93.6011	3245.03
214.143	-50.7983	4713.63
-309.072	-194.936	4311.1
736.526	1023.96	5313.51
-127.171	-741.626	4989
-353.543	472.977	3816.2
258.469	897.605	4518.24
-361.16	631.077	4057.72
76.4826	-391.287	4445.54
1098.62	81.9884	4145.74
738.507	-201.461	5174.51
-59.5758	-279.256	3701.87
-917.634	951.172	4523.3
74.1605	-70.2035	4250.11
1205.23	373.803	4619.28
-347.555	518.683	4241.97
-89.2406	1146.23	4340.65
918.077	813.351	4441.04
1028.18	-266.796	4488.3
481.622	-272.409	5250.1
1193.63	-91.0611	5256.14
1012.42	201.091	4814.9
42.8902	-167.798	4269.69
73.7401	-82.5326	3780.41
-861.113	51.2391	5040.07
827.301	383.088	5149.78
720.431	-709.225	5095.68
770.257	416.314	3326.82
1375.66	-593.394	3751.4
168.171	-318.074	4528.55
-204.261	-467.964	3584.26
-17.3499	-709.381	3548.02
1030.6	563.659	4481.69
151.784	298.458	4001.12
400.304	1222.69	4308.48
-511.74	192.941	5295.43
644.355	-248.07	5074.9
-445.434	618.347	4467.41
-325.246	-876.654	4111.47
497.701	-223.431	4552.96
-40.1854	531.107	4304.76
1021.83	-513.169	4194.35
55.752	442.55	4728.79
531.352	808.904	3681.31
-294.147	466.04	5336.29
880.285	554.641	4424.3
-295.689	-274.868	5203.51
-39.3058	254.976	4462.54
553.558	501.369	3533.66
1342.87	-666.913	4729.89
-163.722	-93.6011	3245.03
214.143	-50.7983	4713.63
-309.072	-194.936	4311.1
736.526	1023.96	5313.51
-127.171	-741.626	4989
-353.543	472.977	3816.2
258.469	897.605	4518.24
-361.16	631.077	4057.72
76.4826	-391.287	4445.54
1098.62	81.9884	4145.74
738.507	-201.461	5174.51
-59.5758	-279.256	3701.87
-917.634	951.172	4523.3
74.1605	-70.2035	4250.11
1205.23	373.803	4619.28
-347.555	518.683	4241.97
-89.2406	1146.23	4340.65
918.077	813.351	4441.04
1028.18	-266.796	4488.3
481.622	-272.409	5250.1
1193.63	-91.0611	5256.14
1012.42	201.091	4814.9
42.8902	-167.798	4269.69
73.7401	-82.5326	3780.41
-861.113	51.2391	5040.07
827.301	383.088	5149.78
720.431	-709.225	5095.68
770.257	416.314	3326.82
1375.66	-593.394	3751.4
168.171	-318.074	4528.55
-204.261	-467.964	3584.26
-17.3499	-709.381	3548.02
1030.6	563.659	4481.69
151.784	298.458	4001.12
400.304	1222.69	4308.48
-511.74	192.941	5295.43
644.355	-248.07	5074.9
-445.434	618.347	4467.41
-325.246	-876.654	4111.47
497.701	-223.431	4552.96
-40.1854	531.107	4304.76
1021.83	-513.169	4194.35
55.752	442.55	4728.79
531.352	808.904	3681.31
-294.147	466.04	5336.29
880.285	554.641	4424.3
-295.689	-274.868	5203.51
-39.3058	254.976	4462.54
553.558	501.369	3533.66
1342.87	-666.913	4729.89
-163.722	-93.6011	3245.03
214.143	-50.7983	4713.63
-309.072	-194.936	4311.1
736.526	1023.96	5313.51
-127.171	-741.626	4989
-353.543	472.977	3816.2
258.469	897.605	4518.24
-361.16	631.077	4057.72
76.4826	-391.287	4445.54
1098.62	81.9884	4145.74
738.507	-201.461	5174.51
-59.5758	-279.256	3701.87
-917.634	951.172	4523.3
74.1605	-70.2035	4250.11
1205.23	373.803	4619.28
-347.555	518.683	4241.97
-89.2406	1146.23	4340.65
918.077	813.351	4441.04
1028.18	-266.796	4488.3
481.622	-272.409	5250.1
1193.63	-91.0611	5256.14
1012.42	201.091	4814.9
42.8902	-167.798	4269.69
73.7401	-82.5326	3780.41
-861.113	51.2391	5040.07
827.301	383.088	5149.78
720.431	-709.225	5095.68
770.257	416.314	3326.82
1375.66	-593.394	3751.4
168.171	-318.074	4528.55
-204.261	-467.964	3584.26
-17.3499	-709.381	3548.02
1030.6	563.659	4481.69
151.784	298.458	4001.12
400.304	1222.69	4308.48
-511.74	192.941	5295.43
644.355	-248.07	5074.9
-445.434	618.347	4467.41
-325.246	-876.654	4111.47
497.701	-223.431	4552.96
-40.1854	531.107	4304.76
1021.83	-513.169	4194.35
55.752	442.55	4728.79
531.352	808.904	3681.31
-294.147	466.04	5336.29
880.285	554.641	4424.3
-295.689	-274.868	5203.51
-39.3058	254.976	4462.54
553.558	501.369	3533.66
1342.87	-666.913	4729.89
-163.722	-93.6011	3245.03
214.143	-50.7983	4713.63
-309.072	-194.936	4311.1
736.526	1023.96	5313.51
-127.171	-741.626	4989
-353.543	472.977	3816.2
258.469	897.605	4518.24
-361.16	631.077	4057.72
76.4826	-391.287	4445.54
1098.62	81.9884	4145.74
738.507	-201.461	5174.51
-59.5758	-279.256	3701.87
-917.634	951.172	4523.3
74.1605	-70.2035	4250.11
1205.23	373.803	4619.28
-347.555	518.683	4241.97
-89.2406	1146.23	4340.65
918.077	813.351	4441.04
1028.18	-266.796	4488.3
481.622	-272.409	5250.1
1193.63	-91.0611	5256.14
1012.42	201.091	4814.9
42.8902	-167.798	4269.69
73.7401	-82.5326	3780.41
-861.113	51.2391	5040.07
827.301	383.088	5149.78
720.431	-709.225	5095.68
770.257	416.314	3326.82
1375.66	-593.394	3751.4
168.171	-318.074	4528.55
-204.261	-467.964	3584.26
-17.3499	-709.381	3548.02
1030.6	563.659	4481.69
151.784	298.458	4001.12
