377.632	1153.45	4064.46
-482.915	182.073	4997.15
607.85	-234.016	4787.39
-420.331	583.499	4215.64
-306.926	-827.274	3879.88
469.528	-210.783	4295.23
-37.9161	501.114	4061.66
963.845	-484.048	3956.33
52.6019	417.545	4461.6
501.251	763.079	3472.76
-277.556	439.754	5035.3
830.326	523.164	4173.21
-279.021	-259.374	4910.19
-37.0864	240.579	4210.57
522.203	472.97	3333.5
1266.54	-629.005	4461.04
-154.487	-88.3218	3062
202.037	-47.9267	4447.17
-291.652	-183.949	4068.11
694.738	965.867	5012.04
-119.999	-699.799	4707.63
-333.613	446.314	3601.07
243.845	846.82	4262.61
-340.798	595.497	3828.95
72.1635	-369.19	4194.49
1036.23	77.332	3910.29
696.645	-190.041	4881.19
-56.214	-263.498	3492.97
-866.037	897.689	4268.96
69.9717	-66.2382	4010.06
1136.72	352.554	4356.71
-327.96	489.439	4002.81
-84.2	1081.49	4095.47
865.955	767.175	4188.9
969.82	-251.652	4233.54
454.36	-256.99	4952.92
1125.8	-85.8865	4957.44
954.934	189.673	4541.51
40.4683	-158.323	4028.59
69.5755	-77.8714	3566.91
-812.706	48.3587	4756.75
780.363	361.353	4857.6
679.613	-669.042	4806.97
726.582	392.709	3138.18
1297.45	-559.661	3538.15
158.669	-300.102	4272.67
-192.745	-441.582	3382.19
-16.371	-669.357	3347.84
972.061	531.644	4227.14
143.206	281.59	3774.99
377.632	1153.45	4064.46
-482.915	182.073	4997.15
607.85	-234.016	4787.39
-420.331	583.499	4215.64
-306.926	-827.274	3879.88
469.528	-210.783	4295.23
-37.9161	501.114	4061.66
963.845	-484.048	3956.33
52.6019	417.545	4461.6
501.251	763.079	3472.76
-277.556	439.754	5035.3
830.326	523.164	4173.21
-279.021	-259.374	4910.19
-37.0864	240.579	4210.57
522.203	472.97	3333.5
1266.54	-629.005	4461.04
-154.487	-88.3218	3062
202.037	-47.9267	4447.17
-291.652	-183.949	4068.11
694.738	965.867	5012.04
-119.999	-699.799	4707.63
-333.613	446.314	3601.07
243.845	846.82	4262.61
-340.798	595.497	3828.95
72.1635	-369.19	4194.49
1036.23	77.332	3910.29
696.645	-190.041	4881.19
-56.214	-263.498	3492.97
-866.037	897.689	4268.96
69.9717	-66.2382	4010.06
1136.72	352.554	4356.71
-327.96	489.439	4002.81
-84.2	1081.49	4095.47
865.955	767.175	4188.9
969.82	-251.652	4233.54
454.36	-256.99	4952.92
1125.8	-85.8865	4957.44
954.934	189.673	4541.51
40.4683	-158.323	4028.59
69.5755	-77.8714	3566.91
-812.706	48.3587	4756.75
780.363	361.353	4857.6
679.613	-669.042	4806.97
726.582	392.709	3138.18
1297.45	-559.661	3538.15
158.669	-300.102	4272.67
-192.745	-441.582	3382.19
-16.371	-669.357	3347.84
972.061	531.644	4227.14
143.206	281.59	3774.99
377.632	1153.45	4064.46
-482.915	182.073	4997.15
607.85	-234.016	4787.39
-420.331	583.499	4215.64
-306.926	-827.274	3879.88
469.528	-210.783	4295.23
-37.9161	501.114	4061.66
963.845	-484.048	3956.33
52.6019	417.545	4461.6
501.251	763.079	3472.76
-277.556	439.754	5035.3
830.326	523.164	4173.21
-279.021	-259.374	4910.19
-37.0864	240.579	4210.57
522.203	472.97	3333.5
1266.54	-629.005	4461.04
-154.487	-88.3218	3062
202.037	-47.9267	4447.17
-291.652	-183.949	4068.11
694.738	965.867	5012.04
-119.999	-699.799	4707.63
-333.613	446.314	3601.07
243.845	846.82	4262.61
-340.798	595.497	3828.95
72.1635	-369.19	4194.49
1036.23	77.332	3910.29
696.645	-190.041	4881.19
-56.214	-263.498	3492.97
-866.037	897.689	4268.96
69.9717	-66.2382	4010.06
1136.72	352.554	4356.71
-327.96	489.439	4002.81
-84.2	1081.49	4095.47
865.955	767.175	4188.9
969.82	-251.652	4233.54
454.36	-256.99	4952.92
1125.8	-85.8865	4957.44
954.934	189.673	4541.51
40.4683	-158.323	4028.59
69.5755	-77.8714	3566.91
-812.706	48.3587	4756.75
780.363	361.353	4857.6
679.613	-669.042	4806.97
726.582	392.709	3138.18
1297.45	-559.661	3538.15
158.669	-300.102	4272.67
-192.745	-441.582	3382.19
-16.371	-669.357	3347.84
972.061	531.644	4227.14
143.206	281.59	3774.99
377.632	1153.45	4064.46
-482.915	182.073	4997.15
607.85	-234.016	4787.39
-420.331	583.499	4215.64
-306.926	-827.274	3879.88
469.528	-210.783	4295.23
-37.9161	501.114	4061.66
963.845	-484.048	3956.33
52.6019	417.545	4461.6
501.251	763.079	3472.76
-277.556	439.754	5035.3
830.326	523.164	4173.21
-279.021	-259.374	4910.19
-37.0864	240.579	4210.57
522.203	472.97	3333.5
1266.54	-629.005	4461.04
-154.487	-88.3218	3062
202.037	-47.9267	4447.17
-291.652	-183.949	4068.11
694.738	965.867	5012.04
-119.999	-699.799	4707.63
-333.613	446.314	3601.07
243.845	846.82	4262.61
-340.798	595.497	3828.95
72.1635	-369.19	4194.49
1036.23	77.332	3910.29
696.645	-190.041	4881.19
-56.214	-263.498	3492.97
-866.037	897.689	4268.96
69.9717	-66.2382	4010.06
1136.72	352.554	4356.71
-327.96	489.439	4002.81
-84.2	1081.49	4095.47
865.955	767.175	4188.9
969.82	-251.652	4233.54
454.36	-256.99	4952.92
1125.8	-85.8865	4957.44
954.934	189.673	4541.51
40.4683	-158.323	4028.59
69.5755	-77.8714	3566.91
-812.706	48.3587	4756.75
780.363	361.353	4857.6
679.613	-669.042	4806.97
726.582	392.709	3138.18
1297.45	-559.661	3538.15
158.669	-300.102	4272.67
-192.745	-441.582	3382.19
-16.371	-669.357	3347.84
972.061	531.644	4227.14
143.206	281.59	3774.99
377.632	1153.45	4064.46
-482.915	182.073	4997.15
607.85	-234.016	4787.39
-420.331	583.499	4215.64
-306.926	-827.274	3879.88
469.528	-210.783	4295.23
-37.9161	501.114	4061.66
963.845	-484.048	3956.33
52.6019	417.545	4461.6
501.251	763.079	3472.76
-277.556	439.754	5035.3
830.326	523.164	4173.21
-279.021	-259.374	4910.19
-37.0864	240.579	4210.57
522.203	472.97	3333.5
1266.54	-629.005	4461.04
-154.487	-88.3218	3062
202.037	-47.9267	4447.17
-291.652	-183.949	4068.11
694.738	965.867	5012.04
-119.999	-699.799	4707.63
-333.613	446.314	3601.07
243.845	846.82	4262.61
-340.798	595.497	3828.95
72.1635	-369.19	4194.49
1036.23	77.332	3910.29
696.645	-190.041	4881.19
-56.214	-263.498	3492.97
-866.037	897.689	4268.96
69.9717	-66.2382	4010.06
1136.72	352.554	4356.71
-327.96	489.439	4002.81
-84.2	1081.49	4095.47
865.955	767.175	4188.9
969.82	-251.652	4233.54
454.36	-256.99	4952.92
1125.8	-85.8865	4957.44
954.934	189.673	4541.51
40.4683	-158.323	4028.59
69.5755	-77.8714	3566.91
-812.706	48.3587	4756.75
780.363	361.353	4857.6
679.613	-669.042	4806.97
726.582	392.709	3138.18
1297.45	-559.661	3538.15
158.669	-300.102	4272.67
-192.745	-441.582	3382.19
-16.371	-669.357	3347.84
972.061	531.644	4227.14
143.206	281.59	3774.99
