377.195	1153.28	4065.52
-483.381	181.627	4996.36
607.219	-234.375	4787.54
-420.758	583.056	4215.36
-307.25	-827.198	3878.55
468.952	-211.098	4295.22
-38.4003	500.737	4061.7
963.309	-484.333	3956.58
52.0599	417.15	4461.7
500.873	762.864	3473.46
-278.114	439.279	5035.05
829.925	522.897	4174.23
-279.522	-259.679	4909.2
-37.5868	240.207	4210.4
521.812	472.716	3333.98
1265.99	-629.355	4461.54
-154.813	-88.5399	3061.53
201.47	-48.2715	4447
-292.048	-184.212	4067.3
694.267	965.653	5013.61
-120.52	-699.906	4706.41
-333.978	445.938	3600.77
243.342	846.516	4263.3
-341.2	595.092	3828.76
71.6393	-369.425	4193.89
1035.84	77.0276	3911.07
696.017	-190.417	4881.51
-56.6184	-263.7	3492.41
-866.345	897.14	4268.48
69.4748	-66.5424	4009.73
1136.39	352.267	4357.97
-328.38	489.031	4002.55
-84.6926	1081.16	4095.98
865.607	766.982	4190.18
969.303	-251.987	4234.03
453.703	-257.348	4952.87
1125.29	-86.2866	4958.44
954.47	189.33	4542.47
39.974	-158.606	4028.16
69.1313	-78.1376	3566.59
-812.954	47.9632	4755.43
779.84	360.997	4858.58
678.923	-669.315	4806.78
726.243	392.481	3138.74
1297.03	-559.944	3538.59
158.118	-300.373	4272.23
-193.084	-441.693	3381.4
-16.7684	-669.38	3347.04
971.709	531.395	4228.34
142.735	281.259	3775.02
