388.753	1187.41	4184.16
-497.126	187.431	5144.2
625.753	-240.908	4928.39
-432.7	600.67	4339.7
-315.959	-851.621	3994.06
483.356	-216.991	4421.73
-39.0322	515.865	4181.22
992.239	-498.308	4072.88
54.1505	429.837	4592.95
516.014	785.553	3575.04
-285.725	452.697	5183.51
854.787	538.576	4296.15
-287.233	-267.007	5054.7
-38.1781	247.661	4334.52
537.581	486.898	3431.67
1303.86	-647.541	4592.49
-159.035	-90.9214	3152.13
207.986	-49.3379	4578.11
-300.235	-189.363	4187.84
715.204	994.319	5159.69
-123.531	-720.396	4846.18
-343.431	459.449	3707.05
251.025	871.754	4388.12
-350.828	613.023	3941.63
74.2878	-380.059	4317.97
1066.76	79.6104	4025.5
717.165	-195.639	5024.97
-57.8687	-271.255	3595.79
-891.515	924.098	4394.55
72.0316	-68.1882	4128.11
1170.22	362.944	4485.09
-337.612	503.843	4120.61
-86.6786	1113.32	4216.03
891.467	789.777	4312.31
998.392	-259.066	4358.27
467.74	-264.558	5098.78
1158.98	-88.4174	5103.53
983.069	195.262	4675.32
41.6596	-162.984	4147.19
71.6237	-80.1638	3671.91
-836.614	49.7813	4896.68
803.351	371.998	5000.7
699.631	-688.748	4948.56
747.983	404.276	3230.61
1335.69	-576.153	3642.4
163.34	-308.938	4398.47
-198.418	-454.579	3481.74
-16.8529	-689.06	3446.38
1000.7	547.308	4351.69
147.422	289.881	3886.13
388.753	1187.41	4184.16
-497.126	187.431	5144.2
625.753	-240.908	4928.39
-432.7	600.67	4339.7
-315.959	-851.621	3994.06
483.356	-216.991	4421.73
-39.0322	515.865	4181.22
992.239	-498.308	4072.88
54.1505	429.837	4592.95
516.014	785.553	3575.04
-285.725	452.697	5183.51
854.787	538.576	4296.15
-287.233	-267.007	5054.7
-38.1781	247.661	4334.52
537.581	486.898	3431.67
1303.86	-647.541	4592.49
-159.035	-90.9214	3152.13
207.986	-49.3379	4578.11
-300.235	-189.363	4187.84
715.204	994.319	5159.69
-123.531	-720.396	4846.18
-343.431	459.449	3707.05
251.025	871.754	4388.12
-350.828	613.023	3941.63
74.2878	-380.059	4317.97
1066.76	79.6104	4025.5
717.165	-195.639	5024.97
-57.8687	-271.255	3595.79
-891.515	924.098	4394.55
72.0316	-68.1882	4128.11
1170.22	362.944	4485.09
-337.612	503.843	4120.61
-86.6786	1113.32	4216.03
891.467	789.777	4312.31
998.392	-259.066	4358.27
467.74	-264.558	5098.78
1158.98	-88.4174	5103.53
983.069	195.262	4675.32
41.6596	-162.984	4147.19
71.6237	-80.1638	3671.91
-836.614	49.7813	4896.68
803.351	371.998	5000.7
699.631	-688.748	4948.56
747.983	404.276	3230.61
1335.69	-576.153	3642.4
163.34	-308.938	4398.47
-198.418	-454.579	3481.74
-16.8529	-689.06	3446.38
1000.7	547.308	4351.69
147.422	289.881	3886.13
388.753	1187.41	4184.16
-497.126	187.431	5144.2
625.753	-240.908	4928.39
-432.7	600.67	4339.7
-315.959	-851.621	3994.06
483.356	-216.991	4421.73
-39.0322	515.865	4181.22
992.239	-498.308	4072.88
54.1505	429.837	4592.95
516.014	785.553	3575.04
-285.725	452.697	5183.51
854.787	538.576	4296.15
-287.233	-267.007	5054.7
-38.1781	247.661	4334.52
537.581	486.898	3431.67
1303.86	-647.541	4592.49
-159.035	-90.9214	3152.13
207.986	-49.3379	4578.11
-300.235	-189.363	4187.84
715.204	994.319	5159.69
-123.531	-720.396	4846.18
-343.431	459.449	3707.05
251.025	871.754	4388.12
-350.828	613.023	3941.63
74.2878	-380.059	4317.97
1066.76	79.6104	4025.5
717.165	-195.639	5024.97
-57.8687	-271.255	3595.79
-891.515	924.098	4394.55
72.0316	-68.1882	4128.11
1170.22	362.944	4485.09
-337.612	503.843	4120.61
-86.6786	1113.32	4216.03
891.467	789.777	4312.31
998.392	-259.066	4358.27
467.74	-264.558	5098.78
1158.98	-88.4174	5103.53
983.069	195.262	4675.32
41.6596	-162.984	4147.19
71.6237	-80.1638	3671.91
-836.614	49.7813	4896.68
803.351	371.998	5000.7
699.631	-688.748	4948.56
747.983	404.276	3230.61
1335.69	-576.153	3642.4
163.34	-308.938	4398.47
-198.418	-454.579	3481.74
-16.8529	-689.06	3446.38
1000.7	547.308	4351.69
147.422	289.881	3886.13
388.753	1187.41	4184.16
-497.126	187.431	5144.2
625.753	-240.908	4928.39
-432.7	600.67	4339.7
-315.959	-851.621	3994.06
483.356	-216.991	4421.73
-39.0322	515.865	4181.22
992.239	-498.308	4072.88
54.1505	429.837	4592.95
516.014	785.553	3575.04
-285.725	452.697	5183.51
854.787	538.576	4296.15
-287.233	-267.007	5054.7
-38.1781	247.661	4334.52
537.581	486.898	3431.67
1303.86	-647.541	4592.49
-159.035	-90.9214	3152.13
207.986	-49.3379	4578.11
-300.235	-189.363	4187.84
715.204	994.319	5159.69
-123.531	-720.396	4846.18
-343.431	459.449	3707.05
251.025	871.754	4388.12
-350.828	613.023	3941.63
74.2878	-380.059	4317.97
1066.76	79.6104	4025.5
717.165	-195.639	5024.97
-57.8687	-271.255	3595.79
-891.515	924.098	4394.55
72.0316	-68.1882	4128.11
1170.22	362.944	4485.09
-337.612	503.843	4120.61
-86.6786	1113.32	4216.03
891.467	789.777	4312.31
998.392	-259.066	4358.27
467.74	-264.558	5098.78
1158.98	-88.4174	5103.53
983.069	195.262	4675.32
41.6596	-162.984	4147.19
71.6237	-80.1638	3671.91
-836.614	49.7813	4896.68
803.351	371.998	5000.7
699.631	-688.748	4948.56
747.983	404.276	3230.61
1335.69	-576.153	3642.4
163.34	-308.938	4398.47
-198.418	-454.579	3481.74
-16.8529	-689.06	3446.38
1000.7	547.308	4351.69
147.422	289.881	3886.13
388.753	1187.41	4184.16
-497.126	187.431	5144.2
625.753	-240.908	4928.39
-432.7	600.67	4339.7
-315.959	-851.621	3994.06
483.356	-216.991	4421.73
-39.0322	515.865	4181.22
992.239	-498.308	4072.88
54.1505	429.837	4592.95
516.014	785.553	3575.04
-285.725	452.697	5183.51
854.787	538.576	4296.15
-287.233	-267.007	5054.7
-38.1781	247.661	4334.52
537.581	486.898	3431.67
1303.86	-647.541	4592.49
-159.035	-90.9214	3152.13
207.986	-49.3379	4578.11
-300.235	-189.363	4187.84
715.204	994.319	5159.69
-123.531	-720.396	4846.18
-343.431	459.449	3707.05
251.025	871.754	4388.12
-350.828	613.023	3941.63
74.2878	-380.059	4317.97
1066.76	79.6104	4025.5
717.165	-195.639	5024.97
-57.8687	-271.255	3595.79
-891.515	924.098	4394.55
72.0316	-68.1882	4128.11
1170.22	362.944	4485.09
-337.612	503.843	4120.61
-86.6786	1113.32	4216.03
891.467	789.777	4312.31
998.392	-259.066	4358.27
467.74	-264.558	5098.78
1158.98	-88.4174	5103.53
983.069	195.262	4675.32
41.6596	-162.984	4147.19
71.6237	-80.1638	3671.91
-836.614	49.7813	4896.68
803.351	371.998	5000.7
699.631	-688.748	4948.56
747.983	404.276	3230.61
1335.69	-576.153	3642.4
163.34	-308.938	4398.47
-198.418	-454.579	3481.74
-16.8529	-689.06	3446.38
1000.7	547.308	4351.69
147.422	289.881	3886.13
