557.815	-116.03	3614.94
2.17286	756.26	3489.08
-452.663	1172.34	3602.66
322.644	-740.724	4568.44
-498.266	-740.717	3833.1
-797.459	861.227	3468.93
-376.787	1028.01	4865.41
-279.407	-274.51	3476.08
-496.78	824.505	5246.51
1146.42	-409.968	3611.4
-472.574	156.21	3827.21
1047.15	224.676	3903.84
500.658	1337.39	3534.33
333.927	-64.1549	4580.45
-114.348	681.361	4845.03
819.452	677.177	3711.34
1053.27	373.393	5282.15
-112.334	-9.54962	4373.48
685.977	1217.44	4836.89
-120.634	-596.843	3706.72
-337.277	249.03	4792.84
1228.36	-464.641	3804.6
886.49	-138.676	4955.57
471.841	679.961	4440.54
-876.364	184.6	4785.55
-719.242	278.771	3711.9
-861.685	666.692	3983.68
592.557	715.233	4264.66
-501.772	-707.869	3077.68
-669.16	-80.9945	3590.76
-204.542	720.131	4878.01
283.18	517.662	4515
868.435	-460.168	3885.2
-863.616	1068.13	3350.07
-141.235	-143.007	3552.6
351.642	-666.699	3427.8
-529.985	796.412	4424.01
-467.234	-787.264	3285.98
-350.945	-728.497	3280.29
1086.5	991.281	4123.68
810.731	-459.752	4903.49
1183.92	-84.3769	3678.52
1100.23	853.06	3913.81
990.34	1288.27	3624.65
669.755	1249.92	4813.92
-338.002	847.945	4658.33
-334.785	518.871	5159.47
1201.39	-80.7536	3301.2
511.209	-57.5435	4176.36
815.029	117.328	4896.65
557.815	-116.03	3614.94
2.17286	756.26	3489.08
-452.663	1172.34	3602.66
322.644	-740.724	4568.44
-498.266	-740.717	3833.1
-797.459	861.227	3468.93
-376.787	1028.01	4865.41
-279.407	-274.51	3476.08
-496.78	824.505	5246.51
1146.42	-409.968	3611.4
-472.574	156.21	3827.21
1047.15	224.676	3903.84
500.658	1337.39	3534.33
333.927	-64.1549	4580.45
-114.348	681.361	4845.03
819.452	677.177	3711.34
1053.27	373.393	5282.15
-112.334	-9.54962	4373.48
685.977	1217.44	4836.89
-120.634	-596.843	3706.72
-337.277	249.03	4792.84
1228.36	-464.641	3804.6
886.49	-138.676	4955.57
471.841	679.961	4440.54
-876.364	184.6	4785.55
-719.242	278.771	3711.9
-861.685	666.692	3983.68
592.557	715.233	4264.66
-501.772	-707.869	3077.68
-669.16	-80.9945	3590.76
-204.542	720.131	4878.01
283.18	517.662	4515
868.435	-460.168	3885.2
-863.616	1068.13	3350.07
-141.235	-143.007	3552.6
351.642	-666.699	3427.8
-529.985	796.412	4424.01
-467.234	-787.264	3285.98
-350.945	-728.497	3280.29
1086.5	991.281	4123.68
810.731	-459.752	4903.49
1183.92	-84.3769	3678.52
1100.23	853.06	3913.81
990.34	1288.27	3624.65
669.755	1249.92	4813.92
-338.002	847.945	4658.33
-334.785	518.871	5159.47
1201.39	-80.7536	3301.2
511.209	-57.5435	4176.36
815.029	117.328	4896.65
557.815	-116.03	3614.94
2.17286	756.26	3489.08
-452.663	1172.34	3602.66
322.644	-740.724	4568.44
-498.266	-740.717	3833.1
-797.459	861.227	3468.93
-376.787	1028.01	4865.41
-279.407	-274.51	3476.08
-496.78	824.505	5246.51
1146.42	-409.968	3611.4
-472.574	156.21	3827.21
1047.15	224.676	3903.84
500.658	1337.39	3534.33
333.927	-64.1549	4580.45
-114.348	681.361	4845.03
819.452	677.177	3711.34
1053.27	373.393	5282.15
-112.334	-9.54962	4373.48
685.977	1217.44	4836.89
-120.634	-596.843	3706.72
-337.277	249.03	4792.84
1228.36	-464.641	3804.6
886.49	-138.676	4955.57
471.841	679.961	4440.54
-876.364	184.6	4785.55
-719.242	278.771	3711.9
-861.685	666.692	3983.68
592.557	715.233	4264.66
-501.772	-707.869	3077.68
-669.16	-80.9945	3590.76
-204.542	720.131	4878.01
283.18	517.662	4515
868.435	-460.168	3885.2
-863.616	1068.13	3350.07
-141.235	-143.007	3552.6
351.642	-666.699	3427.8
-529.985	796.412	4424.01
-467.234	-787.264	3285.98
-350.945	-728.497	3280.29
1086.5	991.281	4123.68
810.731	-459.752	4903.49
1183.92	-84.3769	3678.52
1100.23	853.06	3913.81
990.34	1288.27	3624.65
669.755	1249.92	4813.92
-338.002	847.945	4658.33
-334.785	518.871	5159.47
1201.39	-80.7536	3301.2
511.209	-57.5435	4176.36
815.029	117.328	4896.65
557.815	-116.03	3614.94
2.17286	756.26	3489.08
-452.663	1172.34	3602.66
322.644	-740.724	4568.44
-498.266	-740.717	3833.1
-797.459	861.227	3468.93
-376.787	1028.01	4865.41
-279.407	-274.51	3476.08
-496.78	824.505	5246.51
1146.42	-409.968	3611.4
-472.574	156.21	3827.21
1047.15	224.676	3903.84
500.658	1337.39	3534.33
333.927	-64.1549	4580.45
-114.348	681.361	4845.03
819.452	677.177	3711.34
1053.27	373.393	5282.15
-112.334	-9.54962	4373.48
685.977	1217.44	4836.89
-120.634	-596.843	3706.72
-337.277	249.03	4792.84
1228.36	-464.641	3804.6
886.49	-138.676	4955.57
471.841	679.961	4440.54
-876.364	184.6	4785.55
-719.242	278.771	3711.9
-861.685	666.692	3983.68
592.557	715.233	4264.66
-501.772	-707.869	3077.68
-669.16	-80.9945	3590.76
-204.542	720.131	4878.01
283.18	517.662	4515
868.435	-460.168	3885.2
-863.616	1068.13	3350.07
-141.235	-143.007	3552.6
351.642	-666.699	3427.8
-529.985	796.412	4424.01
-467.234	-787.264	3285.98
-350.945	-728.497	3280.29
1086.5	991.281	4123.68
810.731	-459.752	4903.49
1183.92	-84.3769	3678.52
1100.23	853.06	3913.81
990.34	1288.27	3624.65
669.755	1249.92	4813.92
-338.002	847.945	4658.33
-334.785	518.871	5159.47
1201.39	-80.7536	3301.2
511.209	-57.5435	4176.36
815.029	117.328	4896.65
557.815	-116.03	3614.94
2.17286	756.26	3489.08
-452.663	1172.34	3602.66
322.644	-740.724	4568.44
-498.266	-740.717	3833.1
-797.459	861.227	3468.93
-376.787	1028.01	4865.41
-279.407	-274.51	3476.08
-496.78	824.505	5246.51
1146.42	-409.968	3611.4
-472.574	156.21	3827.21
1047.15	224.676	3903.84
500.658	1337.39	3534.33
333.927	-64.1549	4580.45
-114.348	681.361	4845.03
819.452	677.177	3711.34
1053.27	373.393	5282.15
-112.334	-9.54962	4373.48
685.977	1217.44	4836.89
-120.634	-596.843	3706.72
-337.277	249.03	4792.84
1228.36	-464.641	3804.6
886.49	-138.676	4955.57
471.841	679.961	4440.54
-876.364	184.6	4785.55
-719.242	278.771	3711.9
-861.685	666.692	3983.68
592.557	715.233	4264.66
-501.772	-707.869	3077.68
-669.16	-80.9945	3590.76
-204.542	720.131	4878.01
283.18	517.662	4515
868.435	-460.168	3885.2
-863.616	1068.13	3350.07
-141.235	-143.007	3552.6
351.642	-666.699	3427.8
-529.985	796.412	4424.01
-467.234	-787.264	3285.98
-350.945	-728.497	3280.29
1086.5	991.281	4123.68
810.731	-459.752	4903.49
1183.92	-84.3769	3678.52
1100.23	853.06	3913.81
990.34	1288.27	3624.65
669.755	1249.92	4813.92
-338.002	847.945	4658.33
-334.785	518.871	5159.47
1201.39	-80.7536	3301.2
511.209	-57.5435	4176.36
815.029	117.328	4896.65
