556.615	-115.78	3607.16
2.16868	754.807	3482.38
-452.001	1170.63	3597.4
322.268	-739.859	4563.11
-498.494	-741.056	3834.86
-797.067	860.803	3467.22
-376.2	1026.41	4857.83
-279.299	-274.403	3474.73
-496.205	823.55	5240.43
1142.99	-408.742	3600.6
-472.357	156.139	3825.46
1043.56	223.905	3890.44
498.938	1332.8	3522.2
333.312	-64.0368	4572.01
-114.151	680.187	4836.69
816.649	674.862	3698.65
1049.39	372.018	5262.69
-112.219	-9.53982	4368.98
683.396	1212.86	4818.69
-120.586	-596.606	3705.25
-336.981	248.812	4788.64
1224.55	-463.197	3792.78
883.963	-138.281	4941.44
470.514	678.049	4428.05
-876.557	184.641	4786.6
-719.173	278.744	3711.54
-861.497	666.547	3982.81
590.742	713.042	4251.6
-502.016	-708.213	3079.18
-669.27	-81.0078	3591.35
-204.217	718.986	4870.25
282.528	516.471	4504.62
866.323	-459.049	3875.75
-863.135	1067.54	3348.2
-141.124	-142.895	3549.81
351.215	-665.89	3423.64
-529.45	795.608	4419.55
-467.459	-787.644	3287.56
-351.016	-728.644	3280.96
1081.88	987.06	4106.13
808.79	-458.651	4891.75
1179.92	-84.0917	3666.09
1095.68	849.532	3897.62
986.057	1282.69	3608.98
667.235	1245.21	4795.81
-337.515	846.721	4651.61
-334.394	518.266	5153.45
1197.32	-80.4799	3290.01
510.106	-57.4193	4167.35
812.619	116.981	4882.17
556.615	-115.78	3607.16
2.16868	754.807	3482.38
-452.001	1170.63	3597.4
322.268	-739.859	4563.11
-498.494	-741.056	3834.86
-797.067	860.803	3467.22
-376.2	1026.41	4857.83
-279.299	-274.403	3474.73
-496.205	823.55	5240.43
1142.99	-408.742	3600.6
-472.357	156.139	3825.46
1043.56	223.905	3890.44
498.938	1332.8	3522.2
333.312	-64.0368	4572.01
-114.151	680.187	4836.69
816.649	674.862	3698.65
1049.39	372.018	5262.69
-112.219	-9.53982	4368.98
683.396	1212.86	4818.69
-120.586	-596.606	3705.25
-336.981	248.812	4788.64
1224.55	-463.197	3792.78
883.963	-138.281	4941.44
470.514	678.049	4428.05
-876.557	184.641	4786.6
-719.173	278.744	3711.54
-861.497	666.547	3982.81
590.742	713.042	4251.6
-502.016	-708.213	3079.18
-669.27	-81.0078	3591.35
-204.217	718.986	4870.25
282.528	516.471	4504.62
866.323	-459.049	3875.75
-863.135	1067.54	3348.2
-141.124	-142.895	3549.81
351.215	-665.89	3423.64
-529.45	795.608	4419.55
-467.459	-787.644	3287.56
-351.016	-728.644	3280.96
1081.88	987.06	4106.13
808.79	-458.651	4891.75
1179.92	-84.0917	3666.09
1095.68	849.532	3897.62
986.057	1282.69	3608.98
667.235	1245.21	4795.81
-337.515	846.721	4651.61
-334.394	518.266	5153.45
1197.32	-80.4799	3290.01
510.106	-57.4193	4167.35
812.619	116.981	4882.17
556.615	-115.78	3607.16
2.16868	754.807	3482.38
-452.001	1170.63	3597.4
322.268	-739.859	4563.11
-498.494	-741.056	3834.86
-797.067	860.803	3467.22
-376.2	1026.41	4857.83
-279.299	-274.403	3474.73
-496.205	823.55	5240.43
1142.99	-408.742	3600.6
-472.357	156.139	3825.46
1043.56	223.905	3890.44
498.938	1332.8	3522.2
333.312	-64.0368	4572.01
-114.151	680.187	4836.69
816.649	674.862	3698.65
1049.39	372.018	5262.69
-112.219	-9.53982	4368.98
683.396	1212.86	4818.69
-120.586	-596.606	3705.25
-336.981	248.812	4788.64
1224.55	-463.197	3792.78
883.963	-138.281	4941.44
470.514	678.049	4428.05
-876.557	184.641	4786.6
-719.173	278.744	3711.54
-861.497	666.547	3982.81
590.742	713.042	4251.6
-502.016	-708.213	3079.18
-669.27	-81.0078	3591.35
-204.217	718.986	4870.25
282.528	516.471	4504.62
866.323	-459.049	3875.75
-863.135	1067.54	3348.2
-141.124	-142.895	3549.81
351.215	-665.89	3423.64
-529.45	795.608	4419.55
-467.459	-787.644	3287.56
-351.016	-728.644	3280.96
1081.88	987.06	4106.13
808.79	-458.651	4891.75
1179.92	-84.0917	3666.09
1095.68	849.532	3897.62
986.057	1282.69	3608.98
667.235	1245.21	4795.81
-337.515	846.721	4651.61
-334.394	518.266	5153.45
1197.32	-80.4799	3290.01
510.106	-57.4193	4167.35
812.619	116.981	4882.17
556.615	-115.78	3607.16
2.16868	754.807	3482.38
-452.001	1170.63	3597.4
322.268	-739.859	4563.11
-498.494	-741.056	3834.86
-797.067	860.803	3467.22
-376.2	1026.41	4857.83
-279.299	-274.403	3474.73
-496.205	823.55	5240.43
1142.99	-408.742	3600.6
-472.357	156.139	3825.46
1043.56	223.905	3890.44
498.938	1332.8	3522.2
333.312	-64.0368	4572.01
-114.151	680.187	4836.69
816.649	674.862	3698.65
1049.39	372.018	5262.69
-112.219	-9.53982	4368.98
683.396	1212.86	4818.69
-120.586	-596.606	3705.25
-336.981	248.812	4788.64
1224.55	-463.197	3792.78
883.963	-138.281	4941.44
470.514	678.049	4428.05
-876.557	184.641	4786.6
-719.173	278.744	3711.54
-861.497	666.547	3982.81
590.742	713.042	4251.6
-502.016	-708.213	3079.18
-669.27	-81.0078	3591.35
-204.217	718.986	4870.25
282.528	516.471	4504.62
866.323	-459.049	3875.75
-863.135	1067.54	3348.2
-141.124	-142.895	3549.81
351.215	-665.89	3423.64
-529.45	795.608	4419.55
-467.459	-787.644	3287.56
-351.016	-728.644	3280.96
1081.88	987.06	4106.13
808.79	-458.651	4891.75
1179.92	-84.0917	3666.09
1095.68	849.532	3897.62
986.057	1282.69	3608.98
667.235	1245.21	4795.81
-337.515	846.721	4651.61
-334.394	518.266	5153.45
1197.32	-80.4799	3290.01
510.106	-57.4193	4167.35
812.619	116.981	4882.17
556.615	-115.78	3607.16
2.16868	754.807	3482.38
-452.001	1170.63	3597.4
322.268	-739.859	4563.11
-498.494	-741.056	3834.86
-797.067	860.803	3467.22
-376.2	1026.41	4857.83
-279.299	-274.403	3474.73
-496.205	823.55	5240.43
1142.99	-408.742	3600.6
-472.357	156.139	3825.46
1043.56	223.905	3890.44
498.938	1332.8	3522.2
333.312	-64.0368	4572.01
-114.151	680.187	4836.69
816.649	674.862	3698.65
1049.39	372.018	5262.69
-112.219	-9.53982	4368.98
683.396	1212.86	4818.69
-120.586	-596.606	3705.25
-336.981	248.812	4788.64
1224.55	-463.197	3792.78
883.963	-138.281	4941.44
470.514	678.049	4428.05
-876.557	184.641	4786.6
-719.173	278.744	3711.54
-861.497	666.547	3982.81
590.742	713.042	4251.6
-502.016	-708.213	3079.18
-669.27	-81.0078	3591.35
-204.217	718.986	4870.25
282.528	516.471	4504.62
866.323	-459.049	3875.75
-863.135	1067.54	3348.2
-141.124	-142.895	3549.81
351.215	-665.89	3423.64
-529.45	795.608	4419.55
-467.459	-787.644	3287.56
-351.016	-728.644	3280.96
1081.88	987.06	4106.13
808.79	-458.651	4891.75
1179.92	-84.0917	3666.09
1095.68	849.532	3897.62
986.057	1282.69	3608.98
667.235	1245.21	4795.81
-337.515	846.721	4651.61
-334.394	518.266	5153.45
1197.32	-80.4799	3290.01
510.106	-57.4193	4167.35
812.619	116.981	4882.17
