412.542	215.152
356.387	307.147
311.036	347.492
385.358	167.807
308.971	157.165
271.803	319.491
333.26	305.408
325.614	198.791
327.765	285.559
471.686	184.841
311.977	242.905
455.948	247.61
408.927	365.867
386.786	222.055
352.732	279.231
438.182	293.646
435.425	252.673
349.958	226.75
413.8	319.39
344.114	168.582
335.108	246.797
474.569	181.682
426.672	216.553
399.154	283.333
293.679	242.277
285.754	255.75
279.043	289.725
410.554	288.564
292.446	143.923
287.572	219.864
346.12	281.871
383.299	269.36
438.786	183.313
261.163	345.453
341.052	212.842
391.94	155.916
316.194	294.061
301.441	140.34
314.31	146.579
455.822	314.692
421.297	192.506
474.065	217.934
461.294	306.391
457.45	356.783
412.772	322.319
334.326	294.633
338.298	264.644
487.238	217.243
403.479	221.971
422.164	235.651
