6.171550553456910393e+02	5.018114566535008976e+02
6.958651724924634436e+02	3.981213556487062988e+02
5.641925494225912416e+02	6.120642177197175897e+02
3.155630288611490073e+02	4.207091469862721169e+02
4.094956749421579048e+02	3.213711232281684147e+02
4.843414075147703670e+02	2.532200828753169901e+02
3.432972224092918054e+02	3.007236477811309783e+02
3.275865388822560931e+02	1.839792421027892146e+02
5.579679461756558112e+02	2.182206436265868490e+02
3.797078227630785250e+02	2.207209404963165582e+02
4.102160241707314867e+02	1.887716598799934502e+02
5.713514358734996677e+02	2.983194702544812458e+02
5.107187111931049799e+02	3.877473270299324213e+02
4.382653560924935050e+02	2.318468731985826707e+02
6.240810484027742859e+02	3.606664626874477335e+02
5.380671710606624174e+02	4.663059212891862444e+02
5.101647070880283081e+02	3.949277797967432093e+02
3.956586761615349133e+02	5.264262579950579948e+02
5.453518895572386782e+02	4.822116852670645812e+02
3.641518565484281567e+02	4.005651437279122433e+02
5.255895809774272038e+02	4.429627309703613491e+02
4.841909547546809449e+02	1.808555142050938116e+02
6.709749924032155377e+02	1.919508576947578717e+02
3.741723533057158875e+02	2.403132770006530734e+02
6.404885067778211578e+02	2.810351515654137984e+02
3.200979697667962682e+02	4.370057484878275318e+02
4.648206438708562018e+02	3.233917128226718205e+02
5.617451117420242781e+02	3.551634255358886776e+02
3.700054800802336672e+02	3.482716594388603539e+02
4.500370370156391004e+02	5.652598734590992535e+02
6.175732021466285460e+02	4.642695485575508201e+02
3.842269168852109829e+02	4.310215216971305381e+02
4.381375060994975001e+02	5.571413273686471257e+02
5.040540041297117000e+02	4.404439482706791864e+02
6.489584327964030308e+02	3.625837046080287109e+02
4.570209760016368818e+02	2.996731924642289755e+02
4.206894171721800149e+02	2.422961584220680322e+02
7.028756681121394649e+02	1.987232624077859668e+02
4.978160002855937591e+02	1.763754203603647284e+02
8.687676027550355684e+02	2.615626787446568642e+02
4.118459238180493571e+02	3.970525809001226207e+02
7.762743020487723697e+02	4.246197794615413841e+02
6.733189388207445063e+02	3.765253362436410498e+02
6.080525921806531642e+02	2.880755678937741777e+02
7.261699752489312232e+02	4.547590526044278363e+02
5.325062197069026979e+02	4.550509275740424755e+02
5.038734349588968371e+02	3.475613787118118125e+02
5.111890684523259551e+02	3.351248197217144025e+02
3.176631237237388063e+02	3.445866229906069975e+02
3.840389241091444887e+02	2.312769892513379943e+02
