114.072	551.143	3854.95
618.638	-259.355	4857.93
646.745	1057.72	4575.15
-401.834	654.584	4588.26
-390.096	-254.164	4214.2
691.131	1257.11	3867.51
-292.743	71.7597	4587.43
1134.02	-283.771	4783.8
1016.68	415.217	3288.28
-610.242	433.059	4049.77
946.569	752.287	3193.97
936.703	696.939	3381.75
-277.243	601.605	4579.61
-458.708	-184.57	3517.73
-324.996	466.474	3852.91
308.263	483.169	3744.88
-633.878	-228.534	4584.41
329.225	891.954	4140.65
898.924	1122.49	3887.2
-783.624	373.811	3486.04
160.103	749.453	4663.36
-652.273	201.902	3475.97
-493.566	191.054	3344.92
298.684	-291.059	3877.37
78.984	931.37	3898.88
107.365	-544.52	4290.2
-447.088	-605.393	3580.71
395.224	1114.52	3478.32
1171.75	-629.724	4838.84
612.941	785.747	4731.4
418.232	81.7713	3674.68
442.135	-727.773	3964.85
-833.144	482.518	4256.64
-234.411	-167.91	3414.57
-648.839	724.145	4654.62
-855.84	897.482	3488.2
-149.939	77.2897	3032.43
517.375	379.027	3516.67
-34.6168	-188.104	3272.49
750.232	-176.527	4736.68
382.472	-61.2319	4887.99
998.576	-366.258	4516.14
620.931	-65.4433	4320.86
814.88	437.765	3434.19
18.8772	975.856	4718.1
29.4212	928.179	3754.97
-449.609	-819.666	3839.52
-35.7933	-637.137	3646.78
-494.036	-161.152	4507.62
-348.678	77.8814	4660.64
114.072	551.143	3854.95
618.638	-259.355	4857.93
646.745	1057.72	4575.15
-401.834	654.584	4588.26
-390.096	-254.164	4214.2
691.131	1257.11	3867.51
-292.743	71.7597	4587.43
1134.02	-283.771	4783.8
1016.68	415.217	3288.28
-610.242	433.059	4049.77
946.569	752.287	3193.97
936.703	696.939	3381.75
-277.243	601.605	4579.61
-458.708	-184.57	3517.73
-324.996	466.474	3852.91
308.263	483.169	3744.88
-633.878	-228.534	4584.41
329.225	891.954	4140.65
898.924	1122.49	3887.2
-783.624	373.811	3486.04
160.103	749.453	4663.36
-652.273	201.902	3475.97
-493.566	191.054	3344.92
298.684	-291.059	3877.37
78.984	931.37	3898.88
107.365	-544.52	4290.2
-447.088	-605.393	3580.71
395.224	1114.52	3478.32
1171.75	-629.724	4838.84
612.941	785.747	4731.4
418.232	81.7713	3674.68
442.135	-727.773	3964.85
-833.144	482.518	4256.64
-234.411	-167.91	3414.57
-648.839	724.145	4654.62
-855.84	897.482	3488.2
-149.939	77.2897	3032.43
517.375	379.027	3516.67
-34.6168	-188.104	3272.49
750.232	-176.527	4736.68
382.472	-61.2319	4887.99
998.576	-366.258	4516.14
620.931	-65.4433	4320.86
814.88	437.765	3434.19
18.8772	975.856	4718.1
29.4212	928.179	3754.97
-449.609	-819.666	3839.52
-35.7933	-637.137	3646.78
-494.036	-161.152	4507.62
-348.678	77.8814	4660.64
114.072	551.143	3854.95
618.638	-259.355	4857.93
646.745	1057.72	4575.15
-401.834	654.584	4588.26
-390.096	-254.164	4214.2
691.131	1257.11	3867.51
-292.743	71.7597	4587.43
1134.02	-283.771	4783.8
1016.68	415.217	3288.28
-610.242	433.059	4049.77
946.569	752.287	3193.97
936.703	696.939	3381.75
-277.243	601.605	4579.61
-458.708	-184.57	3517.73
-324.996	466.474	3852.91
308.263	483.169	3744.88
-633.878	-228.534	4584.41
329.225	891.954	4140.65
898.924	1122.49	3887.2
-783.624	373.811	3486.04
160.103	749.453	4663.36
-652.273	201.902	3475.97
-493.566	191.054	3344.92
298.684	-291.059	3877.37
78.984	931.37	3898.88
107.365	-544.52	4290.2
-447.088	-605.393	3580.71
395.224	1114.52	3478.32
1171.75	-629.724	4838.84
612.941	785.747	4731.4
418.232	81.7713	3674.68
442.135	-727.773	3964.85
-833.144	482.518	4256.64
-234.411	-167.91	3414.57
-648.839	724.145	4654.62
-855.84	897.482	3488.2
-149.939	77.2897	3032.43
517.375	379.027	3516.67
-34.6168	-188.104	3272.49
750.232	-176.527	4736.68
382.472	-61.2319	4887.99
998.576	-366.258	4516.14
620.931	-65.4433	4320.86
814.88	437.765	3434.19
18.8772	975.856	4718.1
29.4212	928.179	3754.97
-449.609	-819.666	3839.52
-35.7933	-637.137	3646.78
-494.036	-161.152	4507.62
-348.678	77.8814	4660.64
114.072	551.143	3854.95
618.638	-259.355	4857.93
646.745	1057.72	4575.15
-401.834	654.584	4588.26
-390.096	-254.164	4214.2
691.131	1257.11	3867.51
-292.743	71.7597	4587.43
1134.02	-283.771	4783.8
1016.68	415.217	3288.28
-610.242	433.059	4049.77
946.569	752.287	3193.97
936.703	696.939	3381.75
-277.243	601.605	4579.61
-458.708	-184.57	3517.73
-324.996	466.474	3852.91
308.263	483.169	3744.88
-633.878	-228.534	4584.41
329.225	891.954	4140.65
898.924	1122.49	3887.2
-783.624	373.811	3486.04
160.103	749.453	4663.36
-652.273	201.902	3475.97
-493.566	191.054	3344.92
298.684	-291.059	3877.37
78.984	931.37	3898.88
107.365	-544.52	4290.2
-447.088	-605.393	3580.71
395.224	1114.52	3478.32
1171.75	-629.724	4838.84
612.941	785.747	4731.4
418.232	81.7713	3674.68
442.135	-727.773	3964.85
-833.144	482.518	4256.64
-234.411	-167.91	3414.57
-648.839	724.145	4654.62
-855.84	897.482	3488.2
-149.939	77.2897	3032.43
517.375	379.027	3516.67
-34.6168	-188.104	3272.49
750.232	-176.527	4736.68
382.472	-61.2319	4887.99
998.576	-366.258	4516.14
620.931	-65.4433	4320.86
814.88	437.765	3434.19
18.8772	975.856	4718.1
29.4212	928.179	3754.97
-449.609	-819.666	3839.52
-35.7933	-637.137	3646.78
-494.036	-161.152	4507.62
-348.678	77.8814	4660.64
114.072	551.143	3854.95
618.638	-259.355	4857.93
646.745	1057.72	4575.15
-401.834	654.584	4588.26
-390.096	-254.164	4214.2
691.131	1257.11	3867.51
-292.743	71.7597	4587.43
1134.02	-283.771	4783.8
1016.68	415.217	3288.28
-610.242	433.059	4049.77
946.569	752.287	3193.97
936.703	696.939	3381.75
-277.243	601.605	4579.61
-458.708	-184.57	3517.73
-324.996	466.474	3852.91
308.263	483.169	3744.88
-633.878	-228.534	4584.41
329.225	891.954	4140.65
898.924	1122.49	3887.2
-783.624	373.811	3486.04
160.103	749.453	4663.36
-652.273	201.902	3475.97
-493.566	191.054	3344.92
298.684	-291.059	3877.37
78.984	931.37	3898.88
107.365	-544.52	4290.2
-447.088	-605.393	3580.71
395.224	1114.52	3478.32
1171.75	-629.724	4838.84
612.941	785.747	4731.4
418.232	81.7713	3674.68
442.135	-727.773	3964.85
-833.144	482.518	4256.64
-234.411	-167.91	3414.57
-648.839	724.145	4654.62
-855.84	897.482	3488.2
-149.939	77.2897	3032.43
517.375	379.027	3516.67
-34.6168	-188.104	3272.49
750.232	-176.527	4736.68
382.472	-61.2319	4887.99
998.576	-366.258	4516.14
620.931	-65.4433	4320.86
814.88	437.765	3434.19
18.8772	975.856	4718.1
29.4212	928.179	3754.97
-449.609	-819.666	3839.52
-35.7933	-637.137	3646.78
-494.036	-161.152	4507.62
-348.678	77.8814	4660.64
