117.023	565.584	3958.11
633.259	-265.91	4973.71
662.101	1082.68	4684.69
-411.622	669.976	4698.72
-400.336	-261.1	4323.75
709.186	1289.85	3969.19
-300.02	73.1561	4699.72
1161.29	-290.99	4899.34
1045.99	426.971	3383.39
-626.261	444.034	4155.43
973.947	773.869	3286.67
963.205	716.465	3477.78
-284.054	615.77	4690.21
-471.812	-190.086	3617.59
-333.795	478.659	3956.09
316.55	496.018	3846.76
-649.615	-234.528	4697.46
337.522	914.408	4246.42
922.479	1151.73	3989.55
-805.719	384.032	3583.99
163.79	766.918	4774.33
-670.784	207.33	3574.19
-507.832	196.278	3441.06
306.73	-299.293	3983.08
80.96	955.594	4001.6
110.049	-558.989	4401.59
-459.888	-622.895	3682.58
406.083	1145.14	3574.77
1199.98	-645.331	4955.94
627.261	803.897	4842.93
429.735	83.7532	3776.59
454.091	-747.916	4072.93
-854.331	494.389	4364.39
-241.235	-173.006	3512.77
-664.378	740.987	4765.29
-879.652	922.078	3584.92
-154.505	79.3654	3123.26
531.817	389.401	3615.48
-35.7108	-193.869	3368.36
768.276	-181.166	4851.38
391.364	-63.0539	5003.23
1023.56	-375.808	4629.64
636.704	-67.4512	4431.4
837.907	449.919	3531.64
19.1954	998.355	4828.7
30.1104	952.794	3855.78
-462.141	-842.654	3945.81
-36.8913	-655.435	3749.9
-506.44	-165.517	4619.84
-357.233	79.401	4773.48
117.082	565.854	3960.01
633.567	-266.035	4976.1
662.419	1083.2	4686.95
-411.814	670.294	4700.97
-400.521	-261.225	4325.82
709.526	1290.47	3971.1
-300.157	73.19	4701.97
1161.85	-291.127	4901.7
1046.49	427.177	3385.03
-626.555	444.244	4157.42
974.413	774.24	3288.26
963.666	716.808	3479.46
-284.185	616.062	4692.46
-472.032	-190.178	3619.32
-333.951	478.886	3957.99
316.704	496.255	3848.6
-649.918	-234.641	4699.71
337.686	914.844	4248.46
922.92	1152.28	3991.47
-806.1	384.212	3585.7
163.872	767.283	4776.62
-671.1	207.427	3575.9
-508.07	196.371	3442.7
306.882	-299.435	3984.99
81.0012	956.049	4003.52
110.108	-559.255	4403.7
-460.102	-623.193	3684.35
406.278	1145.69	3576.49
1200.56	-645.636	4958.33
627.564	804.281	4845.26
429.944	83.7939	3778.41
454.314	-748.271	4074.89
-854.734	494.622	4366.47
-241.345	-173.089	3514.46
-664.69	741.338	4767.57
-880.069	922.515	3586.63
-154.575	79.4026	3124.75
532.074	389.588	3617.22
-35.7233	-193.962	3369.98
768.649	-181.25	4853.71
391.557	-63.0834	5005.63
1024.05	-375.985	4631.87
637.013	-67.4821	4433.53
838.31	450.135	3533.34
19.208	998.83	4831.01
30.1271	953.248	3857.63
-462.354	-843.057	3947.7
-36.9029	-655.748	3751.7
-506.676	-165.597	4622.05
-357.398	79.4378	4775.77
117.126	566.056	3961.43
633.797	-266.129	4977.89
662.657	1083.59	4688.63
-411.959	670.533	4702.66
-400.661	-261.319	4327.37
709.78	1290.93	3972.52
-300.262	73.2158	4703.65
1162.27	-291.229	4903.47
1046.87	427.33	3386.24
-626.777	444.401	4158.91
974.762	774.517	3289.44
964.011	717.065	3480.71
-284.285	616.281	4694.14
-472.198	-190.246	3620.62
-334.068	479.056	3959.4
316.819	496.432	3849.99
-650.147	-234.726	4701.39
337.808	915.171	4249.98
923.251	1152.7	3992.91
-806.386	384.348	3586.98
163.933	767.557	4778.34
-671.338	207.5	3577.18
-508.249	196.44	3443.94
306.994	-299.542	3986.42
81.0313	956.39	4004.96
110.151	-559.454	4405.28
-460.263	-623.415	3685.66
406.424	1146.1	3577.77
1200.99	-645.864	4960.11
627.789	804.569	4847
430.1	83.8243	3779.76
454.48	-748.537	4076.35
-855.036	494.798	4368.03
-241.429	-173.151	3515.72
-664.926	741.601	4769.27
-880.382	922.843	3587.91
-154.628	79.4308	3125.87
532.266	389.727	3618.52
-35.7338	-194.031	3371.19
768.926	-181.314	4855.46
391.7	-63.1053	5007.43
1024.42	-376.118	4633.54
637.243	-67.5053	4435.12
838.611	450.297	3534.61
19.2166	999.186	4832.75
30.139	953.588	3859.01
-462.516	-843.358	3949.11
-36.913	-655.982	3753.04
-506.854	-165.657	4623.7
-357.522	79.4657	4777.48
117.163	566.23	3962.65
633.993	-266.211	4979.43
662.862	1083.92	4690.08
-412.084	670.739	4704.1
-400.782	-261.4	4328.71
709.999	1291.33	3973.75
-300.353	73.238	4705.1
1162.63	-291.318	4904.98
1047.19	427.462	3387.29
-626.969	444.538	4160.19
975.062	774.756	3290.46
964.308	717.286	3481.79
-284.371	616.471	4695.58
-472.342	-190.305	3621.73
-334.17	479.204	3960.63
316.917	496.585	3851.17
-650.345	-234.798	4702.84
337.913	915.452	4251.3
923.535	1153.05	3994.14
-806.633	384.466	3588.08
163.984	767.793	4779.81
-671.543	207.563	3578.28
-508.405	196.5	3445
307.09	-299.634	3987.65
81.057	956.684	4006.19
110.187	-559.627	4406.64
-460.403	-623.607	3686.8
406.55	1146.45	3578.88
1201.36	-646.063	4961.64
627.984	804.816	4848.5
430.233	83.8503	3780.93
454.621	-748.768	4077.61
-855.298	494.949	4369.38
-241.502	-173.205	3516.8
-665.129	741.829	4770.74
-880.652	923.126	3589.02
-154.675	79.4551	3126.84
532.43	389.847	3619.64
-35.7436	-194.091	3372.23
769.164	-181.369	4856.96
391.822	-63.1246	5008.97
1024.74	-376.233	4634.97
637.44	-67.5258	4436.49
838.869	450.436	3535.71
19.2234	999.493	4834.24
30.149	953.881	3860.2
-462.656	-843.618	3950.33
-36.9228	-656.183	3754.2
-507.008	-165.708	4625.13
-357.631	79.4899	4778.95
251.058	565.986	3954.95
803.474	-265.692	4983.02
822.649	1083.1	4695.5
-254.519	670.586	4679.75
-255.836	-260.686	4305.54
845.75	1290.24	3982.5
-142.468	73.6346	4683.73
1330.93	-290.911	4923.37
1164.02	427.075	3406.83
-488.278	444.609	4131.37
1088.44	774.044	3308.34
1084.11	716.647	3498.83
-126.771	616.336	4674.76
-351.414	-189.703	3598.59
-201.474	479.154	3940.46
447.557	496.35	3849.29
-493.412	-234.019	4671.75
482.092	914.842	4248.94
1060.51	1152.04	4008.7
-687.682	384.592	3555.89
325.547	767.411	4771.15
-552.584	207.827	3549.82
-393.528	196.723	3421.4
442.312	-299.086	3984.98
216.327	956.074	3997.43
259.044	-558.744	4397.32
-337.247	-622.583	3663.73
528.226	1145.54	3580.31
1371.67	-645.318	4980.88
793.028	804.292	4852.47
558.792	83.9799	3782.29
593.252	-747.815	4078.69
-710.128	495.046	4333.68
-123.532	-172.684	3500.31
-505.952	741.674	4739.22
-761.862	922.751	3554.87
-49.6378	79.6777	3113.88
655.805	389.643	3624.32
77.868	-193.612	3361.82
934.853	-180.976	4864.62
561.689	-62.7407	5005.82
1183.59	-375.733	4650.29
788.623	-67.2457	4441.72
960.182	450.09	3549.09
182.256	998.925	4821.46
160.369	953.275	3850.44
-330.619	-842.36	3926.43
89.5688	-655.226	3742.62
-352.334	-165.037	4598.22
-197.399	79.9002	4755.78
