109.917	531.07	3714.55
594.657	-249.301	4669.61
621.63	1016.65	4397.49
-386.199	629.115	4409.74
-375.621	-244.733	4057.83
665.704	1210.87	3725.23
-281.486	69.0003	4411.03
1090.52	-272.885	4600.28
981.816	400.978	3175.52
-587.565	416.966	3899.28
914.134	726.509	3084.53
904.097	672.679	3264.03
-266.485	578.259	4401.89
-442.64	-178.105	3394.51
-313.137	449.452	3712.31
297.174	465.787	3610.16
-609.577	-219.772	4408.66
316.886	858.524	3985.46
865.946	1081.31	3744.59
-755.856	360.565	3362.52
153.854	720.199	4481.33
-629.287	194.787	3353.48
-476.401	184.409	3228.59
287.984	-280.631	3738.46
76.0741	897.057	3755.24
103.395	-524.386	4131.56
-431.477	-584.254	3455.68
381.162	1074.87	3354.57
1126.91	-605.625	4653.66
588.958	755.002	4546.27
403.413	78.8741	3544.48
426.334	-701.763	3823.15
-801.566	464.23	4095.31
-226.288	-162.091	3296.24
-623.379	695.73	4471.98
-825.166	865.315	3363.18
-144.898	74.6912	2930.48
499.201	365.712	3393.14
-33.4352	-181.683	3160.79
721.415	-169.746	4554.74
367.527	-58.8394	4697
961.107	-352.516	4346.69
597.799	-63.0052	4159.89
786.504	422.521	3314.61
18.1333	937.401	4532.17
28.3499	894.382	3618.24
-433.62	-790.518	3702.98
-34.5416	-614.857	3519.25
-475.21	-155.011	4335.86
-335.183	74.8672	4480.26
109.917	531.07	3714.55
594.657	-249.301	4669.61
621.63	1016.65	4397.49
-386.199	629.115	4409.74
-375.621	-244.733	4057.83
665.704	1210.87	3725.23
-281.486	69.0003	4411.03
1090.52	-272.885	4600.28
981.816	400.978	3175.52
-587.565	416.966	3899.28
914.134	726.509	3084.53
904.097	672.679	3264.03
-266.485	578.259	4401.89
-442.64	-178.105	3394.51
-313.137	449.452	3712.31
297.174	465.787	3610.16
-609.577	-219.772	4408.66
316.886	858.524	3985.46
865.946	1081.31	3744.59
-755.856	360.565	3362.52
153.854	720.199	4481.33
-629.287	194.787	3353.48
-476.401	184.409	3228.59
287.984	-280.631	3738.46
76.0741	897.057	3755.24
103.395	-524.386	4131.56
-431.477	-584.254	3455.68
381.162	1074.87	3354.57
1126.91	-605.625	4653.66
588.958	755.002	4546.27
403.413	78.8741	3544.48
426.334	-701.763	3823.15
-801.566	464.23	4095.31
-226.288	-162.091	3296.24
-623.379	695.73	4471.98
-825.166	865.315	3363.18
-144.898	74.6912	2930.48
499.201	365.712	3393.14
-33.4352	-181.683	3160.79
721.415	-169.746	4554.74
367.527	-58.8394	4697
961.107	-352.516	4346.69
597.799	-63.0052	4159.89
786.504	422.521	3314.61
18.1333	937.401	4532.17
28.3499	894.382	3618.24
-433.62	-790.518	3702.98
-34.5416	-614.857	3519.25
-475.21	-155.011	4335.86
-335.183	74.8672	4480.26
109.917	531.07	3714.55
594.657	-249.301	4669.61
621.63	1016.65	4397.49
-386.199	629.115	4409.74
-375.621	-244.733	4057.83
665.704	1210.87	3725.23
-281.486	69.0003	4411.03
1090.52	-272.885	4600.28
981.816	400.978	3175.52
-587.565	416.966	3899.28
914.134	726.509	3084.53
904.097	672.679	3264.03
-266.485	578.259	4401.89
-442.64	-178.105	3394.51
-313.137	449.452	3712.31
297.174	465.787	3610.16
-609.577	-219.772	4408.66
316.886	858.524	3985.46
865.946	1081.31	3744.59
-755.856	360.565	3362.52
153.854	720.199	4481.33
-629.287	194.787	3353.48
-476.401	184.409	3228.59
287.984	-280.631	3738.46
76.0741	897.057	3755.24
103.395	-524.386	4131.56
-431.477	-584.254	3455.68
381.162	1074.87	3354.57
1126.91	-605.625	4653.66
588.958	755.002	4546.27
403.413	78.8741	3544.48
426.334	-701.763	3823.15
-801.566	464.23	4095.31
-226.288	-162.091	3296.24
-623.379	695.73	4471.98
-825.166	865.315	3363.18
-144.898	74.6912	2930.48
499.201	365.712	3393.14
-33.4352	-181.683	3160.79
721.415	-169.746	4554.74
367.527	-58.8394	4697
961.107	-352.516	4346.69
597.799	-63.0052	4159.89
786.504	422.521	3314.61
18.1333	937.401	4532.17
28.3499	894.382	3618.24
-433.62	-790.518	3702.98
-34.5416	-614.857	3519.25
-475.21	-155.011	4335.86
-335.183	74.8672	4480.26
109.917	531.07	3714.55
594.657	-249.301	4669.61
621.63	1016.65	4397.49
-386.199	629.115	4409.74
-375.621	-244.733	4057.83
665.704	1210.87	3725.23
-281.486	69.0003	4411.03
1090.52	-272.885	4600.28
981.816	400.978	3175.52
-587.565	416.966	3899.28
914.134	726.509	3084.53
904.097	672.679	3264.03
-266.485	578.259	4401.89
-442.64	-178.105	3394.51
-313.137	449.452	3712.31
297.174	465.787	3610.16
-609.577	-219.772	4408.66
316.886	858.524	3985.46
865.946	1081.31	3744.59
-755.856	360.565	3362.52
153.854	720.199	4481.33
-629.287	194.787	3353.48
-476.401	184.409	3228.59
287.984	-280.631	3738.46
76.0741	897.057	3755.24
103.395	-524.386	4131.56
-431.477	-584.254	3455.68
381.162	1074.87	3354.57
1126.91	-605.625	4653.66
588.958	755.002	4546.27
403.413	78.8741	3544.48
426.334	-701.763	3823.15
-801.566	464.23	4095.31
-226.288	-162.091	3296.24
-623.379	695.73	4471.98
-825.166	865.315	3363.18
-144.898	74.6912	2930.48
499.201	365.712	3393.14
-33.4352	-181.683	3160.79
721.415	-169.746	4554.74
367.527	-58.8394	4697
961.107	-352.516	4346.69
597.799	-63.0052	4159.89
786.504	422.521	3314.61
18.1333	937.401	4532.17
28.3499	894.382	3618.24
-433.62	-790.518	3702.98
-34.5416	-614.857	3519.25
-475.21	-155.011	4335.86
-335.183	74.8672	4480.26
109.917	531.07	3714.55
594.657	-249.301	4669.61
621.63	1016.65	4397.49
-386.199	629.115	4409.74
-375.621	-244.733	4057.83
665.704	1210.87	3725.23
-281.486	69.0003	4411.03
1090.52	-272.885	4600.28
981.816	400.978	3175.52
-587.565	416.966	3899.28
914.134	726.509	3084.53
904.097	672.679	3264.03
-266.485	578.259	4401.89
-442.64	-178.105	3394.51
-313.137	449.452	3712.31
297.174	465.787	3610.16
-609.577	-219.772	4408.66
316.886	858.524	3985.46
865.946	1081.31	3744.59
-755.856	360.565	3362.52
153.854	720.199	4481.33
-629.287	194.787	3353.48
-476.401	184.409	3228.59
287.984	-280.631	3738.46
76.0741	897.057	3755.24
103.395	-524.386	4131.56
-431.477	-584.254	3455.68
381.162	1074.87	3354.57
1126.91	-605.625	4653.66
588.958	755.002	4546.27
403.413	78.8741	3544.48
426.334	-701.763	3823.15
-801.566	464.23	4095.31
-226.288	-162.091	3296.24
-623.379	695.73	4471.98
-825.166	865.315	3363.18
-144.898	74.6912	2930.48
499.201	365.712	3393.14
-33.4352	-181.683	3160.79
721.415	-169.746	4554.74
367.527	-58.8394	4697
961.107	-352.516	4346.69
597.799	-63.0052	4159.89
786.504	422.521	3314.61
18.1333	937.401	4532.17
28.3499	894.382	3618.24
-433.62	-790.518	3702.98
-34.5416	-614.857	3519.25
-475.21	-155.011	4335.86
-335.183	74.8672	4480.26
