-52.9877	1977	5979.83
2040.84	515.665	4998.92
-619.124	1506.64	4337.15
-757.704	2724.21	3071.42
896.799	1129.49	4091.13
1676.54	364.097	3959.06
3156.92	1962.37	3545.39
1372.98	-122.634	2188.17
-724.5	1779.55	1830.75
-48.6705	2326.16	2351.3
3275.13	-294.941	4465.52
39.7198	2244.12	4428.31
-47.9245	1093.39	4546.54
763.849	-266.734	3868.39
2295.25	699.896	2106.78
-260.565	1342.1	5935.81
164.107	3184.52	5990.49
2692.75	66.1364	2513.25
2339.14	-121.051	2869.11
-517.986	36.6436	2510.31
2951.58	1066.39	2888.2
2354.69	2596.82	4900.81
891.442	1071.31	5692.36
2167.23	234.664	5193.21
-301.294	2451.5	2967.66
2837.2	-83.514	2984.23
1575.67	2232.75	5928.52
2629.04	3314.05	4029.23
-1282.86	3006.22	3671.04
601.008	-334.837	3793.73
1360.07	-272.919	4559.6
759.178	300.693	1974.12
649.405	2298.59	5146.04
1107.79	1250.22	3410.32
2550.65	1761.13	2180.54
2977.78	225.315	4248.85
-411.216	2575.57	3446.04
-424.51	1420.69	2611.61
2825.68	1443.29	5105.76
3302.23	-239.419	5953.77
-565.192	1821.44	3395.96
1349.74	721.682	2122.84
2097.03	975.551	1872.79
-328.852	1108.43	3821.55
1075.25	1639.56	4719.51
-1100.07	2574.23	5103
2251.27	-276.989	3550.79
-387.936	615.411	4598.98
304.74	205.402	4238.77
1742.64	-32.2507	2815.06
-161.083	1969.79	5918.21
2009.41	636.042	4948.23
-699.646	1467.12	4292.21
-910.669	2671.38	3039.63
832.475	1180.06	4049.38
1654.02	463.13	3918.96
3034.75	2142	3510.43
1377.86	-40.5431	2166.17
-823.797	1731.49	1811.69
-181.835	2315.96	2327.24
3285.98	-99.5163	4420.84
-86.3353	2240.52	4382.81
-106.071	1088.99	4499.65
781.555	-218.895	3828.72
2248.43	832.938	2086.15
-330.744	1325.06	5874.49
-15.5406	3185.57	5929.01
2682.12	225.041	2488.53
2341.24	18.0178	2840.53
-515.046	7.51078	2484.12
2881.85	1236.96	2859.84
2200.02	2727.82	4851.53
832.573	1122.65	5634.05
2152.04	363.596	5140.55
-440.091	2426.36	2937.12
2835.4	84.6638	2954.7
1446.51	2320.01	5868.23
2430.23	3458	3989.18
-1449.66	2921.89	3632.84
623.212	-296.328	3754.75
1376.81	-189.746	4513.06
741.254	345.133	1954.1
518.817	2330.9	5093.4
1034.76	1312.35	3375.73
2440.79	1905.25	2159.38
2958.97	401.27	4206.35
-556.275	2543.79	3410.52
-502.895	1391.96	2584.57
2737.13	1606.28	5054.45
3311.6	-41.8085	5893.71
-665.55	1783.4	3360.79
1305.15	799.246	2101.61
2034.5	1095.83	1854.52
-387.761	1087.12	3782.03
981.174	1699.04	4671.41
-1240.41	2502.98	5050.03
2263.69	-142.122	3515.1
-416.751	592.882	4551.33
296.942	224.788	4195.13
1741.66	71.5058	2786.76
-161.083	1969.79	5918.21
2009.41	636.042	4948.23
-699.646	1467.12	4292.21
-910.669	2671.38	3039.63
832.475	1180.06	4049.38
1654.02	463.13	3918.96
3034.75	2142	3510.43
1377.86	-40.5431	2166.17
-823.797	1731.49	1811.69
-181.835	2315.96	2327.24
3285.98	-99.5163	4420.84
-86.3353	2240.52	4382.81
-106.071	1088.99	4499.65
781.555	-218.895	3828.72
2248.43	832.938	2086.15
-330.744	1325.06	5874.49
-15.5406	3185.57	5929.01
2682.12	225.041	2488.53
2341.24	18.0178	2840.53
-515.046	7.51078	2484.12
2881.85	1236.96	2859.84
2200.02	2727.82	4851.53
832.573	1122.65	5634.05
2152.04	363.596	5140.55
-440.091	2426.36	2937.12
2835.4	84.6638	2954.7
1446.51	2320.01	5868.23
2430.23	3458	3989.18
-1449.66	2921.89	3632.84
623.212	-296.328	3754.75
1376.81	-189.746	4513.06
741.254	345.133	1954.1
518.817	2330.9	5093.4
1034.76	1312.35	3375.73
2440.79	1905.25	2159.38
2958.97	401.27	4206.35
-556.275	2543.79	3410.52
-502.895	1391.96	2584.57
2737.13	1606.28	5054.45
3311.6	-41.8085	5893.71
-665.55	1783.4	3360.79
1305.15	799.246	2101.61
2034.5	1095.83	1854.52
-387.761	1087.12	3782.03
981.174	1699.04	4671.41
-1240.41	2502.98	5050.03
2263.69	-142.122	3515.1
-416.751	592.882	4551.33
296.942	224.788	4195.13
1741.66	71.5058	2786.76
-161.083	1969.79	5918.21
2009.41	636.042	4948.23
-699.646	1467.12	4292.21
-910.669	2671.38	3039.63
832.475	1180.06	4049.38
1654.02	463.13	3918.96
3034.75	2142	3510.43
1377.86	-40.5431	2166.17
-823.797	1731.49	1811.69
-181.835	2315.96	2327.24
3285.98	-99.5163	4420.84
-86.3353	2240.52	4382.81
-106.071	1088.99	4499.65
781.555	-218.895	3828.72
2248.43	832.938	2086.15
-330.744	1325.06	5874.49
-15.5406	3185.57	5929.01
2682.12	225.041	2488.53
2341.24	18.0178	2840.53
-515.046	7.51078	2484.12
2881.85	1236.96	2859.84
2200.02	2727.82	4851.53
832.573	1122.65	5634.05
2152.04	363.596	5140.55
-440.091	2426.36	2937.12
2835.4	84.6638	2954.7
1446.51	2320.01	5868.23
2430.23	3458	3989.18
-1449.66	2921.89	3632.84
623.212	-296.328	3754.75
1376.81	-189.746	4513.06
741.254	345.133	1954.1
518.817	2330.9	5093.4
1034.76	1312.35	3375.73
2440.79	1905.25	2159.38
2958.97	401.27	4206.35
-556.275	2543.79	3410.52
-502.895	1391.96	2584.57
2737.13	1606.28	5054.45
3311.6	-41.8085	5893.71
-665.55	1783.4	3360.79
1305.15	799.246	2101.61
2034.5	1095.83	1854.52
-387.761	1087.12	3782.03
981.174	1699.04	4671.41
-1240.41	2502.98	5050.03
2263.69	-142.122	3515.1
-416.751	592.882	4551.33
296.942	224.788	4195.13
1741.66	71.5058	2786.76
-161.083	1969.79	5918.21
2009.41	636.042	4948.23
-699.646	1467.12	4292.21
-910.669	2671.38	3039.63
832.475	1180.06	4049.38
1654.02	463.13	3918.96
3034.75	2142	3510.43
1377.86	-40.5431	2166.17
-823.797	1731.49	1811.69
-181.835	2315.96	2327.24
3285.98	-99.5163	4420.84
-86.3353	2240.52	4382.81
-106.071	1088.99	4499.65
781.555	-218.895	3828.72
2248.43	832.938	2086.15
-330.744	1325.06	5874.49
-15.5406	3185.57	5929.01
2682.12	225.041	2488.53
2341.24	18.0178	2840.53
-515.046	7.51078	2484.12
2881.85	1236.96	2859.84
2200.02	2727.82	4851.53
832.573	1122.65	5634.05
2152.04	363.596	5140.55
-440.091	2426.36	2937.12
2835.4	84.6638	2954.7
1446.51	2320.01	5868.23
2430.23	3458	3989.18
-1449.66	2921.89	3632.84
623.212	-296.328	3754.75
1376.81	-189.746	4513.06
741.254	345.133	1954.1
518.817	2330.9	5093.4
1034.76	1312.35	3375.73
2440.79	1905.25	2159.38
2958.97	401.27	4206.35
-556.275	2543.79	3410.52
-502.895	1391.96	2584.57
2737.13	1606.28	5054.45
3311.6	-41.8085	5893.71
-665.55	1783.4	3360.79
1305.15	799.246	2101.61
2034.5	1095.83	1854.52
-387.761	1087.12	3782.03
981.174	1699.04	4671.41
-1240.41	2502.98	5050.03
2263.69	-142.122	3515.1
-416.751	592.882	4551.33
296.942	224.788	4195.13
1741.66	71.5058	2786.76
