-709.033	1116.9	3324.47
-472.095	-247.622	4760.99
-605.266	864.735	4506.1
-418.977	-327.481	3624.11
-452.195	-169.444	4815.76
539.019	-94.4529	3965.86
174.611	1190.82	4390.62
-363.736	533.294	5097.91
1144.81	-627.771	4687.97
-212.741	-156.651	4112.04
-846.497	1038.49	3441.97
228.833	705.552	3770.77
-29.4477	690.549	3559.47
85.4817	-172.822	4023.32
725.871	-498.529	4424.24
-397.658	620.42	4061.39
179.265	429.75	3408.09
714.701	335.589	4530.6
-582.456	-241.49	4227.58
678.945	1162.15	5495.1
616.965	-126.016	4371.69
-370.983	633.469	4585.66
1019.93	182.608	4035.76
1206.28	-709.91	4948.27
-104.6	-416.637	5129.62
-516.07	698.534	3901.97
-436.636	-314.085	3815.28
-259.953	363.8	5168.24
1063.95	182.342	4608.08
783.42	1027.97	3664.18
442.876	-502.303	4801.73
60.8061	-511.594	5144.97
433.644	1213.65	3388.93
930.244	-143.772	3676.14
978.583	-281.052	3671.98
-712.834	-917.576	4690.64
515.519	876.458	3730.07
-74.383	1165.27	4518.98
917.159	-225.655	4134.71
1208.01	451.559	4296.02
104.537	-656.039	4456.35
-201.465	164.009	4300.8
-918.229	839.301	4443.88
306.919	412.012	3979.35
-429.433	719.239	3414.69
944.211	309.223	3766.59
444.706	-153.722	3925.03
425.742	70.053	4025.14
368.546	642.333	4118.96
1220.3	-2.04029	3454.17
-709.033	1116.9	3324.47
-472.095	-247.622	4760.99
-605.266	864.735	4506.1
-418.977	-327.481	3624.11
-452.195	-169.444	4815.76
539.019	-94.4529	3965.86
174.611	1190.82	4390.62
-363.736	533.294	5097.91
1144.81	-627.771	4687.97
-212.741	-156.651	4112.04
-846.497	1038.49	3441.97
228.833	705.552	3770.77
-29.4477	690.549	3559.47
85.4817	-172.822	4023.32
725.871	-498.529	4424.24
-397.658	620.42	4061.39
179.265	429.75	3408.09
714.701	335.589	4530.6
-582.456	-241.49	4227.58
678.945	1162.15	5495.1
616.965	-126.016	4371.69
-370.983	633.469	4585.66
1019.93	182.608	4035.76
1206.28	-709.91	4948.27
-104.6	-416.637	5129.62
-516.07	698.534	3901.97
-436.636	-314.085	3815.28
-259.953	363.8	5168.24
1063.95	182.342	4608.08
783.42	1027.97	3664.18
442.876	-502.303	4801.73
60.8061	-511.594	5144.97
433.644	1213.65	3388.93
930.244	-143.772	3676.14
978.583	-281.052	3671.98
-712.834	-917.576	4690.64
515.519	876.458	3730.07
-74.383	1165.27	4518.98
917.159	-225.655	4134.71
1208.01	451.559	4296.02
104.537	-656.039	4456.35
-201.465	164.009	4300.8
-918.229	839.301	4443.88
306.919	412.012	3979.35
-429.433	719.239	3414.69
944.211	309.223	3766.59
444.706	-153.722	3925.03
425.742	70.053	4025.14
368.546	642.333	4118.96
1220.3	-2.04029	3454.17
-709.033	1116.9	3324.47
-472.095	-247.622	4760.99
-605.266	864.735	4506.1
-418.977	-327.481	3624.11
-452.195	-169.444	4815.76
539.019	-94.4529	3965.86
174.611	1190.82	4390.62
-363.736	533.294	5097.91
1144.81	-627.771	4687.97
-212.741	-156.651	4112.04
-846.497	1038.49	3441.97
228.833	705.552	3770.77
-29.4477	690.549	3559.47
85.4817	-172.822	4023.32
725.871	-498.529	4424.24
-397.658	620.42	4061.39
179.265	429.75	3408.09
714.701	335.589	4530.6
-582.456	-241.49	4227.58
678.945	1162.15	5495.1
616.965	-126.016	4371.69
-370.983	633.469	4585.66
1019.93	182.608	4035.76
1206.28	-709.91	4948.27
-104.6	-416.637	5129.62
-516.07	698.534	3901.97
-436.636	-314.085	3815.28
-259.953	363.8	5168.24
1063.95	182.342	4608.08
783.42	1027.97	3664.18
442.876	-502.303	4801.73
60.8061	-511.594	5144.97
433.644	1213.65	3388.93
930.244	-143.772	3676.14
978.583	-281.052	3671.98
-712.834	-917.576	4690.64
515.519	876.458	3730.07
-74.383	1165.27	4518.98
917.159	-225.655	4134.71
1208.01	451.559	4296.02
104.537	-656.039	4456.35
-201.465	164.009	4300.8
-918.229	839.301	4443.88
306.919	412.012	3979.35
-429.433	719.239	3414.69
944.211	309.223	3766.59
444.706	-153.722	3925.03
425.742	70.053	4025.14
368.546	642.333	4118.96
1220.3	-2.04029	3454.17
-709.033	1116.9	3324.47
-472.095	-247.622	4760.99
-605.266	864.735	4506.1
-418.977	-327.481	3624.11
-452.195	-169.444	4815.76
539.019	-94.4529	3965.86
174.611	1190.82	4390.62
-363.736	533.294	5097.91
1144.81	-627.771	4687.97
-212.741	-156.651	4112.04
-846.497	1038.49	3441.97
228.833	705.552	3770.77
-29.4477	690.549	3559.47
85.4817	-172.822	4023.32
725.871	-498.529	4424.24
-397.658	620.42	4061.39
179.265	429.75	3408.09
714.701	335.589	4530.6
-582.456	-241.49	4227.58
678.945	1162.15	5495.1
616.965	-126.016	4371.69
-370.983	633.469	4585.66
1019.93	182.608	4035.76
1206.28	-709.91	4948.27
-104.6	-416.637	5129.62
-516.07	698.534	3901.97
-436.636	-314.085	3815.28
-259.953	363.8	5168.24
1063.95	182.342	4608.08
783.42	1027.97	3664.18
442.876	-502.303	4801.73
60.8061	-511.594	5144.97
433.644	1213.65	3388.93
930.244	-143.772	3676.14
978.583	-281.052	3671.98
-712.834	-917.576	4690.64
515.519	876.458	3730.07
-74.383	1165.27	4518.98
917.159	-225.655	4134.71
1208.01	451.559	4296.02
104.537	-656.039	4456.35
-201.465	164.009	4300.8
-918.229	839.301	4443.88
306.919	412.012	3979.35
-429.433	719.239	3414.69
944.211	309.223	3766.59
444.706	-153.722	3925.03
425.742	70.053	4025.14
368.546	642.333	4118.96
1220.3	-2.04029	3454.17
-709.033	1116.9	3324.47
-472.095	-247.622	4760.99
-605.266	864.735	4506.1
-418.977	-327.481	3624.11
-452.195	-169.444	4815.76
539.019	-94.4529	3965.86
174.611	1190.82	4390.62
-363.736	533.294	5097.91
1144.81	-627.771	4687.97
-212.741	-156.651	4112.04
-846.497	1038.49	3441.97
228.833	705.552	3770.77
-29.4477	690.549	3559.47
85.4817	-172.822	4023.32
725.871	-498.529	4424.24
-397.658	620.42	4061.39
179.265	429.75	3408.09
714.701	335.589	4530.6
-582.456	-241.49	4227.58
678.945	1162.15	5495.1
616.965	-126.016	4371.69
-370.983	633.469	4585.66
1019.93	182.608	4035.76
1206.28	-709.91	4948.27
-104.6	-416.637	5129.62
-516.07	698.534	3901.97
-436.636	-314.085	3815.28
-259.953	363.8	5168.24
1063.95	182.342	4608.08
783.42	1027.97	3664.18
442.876	-502.303	4801.73
60.8061	-511.594	5144.97
433.644	1213.65	3388.93
930.244	-143.772	3676.14
978.583	-281.052	3671.98
-712.834	-917.576	4690.64
515.519	876.458	3730.07
-74.383	1165.27	4518.98
917.159	-225.655	4134.71
1208.01	451.559	4296.02
104.537	-656.039	4456.35
-201.465	164.009	4300.8
-918.229	839.301	4443.88
306.919	412.012	3979.35
-429.433	719.239	3414.69
944.211	309.223	3766.59
444.706	-153.722	3925.03
425.742	70.053	4025.14
368.546	642.333	4118.96
1220.3	-2.04029	3454.17
