277.836	351.62
324.251	208.722
311.488	298.481
313.642	194.746
326.404	214.875
407.735	218.248
375.374	326.996
336.002	266.157
449.377	177.594
339.464	213.668
266.409	339.15
380.175	296.019
353.811	298.82
365.858	211.628
419.375	185.597
323.058	283.969
375.043	273.629
418.3	254.087
308.287	206.996
408.973	304.696
411.2	216.386
331.149	278.527
451.083	243.157
449.924	174.105
354.047	197.724
309.873	293.744
315.028	197.682
343.777	253.499
445.152	241.146
436.177	329.668
394.326	188.777
365.822	190.938
403.536	358.511
449.154	212.249
453.846	198.508
304.208	156.365
408.625	313.286
355.101	322.307
439.704	206.681
462.766	264.994
367.862	173.423
342.28	241.641
284.733	297.599
386.799	265.231
309.921	305.348
449.317	256.687
399.203	212.699
397.125	233.48
392.128	284.444
484.693	226.011
277.836	351.62
324.251	208.722
311.488	298.481
313.642	194.746
326.404	214.875
407.735	218.248
375.374	326.996
336.002	266.157
449.377	177.594
339.464	213.668
266.409	339.15
380.175	296.019
353.811	298.82
365.858	211.628
419.375	185.597
323.058	283.969
375.043	273.629
418.3	254.087
308.287	206.996
408.973	304.696
411.2	216.386
331.149	278.527
451.083	243.157
449.924	174.105
354.047	197.724
309.873	293.744
315.028	197.682
343.777	253.499
445.152	241.146
436.177	329.668
394.326	188.777
365.822	190.938
403.536	358.511
449.154	212.249
453.846	198.508
304.208	156.365
408.625	313.286
355.101	322.307
439.704	206.681
462.766	264.994
367.862	173.423
342.28	241.641
284.733	297.599
386.799	265.231
309.921	305.348
449.317	256.687
399.203	212.699
397.125	233.48
392.128	284.444
484.693	226.011
277.836	351.62
324.251	208.722
311.488	298.481
313.642	194.746
326.404	214.875
407.735	218.248
375.374	326.996
336.002	266.157
449.377	177.594
339.464	213.668
266.409	339.15
380.175	296.019
353.811	298.82
365.858	211.628
419.375	185.597
323.058	283.969
375.043	273.629
418.3	254.087
308.287	206.996
408.973	304.696
411.2	216.386
331.149	278.527
451.083	243.157
449.924	174.105
354.047	197.724
309.873	293.744
315.028	197.682
343.777	253.499
445.152	241.146
436.177	329.668
394.326	188.777
365.822	190.938
403.536	358.511
449.154	212.249
453.846	198.508
304.208	156.365
408.625	313.286
355.101	322.307
439.704	206.681
462.766	264.994
367.862	173.423
342.28	241.641
284.733	297.599
386.799	265.231
309.921	305.348
449.317	256.687
399.203	212.699
397.125	233.48
392.128	284.444
484.693	226.011
277.84	352.8
324.251	209.562
311.489	299.358
313.641	195.848
326.404	215.705
407.735	219.252
375.373	327.89
336.002	266.936
449.378	178.445
339.464	214.639
266.414	340.292
380.175	297.067
353.811	299.931
365.858	212.619
419.376	186.499
323.059	284.945
375.043	274.792
418.299	254.963
308.287	207.942
408.972	305.41
411.2	217.297
331.149	279.391
451.082	244.139
449.925	174.911
354.047	198.504
309.875	294.759
315.028	198.729
343.777	254.268
445.151	242.007
436.174	330.738
394.327	189.609
365.822	191.716
403.534	359.664
449.155	213.33
453.847	199.591
304.207	157.22
408.624	314.341
355.101	323.177
439.705	207.643
462.765	265.914
367.862	174.321
342.28	242.567
284.735	298.489
386.798	266.227
309.923	306.506
449.317	257.738
399.204	213.714
397.125	234.469
392.128	285.404
484.693	227.158
277.84	352.8
324.251	209.562
311.489	299.358
313.641	195.848
326.404	215.705
407.735	219.252
375.373	327.89
336.002	266.936
449.378	178.445
339.464	214.639
266.414	340.292
380.175	297.067
353.811	299.931
365.858	212.619
419.376	186.499
323.059	284.945
375.043	274.792
418.299	254.963
308.287	207.942
408.972	305.41
411.2	217.297
331.149	279.391
451.082	244.139
449.925	174.911
354.047	198.504
309.875	294.759
315.028	198.729
343.777	254.268
445.151	242.007
436.174	330.738
394.327	189.609
365.822	191.716
403.534	359.664
449.155	213.33
453.847	199.591
304.207	157.22
408.624	314.341
355.101	323.177
439.705	207.643
462.765	265.914
367.862	174.321
342.28	242.567
284.735	298.489
386.798	266.227
309.923	306.506
449.317	257.738
399.204	213.714
397.125	234.469
392.128	285.404
484.693	227.158
