4.138784350099346625e+02	1.542525248223242329e+02
5.207132516102585669e+02	2.760657825107423946e+02
5.817174044919834159e+02	2.102928580914004897e+02
7.287534923274683933e+02	2.896629022196487995e+02
4.172766078220441841e+02	5.159452874889249188e+02
5.340761251024439389e+02	6.277165146714210096e+02
3.832605397887855929e+02	4.685196169907433159e+02
3.932531919873513857e+02	3.467575345095124248e+02
2.725135041695312452e+02	4.617525291168257127e+02
4.009557929516435593e+02	3.333153462806052403e+02
4.276983934944578891e+02	3.505481250019661275e+02
3.920085078452214020e+02	1.155039301891114860e+02
4.611095218397435929e+02	5.853290298336531805e+02
6.227266878887711528e+02	1.578729015553003023e+02
7.323223012012389290e+02	3.533300193851953281e+02
4.344888126760751561e+02	4.284014998539039425e+02
6.159379519381336650e+02	3.849091231616841924e+02
5.414285618898763914e+02	3.165024337790601976e+02
3.424691526962366765e+02	4.191465098157261764e+02
5.479933637782871756e+02	3.231871458755864523e+02
3.164525573862446208e+02	4.251310246696561990e+02
5.679936805554020793e+02	2.749045854449983608e+02
3.197251735758097766e+02	2.928704002718616266e+02
4.127960633791282135e+02	3.365927249443619758e+02
7.326829757141058508e+02	1.990658936001585175e+02
4.313010211783158638e+02	1.679446460963558252e+02
7.712992649624317210e+02	3.235298808023766810e+02
7.255688669482196929e+02	1.904111140082457325e+02
1.940955646971879105e+02	6.096056742546576288e+02
2.161962947584299570e+02	1.919129942124907302e+02
5.109332249436718030e+02	2.255346742387009726e+02
3.171790663954503771e+02	2.311032150909918528e+02
4.696124692729135290e+02	1.697378000404619343e+02
3.872844104833378083e+02	2.152070923888668688e+02
3.066619617358511505e+02	4.855187927476281402e+02
3.786319504255374682e+02	2.356027506780164913e+02
3.895663434052417529e+02	2.133367418240493976e+02
3.846009079093420269e+02	2.285535977312083560e+02
5.499648851336994539e+02	2.428495138971145195e+02
3.494269387461602037e+02	3.624013729835592130e+02
2.171521950272548054e+02	6.352014211013887461e+02
4.955438065721992302e+02	2.130296531696188822e+02
3.628623858005639704e+02	3.740767690010703745e+02
2.330740421055685658e+02	5.565729794417087533e+02
3.910030277177609150e+02	5.275466813916599449e+02
4.421960425640560288e+02	3.632613891164925235e+02
6.741130270052166225e+02	4.904824920960076042e+02
6.493352872238212967e+02	5.674895371523006133e+02
3.004011638086619200e+02	3.332812196528151958e+02
4.047596489902747408e+02	4.498514080426936061e+02
