400.286	1222.64	4308.29
-511.785	192.958	5295.89
644.328	-248.059	5074.69
-445.463	618.388	4467.71
-325.271	-876.72	4111.78
497.687	-223.424	4552.83
-40.1862	531.117	4304.85
1021.74	-513.124	4193.98
55.7528	442.556	4728.85
531.323	808.859	3681.11
-294.164	466.067	5336.6
880.208	554.593	4423.92
-295.71	-274.887	5203.87
-39.3068	254.983	4462.66
553.528	501.342	3533.47
1342.71	-666.834	4729.33
-163.728	-93.6046	3245.15
214.144	-50.7985	4713.64
-309.092	-194.949	4311.37
736.473	1023.89	5313.13
-127.178	-741.668	4989.28
-353.563	473.003	3816.4
258.464	897.588	4518.16
-361.179	631.111	4057.94
76.4843	-391.296	4445.64
1098.51	81.9797	4145.3
738.468	-201.45	5174.23
-59.5777	-279.265	3701.98
-917.742	951.284	4523.83
74.1617	-70.2046	4250.19
1205.09	373.758	4618.73
-347.575	518.712	4242.21
-89.242	1146.25	4340.72
917.989	813.274	4440.61
1028.09	-266.772	4487.9
481.612	-272.403	5249.99
1193.51	-91.0514	5255.57
1012.32	201.072	4814.45
42.8912	-167.802	4269.78
73.7411	-82.5337	3780.46
-861.224	51.2457	5040.72
827.24	383.06	5149.4
720.4	-709.194	5095.46
770.196	416.282	3326.56
1375.48	-593.317	3750.91
168.173	-318.078	4528.6
-204.271	-467.988	3584.44
-17.3505	-709.405	3548.14
1030.49	563.6	4481.22
151.784	298.458	4001.12
400.286	1222.64	4308.29
-511.785	192.958	5295.89
644.328	-248.059	5074.69
-445.463	618.388	4467.71
-325.271	-876.72	4111.78
497.687	-223.424	4552.83
-40.1862	531.117	4304.85
1021.74	-513.124	4193.98
55.7528	442.556	4728.85
531.323	808.859	3681.11
-294.164	466.067	5336.6
880.208	554.593	4423.92
-295.71	-274.887	5203.87
-39.3068	254.983	4462.66
553.528	501.342	3533.47
1342.71	-666.834	4729.33
-163.728	-93.6046	3245.15
214.144	-50.7985	4713.64
-309.092	-194.949	4311.37
736.473	1023.89	5313.13
-127.178	-741.668	4989.28
-353.563	473.003	3816.4
258.464	897.588	4518.16
-361.179	631.111	4057.94
76.4843	-391.296	4445.64
1098.51	81.9797	4145.3
738.468	-201.45	5174.23
-59.5777	-279.265	3701.98
-917.742	951.284	4523.83
74.1617	-70.2046	4250.19
1205.09	373.758	4618.73
-347.575	518.712	4242.21
-89.242	1146.25	4340.72
917.989	813.274	4440.61
1028.09	-266.772	4487.9
481.612	-272.403	5249.99
1193.51	-91.0514	5255.57
1012.32	201.072	4814.45
42.8912	-167.802	4269.78
73.7411	-82.5337	3780.46
-861.224	51.2457	5040.72
827.24	383.06	5149.4
720.4	-709.194	5095.46
770.196	416.282	3326.56
1375.48	-593.317	3750.91
168.173	-318.078	4528.6
-204.271	-467.988	3584.44
-17.3505	-709.405	3548.14
1030.49	563.6	4481.22
151.784	298.458	4001.12
400.286	1222.64	4308.29
-511.785	192.958	5295.89
644.328	-248.059	5074.69
-445.463	618.388	4467.71
-325.271	-876.72	4111.78
497.687	-223.424	4552.83
-40.1862	531.117	4304.85
1021.74	-513.124	4193.98
55.7528	442.556	4728.85
531.323	808.859	3681.11
-294.164	466.067	5336.6
880.208	554.593	4423.92
-295.71	-274.887	5203.87
-39.3068	254.983	4462.66
553.528	501.342	3533.47
1342.71	-666.834	4729.33
-163.728	-93.6046	3245.15
214.144	-50.7985	4713.64
-309.092	-194.949	4311.37
736.473	1023.89	5313.13
-127.178	-741.668	4989.28
-353.563	473.003	3816.4
258.464	897.588	4518.16
-361.179	631.111	4057.94
76.4843	-391.296	4445.64
1098.51	81.9797	4145.3
738.468	-201.45	5174.23
-59.5777	-279.265	3701.98
-917.742	951.284	4523.83
74.1617	-70.2046	4250.19
1205.09	373.758	4618.73
-347.575	518.712	4242.21
-89.242	1146.25	4340.72
917.989	813.274	4440.61
1028.09	-266.772	4487.9
481.612	-272.403	5249.99
1193.51	-91.0514	5255.57
1012.32	201.072	4814.45
42.8912	-167.802	4269.78
73.7411	-82.5337	3780.46
-861.224	51.2457	5040.72
827.24	383.06	5149.4
720.4	-709.194	5095.46
770.196	416.282	3326.56
1375.48	-593.317	3750.91
168.173	-318.078	4528.6
-204.271	-467.988	3584.44
-17.3505	-709.405	3548.14
1030.49	563.6	4481.22
151.784	298.458	4001.12
400.286	1222.64	4308.29
-511.785	192.958	5295.89
644.328	-248.059	5074.69
-445.463	618.388	4467.71
-325.271	-876.72	4111.78
497.687	-223.424	4552.83
-40.1862	531.117	4304.85
1021.74	-513.124	4193.98
55.7528	442.556	4728.85
531.323	808.859	3681.11
-294.164	466.067	5336.6
880.208	554.593	4423.92
-295.71	-274.887	5203.87
-39.3068	254.983	4462.66
553.528	501.342	3533.47
1342.71	-666.834	4729.33
-163.728	-93.6046	3245.15
214.144	-50.7985	4713.64
-309.092	-194.949	4311.37
736.473	1023.89	5313.13
-127.178	-741.668	4989.28
-353.563	473.003	3816.4
258.464	897.588	4518.16
-361.179	631.111	4057.94
76.4843	-391.296	4445.64
1098.51	81.9797	4145.3
738.468	-201.45	5174.23
-59.5777	-279.265	3701.98
-917.742	951.284	4523.83
74.1617	-70.2046	4250.19
1205.09	373.758	4618.73
-347.575	518.712	4242.21
-89.242	1146.25	4340.72
917.989	813.274	4440.61
1028.09	-266.772	4487.9
481.612	-272.403	5249.99
1193.51	-91.0514	5255.57
1012.32	201.072	4814.45
42.8912	-167.802	4269.78
73.7411	-82.5337	3780.46
-861.224	51.2457	5040.72
827.24	383.06	5149.4
720.4	-709.194	5095.46
770.196	416.282	3326.56
1375.48	-593.317	3750.91
168.173	-318.078	4528.6
-204.271	-467.988	3584.44
-17.3505	-709.405	3548.14
1030.49	563.6	4481.22
151.784	298.458	4001.12
400.286	1222.64	4308.29
-511.785	192.958	5295.89
644.328	-248.059	5074.69
-445.463	618.388	4467.71
-325.271	-876.72	4111.78
497.687	-223.424	4552.83
-40.1862	531.117	4304.85
1021.74	-513.124	4193.98
55.7528	442.556	4728.85
531.323	808.859	3681.11
-294.164	466.067	5336.6
880.208	554.593	4423.92
-295.71	-274.887	5203.87
-39.3068	254.983	4462.66
553.528	501.342	3533.47
1342.71	-666.834	4729.33
-163.728	-93.6046	3245.15
214.144	-50.7985	4713.64
-309.092	-194.949	4311.37
736.473	1023.89	5313.13
-127.178	-741.668	4989.28
-353.563	473.003	3816.4
258.464	897.588	4518.16
-361.179	631.111	4057.94
76.4843	-391.296	4445.64
1098.51	81.9797	4145.3
738.468	-201.45	5174.23
-59.5777	-279.265	3701.98
-917.742	951.284	4523.83
74.1617	-70.2046	4250.19
1205.09	373.758	4618.73
-347.575	518.712	4242.21
-89.242	1146.25	4340.72
917.989	813.274	4440.61
1028.09	-266.772	4487.9
481.612	-272.403	5249.99
1193.51	-91.0514	5255.57
1012.32	201.072	4814.45
42.8912	-167.802	4269.78
73.7411	-82.5337	3780.46
-861.224	51.2457	5040.72
827.24	383.06	5149.4
720.4	-709.194	5095.46
770.196	416.282	3326.56
1375.48	-593.317	3750.91
168.173	-318.078	4528.6
-204.271	-467.988	3584.44
-17.3505	-709.405	3548.14
1030.49	563.6	4481.22
151.784	298.458	4001.12
