-147.835	263.9	3275.05
-498.393	-323.477	5114.59
175.652	-286.618	3974.91
174.873	-667.297	3427.26
572.559	-583.048	3157.17
337.04	576.151	4945.03
385.801	-615.573	4701.02
910.267	-49.8286	3514.72
-168.602	335.561	3946.97
-196.099	-427.99	4797.2
847.295	1060.82	5197.81
-351.601	-916.182	3801.49
714.494	1066.35	3526.68
-670.802	846.734	4954.32
-362.63	16.7043	4760.58
392.043	-718.694	3778.85
-661.597	553.245	4178.06
-546.92	920.537	4525.44
451.331	1074.23	3559.65
-608.833	334.555	3825.38
335.328	-166.403	4048.56
-326.419	932.254	4539.33
-169.628	51.0077	4476.26
38.6708	-8.02474	3348.51
1212.29	-497.998	4682.37
-505.782	-239.973	4127.64
517.97	959.298	3541.16
-198.807	687.229	3409.76
-492.659	628.654	4931.68
-497.458	504.567	3854.79
203.838	122.733	4233
-622.281	-144.842	4277.02
663.01	285.371	4982.03
-99.1524	-806.947	4755.21
1175.53	69.7242	4628.66
-366.167	437.535	3247.21
385.43	-580.046	4815.14
928.209	1233.21	3823.07
-410.81	-559.213	4262.69
216.599	375.559	4539.41
1127.93	501.495	4718.09
1034.08	278.702	5130.22
1063.47	-366.68	4918.3
902.549	-521.427	3411.07
-694.238	-59.599	4967.9
89.2897	631.721	5030.09
-722.132	80.6049	3846.42
-804.171	815.682	3590.42
873.796	-8.33385	4554.83
694.289	591.337	4894.95
-147.835	263.9	3275.05
-498.393	-323.477	5114.59
175.652	-286.618	3974.91
174.873	-667.297	3427.26
572.559	-583.048	3157.17
337.04	576.151	4945.03
385.801	-615.573	4701.02
910.267	-49.8286	3514.72
-168.602	335.561	3946.97
-196.099	-427.99	4797.2
847.295	1060.82	5197.81
-351.601	-916.182	3801.49
714.494	1066.35	3526.68
-670.802	846.734	4954.32
-362.63	16.7043	4760.58
392.043	-718.694	3778.85
-661.597	553.245	4178.06
-546.92	920.537	4525.44
451.331	1074.23	3559.65
-608.833	334.555	3825.38
335.328	-166.403	4048.56
-326.419	932.254	4539.33
-169.628	51.0077	4476.26
38.6708	-8.02474	3348.51
1212.29	-497.998	4682.37
-505.782	-239.973	4127.64
517.97	959.298	3541.16
-198.807	687.229	3409.76
-492.659	628.654	4931.68
-497.458	504.567	3854.79
203.838	122.733	4233
-622.281	-144.842	4277.02
663.01	285.371	4982.03
-99.1524	-806.947	4755.21
1175.53	69.7242	4628.66
-366.167	437.535	3247.21
385.43	-580.046	4815.14
928.209	1233.21	3823.07
-410.81	-559.213	4262.69
216.599	375.559	4539.41
1127.93	501.495	4718.09
1034.08	278.702	5130.22
1063.47	-366.68	4918.3
902.549	-521.427	3411.07
-694.238	-59.599	4967.9
89.2897	631.721	5030.09
-722.132	80.6049	3846.42
-804.171	815.682	3590.42
873.796	-8.33385	4554.83
694.289	591.337	4894.95
-147.835	263.9	3275.05
-498.393	-323.477	5114.59
175.652	-286.618	3974.91
174.873	-667.297	3427.26
572.559	-583.048	3157.17
337.04	576.151	4945.03
385.801	-615.573	4701.02
910.267	-49.8286	3514.72
-168.602	335.561	3946.97
-196.099	-427.99	4797.2
847.295	1060.82	5197.81
-351.601	-916.182	3801.49
714.494	1066.35	3526.68
-670.802	846.734	4954.32
-362.63	16.7043	4760.58
392.043	-718.694	3778.85
-661.597	553.245	4178.06
-546.92	920.537	4525.44
451.331	1074.23	3559.65
-608.833	334.555	3825.38
335.328	-166.403	4048.56
-326.419	932.254	4539.33
-169.628	51.0077	4476.26
38.6708	-8.02474	3348.51
1212.29	-497.998	4682.37
-505.782	-239.973	4127.64
517.97	959.298	3541.16
-198.807	687.229	3409.76
-492.659	628.654	4931.68
-497.458	504.567	3854.79
203.838	122.733	4233
-622.281	-144.842	4277.02
663.01	285.371	4982.03
-99.1524	-806.947	4755.21
1175.53	69.7242	4628.66
-366.167	437.535	3247.21
385.43	-580.046	4815.14
928.209	1233.21	3823.07
-410.81	-559.213	4262.69
216.599	375.559	4539.41
1127.93	501.495	4718.09
1034.08	278.702	5130.22
1063.47	-366.68	4918.3
902.549	-521.427	3411.07
-694.238	-59.599	4967.9
89.2897	631.721	5030.09
-722.132	80.6049	3846.42
-804.171	815.682	3590.42
873.796	-8.33385	4554.83
694.289	591.337	4894.95
-147.835	263.9	3275.05
-498.393	-323.477	5114.59
175.652	-286.618	3974.91
174.873	-667.297	3427.26
572.559	-583.048	3157.17
337.04	576.151	4945.03
385.801	-615.573	4701.02
910.267	-49.8286	3514.72
-168.602	335.561	3946.97
-196.099	-427.99	4797.2
847.295	1060.82	5197.81
-351.601	-916.182	3801.49
714.494	1066.35	3526.68
-670.802	846.734	4954.32
-362.63	16.7043	4760.58
392.043	-718.694	3778.85
-661.597	553.245	4178.06
-546.92	920.537	4525.44
451.331	1074.23	3559.65
-608.833	334.555	3825.38
335.328	-166.403	4048.56
-326.419	932.254	4539.33
-169.628	51.0077	4476.26
38.6708	-8.02474	3348.51
1212.29	-497.998	4682.37
-505.782	-239.973	4127.64
517.97	959.298	3541.16
-198.807	687.229	3409.76
-492.659	628.654	4931.68
-497.458	504.567	3854.79
203.838	122.733	4233
-622.281	-144.842	4277.02
663.01	285.371	4982.03
-99.1524	-806.947	4755.21
1175.53	69.7242	4628.66
-366.167	437.535	3247.21
385.43	-580.046	4815.14
928.209	1233.21	3823.07
-410.81	-559.213	4262.69
216.599	375.559	4539.41
1127.93	501.495	4718.09
1034.08	278.702	5130.22
1063.47	-366.68	4918.3
902.549	-521.427	3411.07
-694.238	-59.599	4967.9
89.2897	631.721	5030.09
-722.132	80.6049	3846.42
-804.171	815.682	3590.42
873.796	-8.33385	4554.83
694.289	591.337	4894.95
-147.853	263.932	3275.45
-498.454	-323.515	5115.21
175.674	-286.653	3975.39
174.894	-667.378	3427.68
572.628	-583.119	3157.56
337.081	576.221	4945.63
385.847	-615.648	4701.59
910.377	-49.8351	3515.15
-168.622	335.602	3947.45
-196.123	-428.042	4797.79
847.398	1060.95	5198.44
-351.644	-916.292	3801.96
714.582	1066.48	3527.11
-670.883	846.837	4954.92
-362.674	16.7065	4761.16
392.09	-718.781	3779.31
-661.677	553.313	4178.57
-546.986	920.649	4525.99
451.386	1074.36	3560.08
-608.907	334.596	3825.85
335.369	-166.424	4049.05
-326.458	932.368	4539.88
-169.649	51.0139	4476.81
38.6756	-8.02573	3348.91
1212.43	-498.059	4682.94
-505.843	-240.002	4128.15
518.034	959.414	3541.59
-198.831	687.313	3410.17
-492.718	628.73	4932.28
-497.518	504.628	3855.26
203.863	122.748	4233.52
-622.357	-144.859	4277.54
663.091	285.405	4982.63
-99.1647	-807.044	4755.79
1175.67	69.732	4629.22
-366.211	437.588	3247.6
385.477	-580.116	4815.72
928.323	1233.35	3823.54
-410.86	-559.28	4263.21
216.626	375.604	4539.96
1128.07	501.555	4718.66
1034.2	278.735	5130.84
1063.6	-366.725	4918.9
902.659	-521.491	3411.49
-694.322	-59.6059	4968.5
89.301	631.797	5030.7
-722.22	80.6151	3846.89
-804.268	815.781	3590.86
873.902	-8.33531	4555.39
694.374	591.408	4895.54
