-156.592	280.541	3477.74
-528.734	-343.142	5431.83
187.032	-304.053	4220.85
186.142	-708.416	3639.52
608.411	-618.904	3352.36
358.496	612.179	5250.12
410.287	-653.329	4991.79
966.94	-52.6214	3731.44
-178.559	356.697	4191.18
-207.684	-454.156	5094.49
900.164	1126.62	5517.48
-373.013	-972.853	4037.54
759.015	1132.41	3743.78
-711.787	899.682	5261.06
-384.548	18.1468	5055.52
416.81	-762.937	4012.68
-702.144	587.951	4436.94
-580.254	977.996	4805.47
479.652	1140.85	3779.01
-646.165	355.662	4062.5
356.597	-176.371	4298.81
-346.062	990.383	4819.96
-179.593	54.5507	4753.37
41.4841	-8.24037	3555.71
1287.72	-528.369	4970.95
-536.706	-254.534	4383.69
550.402	1018.82	3759.37
-210.694	730.1	3620.63
-522.593	668.064	5236.96
-527.841	536.207	4093.53
216.988	130.688	4494.62
-660.437	-153.478	4542.4
704.59	303.411	5289.19
-104.73	-856.67	5050.03
1248.62	74.4013	4913.62
-388.475	464.956	3448.28
409.905	-615.585	5112.93
985.876	1309.48	4058.11
-435.828	-593.615	4527.2
230.571	399.178	4819.77
1198.04	532.788	5008.32
1098.5	296.312	5446.03
1129.77	-388.927	5221.51
958.79	-553.4	3621.64
-736.778	-62.8767	5276.14
95.4468	671.228	5340.7
-766.547	85.9488	4085.1
-853.647	866.64	3812.93
928.337	-8.4748	4835.65
737.761	628.242	5196.51
-156.592	280.541	3477.74
-528.734	-343.142	5431.83
187.032	-304.053	4220.85
186.142	-708.416	3639.52
608.411	-618.904	3352.36
358.496	612.179	5250.12
410.287	-653.329	4991.79
966.94	-52.6214	3731.44
-178.559	356.697	4191.18
-207.684	-454.156	5094.49
900.164	1126.62	5517.48
-373.013	-972.853	4037.54
759.015	1132.41	3743.78
-711.787	899.682	5261.06
-384.548	18.1468	5055.52
416.81	-762.937	4012.68
-702.144	587.951	4436.94
-580.254	977.996	4805.47
479.652	1140.85	3779.01
-646.165	355.662	4062.5
356.597	-176.371	4298.81
-346.062	990.383	4819.96
-179.593	54.5507	4753.37
41.4841	-8.24037	3555.71
1287.72	-528.369	4970.95
-536.706	-254.534	4383.69
550.402	1018.82	3759.37
-210.694	730.1	3620.63
-522.593	668.064	5236.96
-527.841	536.207	4093.53
216.988	130.688	4494.62
-660.437	-153.478	4542.4
704.59	303.411	5289.19
-104.73	-856.67	5050.03
1248.62	74.4013	4913.62
-388.475	464.956	3448.28
409.905	-615.585	5112.93
985.876	1309.48	4058.11
-435.828	-593.615	4527.2
230.571	399.178	4819.77
1198.04	532.788	5008.32
1098.5	296.312	5446.03
1129.77	-388.927	5221.51
958.79	-553.4	3621.64
-736.778	-62.8767	5276.14
95.4468	671.228	5340.7
-766.547	85.9488	4085.1
-853.647	866.64	3812.93
928.337	-8.4748	4835.65
737.761	628.242	5196.51
-156.592	280.541	3477.74
-528.734	-343.142	5431.83
187.032	-304.053	4220.85
186.142	-708.416	3639.52
608.411	-618.904	3352.36
358.496	612.179	5250.12
410.287	-653.329	4991.79
966.94	-52.6214	3731.44
-178.559	356.697	4191.18
-207.684	-454.156	5094.49
900.164	1126.62	5517.48
-373.013	-972.853	4037.54
759.015	1132.41	3743.78
-711.787	899.682	5261.06
-384.548	18.1468	5055.52
416.81	-762.937	4012.68
-702.144	587.951	4436.94
-580.254	977.996	4805.47
479.652	1140.85	3779.01
-646.165	355.662	4062.5
356.597	-176.371	4298.81
-346.062	990.383	4819.96
-179.593	54.5507	4753.37
41.4841	-8.24037	3555.71
1287.72	-528.369	4970.95
-536.706	-254.534	4383.69
550.402	1018.82	3759.37
-210.694	730.1	3620.63
-522.593	668.064	5236.96
-527.841	536.207	4093.53
216.988	130.688	4494.62
-660.437	-153.478	4542.4
704.59	303.411	5289.19
-104.73	-856.67	5050.03
1248.62	74.4013	4913.62
-388.475	464.956	3448.28
409.905	-615.585	5112.93
985.876	1309.48	4058.11
-435.828	-593.615	4527.2
230.571	399.178	4819.77
1198.04	532.788	5008.32
1098.5	296.312	5446.03
1129.77	-388.927	5221.51
958.79	-553.4	3621.64
-736.778	-62.8767	5276.14
95.4468	671.228	5340.7
-766.547	85.9488	4085.1
-853.647	866.64	3812.93
928.337	-8.4748	4835.65
737.761	628.242	5196.51
-156.592	280.541	3477.74
-528.734	-343.142	5431.83
187.032	-304.053	4220.85
186.142	-708.416	3639.52
608.411	-618.904	3352.36
358.496	612.179	5250.12
410.287	-653.329	4991.79
966.94	-52.6214	3731.44
-178.559	356.697	4191.18
-207.684	-454.156	5094.49
900.164	1126.62	5517.48
-373.013	-972.853	4037.54
759.015	1132.41	3743.78
-711.787	899.682	5261.06
-384.548	18.1468	5055.52
416.81	-762.937	4012.68
-702.144	587.951	4436.94
-580.254	977.996	4805.47
479.652	1140.85	3779.01
-646.165	355.662	4062.5
356.597	-176.371	4298.81
-346.062	990.383	4819.96
-179.593	54.5507	4753.37
41.4841	-8.24037	3555.71
1287.72	-528.369	4970.95
-536.706	-254.534	4383.69
550.402	1018.82	3759.37
-210.694	730.1	3620.63
-522.593	668.064	5236.96
-527.841	536.207	4093.53
216.988	130.688	4494.62
-660.437	-153.478	4542.4
704.59	303.411	5289.19
-104.73	-856.67	5050.03
1248.62	74.4013	4913.62
-388.475	464.956	3448.28
409.905	-615.585	5112.93
985.876	1309.48	4058.11
-435.828	-593.615	4527.2
230.571	399.178	4819.77
1198.04	532.788	5008.32
1098.5	296.312	5446.03
1129.77	-388.927	5221.51
958.79	-553.4	3621.64
-736.778	-62.8767	5276.14
95.4468	671.228	5340.7
-766.547	85.9488	4085.1
-853.647	866.64	3812.93
928.337	-8.4748	4835.65
737.761	628.242	5196.51
-156.592	280.541	3477.74
-528.734	-343.142	5431.83
187.032	-304.053	4220.85
186.142	-708.416	3639.52
608.411	-618.904	3352.36
358.496	612.179	5250.12
410.287	-653.329	4991.79
966.94	-52.6214	3731.44
-178.559	356.697	4191.18
-207.684	-454.156	5094.49
900.164	1126.62	5517.48
-373.013	-972.853	4037.54
759.015	1132.41	3743.78
-711.787	899.682	5261.06
-384.548	18.1468	5055.52
416.81	-762.937	4012.68
-702.144	587.951	4436.94
-580.254	977.996	4805.47
479.652	1140.85	3779.01
-646.165	355.662	4062.5
356.597	-176.371	4298.81
-346.062	990.383	4819.96
-179.593	54.5507	4753.37
41.4841	-8.24037	3555.71
1287.72	-528.369	4970.95
-536.706	-254.534	4383.69
550.402	1018.82	3759.37
-210.694	730.1	3620.63
-522.593	668.064	5236.96
-527.841	536.207	4093.53
216.988	130.688	4494.62
-660.437	-153.478	4542.4
704.59	303.411	5289.19
-104.73	-856.67	5050.03
1248.62	74.4013	4913.62
-388.475	464.956	3448.28
409.905	-615.585	5112.93
985.876	1309.48	4058.11
-435.828	-593.615	4527.2
230.571	399.178	4819.77
1198.04	532.788	5008.32
1098.5	296.312	5446.03
1129.77	-388.927	5221.51
958.79	-553.4	3621.64
-736.778	-62.8767	5276.14
95.4468	671.228	5340.7
-766.547	85.9488	4085.1
-853.647	866.64	3812.93
928.337	-8.4748	4835.65
737.761	628.242	5196.51
