-152.232	271.746	3372.49
-513.214	-333.097	5266.74
180.874	-295.142	4093.15
180.071	-687.142	3529.23
589.583	-600.386	3251.1
347.06	593.282	5092.14
397.271	-633.879	4840.87
937.332	-51.3116	3619.27
-173.616	345.538	4064.39
-201.932	-440.718	4939.93
872.488	1092.36	5352.44
-362.058	-943.426	3914.59
735.74	1098.06	3631.6
-690.751	871.91	5101.71
-373.415	17.1994	4902.21
403.698	-740.066	3891.26
-681.271	569.695	4302.36
-563.184	947.908	4660.07
464.75	1106.17	3665.55
-626.939	344.502	3939.19
345.297	-171.352	4169
-336.127	959.973	4674.37
-174.674	52.5228	4609.43
39.8193	-8.26457	3448.13
1248.34	-512.809	4821.68
-520.822	-247.11	4250.44
533.371	987.821	3646.5
-204.72	707.663	3511.2
-507.31	647.346	5078.4
-512.252	519.57	3969.48
209.897	126.381	4358.93
-640.785	-149.15	4404.25
682.724	293.855	5130.24
-102.103	-830.944	4896.68
1210.48	71.7958	4766.37
-377.057	450.544	3343.82
396.889	-597.294	4958.38
955.809	1269.87	3936.81
-423.029	-575.844	4389.52
223.038	386.724	4674.45
1161.47	516.404	4858.44
1064.82	286.988	5282.84
1095.1	-377.586	5064.63
929.386	-536.934	3512.55
-714.884	-61.3728	5115.7
91.943	650.504	5179.73
-743.606	83.0006	3960.85
-828.085	839.936	3697.24
899.779	-8.58327	4690.35
714.934	608.92	5040.58
-152.238	271.757	3372.63
-513.236	-333.111	5266.96
180.881	-295.154	4093.33
180.079	-687.171	3529.37
589.608	-600.412	3251.24
347.075	593.306	5092.36
397.287	-633.906	4841.07
937.371	-51.3143	3619.43
-173.623	345.552	4064.56
-201.941	-440.737	4940.13
872.525	1092.41	5352.67
-362.073	-943.465	3914.75
735.771	1098.1	3631.75
-690.779	871.947	5101.93
-373.43	17.2001	4902.42
403.715	-740.097	3891.43
-681.299	569.719	4302.54
-563.207	947.947	4660.27
464.77	1106.22	3665.71
-626.965	344.517	3939.36
345.312	-171.36	4169.17
-336.14	960.013	4674.56
-174.681	52.5249	4609.63
39.8211	-8.26508	3448.27
1248.39	-512.831	4821.88
-520.844	-247.121	4250.62
533.394	987.862	3646.66
-204.728	707.693	3511.35
-507.331	647.373	5078.61
-512.273	519.592	3969.64
209.906	126.386	4359.12
-640.812	-149.156	4404.44
682.753	293.866	5130.46
-102.107	-830.979	4896.89
1210.53	71.798	4766.57
-377.072	450.563	3343.96
396.906	-597.32	4958.59
955.85	1269.93	3936.97
-423.046	-575.868	4389.7
223.048	386.74	4674.65
1161.52	516.425	4858.65
1064.87	286.999	5283.06
1095.14	-377.603	5064.84
929.425	-536.957	3512.7
-714.913	-61.3752	5115.91
91.9474	650.531	5179.95
-743.637	83.0042	3961.02
-828.119	839.971	3697.4
899.816	-8.58423	4690.55
714.964	608.945	5040.79
-152.245	271.771	3372.8
-513.261	-333.127	5267.23
180.89	-295.169	4093.53
180.088	-687.205	3529.55
589.637	-600.442	3251.4
347.093	593.336	5092.61
397.307	-633.938	4841.32
937.418	-51.3173	3619.61
-173.631	345.569	4064.76
-201.951	-440.759	4940.38
872.569	1092.46	5352.94
-362.091	-943.512	3914.95
735.809	1098.16	3631.93
-690.812	871.991	5102.18
-373.449	17.2011	4902.67
403.735	-740.134	3891.62
-681.333	569.748	4302.75
-563.234	947.995	4660.5
464.794	1106.27	3665.89
-626.996	344.534	3939.55
345.329	-171.369	4169.38
-336.156	960.061	4674.8
-174.689	52.5276	4609.86
39.8233	-8.2655	3448.45
1248.45	-512.857	4822.12
-520.87	-247.133	4250.83
533.421	987.911	3646.84
-204.738	707.728	3511.52
-507.355	647.406	5078.86
-512.298	519.618	3969.84
209.917	126.392	4359.33
-640.844	-149.163	4404.66
682.787	293.881	5130.72
-102.112	-831.02	4897.13
1210.6	71.8011	4766.81
-377.091	450.586	3344.12
396.926	-597.35	4958.84
955.898	1269.99	3937.17
-423.067	-575.897	4389.92
223.06	386.759	4674.88
1161.58	516.451	4858.89
1064.92	287.013	5283.33
1095.2	-377.622	5065.09
929.471	-536.984	3512.88
-714.949	-61.3779	5116.17
91.9526	650.563	5180.21
-743.674	83.0087	3961.22
-828.16	840.013	3697.58
899.862	-8.58507	4690.78
715	608.975	5041.04
-152.245	271.771	3372.8
-513.261	-333.127	5267.23
180.89	-295.169	4093.53
180.088	-687.205	3529.55
589.637	-600.442	3251.4
347.093	593.336	5092.61
397.307	-633.938	4841.32
937.418	-51.3173	3619.61
-173.631	345.569	4064.76
-201.951	-440.759	4940.38
872.569	1092.46	5352.94
-362.091	-943.512	3914.95
735.809	1098.16	3631.93
-690.812	871.991	5102.18
-373.449	17.2011	4902.67
403.735	-740.134	3891.62
-681.333	569.748	4302.75
-563.234	947.995	4660.5
464.794	1106.27	3665.89
-626.996	344.534	3939.55
345.329	-171.369	4169.38
-336.156	960.061	4674.8
-174.689	52.5276	4609.86
39.8233	-8.2655	3448.45
1248.45	-512.857	4822.12
-520.87	-247.133	4250.83
533.421	987.911	3646.84
-204.738	707.728	3511.52
-507.355	647.406	5078.86
-512.298	519.618	3969.84
209.917	126.392	4359.33
-640.844	-149.163	4404.66
682.787	293.881	5130.72
-102.112	-831.02	4897.13
1210.6	71.8011	4766.81
-377.091	450.586	3344.12
396.926	-597.35	4958.84
955.898	1269.99	3937.17
-423.067	-575.897	4389.92
223.06	386.759	4674.88
1161.58	516.451	4858.89
1064.92	287.013	5283.33
1095.2	-377.622	5065.09
929.471	-536.984	3512.88
-714.949	-61.3779	5116.17
91.9526	650.563	5180.21
-743.674	83.0087	3961.22
-828.16	840.013	3697.58
899.862	-8.58507	4690.78
715	608.975	5041.04
-152.245	271.771	3372.8
-513.261	-333.127	5267.23
180.89	-295.169	4093.53
180.088	-687.205	3529.55
589.637	-600.442	3251.4
347.093	593.336	5092.61
397.307	-633.938	4841.32
937.418	-51.3173	3619.61
-173.631	345.569	4064.76
-201.951	-440.759	4940.38
872.569	1092.46	5352.94
-362.091	-943.512	3914.95
735.809	1098.16	3631.93
-690.812	871.991	5102.18
-373.449	17.2011	4902.67
403.735	-740.134	3891.62
-681.333	569.748	4302.75
-563.234	947.995	4660.5
464.794	1106.27	3665.89
-626.996	344.534	3939.55
345.329	-171.369	4169.38
-336.156	960.061	4674.8
-174.689	52.5276	4609.86
39.8233	-8.2655	3448.45
1248.45	-512.857	4822.12
-520.87	-247.133	4250.83
533.421	987.911	3646.84
-204.738	707.728	3511.52
-507.355	647.406	5078.86
-512.298	519.618	3969.84
209.917	126.392	4359.33
-640.844	-149.163	4404.66
682.787	293.881	5130.72
-102.112	-831.02	4897.13
1210.6	71.8011	4766.81
-377.091	450.586	3344.12
396.926	-597.35	4958.84
955.898	1269.99	3937.17
-423.067	-575.897	4389.92
223.06	386.759	4674.88
1161.58	516.451	4858.89
1064.92	287.013	5283.33
1095.2	-377.622	5065.09
929.471	-536.984	3512.88
-714.949	-61.3779	5116.17
91.9526	650.563	5180.21
-743.674	83.0087	3961.22
-828.16	840.013	3697.58
899.862	-8.58507	4690.78
715	608.975	5041.04
