338.063	257.284
325.872	204.612
373.97	200.88
373.307	156.024
419.291	159.291
386.788	270.05
390.262	179.194
450.561	221.387
342.499	258.894
345.654	194.892
422.546	301.847
322.615	139.63
431.18	337.764
312.253	290.796
332.893	229.044
394.444	157.496
301.158	276.726
316.404	302.702
403.588	337.898
299.223	260.203
388.554	212.114
334.431	303.252
346.06	231.808
359.047	226.588
454.913	187.635
313.519	206.593
410.528	326.481
334.456	301.812
325.08	274.699
310.543	276.07
376.826	237.968
305.746	215.579
410.482	248.035
352.607	165.368
453.487	232.1
313.238	277.439
389.904	183.034
447.43	344.957
323.419	179.729
377.938	257.714
448.69	265.622
435.934	246.69
440.185	199.396
451.386	170.656
310.121	223.575
368.549	273.577
288.644	235.865
274.762	311.77
430.483	226.13
413.684	271.341
338.639	257.285
326.24	204.612
374.445	200.88
373.857	156.024
419.886	159.292
387.17	270.049
390.663	179.194
451.095	221.387
342.977	258.894
346.047	194.892
422.909	301.847
323.11	139.629
431.714	337.762
312.634	290.796
333.289	229.044
394.942	157.496
301.609	276.726
316.822	302.702
404.118	337.897
299.716	260.203
389.02	212.114
334.847	303.253
346.482	231.808
359.611	226.588
455.314	187.636
313.976	206.592
411.06	326.48
335.009	301.812
325.462	274.699
311.032	276.07
377.272	237.968
306.187	215.579
410.861	248.035
353.003	165.368
453.893	232.1
313.819	277.44
390.295	183.034
447.922	344.955
323.86	179.729
378.354	257.714
449.088	265.622
436.301	246.69
440.567	199.396
451.936	170.657
310.5	223.575
368.924	273.577
289.134	235.866
275.286	311.771
430.896	226.13
414.07	271.341
338.639	257.285
326.24	204.612
374.445	200.88
373.857	156.024
419.886	159.292
387.17	270.049
390.663	179.194
451.095	221.387
342.977	258.894
346.047	194.892
422.909	301.847
323.11	139.629
431.714	337.762
312.634	290.796
333.289	229.044
394.942	157.496
301.609	276.726
316.822	302.702
404.118	337.897
299.716	260.203
389.02	212.114
334.847	303.253
346.482	231.808
359.611	226.588
455.314	187.636
313.976	206.592
411.06	326.48
335.009	301.812
325.462	274.699
311.032	276.07
377.272	237.968
306.187	215.579
410.861	248.035
353.003	165.368
453.893	232.1
313.819	277.44
390.295	183.034
447.922	344.955
323.86	179.729
378.354	257.714
449.088	265.622
436.301	246.69
440.567	199.396
451.936	170.657
310.5	223.575
368.924	273.577
289.134	235.866
275.286	311.771
430.896	226.13
414.07	271.341
338.639	257.285
326.24	204.612
374.445	200.88
373.857	156.024
419.886	159.292
387.17	270.049
390.663	179.194
451.095	221.387
342.977	258.894
346.047	194.892
422.909	301.847
323.11	139.629
431.714	337.762
312.634	290.796
333.289	229.044
394.942	157.496
301.609	276.726
316.822	302.702
404.118	337.897
299.716	260.203
389.02	212.114
334.847	303.253
346.482	231.808
359.611	226.588
455.314	187.636
313.976	206.592
411.06	326.48
335.009	301.812
325.462	274.699
311.032	276.07
377.272	237.968
306.187	215.579
410.861	248.035
353.003	165.368
453.893	232.1
313.819	277.44
390.295	183.034
447.922	344.955
323.86	179.729
378.354	257.714
449.088	265.622
436.301	246.69
440.567	199.396
451.936	170.657
310.5	223.575
368.924	273.577
289.134	235.866
275.286	311.771
430.896	226.13
414.07	271.341
338.639	257.285
326.24	204.612
374.445	200.88
373.857	156.024
419.886	159.292
387.17	270.049
390.663	179.194
451.095	221.387
342.977	258.894
346.047	194.892
422.909	301.847
323.11	139.629
431.714	337.762
312.634	290.796
333.289	229.044
394.942	157.496
301.609	276.726
316.822	302.702
404.118	337.897
299.716	260.203
389.02	212.114
334.847	303.253
346.482	231.808
359.611	226.588
455.314	187.636
313.976	206.592
411.06	326.48
335.009	301.812
325.462	274.699
311.032	276.07
377.272	237.968
306.187	215.579
410.861	248.035
353.003	165.368
453.893	232.1
313.819	277.44
390.295	183.034
447.922	344.955
323.86	179.729
378.354	257.714
449.088	265.622
436.301	246.69
440.567	199.396
451.936	170.657
310.5	223.575
368.924	273.577
289.134	235.866
275.286	311.771
430.896	226.13
414.07	271.341
