4.798982379460236416e+02	2.910627591313966036e+02
6.215980411807934161e+02	3.818279824905185933e+02
3.836247398189538558e+02	1.951179478838761838e+02
5.547966084025351847e+02	2.805309832607973135e+02
3.412095134818924862e+02	1.977894873262264923e+02
4.728860695320939840e+02	8.490867043322002701e+02
5.997524452772142922e+02	5.732110561539676610e+02
3.781650534667494412e+02	2.947551350990104311e+02
2.275640097006767917e+02	2.527166939962384618e+02
1.874613081222165647e+02	6.004584089793197563e+02
5.569942147337319511e+02	7.263886939561405143e+02
5.596150112982099927e+02	2.357812645261640796e+02
3.890559259629497433e+02	4.654549676784964163e+02
3.746635842832159256e+02	5.532321571727060245e+02
5.113978638123825249e+02	2.635019789112033095e+02
4.736002556092977898e+02	6.070475637061235830e+02
6.634448582540326242e+02	3.629660162720998642e+02
3.603917896657567894e+02	4.112403669989649870e+02
3.288028578894655993e+02	3.698404914517486759e+02
4.775151021660371384e+02	2.523252822040498700e+02
4.757578073869701143e+02	4.635491876886463842e+02
3.207769051504132563e+02	2.166508776105675906e+02
5.907115985685961732e+02	3.454437707155799444e+02
3.517290789214396796e+02	5.724235838170941406e+02
5.558698498759281392e+02	4.033858364787076312e+02
5.659555219173324758e+02	3.650015540980862170e+02
5.751121430861348927e+02	4.101555577145546749e+02
4.983819021570554355e+02	3.969903875616263349e+02
4.458265115376382255e+02	2.743628727737831241e+02
3.741974601078369460e+02	2.730569638537737660e+02
3.847304682257358763e+02	4.350784841739102831e+02
3.095095470856135762e+02	2.754568926494283687e+02
3.604152490517906244e+02	4.610218739085417496e+02
3.883594205221330071e+02	3.847192292093062633e+02
6.613418991191558689e+02	6.196984011699744315e+02
5.292922308421507296e+02	4.681509663257556895e+02
3.993781130762580460e+02	5.291720960499134208e+02
5.310355697155853250e+02	4.938422453904063332e+02
7.143653092972625700e+02	3.457444386695265166e+02
3.490042875505756115e+02	4.481043150150916290e+02
3.187504231912424757e+02	4.501287862518072416e+02
2.674132219870532481e+02	7.124369224601913402e+02
3.210128173728477918e+02	1.684784376338240293e+02
4.991619607403786176e+02	4.775855640026589981e+02
3.824995073745131435e+02	2.251722305471328980e+02
4.373544425253697909e+02	3.968294557405679370e+02
2.604010496495166649e+02	5.272127501863839143e+02
3.606989367160057327e+02	1.896023992533002911e+02
4.086126524728503000e+02	3.037507791265516062e+02
7.828120474605166237e+02	1.958460894902817131e+02
