3.582446583179664117e+02	4.858221798793964012e+02
5.668065550915462154e+02	3.408663489450186717e+02
3.023864297841984126e+02	4.512551311637422486e+02
3.705234198502940899e+02	3.432766821991482402e+02
4.185160655165448702e+02	3.560537425527735422e+02
5.595034898026917745e+02	4.921433626349017914e+02
6.301653236794415989e+02	2.721447799667903951e+02
3.300490727441992362e+02	3.049687352808422816e+02
3.478255931901143754e+02	4.147868343851478130e+02
4.007464236547202177e+02	1.955353870232808617e+02
5.064375900683805298e+02	4.762157583671841508e+02
5.742022712186684430e+02	2.879161063903789000e+02
4.588062923857096393e+02	3.644680256302671637e+02
3.380800777248900886e+02	5.531100894304668145e+02
7.148483166442272250e+02	2.619246081660610344e+02
2.895570258459239312e+02	4.412054525500617501e+02
6.420174371581698551e+02	4.446379185134913996e+02
3.227501093708535223e+02	3.309775630592853872e+02
4.607541952394936970e+02	2.264523233859306686e+02
5.459838864501001581e+02	2.539956866920797438e+02
4.834606294891388529e+02	4.728679549694284105e+02
3.392231319914226901e+02	3.382537702967467226e+02
3.543418935345350178e+02	4.853377229529227748e+02
5.259500559525608878e+02	3.947591351950753733e+02
6.837075585999805298e+02	4.535563288659599834e+02
5.752098502066556875e+02	4.022418318697642121e+02
4.932411371926876882e+02	2.425707147436432649e+02
3.974750091120437219e+02	3.496420933120198242e+02
7.124323619671364440e+02	3.655451993271167908e+02
6.680620152221446233e+02	2.840667827303753938e+02
3.927952115638337318e+02	3.299991975146442655e+02
6.241827231072779796e+02	3.168190332809246570e+02
3.517167607055745293e+02	5.732961561841951834e+02
3.809718872547730939e+02	2.677580801729918107e+02
3.108336367570228163e+02	3.572353084549790196e+02
4.712541358161913081e+02	4.838186770721273433e+02
6.335576877647098399e+02	3.724027193101031230e+02
6.251590320974815995e+02	2.991695564982868518e+02
5.884599865726863754e+02	5.067629841141900329e+02
3.840063601072829442e+02	3.235063964191249966e+02
5.729962817602797713e+02	2.015462164389027180e+02
3.421057712381097531e+02	5.360834794159271723e+02
4.559540534034425718e+02	2.169053990646804664e+02
6.138168836037733627e+02	3.817613117656493955e+02
3.048154181901960555e+02	3.490104130877107877e+02
3.120207767099473699e+02	3.701025922077007522e+02
3.201808031413553977e+02	3.845419153707831583e+02
2.926127841597502197e+02	2.759342760493543096e+02
3.193676781915933702e+02	4.734978866868380010e+02
5.077118034291827939e+02	2.163945299330649732e+02
