3.572150985464450628e+02	5.253605411702803849e+02
5.977851056049682938e+02	3.571812071234802488e+02
2.918288976889744504e+02	4.675466071422762298e+02
3.555375544591869357e+02	3.211301963038743565e+02
4.303154074077256723e+02	3.586795019041780392e+02
6.412892547101955643e+02	5.955917046421097893e+02
6.799208665504067994e+02	2.947341874529837469e+02
3.313765661342238218e+02	3.195920409031198801e+02
3.570662989855695741e+02	4.268659791639867080e+02
4.229428922553145185e+02	1.794743903622729704e+02
5.155542635162837541e+02	5.138290591015710334e+02
5.809722683535953820e+02	2.935127468749641935e+02
4.671971095896130919e+02	3.703631096024781186e+02
2.891281897335919666e+02	6.981510981209927422e+02
8.392937047895346723e+02	2.943984443638755124e+02
2.903976408058466632e+02	4.861183023837467658e+02
7.175856216244236521e+02	5.360142466087040702e+02
3.153058094866217402e+02	3.158072601462621378e+02
4.693719246539944834e+02	2.206637838835507068e+02
5.663897212682675217e+02	2.521892864530323664e+02
5.129322974679628260e+02	5.212421916493453864e+02
3.447097619983363757e+02	3.341666593652790880e+02
3.266914935869078818e+02	5.400931617939103262e+02
5.514907884913243379e+02	4.493940615151863085e+02
8.160702879192831460e+02	5.909401123423831450e+02
5.934243780462471705e+02	4.249836390050968475e+02
4.988409995546414279e+02	2.451736234669042744e+02
3.994980916097697445e+02	3.513227937401430268e+02
8.373469615527624228e+02	4.179084952879113075e+02
7.268846407275922274e+02	3.097546597677560953e+02
3.816259417174473469e+02	3.215220674146929696e+02
6.706140040705514593e+02	3.341699149991587774e+02
3.061521759617407383e+02	7.286169879513050773e+02
3.840694192267549738e+02	2.524147691263591469e+02
2.811674453217438554e+02	3.442665919903128042e+02
4.755185461919338650e+02	5.566359834365489405e+02
6.914195051555741429e+02	4.209751077254962297e+02
6.564008937246567257e+02	3.408450702160366745e+02
6.551937680403478907e+02	6.572360752765388270e+02
3.780342241969795509e+02	3.198488478264051764e+02
5.992725982005981678e+02	2.080096871835213506e+02
3.152834470105693185e+02	6.605821278655873812e+02
4.690842631191819123e+02	2.100915475364677434e+02
6.664349207206770416e+02	4.286337167628374232e+02
3.100953349530789751e+02	3.507425542366310083e+02
2.972893688558737040e+02	3.986613317351406067e+02
2.911858068251808618e+02	4.044148640748134085e+02
3.024975460072258784e+02	2.775732499863458997e+02
3.013302438259020732e+02	4.979014125300211049e+02
5.383875851060314517e+02	2.276775337864720541e+02
