1742.79	723.423	3160.48
1437.12	660.318	4279.06
1524.27	3357.91	3037.83
370.838	189.037	4527.91
13.5351	1690.69	5004.69
-203.557	2410.59	3613.36
-251.009	-237.073	4586.08
3048.39	425.416	1805.16
2277.81	180.935	5138.79
-505.764	941.009	3609.52
-196.133	1719.13	4370.3
307.862	404.309	4512.67
1276.41	2411.34	5372.61
1217.97	-518.076	3239.2
1727.39	71.2939	4797.06
2197.83	1590.38	4564.11
-176.43	1380.17	4309.24
1626.93	62.9481	3537.92
2822.24	1112.9	4968.44
-1146.31	2735.09	5155.31
2305.51	1908.19	2156.4
-392.515	1557.74	5138.29
2400.83	1524.47	2926.33
720.227	-631.554	5122.54
-471.674	-505.033	1552.78
1930.75	1695.23	5342.48
1773.2	3490.4	3156.46
2151.58	2546.04	5350.59
139.457	2371.72	3260.27
908.538	3237.27	2974.6
2655.52	2105.15	2875.1
2217.8	2918.47	2888.07
-438.96	633.749	4136.71
1952.37	1745.43	5078.5
1046.05	932.18	1682.26
2500.96	1736.91	2505.02
1815.45	2009.99	4846.64
1251.36	1265.85	4198.96
287.946	2293.62	4153.76
632.846	-365.167	2597.25
-715.112	2159.4	3620.32
-316.919	2361.69	3803.3
-367.432	784.674	2701.99
1538.56	1176.45	5534.62
-646.793	2935.24	3051.17
3015.63	1051.18	3896.4
-271.784	1518.01	5632.99
-629.824	700.881	4622.46
-314.257	1726.64	3465.66
2793	2424.18	2660.44
1742.79	723.423	3160.48
1437.12	660.318	4279.06
1524.27	3357.91	3037.83
370.838	189.037	4527.91
13.5351	1690.69	5004.69
-203.557	2410.59	3613.36
-251.009	-237.073	4586.08
3048.39	425.416	1805.16
2277.81	180.935	5138.79
-505.764	941.009	3609.52
-196.133	1719.13	4370.3
307.862	404.309	4512.67
1276.41	2411.34	5372.61
1217.97	-518.076	3239.2
1727.39	71.2939	4797.06
2197.83	1590.38	4564.11
-176.43	1380.17	4309.24
1626.93	62.9481	3537.92
2822.24	1112.9	4968.44
-1146.31	2735.09	5155.31
2305.51	1908.19	2156.4
-392.515	1557.74	5138.29
2400.83	1524.47	2926.33
720.227	-631.554	5122.54
-471.674	-505.033	1552.78
1930.75	1695.23	5342.48
1773.2	3490.4	3156.46
2151.58	2546.04	5350.59
139.457	2371.72	3260.27
908.538	3237.27	2974.6
2655.52	2105.15	2875.1
2217.8	2918.47	2888.07
-438.96	633.749	4136.71
1952.37	1745.43	5078.5
1046.05	932.18	1682.26
2500.96	1736.91	2505.02
1815.45	2009.99	4846.64
1251.36	1265.85	4198.96
287.946	2293.62	4153.76
632.846	-365.167	2597.25
-715.112	2159.4	3620.32
-316.919	2361.69	3803.3
-367.432	784.674	2701.99
1538.56	1176.45	5534.62
-646.793	2935.24	3051.17
3015.63	1051.18	3896.4
-271.784	1518.01	5632.99
-629.824	700.881	4622.46
-314.257	1726.64	3465.66
2793	2424.18	2660.44
1742.79	723.423	3160.48
1437.12	660.318	4279.06
1524.27	3357.91	3037.83
370.838	189.037	4527.91
13.5351	1690.69	5004.69
-203.557	2410.59	3613.36
-251.009	-237.073	4586.08
3048.39	425.416	1805.16
2277.81	180.935	5138.79
-505.764	941.009	3609.52
-196.133	1719.13	4370.3
307.862	404.309	4512.67
1276.41	2411.34	5372.61
1217.97	-518.076	3239.2
1727.39	71.2939	4797.06
2197.83	1590.38	4564.11
-176.43	1380.17	4309.24
1626.93	62.9481	3537.92
2822.24	1112.9	4968.44
-1146.31	2735.09	5155.31
2305.51	1908.19	2156.4
-392.515	1557.74	5138.29
2400.83	1524.47	2926.33
720.227	-631.554	5122.54
-471.674	-505.033	1552.78
1930.75	1695.23	5342.48
1773.2	3490.4	3156.46
2151.58	2546.04	5350.59
139.457	2371.72	3260.27
908.538	3237.27	2974.6
2655.52	2105.15	2875.1
2217.8	2918.47	2888.07
-438.96	633.749	4136.71
1952.37	1745.43	5078.5
1046.05	932.18	1682.26
2500.96	1736.91	2505.02
1815.45	2009.99	4846.64
1251.36	1265.85	4198.96
287.946	2293.62	4153.76
632.846	-365.167	2597.25
-715.112	2159.4	3620.32
-316.919	2361.69	3803.3
-367.432	784.674	2701.99
1538.56	1176.45	5534.62
-646.793	2935.24	3051.17
3015.63	1051.18	3896.4
-271.784	1518.01	5632.99
-629.824	700.881	4622.46
-314.257	1726.64	3465.66
2793	2424.18	2660.44
1742.79	723.423	3160.48
1437.12	660.318	4279.06
1524.27	3357.91	3037.83
370.838	189.037	4527.91
13.5351	1690.69	5004.69
-203.557	2410.59	3613.36
-251.009	-237.073	4586.08
3048.39	425.416	1805.16
2277.81	180.935	5138.79
-505.764	941.009	3609.52
-196.133	1719.13	4370.3
307.862	404.309	4512.67
1276.41	2411.34	5372.61
1217.97	-518.076	3239.2
1727.39	71.2939	4797.06
2197.83	1590.38	4564.11
-176.43	1380.17	4309.24
1626.93	62.9481	3537.92
2822.24	1112.9	4968.44
-1146.31	2735.09	5155.31
2305.51	1908.19	2156.4
-392.515	1557.74	5138.29
2400.83	1524.47	2926.33
720.227	-631.554	5122.54
-471.674	-505.033	1552.78
1930.75	1695.23	5342.48
1773.2	3490.4	3156.46
2151.58	2546.04	5350.59
139.457	2371.72	3260.27
908.538	3237.27	2974.6
2655.52	2105.15	2875.1
2217.8	2918.47	2888.07
-438.96	633.749	4136.71
1952.37	1745.43	5078.5
1046.05	932.18	1682.26
2500.96	1736.91	2505.02
1815.45	2009.99	4846.64
1251.36	1265.85	4198.96
287.946	2293.62	4153.76
632.846	-365.167	2597.25
-715.112	2159.4	3620.32
-316.919	2361.69	3803.3
-367.432	784.674	2701.99
1538.56	1176.45	5534.62
-646.793	2935.24	3051.17
3015.63	1051.18	3896.4
-271.784	1518.01	5632.99
-629.824	700.881	4622.46
-314.257	1726.64	3465.66
2793	2424.18	2660.44
1742.79	723.423	3160.48
1437.12	660.318	4279.06
1524.27	3357.91	3037.83
370.838	189.037	4527.91
13.5351	1690.69	5004.69
-203.557	2410.59	3613.36
-251.009	-237.073	4586.08
3048.39	425.416	1805.16
2277.81	180.935	5138.79
-505.764	941.009	3609.52
-196.133	1719.13	4370.3
307.862	404.309	4512.67
1276.41	2411.34	5372.61
1217.97	-518.076	3239.2
1727.39	71.2939	4797.06
2197.83	1590.38	4564.11
-176.43	1380.17	4309.24
1626.93	62.9481	3537.92
2822.24	1112.9	4968.44
-1146.31	2735.09	5155.31
2305.51	1908.19	2156.4
-392.515	1557.74	5138.29
2400.83	1524.47	2926.33
720.227	-631.554	5122.54
-471.674	-505.033	1552.78
1930.75	1695.23	5342.48
1773.2	3490.4	3156.46
2151.58	2546.04	5350.59
139.457	2371.72	3260.27
908.538	3237.27	2974.6
2655.52	2105.15	2875.1
2217.8	2918.47	2888.07
-438.96	633.749	4136.71
1952.37	1745.43	5078.5
1046.05	932.18	1682.26
2500.96	1736.91	2505.02
1815.45	2009.99	4846.64
1251.36	1265.85	4198.96
287.946	2293.62	4153.76
632.846	-365.167	2597.25
-715.112	2159.4	3620.32
-316.919	2361.69	3803.3
-367.432	784.674	2701.99
1538.56	1176.45	5534.62
-646.793	2935.24	3051.17
3015.63	1051.18	3896.4
-271.784	1518.01	5632.99
-629.824	700.881	4622.46
-314.257	1726.64	3465.66
2793	2424.18	2660.44
