-143.711	256.526	3183.55
-484.482	-314.428	4971.68
170.726	-278.608	3863.84
169.966	-648.647	3331.5
556.538	-566.756	3068.96
327.61	560.045	4806.86
374.994	-598.369	4569.65
884.811	-48.4454	3416.51
-163.898	326.184	3836.69
-190.638	-416.024	4663.17
823.606	1031.16	5052.57
-341.797	-890.569	3695.28
694.524	1036.54	3428.14
-652.058	823.074	4815.89
-352.508	16.2424	4627.56
381.064	-698.609	3673.26
-643.11	537.789	4061.31
-531.636	894.813	4398.99
438.716	1044.2	3460.19
-591.825	325.211	3718.5
325.94	-161.755	3935.43
-317.3	906.201	4412.5
-164.901	49.5846	4351.2
37.5788	-7.80033	3254.94
1178.38	-484.092	4551.54
-491.661	-233.26	4012.32
503.492	932.479	3442.21
-193.254	668.023	3314.49
-478.897	611.089	4793.89
-483.56	490.47	3747.09
198.128	119.301	4114.73
-604.901	-140.785	4157.51
644.466	277.388	4842.83
-96.4058	-784.39	4622.35
1142.66	67.7628	4499.34
-355.938	425.31	3156.48
374.635	-563.836	4680.6
902.266	1198.73	3716.25
-399.347	-543.576	4143.58
210.534	365.06	4412.57
1096.39	487.464	4586.25
1005.16	270.901	4986.87
1033.73	-356.442	4780.88
877.304	-506.862	3315.76
-674.849	-57.9242	4829.09
86.7847	614.063	4889.54
-701.959	78.3606	3738.95
-781.695	792.892	3490.11
849.358	-8.11004	4427.57
674.874	574.801	4758.18
-143.711	256.526	3183.55
-484.482	-314.428	4971.68
170.726	-278.608	3863.84
169.966	-648.647	3331.5
556.538	-566.756	3068.96
327.61	560.045	4806.86
374.994	-598.369	4569.65
884.811	-48.4454	3416.51
-163.898	326.184	3836.69
-190.638	-416.024	4663.17
823.606	1031.16	5052.57
-341.797	-890.569	3695.28
694.524	1036.54	3428.14
-652.058	823.074	4815.89
-352.508	16.2424	4627.56
381.064	-698.609	3673.26
-643.11	537.789	4061.31
-531.636	894.813	4398.99
438.716	1044.2	3460.19
-591.825	325.211	3718.5
325.94	-161.755	3935.43
-317.3	906.201	4412.5
-164.901	49.5846	4351.2
37.5788	-7.80033	3254.94
1178.38	-484.092	4551.54
-491.661	-233.26	4012.32
503.492	932.479	3442.21
-193.254	668.023	3314.49
-478.897	611.089	4793.89
-483.56	490.47	3747.09
198.128	119.301	4114.73
-604.901	-140.785	4157.51
644.466	277.388	4842.83
-96.4058	-784.39	4622.35
1142.66	67.7628	4499.34
-355.938	425.31	3156.48
374.635	-563.836	4680.6
902.266	1198.73	3716.25
-399.347	-543.576	4143.58
210.534	365.06	4412.57
1096.39	487.464	4586.25
1005.16	270.901	4986.87
1033.73	-356.442	4780.88
877.304	-506.862	3315.76
-674.849	-57.9242	4829.09
86.7847	614.063	4889.54
-701.959	78.3606	3738.95
-781.695	792.892	3490.11
849.358	-8.11004	4427.57
674.874	574.801	4758.18
-143.711	256.526	3183.55
-484.482	-314.428	4971.68
170.726	-278.608	3863.84
169.966	-648.647	3331.5
556.538	-566.756	3068.96
327.61	560.045	4806.86
374.994	-598.369	4569.65
884.811	-48.4454	3416.51
-163.898	326.184	3836.69
-190.638	-416.024	4663.17
823.606	1031.16	5052.57
-341.797	-890.569	3695.28
694.524	1036.54	3428.14
-652.058	823.074	4815.89
-352.508	16.2424	4627.56
381.064	-698.609	3673.26
-643.11	537.789	4061.31
-531.636	894.813	4398.99
438.716	1044.2	3460.19
-591.825	325.211	3718.5
325.94	-161.755	3935.43
-317.3	906.201	4412.5
-164.901	49.5846	4351.2
37.5788	-7.80033	3254.94
1178.38	-484.092	4551.54
-491.661	-233.26	4012.32
503.492	932.479	3442.21
-193.254	668.023	3314.49
-478.897	611.089	4793.89
-483.56	490.47	3747.09
198.128	119.301	4114.73
-604.901	-140.785	4157.51
644.466	277.388	4842.83
-96.4058	-784.39	4622.35
1142.66	67.7628	4499.34
-355.938	425.31	3156.48
374.635	-563.836	4680.6
902.266	1198.73	3716.25
-399.347	-543.576	4143.58
210.534	365.06	4412.57
1096.39	487.464	4586.25
1005.16	270.901	4986.87
1033.73	-356.442	4780.88
877.304	-506.862	3315.76
-674.849	-57.9242	4829.09
86.7847	614.063	4889.54
-701.959	78.3606	3738.95
-781.695	792.892	3490.11
849.358	-8.11004	4427.57
674.874	574.801	4758.18
