-156.597	280.551	3477.86
-528.749	-343.151	5431.98
187.038	-304.062	4220.98
186.148	-708.44	3639.64
608.432	-618.926	3352.48
358.506	612.196	5250.26
410.299	-653.348	4991.93
966.972	-52.6231	3731.56
-178.564	356.709	4191.31
-207.689	-454.169	5094.64
900.188	1126.65	5517.63
-373.026	-972.885	4037.67
759.039	1132.45	3743.9
-711.806	899.707	5261.2
-384.559	18.1473	5055.67
416.823	-762.961	4012.81
-702.165	587.969	4437.08
-580.271	978.024	4805.61
479.668	1140.89	3779.13
-646.186	355.673	4062.63
356.608	-176.377	4298.94
-346.072	990.412	4820.1
-179.598	54.5523	4753.51
41.4855	-8.24065	3555.83
1287.76	-528.384	4971.09
-536.723	-254.542	4383.83
550.42	1018.85	3759.49
-210.701	730.124	3620.75
-522.608	668.083	5237.1
-527.858	536.224	4093.66
216.994	130.692	4494.76
-660.457	-153.483	4542.54
704.609	303.419	5289.34
-104.733	-856.695	5050.18
1248.65	74.4034	4913.76
-388.488	464.972	3448.39
409.917	-615.603	5113.08
985.907	1309.52	4058.24
-435.841	-593.634	4527.34
230.578	399.19	4819.91
1198.08	532.803	5008.46
1098.53	296.32	5446.18
1129.8	-388.938	5221.65
958.822	-553.419	3621.76
-736.799	-62.8785	5276.29
95.4494	671.247	5340.85
-766.572	85.9515	4085.23
-853.675	866.668	3813.06
928.365	-8.47504	4835.79
737.781	628.26	5196.65
-156.597	280.551	3477.86
-528.749	-343.151	5431.98
187.038	-304.062	4220.98
186.148	-708.44	3639.64
608.432	-618.926	3352.48
358.506	612.196	5250.26
410.299	-653.348	4991.93
966.972	-52.6231	3731.56
-178.564	356.709	4191.31
-207.689	-454.169	5094.64
900.188	1126.65	5517.63
-373.026	-972.885	4037.67
759.039	1132.45	3743.9
-711.806	899.707	5261.2
-384.559	18.1473	5055.67
416.823	-762.961	4012.81
-702.165	587.969	4437.08
-580.271	978.024	4805.61
479.668	1140.89	3779.13
-646.186	355.673	4062.63
356.608	-176.377	4298.94
-346.072	990.412	4820.1
-179.598	54.5523	4753.51
41.4855	-8.24065	3555.83
1287.76	-528.384	4971.09
-536.723	-254.542	4383.83
550.42	1018.85	3759.49
-210.701	730.124	3620.75
-522.608	668.083	5237.1
-527.858	536.224	4093.66
216.994	130.692	4494.76
-660.457	-153.483	4542.54
704.609	303.419	5289.34
-104.733	-856.695	5050.18
1248.65	74.4034	4913.76
-388.488	464.972	3448.39
409.917	-615.603	5113.08
985.907	1309.52	4058.24
-435.841	-593.634	4527.34
230.578	399.19	4819.91
1198.08	532.803	5008.46
1098.53	296.32	5446.18
1129.8	-388.938	5221.65
958.822	-553.419	3621.76
-736.799	-62.8785	5276.29
95.4494	671.247	5340.85
-766.572	85.9515	4085.23
-853.675	866.668	3813.06
928.365	-8.47504	4835.79
737.781	628.26	5196.65
-156.597	280.551	3477.86
-528.749	-343.151	5431.98
187.038	-304.062	4220.98
186.148	-708.44	3639.64
608.432	-618.926	3352.48
358.506	612.196	5250.26
410.299	-653.348	4991.93
966.972	-52.6231	3731.56
-178.564	356.709	4191.31
-207.689	-454.169	5094.64
900.188	1126.65	5517.63
-373.026	-972.885	4037.67
759.039	1132.45	3743.9
-711.806	899.707	5261.2
-384.559	18.1473	5055.67
416.823	-762.961	4012.81
-702.165	587.969	4437.08
-580.271	978.024	4805.61
479.668	1140.89	3779.13
-646.186	355.673	4062.63
356.608	-176.377	4298.94
-346.072	990.412	4820.1
-179.598	54.5523	4753.51
41.4855	-8.24065	3555.83
1287.76	-528.384	4971.09
-536.723	-254.542	4383.83
550.42	1018.85	3759.49
-210.701	730.124	3620.75
-522.608	668.083	5237.1
-527.858	536.224	4093.66
216.994	130.692	4494.76
-660.457	-153.483	4542.54
704.609	303.419	5289.34
-104.733	-856.695	5050.18
1248.65	74.4034	4913.76
-388.488	464.972	3448.39
409.917	-615.603	5113.08
985.907	1309.52	4058.24
-435.841	-593.634	4527.34
230.578	399.19	4819.91
1198.08	532.803	5008.46
1098.53	296.32	5446.18
1129.8	-388.938	5221.65
958.822	-553.419	3621.76
-736.799	-62.8785	5276.29
95.4494	671.247	5340.85
-766.572	85.9515	4085.23
-853.675	866.668	3813.06
928.365	-8.47504	4835.79
737.781	628.26	5196.65
-156.597	280.551	3477.86
-528.749	-343.151	5431.98
187.038	-304.062	4220.98
186.148	-708.44	3639.64
608.432	-618.926	3352.48
358.506	612.196	5250.26
410.299	-653.348	4991.93
966.972	-52.6231	3731.56
-178.564	356.709	4191.31
-207.689	-454.169	5094.64
900.188	1126.65	5517.63
-373.026	-972.885	4037.67
759.039	1132.45	3743.9
-711.806	899.707	5261.2
-384.559	18.1473	5055.67
416.823	-762.961	4012.81
-702.165	587.969	4437.08
-580.271	978.024	4805.61
479.668	1140.89	3779.13
-646.186	355.673	4062.63
356.608	-176.377	4298.94
-346.072	990.412	4820.1
-179.598	54.5523	4753.51
41.4855	-8.24065	3555.83
1287.76	-528.384	4971.09
-536.723	-254.542	4383.83
550.42	1018.85	3759.49
-210.701	730.124	3620.75
-522.608	668.083	5237.1
-527.858	536.224	4093.66
216.994	130.692	4494.76
-660.457	-153.483	4542.54
704.609	303.419	5289.34
-104.733	-856.695	5050.18
1248.65	74.4034	4913.76
-388.488	464.972	3448.39
409.917	-615.603	5113.08
985.907	1309.52	4058.24
-435.841	-593.634	4527.34
230.578	399.19	4819.91
1198.08	532.803	5008.46
1098.53	296.32	5446.18
1129.8	-388.938	5221.65
958.822	-553.419	3621.76
-736.799	-62.8785	5276.29
95.4494	671.247	5340.85
-766.572	85.9515	4085.23
-853.675	866.668	3813.06
928.365	-8.47504	4835.79
737.781	628.26	5196.65
-156.597	280.551	3477.86
-528.749	-343.151	5431.98
187.038	-304.062	4220.98
186.148	-708.44	3639.64
608.432	-618.926	3352.48
358.506	612.196	5250.26
410.299	-653.348	4991.93
966.972	-52.6231	3731.56
-178.564	356.709	4191.31
-207.689	-454.169	5094.64
900.188	1126.65	5517.63
-373.026	-972.885	4037.67
759.039	1132.45	3743.9
-711.806	899.707	5261.2
-384.559	18.1473	5055.67
416.823	-762.961	4012.81
-702.165	587.969	4437.08
-580.271	978.024	4805.61
479.668	1140.89	3779.13
-646.186	355.673	4062.63
356.608	-176.377	4298.94
-346.072	990.412	4820.1
-179.598	54.5523	4753.51
41.4855	-8.24065	3555.83
1287.76	-528.384	4971.09
-536.723	-254.542	4383.83
550.42	1018.85	3759.49
-210.701	730.124	3620.75
-522.608	668.083	5237.1
-527.858	536.224	4093.66
216.994	130.692	4494.76
-660.457	-153.483	4542.54
704.609	303.419	5289.34
-104.733	-856.695	5050.18
1248.65	74.4034	4913.76
-388.488	464.972	3448.39
409.917	-615.603	5113.08
985.907	1309.52	4058.24
-435.841	-593.634	4527.34
230.578	399.19	4819.91
1198.08	532.803	5008.46
1098.53	296.32	5446.18
1129.8	-388.938	5221.65
958.822	-553.419	3621.76
-736.799	-62.8785	5276.29
95.4494	671.247	5340.85
-766.572	85.9515	4085.23
-853.675	866.668	3813.06
928.365	-8.47504	4835.79
737.781	628.26	5196.65
