-147.432	264.131	3274.32
-497.785	-323.056	5113.88
176.099	-286.28	3974.12
175.262	-667.01	3426.79
572.879	-582.76	3156.58
337.545	576.403	4943.3
386.315	-615.157	4700.13
910.504	-49.55	3513.65
-168.113	335.831	3946
-195.535	-427.59	4796.48
847.61	1060.84	5195.36
-351.188	-915.931	3801.3
714.689	1066.28	3525.15
-670.103	846.994	4952.95
-362.044	17.0849	4759.67
392.458	-718.363	3778.24
-661.027	553.521	4177.12
-546.281	920.734	4524.11
451.626	1074.19	3558.2
-608.332	334.838	3824.64
335.76	-166.065	4047.62
-325.81	932.425	4537.88
-169.087	51.3597	4475.32
39.0585	-7.75853	3347.8
1212.61	-497.551	4681.01
-505.291	-239.635	4127.1
518.248	959.299	3539.75
-198.367	687.386	3408.8
-492	628.955	4930.38
-496.942	504.818	3853.9
204.304	123.048	4231.9
-621.768	-144.492	4276.44
663.442	285.692	4980.31
-98.605	-806.568	4754.68
1175.78	70.061	4626.98
-365.741	437.746	3246.48
385.956	-579.62	4814.21
928.326	1233.04	3821.22
-410.323	-558.876	4262.27
217.094	375.846	4538.04
1128.14	501.702	4716.1
1034.4	279.021	5128.23
1063.85	-366.233	4916.84
902.832	-521.102	3410.27
-693.632	-59.1946	4967.16
89.8658	631.98	5028.42
-721.657	80.9154	3845.86
-803.642	815.874	3589.58
874.147	-7.98018	4553.38
694.677	591.554	4893.05
-147.432	264.131	3274.32
-497.785	-323.056	5113.88
176.099	-286.28	3974.12
175.262	-667.01	3426.79
572.879	-582.76	3156.58
337.545	576.403	4943.3
386.315	-615.157	4700.13
910.504	-49.55	3513.65
-168.113	335.831	3946
-195.535	-427.59	4796.48
847.61	1060.84	5195.36
-351.188	-915.931	3801.3
714.689	1066.28	3525.15
-670.103	846.994	4952.95
-362.044	17.0849	4759.67
392.458	-718.363	3778.24
-661.027	553.521	4177.12
-546.281	920.734	4524.11
451.626	1074.19	3558.2
-608.332	334.838	3824.64
335.76	-166.065	4047.62
-325.81	932.425	4537.88
-169.087	51.3597	4475.32
39.0585	-7.75853	3347.8
1212.61	-497.551	4681.01
-505.291	-239.635	4127.1
518.248	959.299	3539.75
-198.367	687.386	3408.8
-492	628.955	4930.38
-496.942	504.818	3853.9
204.304	123.048	4231.9
-621.768	-144.492	4276.44
663.442	285.692	4980.31
-98.605	-806.568	4754.68
1175.78	70.061	4626.98
-365.741	437.746	3246.48
385.956	-579.62	4814.21
928.326	1233.04	3821.22
-410.323	-558.876	4262.27
217.094	375.846	4538.04
1128.14	501.702	4716.1
1034.4	279.021	5128.23
1063.85	-366.233	4916.84
902.832	-521.102	3410.27
-693.632	-59.1946	4967.16
89.8658	631.98	5028.42
-721.657	80.9154	3845.86
-803.642	815.874	3589.58
874.147	-7.98018	4553.38
694.677	591.554	4893.05
-147.432	264.131	3274.32
-497.785	-323.056	5113.88
176.099	-286.28	3974.12
175.262	-667.01	3426.79
572.879	-582.76	3156.58
337.545	576.403	4943.3
386.315	-615.157	4700.13
910.504	-49.55	3513.65
-168.113	335.831	3946
-195.535	-427.59	4796.48
847.61	1060.84	5195.36
-351.188	-915.931	3801.3
714.689	1066.28	3525.15
-670.103	846.994	4952.95
-362.044	17.0849	4759.67
392.458	-718.363	3778.24
-661.027	553.521	4177.12
-546.281	920.734	4524.11
451.626	1074.19	3558.2
-608.332	334.838	3824.64
335.76	-166.065	4047.62
-325.81	932.425	4537.88
-169.087	51.3597	4475.32
39.0585	-7.75853	3347.8
1212.61	-497.551	4681.01
-505.291	-239.635	4127.1
518.248	959.299	3539.75
-198.367	687.386	3408.8
-492	628.955	4930.38
-496.942	504.818	3853.9
204.304	123.048	4231.9
-621.768	-144.492	4276.44
663.442	285.692	4980.31
-98.605	-806.568	4754.68
1175.78	70.061	4626.98
-365.741	437.746	3246.48
385.956	-579.62	4814.21
928.326	1233.04	3821.22
-410.323	-558.876	4262.27
217.094	375.846	4538.04
1128.14	501.702	4716.1
1034.4	279.021	5128.23
1063.85	-366.233	4916.84
902.832	-521.102	3410.27
-693.632	-59.1946	4967.16
89.8658	631.98	5028.42
-721.657	80.9154	3845.86
-803.642	815.874	3589.58
874.147	-7.98018	4553.38
694.677	591.554	4893.05
-147.432	264.131	3274.32
-497.785	-323.056	5113.88
176.099	-286.28	3974.12
175.262	-667.01	3426.79
572.879	-582.76	3156.58
337.545	576.403	4943.3
386.315	-615.157	4700.13
910.504	-49.55	3513.65
-168.113	335.831	3946
-195.535	-427.59	4796.48
847.61	1060.84	5195.36
-351.188	-915.931	3801.3
714.689	1066.28	3525.15
-670.103	846.994	4952.95
-362.044	17.0849	4759.67
392.458	-718.363	3778.24
-661.027	553.521	4177.12
-546.281	920.734	4524.11
451.626	1074.19	3558.2
-608.332	334.838	3824.64
335.76	-166.065	4047.62
-325.81	932.425	4537.88
-169.087	51.3597	4475.32
39.0585	-7.75853	3347.8
1212.61	-497.551	4681.01
-505.291	-239.635	4127.1
518.248	959.299	3539.75
-198.367	687.386	3408.8
-492	628.955	4930.38
-496.942	504.818	3853.9
204.304	123.048	4231.9
-621.768	-144.492	4276.44
663.442	285.692	4980.31
-98.605	-806.568	4754.68
1175.78	70.061	4626.98
-365.741	437.746	3246.48
385.956	-579.62	4814.21
928.326	1233.04	3821.22
-410.323	-558.876	4262.27
217.094	375.846	4538.04
1128.14	501.702	4716.1
1034.4	279.021	5128.23
1063.85	-366.233	4916.84
902.832	-521.102	3410.27
-693.632	-59.1946	4967.16
89.8658	631.98	5028.42
-721.657	80.9154	3845.86
-803.642	815.874	3589.58
874.147	-7.98018	4553.38
694.677	591.554	4893.05
-147.432	264.131	3274.32
-497.785	-323.056	5113.88
176.099	-286.28	3974.12
175.262	-667.01	3426.79
572.879	-582.76	3156.58
337.545	576.403	4943.3
386.315	-615.157	4700.13
910.504	-49.55	3513.65
-168.113	335.831	3946
-195.535	-427.59	4796.48
847.61	1060.84	5195.36
-351.188	-915.931	3801.3
714.689	1066.28	3525.15
-670.103	846.994	4952.95
-362.044	17.0849	4759.67
392.458	-718.363	3778.24
-661.027	553.521	4177.12
-546.281	920.734	4524.11
451.626	1074.19	3558.2
-608.332	334.838	3824.64
335.76	-166.065	4047.62
-325.81	932.425	4537.88
-169.087	51.3597	4475.32
39.0585	-7.75853	3347.8
1212.61	-497.551	4681.01
-505.291	-239.635	4127.1
518.248	959.299	3539.75
-198.367	687.386	3408.8
-492	628.955	4930.38
-496.942	504.818	3853.9
204.304	123.048	4231.9
-621.768	-144.492	4276.44
663.442	285.692	4980.31
-98.605	-806.568	4754.68
1175.78	70.061	4626.98
-365.741	437.746	3246.48
385.956	-579.62	4814.21
928.326	1233.04	3821.22
-410.323	-558.876	4262.27
217.094	375.846	4538.04
1128.14	501.702	4716.1
1034.4	279.021	5128.23
1063.85	-366.233	4916.84
902.832	-521.102	3410.27
-693.632	-59.1946	4967.16
89.8658	631.98	5028.42
-721.657	80.9154	3845.86
-803.642	815.874	3589.58
874.147	-7.98018	4553.38
694.677	591.554	4893.05
