339.216	257.285
326.609	204.612
374.919	200.88
374.406	156.024
420.481	159.293
387.552	270.049
391.064	179.194
451.629	221.387
343.455	258.894
346.44	194.892
423.272	301.846
323.604	139.629
432.248	337.761
313.015	290.796
333.686	229.044
395.44	157.496
302.061	276.727
317.239	302.703
404.648	337.897
300.209	260.204
389.486	212.114
335.263	303.253
346.903	231.808
360.174	226.588
455.714	187.636
314.432	206.592
411.593	326.479
335.563	301.813
325.845	274.699
311.522	276.071
377.717	237.968
306.627	215.578
411.239	248.035
353.399	165.368
454.299	232.1
314.4	277.44
390.686	183.034
448.413	344.954
324.302	179.729
378.77	257.714
449.487	265.621
436.668	246.69
440.949	199.396
452.485	170.658
310.88	223.575
369.3	273.577
289.623	235.866
275.81	311.773
431.309	226.13
414.455	271.341
339.216	257.285
326.609	204.612
374.919	200.88
374.406	156.024
420.481	159.293
387.552	270.049
391.064	179.194
451.629	221.387
343.455	258.894
346.44	194.892
423.272	301.846
323.604	139.629
432.248	337.761
313.015	290.796
333.686	229.044
395.44	157.496
302.061	276.727
317.239	302.703
404.648	337.897
300.209	260.204
389.486	212.114
335.263	303.253
346.903	231.808
360.174	226.588
455.714	187.636
314.432	206.592
411.593	326.479
335.563	301.813
325.845	274.699
311.522	276.071
377.717	237.968
306.627	215.578
411.239	248.035
353.399	165.368
454.299	232.1
314.4	277.44
390.686	183.034
448.413	344.954
324.302	179.729
378.77	257.714
449.487	265.621
436.668	246.69
440.949	199.396
452.485	170.658
310.88	223.575
369.3	273.577
289.623	235.866
275.81	311.773
431.309	226.13
414.455	271.341
339.216	257.285
326.609	204.612
374.919	200.88
374.406	156.024
420.481	159.293
387.552	270.049
391.064	179.194
451.629	221.387
343.455	258.894
346.44	194.892
423.272	301.846
323.604	139.629
432.248	337.761
313.015	290.796
333.686	229.044
395.44	157.496
302.061	276.727
317.239	302.703
404.648	337.897
300.209	260.204
389.486	212.114
335.263	303.253
346.903	231.808
360.174	226.588
455.714	187.636
314.432	206.592
411.593	326.479
335.563	301.813
325.845	274.699
311.522	276.071
377.717	237.968
306.627	215.578
411.239	248.035
353.399	165.368
454.299	232.1
314.4	277.44
390.686	183.034
448.413	344.954
324.302	179.729
378.77	257.714
449.487	265.621
436.668	246.69
440.949	199.396
452.485	170.658
310.88	223.575
369.3	273.577
289.623	235.866
275.81	311.773
431.309	226.13
414.455	271.341
339.216	257.285
326.609	204.612
374.919	200.88
374.406	156.024
420.481	159.293
387.552	270.049
391.064	179.194
451.629	221.387
343.455	258.894
346.44	194.892
423.272	301.846
323.604	139.629
432.248	337.761
313.015	290.796
333.686	229.044
395.44	157.496
302.061	276.727
317.239	302.703
404.648	337.897
300.209	260.204
389.486	212.114
335.263	303.253
346.903	231.808
360.174	226.588
455.714	187.636
314.432	206.592
411.593	326.479
335.563	301.813
325.845	274.699
311.522	276.071
377.717	237.968
306.627	215.578
411.239	248.035
353.399	165.368
454.299	232.1
314.4	277.44
390.686	183.034
448.413	344.954
324.302	179.729
378.77	257.714
449.487	265.621
436.668	246.69
440.949	199.396
452.485	170.658
310.88	223.575
369.3	273.577
289.623	235.866
275.81	311.773
431.309	226.13
414.455	271.341
339.792	257.285
326.978	204.612
375.393	200.88
374.955	156.024
421.076	159.293
387.933	270.049
391.464	179.194
452.164	221.387
343.934	258.895
346.833	194.892
423.634	301.846
324.099	139.628
432.782	337.76
313.396	290.797
334.082	229.044
395.937	157.497
302.512	276.727
317.656	302.703
405.178	337.896
300.702	260.204
389.951	212.114
335.68	303.253
347.325	231.808
360.738	226.588
456.115	187.637
314.889	206.592
412.125	326.479
336.117	301.813
326.228	274.699
312.011	276.071
378.163	237.967
307.068	215.578
411.617	248.035
353.795	165.368
454.704	232.1
314.981	277.441
391.078	183.034
448.905	344.952
324.744	179.729
379.186	257.714
449.886	265.621
437.035	246.69
441.331	199.397
453.035	170.659
311.259	223.575
369.675	273.577
290.113	235.866
276.335	311.774
431.722	226.13
414.84	271.34
