0.18646	-0.0252308	-1.28288
-0.250513	-0.163915	-1.28602
-2.39995e-07	-1.11435e-06	-3.89769e-06
6.08707e-08	2.88722e-07	-1.45639e-06
2.73359e-07	2.39346e-08	-1.72349e-06
0.155414	-0.036344	-6.32145
-3.69637e-07	2.28455e-07	-1.42932e-06
4.06281e-08	2.13577e-07	-1.12167e-06
-2.90435e-07	2.22304e-07	-1.67171e-06
0.180941	0.244477	-1.38078
9.96415e-06	-1.58351e-06	-6.04841e-05
-0.263773	-0.0247484	4.34508
-7.53908e-07	5.30038e-07	-3.82684e-06
-2.04837e-07	-5.46184e-07	-5.55153e-06
2.08829e-08	-3.27618e-07	-1.48181e-06
6.63692e-07	-6.71935e-07	-3.54606e-06
-3.65355e-07	-5.88429e-07	-1.61695e-06
-0.0682739	0.0961937	-0.798326
1.28874e-06	-1.90384e-07	-1.53076e-05
0.0743144	0.306613	2.52853
1.541e-08	-2.42846e-07	-1.47254e-06
-0.202091	-0.0329782	-0.965339
6.96448e-09	4.59749e-07	-2.08691e-06
1.88143e-07	6.64619e-08	-1.42527e-06
-3.04e-07	-2.93775e-08	-1.07386e-06
5.74121e-07	-6.7648e-07	-4.42366e-06
-5.02785e-07	-1.81444e-08	-1.68945e-06
-2.76573e-07	1.05266e-07	-1.05244e-06
-2.56196e-07	-1.17539e-07	-1.18351e-06
2.13771e-07	3.4445e-08	-1.00002e-06
6.62799e-07	-1.62891e-06	-1.06852e-05
0.0718145	0.122755	-3.20488
1.40108e-07	2.9237e-07	-1.42277e-06
-6.9147e-07	-2.64431e-06	-1.34004e-05
-3.50332e-07	2.71194e-07	-2.31481e-06
-1.03656e-06	1.65732e-06	-9.74121e-06
0.164778	-0.25805	-1.36558
3.27835e-07	-4.50994e-07	-1.37159e-06
-3.28647e-07	2.32361e-07	-1.61239e-06
7.47702e-09	-3.10838e-07	-1.61441e-06
4.94343e-07	-2.78566e-07	-2.6274e-06
1.73665e-07	2.93974e-07	-1.07335e-06
-9.16438e-07	2.78088e-06	-2.22252e-05
-0.00505546	-0.0130451	-0.0540664
-0.127575	0.0495788	-0.580474
-5.40552e-07	4.95248e-07	-4.11959e-06
-7.76705e-07	-5.43673e-07	-3.99226e-06
-0.0486169	0.0334781	-0.282475
1.95691e-07	-2.56942e-07	-3.22382e-06
0.147108	-0.267424	-1.39652
0.18646	-0.0252308	-1.28288
-0.250513	-0.163915	-1.28602
-2.39995e-07	-1.11435e-06	-3.89769e-06
6.08707e-08	2.88722e-07	-1.45639e-06
2.73359e-07	2.39346e-08	-1.72349e-06
0.155414	-0.036344	-6.32145
-3.69637e-07	2.28455e-07	-1.42932e-06
4.06281e-08	2.13577e-07	-1.12167e-06
-2.90435e-07	2.22304e-07	-1.67171e-06
0.180941	0.244477	-1.38078
9.96415e-06	-1.58351e-06	-6.04841e-05
-0.263773	-0.0247484	4.34508
-7.53908e-07	5.30038e-07	-3.82684e-06
-2.04837e-07	-5.46184e-07	-5.55153e-06
2.08829e-08	-3.27618e-07	-1.48181e-06
6.63692e-07	-6.71935e-07	-3.54606e-06
-3.65355e-07	-5.88429e-07	-1.61695e-06
-0.0682739	0.0961937	-0.798326
1.28874e-06	-1.90384e-07	-1.53076e-05
0.0743144	0.306613	2.52853
1.541e-08	-2.42846e-07	-1.47254e-06
-0.202091	-0.0329782	-0.965339
6.96448e-09	4.59749e-07	-2.08691e-06
1.88143e-07	6.64619e-08	-1.42527e-06
-3.04e-07	-2.93775e-08	-1.07386e-06
5.74121e-07	-6.7648e-07	-4.42366e-06
-5.02785e-07	-1.81444e-08	-1.68945e-06
-2.76573e-07	1.05266e-07	-1.05244e-06
-2.56196e-07	-1.17539e-07	-1.18351e-06
2.13771e-07	3.4445e-08	-1.00002e-06
6.62799e-07	-1.62891e-06	-1.06852e-05
0.0718145	0.122755	-3.20488
1.40108e-07	2.9237e-07	-1.42277e-06
-6.9147e-07	-2.64431e-06	-1.34004e-05
-3.50332e-07	2.71194e-07	-2.31481e-06
-1.03656e-06	1.65732e-06	-9.74121e-06
0.164778	-0.25805	-1.36558
3.27835e-07	-4.50994e-07	-1.37159e-06
-3.28647e-07	2.32361e-07	-1.61239e-06
7.47702e-09	-3.10838e-07	-1.61441e-06
4.94343e-07	-2.78566e-07	-2.6274e-06
1.73665e-07	2.93974e-07	-1.07335e-06
-9.16438e-07	2.78088e-06	-2.22252e-05
-0.00505546	-0.0130451	-0.0540664
-0.127575	0.0495788	-0.580474
-5.40552e-07	4.95248e-07	-4.11959e-06
-7.76705e-07	-5.43673e-07	-3.99226e-06
-0.0486169	0.0334781	-0.282475
1.95691e-07	-2.56942e-07	-3.22382e-06
0.147108	-0.267424	-1.39652
0.18646	-0.0252308	-1.28288
-0.250513	-0.163915	-1.28602
-2.39995e-07	-1.11435e-06	-3.89769e-06
6.08707e-08	2.88722e-07	-1.45639e-06
2.73359e-07	2.39346e-08	-1.72349e-06
0.155414	-0.036344	-6.32145
-3.69637e-07	2.28455e-07	-1.42932e-06
4.06281e-08	2.13577e-07	-1.12167e-06
-2.90435e-07	2.22304e-07	-1.67171e-06
0.180941	0.244477	-1.38078
9.96415e-06	-1.58351e-06	-6.04841e-05
-0.263773	-0.0247484	4.34508
-7.53908e-07	5.30038e-07	-3.82684e-06
-2.04837e-07	-5.46184e-07	-5.55153e-06
2.08829e-08	-3.27618e-07	-1.48181e-06
6.63692e-07	-6.71935e-07	-3.54606e-06
-3.65355e-07	-5.88429e-07	-1.61695e-06
-0.0682739	0.0961937	-0.798326
1.28874e-06	-1.90384e-07	-1.53076e-05
0.0743144	0.306613	2.52853
1.541e-08	-2.42846e-07	-1.47254e-06
-0.202091	-0.0329782	-0.965339
6.96448e-09	4.59749e-07	-2.08691e-06
1.88143e-07	6.64619e-08	-1.42527e-06
-3.04e-07	-2.93775e-08	-1.07386e-06
5.74121e-07	-6.7648e-07	-4.42366e-06
-5.02785e-07	-1.81444e-08	-1.68945e-06
-2.76573e-07	1.05266e-07	-1.05244e-06
-2.56196e-07	-1.17539e-07	-1.18351e-06
2.13771e-07	3.4445e-08	-1.00002e-06
6.62799e-07	-1.62891e-06	-1.06852e-05
0.0718145	0.122755	-3.20488
1.40108e-07	2.9237e-07	-1.42277e-06
-6.9147e-07	-2.64431e-06	-1.34004e-05
-3.50332e-07	2.71194e-07	-2.31481e-06
-1.03656e-06	1.65732e-06	-9.74121e-06
0.164778	-0.25805	-1.36558
3.27835e-07	-4.50994e-07	-1.37159e-06
-3.28647e-07	2.32361e-07	-1.61239e-06
7.47702e-09	-3.10838e-07	-1.61441e-06
4.94343e-07	-2.78566e-07	-2.6274e-06
1.73665e-07	2.93974e-07	-1.07335e-06
-9.16438e-07	2.78088e-06	-2.22252e-05
-0.00505546	-0.0130451	-0.0540664
-0.127575	0.0495788	-0.580474
-5.40552e-07	4.95248e-07	-4.11959e-06
-7.76705e-07	-5.43673e-07	-3.99226e-06
-0.0486169	0.0334781	-0.282475
1.95691e-07	-2.56942e-07	-3.22382e-06
0.147108	-0.267424	-1.39652
0.18646	-0.0252308	-1.28288
-0.250513	-0.163915	-1.28602
-2.39995e-07	-1.11435e-06	-3.89769e-06
6.08707e-08	2.88722e-07	-1.45639e-06
2.73359e-07	2.39346e-08	-1.72349e-06
0.155414	-0.036344	-6.32145
-3.69637e-07	2.28455e-07	-1.42932e-06
4.06281e-08	2.13577e-07	-1.12167e-06
-2.90435e-07	2.22304e-07	-1.67171e-06
0.180941	0.244477	-1.38078
9.96415e-06	-1.58351e-06	-6.04841e-05
-0.263773	-0.0247484	4.34508
-7.53908e-07	5.30038e-07	-3.82684e-06
-2.04837e-07	-5.46184e-07	-5.55153e-06
2.08829e-08	-3.27618e-07	-1.48181e-06
6.63692e-07	-6.71935e-07	-3.54606e-06
-3.65355e-07	-5.88429e-07	-1.61695e-06
-0.0682739	0.0961937	-0.798326
1.28874e-06	-1.90384e-07	-1.53076e-05
0.0743144	0.306613	2.52853
1.541e-08	-2.42846e-07	-1.47254e-06
-0.202091	-0.0329782	-0.965339
6.96448e-09	4.59749e-07	-2.08691e-06
1.88143e-07	6.64619e-08	-1.42527e-06
-3.04e-07	-2.93775e-08	-1.07386e-06
5.74121e-07	-6.7648e-07	-4.42366e-06
-5.02785e-07	-1.81444e-08	-1.68945e-06
-2.76573e-07	1.05266e-07	-1.05244e-06
-2.56196e-07	-1.17539e-07	-1.18351e-06
2.13771e-07	3.4445e-08	-1.00002e-06
6.62799e-07	-1.62891e-06	-1.06852e-05
0.0718145	0.122755	-3.20488
1.40108e-07	2.9237e-07	-1.42277e-06
-6.9147e-07	-2.64431e-06	-1.34004e-05
-3.50332e-07	2.71194e-07	-2.31481e-06
-1.03656e-06	1.65732e-06	-9.74121e-06
0.164778	-0.25805	-1.36558
3.27835e-07	-4.50994e-07	-1.37159e-06
-3.28647e-07	2.32361e-07	-1.61239e-06
7.47702e-09	-3.10838e-07	-1.61441e-06
4.94343e-07	-2.78566e-07	-2.6274e-06
1.73665e-07	2.93974e-07	-1.07335e-06
-9.16438e-07	2.78088e-06	-2.22252e-05
-0.00505546	-0.0130451	-0.0540664
-0.127575	0.0495788	-0.580474
-5.40552e-07	4.95248e-07	-4.11959e-06
-7.76705e-07	-5.43673e-07	-3.99226e-06
-0.0486169	0.0334781	-0.282475
1.95691e-07	-2.56942e-07	-3.22382e-06
0.147108	-0.267424	-1.39652
0.0204673	-0.00276952	-0.140819
-0.0269624	-0.0176419	-0.138412
-2.39995e-07	-1.11435e-06	-3.89769e-06
6.08707e-08	2.88722e-07	-1.45639e-06
2.73359e-07	2.39346e-08	-1.72349e-06
0.0184453	-0.00431347	-0.75026
-3.69637e-07	2.28455e-07	-1.42932e-06
4.06281e-08	2.13577e-07	-1.12167e-06
-2.90435e-07	2.22304e-07	-1.67171e-06
0.0195925	0.0264721	-0.149512
9.96415e-06	-1.58351e-06	-6.04841e-05
-0.0290807	-0.00272849	0.479042
-7.53908e-07	5.30038e-07	-3.82684e-06
-2.04837e-07	-5.46184e-07	-5.55153e-06
2.08829e-08	-3.27618e-07	-1.48181e-06
6.63692e-07	-6.71935e-07	-3.54606e-06
-3.65355e-07	-5.88429e-07	-1.61695e-06
-0.00806417	0.0113619	-0.0942941
1.28874e-06	-1.90384e-07	-1.53076e-05
-5.70989e-08	-1.99207e-07	-1.64273e-06
1.541e-08	-2.42846e-07	-1.47254e-06
-0.0228	-0.00372062	-0.10891
6.96448e-09	4.59749e-07	-2.08691e-06
1.88143e-07	6.64619e-08	-1.42527e-06
-3.04e-07	-2.93775e-08	-1.07386e-06
5.74121e-07	-6.7648e-07	-4.42366e-06
-5.02785e-07	-1.81444e-08	-1.68945e-06
-2.76573e-07	1.05266e-07	-1.05244e-06
-2.56196e-07	-1.17539e-07	-1.18351e-06
2.13771e-07	3.4445e-08	-1.00002e-06
6.62799e-07	-1.62891e-06	-1.06852e-05
0.00778611	0.0133091	-0.347473
1.40108e-07	2.9237e-07	-1.42277e-06
-6.9147e-07	-2.64431e-06	-1.34004e-05
-3.50332e-07	2.71194e-07	-2.31481e-06
-1.03656e-06	1.65732e-06	-9.74121e-06
0.0178079	-0.0278881	-0.147581
3.27835e-07	-4.50994e-07	-1.37159e-06
-3.28647e-07	2.32361e-07	-1.61239e-06
7.47702e-09	-3.10838e-07	-1.61441e-06
4.94343e-07	-2.78566e-07	-2.6274e-06
1.73665e-07	2.93974e-07	-1.07335e-06
-9.16438e-07	2.78088e-06	-2.22252e-05
-0.00312456	-0.00806263	-0.033416
-0.0184265	0.00716101	-0.0838419
-5.40552e-07	4.95248e-07	-4.11959e-06
-7.76705e-07	-5.43673e-07	-3.99226e-06
-0.0110406	0.00760265	-0.0641482
1.95691e-07	-2.56942e-07	-3.22382e-06
0.0158671	-0.0288445	-0.150629
