0.966299	-0.130755	-6.62849
-1.12756	-0.742021	-5.81805
-1.86426e-07	-8.65476e-07	-3.02765e-06
8.11887e-08	3.85089e-07	-1.94251e-06
3.35447e-07	2.91409e-08	-2.11495e-06
1.07604	-0.248723	-42.7991
-5.06833e-07	3.1366e-07	-1.95981e-06
5.37451e-08	2.8254e-07	-1.4838e-06
-3.81279e-07	2.92051e-07	-2.19458e-06
1.33544	1.80484	-10.2005
3.36284e-06	-5.35583e-07	-2.0413e-05
8.73694e-08	9.03401e-09	-1.61584e-06
-1.00654e-06	7.08236e-07	-5.10915e-06
-1.71374e-07	-4.57201e-07	-4.64461e-06
2.25503e-08	-3.5379e-07	-1.60011e-06
6.45804e-07	-6.53355e-07	-3.45047e-06
-3.59806e-07	-5.79749e-07	-1.59235e-06
-0.341965	0.482686	-4.00539
8.9179e-07	-1.32441e-07	-1.05927e-05
-6.33813e-08	-2.21279e-07	-1.82348e-06
1.7085e-08	-2.69324e-07	-1.63258e-06
-4.29043e-05	-7.03067e-06	-0.000205498
9.53086e-09	6.29315e-07	-2.85599e-06
2.35249e-07	8.2896e-08	-1.78212e-06
-3.80699e-07	-3.69197e-08	-1.3448e-06
5.22049e-07	-6.14906e-07	-4.02243e-06
-6.20822e-07	-2.25221e-08	-2.08608e-06
-3.65623e-07	1.39303e-07	-1.3913e-06
-3.03794e-07	-1.39601e-07	-1.40339e-06
2.73285e-07	4.38519e-08	-1.27842e-06
3.95246e-07	-9.71163e-07	-6.37187e-06
0.407166	0.682256	-17.8428
1.88281e-07	3.92795e-07	-1.91194e-06
-3.12735e-07	-1.19593e-06	-6.06061e-06
-4.48903e-07	3.47672e-07	-2.96611e-06
-1.43323e-06	2.29261e-06	-1.34688e-05
0.888524	-1.37913	-7.30337
3.64818e-07	-5.01273e-07	-1.5263e-06
-4.38641e-07	3.10423e-07	-2.15202e-06
8.05114e-09	-3.34758e-07	-1.73836e-06
5.46063e-07	-3.07691e-07	-2.90228e-06
2.39177e-07	4.04786e-07	-1.47824e-06
-8.89916e-07	2.70019e-06	-2.15821e-05
-7.75969e-07	-2.00287e-06	-8.30145e-06
-1.00805	0.392276	-4.58976
-6.75167e-07	6.18822e-07	-5.14548e-06
-7.01857e-07	-4.91694e-07	-3.60754e-06
-0.492389	0.339424	-2.86227
2.00574e-07	-2.63507e-07	-3.30425e-06
0.779704	-1.40271	-7.32998
9.91654	-1.34186	-68.0242
-12.0105	-7.90378	-61.972
-1.86426e-07	-8.65476e-07	-3.02765e-06
8.11887e-08	3.85089e-07	-1.94251e-06
3.35447e-07	2.91409e-08	-2.11495e-06
10.4713	-2.4204	-416.49
-5.06833e-07	3.1366e-07	-1.95981e-06
5.37451e-08	2.8254e-07	-1.4838e-06
-3.81279e-07	2.92051e-07	-2.19458e-06
14.001	18.9224	-106.944
3.36284e-06	-5.35583e-07	-2.0413e-05
-20.1103	-1.85867	328.784
-1.00654e-06	7.08236e-07	-5.10915e-06
-1.71374e-07	-4.57201e-07	-4.64461e-06
2.25503e-08	-3.5379e-07	-1.60011e-06
6.45804e-07	-6.53355e-07	-3.45047e-06
-3.59806e-07	-5.79749e-07	-1.59235e-06
-3.57881	5.05151	-41.9181
8.9179e-07	-1.32441e-07	-1.05927e-05
-6.33813e-08	-2.21279e-07	-1.82348e-06
1.7085e-08	-2.69324e-07	-1.63258e-06
-4.29043e-05	-7.03067e-06	-0.000205498
9.53086e-09	6.29315e-07	-2.85599e-06
2.35249e-07	8.2896e-08	-1.78212e-06
-3.80699e-07	-3.69197e-08	-1.3448e-06
5.22049e-07	-6.14906e-07	-4.02243e-06
-6.20822e-07	-2.25221e-08	-2.08608e-06
-3.65623e-07	1.39303e-07	-1.3913e-06
-3.03794e-07	-1.39601e-07	-1.40339e-06
2.73285e-07	4.38519e-08	-1.27842e-06
3.95246e-07	-9.71163e-07	-6.37187e-06
4.25938	7.1371	-186.654
1.88281e-07	3.92795e-07	-1.91194e-06
-3.12735e-07	-1.19593e-06	-6.06061e-06
-4.48903e-07	3.47672e-07	-2.96611e-06
-1.43323e-06	2.29261e-06	-1.34688e-05
9.30211	-14.4383	-76.4601
3.64818e-07	-5.01273e-07	-1.5263e-06
-4.38641e-07	3.10423e-07	-2.15202e-06
8.05114e-09	-3.34758e-07	-1.73836e-06
5.46063e-07	-3.07691e-07	-2.90228e-06
2.39177e-07	4.04786e-07	-1.47824e-06
-8.89916e-07	2.70019e-06	-2.15821e-05
-7.75969e-07	-2.00287e-06	-8.30145e-06
-10.5768	4.11589	-48.1572
-6.75167e-07	6.18822e-07	-5.14548e-06
-7.01857e-07	-4.91694e-07	-3.60754e-06
-4.54903	3.13583	-26.4436
2.00574e-07	-2.63507e-07	-3.30425e-06
8.16803	-14.6946	-76.7874
9.91654	-1.34186	-68.0242
-12.0105	-7.90378	-61.972
-1.86426e-07	-8.65476e-07	-3.02765e-06
8.11887e-08	3.85089e-07	-1.94251e-06
3.35447e-07	2.91409e-08	-2.11495e-06
10.4713	-2.4204	-416.49
-5.06833e-07	3.1366e-07	-1.95981e-06
5.37451e-08	2.8254e-07	-1.4838e-06
-3.81279e-07	2.92051e-07	-2.19458e-06
14.001	18.9224	-106.944
3.36284e-06	-5.35583e-07	-2.0413e-05
-20.1103	-1.85867	328.784
-1.00654e-06	7.08236e-07	-5.10915e-06
-1.71374e-07	-4.57201e-07	-4.64461e-06
2.25503e-08	-3.5379e-07	-1.60011e-06
6.45804e-07	-6.53355e-07	-3.45047e-06
-3.59806e-07	-5.79749e-07	-1.59235e-06
-3.57881	5.05151	-41.9181
8.9179e-07	-1.32441e-07	-1.05927e-05
-6.33813e-08	-2.21279e-07	-1.82348e-06
1.7085e-08	-2.69324e-07	-1.63258e-06
-4.29043e-05	-7.03067e-06	-0.000205498
9.53086e-09	6.29315e-07	-2.85599e-06
2.35249e-07	8.2896e-08	-1.78212e-06
-3.80699e-07	-3.69197e-08	-1.3448e-06
5.22049e-07	-6.14906e-07	-4.02243e-06
-6.20822e-07	-2.25221e-08	-2.08608e-06
-3.65623e-07	1.39303e-07	-1.3913e-06
-3.03794e-07	-1.39601e-07	-1.40339e-06
2.73285e-07	4.38519e-08	-1.27842e-06
3.95246e-07	-9.71163e-07	-6.37187e-06
4.25938	7.1371	-186.654
1.88281e-07	3.92795e-07	-1.91194e-06
-3.12735e-07	-1.19593e-06	-6.06061e-06
-4.48903e-07	3.47672e-07	-2.96611e-06
-1.43323e-06	2.29261e-06	-1.34688e-05
9.30211	-14.4383	-76.4601
3.64818e-07	-5.01273e-07	-1.5263e-06
-4.38641e-07	3.10423e-07	-2.15202e-06
8.05114e-09	-3.34758e-07	-1.73836e-06
5.46063e-07	-3.07691e-07	-2.90228e-06
2.39177e-07	4.04786e-07	-1.47824e-06
-8.89916e-07	2.70019e-06	-2.15821e-05
-7.75969e-07	-2.00287e-06	-8.30145e-06
-10.5768	4.11589	-48.1572
-6.75167e-07	6.18822e-07	-5.14548e-06
-7.01857e-07	-4.91694e-07	-3.60754e-06
-4.54903	3.13583	-26.4436
2.00574e-07	-2.63507e-07	-3.30425e-06
8.16803	-14.6946	-76.7874
9.91654	-1.34186	-68.0242
-12.0105	-7.90378	-61.972
-1.86426e-07	-8.65476e-07	-3.02765e-06
8.11887e-08	3.85089e-07	-1.94251e-06
3.35447e-07	2.91409e-08	-2.11495e-06
10.4713	-2.4204	-416.49
-5.06833e-07	3.1366e-07	-1.95981e-06
5.37451e-08	2.8254e-07	-1.4838e-06
-3.81279e-07	2.92051e-07	-2.19458e-06
14.001	18.9224	-106.944
3.36284e-06	-5.35583e-07	-2.0413e-05
-20.1103	-1.85867	328.784
-1.00654e-06	7.08236e-07	-5.10915e-06
-1.71374e-07	-4.57201e-07	-4.64461e-06
2.25503e-08	-3.5379e-07	-1.60011e-06
6.45804e-07	-6.53355e-07	-3.45047e-06
-3.59806e-07	-5.79749e-07	-1.59235e-06
-3.57881	5.05151	-41.9181
8.9179e-07	-1.32441e-07	-1.05927e-05
-6.33813e-08	-2.21279e-07	-1.82348e-06
1.7085e-08	-2.69324e-07	-1.63258e-06
-4.29043e-05	-7.03067e-06	-0.000205498
9.53086e-09	6.29315e-07	-2.85599e-06
2.35249e-07	8.2896e-08	-1.78212e-06
-3.80699e-07	-3.69197e-08	-1.3448e-06
5.22049e-07	-6.14906e-07	-4.02243e-06
-6.20822e-07	-2.25221e-08	-2.08608e-06
-3.65623e-07	1.39303e-07	-1.3913e-06
-3.03794e-07	-1.39601e-07	-1.40339e-06
2.73285e-07	4.38519e-08	-1.27842e-06
3.95246e-07	-9.71163e-07	-6.37187e-06
4.25938	7.1371	-186.654
1.88281e-07	3.92795e-07	-1.91194e-06
-3.12735e-07	-1.19593e-06	-6.06061e-06
-4.48903e-07	3.47672e-07	-2.96611e-06
-1.43323e-06	2.29261e-06	-1.34688e-05
9.30211	-14.4383	-76.4601
3.64818e-07	-5.01273e-07	-1.5263e-06
-4.38641e-07	3.10423e-07	-2.15202e-06
8.05114e-09	-3.34758e-07	-1.73836e-06
5.46063e-07	-3.07691e-07	-2.90228e-06
2.39177e-07	4.04786e-07	-1.47824e-06
-8.89916e-07	2.70019e-06	-2.15821e-05
-7.75969e-07	-2.00287e-06	-8.30145e-06
-10.5768	4.11589	-48.1572
-6.75167e-07	6.18822e-07	-5.14548e-06
-7.01857e-07	-4.91694e-07	-3.60754e-06
-4.54903	3.13583	-26.4436
2.00574e-07	-2.63507e-07	-3.30425e-06
8.16803	-14.6946	-76.7874
9.91654	-1.34186	-68.0242
-12.0105	-7.90378	-61.972
-1.86426e-07	-8.65476e-07	-3.02765e-06
8.11887e-08	3.85089e-07	-1.94251e-06
3.35447e-07	2.91409e-08	-2.11495e-06
10.4713	-2.4204	-416.49
-5.06833e-07	3.1366e-07	-1.95981e-06
5.37451e-08	2.8254e-07	-1.4838e-06
-3.81279e-07	2.92051e-07	-2.19458e-06
14.001	18.9224	-106.944
3.36284e-06	-5.35583e-07	-2.0413e-05
-20.1103	-1.85867	328.784
-1.00654e-06	7.08236e-07	-5.10915e-06
-1.71374e-07	-4.57201e-07	-4.64461e-06
2.25503e-08	-3.5379e-07	-1.60011e-06
6.45804e-07	-6.53355e-07	-3.45047e-06
-3.59806e-07	-5.79749e-07	-1.59235e-06
-3.57881	5.05151	-41.9181
8.9179e-07	-1.32441e-07	-1.05927e-05
-6.33813e-08	-2.21279e-07	-1.82348e-06
1.7085e-08	-2.69324e-07	-1.63258e-06
-4.29043e-05	-7.03067e-06	-0.000205498
9.53086e-09	6.29315e-07	-2.85599e-06
2.35249e-07	8.2896e-08	-1.78212e-06
-3.80699e-07	-3.69197e-08	-1.3448e-06
5.22049e-07	-6.14906e-07	-4.02243e-06
-6.20822e-07	-2.25221e-08	-2.08608e-06
-3.65623e-07	1.39303e-07	-1.3913e-06
-3.03794e-07	-1.39601e-07	-1.40339e-06
2.73285e-07	4.38519e-08	-1.27842e-06
3.95246e-07	-9.71163e-07	-6.37187e-06
4.25938	7.1371	-186.654
1.88281e-07	3.92795e-07	-1.91194e-06
-3.12735e-07	-1.19593e-06	-6.06061e-06
-4.48903e-07	3.47672e-07	-2.96611e-06
-1.43323e-06	2.29261e-06	-1.34688e-05
9.30211	-14.4383	-76.4601
3.64818e-07	-5.01273e-07	-1.5263e-06
-4.38641e-07	3.10423e-07	-2.15202e-06
8.05114e-09	-3.34758e-07	-1.73836e-06
5.46063e-07	-3.07691e-07	-2.90228e-06
2.39177e-07	4.04786e-07	-1.47824e-06
-8.89916e-07	2.70019e-06	-2.15821e-05
-7.75969e-07	-2.00287e-06	-8.30145e-06
-10.5768	4.11589	-48.1572
-6.75167e-07	6.18822e-07	-5.14548e-06
-7.01857e-07	-4.91694e-07	-3.60754e-06
-4.54903	3.13583	-26.4436
2.00574e-07	-2.63507e-07	-3.30425e-06
8.16803	-14.6946	-76.7874
