0.0067115	-0.000908856	-0.0461224
-0.0102919	-0.00676093	-0.0530232
-1.63135e-07	-7.57395e-07	-2.64943e-06
6.30729e-08	2.99166e-07	-1.50908e-06
2.67944e-07	2.33408e-08	-1.68935e-06
0.00295943	-0.000688896	-0.118993
-3.81748e-07	2.36138e-07	-1.47614e-06
4.16024e-08	2.18703e-07	-1.14857e-06
-2.93089e-07	2.2444e-07	-1.68698e-06
0.00849774	0.0114992	-0.0649763
4.80518e-06	-7.64667e-07	-2.91683e-05
-0.00780148	-0.00072598	0.128026
-7.75356e-07	5.45406e-07	-3.93569e-06
-1.50905e-07	-4.02511e-07	-4.08984e-06
1.83122e-08	-2.87298e-07	-1.29939e-06
5.53702e-07	-5.60321e-07	-2.95838e-06
-2.94235e-07	-4.74021e-07	-1.30217e-06
-0.00355386	0.00500873	-0.0415648
9.06478e-07	-1.34357e-07	-1.07671e-05
-5.11623e-08	-1.78576e-07	-1.47193e-06
1.37967e-08	-2.17472e-07	-1.31839e-06
-0.0045658	-0.00074729	-0.0218545
7.40973e-09	4.89238e-07	-2.22046e-06
1.86033e-07	6.56103e-08	-1.40929e-06
-2.93187e-07	-2.84004e-08	-1.03567e-06
4.56702e-07	-5.38002e-07	-3.51893e-06
-4.78757e-07	-1.73384e-08	-1.60871e-06
-2.78007e-07	1.0588e-07	-1.0579e-06
-2.38189e-07	-1.09394e-07	-1.10032e-06
2.13776e-07	3.43517e-08	-1.00004e-06
3.82069e-07	-9.38847e-07	-6.15944e-06
0.00181829	0.00307993	-0.0804994
1.46371e-07	3.05391e-07	-1.48636e-06
-3.05236e-07	-1.16725e-06	-5.9153e-06
-3.49357e-07	2.70525e-07	-2.30836e-06
-1.18422e-06	1.89398e-06	-1.11288e-05
0.0064167	-0.00999482	-0.0529156
2.95255e-07	-4.05868e-07	-1.23526e-06
-3.34676e-07	2.36766e-07	-1.64196e-06
6.54975e-09	-2.72325e-07	-1.41422e-06
4.52228e-07	-2.54826e-07	-2.40356e-06
1.84138e-07	3.11663e-07	-1.13808e-06
-9.20766e-07	2.79388e-06	-2.23302e-05
-8.72361e-07	-2.25169e-06	-9.33273e-06
-0.00627944	0.00244232	-0.0285828
-5.37218e-07	4.92317e-07	-4.09417e-06
-5.8934e-07	-4.12742e-07	-3.0292e-06
-0.00298052	0.00205334	-0.0173188
1.68735e-07	-2.21632e-07	-2.77973e-06
0.005688	-0.0102743	-0.0536763
0.0234382	-0.00317395	-0.161071
-0.0157601	-0.0103531	-0.0811949
-1.63135e-07	-7.57395e-07	-2.64943e-06
6.30729e-08	2.99166e-07	-1.50908e-06
2.67944e-07	2.33408e-08	-1.68935e-06
0.0474445	-0.0110441	-1.90764
-3.81748e-07	2.36138e-07	-1.47614e-06
4.16024e-08	2.18703e-07	-1.14857e-06
-2.93089e-07	2.2444e-07	-1.68698e-06
0.0357354	0.0483572	-0.273244
4.80518e-06	-7.64667e-07	-2.91683e-05
-0.0760676	-0.00707861	1.2483
-7.75356e-07	5.45406e-07	-3.93569e-06
-1.50905e-07	-4.02511e-07	-4.08984e-06
1.83122e-08	-2.87298e-07	-1.29939e-06
5.53702e-07	-5.60321e-07	-2.95838e-06
-2.94235e-07	-4.74021e-07	-1.30217e-06
-0.00493055	0.00694901	-0.0576663
9.06478e-07	-1.34357e-07	-1.07671e-05
0.0189146	0.0797348	0.657582
1.37967e-08	-2.17472e-07	-1.31839e-06
-0.00459687	-0.000752374	-0.0220031
7.40973e-09	4.89238e-07	-2.22046e-06
1.86033e-07	6.56103e-08	-1.40929e-06
-2.93187e-07	-2.84004e-08	-1.03567e-06
4.56702e-07	-5.38002e-07	-3.51893e-06
-4.78757e-07	-1.73384e-08	-1.60871e-06
-2.78007e-07	1.0588e-07	-1.0579e-06
-2.38189e-07	-1.09394e-07	-1.10032e-06
2.13776e-07	3.43517e-08	-1.00004e-06
3.82069e-07	-9.38847e-07	-6.15944e-06
0.0176521	0.0299001	-0.781491
1.46371e-07	3.05391e-07	-1.48636e-06
-3.05236e-07	-1.16725e-06	-5.9153e-06
-3.49357e-07	2.70525e-07	-2.30836e-06
-1.18422e-06	1.89398e-06	-1.11288e-05
0.0186492	-0.0290484	-0.153791
2.95255e-07	-4.05868e-07	-1.23526e-06
-3.34676e-07	2.36766e-07	-1.64196e-06
6.54975e-09	-2.72325e-07	-1.41422e-06
4.52228e-07	-2.54826e-07	-2.40356e-06
1.84138e-07	3.11663e-07	-1.13808e-06
-9.20766e-07	2.79388e-06	-2.23302e-05
-8.72361e-07	-2.25169e-06	-9.33273e-06
-0.00647105	0.00251685	-0.029455
-5.37218e-07	4.92317e-07	-4.09417e-06
-5.8934e-07	-4.12742e-07	-3.0292e-06
-0.00299831	0.00206559	-0.0174222
1.68735e-07	-2.21632e-07	-2.77973e-06
0.0167742	-0.0302995	-0.158294
0.00772274	-0.0010458	-0.0530718
-0.00678352	-0.00445621	-0.0349481
-1.63135e-07	-7.57395e-07	-2.64943e-06
6.30729e-08	2.99166e-07	-1.50908e-06
2.67944e-07	2.33408e-08	-1.68935e-06
0.00366502	-0.000853142	-0.147363
-3.81748e-07	2.36138e-07	-1.47614e-06
4.16024e-08	2.18703e-07	-1.14857e-06
-2.93089e-07	2.2444e-07	-1.68698e-06
0.00779095	0.0105427	-0.059572
4.80518e-06	-7.64667e-07	-2.91683e-05
-0.0110973	-0.00103268	0.182112
-7.75356e-07	5.45406e-07	-3.93569e-06
-1.50905e-07	-4.02511e-07	-4.08984e-06
1.83122e-08	-2.87298e-07	-1.29939e-06
5.53702e-07	-5.60321e-07	-2.95838e-06
-2.94235e-07	-4.74021e-07	-1.30217e-06
-0.00240694	0.00339229	-0.0281508
9.06478e-07	-1.34357e-07	-1.07671e-05
-5.11623e-08	-1.78576e-07	-1.47193e-06
1.37967e-08	-2.17472e-07	-1.31839e-06
-0.00396536	-0.000649015	-0.0189804
7.40973e-09	4.89238e-07	-2.22046e-06
1.86033e-07	6.56103e-08	-1.40929e-06
-2.93187e-07	-2.84004e-08	-1.03567e-06
4.56702e-07	-5.38002e-07	-3.51893e-06
-4.78757e-07	-1.73384e-08	-1.60871e-06
-2.78007e-07	1.0588e-07	-1.0579e-06
-2.38189e-07	-1.09394e-07	-1.10032e-06
2.13776e-07	3.43517e-08	-1.00004e-06
3.82069e-07	-9.38847e-07	-6.15944e-06
0.00199672	0.00338218	-0.0883992
1.46371e-07	3.05391e-07	-1.48636e-06
-3.05236e-07	-1.16725e-06	-5.9153e-06
-3.49357e-07	2.70525e-07	-2.30836e-06
-1.18422e-06	1.89398e-06	-1.11288e-05
0.00574223	-0.00894425	-0.0473535
2.95255e-07	-4.05868e-07	-1.23526e-06
-3.34676e-07	2.36766e-07	-1.64196e-06
6.54975e-09	-2.72325e-07	-1.41422e-06
4.52228e-07	-2.54826e-07	-2.40356e-06
1.84138e-07	3.11663e-07	-1.13808e-06
-9.20766e-07	2.79388e-06	-2.23302e-05
-8.72361e-07	-2.25169e-06	-9.33273e-06
-0.00498373	0.00193837	-0.022685
-5.37218e-07	4.92317e-07	-4.09417e-06
-5.8934e-07	-4.12742e-07	-3.0292e-06
-0.00281281	0.0019378	-0.0163443
1.68735e-07	-2.21632e-07	-2.77973e-06
0.00504374	-0.00911057	-0.0475966
0.00772274	-0.0010458	-0.0530718
-0.00678352	-0.00445621	-0.0349481
-1.63135e-07	-7.57395e-07	-2.64943e-06
6.30729e-08	2.99166e-07	-1.50908e-06
2.67944e-07	2.33408e-08	-1.68935e-06
0.00366502	-0.000853142	-0.147363
-3.81748e-07	2.36138e-07	-1.47614e-06
4.16024e-08	2.18703e-07	-1.14857e-06
-2.93089e-07	2.2444e-07	-1.68698e-06
0.00779095	0.0105427	-0.059572
4.80518e-06	-7.64667e-07	-2.91683e-05
-0.0110973	-0.00103268	0.182112
-7.75356e-07	5.45406e-07	-3.93569e-06
-1.50905e-07	-4.02511e-07	-4.08984e-06
1.83122e-08	-2.87298e-07	-1.29939e-06
5.53702e-07	-5.60321e-07	-2.95838e-06
-2.94235e-07	-4.74021e-07	-1.30217e-06
-0.00240694	0.00339229	-0.0281508
9.06478e-07	-1.34357e-07	-1.07671e-05
-5.11623e-08	-1.78576e-07	-1.47193e-06
1.37967e-08	-2.17472e-07	-1.31839e-06
-0.00396536	-0.000649015	-0.0189804
7.40973e-09	4.89238e-07	-2.22046e-06
1.86033e-07	6.56103e-08	-1.40929e-06
-2.93187e-07	-2.84004e-08	-1.03567e-06
4.56702e-07	-5.38002e-07	-3.51893e-06
-4.78757e-07	-1.73384e-08	-1.60871e-06
-2.78007e-07	1.0588e-07	-1.0579e-06
-2.38189e-07	-1.09394e-07	-1.10032e-06
2.13776e-07	3.43517e-08	-1.00004e-06
3.82069e-07	-9.38847e-07	-6.15944e-06
0.00199672	0.00338218	-0.0883992
1.46371e-07	3.05391e-07	-1.48636e-06
-3.05236e-07	-1.16725e-06	-5.9153e-06
-3.49357e-07	2.70525e-07	-2.30836e-06
-1.18422e-06	1.89398e-06	-1.11288e-05
0.00574223	-0.00894425	-0.0473535
2.95255e-07	-4.05868e-07	-1.23526e-06
-3.34676e-07	2.36766e-07	-1.64196e-06
6.54975e-09	-2.72325e-07	-1.41422e-06
4.52228e-07	-2.54826e-07	-2.40356e-06
1.84138e-07	3.11663e-07	-1.13808e-06
-9.20766e-07	2.79388e-06	-2.23302e-05
-8.72361e-07	-2.25169e-06	-9.33273e-06
-0.00498373	0.00193837	-0.022685
-5.37218e-07	4.92317e-07	-4.09417e-06
-5.8934e-07	-4.12742e-07	-3.0292e-06
-0.00281281	0.0019378	-0.0163443
1.68735e-07	-2.21632e-07	-2.77973e-06
0.00504374	-0.00911057	-0.0475966
0.00772274	-0.0010458	-0.0530718
-0.00678352	-0.00445621	-0.0349481
-1.63135e-07	-7.57395e-07	-2.64943e-06
6.30729e-08	2.99166e-07	-1.50908e-06
2.67944e-07	2.33408e-08	-1.68935e-06
0.00366502	-0.000853142	-0.147363
-3.81748e-07	2.36138e-07	-1.47614e-06
4.16024e-08	2.18703e-07	-1.14857e-06
-2.93089e-07	2.2444e-07	-1.68698e-06
0.00779095	0.0105427	-0.059572
4.80518e-06	-7.64667e-07	-2.91683e-05
-0.0110973	-0.00103268	0.182112
-7.75356e-07	5.45406e-07	-3.93569e-06
-1.50905e-07	-4.02511e-07	-4.08984e-06
1.83122e-08	-2.87298e-07	-1.29939e-06
5.53702e-07	-5.60321e-07	-2.95838e-06
-2.94235e-07	-4.74021e-07	-1.30217e-06
-0.00240694	0.00339229	-0.0281508
9.06478e-07	-1.34357e-07	-1.07671e-05
-5.11623e-08	-1.78576e-07	-1.47193e-06
1.37967e-08	-2.17472e-07	-1.31839e-06
-0.00396536	-0.000649015	-0.0189804
7.40973e-09	4.89238e-07	-2.22046e-06
1.86033e-07	6.56103e-08	-1.40929e-06
-2.93187e-07	-2.84004e-08	-1.03567e-06
4.56702e-07	-5.38002e-07	-3.51893e-06
-4.78757e-07	-1.73384e-08	-1.60871e-06
-2.78007e-07	1.0588e-07	-1.0579e-06
-2.38189e-07	-1.09394e-07	-1.10032e-06
2.13776e-07	3.43517e-08	-1.00004e-06
3.82069e-07	-9.38847e-07	-6.15944e-06
0.00199672	0.00338218	-0.0883992
1.46371e-07	3.05391e-07	-1.48636e-06
-3.05236e-07	-1.16725e-06	-5.9153e-06
-3.49357e-07	2.70525e-07	-2.30836e-06
-1.18422e-06	1.89398e-06	-1.11288e-05
0.00574223	-0.00894425	-0.0473535
2.95255e-07	-4.05868e-07	-1.23526e-06
-3.34676e-07	2.36766e-07	-1.64196e-06
6.54975e-09	-2.72325e-07	-1.41422e-06
4.52228e-07	-2.54826e-07	-2.40356e-06
1.84138e-07	3.11663e-07	-1.13808e-06
-9.20766e-07	2.79388e-06	-2.23302e-05
-8.72361e-07	-2.25169e-06	-9.33273e-06
-0.00498373	0.00193837	-0.022685
-5.37218e-07	4.92317e-07	-4.09417e-06
-5.8934e-07	-4.12742e-07	-3.0292e-06
-0.00281281	0.0019378	-0.0163443
1.68735e-07	-2.21632e-07	-2.77973e-06
0.00504374	-0.00911057	-0.0475966
