306.688	235.214
433.495	273.534
382.119	332.161
339.952	155.131
297.72	222.991
351.88	229.674
451.52	168.065
340.706	157.975
420.707	178.157
311.996	163.2
299.178	237.671
335.326	225.617
431.509	176.048
373.049	263.455
351.156	308.675
289.519	297.598
441.035	360.073
391.874	183.018
328.651	232.347
369.529	271.877
352.355	288.056
438.434	239.244
355.503	146.927
306.712	210.906
459.668	236.508
311.01	284.027
467.197	230.351
451.65	189.92
435.597	263.156
274.609	215.69
336.976	283.633
352.184	213.516
318.856	152.728
379.407	299.716
413.494	184.018
398.78	164.801
316.551	297.208
267.891	348.672
431.72	173.987
354.968	298.17
288.33	267.021
293.923	128.152
375.049	181.49
395.574	315.683
441.913	195.383
407.222	182.963
431.342	276.748
424.034	183.434
335.911	256.945
322.234	298.088
306.688	235.214
433.495	273.534
382.119	332.161
339.952	155.131
297.72	222.991
351.88	229.674
451.52	168.065
340.706	157.975
420.707	178.157
311.996	163.2
299.178	237.671
335.326	225.617
431.509	176.048
373.049	263.455
351.156	308.675
289.519	297.598
441.035	360.073
391.874	183.018
328.651	232.347
369.529	271.877
352.355	288.056
438.434	239.244
355.503	146.927
306.712	210.906
459.668	236.508
311.01	284.027
467.197	230.351
451.65	189.92
435.597	263.156
274.609	215.69
336.976	283.633
352.184	213.516
318.856	152.728
379.407	299.716
413.494	184.018
398.78	164.801
316.551	297.208
267.891	348.672
431.72	173.987
354.968	298.17
288.33	267.021
293.923	128.152
375.049	181.49
395.574	315.683
441.913	195.383
407.222	182.963
431.342	276.748
424.034	183.434
335.911	256.945
322.234	298.088
306.688	235.214
433.495	273.534
382.119	332.161
339.952	155.131
297.72	222.991
351.88	229.674
451.52	168.065
340.706	157.975
420.707	178.157
311.996	163.2
299.178	237.671
335.326	225.617
431.509	176.048
373.049	263.455
351.156	308.675
289.519	297.598
441.035	360.073
391.874	183.018
328.651	232.347
369.529	271.877
352.355	288.056
438.434	239.244
355.503	146.927
306.712	210.906
459.668	236.508
311.01	284.027
467.197	230.351
451.65	189.92
435.597	263.156
274.609	215.69
336.976	283.633
352.184	213.516
318.856	152.728
379.407	299.716
413.494	184.018
398.78	164.801
316.551	297.208
267.891	348.672
431.72	173.987
354.968	298.17
288.33	267.021
293.923	128.152
375.049	181.49
395.574	315.683
441.913	195.383
407.222	182.963
431.342	276.748
424.034	183.434
335.911	256.945
322.234	298.088
306.688	235.214
433.495	273.534
382.119	332.161
339.952	155.131
297.72	222.991
351.88	229.674
451.52	168.065
340.706	157.975
420.707	178.157
311.996	163.2
299.178	237.671
335.326	225.617
431.509	176.048
373.049	263.455
351.156	308.675
289.519	297.598
441.035	360.073
391.874	183.018
328.651	232.347
369.529	271.877
352.355	288.056
438.434	239.244
355.503	146.927
306.712	210.906
459.668	236.508
311.01	284.027
467.197	230.351
451.65	189.92
435.597	263.156
274.609	215.69
336.976	283.633
352.184	213.516
318.856	152.728
379.407	299.716
413.494	184.018
398.78	164.801
316.551	297.208
267.891	348.672
431.72	173.987
354.968	298.17
288.33	267.021
293.923	128.152
375.049	181.49
395.574	315.683
441.913	195.383
407.222	182.963
431.342	276.748
424.034	183.434
335.911	256.945
322.234	298.088
306.688	235.214
433.495	273.534
382.119	332.161
339.952	155.131
297.72	222.991
351.88	229.674
451.52	168.065
340.706	157.975
420.707	178.157
311.996	163.2
299.178	237.671
335.326	225.617
431.509	176.048
373.049	263.455
351.156	308.675
289.519	297.598
441.035	360.073
391.874	183.018
328.651	232.347
369.529	271.877
352.355	288.056
438.434	239.244
355.503	146.927
306.712	210.906
459.668	236.508
311.01	284.027
467.197	230.351
451.65	189.92
435.597	263.156
274.609	215.69
336.976	283.633
352.184	213.516
318.856	152.728
379.407	299.716
413.494	184.018
398.78	164.801
316.551	297.208
267.891	348.672
431.72	173.987
354.968	298.17
288.33	267.021
293.923	128.152
375.049	181.49
395.574	315.683
441.913	195.383
407.222	182.963
431.342	276.748
424.034	183.434
335.911	256.945
322.234	298.088
