3.425981860093061186e+02	4.802369236266570738e+02
4.465144981834750979e+02	3.821679728529707063e+02
4.024594973912427918e+02	4.572516430796856639e+02
3.122188663027159237e+02	3.155617606467016003e+02
6.644268299993917708e+02	3.090196373027276309e+02
4.796495208968442512e+02	4.503928221817197937e+02
3.700012057313639957e+02	1.549728657111440100e+02
5.875668635976282985e+02	2.889139753201054077e+02
5.094545833156731192e+02	2.275137247146644199e+02
5.672613099139165342e+02	2.676701929608424848e+02
4.704172176080431882e+02	2.600173090722188363e+02
5.021754668091302847e+02	4.357601475894562668e+02
3.271599675262789333e+02	5.816257644133363556e+02
5.692807799632073511e+02	4.301702551197201956e+02
5.685562618827398182e+02	3.160874109819299633e+02
4.107777468250384345e+02	3.293554336676290291e+02
5.015770749220482116e+02	3.184749283840096723e+02
5.407529305711475445e+02	5.724065662115822306e+02
5.568230866631707840e+02	2.760073511926301535e+02
4.466951271125699350e+02	5.174812792097078500e+02
5.722718954134134037e+02	5.536715771033908595e+02
5.553348876276568262e+02	3.390521082778980713e+02
4.262685582049731465e+02	3.882890129222868723e+02
5.078319333728049401e+02	1.615684023599049510e+02
2.621741179334101162e+02	5.436820459364199678e+02
6.883476991497808513e+02	2.683570814046626651e+02
5.133860416212055497e+02	4.070028383754157630e+02
4.315570615505185970e+02	2.727473633634900239e+02
5.217677946751604168e+02	2.567291580891622971e+02
3.034169120914557993e+02	3.665607680568297724e+02
4.316577177913075616e+02	3.369259504285661251e+02
5.099049876716442213e+02	4.510149803503329622e+02
4.820805925112136947e+02	4.046946629271648703e+02
3.261245375644469959e+02	3.338345667694031818e+02
6.614442784875187726e+02	2.282823007795994101e+02
3.779371723772890164e+02	2.277296752552682619e+02
4.960612407251375657e+02	4.804658674209568971e+02
3.037806014611917931e+02	2.254255586109031242e+02
4.307725302580087714e+02	3.083405520313492616e+02
5.283512950068958389e+02	3.914395203463560620e+02
4.416377049096012684e+02	3.344068144220384511e+02
3.154746308689487932e+02	3.207824411285293991e+02
2.750166689665256854e+02	4.632262081909892117e+02
3.437609336854682169e+02	3.870045307945960644e+02
5.425635030353569164e+02	3.601369263467365727e+02
2.979827592453298735e+02	3.954090349047154973e+02
4.976805113843616937e+02	4.807680496398412515e+02
4.477167666202086025e+02	2.603088942159175758e+02
6.631564397724619084e+02	2.893367942348631345e+02
3.339299075800688570e+02	3.197669040660392739e+02
