4.335618360291061890e+02	1.536073840360919007e+02
5.433757338502657603e+02	2.775709572747608149e+02
6.074969041496999580e+02	2.102136169671081234e+02
7.663477575706963307e+02	2.938923776867040374e+02
4.359178660695544067e+02	5.186946849463888611e+02
5.558999209658750260e+02	6.385744074779308903e+02
4.017210967348097483e+02	4.695626361963277304e+02
4.122172993978882118e+02	3.473256948712523240e+02
2.919270345138079392e+02	4.588926586870221627e+02
4.200323306460318236e+02	3.339144034199289308e+02
4.470918977770070342e+02	3.517585193474702692e+02
4.115108316695572057e+02	1.144822779117596667e+02
4.804416218379755037e+02	5.914343515648653238e+02
6.519487258922550836e+02	1.557223577226447446e+02
7.701578954868527944e+02	3.610518304833271941e+02
4.537712791081740420e+02	4.307251324292319623e+02
6.434554137894916721e+02	3.912372598748834207e+02
5.647314256254528573e+02	3.191537734743420174e+02
3.611166388685480229e+02	4.185697311545583830e+02
5.715659129704030192e+02	3.260922658434389518e+02
3.353024510057474572e+02	4.237844833306129999e+02
5.927961861179338712e+02	2.767268273284612974e+02
3.389260988423820322e+02	2.922944506269071780e+02
4.320121784990712968e+02	3.374588097125774198e+02
7.708991966315551281e+02	1.984851860358087094e+02
4.512783204576884373e+02	1.673041882999479242e+02
8.133273065743511552e+02	3.302737608941621374e+02
7.632893749357842808e+02	1.893710836039817877e+02
2.150783553775717962e+02	6.017726666629336023e+02
2.374993853376105903e+02	1.919506550240928391e+02
5.332198141615867826e+02	2.257643638827217671e+02
3.365607243088938958e+02	2.308023419606572588e+02
4.905710237141594803e+02	1.689100446871196652e+02
4.065483857592041090e+02	2.150613202890996831e+02
3.253526266201001818e+02	4.836904962602288833e+02
3.977972029965667957e+02	2.355183777884942060e+02
4.088515993384875173e+02	2.131820200922065567e+02
4.038176548285741205e+02	2.284563930912874241e+02
5.738828976943634643e+02	2.436326935733825962e+02
3.682254885198112788e+02	3.621084613757420243e+02
2.372554061141354396e+02	6.278745059694297197e+02
5.172506747005362513e+02	2.129646469495224608e+02
3.816120560013479235e+02	3.740354441659563918e+02
2.531023799632002351e+02	5.510931825281841157e+02
4.092741664963468224e+02	5.293212828215679338e+02
4.620279918921211220e+02	3.654854377552385927e+02
7.057311756613842135e+02	5.030597587504840931e+02
6.783504364532087720e+02	5.819912782445505854e+02
3.195963866261771500e+02	3.324042725429085863e+02
4.234941879202023074e+02	4.515124100857335634e+02
