4.133638882840972428e+02	1.739904204329081097e+02
5.133305300190205571e+02	2.928219608500778008e+02
5.649139248843079031e+02	2.284785344161182934e+02
6.577285579843963887e+02	2.914333231506493576e+02
4.108848287381121054e+02	4.878557885437906521e+02
4.951127331697609861e+02	5.414866532837115756e+02
3.818407006743540251e+02	4.570249821615665269e+02
3.943415552028312163e+02	3.616033125425602748e+02
2.839712154255759060e+02	4.494987182811148614e+02
4.002002230747218050e+02	3.490160218586348719e+02
4.261987655625046614e+02	3.650203143187080741e+02
3.912123133063865907e+02	1.364234959860165759e+02
4.446303723543913975e+02	5.250794921005334572e+02
5.919456065932080264e+02	1.832889277017389702e+02
6.554756049764936279e+02	3.402033035062204362e+02
4.311146629423977856e+02	4.276785806771276270e+02
5.823607327749948581e+02	3.775461967241724324e+02
5.299112340401907204e+02	3.287280864285154962e+02
3.448373954537081545e+02	4.217808337724082435e+02
5.345042422794278991e+02	3.317160886779745965e+02
3.235154098809161383e+02	4.248040816593828595e+02
5.531086051656342306e+02	2.877864615368757768e+02
3.194367774029933571e+02	3.113152387380470714e+02
4.109494289133087932e+02	3.513790699831632196e+02
6.601949465963945158e+02	2.192316066525863789e+02
4.307658244747105414e+02	1.863543693601953635e+02
6.753466484599344994e+02	3.138191612092410310e+02
6.552065758445467054e+02	2.114126797384880092e+02
2.397584952031655519e+02	5.256524261203597916e+02
2.228969799747782474e+02	2.126010619538089941e+02
5.046497357261650905e+02	2.425478815088421811e+02
3.171529633292594212e+02	2.505733438153966119e+02
4.681718083495670726e+02	1.919188069221097521e+02
3.867069631249486861e+02	2.343701810871986595e+02
3.139873676143171792e+02	4.686729327638583413e+02
3.810532811012237744e+02	2.564288741881685496e+02
3.907523382242935668e+02	2.330284972336906719e+02
3.854889813603700190e+02	2.476064006432890494e+02
5.399590157621620392e+02	2.589342553062954835e+02
3.501564304896403996e+02	3.761093190544307276e+02
2.575532704524609358e+02	5.422665286198675858e+02
4.930172811731926004e+02	2.307305144013597555e+02
3.642736826892597151e+02	3.850863092513534411e+02
2.622064323640217935e+02	5.020206455011212370e+02
3.885814492623936758e+02	4.959694397034901385e+02
4.392229986842102107e+02	3.764683225730045706e+02
6.045032335939177983e+02	4.435476055595661364e+02
5.791368800342414715e+02	4.913590862812656610e+02
3.022429592764598851e+02	3.487289579138295608e+02
4.020720850075487647e+02	4.458136555282511608e+02
