3.363405195532599805e+02	1.776892105069722447e+02
3.327872582569377187e+02	1.670375933634150556e+02
3.812733915308753581e+02	3.027187365604221441e+02
4.036501766528228927e+02	2.413950791853147280e+02
4.427938067084438671e+02	1.751737948865788894e+02
4.358107632043327158e+02	3.324066887198599147e+02
4.000016193792857848e+02	2.262923718399902953e+02
4.012185276191024741e+02	2.648427880935135477e+02
4.124506639869224500e+02	1.622176632672933749e+02
4.291976554527848293e+02	2.552908304381855089e+02
3.431092536370890684e+02	3.061287656866395537e+02
3.071995112482124455e+02	2.705181892095134231e+02
3.774408772289220337e+02	3.137914707131458840e+02
4.539281259304736409e+02	1.821335821729292661e+02
4.081599212962090064e+02	2.514751316393870013e+02
3.516892096732652249e+02	3.227310731293901540e+02
3.676621372400800851e+02	1.687491581872909023e+02
4.119350320742972826e+02	2.011544866154931697e+02
4.184006815955220873e+02	3.161156090980479689e+02
4.145681273567348057e+02	2.380112625884454474e+02
3.813933951248182552e+02	2.915662234960404362e+02
4.327796977639491729e+02	2.133560295763948034e+02
2.955844794655652095e+02	2.999206718909222218e+02
3.042469082074156290e+02	2.377632377140503763e+02
3.877363186878608303e+02	2.120289607256664510e+02
4.369093732701113595e+02	2.126626213195782213e+02
3.537542035821389277e+02	2.958353069708384169e+02
3.466977110097254808e+02	1.700724681451995650e+02
4.290346411417842774e+02	2.326187517245992353e+02
3.857692704382774878e+02	2.919530934989728053e+02
3.386153959710246681e+02	1.836192374880099010e+02
4.415986812730947690e+02	1.763712126746552542e+02
3.902483603903070843e+02	3.364812309630063396e+02
2.905388912333172584e+02	3.301006418340455753e+02
3.588162369702541810e+02	1.550458237232179215e+02
3.786378246387217246e+02	1.825833895377885199e+02
4.244443613493224916e+02	3.120573313758301310e+02
4.100621046298084593e+02	2.497587766525032293e+02
3.849477957202586822e+02	3.062503407608757584e+02
4.339621956177794573e+02	2.610576543801002458e+02
3.885465420526689968e+02	1.825132627076087033e+02
4.413348435583111495e+02	2.658451144252607605e+02
4.548346898112813506e+02	3.156707756924302544e+02
4.582062859043227832e+02	1.972433170244326845e+02
3.003907531831131337e+02	3.205375349177431303e+02
3.589151683331415370e+02	3.253964149545828946e+02
4.260862106719696953e+02	1.861762562373328080e+02
3.038155711127880068e+02	2.820937609029846840e+02
3.512314504715289445e+02	2.034030785729899833e+02
3.411638479230683743e+02	3.113099255017171458e+02
