3.784235867378894227e+02	4.409918160199781596e+02
4.411561370384541192e+02	4.606593638313257770e+02
2.753450851144153262e+02	5.423386678880547151e+02
3.547604578724074145e+02	3.192471272243510612e+02
5.538121964512044997e+02	2.271103935008749488e+02
3.332240436490255320e+02	2.686394074964912875e+02
5.421780662401200743e+02	3.614728592152068245e+02
3.808137905804777006e+02	3.971788550946597525e+02
4.251444181989387516e+02	3.909964498493753808e+02
5.296414375159216661e+02	2.711342727308308440e+02
3.797487178948721862e+02	4.679091411973244021e+02
4.352376583544882465e+02	4.780219959492702628e+02
7.020695994745591406e+02	4.792015951827227696e+02
3.732712347157659565e+02	1.938471392711668670e+02
3.424820501015678360e+02	6.537408169457405620e+02
5.197952719687220906e+02	2.072660245383069082e+02
3.169333456711142389e+02	2.375879126413520623e+02
7.072745355945946812e+02	6.863506048636151036e+02
6.429103675738649599e+02	4.104150736226058598e+02
3.330888278144273045e+02	2.051178289750524470e+02
5.967575508616721436e+02	2.850743335832506204e+02
3.283520759689557735e+02	2.676881232472510419e+02
6.614158346249628266e+02	5.499473798873322039e+02
5.515941533197069475e+02	2.117355285602495769e+02
4.435293498738829499e+02	3.154412188158256072e+02
2.621590080114407897e+02	6.629225716721300614e+02
8.480547566707273290e+02	7.141524029481863636e+02
3.951186565338210244e+02	3.728312608189846742e+02
4.680607499343659583e+02	4.277419387420463863e+02
4.362100913352401790e+02	3.826694915995242354e+02
5.392476247061347294e+02	4.585963171230881699e+02
7.578746606941479058e+02	3.595070757382662805e+02
3.263316214764506071e+02	5.294743474032146651e+02
4.833768664852598249e+02	5.231590516917666491e+02
5.623270386138505046e+02	2.905486479161081093e+02
5.480075240884325467e+02	3.126179613127775951e+02
5.550524000271818750e+02	4.003460266812704162e+02
8.470294856779216843e+02	2.783833548377608054e+02
7.055198411316730471e+02	2.512216165582810561e+02
4.846597485716164897e+02	2.812635568175542176e+02
3.493680996630469622e+02	2.507416958679657455e+02
4.369347406428645400e+02	5.920712955748117565e+02
6.503458539422299509e+02	3.665159184200733193e+02
3.277299731993824139e+02	4.661195119922767844e+02
4.976305031275522310e+02	2.152022568797836755e+02
5.385036329763901222e+02	4.332680462832179273e+02
4.748873263367020741e+02	4.829095000597448006e+02
4.686755307993361157e+02	4.305777237269670081e+02
3.083737235547985733e+02	3.971812856792256525e+02
7.320377073332133477e+02	8.739927008611349493e+02
