3.496201286354233844e+02	4.251528797528453083e+02
4.278780717784022158e+02	4.440629607072823433e+02
2.569249267596740083e+02	5.271681969804138816e+02
3.355001099009263612e+02	3.061513548631282902e+02
5.361929368106195852e+02	2.147126339754445326e+02
3.171733301704783230e+02	2.567408234479129874e+02
5.265466079558964339e+02	3.464912006830124938e+02
3.543543298477432018e+02	3.821652237499440048e+02
4.090288008579956909e+02	3.758127606973598631e+02
5.143644341580242099e+02	2.581079881842721306e+02
3.669850067555644273e+02	4.516392080697444840e+02
4.154651315447518982e+02	4.612125700953583873e+02
6.711848197084599406e+02	4.637390943751974532e+02
3.293359148085136212e+02	1.830015075439106624e+02
3.187000856027354985e+02	6.393618857720255164e+02
5.009342403876005960e+02	1.954018623091766358e+02
3.037127333895231800e+02	2.263270976429482175e+02
6.876507538265447010e+02	6.771049915978885565e+02
6.080621272205720516e+02	3.947163459193556605e+02
3.175770100679549728e+02	1.942748652530296170e+02
5.672366005983516288e+02	2.714509738387805555e+02
3.121051107295239149e+02	2.558349735567497021e+02
6.424686949223835200e+02	5.342673968625146017e+02
5.350644783920089367e+02	1.995741797001705038e+02
4.292827801859371561e+02	3.018911216530141814e+02
2.392343005838868635e+02	6.508948918210313650e+02
8.331348913803325331e+02	7.131956278905621502e+02
3.826305371509461679e+02	3.582433884287828505e+02
4.549874062848674043e+02	4.115955757419211523e+02
4.227296979327993540e+02	3.676069730132778091e+02
5.237854799813761701e+02	4.418627292671714599e+02
7.259805505735567976e+02	3.449556535382844231e+02
3.069323439584311473e+02	5.133586277893967917e+02
4.555222681907639526e+02	5.058080295262596451e+02
5.466985274790418998e+02	2.769765721133223906e+02
5.324082157076807107e+02	2.986554952995655867e+02
5.396197657537505847e+02	3.845744978886738750e+02
8.262312628396530272e+02	2.637885918957994704e+02
6.842061401082843304e+02	2.374283775285742308e+02
4.638442694273527991e+02	2.682649084381201874e+02
3.337703062296836265e+02	2.390973072939257236e+02
4.174064381602880189e+02	5.751371067114286006e+02
6.291953407060743757e+02	3.514456621390808664e+02
3.094361757246507523e+02	4.504415691241122772e+02
4.765153286126098351e+02	2.033725494732245238e+02
5.243768955748896587e+02	4.169111020342659799e+02
4.583220142018891465e+02	4.658875630665720564e+02
4.541843988230600075e+02	4.143761730485122143e+02
2.975473252843722776e+02	3.828476943229239851e+02
7.167824704585551672e+02	8.808658031698896593e+02
