3.932978990662685419e+02	2.915112221565956929e+02
4.230264509849914702e+02	2.177146252700843547e+02
4.252850090868058714e+02	3.091552151055439026e+02
3.537799222894311129e+02	3.045095153092314035e+02
3.422915432312682924e+02	2.321916846785172481e+02
4.300959005366238443e+02	3.680879614754472300e+02
3.508758508026671734e+02	2.706467249349893791e+02
4.594047957427786173e+02	2.223078093879366861e+02
4.992215737635663686e+02	2.884616743890377393e+02
3.383434364277320583e+02	2.955529313700054672e+02
4.694690677740811680e+02	3.037902944953458473e+02
4.867286219928320747e+02	3.145444088434433070e+02
3.749625663429685574e+02	2.983223946875891102e+02
3.204892802769437594e+02	2.067159800254409276e+02
3.561326746451143777e+02	2.649156819384048163e+02
4.057286040576678374e+02	2.940814319183908765e+02
3.283714872362771189e+02	2.170932041036264764e+02
4.329802660884012084e+02	3.126388336443183675e+02
4.716733189627361753e+02	3.375381636360625635e+02
3.009688524633857014e+02	2.768682983753707845e+02
4.002566170448672551e+02	3.104694571357515542e+02
3.199132170954864023e+02	2.457439124146300173e+02
3.178118288922817669e+02	2.509277986334613502e+02
4.072660411558424016e+02	2.034946084778304112e+02
3.798042637701501576e+02	3.326245888874544221e+02
3.873472879499781811e+02	1.761968821855034548e+02
3.328240342257001885e+02	1.688676262870763765e+02
4.086411537257656619e+02	3.534974947359834232e+02
4.633300605361739031e+02	2.012877275257885401e+02
4.309200286516442588e+02	2.930891339166711873e+02
4.177809357067372957e+02	2.440769305345899909e+02
4.236888723420659630e+02	1.732519641444559397e+02
3.162485914950070196e+02	2.876873908899053731e+02
3.597879856376091539e+02	2.136245149341091576e+02
3.198460118873886699e+02	2.871997421174012288e+02
3.161888816808307183e+02	3.307877691750858844e+02
3.762835066237497585e+02	2.493568430277580603e+02
4.240421458519290354e+02	2.777109029317901445e+02
3.723835237617784060e+02	2.129893775151902560e+02
4.364498693197073180e+02	2.321477726519726161e+02
4.063986016630531140e+02	2.225717364507584648e+02
4.771909242020372517e+02	2.240280339875817219e+02
4.268728114498311470e+02	2.196897833565724625e+02
4.654262822682928231e+02	2.963709885824284243e+02
3.765331403612576082e+02	3.043114047416754033e+02
3.783455629814875465e+02	3.353626055726215327e+02
3.420849575130463336e+02	1.723642731776197934e+02
3.778640700959890637e+02	1.701893242794998287e+02
3.454050244893551280e+02	2.237690385066327678e+02
3.497078870382644027e+02	2.363654796035745562e+02
