4.641025942627314862e+02	1.767612735256662120e+02
5.654354243171903818e+02	3.121407245008651898e+02
6.232295229925663307e+02	2.524703113204956821e+02
7.773362807057153532e+02	3.521784457845384964e+02
4.329994772739650557e+02	5.507142328774656335e+02
5.542942749273037180e+02	6.932913821821821330e+02
4.012793053225620952e+02	4.951863740491658632e+02
4.196394860919557459e+02	3.683537377781487407e+02
2.842949014262857759e+02	4.752305572003519387e+02
4.271557104259446760e+02	3.553495351820700421e+02
4.512882761337953070e+02	3.761243146188237461e+02
4.705016028321631438e+02	1.365188462623200110e+02
4.816189380564258045e+02	6.345685863271476137e+02
6.898355751548025410e+02	2.056266386524389418e+02
7.795758059925758516e+02	4.192908457533710589e+02
4.553919611946861323e+02	4.583871805121494845e+02
6.460914101309912212e+02	4.357639782152470502e+02
5.723708080299468293e+02	3.551927332233177026e+02
3.573303646145329822e+02	4.374523045177439826e+02
5.768986748015206558e+02	3.627441665493049072e+02
3.299021837822452312e+02	4.407997113034166432e+02
6.024962636258535440e+02	3.160245789692482958e+02
3.513523516768254353e+02	3.046956695119272354e+02
4.407829693541457914e+02	3.602487630469454984e+02
7.885935324138739588e+02	2.597481244589898211e+02
4.835006342374613268e+02	1.926458046486318096e+02
8.227443216191599049e+02	3.934360913147490351e+02
7.858718135543646213e+02	2.502920903477570675e+02
1.890144793234674410e+02	6.329196813738958554e+02
2.842325577270756867e+02	1.915678626652906473e+02
5.559502941719442788e+02	2.596688214666792192e+02
3.559022163665167682e+02	2.419604814055930433e+02
5.232677707425165181e+02	1.990483458802223993e+02
4.293425225124526605e+02	2.344170886483573213e+02
3.174405706125563142e+02	5.045673083490633530e+02
4.176992734111782966e+02	2.538191309051865971e+02
4.293534067691242626e+02	2.326822299095022970e+02
4.225512501826202652e+02	2.473411819408297561e+02
5.870366566390148364e+02	2.813941212055423193e+02
3.725536726839266635e+02	3.792841443023766033e+02
2.050063132826275876e+02	6.643104746043911746e+02
5.416073534748663860e+02	2.452745754411890573e+02
3.829963153965811671e+02	3.927725709938801515e+02
2.318731471707684761e+02	5.752353314504691753e+02
4.057447604923075346e+02	5.604570690600005491e+02
4.911666921941928194e+02	3.929347462670660320e+02
7.058628418528063548e+02	5.578627502685036461e+02
6.707935130730497804e+02	6.398917202850034300e+02
3.391469648900538800e+02	3.445629030168557847e+02
4.252463804584700142e+02	4.777715300409744259e+02
