4.363796582826818167e+02	1.565478041558218365e+02
5.393520538758053817e+02	2.864065546271267522e+02
6.068122738012347099e+02	2.220286550233703906e+02
7.603416094481724485e+02	3.141502943410667967e+02
4.196083989572065320e+02	5.209400043700865126e+02
5.327018949283249185e+02	6.465158336965344006e+02
3.880936593583689387e+02	4.702193100733359756e+02
4.049229123627018225e+02	3.486831319039300183e+02
2.791292212015364385e+02	4.538539454486939348e+02
4.134155199174164181e+02	3.356225796574321976e+02
4.394627101384897969e+02	3.547564156209137991e+02
4.164617102821067078e+02	1.175295896369475770e+02
4.601404346464565833e+02	5.959665363511288660e+02
6.540269549945362542e+02	1.710142860530182247e+02
7.604703070119046515e+02	3.813415263965780468e+02
4.419879179911332017e+02	4.340545607182509684e+02
6.329038522065220604e+02	4.044520043978413923e+02
5.584045185415368451e+02	3.284460670841186811e+02
3.502383288839749298e+02	4.169714829800500411e+02
5.648401871139283230e+02	3.356364928956086260e+02
3.242134817509623872e+02	4.208514093868616328e+02
5.886130484534321567e+02	2.875673376424531966e+02
3.346431770564751673e+02	2.899853436783254779e+02
4.251810248288031175e+02	3.398774304084089408e+02
7.700684621242137382e+02	2.193114735349591058e+02
4.533490680819816134e+02	1.713523922554649630e+02
8.050316957961044864e+02	3.528992583095224518e+02
7.629976241347033010e+02	2.100331999133579473e+02
1.951688882024554630e+02	5.927398726592864477e+02
2.385156323541975496e+02	1.857661804662224654e+02
5.319799672309014795e+02	2.339579610546661854e+02
3.354701715836163203e+02	2.284464063436580545e+02
4.924724622005621200e+02	1.751138210608359600e+02
4.061853519613159165e+02	2.164500317276724104e+02
3.112071306477409962e+02	4.802918240305550626e+02
3.963779436578462878e+02	2.363863934419535724e+02
4.085782634476850603e+02	2.145641024745084167e+02
4.027534061073382645e+02	2.295488057104360280e+02
5.715415834813170477e+02	2.535673967709782630e+02
3.602646175043890366e+02	3.611177317294502132e+02
2.159510396644048456e+02	6.195988113412679468e+02
5.167404436137309176e+02	2.203401919469510517e+02
3.729965239213938162e+02	3.736047961890392344e+02
2.356671190154105204e+02	5.438515514619407440e+02
3.925164034818527625e+02	5.302312713097385313e+02
4.536677885989595325e+02	3.705424140414033900e+02
6.887965685409992602e+02	5.191134825812208646e+02
6.573751092994451710e+02	5.959577015196942966e+02
3.132952323830084538e+02	3.296397314286523397e+02
4.107341379500005587e+02	4.533414581402334989e+02
