3.277771179184010748e+02	3.084616773356998465e+02
3.972162784534331763e+02	3.456086266312889279e+02
4.255152874128792746e+02	1.685629852528691401e+02
3.255339326148533132e+02	3.022285884547696355e+02
4.628463102224866361e+02	1.862586366105997229e+02
3.433402037609174045e+02	3.167361370623898438e+02
3.747401654172278427e+02	2.915629586899453898e+02
3.116169943976796048e+02	2.906983060206829350e+02
3.680335958136201953e+02	2.220179328026128474e+02
3.394614436727080147e+02	2.610592719034086713e+02
3.591021901048154632e+02	3.123957294721187168e+02
4.510681831892983951e+02	1.868295167479296879e+02
3.114294480151239100e+02	1.914866960302379937e+02
4.070918280060922712e+02	2.572878394223261580e+02
4.606753669677551670e+02	2.275873544037704050e+02
4.236494061057051681e+02	2.434662016847694019e+02
4.820907996826101112e+02	2.167822954716127413e+02
3.762220046600846786e+02	1.937200893606556349e+02
4.690854971045372395e+02	2.042878676042190591e+02
4.288531378961494624e+02	2.917996648193366696e+02
3.475747652213883612e+02	1.953077065129840832e+02
4.683068552761178580e+02	3.222277905062199466e+02
3.137079681975627636e+02	2.076274309805151859e+02
3.820089657184659586e+02	2.948794682125295594e+02
4.696079765530225814e+02	1.834920265664502494e+02
3.960089076776716297e+02	2.982369412351190476e+02
4.308630186993900111e+02	2.940248810485090871e+02
4.752355598000193027e+02	2.848177479001776078e+02
3.746708389467594884e+02	3.307801199209079641e+02
3.139390722179010709e+02	1.743241681566609032e+02
4.423896828111797390e+02	2.186837273778245390e+02
4.604278171477532737e+02	1.947728378443358679e+02
4.040754333086973702e+02	2.987038344153225466e+02
3.943873214678476984e+02	2.803429480582688029e+02
4.309472317081794017e+02	1.783290366661994142e+02
4.581795287137605328e+02	3.438849610031015800e+02
3.873282088013980911e+02	2.515864542313245806e+02
3.820850107002640357e+02	2.198174361101827969e+02
4.219776423766310813e+02	2.113368076662378314e+02
3.397026688129583931e+02	2.598296330113223576e+02
3.003591367767098745e+02	2.429820717577561027e+02
4.625526135812554003e+02	2.063261632965225942e+02
4.059866058357389420e+02	2.000058754972180850e+02
4.450486623916922895e+02	1.961208278785094308e+02
3.772739128523923569e+02	2.012891021491567471e+02
4.779771700076788079e+02	2.546272334147465983e+02
3.584463220537821257e+02	1.889812673662647455e+02
3.103082848430813101e+02	3.519618402536373196e+02
3.910751022334629852e+02	3.252462398981240312e+02
4.352425358984518198e+02	3.658198828340190971e+02
4.057146245189550200e+02	2.223328725266298136e+02
4.091086780745242777e+02	3.451133025173103306e+02
5.048995264765387674e+02	2.321321230105183417e+02
3.482763392397909570e+02	2.918554267054061597e+02
4.610904212142628467e+02	2.208857863417938177e+02
3.899687884694138233e+02	3.314086553516050913e+02
4.790397361445867546e+02	1.833199963117020559e+02
3.700180763305959886e+02	2.471249561043382243e+02
4.408391430271141189e+02	2.047649983348921978e+02
3.783690630048330945e+02	2.192744988805597188e+02
4.267282862280672475e+02	2.625032069281324993e+02
3.731923266218815343e+02	3.324828857335613179e+02
3.428529996352953049e+02	2.736631154023157251e+02
3.714220265268209573e+02	3.585682360623769114e+02
4.604166858042623289e+02	1.997807409286975542e+02
4.710677494550862434e+02	3.121504228455250427e+02
4.058095857712489192e+02	3.042175921113300205e+02
4.250133243050307783e+02	2.007367592894822224e+02
3.870178849572018862e+02	3.119898292634225072e+02
3.813441756267757228e+02	2.494388207667311690e+02
3.652309913030991879e+02	2.063301070353774662e+02
4.172553608008037713e+02	2.555533316024339854e+02
4.378961198688578520e+02	3.120439149582238088e+02
4.318424015515219594e+02	2.391597006025359065e+02
3.896643086940309786e+02	3.078236582033733839e+02
3.393851925811708838e+02	2.337038563804739510e+02
4.801146506408263690e+02	3.050935359210471916e+02
3.415843684087316774e+02	3.228871697318948009e+02
3.839071603160899144e+02	2.151418601465933023e+02
4.523260434140622692e+02	2.575831677334529672e+02
4.375198804753935065e+02	2.187994628182436827e+02
4.314821469793954520e+02	2.073426080230362629e+02
4.923936416643356324e+02	2.063468500663317968e+02
4.301116360966591969e+02	2.873998852787839837e+02
3.022547435546990755e+02	3.280180569694585984e+02
4.507612266569755661e+02	2.523387778603508593e+02
3.855574266907647711e+02	1.882538741688280766e+02
4.253769882049747935e+02	2.399295193026649429e+02
3.308225042223424452e+02	3.051050941479712719e+02
4.867733327402079908e+02	2.952100361658233396e+02
3.072541101046444396e+02	2.744354187377847438e+02
3.571459015120148592e+02	3.078946530076264594e+02
4.366226922630735885e+02	3.167913495456267015e+02
3.363693383350184263e+02	2.428311240279842309e+02
3.206209044245877067e+02	2.149534944151285742e+02
3.947771569426654423e+02	1.929233739907064660e+02
4.511665863236277119e+02	2.288595177597359793e+02
3.926261999312129092e+02	2.278629406607328463e+02
4.204330597501802345e+02	1.651515890412719045e+02
4.547052262071478594e+02	2.863354879911531157e+02
