3.216711010647807711e+02	3.106543935857315546e+02
3.969919247852117223e+02	3.456656440560721535e+02
4.237111755154633670e+02	1.710032531141800405e+02
3.274933475720275169e+02	2.969468018626935191e+02
4.594838498793787949e+02	1.864286177211568827e+02
3.448649116388813809e+02	3.166305288234913746e+02
3.772656126931477161e+02	2.910237319782592635e+02
3.116677416623774093e+02	2.868437630145130015e+02
3.674303146738621990e+02	2.182382562548746705e+02
3.381771147350034994e+02	2.598635647440260072e+02
3.557429215130893567e+02	3.125052487788432813e+02
4.515222478898614327e+02	1.876161304456722689e+02
3.136051009795691016e+02	1.936254146736603730e+02
4.079413117770852182e+02	2.619074023075884270e+02
4.559407648120632075e+02	2.230634897867576001e+02
4.246652130579283266e+02	2.416021226457991133e+02
4.830051791371951708e+02	2.155167145194522504e+02
3.775738181131442843e+02	1.904575783573843921e+02
4.710891672788208098e+02	2.002681021188451211e+02
4.300429323195658640e+02	2.924620886787726590e+02
3.473667558467695358e+02	1.959008918371724235e+02
4.662463592653589899e+02	3.238803641035539158e+02
3.154384937021871451e+02	2.102872084949187297e+02
3.740110896150325175e+02	2.985319231620355822e+02
4.674691425308390080e+02	1.871091709866376220e+02
3.945852819114102772e+02	3.038725469560570218e+02
4.306931437596470573e+02	2.943094454470337382e+02
4.750884334668257907e+02	2.857639189689214732e+02
3.728760974285012821e+02	3.316575517463489291e+02
3.127590611587537524e+02	1.777022749936702155e+02
4.429427297218015838e+02	2.200777599881908770e+02
4.608507724334547220e+02	1.993701009781798064e+02
4.047326315682232689e+02	2.974836630824055419e+02
3.893576401547789487e+02	2.832201570932910499e+02
4.312039123093671833e+02	1.830094878084807135e+02
4.588563901835304932e+02	3.466467817732340109e+02
3.849777115453336478e+02	2.491157075754568950e+02
3.788999038388371901e+02	2.204802541237105515e+02
4.235987891380656833e+02	2.089226295696309990e+02
3.403318058600065115e+02	2.639990607584643953e+02
3.021742257747948770e+02	2.420004832612289647e+02
4.616204194042127824e+02	2.048187495821713924e+02
4.042452762714759729e+02	1.976484919576276127e+02
4.458343730877503504e+02	1.888898426466065814e+02
3.768201954505607887e+02	2.016521347048383461e+02
4.784724155601697930e+02	2.582676091979212742e+02
3.545224634367087901e+02	1.889462972848797904e+02
3.115396228110233210e+02	3.465275926272935294e+02
3.937528500596148433e+02	3.255420990180314220e+02
4.360896818810749096e+02	3.668127923799382302e+02
4.006765927245361354e+02	2.227672213269657391e+02
4.054427428267744062e+02	3.437994817640164911e+02
5.046542835420868869e+02	2.299166275963798682e+02
3.493282874628804393e+02	2.885083703607828056e+02
4.640471380053043617e+02	2.223263861454192067e+02
3.880726210177751341e+02	3.267327096311741457e+02
4.800578945412570420e+02	1.846786205547718396e+02
3.791493535810417370e+02	2.481298943568796176e+02
4.407294006940973077e+02	2.034557785918956085e+02
3.841532562471016945e+02	2.187968113824244369e+02
4.287953681009001912e+02	2.614724645088674038e+02
3.719783146397738278e+02	3.378816504413791222e+02
3.399191234219680382e+02	2.695320799451555445e+02
3.758975005765735773e+02	3.613512662167812550e+02
4.554189345962525408e+02	2.003404614927886200e+02
4.735549131828902318e+02	3.107389442922478224e+02
4.030929052116305229e+02	3.056408327409443473e+02
4.237381434133275775e+02	1.978089774766945936e+02
3.883755038457067599e+02	3.163288957361230018e+02
3.852771645519640060e+02	2.507369179419225418e+02
3.614286951169764848e+02	2.066777066971880004e+02
4.167668763731318222e+02	2.534062245410111700e+02
4.377420831883354140e+02	3.118320724660260908e+02
4.341823631874192415e+02	2.396791661733669230e+02
3.885984033466035612e+02	3.054948051385097756e+02
3.389435570912502271e+02	2.296296059450703240e+02
4.786029796539847325e+02	2.991222475389804458e+02
3.432455011058299874e+02	3.238395660733095838e+02
3.851608279136764281e+02	2.173362573727463314e+02
4.556459557814710024e+02	2.605625657131806747e+02
4.401795130629199662e+02	2.177072767848187596e+02
4.315421799208602920e+02	2.106537020912771254e+02
4.904676286242079755e+02	2.041644309117174032e+02
4.283973078560552494e+02	2.913537626718151046e+02
3.013323887989359378e+02	3.259614390097394789e+02
4.471237600524754043e+02	2.521735089246920438e+02
3.867838151821591737e+02	1.916780461493400480e+02
4.229881354692412287e+02	2.381787545495745917e+02
3.316399508234495670e+02	3.096070088262799231e+02
4.932138324094535164e+02	2.963367097589930950e+02
3.096890067925136805e+02	2.759372799918415922e+02
3.574415837958648581e+02	3.078247099765210919e+02
4.313204520490868390e+02	3.176490344828396246e+02
3.395048453312107313e+02	2.465134673977185287e+02
3.225914344282571733e+02	2.172517652800891597e+02
3.924205879862003030e+02	1.962195246135706839e+02
4.466012900501893341e+02	2.333484415068556928e+02
3.890726160747978497e+02	2.311841410384635367e+02
4.189098130459529443e+02	1.703946976825837680e+02
4.536653144863074658e+02	2.845344120939647041e+02
