3.076208319288019197e+02	2.983964070496576255e+02
3.760611827441641140e+02	3.356175260704867469e+02
4.038813159250655076e+02	1.576997727820604496e+02
3.046693761725398986e+02	2.870459017611833588e+02
4.472198980555438652e+02	1.727060112834923302e+02
3.182755030886067971e+02	3.063724909385873616e+02
3.543188923068497047e+02	2.832805750192708274e+02
2.909356201163226956e+02	2.766374930141747654e+02
3.459221335413436691e+02	2.098110946599343549e+02
3.144266829835831913e+02	2.508241272041479419e+02
3.400278332757803241e+02	2.973711424129160719e+02
4.246957566681393814e+02	1.782778328406072887e+02
2.914527119606545966e+02	1.821615657651681772e+02
3.852576591570418714e+02	2.478137530229856509e+02
4.442339536544226917e+02	2.117475976238331725e+02
4.000649889132820931e+02	2.335066018484422727e+02
4.640847274775163669e+02	2.043529510164667045e+02
3.580443982226701110e+02	1.802759575271421966e+02
4.508720823809225635e+02	1.946895237490808199e+02
4.132911493505182534e+02	2.801211488080576828e+02
3.296265515460705160e+02	1.856113076177808523e+02
4.490863709036800628e+02	3.125637937053251107e+02
2.931707415595744237e+02	2.004463819738014081e+02
3.565134756384316574e+02	2.850421011607592732e+02
4.452669974583992598e+02	1.774956506156977412e+02
3.751022761329991795e+02	2.914515785694732131e+02
4.124526364918208401e+02	2.862085894542260576e+02
4.578483149441657361e+02	2.731387186822679496e+02
3.552628448239875638e+02	3.186448895753309216e+02
2.880467325190687689e+02	1.646340697761123408e+02
4.217060231395842607e+02	2.046425767385735810e+02
4.423328849411216197e+02	1.833892042456133709e+02
3.918152351519746048e+02	2.905390637492599240e+02
3.687489703584150220e+02	2.728982560484732289e+02
4.103421803995601067e+02	1.683528293228884252e+02
4.374020754254782446e+02	3.334088415012106452e+02
3.663104336470806288e+02	2.374289198613140854e+02
3.602157359099993528e+02	2.103845114711649273e+02
4.021151020215972949e+02	2.044008085174348821e+02
3.245160385810365256e+02	2.480653369968679556e+02
2.813228573956562855e+02	2.302954420066174919e+02
4.433580383178593252e+02	1.920352960062913610e+02
3.808823789029312934e+02	1.868283898747948513e+02
4.234683923311119429e+02	1.805420176295390036e+02
3.611130029387517766e+02	1.909902199687812470e+02
4.555852662125184906e+02	2.444814679150624670e+02
3.294688589243324941e+02	1.789934151829648670e+02
2.879278867679090581e+02	3.352153431068823011e+02
3.773449331139042897e+02	3.167295907989456509e+02
4.148711785986279779e+02	3.508019376575859951e+02
3.812473068262774518e+02	2.119884395372541235e+02
3.839046812795735946e+02	3.336665713435797329e+02
4.883933528509088546e+02	2.168392541461260237e+02
3.235031930819841932e+02	2.783719970206539642e+02
4.457023867210336903e+02	2.058559961601051498e+02
3.686777443703806512e+02	3.241725273320481051e+02
4.565640942447276984e+02	1.704959544904521636e+02
3.581556974402241167e+02	2.395064287751473842e+02
4.249360254015598457e+02	1.936731989329561543e+02
3.556116733009125710e+02	2.100113997621907060e+02
4.022079875070775756e+02	2.460288925915274945e+02
3.542027471388366280e+02	3.214383680329426056e+02
3.220044692841139522e+02	2.583783344041635246e+02
3.491651225893709807e+02	3.530950129817130687e+02
4.379608148380009993e+02	1.877529762654723697e+02
4.546322314481167268e+02	3.009883457375921694e+02
3.885297687599378946e+02	2.941816899712720783e+02
4.052932252438531009e+02	1.863814604995108368e+02
3.717842530730660542e+02	3.036034263477181412e+02
3.624903034175497396e+02	2.396097529959890267e+02
3.427765509991312456e+02	1.932140853916331480e+02
3.922837058877037180e+02	2.436240563433115369e+02
4.215108468823651151e+02	3.047784093966403702e+02
4.148146202933054951e+02	2.288886644557919681e+02
3.686386111754063108e+02	2.971388963961915692e+02
3.169093117225031619e+02	2.165204418324997846e+02
4.576463242753146687e+02	2.914764605350210900e+02
3.270733019847768333e+02	3.145794579235522974e+02
3.654090729676502747e+02	2.041061612737997848e+02
4.340404756508070250e+02	2.472379967933388514e+02
4.225594924234024461e+02	2.060745641800314161e+02
4.098097038598614290e+02	2.040477268405497853e+02
4.714255362204646076e+02	1.936590097037586133e+02
4.081408184830150390e+02	2.762039722663511725e+02
2.838286275431747754e+02	3.188642946553916317e+02
4.261963649780856827e+02	2.428193496665278133e+02
3.690703735412485571e+02	1.773899112217627305e+02
3.998933761589234450e+02	2.236978213671085030e+02
3.124426382729649845e+02	2.959840694665771252e+02
4.681836162756977728e+02	2.847262217969497442e+02
2.834719584557029179e+02	2.645223063178157759e+02
3.324577556635906035e+02	2.983935249845652606e+02
4.084246034869034361e+02	3.033775129567408158e+02
3.159249657170250316e+02	2.350992589397858126e+02
2.935143235771536183e+02	2.056348606759388815e+02
3.712817197071396436e+02	1.847674528579043169e+02
4.240668187072147930e+02	2.221477552588450521e+02
3.656025994937096470e+02	2.236863692913006219e+02
3.976582754950907770e+02	1.592656002758047293e+02
4.359108104515323703e+02	2.754773880578934495e+02
