3.075105845519549916e+02	2.996995261268239688e+02
3.766071616932506458e+02	3.354329873662416048e+02
4.048141351791523448e+02	1.581122173714452117e+02
3.015734596109436438e+02	2.862769941241036804e+02
4.428453690450772342e+02	1.706898496918790897e+02
3.198195918218453357e+02	3.062428586012419487e+02
3.611759390853317768e+02	2.765766039343796479e+02
2.884996482992876281e+02	2.800739647115331650e+02
3.458662499885940065e+02	2.088774983871378765e+02
3.140420491020441318e+02	2.502532248968881561e+02
3.425728479741464980e+02	3.029879042156275091e+02
4.275875110498352569e+02	1.761965549813592702e+02
2.904154384508524913e+02	1.836360304634054046e+02
3.893464417978885308e+02	2.443754580223847768e+02
4.428272746856416120e+02	2.136504716063677733e+02
4.007805053941851838e+02	2.304120924579522693e+02
4.603993538305000470e+02	2.018779766233416240e+02
3.589168018937788247e+02	1.852054974405806718e+02
4.493825364062661265e+02	1.870909713702488091e+02
4.168815612650639082e+02	2.852681421671558724e+02
3.281532107004381373e+02	1.838117468154700873e+02
4.447426293532378168e+02	3.082109460088617539e+02
2.956690075228098635e+02	1.992748772142663825e+02
3.564291113084717608e+02	2.860075203445281318e+02
4.458344498881969002e+02	1.756901914973767589e+02
3.741120930294806044e+02	2.887022593298116817e+02
4.129146076942089394e+02	2.813208646862389060e+02
4.571357702564375813e+02	2.693107431185594578e+02
3.504892920590183962e+02	3.165572341156218954e+02
2.865716635165481989e+02	1.649377747114625663e+02
4.269279387697645802e+02	2.058747670593135979e+02
4.441969771938656208e+02	1.851640315706052888e+02
3.867139519202158908e+02	2.886563473963822162e+02
3.668234377254881906e+02	2.741537730233907837e+02
4.081079195005985412e+02	1.676153796867818642e+02
4.396618445155696122e+02	3.377821290479489562e+02
3.654989730127003327e+02	2.386430948240592045e+02
3.569063744635386684e+02	2.087769168572805825e+02
4.034126072512187307e+02	1.998877692756074680e+02
3.237217087486556579e+02	2.514292273496842256e+02
2.807362480178372266e+02	2.336461156601024811e+02
4.451921542188148351e+02	1.899039316600122334e+02
3.801361720166416376e+02	1.883973129423447119e+02
4.238456782088636032e+02	1.788448512641712682e+02
3.600534170414406958e+02	1.888287815912095766e+02
4.559106026636346201e+02	2.417832293138152409e+02
3.318872410442099863e+02	1.809701283513038277e+02
2.841473659544780617e+02	3.393721256085416371e+02
3.745554548968843847e+02	3.134878324717688542e+02
4.164556554910213322e+02	3.532042109104599490e+02
3.789087826712241167e+02	2.095732658333334371e+02
3.891463021919746552e+02	3.328025664667263186e+02
4.839584910057490106e+02	2.140526084199497632e+02
3.278160170781551983e+02	2.791648435959905896e+02
4.442812522712659984e+02	2.049091441700195162e+02
3.669859482155940213e+02	3.168014679706993775e+02
4.583358649303935408e+02	1.681329588791204799e+02
3.570697246619097314e+02	2.352537289588205169e+02
4.178156266695661998e+02	1.952000677662219914e+02
3.571724942796194000e+02	2.085890190371209485e+02
4.042761378375923869e+02	2.521383730518583945e+02
3.517188374305596312e+02	3.197897903715238499e+02
3.211670193226094057e+02	2.576810700022172682e+02
3.487665848134873841e+02	3.491535892905633887e+02
4.388500085097338683e+02	1.850525637882802243e+02
4.518281754633463265e+02	2.978406685165636532e+02
3.827103569666983844e+02	2.922489843158638223e+02
4.067254163196344052e+02	1.862863687999167155e+02
3.726180494993689081e+02	3.043254279403436726e+02
3.651068791746534998e+02	2.398856584433047487e+02
3.475131770830743676e+02	1.959157455255393074e+02
3.934237849506502016e+02	2.426800902629206007e+02
4.256349777546135442e+02	2.991358310304088377e+02
4.141003804193491646e+02	2.239479884887129515e+02
3.681542396952368676e+02	2.961067371827359125e+02
3.167026726075202987e+02	2.210403647435875030e+02
4.570700256589321953e+02	2.859084985235636509e+02
3.265414415770705432e+02	3.161554282760868659e+02
3.661285311964080051e+02	2.027039104346238787e+02
4.343890054992687055e+02	2.472683523341105456e+02
4.232182222627442911e+02	2.095495438280498206e+02
4.119980044357533870e+02	1.961093428659160622e+02
4.719765885096783222e+02	1.940919253328725631e+02
4.061363796461226912e+02	2.755053814709280005e+02
2.826089123858247376e+02	3.158197562013039601e+02
4.252352610914685442e+02	2.435872975129136648e+02
3.701446594009090063e+02	1.781826987185658027e+02
4.032253086116558052e+02	2.269571519920961862e+02
3.117971960032598417e+02	2.947417159893605572e+02
4.669684111043968642e+02	2.819837594089277673e+02
2.884855093379122195e+02	2.653590320458506540e+02
3.333240444810175518e+02	2.997973379987219005e+02
4.108315503968714211e+02	3.081215836644590809e+02
3.157610628618184023e+02	2.348086142533426823e+02
2.967449378039917178e+02	2.046934090875743095e+02
3.733746933509062842e+02	1.845101989066833141e+02
4.238166123192992245e+02	2.200876651499987986e+02
3.655858929091841105e+02	2.178602230091786680e+02
3.975594945020739033e+02	1.607247542319665001e+02
4.346350897475653028e+02	2.685670450747954305e+02
