3.298973730378436358e+02	3.047191446812799427e+02
3.989498690264296101e+02	3.473598278142321760e+02
4.366736473767161328e+02	1.674487294317243595e+02
3.255645256823855220e+02	2.924505927194900892e+02
4.769703373783599432e+02	1.856582128804657543e+02
3.428199387285930584e+02	3.132873677372633665e+02
3.828655557004316847e+02	2.872734785103502873e+02
3.127833745868321103e+02	2.832304922513043266e+02
3.773266164828420415e+02	2.159869743827013906e+02
3.393200130625789370e+02	2.540499454292633743e+02
3.656472917964410385e+02	3.069456977984320361e+02
4.586625743481101267e+02	1.861636653703822617e+02
3.201383876505265107e+02	1.818429521075699711e+02
4.147328108007988021e+02	2.567160721647985611e+02
4.727590927748506715e+02	2.257510595340046393e+02
4.320770426211896051e+02	2.407372022670135436e+02
4.955482844864550316e+02	2.162264385657053651e+02
3.912285749547737055e+02	1.878104935971641964e+02
4.846286330652185939e+02	2.009963843902543772e+02
4.391445166746408972e+02	2.915256347356399260e+02
3.600173688406973724e+02	1.886872395530274673e+02
4.717962519717099781e+02	3.242790415419858618e+02
3.259503084686273837e+02	1.999253251235712412e+02
3.816844618440730983e+02	2.917001098587729757e+02
4.807423430212841708e+02	1.846424806774282956e+02
4.003571127274896071e+02	2.990376534193531484e+02
4.387686190641363169e+02	2.920871776945408556e+02
4.843659630366670399e+02	2.869416134443566193e+02
3.749122871681620381e+02	3.296758542104856815e+02
3.184341453687795820e+02	1.656360873391502651e+02
4.551443989517738373e+02	2.156648858535527040e+02
4.756459924853352845e+02	1.981258683217642442e+02
4.137172539317045334e+02	2.979117874510805564e+02
3.947376780870463335e+02	2.804461616190559425e+02
4.450302527163273680e+02	1.784196123761310275e+02
4.640406073308642476e+02	3.499734719170076573e+02
3.952880083492437393e+02	2.463108196375384580e+02
3.902875983541635492e+02	2.158630033109102442e+02
4.340294623118156778e+02	2.099998470762533032e+02
3.519164674522945120e+02	2.542887387685402985e+02
3.059378531119090781e+02	2.343525046091103263e+02
4.749587423753364419e+02	2.050470046949083098e+02
4.120041468204082094e+02	1.945772231389591411e+02
4.568494063441226558e+02	1.892068459323882905e+02
3.907771039933228963e+02	1.969179880807163272e+02
4.846492238673643556e+02	2.563828871256538946e+02
3.662772098857470269e+02	1.835667834124986939e+02
3.022831259032526532e+02	3.462112472375110315e+02
4.006248344170936662e+02	3.224991096489561642e+02
4.387683808877014826e+02	3.692243322296929477e+02
4.123820654826938039e+02	2.195961190414471673e+02
4.073969717563886093e+02	3.461539887306241212e+02
5.162692674654489338e+02	2.313236229920969436e+02
3.511782292290544092e+02	2.833303132907740860e+02
4.759792172780738611e+02	2.205795302678529879e+02
3.912536631721256981e+02	3.274283853625071288e+02
4.908793588593929940e+02	1.816611764403958773e+02
3.856939411156039341e+02	2.432129621821831620e+02
4.531003101063404870e+02	2.059595591901178295e+02
3.891736533961717441e+02	2.177786432412562192e+02
4.313767266090859493e+02	2.598092890653587688e+02
3.763329279201478812e+02	3.297256105585922228e+02
3.476702035865264406e+02	2.635682569512592863e+02
3.709606193740034428e+02	3.607423384657765837e+02
4.716859416151220330e+02	2.004444807856686737e+02
4.772670655362103957e+02	3.148215998422317625e+02
4.134603105488440633e+02	3.024142012041459679e+02
4.363273770884758278e+02	1.975241400605871149e+02
3.959671029920000933e+02	3.117064681598880611e+02
3.924013762537840648e+02	2.455817814642680048e+02
3.743870121325905984e+02	1.993309516130494501e+02
4.224766618289765461e+02	2.524709172214930959e+02
4.471921165539473577e+02	3.119323912571904316e+02
4.420779236921189863e+02	2.388734651479423974e+02
3.939717580799274401e+02	3.016536864882707505e+02
3.469155274430107738e+02	2.249499140882415986e+02
4.863070543284175073e+02	3.045293961893010533e+02
3.470773455233751861e+02	3.204823039677335146e+02
3.949407354205137040e+02	2.118208227405651485e+02
4.626153733957673353e+02	2.599794150044181720e+02
4.531510423959858258e+02	2.175373370669251187e+02
4.444296541269225713e+02	2.098144167745533650e+02
5.023511643824141402e+02	2.079852752462763590e+02
4.363093064982242026e+02	2.857217743531461451e+02
3.001686847514433225e+02	3.235141760072317538e+02
4.554713542929164873e+02	2.524760801980549445e+02
4.015964832374244224e+02	1.841928112539187907e+02
4.314101630309565394e+02	2.351526505921705450e+02
3.344954180555010339e+02	3.014768852536874419e+02
4.965906560029017101e+02	2.990925780838078367e+02
3.089490095653328012e+02	2.689595145172457933e+02
3.590407081042909567e+02	3.056817119087004926e+02
4.374088815536571815e+02	3.158431653116392113e+02
3.449631952842409532e+02	2.393726598156858074e+02
3.242395628251947528e+02	2.074156147208512380e+02
4.041622317744551083e+02	1.903396547808686705e+02
4.534607726007677115e+02	2.314913465001157817e+02
3.958153700548839424e+02	2.265398777764052340e+02
4.318945654909546761e+02	1.657697608508491101e+02
4.623745565889907994e+02	2.851729377072359739e+02
