3.510053022184413294e+02	1.845185939255522101e+02
4.297158662879018038e+02	2.659797549711179272e+02
3.257672487375446622e+02	2.120229170230060163e+02
3.361949401059685556e+02	1.547867732601421835e+02
3.481485472210237049e+02	3.311058876134698039e+02
4.191684480303418923e+02	1.537321035188806775e+02
4.596838577994815864e+02	2.297473173642212600e+02
3.894400079352911348e+02	2.818205269863623244e+02
4.338336380873377607e+02	2.786681486685226901e+02
4.180707499525075264e+02	2.420873376706118734e+02
5.009926419993184936e+02	1.477992042257299659e+02
4.922011284330172316e+02	1.978587494960431741e+02
5.122938936106754682e+02	1.570924847681382630e+02
3.650682149990186645e+02	1.732605154544244499e+02
4.387292179995266679e+02	1.883564282783660531e+02
4.557071999331290613e+02	1.638455853767687245e+02
3.582008820152658473e+02	1.999149016357968378e+02
3.283931013969987589e+02	1.316354800555165525e+02
2.829449695005366152e+02	3.148958363561538363e+02
4.093714624261056656e+02	2.098003725214311430e+02
3.610696099069193679e+02	2.961562051744126052e+02
3.660724680700448630e+02	1.781982983113992418e+02
4.128531977147160887e+02	2.117530926513542795e+02
4.309403155205919802e+02	2.370763094221517235e+02
4.184629765623691355e+02	2.333272471063587830e+02
4.402019477624682509e+02	2.537238870986465713e+02
4.362674661659527828e+02	1.622448262081340999e+02
3.868325022749265827e+02	3.106847575900808351e+02
4.185984043306228273e+02	1.633665122965882688e+02
5.012608444014059614e+02	1.675284414285007983e+02
4.661425444974511265e+02	2.248720482256188973e+02
3.648711314834995392e+02	1.429501519909737226e+02
3.322965641677774897e+02	1.875738626454174209e+02
3.327882328622249020e+02	2.208803102152402289e+02
3.345651404473778143e+02	2.252879282766117228e+02
3.889407241423678556e+02	1.906868107674858663e+02
4.699599203503999547e+02	2.091408453040448023e+02
3.620465351394273625e+02	1.666722356847087951e+02
4.358343226596540489e+02	1.422447177722658012e+02
4.003337689877091634e+02	2.724293375879892665e+02
3.896387585664375024e+02	1.382302570715252727e+02
3.803864798893994248e+02	1.961622128726610583e+02
4.118256254137992869e+02	2.113196932429339654e+02
3.322127173673607672e+02	1.702752363315946411e+02
3.271133421534613603e+02	3.391914838920309307e+02
3.283247423724341161e+02	2.837951183191234463e+02
4.181760219278944533e+02	2.476011361855074142e+02
3.852902918591008756e+02	2.943051904611128862e+02
4.393902541653932303e+02	1.643708076097101412e+02
4.481302173358372443e+02	2.840876591217036093e+02
