-2.26237	-5.31124	34.0688
-17.9074	-35.5596	191.465
4.61829	21.0005	108.736
4.63092	0.895634	39.4843
18.1582	-13.4823	83.3177
29.7441	42.8946	154.959
6.01542	-1.16112	59.437
6.05158	5.1039	57.9986
7.30421	-10.4672	52.7735
12.0715	4.1243	66.7441
-2.4281	9.04514	44.7808
-9.41218	6.11123	59.7457
8.87768	72.9423	325.855
21.2254	-12.137	85.3314
13.2103	5.69298	112.06
-1.71513	12.9558	52.1772
0.682436	-29.5443	163.605
25.5373	-18.1164	202.21
10.8078	16.7704	72.5538
34.3244	3.4561	259.449
3.05863	10.4324	64.3519
16.0277	-4.678	84.7027
-24.0353	22.5113	122.477
-45.8716	2.89972	262.619
3.53234	-3.03573	51.0282
17.4077	-4.95717	86.7964
-4.33628	21.6104	124.573
-4.5261	-15.8482	89.4907
15.4784	-0.129687	86.8303
4.06673	11.2626	68.9842
-15.4821	-27.7876	199.341
21.0822	-15.6707	98.876
5.20113	21.3293	74.2463
-9.01738	12.0393	44.9887
-0.0751925	-7.05045	32.2117
1.80413	-5.09433	35.9329
13.836	18.4993	84.1083
102.6	40.1429	872.4
2.76743	9.03311	44.4775
58.9743	24.7644	317.871
3.89079	-7.78546	54.8712
34.8374	15.3022	167.436
16.1573	14.7932	64.1496
14.6594	-5.52635	55.3104
-16.8147	22.3735	92.7663
-0.670602	13.3633	52.2297
10.5269	-7.92172	60.3639
-5.43978	4.62478	34.3901
-5.98546	-12.141	144.433
-11.6526	35.3192	163.301
-2.26237	-5.31124	34.0688
-17.9074	-35.5596	191.465
4.61829	21.0005	108.736
4.63092	0.895634	39.4843
18.1582	-13.4823	83.3177
29.7441	42.8946	154.959
6.01542	-1.16112	59.437
6.05158	5.1039	57.9986
7.30421	-10.4672	52.7735
12.0715	4.1243	66.7441
-2.4281	9.04514	44.7808
-9.41218	6.11123	59.7457
8.87768	72.9423	325.855
21.2254	-12.137	85.3314
13.2103	5.69298	112.06
-1.71513	12.9558	52.1772
0.682436	-29.5443	163.605
25.5373	-18.1164	202.21
10.8078	16.7704	72.5538
34.3244	3.4561	259.449
3.05863	10.4324	64.3519
16.0277	-4.678	84.7027
-24.0353	22.5113	122.477
-45.8716	2.89972	262.619
3.53234	-3.03573	51.0282
17.4077	-4.95717	86.7964
-4.33628	21.6104	124.573
-4.5261	-15.8482	89.4907
15.4784	-0.129687	86.8303
4.06673	11.2626	68.9842
-15.4821	-27.7876	199.341
21.0822	-15.6707	98.876
5.20113	21.3293	74.2463
-9.01738	12.0393	44.9887
-0.0751925	-7.05045	32.2117
1.80413	-5.09433	35.9329
13.836	18.4993	84.1083
102.6	40.1429	872.4
2.76743	9.03311	44.4775
58.9743	24.7644	317.871
3.89079	-7.78546	54.8712
34.8374	15.3022	167.436
16.1573	14.7932	64.1496
14.6594	-5.52635	55.3104
-16.8147	22.3735	92.7663
-0.670602	13.3633	52.2297
10.5269	-7.92172	60.3639
-5.43978	4.62478	34.3901
-5.98546	-12.141	144.433
-11.6526	35.3192	163.301
-2.26237	-5.31124	34.0688
-17.9074	-35.5596	191.465
4.61829	21.0005	108.736
4.63092	0.895634	39.4843
18.1582	-13.4823	83.3177
29.7441	42.8946	154.959
6.01542	-1.16112	59.437
6.05158	5.1039	57.9986
7.30421	-10.4672	52.7735
12.0715	4.1243	66.7441
-2.4281	9.04514	44.7808
-9.41218	6.11123	59.7457
8.87768	72.9423	325.855
21.2254	-12.137	85.3314
13.2103	5.69298	112.06
-1.71513	12.9558	52.1772
0.682436	-29.5443	163.605
25.5373	-18.1164	202.21
10.8078	16.7704	72.5538
34.3244	3.4561	259.449
3.05863	10.4324	64.3519
16.0277	-4.678	84.7027
-24.0353	22.5113	122.477
-45.8716	2.89972	262.619
3.53234	-3.03573	51.0282
17.4077	-4.95717	86.7964
-4.33628	21.6104	124.573
-4.5261	-15.8482	89.4907
15.4784	-0.129687	86.8303
4.06673	11.2626	68.9842
-15.4821	-27.7876	199.341
21.0822	-15.6707	98.876
5.20113	21.3293	74.2463
-9.01738	12.0393	44.9887
-0.0751925	-7.05045	32.2117
1.80413	-5.09433	35.9329
13.836	18.4993	84.1083
102.6	40.1429	872.4
2.76743	9.03311	44.4775
58.9743	24.7644	317.871
3.89079	-7.78546	54.8712
34.8374	15.3022	167.436
16.1573	14.7932	64.1496
14.6594	-5.52635	55.3104
-16.8147	22.3735	92.7663
-0.670602	13.3633	52.2297
10.5269	-7.92172	60.3639
-5.43978	4.62478	34.3901
-5.98546	-12.141	144.433
-11.6526	35.3192	163.301
-2.26237	-5.31124	34.0688
-17.9074	-35.5596	191.465
4.61829	21.0005	108.736
4.63092	0.895634	39.4843
18.1582	-13.4823	83.3177
29.7441	42.8946	154.959
6.01542	-1.16112	59.437
6.05158	5.1039	57.9986
7.30421	-10.4672	52.7735
12.0715	4.1243	66.7441
-2.4281	9.04514	44.7808
-9.41218	6.11123	59.7457
8.87768	72.9423	325.855
21.2254	-12.137	85.3314
13.2103	5.69298	112.06
-1.71513	12.9558	52.1772
0.682436	-29.5443	163.605
25.5373	-18.1164	202.21
10.8078	16.7704	72.5538
34.3244	3.4561	259.449
3.05863	10.4324	64.3519
16.0277	-4.678	84.7027
-24.0353	22.5113	122.477
-45.8716	2.89972	262.619
3.53234	-3.03573	51.0282
17.4077	-4.95717	86.7964
-4.33628	21.6104	124.573
-4.5261	-15.8482	89.4907
15.4784	-0.129687	86.8303
4.06673	11.2626	68.9842
-15.4821	-27.7876	199.341
21.0822	-15.6707	98.876
5.20113	21.3293	74.2463
-9.01738	12.0393	44.9887
-0.0751925	-7.05045	32.2117
1.80413	-5.09433	35.9329
13.836	18.4993	84.1083
102.6	40.1429	872.4
2.76743	9.03311	44.4775
58.9743	24.7644	317.871
3.89079	-7.78546	54.8712
34.8374	15.3022	167.436
16.1573	14.7932	64.1496
14.6594	-5.52635	55.3104
-16.8147	22.3735	92.7663
-0.670602	13.3633	52.2297
10.5269	-7.92172	60.3639
-5.43978	4.62478	34.3901
-5.98546	-12.141	144.433
-11.6526	35.3192	163.301
-2.26237	-5.31124	34.0688
-17.9074	-35.5596	191.465
4.61829	21.0005	108.736
4.63092	0.895634	39.4843
18.1582	-13.4823	83.3177
29.7441	42.8946	154.959
6.01542	-1.16112	59.437
6.05158	5.1039	57.9986
7.30421	-10.4672	52.7735
12.0715	4.1243	66.7441
-2.4281	9.04514	44.7808
-9.41218	6.11123	59.7457
8.87768	72.9423	325.855
21.2254	-12.137	85.3314
13.2103	5.69298	112.06
-1.71513	12.9558	52.1772
0.682436	-29.5443	163.605
25.5373	-18.1164	202.21
10.8078	16.7704	72.5538
34.3244	3.4561	259.449
3.05863	10.4324	64.3519
16.0277	-4.678	84.7027
-24.0353	22.5113	122.477
-45.8716	2.89972	262.619
3.53234	-3.03573	51.0282
17.4077	-4.95717	86.7964
-4.33628	21.6104	124.573
-4.5261	-15.8482	89.4907
15.4784	-0.129687	86.8303
4.06673	11.2626	68.9842
-15.4821	-27.7876	199.341
21.0822	-15.6707	98.876
5.20113	21.3293	74.2463
-9.01738	12.0393	44.9887
-0.0751925	-7.05045	32.2117
1.80413	-5.09433	35.9329
13.836	18.4993	84.1083
102.6	40.1429	872.4
2.76743	9.03311	44.4775
58.9743	24.7644	317.871
3.89079	-7.78546	54.8712
34.8374	15.3022	167.436
16.1573	14.7932	64.1496
14.6594	-5.52635	55.3104
-16.8147	22.3735	92.7663
-0.670602	13.3633	52.2297
10.5269	-7.92172	60.3639
-5.43978	4.62478	34.3901
-5.98546	-12.141	144.433
-11.6526	35.3192	163.301
