-208.997	-490.65	3147.26
-433.973	-861.76	4640.01
183.333	833.66	4316.51
391.704	75.7566	3339.75
900.652	-668.727	4132.58
876.569	1264.11	4566.68
384.189	-74.1579	3796.08
393.345	331.747	3769.83
508.804	-729.133	3676.15
709.033	242.245	3920.29
-188.181	701.011	3470.57
-594.275	385.857	3772.28
132.381	1087.69	4859.02
1033.99	-591.254	4156.92
512.916	221.042	4350.98
-119.715	904.304	3641.92
19.0846	-826.22	4575.29
593.545	-421.065	4699.81
594.979	923.224	3994.14
635.489	63.9869	4803.49
183.85	627.079	3868.12
783.705	-228.74	4141.71
-856.712	802.39	4365.57
-830.669	52.5096	4755.65
251.353	-216.016	3631.05
835.131	-237.819	4164.04
-153.163	763.309	4400.07
-210.331	-736.481	4158.71
741.689	-6.21424	4160.71
232.083	642.744	3936.84
-361.98	-649.69	4660.7
911.18	-677.292	4273.46
280.582	1150.64	4005.32
-693.927	926.474	3462.08
-7.19606	-674.741	3082.72
161.746	-456.722	3221.49
679.182	908.096	4128.72
597.515	233.782	5080.63
216.109	705.397	3473.26
905.77	380.351	4882.09
263.11	-526.481	3710.59
960.295	421.806	4615.37
979.045	896.389	3887.12
990.919	-373.559	3738.76
-754.94	1004.52	4164.98
-46.7988	932.572	3644.91
666.384	-501.468	3821.21
-498.214	423.57	3149.68
-186.313	-377.92	4495.87
-325.091	985.356	4555.87
-208.997	-490.65	3147.26
-433.973	-861.76	4640.01
183.333	833.66	4316.51
391.704	75.7566	3339.75
900.652	-668.727	4132.58
876.569	1264.11	4566.68
384.189	-74.1579	3796.08
393.345	331.747	3769.83
508.804	-729.133	3676.15
709.033	242.245	3920.29
-188.181	701.011	3470.57
-594.275	385.857	3772.28
132.381	1087.69	4859.02
1033.99	-591.254	4156.92
512.916	221.042	4350.98
-119.715	904.304	3641.92
19.0846	-826.22	4575.29
593.545	-421.065	4699.81
594.979	923.224	3994.14
635.489	63.9869	4803.49
183.85	627.079	3868.12
783.705	-228.74	4141.71
-856.712	802.39	4365.57
-830.669	52.5096	4755.65
251.353	-216.016	3631.05
835.131	-237.819	4164.04
-153.163	763.309	4400.07
-210.331	-736.481	4158.71
741.689	-6.21424	4160.71
232.083	642.744	3936.84
-361.98	-649.69	4660.7
911.18	-677.292	4273.46
280.582	1150.64	4005.32
-693.927	926.474	3462.08
-7.19606	-674.741	3082.72
161.746	-456.722	3221.49
679.182	908.096	4128.72
597.515	233.782	5080.63
216.109	705.397	3473.26
905.77	380.351	4882.09
263.11	-526.481	3710.59
960.295	421.806	4615.37
979.045	896.389	3887.12
990.919	-373.559	3738.76
-754.94	1004.52	4164.98
-46.7988	932.572	3644.91
666.384	-501.468	3821.21
-498.214	423.57	3149.68
-186.313	-377.92	4495.87
-325.091	985.356	4555.87
-208.997	-490.65	3147.26
-433.973	-861.76	4640.01
183.333	833.66	4316.51
391.704	75.7566	3339.75
900.652	-668.727	4132.58
876.569	1264.11	4566.68
384.189	-74.1579	3796.08
393.345	331.747	3769.83
508.804	-729.133	3676.15
709.033	242.245	3920.29
-188.181	701.011	3470.57
-594.275	385.857	3772.28
132.381	1087.69	4859.02
1033.99	-591.254	4156.92
512.916	221.042	4350.98
-119.715	904.304	3641.92
19.0846	-826.22	4575.29
593.545	-421.065	4699.81
594.979	923.224	3994.14
635.489	63.9869	4803.49
183.85	627.079	3868.12
783.705	-228.74	4141.71
-856.712	802.39	4365.57
-830.669	52.5096	4755.65
251.353	-216.016	3631.05
835.131	-237.819	4164.04
-153.163	763.309	4400.07
-210.331	-736.481	4158.71
741.689	-6.21424	4160.71
232.083	642.744	3936.84
-361.98	-649.69	4660.7
911.18	-677.292	4273.46
280.582	1150.64	4005.32
-693.927	926.474	3462.08
-7.19606	-674.741	3082.72
161.746	-456.722	3221.49
679.182	908.096	4128.72
597.515	233.782	5080.63
216.109	705.397	3473.26
905.77	380.351	4882.09
263.11	-526.481	3710.59
960.295	421.806	4615.37
979.045	896.389	3887.12
990.919	-373.559	3738.76
-754.94	1004.52	4164.98
-46.7988	932.572	3644.91
666.384	-501.468	3821.21
-498.214	423.57	3149.68
-186.313	-377.92	4495.87
-325.091	985.356	4555.87
-208.997	-490.65	3147.26
-433.973	-861.76	4640.01
183.333	833.66	4316.51
391.704	75.7566	3339.75
900.652	-668.727	4132.58
876.569	1264.11	4566.68
384.189	-74.1579	3796.08
393.345	331.747	3769.83
508.804	-729.133	3676.15
709.033	242.245	3920.29
-188.181	701.011	3470.57
-594.275	385.857	3772.28
132.381	1087.69	4859.02
1033.99	-591.254	4156.92
512.916	221.042	4350.98
-119.715	904.304	3641.92
19.0846	-826.22	4575.29
593.545	-421.065	4699.81
594.979	923.224	3994.14
635.489	63.9869	4803.49
183.85	627.079	3868.12
783.705	-228.74	4141.71
-856.712	802.39	4365.57
-830.669	52.5096	4755.65
251.353	-216.016	3631.05
835.131	-237.819	4164.04
-153.163	763.309	4400.07
-210.331	-736.481	4158.71
741.689	-6.21424	4160.71
232.083	642.744	3936.84
-361.98	-649.69	4660.7
911.18	-677.292	4273.46
280.582	1150.64	4005.32
-693.927	926.474	3462.08
-7.19606	-674.741	3082.72
161.746	-456.722	3221.49
679.182	908.096	4128.72
597.515	233.782	5080.63
216.109	705.397	3473.26
905.77	380.351	4882.09
263.11	-526.481	3710.59
960.295	421.806	4615.37
979.045	896.389	3887.12
990.919	-373.559	3738.76
-754.94	1004.52	4164.98
-46.7988	932.572	3644.91
666.384	-501.468	3821.21
-498.214	423.57	3149.68
-186.313	-377.92	4495.87
-325.091	985.356	4555.87
-208.997	-490.65	3147.26
-433.973	-861.76	4640.01
183.333	833.66	4316.51
391.704	75.7566	3339.75
900.652	-668.727	4132.58
876.569	1264.11	4566.68
384.189	-74.1579	3796.08
393.345	331.747	3769.83
508.804	-729.133	3676.15
709.033	242.245	3920.29
-188.181	701.011	3470.57
-594.275	385.857	3772.28
132.381	1087.69	4859.02
1033.99	-591.254	4156.92
512.916	221.042	4350.98
-119.715	904.304	3641.92
19.0846	-826.22	4575.29
593.545	-421.065	4699.81
594.979	923.224	3994.14
635.489	63.9869	4803.49
183.85	627.079	3868.12
783.705	-228.74	4141.71
-856.712	802.39	4365.57
-830.669	52.5096	4755.65
251.353	-216.016	3631.05
835.131	-237.819	4164.04
-153.163	763.309	4400.07
-210.331	-736.481	4158.71
741.689	-6.21424	4160.71
232.083	642.744	3936.84
-361.98	-649.69	4660.7
911.18	-677.292	4273.46
280.582	1150.64	4005.32
-693.927	926.474	3462.08
-7.19606	-674.741	3082.72
161.746	-456.722	3221.49
679.182	908.096	4128.72
597.515	233.782	5080.63
216.109	705.397	3473.26
905.77	380.351	4882.09
263.11	-526.481	3710.59
960.295	421.806	4615.37
979.045	896.389	3887.12
990.919	-373.559	3738.76
-754.94	1004.52	4164.98
-46.7988	932.572	3644.91
666.384	-501.468	3821.21
-498.214	423.57	3149.68
-186.313	-377.92	4495.87
-325.091	985.356	4555.87
