98.2299	117.281	394.73
100.52	104.369	531.279
-67.7336	-39.2897	417.59
-73.2134	-53.4363	490.128
85.0876	60.6534	448.707
18.6451	133.207	348.064
69.0779	52.4865	424.559
28.8506	24.2769	446.74
77.4336	70.6607	373.704
129.829	-73.9306	525.396
104.608	3.8711	464.182
117.026	-43.3206	521.141
-97.3689	59.54	472.6
74.8603	-60.457	492.254
-35.5827	-73.3486	462.768
-42.8064	118.565	342.88
123.137	-62.898	400.075
-32.9841	-68.1498	387.451
11.5243	-34.5318	457.232
-67.4611	68.6632	372.856
123.381	29.3597	365.005
54.4228	87.043	561.24
-18.725	-98.0349	519.324
-12.6473	-27.8506	496.633
82.5881	101.708	388.295
65.8536	114.115	365.267
84.718	46.4818	516.514
45.1746	74.5808	523.897
86.2002	142.695	456.053
-39.6423	74.0865	539.194
75.612	33.0667	537.685
-79.6411	51.8922	510.178
81.2134	97.7601	437.9
-16.644	62.2413	350.092
76.9934	58.6322	527.701
-72.348	106.887	421.156
-44.6127	11	529.967
-77.8137	112.249	445.64
-40.0166	-7.29392	503.596
80.3024	-80.8884	518.094
-28.1903	-91.3451	388.271
4.06675	-59.6423	532.98
-31.27	-11.8985	507.448
125.553	4.16992	414.15
61.5325	-83.4106	519.169
-49.3375	-42.6335	428.241
133.488	-41.9698	551.334
-67.7021	42.5456	337.588
-4.35848	50.717	525.672
-40.7278	1.79637	513.291
51.9601	69.2258	228.531
53.6736	62.0881	307.557
-36.8794	-23.9492	241.679
-39.525	-32.0475	283.656
46.2593	36.9503	259.74
6.62732	75.7995	201.533
37.475	31.8575	245.759
15.6555	14.771	258.583
41.6271	42.3225	216.335
75.5074	-37.5142	304.047
58.9572	5.54358	268.664
67.3783	-20.6496	301.603
-56.5122	30.8859	273.576
44.1222	-31.5803	284.875
-17.7341	-42.1585	267.807
-27.5642	65.7103	198.527
71.3725	-31.5612	231.519
-16.4457	-39.19	224.217
7.65015	-18.8806	264.623
-39.9594	36.869	215.85
68.7476	20.4166	211.274
28.2237	50.963	324.89
-7.48285	-55.5372	300.526
-6.15867	-15.8173	287.433
43.6091	59.9796	224.798
33.803	66.4598	211.478
46.4925	28.9881	298.979
23.3741	43.6451	303.27
44.4402	83.2189	264.039
-24.3999	40.8412	312.127
41.7677	21.1674	311.225
-46.2844	27.125	295.322
42.966	57.7392	253.507
-11.1394	34.7563	202.668
41.7804	35.61	305.46
-43.8404	58.2876	243.827
-25.3207	5.13791	306.75
-47.0735	61.1586	258.002
-22.1923	-5.04722	291.476
47.8055	-42.9179	299.819
-13.0521	-52.1172	224.677
4.2181	-33.2147	308.451
-17.1252	-7.37878	293.702
70.7366	6.31186	239.705
37.3046	-44.8993	300.441
-26.4107	-25.2786	247.841
76.6225	-19.3813	319.08
-39.3256	22.1261	195.421
-3.82445	28.719	304.285
-22.8617	0.0590062	297.093
51.9601	69.2258	228.531
53.6736	62.0881	307.557
-36.8794	-23.9492	241.679
-39.525	-32.0475	283.656
46.2593	36.9503	259.74
6.62732	75.7995	201.533
37.475	31.8575	245.759
15.6555	14.771	258.583
41.6271	42.3225	216.335
75.5074	-37.5142	304.047
58.9572	5.54358	268.664
67.3783	-20.6496	301.603
-56.5122	30.8859	273.576
44.1222	-31.5803	284.875
-17.7341	-42.1585	267.807
-27.5642	65.7103	198.527
71.3725	-31.5612	231.519
-16.4457	-39.19	224.217
7.65015	-18.8806	264.623
-39.9594	36.869	215.85
68.7476	20.4166	211.274
28.2237	50.963	324.89
-7.48285	-55.5372	300.526
-6.15867	-15.8173	287.433
43.6091	59.9796	224.798
33.803	66.4598	211.478
46.4925	28.9881	298.979
23.3741	43.6451	303.27
44.4402	83.2189	264.039
-24.3999	40.8412	312.127
41.7677	21.1674	311.225
-46.2844	27.125	295.322
42.966	57.7392	253.507
-11.1394	34.7563	202.668
41.7804	35.61	305.46
-43.8404	58.2876	243.827
-25.3207	5.13791	306.75
-47.0735	61.1586	258.002
-22.1923	-5.04722	291.476
47.8055	-42.9179	299.819
-13.0521	-52.1172	224.677
4.2181	-33.2147	308.451
-17.1252	-7.37878	293.702
70.7366	6.31186	239.705
37.3046	-44.8993	300.441
-26.4107	-25.2786	247.841
76.6225	-19.3813	319.08
-39.3256	22.1261	195.421
-3.82445	28.719	304.285
-22.8617	0.0590062	297.093
51.9601	69.2258	228.531
53.6736	62.0881	307.557
-36.8794	-23.9492	241.679
-39.525	-32.0475	283.656
46.2593	36.9503	259.74
6.62732	75.7995	201.533
37.475	31.8575	245.759
15.6555	14.771	258.583
41.6271	42.3225	216.335
75.5074	-37.5142	304.047
58.9572	5.54358	268.664
67.3783	-20.6496	301.603
-56.5122	30.8859	273.576
44.1222	-31.5803	284.875
-17.7341	-42.1585	267.807
-27.5642	65.7103	198.527
71.3725	-31.5612	231.519
-16.4457	-39.19	224.217
7.65015	-18.8806	264.623
-39.9594	36.869	215.85
68.7476	20.4166	211.274
28.2237	50.963	324.89
-7.48285	-55.5372	300.526
-6.15867	-15.8173	287.433
43.6091	59.9796	224.798
33.803	66.4598	211.478
46.4925	28.9881	298.979
23.3741	43.6451	303.27
44.4402	83.2189	264.039
-24.3999	40.8412	312.127
41.7677	21.1674	311.225
-46.2844	27.125	295.322
42.966	57.7392	253.507
-11.1394	34.7563	202.668
41.7804	35.61	305.46
-43.8404	58.2876	243.827
-25.3207	5.13791	306.75
-47.0735	61.1586	258.002
-22.1923	-5.04722	291.476
47.8055	-42.9179	299.819
-13.0521	-52.1172	224.677
4.2181	-33.2147	308.451
-17.1252	-7.37878	293.702
70.7366	6.31186	239.705
37.3046	-44.8993	300.441
-26.4107	-25.2786	247.841
76.6225	-19.3813	319.08
-39.3256	22.1261	195.421
-3.82445	28.719	304.285
-22.8617	0.0590062	297.093
51.9601	69.2258	228.531
53.6736	62.0881	307.557
-36.8794	-23.9492	241.679
-39.525	-32.0475	283.656
46.2593	36.9503	259.74
6.62732	75.7995	201.533
37.475	31.8575	245.759
15.6555	14.771	258.583
41.6271	42.3225	216.335
75.5074	-37.5142	304.047
58.9572	5.54358	268.664
67.3783	-20.6496	301.603
-56.5122	30.8859	273.576
44.1222	-31.5803	284.875
-17.7341	-42.1585	267.807
-27.5642	65.7103	198.527
71.3725	-31.5612	231.519
-16.4457	-39.19	224.217
7.65015	-18.8806	264.623
-39.9594	36.869	215.85
68.7476	20.4166	211.274
28.2237	50.963	324.89
-7.48285	-55.5372	300.526
-6.15867	-15.8173	287.433
43.6091	59.9796	224.798
33.803	66.4598	211.478
46.4925	28.9881	298.979
23.3741	43.6451	303.27
44.4402	83.2189	264.039
-24.3999	40.8412	312.127
41.7677	21.1674	311.225
-46.2844	27.125	295.322
42.966	57.7392	253.507
-11.1394	34.7563	202.668
41.7804	35.61	305.46
-43.8404	58.2876	243.827
-25.3207	5.13791	306.75
-47.0735	61.1586	258.002
-22.1923	-5.04722	291.476
47.8055	-42.9179	299.819
-13.0521	-52.1172	224.677
4.2181	-33.2147	308.451
-17.1252	-7.37878	293.702
70.7366	6.31186	239.705
37.3046	-44.8993	300.441
-26.4107	-25.2786	247.841
76.6225	-19.3813	319.08
-39.3256	22.1261	195.421
-3.82445	28.719	304.285
-22.8617	0.0590062	297.093
