49.653	59.9468	202.395
55.9524	58.8018	299.16
-33.473	-19.4924	208.998
-37.8623	-27.7711	257.049
44.1444	31.9605	235.107
9.0376	66.2232	173.888
35.2069	27.1675	218.349
14.9509	12.8367	231.682
38.2249	35.3293	186.618
68.6786	-38.1651	279.348
54.0926	2.5726	241.858
62.2598	-22.2543	278.778
-51.8427	31.7375	252.921
39.0717	-30.7448	257.063
-17.707	-37.0649	236.547
-21.281	58.565	170.138
59.93	-29.8949	196.06
-15.6378	-32.8024	188.477
6.14799	-17.2992	235.08
-33.5816	34.184	186.351
59.8709	14.7619	179.163
30.9519	50.0437	322.104
-9.35087	-51.122	274.199
-6.37904	-14.3715	263.16
41.4365	51.604	197.439
32.6052	57.1299	183.544
46.032	25.7838	282.909
24.912	41.5705	291.279
45.7938	76.6469	245.871
-22.1848	41.7392	304.036
41.6473	18.7266	298.032
-43.4011	28.4196	279.938
42.1599	51.3322	230.129
-8.13798	30.5085	171.917
42.3326	32.7567	292.542
-37.7149	55.6027	220.013
-24.1731	6.22341	291.26
-41.3489	59.5247	237.322
-21.0921	-3.6767	269.976
42.4656	-41.7852	273.889
-13.1874	-43.7496	187.823
2.55518	-31.5286	287.142
-16.4342	-6.10748	272.374
62.6086	2.65775	208.517
32.6819	-43.2056	274.613
-24.4287	-21.2141	215.624
72.5124	-21.937	301.375
-32.6445	20.5432	163.629
-2.31198	28.1982	291.026
-21.7011	1.18038	277.862
49.653	59.9468	202.395
55.9524	58.8018	299.16
-33.473	-19.4924	208.998
-37.8623	-27.7711	257.049
44.1444	31.9605	235.107
9.0376	66.2232	173.888
35.2069	27.1675	218.349
14.9509	12.8367	231.682
38.2249	35.3293	186.618
68.6786	-38.1651	279.348
54.0926	2.5726	241.858
62.2598	-22.2543	278.778
-51.8427	31.7375	252.921
39.0717	-30.7448	257.063
-17.707	-37.0649	236.547
-21.281	58.565	170.138
59.93	-29.8949	196.06
-15.6378	-32.8024	188.477
6.14799	-17.2992	235.08
-33.5816	34.184	186.351
59.8709	14.7619	179.163
30.9519	50.0437	322.104
-9.35087	-51.122	274.199
-6.37904	-14.3715	263.16
41.4365	51.604	197.439
32.6052	57.1299	183.544
46.032	25.7838	282.909
24.912	41.5705	291.279
45.7938	76.6469	245.871
-22.1848	41.7392	304.036
41.6473	18.7266	298.032
-43.4011	28.4196	279.938
42.1599	51.3322	230.129
-8.13798	30.5085	171.917
42.3326	32.7567	292.542
-37.7149	55.6027	220.013
-24.1731	6.22341	291.26
-41.3489	59.5247	237.322
-21.0921	-3.6767	269.976
42.4656	-41.7852	273.889
-13.1874	-43.7496	187.823
2.55518	-31.5286	287.142
-16.4342	-6.10748	272.374
62.6086	2.65775	208.517
32.6819	-43.2056	274.613
-24.4287	-21.2141	215.624
72.5124	-21.937	301.375
-32.6445	20.5432	163.629
-2.31198	28.1982	291.026
-21.7011	1.18038	277.862
49.653	59.9468	202.395
55.9524	58.8018	299.16
-33.473	-19.4924	208.998
-37.8623	-27.7711	257.049
44.1444	31.9605	235.107
9.0376	66.2232	173.888
35.2069	27.1675	218.349
14.9509	12.8367	231.682
38.2249	35.3293	186.618
68.6786	-38.1651	279.348
54.0926	2.5726	241.858
62.2598	-22.2543	278.778
-51.8427	31.7375	252.921
39.0717	-30.7448	257.063
-17.707	-37.0649	236.547
-21.281	58.565	170.138
59.93	-29.8949	196.06
-15.6378	-32.8024	188.477
6.14799	-17.2992	235.08
-33.5816	34.184	186.351
59.8709	14.7619	179.163
30.9519	50.0437	322.104
-9.35087	-51.122	274.199
-6.37904	-14.3715	263.16
41.4365	51.604	197.439
32.6052	57.1299	183.544
46.032	25.7838	282.909
24.912	41.5705	291.279
45.7938	76.6469	245.871
-22.1848	41.7392	304.036
41.6473	18.7266	298.032
-43.4011	28.4196	279.938
42.1599	51.3322	230.129
-8.13798	30.5085	171.917
42.3326	32.7567	292.542
-37.7149	55.6027	220.013
-24.1731	6.22341	291.26
-41.3489	59.5247	237.322
-21.0921	-3.6767	269.976
42.4656	-41.7852	273.889
-13.1874	-43.7496	187.823
2.55518	-31.5286	287.142
-16.4342	-6.10748	272.374
62.6086	2.65775	208.517
32.6819	-43.2056	274.613
-24.4287	-21.2141	215.624
72.5124	-21.937	301.375
-32.6445	20.5432	163.629
-2.31198	28.1982	291.026
-21.7011	1.18038	277.862
49.653	59.9468	202.395
55.9524	58.8018	299.16
-33.473	-19.4924	208.998
-37.8623	-27.7711	257.049
44.1444	31.9605	235.107
9.0376	66.2232	173.888
35.2069	27.1675	218.349
14.9509	12.8367	231.682
38.2249	35.3293	186.618
68.6786	-38.1651	279.348
54.0926	2.5726	241.858
62.2598	-22.2543	278.778
-51.8427	31.7375	252.921
39.0717	-30.7448	257.063
-17.707	-37.0649	236.547
-21.281	58.565	170.138
59.93	-29.8949	196.06
-15.6378	-32.8024	188.477
6.14799	-17.2992	235.08
-33.5816	34.184	186.351
59.8709	14.7619	179.163
30.9519	50.0437	322.104
-9.35087	-51.122	274.199
-6.37904	-14.3715	263.16
41.4365	51.604	197.439
32.6052	57.1299	183.544
46.032	25.7838	282.909
24.912	41.5705	291.279
45.7938	76.6469	245.871
-22.1848	41.7392	304.036
41.6473	18.7266	298.032
-43.4011	28.4196	279.938
42.1599	51.3322	230.129
-8.13798	30.5085	171.917
42.3326	32.7567	292.542
-37.7149	55.6027	220.013
-24.1731	6.22341	291.26
-41.3489	59.5247	237.322
-21.0921	-3.6767	269.976
42.4656	-41.7852	273.889
-13.1874	-43.7496	187.823
2.55518	-31.5286	287.142
-16.4342	-6.10748	272.374
62.6086	2.65775	208.517
32.6819	-43.2056	274.613
-24.4287	-21.2141	215.624
72.5124	-21.937	301.375
-32.6445	20.5432	163.629
-2.31198	28.1982	291.026
-21.7011	1.18038	277.862
49.653	59.9468	202.395
55.9524	58.8018	299.16
-33.473	-19.4924	208.998
-37.8623	-27.7711	257.049
44.1444	31.9605	235.107
9.0376	66.2232	173.888
35.2069	27.1675	218.349
14.9509	12.8367	231.682
38.2249	35.3293	186.618
68.6786	-38.1651	279.348
54.0926	2.5726	241.858
62.2598	-22.2543	278.778
-51.8427	31.7375	252.921
39.0717	-30.7448	257.063
-17.707	-37.0649	236.547
-21.281	58.565	170.138
59.93	-29.8949	196.06
-15.6378	-32.8024	188.477
6.14799	-17.2992	235.08
-33.5816	34.184	186.351
59.8709	14.7619	179.163
30.9519	50.0437	322.104
-9.35087	-51.122	274.199
-6.37904	-14.3715	263.16
41.4365	51.604	197.439
32.6052	57.1299	183.544
46.032	25.7838	282.909
24.912	41.5705	291.279
45.7938	76.6469	245.871
-22.1848	41.7392	304.036
41.6473	18.7266	298.032
-43.4011	28.4196	279.938
42.1599	51.3322	230.129
-8.13798	30.5085	171.917
42.3326	32.7567	292.542
-37.7149	55.6027	220.013
-24.1731	6.22341	291.26
-41.3489	59.5247	237.322
-21.0921	-3.6767	269.976
42.4656	-41.7852	273.889
-13.1874	-43.7496	187.823
2.55518	-31.5286	287.142
-16.4342	-6.10748	272.374
62.6086	2.65775	208.517
32.6819	-43.2056	274.613
-24.4287	-21.2141	215.624
72.5124	-21.937	301.375
-32.6445	20.5432	163.629
-2.31198	28.1982	291.026
-21.7011	1.18038	277.862
