447.342	315.428
430.701	279.798
299.24	175.494
306.278	169.808
428.557	258.041
375.625	346.358
418.04	254.02
383.416	229.216
431.748	277.413
451.729	157.884
442.017	212.256
443.431	178.921
286.25	255.632
416.426	164.504
331.863	151.58
311.427	334.07
469.507	152.17
325.916	145.398
369.246	181.979
291.905	276.72
478.165	238.274
398.309	265.252
348.364	140.264
351.991	189.067
434.29	303.193
421.61	321.161
421.384	241.756
393.57	260.761
428.387	321.114
336.171	259.352
413.485	231.496
305.32	246.693
426.61	289.488
338.958	274.173
415.141	249.38
297.654	301.476
331.67	217.139
297.492	300.76
332.598	204.33
418.174	152.243
330.357	123.463
364.884	168.508
339.182	201.023
468.132	212.886
404.929	150.578
316.84	173.396
450.481	181.413
282.585	255.967
359.378	244.461
332.957	210.872
447.342	315.428
430.701	279.798
299.24	175.494
306.278	169.808
428.557	258.041
375.625	346.358
418.04	254.02
383.416	229.216
431.748	277.413
451.729	157.884
442.017	212.256
443.431	178.921
286.25	255.632
416.426	164.504
331.863	151.58
311.427	334.07
469.507	152.17
325.916	145.398
369.246	181.979
291.905	276.72
478.165	238.274
398.309	265.252
348.364	140.264
351.991	189.067
434.29	303.193
421.61	321.161
421.384	241.756
393.57	260.761
428.387	321.114
336.171	259.352
413.485	231.496
305.32	246.693
426.61	289.488
338.958	274.173
415.141	249.38
297.654	301.476
331.67	217.139
297.492	300.76
332.598	204.33
418.174	152.243
330.357	123.463
364.884	168.508
339.182	201.023
468.132	212.886
404.929	150.578
316.84	173.396
450.481	181.413
282.585	255.967
359.378	244.461
332.957	210.872
447.342	315.428
430.701	279.798
299.24	175.494
306.278	169.808
428.557	258.041
375.625	346.358
418.04	254.02
383.416	229.216
431.748	277.413
451.729	157.884
442.017	212.256
443.431	178.921
286.25	255.632
416.426	164.504
331.863	151.58
311.427	334.07
469.507	152.17
325.916	145.398
369.246	181.979
291.905	276.72
478.165	238.274
398.309	265.252
348.364	140.264
351.991	189.067
434.29	303.193
421.61	321.161
421.384	241.756
393.57	260.761
428.387	321.114
336.171	259.352
413.485	231.496
305.32	246.693
426.61	289.488
338.958	274.173
415.141	249.38
297.654	301.476
331.67	217.139
297.492	300.76
332.598	204.33
418.174	152.243
330.357	123.463
364.884	168.508
339.182	201.023
468.132	212.886
404.929	150.578
316.84	173.396
450.481	181.413
282.585	255.967
359.378	244.461
332.957	210.872
447.342	315.428
430.701	279.798
299.24	175.494
306.278	169.808
428.557	258.041
375.625	346.358
418.04	254.02
383.416	229.216
431.748	277.413
451.729	157.884
442.017	212.256
443.431	178.921
286.25	255.632
416.426	164.504
331.863	151.58
311.427	334.07
469.507	152.17
325.916	145.398
369.246	181.979
291.905	276.72
478.165	238.274
398.309	265.252
348.364	140.264
351.991	189.067
434.29	303.193
421.61	321.161
421.384	241.756
393.57	260.761
428.387	321.114
336.171	259.352
413.485	231.496
305.32	246.693
426.61	289.488
338.958	274.173
415.141	249.38
297.654	301.476
331.67	217.139
297.492	300.76
332.598	204.33
418.174	152.243
330.357	123.463
364.884	168.508
339.182	201.023
468.132	212.886
404.929	150.578
316.84	173.396
450.481	181.413
282.585	255.967
359.378	244.461
332.957	210.872
447.342	315.428
430.701	279.798
299.24	175.494
306.278	169.808
428.557	258.041
375.625	346.358
418.04	254.02
383.416	229.216
431.748	277.413
451.729	157.884
442.017	212.256
443.431	178.921
286.25	255.632
416.426	164.504
331.863	151.58
311.427	334.07
469.507	152.17
325.916	145.398
369.246	181.979
291.905	276.72
478.165	238.274
398.309	265.252
348.364	140.264
351.991	189.067
434.29	303.193
421.61	321.161
421.384	241.756
393.57	260.761
428.387	321.114
336.171	259.352
413.485	231.496
305.32	246.693
426.61	289.488
338.958	274.173
415.141	249.38
297.654	301.476
331.67	217.139
297.492	300.76
332.598	204.33
418.174	152.243
330.357	123.463
364.884	168.508
339.182	201.023
468.132	212.886
404.929	150.578
316.84	173.396
450.481	181.413
282.585	255.967
359.378	244.461
332.957	210.872
