3320.45	-720.033	7079.05
884.352	1907.72	8603.04
1888.3	542.582	2502.87
3608.61	3841.06	8504.02
3147.79	-137.986	6578.11
-1256.35	1139.68	4250.24
3376.73	5188.06	3190.49
2146.74	344.281	7795.99
4692.16	1679.98	4844.63
1985.67	1589.76	3252.37
4500.22	856.261	8548.1
-572.452	-105.999	4336.16
3695.75	3293.62	8769.27
-546.377	500.763	5469.49
2691.97	1344.22	4484.28
3848.97	2098.89	7067.83
1701.36	88.5238	4308.13
1117.2	-305.679	5233.38
2530.82	1720.03	5729.69
-791.523	3596.48	3587.85
2231.04	845.656	5192.41
-994.452	3471.4	3919.4
555.86	324.341	8043.39
518.06	-306.447	7520.84
-227.502	1980.52	6296.54
2939.29	5446	3252.77
-684.671	4628.32	3068.74
1236.34	-118.713	8408.55
2548.9	4508	8766.16
171.723	672.895	6369.9
735.964	3884.6	5802.02
1956.65	5242.22	4416.31
-21.6836	1524.08	7731.52
1989.17	1318.22	5778.33
4306.26	533.604	5973.58
488.205	147.882	4404.66
1368.87	508.244	3616.52
3348.96	1652.13	6870.41
-599.617	3167.34	3662.43
-941.251	2403.97	3480
1688.31	1806.88	8612.69
1179.77	2731.89	4906.43
1761.46	4098.31	6974.22
3482.01	1402.4	4343.45
-228.81	2439.89	8569.39
2865.85	-1.55979	4687.42
1811.23	2328.26	4206.09
3216.46	819.815	3893.16
-10.9858	2840.47	7332.6
2629.32	2753.65	3087.56
3320.45	-720.033	7079.05
884.352	1907.72	8603.04
1888.3	542.582	2502.87
3608.61	3841.06	8504.02
3147.79	-137.986	6578.11
-1256.35	1139.68	4250.24
3376.73	5188.06	3190.49
2146.74	344.281	7795.99
4692.16	1679.98	4844.63
1985.67	1589.76	3252.37
4500.22	856.261	8548.1
-572.452	-105.999	4336.16
3695.75	3293.62	8769.27
-546.377	500.763	5469.49
2691.97	1344.22	4484.28
3848.97	2098.89	7067.83
1701.36	88.5238	4308.13
1117.2	-305.679	5233.38
2530.82	1720.03	5729.69
-791.523	3596.48	3587.85
2231.04	845.656	5192.41
-994.452	3471.4	3919.4
555.86	324.341	8043.39
518.06	-306.447	7520.84
-227.502	1980.52	6296.54
2939.29	5446	3252.77
-684.671	4628.32	3068.74
1236.34	-118.713	8408.55
2548.9	4508	8766.16
171.723	672.895	6369.9
735.964	3884.6	5802.02
1956.65	5242.22	4416.31
-21.6836	1524.08	7731.52
1989.17	1318.22	5778.33
4306.26	533.604	5973.58
488.205	147.882	4404.66
1368.87	508.244	3616.52
3348.96	1652.13	6870.41
-599.617	3167.34	3662.43
-941.251	2403.97	3480
1688.31	1806.88	8612.69
1179.77	2731.89	4906.43
1761.46	4098.31	6974.22
3482.01	1402.4	4343.45
-228.81	2439.89	8569.39
2865.85	-1.55979	4687.42
1811.23	2328.26	4206.09
3216.46	819.815	3893.16
-10.9858	2840.47	7332.6
2629.32	2753.65	3087.56
3320.45	-720.033	7079.05
884.352	1907.72	8603.04
1888.3	542.582	2502.87
3608.61	3841.06	8504.02
3147.79	-137.986	6578.11
-1256.35	1139.68	4250.24
3376.73	5188.06	3190.49
2146.74	344.281	7795.99
4692.16	1679.98	4844.63
1985.67	1589.76	3252.37
4500.22	856.261	8548.1
-572.452	-105.999	4336.16
3695.75	3293.62	8769.27
-546.377	500.763	5469.49
2691.97	1344.22	4484.28
3848.97	2098.89	7067.83
1701.36	88.5238	4308.13
1117.2	-305.679	5233.38
2530.82	1720.03	5729.69
-791.523	3596.48	3587.85
2231.04	845.656	5192.41
-994.452	3471.4	3919.4
555.86	324.341	8043.39
518.06	-306.447	7520.84
-227.502	1980.52	6296.54
2939.29	5446	3252.77
-684.671	4628.32	3068.74
1236.34	-118.713	8408.55
2548.9	4508	8766.16
171.723	672.895	6369.9
735.964	3884.6	5802.02
1956.65	5242.22	4416.31
-21.6836	1524.08	7731.52
1989.17	1318.22	5778.33
4306.26	533.604	5973.58
488.205	147.882	4404.66
1368.87	508.244	3616.52
3348.96	1652.13	6870.41
-599.617	3167.34	3662.43
-941.251	2403.97	3480
1688.31	1806.88	8612.69
1179.77	2731.89	4906.43
1761.46	4098.31	6974.22
3482.01	1402.4	4343.45
-228.81	2439.89	8569.39
2865.85	-1.55979	4687.42
1811.23	2328.26	4206.09
3216.46	819.815	3893.16
-10.9858	2840.47	7332.6
2629.32	2753.65	3087.56
3320.45	-720.033	7079.05
884.352	1907.72	8603.04
1888.3	542.582	2502.87
3608.61	3841.06	8504.02
3147.79	-137.986	6578.11
-1256.35	1139.68	4250.24
3376.73	5188.06	3190.49
2146.74	344.281	7795.99
4692.16	1679.98	4844.63
1985.67	1589.76	3252.37
4500.22	856.261	8548.1
-572.452	-105.999	4336.16
3695.75	3293.62	8769.27
-546.377	500.763	5469.49
2691.97	1344.22	4484.28
3848.97	2098.89	7067.83
1701.36	88.5238	4308.13
1117.2	-305.679	5233.38
2530.82	1720.03	5729.69
-791.523	3596.48	3587.85
2231.04	845.656	5192.41
-994.452	3471.4	3919.4
555.86	324.341	8043.39
518.06	-306.447	7520.84
-227.502	1980.52	6296.54
2939.29	5446	3252.77
-684.671	4628.32	3068.74
1236.34	-118.713	8408.55
2548.9	4508	8766.16
171.723	672.895	6369.9
735.964	3884.6	5802.02
1956.65	5242.22	4416.31
-21.6836	1524.08	7731.52
1989.17	1318.22	5778.33
4306.26	533.604	5973.58
488.205	147.882	4404.66
1368.87	508.244	3616.52
3348.96	1652.13	6870.41
-599.617	3167.34	3662.43
-941.251	2403.97	3480
1688.31	1806.88	8612.69
1179.77	2731.89	4906.43
1761.46	4098.31	6974.22
3482.01	1402.4	4343.45
-228.81	2439.89	8569.39
2865.85	-1.55979	4687.42
1811.23	2328.26	4206.09
3216.46	819.815	3893.16
-10.9858	2840.47	7332.6
2629.32	2753.65	3087.56
3320.45	-720.033	7079.05
884.352	1907.72	8603.04
1888.3	542.582	2502.87
3608.61	3841.06	8504.02
3147.79	-137.986	6578.11
-1256.35	1139.68	4250.24
3376.73	5188.06	3190.49
2146.74	344.281	7795.99
4692.16	1679.98	4844.63
1985.67	1589.76	3252.37
4500.22	856.261	8548.1
-572.452	-105.999	4336.16
3695.75	3293.62	8769.27
-546.377	500.763	5469.49
2691.97	1344.22	4484.28
3848.97	2098.89	7067.83
1701.36	88.5238	4308.13
1117.2	-305.679	5233.38
2530.82	1720.03	5729.69
-791.523	3596.48	3587.85
2231.04	845.656	5192.41
-994.452	3471.4	3919.4
555.86	324.341	8043.39
518.06	-306.447	7520.84
-227.502	1980.52	6296.54
2939.29	5446	3252.77
-684.671	4628.32	3068.74
1236.34	-118.713	8408.55
2548.9	4508	8766.16
171.723	672.895	6369.9
735.964	3884.6	5802.02
1956.65	5242.22	4416.31
-21.6836	1524.08	7731.52
1989.17	1318.22	5778.33
4306.26	533.604	5973.58
488.205	147.882	4404.66
1368.87	508.244	3616.52
3348.96	1652.13	6870.41
-599.617	3167.34	3662.43
-941.251	2403.97	3480
1688.31	1806.88	8612.69
1179.77	2731.89	4906.43
1761.46	4098.31	6974.22
3482.01	1402.4	4343.45
-228.81	2439.89	8569.39
2865.85	-1.55979	4687.42
1811.23	2328.26	4206.09
3216.46	819.815	3893.16
-10.9858	2840.47	7332.6
2629.32	2753.65	3087.56
