3237.63	-702.828	6905.17
863.067	1863.3	8406.85
1829.13	525.459	2425.13
3506.88	3733.14	8267.63
3065.58	-134.946	6408.76
-1223.92	1109.49	4139.41
3252.55	4997.52	3073.87
2095.06	335.523	7612.64
4542.09	1626.05	4690.85
1923.05	1539.66	3150.82
4384.53	833.749	8331.32
-558.424	-103.639	4226.57
3594.83	3203.89	8533.31
-533.654	488.094	5336.38
2610.61	1303.49	4350.17
3739.17	2038.89	6868.6
1653.34	85.708	4188.35
1088	-298.27	5100.14
2458.03	1670.55	5567.1
-767.943	3487.26	3479.62
2167.93	821.547	5047.57
-965.568	3368.76	3804.34
542.868	316.688	7870.18
505.934	-300.39	7358.73
-222.496	1930.09	6138.57
2831.84	5247.3	3134.65
-662.916	4478.81	2970.15
1208.97	-116.842	8230.27
2478.51	4384.59	8528.62
166.839	656.2	6217.35
713.987	3771.62	5634.67
1890.39	5065.64	4268.39
-22.0929	1488.65	7555.81
1933.89	1281.57	5620.43
4182.28	517.839	5803.3
474.68	143.599	4287.87
1328.69	493.197	3511.95
3255.69	1605.96	6681.57
-582.091	3072.33	3553.35
-914.346	2333.99	3379.52
1647.44	1763.54	8410.39
1144.49	2651.1	4762.63
1710.38	3980.76	6775.99
3373.32	1358.47	4209.02
-224.673	2384.47	8378.15
2783.78	-1.89581	4554.66
1755.29	2256.64	4077.82
3116.87	794.227	3773.64
-11.5595	2769.21	7151.03
2540.96	2661.22	2984.59
3254.19	-706.432	6940.5
867.485	1872.83	8449.88
1838.48	528.142	2437.54
3524.82	3752.22	8309.94
3081.25	-135.645	6441.55
-1230.18	1115.17	4160.6
3269.2	5023.07	3089.59
2105.77	337.233	7651.6
4565.33	1634.35	4714.85
1932.89	1547.53	3166.94
4406.95	838.001	8373.95
-561.282	-104.167	4248.2
3613.22	3220.26	8576.97
-536.383	490.591	5363.7
2623.97	1310.15	4372.43
3758.3	2049.31	6903.75
1661.8	86.1417	4209.78
1093.56	-299.799	5126.24
2470.61	1679.09	5595.59
-771.862	3505.1	3497.43
2179.02	825.743	5073.4
-970.499	3385.99	3823.82
545.644	318.306	7910.46
508.519	-301.928	7396.39
-223.63	1939.97	6169.99
2846.34	5274.13	3150.69
-666.296	4501.72	2985.35
1215.15	-117.444	8272.39
2491.2	4407.01	8572.27
167.693	659.556	6249.17
717.648	3790.91	5663.51
1900.07	5091.55	4290.23
-22.2033	1496.27	7594.48
1943.78	1288.12	5649.19
4203.67	520.476	5832.99
477.108	144.332	4309.81
1335.49	495.716	3529.92
3272.35	1614.17	6715.76
-585.061	3088.05	3571.53
-919.017	2345.93	3396.82
1655.87	1772.56	8453.44
1150.35	2664.65	4787
1719.13	4001.11	6810.66
3390.57	1365.41	4230.55
-225.817	2396.67	8421.04
2798.01	-1.91327	4577.96
1764.28	2268.17	4098.69
3132.82	798.281	3792.95
-11.6125	2783.38	7187.63
2553.96	2674.83	2999.86
3254.19	-706.432	6940.5
867.485	1872.83	8449.88
1838.48	528.142	2437.54
3524.82	3752.22	8309.94
3081.25	-135.645	6441.55
-1230.18	1115.17	4160.6
3269.2	5023.07	3089.59
2105.77	337.233	7651.6
4565.33	1634.35	4714.85
1932.89	1547.53	3166.94
4406.95	838.001	8373.95
-561.282	-104.167	4248.2
3613.22	3220.26	8576.97
-536.383	490.591	5363.7
2623.97	1310.15	4372.43
3758.3	2049.31	6903.75
1661.8	86.1417	4209.78
1093.56	-299.799	5126.24
2470.61	1679.09	5595.59
-771.862	3505.1	3497.43
2179.02	825.743	5073.4
-970.499	3385.99	3823.82
545.644	318.306	7910.46
508.519	-301.928	7396.39
-223.63	1939.97	6169.99
2846.34	5274.13	3150.69
-666.296	4501.72	2985.35
1215.15	-117.444	8272.39
2491.2	4407.01	8572.27
167.693	659.556	6249.17
717.648	3790.91	5663.51
1900.07	5091.55	4290.23
-22.2033	1496.27	7594.48
1943.78	1288.12	5649.19
4203.67	520.476	5832.99
477.108	144.332	4309.81
1335.49	495.716	3529.92
3272.35	1614.17	6715.76
-585.061	3088.05	3571.53
-919.017	2345.93	3396.82
1655.87	1772.56	8453.44
1150.35	2664.65	4787
1719.13	4001.11	6810.66
3390.57	1365.41	4230.55
-225.817	2396.67	8421.04
2798.01	-1.91327	4577.96
1764.28	2268.17	4098.69
3132.82	798.281	3792.95
-11.6125	2783.38	7187.63
2553.96	2674.83	2999.86
3275.11	-710.968	6985.11
873.061	1884.87	8504.18
1850.3	531.54	2453.21
3547.48	3776.35	8363.35
3101.07	-136.512	6482.96
-1238.09	1122.34	4187.34
3290.21	5055.37	3109.45
2119.31	339.404	7700.78
4594.68	1644.86	4745.16
1945.32	1557.48	3187.3
4435.29	843.395	8427.77
-564.889	-104.838	4275.5
3636.45	3240.97	8632.1
-539.831	493.745	5398.17
2640.83	1318.57	4400.54
3782.46	2062.49	6948.12
1672.48	86.6981	4236.84
1100.59	-301.724	5159.18
2486.49	1689.88	5631.56
-776.828	3527.64	3519.91
2193.02	831.055	5106.01
-976.742	3407.76	3848.39
549.153	320.353	7961.3
511.79	-303.868	7443.92
-225.069	1952.44	6209.64
2864.64	5308.04	3170.94
-670.585	4530.66	3004.54
1222.96	-118.196	8325.56
2507.21	4435.35	8627.37
168.772	663.797	6289.33
722.258	3815.28	5699.91
1912.28	5124.28	4317.81
-22.3471	1505.89	7643.29
1956.28	1296.4	5685.5
4230.7	523.828	5870.48
480.175	145.261	4337.51
1344.08	498.905	3552.61
3293.38	1624.55	6758.93
-588.826	3107.9	3594.49
-924.928	2361.01	3418.65
1666.51	1783.95	8507.77
1157.74	2681.79	4817.77
1730.18	4026.84	6854.44
3412.37	1374.19	4257.75
-227.271	2412.08	8475.16
2816	-1.92125	4607.39
1775.62	2282.76	4125.04
3152.96	803.418	3817.33
-11.6902	2801.27	7233.83
2570.38	2692.03	3019.14
3286.04	-713.339	7008.42
875.974	1891.16	8532.55
1856.48	533.315	2461.4
3559.31	3788.95	8391.26
3111.41	-136.966	6504.59
-1242.22	1126.08	4201.3
3301.18	5072.24	3119.83
2126.38	340.538	7726.46
4610	1650.36	4760.99
1951.81	1562.68	3197.93
4450.08	846.211	8455.89
-566.774	-105.188	4289.77
3648.58	3251.79	8660.9
-541.632	495.392	5416.18
2649.65	1322.97	4415.22
3795.08	2069.38	6971.3
1678.06	86.9882	4250.98
1104.27	-302.731	5176.4
2494.78	1695.52	5650.35
-779.422	3539.41	3531.65
2200.34	833.829	5123.04
-980.003	3419.13	3861.23
550.986	321.422	7987.86
513.498	-304.881	7468.75
-225.821	1958.95	6230.36
2874.19	5325.75	3181.52
-672.825	4545.78	3014.56
1227.04	-118.59	8353.33
2515.57	4450.15	8656.15
169.335	666.011	6310.31
724.666	3828.01	5718.93
1918.66	5141.38	4332.21
-22.4218	1510.91	7668.79
1962.81	1300.73	5704.47
4244.81	525.578	5890.07
481.778	145.746	4351.98
1348.56	500.571	3564.46
3304.37	1629.97	6781.48
-590.792	3118.27	3606.48
-928.015	2368.88	3430.05
1672.07	1789.91	8536.15
1161.6	2690.73	4833.84
1735.95	4040.27	6877.3
3423.75	1378.78	4271.96
-228.03	2420.13	8503.43
2825.4	-1.92628	4622.76
1781.54	2290.37	4138.8
3163.48	806.1	3830.07
-11.7299	2810.62	7257.96
2578.95	2701.01	3029.22
