3844.59	-833.692	8196.5
1026.01	2213.31	9981.14
2171.73	624.023	2878.55
4165.78	4434.11	9817.02
3640.34	-159.577	7607.42
-1452.47	1317.59	4913.74
3862.75	5934.79	3649.7
2488.49	399.09	9037.09
5393.37	1931.04	5568.63
2283.52	1828.22	3740.23
5207.05	990.75	9890.72
-662.309	-122.638	5016.8
4270.14	3805.52	10132.2
-632.793	579.965	6334.56
3100.04	1547.98	5164.04
4440.77	2421.6	8154.55
1963.34	102.155	4971.5
1292.34	-353.597	6053.77
2919.22	1983.99	6609
-911.373	4141.05	4131.11
2574.53	975.852	5991.83
-1145.99	4000.37	4516.64
645.662	376.74	9342.85
601.71	-355.928	8735.21
-263.312	2292.26	7287.66
3363.25	6231.53	3721.95
-786.789	5318.63	3526.44
1436.54	-137.936	9770.15
2944.73	5208.06	10127.5
198.969	779.659	7380.58
848.625	4479.25	6690.19
2245.49	6016.06	5068.22
-25.1578	1768.27	8970.28
2296.86	1522.12	6672.14
4966.11	615.367	6888.9
564.129	170.88	5089.65
1577.85	585.837	4168.65
3866.54	1907.47	7932.24
-690.663	3648.27	4218.53
-1085.13	2771.43	4011.95
1957.37	2094.84	9985.27
1359.58	3148.26	5654.22
2032.07	4727.92	8045.65
4005.51	1613.24	4996.46
-265.604	2832.24	9947.4
3305.39	-1.79901	5406.34
2084.64	2679.71	4841.01
3700.82	943.269	4479.42
-12.7203	3288.97	8490.37
3017.3	3159.97	3543.16
3844.59	-833.692	8196.5
1026.01	2213.31	9981.14
2171.73	624.023	2878.55
4165.78	4434.11	9817.02
3640.34	-159.577	7607.42
-1452.47	1317.59	4913.74
3862.75	5934.79	3649.7
2488.49	399.09	9037.09
5393.37	1931.04	5568.63
2283.52	1828.22	3740.23
5207.05	990.75	9890.72
-662.309	-122.638	5016.8
4270.14	3805.52	10132.2
-632.793	579.965	6334.56
3100.04	1547.98	5164.04
4440.77	2421.6	8154.55
1963.34	102.155	4971.5
1292.34	-353.597	6053.77
2919.22	1983.99	6609
-911.373	4141.05	4131.11
2574.53	975.852	5991.83
-1145.99	4000.37	4516.64
645.662	376.74	9342.85
601.71	-355.928	8735.21
-263.312	2292.26	7287.66
3363.25	6231.53	3721.95
-786.789	5318.63	3526.44
1436.54	-137.936	9770.15
2944.73	5208.06	10127.5
198.969	779.659	7380.58
848.625	4479.25	6690.19
2245.49	6016.06	5068.22
-25.1578	1768.27	8970.28
2296.86	1522.12	6672.14
4966.11	615.367	6888.9
564.129	170.88	5089.65
1577.85	585.837	4168.65
3866.54	1907.47	7932.24
-690.663	3648.27	4218.53
-1085.13	2771.43	4011.95
1957.37	2094.84	9985.27
1359.58	3148.26	5654.22
2032.07	4727.92	8045.65
4005.51	1613.24	4996.46
-265.604	2832.24	9947.4
3305.39	-1.79901	5406.34
2084.64	2679.71	4841.01
3700.82	943.269	4479.42
-12.7203	3288.97	8490.37
3017.3	3159.97	3543.16
3844.59	-833.692	8196.5
1026.01	2213.31	9981.14
2171.73	624.023	2878.55
4165.78	4434.11	9817.02
3640.34	-159.577	7607.42
-1452.47	1317.59	4913.74
3862.75	5934.79	3649.7
2488.49	399.09	9037.09
5393.37	1931.04	5568.63
2283.52	1828.22	3740.23
5207.05	990.75	9890.72
-662.309	-122.638	5016.8
4270.14	3805.52	10132.2
-632.793	579.965	6334.56
3100.04	1547.98	5164.04
4440.77	2421.6	8154.55
1963.34	102.155	4971.5
1292.34	-353.597	6053.77
2919.22	1983.99	6609
-911.373	4141.05	4131.11
2574.53	975.852	5991.83
-1145.99	4000.37	4516.64
645.662	376.74	9342.85
601.71	-355.928	8735.21
-263.312	2292.26	7287.66
3363.25	6231.53	3721.95
-786.789	5318.63	3526.44
1436.54	-137.936	9770.15
2944.73	5208.06	10127.5
198.969	779.659	7380.58
848.625	4479.25	6690.19
2245.49	6016.06	5068.22
-25.1578	1768.27	8970.28
2296.86	1522.12	6672.14
4966.11	615.367	6888.9
564.129	170.88	5089.65
1577.85	585.837	4168.65
3866.54	1907.47	7932.24
-690.663	3648.27	4218.53
-1085.13	2771.43	4011.95
1957.37	2094.84	9985.27
1359.58	3148.26	5654.22
2032.07	4727.92	8045.65
4005.51	1613.24	4996.46
-265.604	2832.24	9947.4
3305.39	-1.79901	5406.34
2084.64	2679.71	4841.01
3700.82	943.269	4479.42
-12.7203	3288.97	8490.37
3017.3	3159.97	3543.16
3844.59	-833.692	8196.5
1026.01	2213.31	9981.14
2171.73	624.023	2878.55
4165.78	4434.11	9817.02
3640.34	-159.577	7607.42
-1452.47	1317.59	4913.74
3862.75	5934.79	3649.7
2488.49	399.09	9037.09
5393.37	1931.04	5568.63
2283.52	1828.22	3740.23
5207.05	990.75	9890.72
-662.309	-122.638	5016.8
4270.14	3805.52	10132.2
-632.793	579.965	6334.56
3100.04	1547.98	5164.04
4440.77	2421.6	8154.55
1963.34	102.155	4971.5
1292.34	-353.597	6053.77
2919.22	1983.99	6609
-911.373	4141.05	4131.11
2574.53	975.852	5991.83
-1145.99	4000.37	4516.64
645.662	376.74	9342.85
601.71	-355.928	8735.21
-263.312	2292.26	7287.66
3363.25	6231.53	3721.95
-786.789	5318.63	3526.44
1436.54	-137.936	9770.15
2944.73	5208.06	10127.5
198.969	779.659	7380.58
848.625	4479.25	6690.19
2245.49	6016.06	5068.22
-25.1578	1768.27	8970.28
2296.86	1522.12	6672.14
4966.11	615.367	6888.9
564.129	170.88	5089.65
1577.85	585.837	4168.65
3866.54	1907.47	7932.24
-690.663	3648.27	4218.53
-1085.13	2771.43	4011.95
1957.37	2094.84	9985.27
1359.58	3148.26	5654.22
2032.07	4727.92	8045.65
4005.51	1613.24	4996.46
-265.604	2832.24	9947.4
3305.39	-1.79901	5406.34
2084.64	2679.71	4841.01
3700.82	943.269	4479.42
-12.7203	3288.97	8490.37
3017.3	3159.97	3543.16
3844.59	-833.692	8196.5
1026.01	2213.31	9981.14
2171.73	624.023	2878.55
4165.78	4434.11	9817.02
3640.34	-159.577	7607.42
-1452.47	1317.59	4913.74
3862.75	5934.79	3649.7
2488.49	399.09	9037.09
5393.37	1931.04	5568.63
2283.52	1828.22	3740.23
5207.05	990.75	9890.72
-662.309	-122.638	5016.8
4270.14	3805.52	10132.2
-632.793	579.965	6334.56
3100.04	1547.98	5164.04
4440.77	2421.6	8154.55
1963.34	102.155	4971.5
1292.34	-353.597	6053.77
2919.22	1983.99	6609
-911.373	4141.05	4131.11
2574.53	975.852	5991.83
-1145.99	4000.37	4516.64
645.662	376.74	9342.85
601.71	-355.928	8735.21
-263.312	2292.26	7287.66
3363.25	6231.53	3721.95
-786.789	5318.63	3526.44
1436.54	-137.936	9770.15
2944.73	5208.06	10127.5
198.969	779.659	7380.58
848.625	4479.25	6690.19
2245.49	6016.06	5068.22
-25.1578	1768.27	8970.28
2296.86	1522.12	6672.14
4966.11	615.367	6888.9
564.129	170.88	5089.65
1577.85	585.837	4168.65
3866.54	1907.47	7932.24
-690.663	3648.27	4218.53
-1085.13	2771.43	4011.95
1957.37	2094.84	9985.27
1359.58	3148.26	5654.22
2032.07	4727.92	8045.65
4005.51	1613.24	4996.46
-265.604	2832.24	9947.4
3305.39	-1.79901	5406.34
2084.64	2679.71	4841.01
3700.82	943.269	4479.42
-12.7203	3288.97	8490.37
3017.3	3159.97	3543.16
