3682.54	-798.552	7851.02
980.97	2116.14	9542.94
2078.27	597.167	2754.66
3982.34	4238.86	9384.73
3485.83	-152.804	7284.54
-1388.43	1259.49	4697.07
3690.35	5669.91	3486.81
2381.72	381.966	8649.33
5162.4	1848.34	5330.15
2184.28	1748.77	3577.68
4985.58	948.61	9470.03
-633.572	-117.317	4799.12
4083.19	3638.9	9688.58
-605.173	554.651	6058.07
2966.17	1481.13	4941.04
4248.82	2316.93	7802.07
1879.12	97.7727	4758.24
1236.92	-338.435	5794.18
2792.55	1897.91	6322.24
-870.348	3954.64	3945.15
2463.6	933.802	5733.64
-1094.4	3820.29	4313.32
617.703	360.426	8938.26
575.812	-340.608	8359.24
-251.673	2190.94	6965.52
3212.41	5952.04	3555.02
-751.054	5077.06	3366.27
1374.85	-132.013	9350.6
2813.43	4975.84	9675.91
190.305	745.71	7059.2
810.636	4278.74	6390.7
2144.39	5745.21	4840.05
-24.0518	1690.53	8575.91
2197.28	1456.13	6382.86
4755.37	589.253	6596.56
539.742	163.493	4869.63
1509.76	560.554	3988.74
3699.67	1825.14	7589.89
-659.732	3484.89	4029.6
-1036.79	2647.97	3833.23
1871.92	2003.39	9549.36
1299.55	3009.24	5404.54
1941.43	4517.04	7686.79
3833.24	1543.86	4781.57
-253.807	2706.45	9505.6
3164.7	-1.72243	5176.21
1993.28	2562.28	4628.86
3542.33	902.873	4287.58
-12.154	3142.54	8112.37
2885.16	3021.59	3388
3682.54	-798.552	7851.02
980.97	2116.14	9542.94
2078.27	597.167	2754.66
3982.34	4238.86	9384.73
3485.83	-152.804	7284.54
-1388.43	1259.49	4697.07
3690.35	5669.91	3486.81
2381.72	381.966	8649.33
5162.4	1848.34	5330.15
2184.28	1748.77	3577.68
4985.58	948.61	9470.03
-633.572	-117.317	4799.12
4083.19	3638.9	9688.58
-605.173	554.651	6058.07
2966.17	1481.13	4941.04
4248.82	2316.93	7802.07
1879.12	97.7727	4758.24
1236.92	-338.435	5794.18
2792.55	1897.91	6322.24
-870.348	3954.64	3945.15
2463.6	933.802	5733.64
-1094.4	3820.29	4313.32
617.703	360.426	8938.26
575.812	-340.608	8359.24
-251.673	2190.94	6965.52
3212.41	5952.04	3555.02
-751.054	5077.06	3366.27
1374.85	-132.013	9350.6
2813.43	4975.84	9675.91
190.305	745.71	7059.2
810.636	4278.74	6390.7
2144.39	5745.21	4840.05
-24.0518	1690.53	8575.91
2197.28	1456.13	6382.86
4755.37	589.253	6596.56
539.742	163.493	4869.63
1509.76	560.554	3988.74
3699.67	1825.14	7589.89
-659.732	3484.89	4029.6
-1036.79	2647.97	3833.23
1871.92	2003.39	9549.36
1299.55	3009.24	5404.54
1941.43	4517.04	7686.79
3833.24	1543.86	4781.57
-253.807	2706.45	9505.6
3164.7	-1.72243	5176.21
1993.28	2562.28	4628.86
3542.33	902.873	4287.58
-12.154	3142.54	8112.37
2885.16	3021.59	3388
3682.54	-798.552	7851.02
980.97	2116.14	9542.94
2078.27	597.167	2754.66
3982.34	4238.86	9384.73
3485.83	-152.804	7284.54
-1388.43	1259.49	4697.07
3690.35	5669.91	3486.81
2381.72	381.966	8649.33
5162.4	1848.34	5330.15
2184.28	1748.77	3577.68
4985.58	948.61	9470.03
-633.572	-117.317	4799.12
4083.19	3638.9	9688.58
-605.173	554.651	6058.07
2966.17	1481.13	4941.04
4248.82	2316.93	7802.07
1879.12	97.7727	4758.24
1236.92	-338.435	5794.18
2792.55	1897.91	6322.24
-870.348	3954.64	3945.15
2463.6	933.802	5733.64
-1094.4	3820.29	4313.32
617.703	360.426	8938.26
575.812	-340.608	8359.24
-251.673	2190.94	6965.52
3212.41	5952.04	3555.02
-751.054	5077.06	3366.27
1374.85	-132.013	9350.6
2813.43	4975.84	9675.91
190.305	745.71	7059.2
810.636	4278.74	6390.7
2144.39	5745.21	4840.05
-24.0518	1690.53	8575.91
2197.28	1456.13	6382.86
4755.37	589.253	6596.56
539.742	163.493	4869.63
1509.76	560.554	3988.74
3699.67	1825.14	7589.89
-659.732	3484.89	4029.6
-1036.79	2647.97	3833.23
1871.92	2003.39	9549.36
1299.55	3009.24	5404.54
1941.43	4517.04	7686.79
3833.24	1543.86	4781.57
-253.807	2706.45	9505.6
3164.7	-1.72243	5176.21
1993.28	2562.28	4628.86
3542.33	902.873	4287.58
-12.154	3142.54	8112.37
2885.16	3021.59	3388
3682.54	-798.552	7851.02
980.97	2116.14	9542.94
2078.27	597.167	2754.66
3982.34	4238.86	9384.73
3485.83	-152.804	7284.54
-1388.43	1259.49	4697.07
3690.35	5669.91	3486.81
2381.72	381.966	8649.33
5162.4	1848.34	5330.15
2184.28	1748.77	3577.68
4985.58	948.61	9470.03
-633.572	-117.317	4799.12
4083.19	3638.9	9688.58
-605.173	554.651	6058.07
2966.17	1481.13	4941.04
4248.82	2316.93	7802.07
1879.12	97.7727	4758.24
1236.92	-338.435	5794.18
2792.55	1897.91	6322.24
-870.348	3954.64	3945.15
2463.6	933.802	5733.64
-1094.4	3820.29	4313.32
617.703	360.426	8938.26
575.812	-340.608	8359.24
-251.673	2190.94	6965.52
3212.41	5952.04	3555.02
-751.054	5077.06	3366.27
1374.85	-132.013	9350.6
2813.43	4975.84	9675.91
190.305	745.71	7059.2
810.636	4278.74	6390.7
2144.39	5745.21	4840.05
-24.0518	1690.53	8575.91
2197.28	1456.13	6382.86
4755.37	589.253	6596.56
539.742	163.493	4869.63
1509.76	560.554	3988.74
3699.67	1825.14	7589.89
-659.732	3484.89	4029.6
-1036.79	2647.97	3833.23
1871.92	2003.39	9549.36
1299.55	3009.24	5404.54
1941.43	4517.04	7686.79
3833.24	1543.86	4781.57
-253.807	2706.45	9505.6
3164.7	-1.72243	5176.21
1993.28	2562.28	4628.86
3542.33	902.873	4287.58
-12.154	3142.54	8112.37
2885.16	3021.59	3388
3682.54	-798.552	7851.02
980.97	2116.14	9542.94
2078.27	597.167	2754.66
3982.34	4238.86	9384.73
3485.83	-152.804	7284.54
-1388.43	1259.49	4697.07
3690.35	5669.91	3486.81
2381.72	381.966	8649.33
5162.4	1848.34	5330.15
2184.28	1748.77	3577.68
4985.58	948.61	9470.03
-633.572	-117.317	4799.12
4083.19	3638.9	9688.58
-605.173	554.651	6058.07
2966.17	1481.13	4941.04
4248.82	2316.93	7802.07
1879.12	97.7727	4758.24
1236.92	-338.435	5794.18
2792.55	1897.91	6322.24
-870.348	3954.64	3945.15
2463.6	933.802	5733.64
-1094.4	3820.29	4313.32
617.703	360.426	8938.26
575.812	-340.608	8359.24
-251.673	2190.94	6965.52
3212.41	5952.04	3555.02
-751.054	5077.06	3366.27
1374.85	-132.013	9350.6
2813.43	4975.84	9675.91
190.305	745.71	7059.2
810.636	4278.74	6390.7
2144.39	5745.21	4840.05
-24.0518	1690.53	8575.91
2197.28	1456.13	6382.86
4755.37	589.253	6596.56
539.742	163.493	4869.63
1509.76	560.554	3988.74
3699.67	1825.14	7589.89
-659.732	3484.89	4029.6
-1036.79	2647.97	3833.23
1871.92	2003.39	9549.36
1299.55	3009.24	5404.54
1941.43	4517.04	7686.79
3833.24	1543.86	4781.57
-253.807	2706.45	9505.6
3164.7	-1.72243	5176.21
1993.28	2562.28	4628.86
3542.33	902.873	4287.58
-12.154	3142.54	8112.37
2885.16	3021.59	3388
