3286.1	-712.584	7005.82
873.434	1884.16	8496.83
1877.81	539.569	2488.97
3574.38	3804.62	8423.34
3117.53	-136.659	6514.87
-1244.67	1129.08	4210.72
3366.56	5172.43	3180.88
2122.29	340.36	7707.2
4665.19	1670.32	4816.78
1974.14	1580.52	3233.48
4453.32	847.337	8459.01
-566.981	-104.986	4294.72
3658.8	3260.7	8681.61
-540.639	495.504	5412.05
2673.55	1335.02	4453.6
3815.91	2080.86	7007.13
1687.88	87.8222	4273.99
1106.55	-302.763	5183.46
2510.18	1706	5682.96
-785.957	3571.19	3562.62
2212.78	838.732	5149.9
-986.894	3445.02	3889.62
548.79	320.216	7941.08
511.597	-302.624	7427.01
-225.117	1959.76	6230.55
2929.75	5428.32	3242.21
-680.655	4601.17	3050.74
1220.39	-117.183	8300.13
2523.03	4462.24	8677.18
169.843	665.53	6300.19
729.817	3852.15	5753.56
1946.25	5214.36	4392.84
-21.4199	1505.54	7637.48
1971.73	1306.66	5727.68
4272.5	529.42	5926.75
483.906	146.58	4365.87
1359.06	504.603	3590.61
3319.08	1637.39	6809.12
-595.299	3144.53	3636.05
-934.095	2385.69	3453.54
1668.26	1785.42	8510.39
1170.77	2711.05	4869
1745.82	4061.93	6912.32
3460.67	1393.81	4316.83
-225.886	2408.72	8459.89
2844.01	-1.54791	4651.7
1799.23	2312.83	4178.22
3196.87	814.821	3869.44
-10.8642	2809.04	7251.46
2617.19	2740.94	3073.32
3286.1	-712.584	7005.82
873.434	1884.16	8496.83
1877.81	539.569	2488.97
3574.38	3804.62	8423.34
3117.53	-136.659	6514.87
-1244.67	1129.08	4210.72
3366.56	5172.43	3180.88
2122.29	340.36	7707.2
4665.19	1670.32	4816.78
1974.14	1580.52	3233.48
4453.32	847.337	8459.01
-566.981	-104.986	4294.72
3658.8	3260.7	8681.61
-540.639	495.504	5412.05
2673.55	1335.02	4453.6
3815.91	2080.86	7007.13
1687.88	87.8222	4273.99
1106.55	-302.763	5183.46
2510.18	1706	5682.96
-785.957	3571.19	3562.62
2212.78	838.732	5149.9
-986.894	3445.02	3889.62
548.79	320.216	7941.08
511.597	-302.624	7427.01
-225.117	1959.76	6230.55
2929.75	5428.32	3242.21
-680.655	4601.17	3050.74
1220.39	-117.183	8300.13
2523.03	4462.24	8677.18
169.843	665.53	6300.19
729.817	3852.15	5753.56
1946.25	5214.36	4392.84
-21.4199	1505.54	7637.48
1971.73	1306.66	5727.68
4272.5	529.42	5926.75
483.906	146.58	4365.87
1359.06	504.603	3590.61
3319.08	1637.39	6809.12
-595.299	3144.53	3636.05
-934.095	2385.69	3453.54
1668.26	1785.42	8510.39
1170.77	2711.05	4869
1745.82	4061.93	6912.32
3460.67	1393.81	4316.83
-225.886	2408.72	8459.89
2844.01	-1.54791	4651.7
1799.23	2312.83	4178.22
3196.87	814.821	3869.44
-10.8642	2809.04	7251.46
2617.19	2740.94	3073.32
3286.1	-712.584	7005.82
873.434	1884.16	8496.83
1877.81	539.569	2488.97
3574.38	3804.62	8423.34
3117.53	-136.659	6514.87
-1244.67	1129.08	4210.72
3366.56	5172.43	3180.88
2122.29	340.36	7707.2
4665.19	1670.32	4816.78
1974.14	1580.52	3233.48
4453.32	847.337	8459.01
-566.981	-104.986	4294.72
3658.8	3260.7	8681.61
-540.639	495.504	5412.05
2673.55	1335.02	4453.6
3815.91	2080.86	7007.13
1687.88	87.8222	4273.99
1106.55	-302.763	5183.46
2510.18	1706	5682.96
-785.957	3571.19	3562.62
2212.78	838.732	5149.9
-986.894	3445.02	3889.62
548.79	320.216	7941.08
511.597	-302.624	7427.01
-225.117	1959.76	6230.55
2929.75	5428.32	3242.21
-680.655	4601.17	3050.74
1220.39	-117.183	8300.13
2523.03	4462.24	8677.18
169.843	665.53	6300.19
729.817	3852.15	5753.56
1946.25	5214.36	4392.84
-21.4199	1505.54	7637.48
1971.73	1306.66	5727.68
4272.5	529.42	5926.75
483.906	146.58	4365.87
1359.06	504.603	3590.61
3319.08	1637.39	6809.12
-595.299	3144.53	3636.05
-934.095	2385.69	3453.54
1668.26	1785.42	8510.39
1170.77	2711.05	4869
1745.82	4061.93	6912.32
3460.67	1393.81	4316.83
-225.886	2408.72	8459.89
2844.01	-1.54791	4651.7
1799.23	2312.83	4178.22
3196.87	814.821	3869.44
-10.8642	2809.04	7251.46
2617.19	2740.94	3073.32
3286.1	-712.584	7005.82
873.434	1884.16	8496.83
1877.81	539.569	2488.97
3574.38	3804.62	8423.34
3117.53	-136.659	6514.87
-1244.67	1129.08	4210.72
3366.56	5172.43	3180.88
2122.29	340.36	7707.2
4665.19	1670.32	4816.78
1974.14	1580.52	3233.48
4453.32	847.337	8459.01
-566.981	-104.986	4294.72
3658.8	3260.7	8681.61
-540.639	495.504	5412.05
2673.55	1335.02	4453.6
3815.91	2080.86	7007.13
1687.88	87.8222	4273.99
1106.55	-302.763	5183.46
2510.18	1706	5682.96
-785.957	3571.19	3562.62
2212.78	838.732	5149.9
-986.894	3445.02	3889.62
548.79	320.216	7941.08
511.597	-302.624	7427.01
-225.117	1959.76	6230.55
2929.75	5428.32	3242.21
-680.655	4601.17	3050.74
1220.39	-117.183	8300.13
2523.03	4462.24	8677.18
169.843	665.53	6300.19
729.817	3852.15	5753.56
1946.25	5214.36	4392.84
-21.4199	1505.54	7637.48
1971.73	1306.66	5727.68
4272.5	529.42	5926.75
483.906	146.58	4365.87
1359.06	504.603	3590.61
3319.08	1637.39	6809.12
-595.299	3144.53	3636.05
-934.095	2385.69	3453.54
1668.26	1785.42	8510.39
1170.77	2711.05	4869
1745.82	4061.93	6912.32
3460.67	1393.81	4316.83
-225.886	2408.72	8459.89
2844.01	-1.54791	4651.7
1799.23	2312.83	4178.22
3196.87	814.821	3869.44
-10.8642	2809.04	7251.46
2617.19	2740.94	3073.32
3286.1	-712.584	7005.82
873.434	1884.16	8496.83
1877.81	539.569	2488.97
3574.38	3804.62	8423.34
3117.53	-136.659	6514.87
-1244.67	1129.08	4210.72
3366.56	5172.43	3180.88
2122.29	340.36	7707.2
4665.19	1670.32	4816.78
1974.14	1580.52	3233.48
4453.32	847.337	8459.01
-566.981	-104.986	4294.72
3658.8	3260.7	8681.61
-540.639	495.504	5412.05
2673.55	1335.02	4453.6
3815.91	2080.86	7007.13
1687.88	87.8222	4273.99
1106.55	-302.763	5183.46
2510.18	1706	5682.96
-785.957	3571.19	3562.62
2212.78	838.732	5149.9
-986.894	3445.02	3889.62
548.79	320.216	7941.08
511.597	-302.624	7427.01
-225.117	1959.76	6230.55
2929.75	5428.32	3242.21
-680.655	4601.17	3050.74
1220.39	-117.183	8300.13
2523.03	4462.24	8677.18
169.843	665.53	6300.19
729.817	3852.15	5753.56
1946.25	5214.36	4392.84
-21.4199	1505.54	7637.48
1971.73	1306.66	5727.68
4272.5	529.42	5926.75
483.906	146.58	4365.87
1359.06	504.603	3590.61
3319.08	1637.39	6809.12
-595.299	3144.53	3636.05
-934.095	2385.69	3453.54
1668.26	1785.42	8510.39
1170.77	2711.05	4869
1745.82	4061.93	6912.32
3460.67	1393.81	4316.83
-225.886	2408.72	8459.89
2844.01	-1.54791	4651.7
1799.23	2312.83	4178.22
3196.87	814.821	3869.44
-10.8642	2809.04	7251.46
2617.19	2740.94	3073.32
