3424.36	-743.364	7303.46
912.843	1970.77	8891.79
1934.62	555.764	2565.02
3709.11	3948.42	8744.48
3242.38	-142.73	6778.42
-1294.51	1173.48	4378.17
3440.13	5285.73	3251.18
2215.9	354.875	8051.77
4804.04	1719.82	4961.42
2033.96	1628.46	3332.57
4637.4	881.83	8811.86
-590.634	-109.613	4470.36
3802.16	3388.67	9025.53
-564.435	516.247	5644.19
2761.18	1378.66	4601.1
3954.83	2156.48	7264.8
1748.7	90.6508	4429.94
1150.75	-315.473	5394.32
2599.8	1766.9	5888.23
-812.239	3688.39	3680.33
2292.96	868.927	5338.72
-1021.26	3563.05	4023.78
574.175	334.954	8324.13
535.112	-317.713	7783.19
-235.332	2041.41	6492.64
2995.16	5549.92	3315.47
-701.155	4737.12	3141.47
1278.69	-123.58	8705.01
2621.46	4637.48	9020.59
176.459	694.05	6575.98
755.162	3989.15	5959.69
1999.42	5357.82	4514.62
-23.3714	1574.51	7991.64
2045.43	1355.48	5944.62
4423.48	547.7	6138.03
502.056	151.882	4535.19
1405.32	521.642	3714.52
3443.46	1698.58	7066.96
-615.668	3249.53	3758.31
-967.084	2468.6	3574.45
1742.45	1865.25	8895.52
1210.49	2804	5037.35
1809.02	4210.34	7166.83
3567.86	1436.81	4451.8
-237.636	2522	8861.42
2944.34	-2.00714	4817.4
1856.53	2386.79	4313.05
3296.64	840.032	3991.32
-12.231	2928.93	7563.51
2687.51	2814.7	3156.75
3424.36	-743.364	7303.46
912.843	1970.77	8891.79
1934.62	555.764	2565.02
3709.11	3948.42	8744.48
3242.38	-142.73	6778.42
-1294.51	1173.48	4378.17
3440.13	5285.73	3251.18
2215.9	354.875	8051.77
4804.04	1719.82	4961.42
2033.96	1628.46	3332.57
4637.4	881.83	8811.86
-590.634	-109.613	4470.36
3802.16	3388.67	9025.53
-564.435	516.247	5644.19
2761.18	1378.66	4601.1
3954.83	2156.48	7264.8
1748.7	90.6508	4429.94
1150.75	-315.473	5394.32
2599.8	1766.9	5888.23
-812.239	3688.39	3680.33
2292.96	868.927	5338.72
-1021.26	3563.05	4023.78
574.175	334.954	8324.13
535.112	-317.713	7783.19
-235.332	2041.41	6492.64
2995.16	5549.92	3315.47
-701.155	4737.12	3141.47
1278.69	-123.58	8705.01
2621.46	4637.48	9020.59
176.459	694.05	6575.98
755.162	3989.15	5959.69
1999.42	5357.82	4514.62
-23.3714	1574.51	7991.64
2045.43	1355.48	5944.62
4423.48	547.7	6138.03
502.056	151.882	4535.19
1405.32	521.642	3714.52
3443.46	1698.58	7066.96
-615.668	3249.53	3758.31
-967.084	2468.6	3574.45
1742.45	1865.25	8895.52
1210.49	2804	5037.35
1809.02	4210.34	7166.83
3567.86	1436.81	4451.8
-237.636	2522	8861.42
2944.34	-2.00714	4817.4
1856.53	2386.79	4313.05
3296.64	840.032	3991.32
-12.231	2928.93	7563.51
2687.51	2814.7	3156.75
3452.53	-749.482	7363.55
920.352	1986.98	8964.96
1950.54	560.334	2586.12
3739.63	3980.9	8816.42
3269.05	-143.907	6834.18
-1305.16	1183.14	4414.2
3468.43	5329.21	3277.92
2234.12	357.793	8118.01
4843.56	1733.96	5002.23
2050.7	1641.85	3359.99
4675.54	889.08	8884.35
-595.494	-110.514	4507.14
3833.43	3416.54	9099.78
-569.079	520.495	5690.63
2783.89	1390	4638.96
3987.36	2174.22	7324.56
1763.08	91.395	4466.39
1160.21	-318.069	5438.71
2621.18	1781.43	5936.67
-818.918	3718.74	3710.62
2311.82	876.073	5382.64
-1029.66	3592.37	4056.9
578.897	337.71	8392.62
539.512	-320.327	7847.24
-237.267	2058.21	6546.07
3019.8	5595.57	3342.74
-706.92	4776.09	3167.33
1289.21	-124.597	8776.63
2643.03	4675.62	9094.81
177.91	699.759	6630.09
761.376	4021.96	6008.73
2015.87	5401.89	4551.76
-23.5643	1587.46	8057.4
2062.25	1366.63	5993.53
4459.87	552.201	6188.52
506.185	153.131	4572.51
1416.88	525.932	3745.08
3471.78	1712.55	7125.1
-620.73	3276.26	3789.23
-975.039	2488.91	3603.87
1756.78	1880.6	8968.71
1220.45	2827.06	5078.79
1823.9	4244.97	7225.8
3597.22	1448.63	4488.42
-239.591	2542.75	8934.34
2968.56	-2.02622	4857.03
1871.8	2406.42	4348.53
3323.76	846.939	4024.15
-12.3309	2953.02	7625.75
2709.62	2837.85	3182.72
3464.49	-752.075	7389.04
923.538	1993.87	8995.99
1957.29	562.276	2595.08
3752.57	3994.68	8846.95
3280.37	-144.403	6857.85
-1309.68	1187.24	4429.48
3480.44	5347.67	3289.27
2241.86	359.033	8146.12
4860.33	1739.97	5019.55
2057.8	1647.54	3371.62
4691.73	892.163	8915.12
-597.555	-110.898	4522.75
3846.71	3428.38	9131.29
-571.05	522.297	5710.33
2793.53	1394.82	4655.02
4001.17	2181.75	7349.92
1769.19	91.7129	4481.85
1164.23	-319.169	5457.54
2630.26	1787.6	5957.23
-821.757	3731.61	3723.46
2319.83	879.109	5401.28
-1033.23	3604.81	4070.94
580.902	338.879	8421.68
541.381	-321.436	7874.4
-238.09	2065.33	6568.73
3030.25	5614.95	3354.32
-709.371	4792.63	3178.29
1293.68	-125.028	8807.02
2652.18	4691.82	9126.29
178.526	702.183	6653.04
764.01	4035.89	6029.53
2022.85	5420.6	4567.52
-23.6466	1592.96	8085.29
2069.39	1371.37	6014.28
4475.31	554.117	6209.95
507.938	153.662	4588.34
1421.79	527.754	3758.05
3483.81	1718.48	7149.77
-622.883	3287.6	3802.35
-978.417	2497.53	3616.34
1762.87	1887.11	8999.77
1224.68	2836.85	5096.38
1830.21	4259.68	7250.82
3609.67	1453.65	4503.96
-240.422	2551.56	8965.27
2978.84	-2.0308	4873.85
1878.28	2414.75	4363.59
3335.27	849.875	4038.09
-12.3755	2963.25	7652.15
2719	2847.68	3193.74
3464.49	-752.075	7389.04
923.538	1993.87	8995.99
1957.29	562.276	2595.08
3752.57	3994.68	8846.95
3280.37	-144.403	6857.85
-1309.68	1187.24	4429.48
3480.44	5347.67	3289.27
2241.86	359.033	8146.12
4860.33	1739.97	5019.55
2057.8	1647.54	3371.62
4691.73	892.163	8915.12
-597.555	-110.898	4522.75
3846.71	3428.38	9131.29
-571.05	522.297	5710.33
2793.53	1394.82	4655.02
4001.17	2181.75	7349.92
1769.19	91.7129	4481.85
1164.23	-319.169	5457.54
2630.26	1787.6	5957.23
-821.757	3731.61	3723.46
2319.83	879.109	5401.28
-1033.23	3604.81	4070.94
580.902	338.879	8421.68
541.381	-321.436	7874.4
-238.09	2065.33	6568.73
3030.25	5614.95	3354.32
-709.371	4792.63	3178.29
1293.68	-125.028	8807.02
2652.18	4691.82	9126.29
178.526	702.183	6653.04
764.01	4035.89	6029.53
2022.85	5420.6	4567.52
-23.6466	1592.96	8085.29
2069.39	1371.37	6014.28
4475.31	554.117	6209.95
507.938	153.662	4588.34
1421.79	527.754	3758.05
3483.81	1718.48	7149.77
-622.883	3287.6	3802.35
-978.417	2497.53	3616.34
1762.87	1887.11	8999.77
1224.68	2836.85	5096.38
1830.21	4259.68	7250.82
3609.67	1453.65	4503.96
-240.422	2551.56	8965.27
2978.84	-2.0308	4873.85
1878.28	2414.75	4363.59
3335.27	849.875	4038.09
-12.3755	2963.25	7652.15
2719	2847.68	3193.74
