-4.86864	6.09086	30.9194
1.07911	7.56722	24.7118
2.90434	-4.62152	23.7257
-2.95805	3.20928	19.6243
6.3276	-4.12555	27.2511
-2.33726	4.75851	21.7999
-0.417575	4.06307	28.2803
-5.2923	3.7242	26.4603
-1.19754	-1.45257	28.9422
-2.68879	1.25409	21.5388
-1.81345	5.97112	29.9655
4.18315	-3.23384	21.966
-3.78252	-2.75786	20.5425
1.83613	1.42111	25.5404
6.6596	-1.15054	29.8977
3.22664	0.266772	28.6044
7.43062	-1.75882	25.3904
-0.257971	-3.83466	29.5958
7.342	-3.17343	28.9191
4.39356	4.82807	32.4069
-2.72691	-3.57785	29.4066
5.567	5.31259	22.5298
-4.6825	-2.25826	26.3648
-0.0749148	3.23962	20.858
6.15122	-3.87276	24.9556
1.00324	3.91422	22.5637
4.25324	4.71475	31.3211
7.07851	3.41881	26.2024
-0.593251	6.38868	24.5762
-3.71831	-3.50297	19.6932
5.15341	-1.91377	30.0553
7.17481	-3.70831	31.9883
2.09667	5.23601	30.904
0.627935	2.58336	21.0049
4.11097	-4.93036	29.824
5.87791	8.17332	26.516
0.476614	0.70845	23.911
-0.063235	-1.38861	26.2824
3.51221	-2.43135	32.1125
-3.4268	1.84951	31.8903
-4.4343	0.198937	20.7134
6.0785	-2.55238	26.3286
1.34824	-2.41161	20.8517
4.85739	-3.81469	27.6966
-0.358569	-3.32957	31.9034
6.87955	1.15821	25.7607
-1.72225	-3.39103	24.7182
-4.49904	6.68904	21.5367
1.10096	7.07622	29.7062
3.56062	7.95451	21.8979
1.52928	-1.18358	25.6204
1.56233	6.31818	20.922
8.04415	-0.681929	22.3133
-2.13081	3.14991	23.1138
6.3011	-1.43707	26.7652
0.523981	5.84038	23.1552
6.04616	-3.55516	21.423
-0.538974	0.719519	31.173
5.0738	-2.80819	31.1268
-0.111364	-1.22288	25.7683
2.78822	1.38103	22.4207
-0.601755	6.80648	26.1736
-3.13169	2.32413	27.8415
-0.519899	7.44715	21.6034
6.67679	-3.38855	31.1416
6.54254	5.36155	25.6417
2.03265	5.26111	28.9491
3.4752	-3.30502	29.8324
0.660824	6.4188	30.6889
0.0368071	0.895224	31.2932
-1.73009	-2.99345	31.5148
2.26978	1.00802	23.6135
5.18979	6.57931	32.167
3.77873	0.0655195	26.2927
0.583286	4.39691	24.2284
-3.01446	-0.548509	25.7376
6.73839	4.27515	23.8503
-2.93562	6.6149	27.824
0.290544	-1.62857	25.1384
5.45023	1.55637	26.7581
5.16079	-1.81966	31.344
4.01619	-2.19423	28.0302
7.70882	-2.31343	24.7002
3.62753	3.61877	27.2093
-5.58455	6.22159	24.8747
4.33765	0.868829	22.8932
0.528134	-4.45579	31.5551
2.81149	-0.153407	23.8825
-3.77041	5.0346	26.8443
7.04378	3.65066	22.4323
-3.89199	2.00674	19.6409
-1.30673	4.08553	20.8546
3.51068	5.17889	23.9839
-3.19725	0.478741	26.3814
-3.2652	-1.29181	19.5698
0.852153	-3.03848	24.218
3.68309	-0.400189	19.4711
0.535459	-0.512639	20.4062
2.47488	-4.37089	21.9902
5.89642	3.71759	28.9499
-2.27039	2.84088	14.4202
0.503582	3.52926	11.5253
1.3545	-2.15544	11.0656
-1.37944	1.49688	9.15238
2.95108	-1.92421	12.7099
-1.08985	2.2194	10.1671
-0.194537	1.89502	13.1896
-2.46806	1.7371	12.3405
-0.558456	-0.677365	13.4983
-1.2539	0.585005	10.0453
-0.845492	2.78495	13.9754
1.95095	-1.50829	10.2449
-1.76412	-1.28608	9.58058
0.856475	0.662786	11.9118
3.10602	-0.536715	13.9443
1.50497	0.124388	13.3409
3.46558	-0.820437	11.8422
-0.120318	-1.78836	13.8031
3.42422	-1.48018	13.4879
2.04935	2.25168	15.1144
-1.27179	-1.66852	13.7148
2.5966	2.4776	10.5079
-2.18382	-1.05304	12.296
-0.0347738	1.51095	9.72789
2.86882	-1.80631	11.6393
0.46809	1.82555	10.5235
1.9839	2.19883	14.608
3.30151	1.59434	12.2208
-0.276417	2.97965	11.462
-1.7342	-1.63359	9.18448
2.40353	-0.892635	14.0177
3.34624	-1.72963	14.9194
0.978117	2.442	14.4133
0.293007	1.20487	9.79647
1.91726	-2.29949	13.9098
2.7417	3.8118	12.367
0.222391	0.330445	11.1518
-0.0294382	-0.647572	12.2578
1.63809	-1.13398	14.9771
-1.59805	0.862738	14.8731
-2.06802	0.092944	9.66025
2.83495	-1.1905	12.2797
0.628805	-1.12473	9.72507
2.26541	-1.77919	12.9176
-0.167213	-1.55279	14.8794
3.20865	0.540037	12.0148
-0.803241	-1.58143	11.5282
-2.09803	3.11983	10.0442
0.513777	3.30027	13.8546
1.66092	3.70981	10.2131
0.713293	-0.551993	11.9491
0.728902	2.9467	9.75782
3.75174	-0.318216	10.4071
-0.993609	1.46917	10.7799
2.9388	-0.670346	12.4833
0.244624	2.7239	10.7993
2.81982	-1.65819	9.99174
-0.251239	0.33565	14.5387
2.36638	-1.30977	14.5174
-0.0518822	-0.570279	12.018
1.30051	0.644059	10.4569
-0.280365	3.17451	12.207
-1.46041	1.08408	12.9848
-0.242187	3.47329	10.0755
3.11398	-1.58048	14.5244
3.05159	2.50041	11.9593
0.948251	2.4537	13.5016
1.6208	-1.54145	13.9136
0.308489	2.99367	14.3129
0.0173023	0.41758	14.5948
-0.806863	-1.39599	14.6981
1.05871	0.470113	11.0132
2.42075	3.06841	15.0025
1.76244	0.0305069	12.2628
0.272247	2.05069	11.2998
-1.40582	-0.255682	12.0036
3.1429	1.99373	11.1238
-1.36885	3.08522	12.9766
0.135549	-0.759495	11.7243
2.54205	0.725773	12.4799
2.40698	-0.84874	14.6187
1.87313	-1.02341	13.0732
3.59531	-1.07911	11.5203
1.69203	1.68769	12.6903
-2.60429	2.90186	11.601
2.02313	0.405136	10.6774
0.2463	-2.07806	14.717
1.31132	-0.0715755	11.1386
-1.75823	2.34822	12.5196
3.2853	1.70246	10.4625
-1.81504	0.936057	9.16008
-0.609252	1.9055	9.72623
1.63756	2.41531	11.186
-1.49105	0.223418	12.3038
-1.52281	-0.602354	9.12694
0.397432	-1.41708	11.295
1.7178	-0.186704	9.08126
0.249788	-0.239061	9.51723
1.15421	-2.03854	10.2561
2.75022	1.73372	13.5022
-2.27039	2.84088	14.4202
0.503582	3.52926	11.5253
1.3545	-2.15544	11.0656
-1.37944	1.49688	9.15238
2.95108	-1.92421	12.7099
-1.08985	2.2194	10.1671
-0.194537	1.89502	13.1896
-2.46806	1.7371	12.3405
-0.558456	-0.677365	13.4983
-1.2539	0.585005	10.0453
-0.845492	2.78495	13.9754
1.95095	-1.50829	10.2449
-1.76412	-1.28608	9.58058
0.856475	0.662786	11.9118
3.10602	-0.536715	13.9443
1.50497	0.124388	13.3409
3.46558	-0.820437	11.8422
-0.120318	-1.78836	13.8031
3.42422	-1.48018	13.4879
2.04935	2.25168	15.1144
-1.27179	-1.66852	13.7148
2.5966	2.4776	10.5079
-2.18382	-1.05304	12.296
-0.0347738	1.51095	9.72789
2.86882	-1.80631	11.6393
0.46809	1.82555	10.5235
1.9839	2.19883	14.608
3.30151	1.59434	12.2208
-0.276417	2.97965	11.462
-1.7342	-1.63359	9.18448
2.40353	-0.892635	14.0177
3.34624	-1.72963	14.9194
0.978117	2.442	14.4133
0.293007	1.20487	9.79647
1.91726	-2.29949	13.9098
2.7417	3.8118	12.367
0.222391	0.330445	11.1518
-0.0294382	-0.647572	12.2578
1.63809	-1.13398	14.9771
-1.59805	0.862738	14.8731
-2.06802	0.092944	9.66025
2.83495	-1.1905	12.2797
0.628805	-1.12473	9.72507
2.26541	-1.77919	12.9176
-0.167213	-1.55279	14.8794
3.20865	0.540037	12.0148
-0.803241	-1.58143	11.5282
-2.09803	3.11983	10.0442
0.513777	3.30027	13.8546
1.66092	3.70981	10.2131
0.713293	-0.551993	11.9491
0.728902	2.9467	9.75782
3.75174	-0.318216	10.4071
-0.993609	1.46917	10.7799
2.9388	-0.670346	12.4833
0.244624	2.7239	10.7993
2.81982	-1.65819	9.99174
-0.251239	0.33565	14.5387
2.36638	-1.30977	14.5174
-0.0518822	-0.570279	12.018
1.30051	0.644059	10.4569
-0.280365	3.17451	12.207
-1.46041	1.08408	12.9848
-0.242187	3.47329	10.0755
3.11398	-1.58048	14.5244
3.05159	2.50041	11.9593
0.948251	2.4537	13.5016
1.6208	-1.54145	13.9136
0.308489	2.99367	14.3129
0.0173023	0.41758	14.5948
-0.806863	-1.39599	14.6981
1.05871	0.470113	11.0132
2.42075	3.06841	15.0025
1.76244	0.0305069	12.2628
0.272247	2.05069	11.2998
-1.40582	-0.255682	12.0036
3.1429	1.99373	11.1238
-1.36885	3.08522	12.9766
0.135549	-0.759495	11.7243
2.54205	0.725773	12.4799
2.40698	-0.84874	14.6187
1.87313	-1.02341	13.0732
3.59531	-1.07911	11.5203
1.69203	1.68769	12.6903
-2.60429	2.90186	11.601
2.02313	0.405136	10.6774
0.2463	-2.07806	14.717
1.31132	-0.0715755	11.1386
-1.75823	2.34822	12.5196
3.2853	1.70246	10.4625
-1.81504	0.936057	9.16008
-0.609252	1.9055	9.72623
1.63756	2.41531	11.186
-1.49105	0.223418	12.3038
-1.52281	-0.602354	9.12694
0.397432	-1.41708	11.295
1.7178	-0.186704	9.08126
0.249788	-0.239061	9.51723
1.15421	-2.03854	10.2561
2.75022	1.73372	13.5022
-2.27039	2.84088	14.4202
0.503582	3.52926	11.5253
1.3545	-2.15544	11.0656
-1.37944	1.49688	9.15238
2.95108	-1.92421	12.7099
-1.08985	2.2194	10.1671
-0.194537	1.89502	13.1896
-2.46806	1.7371	12.3405
-0.558456	-0.677365	13.4983
-1.2539	0.585005	10.0453
-0.845492	2.78495	13.9754
1.95095	-1.50829	10.2449
-1.76412	-1.28608	9.58058
0.856475	0.662786	11.9118
3.10602	-0.536715	13.9443
1.50497	0.124388	13.3409
3.46558	-0.820437	11.8422
-0.120318	-1.78836	13.8031
3.42422	-1.48018	13.4879
2.04935	2.25168	15.1144
-1.27179	-1.66852	13.7148
2.5966	2.4776	10.5079
-2.18382	-1.05304	12.296
-0.0347738	1.51095	9.72789
2.86882	-1.80631	11.6393
0.46809	1.82555	10.5235
1.9839	2.19883	14.608
3.30151	1.59434	12.2208
-0.276417	2.97965	11.462
-1.7342	-1.63359	9.18448
2.40353	-0.892635	14.0177
3.34624	-1.72963	14.9194
0.978117	2.442	14.4133
0.293007	1.20487	9.79647
1.91726	-2.29949	13.9098
2.7417	3.8118	12.367
0.222391	0.330445	11.1518
-0.0294382	-0.647572	12.2578
1.63809	-1.13398	14.9771
-1.59805	0.862738	14.8731
-2.06802	0.092944	9.66025
2.83495	-1.1905	12.2797
0.628805	-1.12473	9.72507
2.26541	-1.77919	12.9176
-0.167213	-1.55279	14.8794
3.20865	0.540037	12.0148
-0.803241	-1.58143	11.5282
-2.09803	3.11983	10.0442
0.513777	3.30027	13.8546
1.66092	3.70981	10.2131
0.713293	-0.551993	11.9491
0.728902	2.9467	9.75782
3.75174	-0.318216	10.4071
-0.993609	1.46917	10.7799
2.9388	-0.670346	12.4833
0.244624	2.7239	10.7993
2.81982	-1.65819	9.99174
-0.251239	0.33565	14.5387
2.36638	-1.30977	14.5174
-0.0518822	-0.570279	12.018
1.30051	0.644059	10.4569
-0.280365	3.17451	12.207
-1.46041	1.08408	12.9848
-0.242187	3.47329	10.0755
3.11398	-1.58048	14.5244
3.05159	2.50041	11.9593
0.948251	2.4537	13.5016
1.6208	-1.54145	13.9136
0.308489	2.99367	14.3129
0.0173023	0.41758	14.5948
-0.806863	-1.39599	14.6981
1.05871	0.470113	11.0132
2.42075	3.06841	15.0025
1.76244	0.0305069	12.2628
0.272247	2.05069	11.2998
-1.40582	-0.255682	12.0036
3.1429	1.99373	11.1238
-1.36885	3.08522	12.9766
0.135549	-0.759495	11.7243
2.54205	0.725773	12.4799
2.40698	-0.84874	14.6187
1.87313	-1.02341	13.0732
3.59531	-1.07911	11.5203
1.69203	1.68769	12.6903
-2.60429	2.90186	11.601
2.02313	0.405136	10.6774
0.2463	-2.07806	14.717
1.31132	-0.0715755	11.1386
-1.75823	2.34822	12.5196
3.2853	1.70246	10.4625
-1.81504	0.936057	9.16008
-0.609252	1.9055	9.72623
1.63756	2.41531	11.186
-1.49105	0.223418	12.3038
-1.52281	-0.602354	9.12694
0.397432	-1.41708	11.295
1.7178	-0.186704	9.08126
0.249788	-0.239061	9.51723
1.15421	-2.03854	10.2561
2.75022	1.73372	13.5022
-0.969909	1.21463	6.16408
0.215755	1.5087	4.92746
0.579189	-0.921158	4.7314
-0.589294	0.640034	3.91233
1.2617	-0.822358	5.43501
-0.465451	0.94887	4.34623
-0.0826806	0.810239	5.63876
-1.05451	0.742816	5.27492
-0.238349	-0.289262	5.77068
-0.535653	0.250281	4.29415
-0.360862	1.19066	5.97447
0.834147	-0.644583	4.38076
-0.753846	-0.549467	4.09533
0.366472	0.283476	5.09294
1.32803	-0.229283	5.96273
0.643682	0.0533469	5.70416
1.48164	-0.350607	5.06418
-0.0511139	-0.764149	5.90122
1.46398	-0.632572	5.76777
0.876526	0.962631	6.46252
-0.5433	-0.712881	5.86301
1.11032	1.05909	4.49331
-0.933155	-0.449791	5.25608
-0.0145098	0.646006	4.15888
1.22651	-0.771981	4.97726
0.200474	0.78047	4.4992
0.848533	0.940035	6.246
1.41164	0.681559	5.22593
-0.117678	1.27381	4.90011
-0.741084	-0.698013	3.92601
1.02774	-0.381385	5.99388
1.43068	-0.739165	6.37975
0.418624	1.04401	6.16238
0.125586	0.515163	4.18833
0.819816	-0.982704	5.9476
1.17246	1.6294	5.28816
0.0953987	0.141435	4.76778
-0.0122584	-0.276571	5.24055
0.700572	-0.484494	6.40377
-0.682604	0.369094	6.35801
-0.883676	0.0399847	4.12923
1.21208	-0.508751	5.251
0.269007	-0.480597	4.158
0.968626	-0.760342	5.52354
-0.0711164	-0.663436	6.36131
1.37189	0.230916	5.13787
-0.343081	-0.675712	4.92836
-0.896348	1.33378	4.29329
0.22017	1.41087	5.92332
0.710425	1.58581	4.36688
0.305213	-0.235753	5.10886
0.311988	1.25966	4.17192
1.60394	-0.13598	4.45073
-0.424329	0.628205	4.60827
1.2565	-0.286421	5.33807
0.105006	1.16446	4.61701
1.20552	-0.708699	4.27285
-0.106953	0.143739	6.21557
1.01185	-0.559672	6.20753
-0.0218553	-0.243537	5.13803
0.556228	0.275427	4.47106
-0.119335	1.35712	5.21861
-0.623817	0.463663	5.55076
-0.103064	1.48479	4.30736
1.3314	-0.675414	6.21081
1.30485	1.06885	5.114
0.405832	1.049	5.77258
0.69313	-0.658678	5.94912
0.132419	1.27984	6.11919
0.00783898	0.178749	6.23965
-0.344528	-0.596392	6.28356
0.452879	0.201097	4.70881
1.03531	1.31171	6.41482
0.753702	0.0131894	5.24334
0.116795	0.876721	4.83102
-0.600575	-0.109014	5.13134
1.34383	0.852257	4.75686
-0.584582	1.31901	5.54724
0.0582434	-0.324427	5.01251
1.08698	0.310341	5.33644
1.02923	-0.362612	6.25083
0.80099	-0.437277	5.58988
1.53707	-0.461182	4.92662
0.723695	0.721534	5.42603
-1.11271	1.24066	4.95865
0.865101	0.173279	4.56561
0.105607	-0.887975	6.29205
0.560834	-0.030446	4.76257
-0.751069	1.004	5.35175
1.40467	0.727743	4.4742
-0.775518	0.400339	3.91547
-0.260048	0.814673	4.15794
0.700406	1.03252	4.78285
-0.636971	0.0957777	5.25965
-0.650681	-0.257239	3.90146
0.17014	-0.605516	4.82913
0.734517	-0.0797088	3.88314
0.107035	-0.102021	4.06898
0.493559	-0.871198	4.38526
1.17604	0.74118	5.77353
