306.037	281.581
375.997	319.815
402.65	138.17
300.987	269.918
444.868	153.851
319.095	289.298
356.383	261.903
288.055	261.584
346.225	191.45
311.55	231.609
340.815	282.036
426.164	155.69
287.769	161.295
386.04	229.848
442.818	195.056
402.455	212.788
465.639	183.86
358.185	162.168
453.59	169.021
412.54	263.122
327.278	165.27
447.144	293.912
294.715	178.874
355.509	266.336
448.684	152.543
374.383	272.588
412.196	263.701
457.928	256.103
351.354	303.721
284.947	145.25
424.304	185.972
444.217	166.703
387.55	270.777
367.654	254.557
411.811	148.749
440.685	319.524
366.019	220.629
359.079	190.477
402.569	181.639
323.836	231.095
277.887	214.215
443.906	173.83
379.423	167.558
424.492	158.917
358.33	171.383
456.617	225.351
333.111	159.687
282.735	322.613
376.108	295.555
416.544	339.34
381.379	192.779
384.226	318.299
487.76	197.932
325.118	259.704
445.819	189.593
367.2	300.808
458.947	148.759
356.304	218.108
421.658	176.246
358.096	192.473
402.892	231.969
352.744	303.703
320.338	240.487
349.542	333.851
440.295	169.348
452.173	284.269
387.569	275.231
404.136	168.829
370.845	285.221
363.106	220.063
342.202	174.946
393.525	225.151
421.761	282.915
412.425	210.294
368.244	275.477
316.915	202.361
460.798	273.574
323.709	296.054
363.45	186.11
434.41	230.289
422.387	188.003
413.084	180.755
472.201	174.971
409.364	257.518
279.032	301.035
426.753	223.177
368.317	157.766
401.449	207.222
310.233	278.225
470.973	267.604
283.329	247.917
334.294	281.146
412.199	287.275
316.015	216.777
293.588	186.447
371.284	163.814
423.515	202.142
365.272	200.84
397.697	136.818
435.556	255.543
306.037	281.581
375.997	319.815
402.65	138.17
300.987	269.918
444.868	153.851
319.095	289.298
356.383	261.903
288.055	261.584
346.225	191.45
311.55	231.609
340.815	282.036
426.164	155.69
287.769	161.295
386.04	229.848
442.818	195.056
402.455	212.788
465.639	183.86
358.185	162.168
453.59	169.021
412.54	263.122
327.278	165.27
447.144	293.912
294.715	178.874
355.509	266.336
448.684	152.543
374.383	272.588
412.196	263.701
457.928	256.103
351.354	303.721
284.947	145.25
424.304	185.972
444.217	166.703
387.55	270.777
367.654	254.557
411.811	148.749
440.685	319.524
366.019	220.629
359.079	190.477
402.569	181.639
323.836	231.095
277.887	214.215
443.906	173.83
379.423	167.558
424.492	158.917
358.33	171.383
456.617	225.351
333.111	159.687
282.735	322.613
376.108	295.555
416.544	339.34
381.379	192.779
384.226	318.299
487.76	197.932
325.118	259.704
445.819	189.593
367.2	300.808
458.947	148.759
356.304	218.108
421.658	176.246
358.096	192.473
402.892	231.969
352.744	303.703
320.338	240.487
349.542	333.851
440.295	169.348
452.173	284.269
387.569	275.231
404.136	168.829
370.845	285.221
363.106	220.063
342.202	174.946
393.525	225.151
421.761	282.915
412.425	210.294
368.244	275.477
316.915	202.361
460.798	273.574
323.709	296.054
363.45	186.11
434.41	230.289
422.387	188.003
413.084	180.755
472.201	174.971
409.364	257.518
279.032	301.035
426.753	223.177
368.317	157.766
401.449	207.222
310.233	278.225
470.973	267.604
283.329	247.917
334.294	281.146
412.199	287.275
316.015	216.777
293.588	186.447
371.284	163.814
423.515	202.142
365.272	200.84
397.697	136.818
435.556	255.543
306.037	281.581
375.997	319.815
402.65	138.17
300.987	269.918
444.868	153.851
319.095	289.298
356.383	261.903
288.055	261.584
346.225	191.45
311.55	231.609
340.815	282.036
426.164	155.69
287.769	161.295
386.04	229.848
442.818	195.056
402.455	212.788
465.639	183.86
358.185	162.168
453.59	169.021
412.54	263.122
327.278	165.27
447.144	293.912
294.715	178.874
355.509	266.336
448.684	152.543
374.383	272.588
412.196	263.701
457.928	256.103
351.354	303.721
284.947	145.25
424.304	185.972
444.217	166.703
387.55	270.777
367.654	254.557
411.811	148.749
440.685	319.524
366.019	220.629
359.079	190.477
402.569	181.639
323.836	231.095
277.887	214.215
443.906	173.83
379.423	167.558
424.492	158.917
358.33	171.383
456.617	225.351
333.111	159.687
282.735	322.613
376.108	295.555
416.544	339.34
381.379	192.779
384.226	318.299
487.76	197.932
325.118	259.704
445.819	189.593
367.2	300.808
458.947	148.759
356.304	218.108
421.658	176.246
358.096	192.473
402.892	231.969
352.744	303.703
320.338	240.487
349.542	333.851
440.295	169.348
452.173	284.269
387.569	275.231
404.136	168.829
370.845	285.221
363.106	220.063
342.202	174.946
393.525	225.151
421.761	282.915
412.425	210.294
368.244	275.477
316.915	202.361
460.798	273.574
323.709	296.054
363.45	186.11
434.41	230.289
422.387	188.003
413.084	180.755
472.201	174.971
409.364	257.518
279.032	301.035
426.753	223.177
368.317	157.766
401.449	207.222
310.233	278.225
470.973	267.604
283.329	247.917
334.294	281.146
412.199	287.275
316.015	216.777
293.588	186.447
371.284	163.814
423.515	202.142
365.272	200.84
397.697	136.818
435.556	255.543
306.037	281.581
375.997	319.815
402.65	138.17
300.987	269.918
444.868	153.851
319.095	289.298
356.383	261.903
288.055	261.584
346.225	191.45
311.55	231.609
340.815	282.036
426.164	155.69
287.769	161.295
386.04	229.848
442.818	195.056
402.455	212.788
465.639	183.86
358.185	162.168
453.59	169.021
412.54	263.122
327.278	165.27
447.144	293.912
294.715	178.874
355.509	266.336
448.684	152.543
374.383	272.588
412.196	263.701
457.928	256.103
351.354	303.721
284.947	145.25
424.304	185.972
444.217	166.703
387.55	270.777
367.654	254.557
411.811	148.749
440.685	319.524
366.019	220.629
359.079	190.477
402.569	181.639
323.836	231.095
277.887	214.215
443.906	173.83
379.423	167.558
424.492	158.917
358.33	171.383
456.617	225.351
333.111	159.687
282.735	322.613
376.108	295.555
416.544	339.34
381.379	192.779
384.226	318.299
487.76	197.932
325.118	259.704
445.819	189.593
367.2	300.808
458.947	148.759
356.304	218.108
421.658	176.246
358.096	192.473
402.892	231.969
352.744	303.703
320.338	240.487
349.542	333.851
440.295	169.348
452.173	284.269
387.569	275.231
404.136	168.829
370.845	285.221
363.106	220.063
342.202	174.946
393.525	225.151
421.761	282.915
412.425	210.294
368.244	275.477
316.915	202.361
460.798	273.574
323.709	296.054
363.45	186.11
434.41	230.289
422.387	188.003
413.084	180.755
472.201	174.971
409.364	257.518
279.032	301.035
426.753	223.177
368.317	157.766
401.449	207.222
310.233	278.225
470.973	267.604
283.329	247.917
334.294	281.146
412.199	287.275
316.015	216.777
293.588	186.447
371.284	163.814
423.515	202.142
365.272	200.84
397.697	136.818
435.556	255.543
306.037	281.581
375.997	319.815
402.65	138.17
300.987	269.918
444.868	153.851
319.095	289.298
356.383	261.903
288.055	261.584
346.225	191.45
311.55	231.609
340.815	282.036
426.164	155.69
287.769	161.295
386.04	229.848
442.818	195.056
402.455	212.788
465.639	183.86
358.185	162.168
453.59	169.021
412.54	263.122
327.278	165.27
447.144	293.912
294.715	178.874
355.509	266.336
448.684	152.543
374.383	272.588
412.196	263.701
457.928	256.103
351.354	303.721
284.947	145.25
424.304	185.972
444.217	166.703
387.55	270.777
367.654	254.557
411.811	148.749
440.685	319.524
366.019	220.629
359.079	190.477
402.569	181.639
323.836	231.095
277.887	214.215
443.906	173.83
379.423	167.558
424.492	158.917
358.33	171.383
456.617	225.351
333.111	159.687
282.735	322.613
376.108	295.555
416.544	339.34
381.379	192.779
384.226	318.299
487.76	197.932
325.118	259.704
445.819	189.593
367.2	300.808
458.947	148.759
356.304	218.108
421.658	176.246
358.096	192.473
402.892	231.969
352.744	303.703
320.338	240.487
349.542	333.851
440.295	169.348
452.173	284.269
387.569	275.231
404.136	168.829
370.845	285.221
363.106	220.063
342.202	174.946
393.525	225.151
421.761	282.915
412.425	210.294
368.244	275.477
316.915	202.361
460.798	273.574
323.709	296.054
363.45	186.11
434.41	230.289
422.387	188.003
413.084	180.755
472.201	174.971
409.364	257.518
279.032	301.035
426.753	223.177
368.317	157.766
401.449	207.222
310.233	278.225
470.973	267.604
283.329	247.917
334.294	281.146
412.199	287.275
316.015	216.777
293.588	186.447
371.284	163.814
423.515	202.142
365.272	200.84
397.697	136.818
435.556	255.543
