6.090941357397558704e+02	3.266763398908436557e+03	3.842169118046181211e+03
6.977167974522346867e+02	4.325585342697210649e+02	2.733069653440399634e+03
2.335153700972179649e+03	1.179534786089789577e+03	3.259495063268253944e+03
1.514855415112317587e+03	1.611072437701723175e+02	3.685962058777137827e+03
2.709398465711491099e+03	1.511524624339961065e+03	5.136037336108711315e+03
1.628284070319186640e+03	5.983099484645119901e+02	2.863247786505910426e+03
3.560961682424224506e+01	-4.223003000713066513e+02	5.399708015843765679e+03
2.257504576855397360e+01	1.615419662640436854e+03	3.844403663863407473e+03
5.207687116289384903e+02	1.769302953247116193e+03	3.558637593257902154e+03
4.750612659665414981e+02	-2.584587659271289795e+02	2.865356192381073924e+03
1.207753574341388003e+03	2.591135419551052109e+03	5.727589634865506923e+03
-3.555365988425645014e+02	1.332850942879036893e+03	4.214704977663393038e+03
2.497127517353639178e+03	-2.751052241632293658e+02	4.678264688947637296e+03
2.743740174222232326e+02	1.783477779449988020e+03	4.209931653534269572e+03
2.361135801345799791e+03	1.721553966486940226e+03	1.973823742598773833e+03
-4.116328448260329083e+02	2.751160880478000308e+03	5.581096992981949370e+03
5.726046367115221756e+02	2.786642827103890340e+03	4.714532238759843494e+03
-8.776220228165678918e+02	2.851214997007186867e+03	1.959229697088842158e+03
1.326704647351496533e+03	3.026395948820778358e+03	5.790668309706899890e+03
8.572272574078949674e+02	1.327406703062962151e+03	2.950210128665377397e+03
-2.000439872993245558e+02	1.235136830068527871e+02	3.647946716369463957e+03
2.747069920920010645e+03	3.193358784312781609e+03	3.180208153597791352e+03
2.780638037181149684e+03	2.336311803735046396e+03	3.392925030802458878e+03
4.570126302075594822e+02	2.221324475325245089e+02	5.387400613639493713e+03
1.905258882655356956e+03	2.323852318648369419e+03	5.799777203735335206e+03
2.172187491535165009e+03	3.215712854842053275e+03	5.399607187215045997e+03
6.747700425934941677e+02	1.582630806217182169e+02	2.897480811376455222e+03
-7.279110204985249766e+02	2.046126195475303348e+03	4.809535583402136581e+03
8.442563320149178026e+02	2.701586429314507768e+03	5.535125840933083964e+03
-1.608780783507625927e+02	9.730373776711721803e+02	4.903187626420419292e+03
1.594586279080985776e+02	6.084739013846614171e+02	1.605310095012923512e+03
2.356005495990999862e+03	3.284241681611930744e+03	4.444547500410258181e+03
-8.865277608163728473e+02	1.858440218559565210e+03	5.204801878540445614e+03
-1.098128253414148958e+03	2.105137004381595034e+03	3.505866700872360525e+03
-8.853937028035686296e+01	1.891405503358057103e+03	2.689796735927129703e+03
-3.497623684036324789e+02	8.082615911265557997e+02	2.491760776465142499e+03
2.786127982110481753e+03	2.047573257432426317e+03	3.982950392949313482e+03
-1.362315725439271574e+01	2.042040156546922617e+03	2.359865116402502281e+03
2.613753860675322812e+03	2.917644926252599362e+03	3.969349155040806636e+03
3.668448643148414590e+01	-3.524453046826653946e+01	3.614545492439916870e+03
-5.184679437526834818e+02	7.762424932314818307e+02	3.558264069254938022e+03
9.179959223518051203e+02	2.924607702478342162e+03	2.644771608325990655e+03
3.095780186372319918e+02	4.521594695156335320e+02	2.085136147019673444e+03
1.967236842809989639e+03	2.075824359275892675e+03	4.241263741058322921e+03
5.912946978936620468e+01	1.841202746212724833e+03	4.298504804772770512e+03
5.978324053186713627e+02	8.171295325220103223e+02	4.364913590919559283e+03
-8.466927269203596325e+02	1.093407393361727372e+03	2.874168429978776658e+03
-8.003686189348746893e+02	1.814059963667868033e+03	1.677297118187037995e+03
1.895288253320964259e+03	-5.452586837617664060e+02	4.975254599907799275e+03
2.354900566193557097e+03	2.337868355121362583e+03	4.582764676788149700e+03
