-208.079	266.29	3984.62
1202.86	207.337	4218.07
-356.814	1092.69	3919.28
-382.728	534.49	4970.84
-354.482	21.2779	4321.67
216.983	-480.069	4475.59
-72.3704	62.282	3386.75
42.4859	958.17	4999.69
741.747	1247.01	3443.82
-283.088	966.675	4087.57
384.036	224.673	4406.22
-218.474	119.961	5050.8
912.232	47.5522	4114.87
861.254	502.417	4144.94
175.915	-605.79	4844.05
447.278	866.049	3842.01
105.181	1091.53	4539.69
521.162	-11.777	3503.54
1264.61	-35.5122	3672.31
-539.131	-891.992	4210.69
614.487	966.058	3780.65
1299.62	-629.413	3896.55
-492.138	482.506	4215.71
385.404	-576.01	4571.25
-6.81221	596.511	5048.8
572.581	203.24	4219.44
927.545	34.7806	4097.4
1127.44	30.3641	4557.74
776.626	-472.416	3933.84
-23.021	1021.3	4729.95
-784.019	704.46	4776.46
-0.88065	62.5426	4568.43
742.239	913.182	3431.97
-694.433	43.6202	3836.29
913.715	1133.51	4956.32
645.64	-367.093	3299.03
-701.116	268	4681.69
636.702	1254.02	4344.83
213.972	872.096	3636.42
-483.121	-689.095	3744.45
223.963	-566.127	3575.65
-62.0809	6.16341	4428.97
-95.2941	655.636	3462.11
216.638	505.647	4457.67
514.889	275.607	4083.53
595.792	1101.87	4203.2
329.673	-783.679	5094.95
314.928	-287.433	4305.23
-72.0424	-498.013	4521.58
131.257	323.082	4566.73
-208.094	266.309	3984.9
1202.95	207.352	4218.36
-356.84	1092.77	3919.56
-382.756	534.528	4971.19
-354.507	21.2796	4321.98
216.998	-480.103	4475.91
-72.3758	62.2865	3386.99
42.4885	958.238	5000.05
741.799	1247.1	3444.07
-283.108	966.744	4087.86
384.062	224.689	4406.53
-218.489	119.97	5051.16
912.296	47.5558	4115.16
861.315	502.452	4145.23
175.927	-605.833	4844.39
447.309	866.111	3842.28
105.188	1091.61	4540.01
521.198	-11.7776	3503.79
1264.7	-35.5146	3672.57
-539.17	-892.055	4210.99
614.53	966.126	3780.92
1299.71	-629.458	3896.82
-492.174	482.54	4216.01
385.431	-576.051	4571.57
-6.81311	596.553	5049.16
572.621	203.255	4219.74
927.611	34.7833	4097.69
1127.52	30.3664	4558.06
776.681	-472.449	3934.12
-23.023	1021.37	4730.28
-784.075	704.51	4776.8
-0.881077	62.5472	4568.75
742.292	913.246	3432.21
-694.483	43.6234	3836.56
913.78	1133.59	4956.67
645.686	-367.119	3299.27
-701.166	268.019	4682.02
636.747	1254.11	4345.14
213.987	872.158	3636.68
-483.156	-689.143	3744.72
223.978	-566.167	3575.9
-62.0856	6.16404	4429.28
-95.3011	655.683	3462.35
216.653	505.683	4457.99
514.925	275.627	4083.82
595.834	1101.94	4203.5
329.696	-783.735	5095.31
314.95	-287.453	4305.54
-72.0479	-498.048	4521.9
131.266	323.105	4567.06
-208.103	266.321	3985.08
1203	207.361	4218.56
-356.856	1092.82	3919.74
-382.773	534.553	4971.42
-354.524	21.2803	4322.18
217.008	-480.125	4476.12
-72.3789	62.2893	3387.15
42.4907	958.282	5000.28
741.834	1247.16	3444.23
-283.121	966.788	4088.04
384.08	224.699	4406.73
-218.499	119.975	5051.39
912.339	47.5578	4115.35
861.355	502.475	4145.42
175.935	-605.861	4844.61
447.33	866.15	3842.46
105.193	1091.66	4540.22
521.222	-11.7783	3503.95
1264.76	-35.5164	3672.74
-539.195	-892.096	4211.18
614.559	966.171	3781.09
1299.77	-629.487	3897
-492.196	482.563	4216.2
385.449	-576.077	4571.78
-6.81319	596.581	5049.39
572.648	203.264	4219.94
927.654	34.7847	4097.88
1127.57	30.3676	4558.27
776.717	-472.471	3934.3
-23.0239	1021.42	4730.5
-784.111	704.542	4777.02
-0.880901	62.5499	4568.96
742.326	913.288	3432.37
-694.514	43.6252	3836.74
913.822	1133.65	4956.9
645.716	-367.136	3299.42
-701.198	268.032	4682.24
636.777	1254.16	4345.34
213.997	872.198	3636.84
-483.178	-689.175	3744.89
223.989	-566.194	3576.07
-62.0883	6.16413	4429.48
-95.3054	655.713	3462.51
216.663	505.707	4458.19
514.949	275.639	4084
595.862	1101.99	4203.7
329.711	-783.771	5095.54
314.965	-287.466	4305.74
-72.051	-498.071	4522.11
131.272	323.12	4567.27
-208.103	266.321	3985.08
1203	207.361	4218.56
-356.856	1092.82	3919.74
-382.773	534.553	4971.42
-354.524	21.2803	4322.18
217.008	-480.125	4476.12
-72.3789	62.2893	3387.15
42.4907	958.282	5000.28
741.834	1247.16	3444.23
-283.121	966.788	4088.04
384.08	224.699	4406.73
-218.499	119.975	5051.39
912.339	47.5578	4115.35
861.355	502.475	4145.42
175.935	-605.861	4844.61
447.33	866.15	3842.46
105.193	1091.66	4540.22
521.222	-11.7783	3503.95
1264.76	-35.5164	3672.74
-539.195	-892.096	4211.18
614.559	966.171	3781.09
1299.77	-629.487	3897
-492.196	482.563	4216.2
385.449	-576.077	4571.78
-6.81319	596.581	5049.39
572.648	203.264	4219.94
927.654	34.7847	4097.88
1127.57	30.3676	4558.27
776.717	-472.471	3934.3
-23.0239	1021.42	4730.5
-784.111	704.542	4777.02
-0.880901	62.5499	4568.96
742.326	913.288	3432.37
-694.514	43.6252	3836.74
913.822	1133.65	4956.9
645.716	-367.136	3299.42
-701.198	268.032	4682.24
636.777	1254.16	4345.34
213.997	872.198	3636.84
-483.178	-689.175	3744.89
223.989	-566.194	3576.07
-62.0883	6.16413	4429.48
-95.3054	655.713	3462.51
216.663	505.707	4458.19
514.949	275.639	4084
595.862	1101.99	4203.7
329.711	-783.771	5095.54
314.965	-287.466	4305.74
-72.051	-498.071	4522.11
131.272	323.12	4567.27
-208.117	266.339	3985.35
1203.08	207.375	4218.84
-356.88	1092.89	3920
-382.799	534.589	4971.75
-354.547	21.2818	4322.47
217.023	-480.157	4476.42
-72.3837	62.2935	3387.38
42.4938	958.347	5000.61
741.884	1247.24	3444.46
-283.14	966.853	4088.32
384.106	224.714	4407.03
-218.514	119.983	5051.73
912.4	47.561	4115.63
861.413	502.509	4145.7
175.947	-605.902	4844.94
447.36	866.209	3842.72
105.2	1091.73	4540.53
521.258	-11.7791	3504.19
1264.84	-35.5188	3672.99
-539.231	-892.156	4211.46
614.6	966.236	3781.35
1299.86	-629.529	3897.26
-492.229	482.595	4216.49
385.475	-576.116	4572.09
-6.81346	596.621	5049.73
572.687	203.277	4220.22
927.717	34.7871	4098.15
1127.65	30.3697	4558.58
776.769	-472.503	3934.56
-23.0253	1021.49	4730.82
-784.164	704.59	4777.34
-0.880798	62.5541	4569.27
742.376	913.35	3432.6
-694.561	43.6282	3837
913.884	1133.72	4957.23
645.759	-367.16	3299.64
-701.245	268.05	4682.56
636.82	1254.25	4345.63
214.012	872.257	3637.09
-483.21	-689.222	3745.14
224.004	-566.232	3576.31
-62.0923	6.16455	4429.78
-95.3117	655.757	3462.75
216.678	505.741	4458.49
514.984	275.658	4084.28
595.902	1102.07	4203.98
329.734	-783.824	5095.89
314.986	-287.486	4306.03
-72.0557	-498.104	4522.41
131.281	323.142	4567.58
