-213.849	274.656	4104.41
1239.37	213.871	4343.69
-367.05	1125.92	4036.84
-393.638	551.028	5120.23
-364.651	22.2784	4451.84
224.099	-494.194	4610.14
-74.1227	64.4404	3488.61
44.4088	987.355	5149.24
764.366	1284.56	3546.33
-291.083	996.125	4210.18
396.145	231.784	4538.15
-224.422	123.998	5202.65
940.109	49.3062	4237.75
887.571	517.788	4268.52
181.839	-623.688	4989.74
461.187	892.326	3956.74
108.927	1124.66	4675.4
537.286	-11.8493	3608.51
1302.93	-36.2864	3781.78
-554.987	-918.75	4338.15
633.376	995.284	3893.39
1339.09	-647.984	4012.95
-506.464	497.433	4342.56
397.605	-593.01	4708.55
-6.36771	614.872	5200.1
590.318	209.684	4345.66
955.88	36.1502	4219.76
1161.77	31.6355	4693.62
800.482	-486.309	4051.68
-23.0994	1052.37	4871.48
-807.108	726.157	4920.3
-0.323802	64.8027	4705.66
764.899	940.784	3534.27
-714.996	45.2631	3952.13
941.621	1167.73	5103.6
665.494	-377.879	3397.94
-721.742	276.503	4822.86
656.299	1291.85	4474.17
220.871	898.584	3745.2
-497.319	-709.707	3857.7
231.18	-582.938	3683.23
-63.3892	6.71251	4562.1
-97.7172	675.672	3566
223.724	521.211	4591.14
530.879	284.215	4205.69
614.163	1135.17	4328.44
340.267	-806.921	5248.13
324.968	-295.747	4434.48
-73.6486	-512.701	4657.77
135.794	333.18	4703.65
-213.849	274.656	4104.41
1239.37	213.871	4343.69
-367.05	1125.92	4036.84
-393.638	551.028	5120.23
-364.651	22.2784	4451.84
224.099	-494.194	4610.14
-74.1227	64.4404	3488.61
44.4088	987.355	5149.24
764.366	1284.56	3546.33
-291.083	996.125	4210.18
396.145	231.784	4538.15
-224.422	123.998	5202.65
940.109	49.3062	4237.75
887.571	517.788	4268.52
181.839	-623.688	4989.74
461.187	892.326	3956.74
108.927	1124.66	4675.4
537.286	-11.8493	3608.51
1302.93	-36.2864	3781.78
-554.987	-918.75	4338.15
633.376	995.284	3893.39
1339.09	-647.984	4012.95
-506.464	497.433	4342.56
397.605	-593.01	4708.55
-6.36771	614.872	5200.1
590.318	209.684	4345.66
955.88	36.1502	4219.76
1161.77	31.6355	4693.62
800.482	-486.309	4051.68
-23.0994	1052.37	4871.48
-807.108	726.157	4920.3
-0.323802	64.8027	4705.66
764.899	940.784	3534.27
-714.996	45.2631	3952.13
941.621	1167.73	5103.6
665.494	-377.879	3397.94
-721.742	276.503	4822.86
656.299	1291.85	4474.17
220.871	898.584	3745.2
-497.319	-709.707	3857.7
231.18	-582.938	3683.23
-63.3892	6.71251	4562.1
-97.7172	675.672	3566
223.724	521.211	4591.14
530.879	284.215	4205.69
614.163	1135.17	4328.44
340.267	-806.921	5248.13
324.968	-295.747	4434.48
-73.6486	-512.701	4657.77
135.794	333.18	4703.65
-213.849	274.656	4104.41
1239.37	213.871	4343.69
-367.05	1125.92	4036.84
-393.638	551.028	5120.23
-364.651	22.2784	4451.84
224.099	-494.194	4610.14
-74.1227	64.4404	3488.61
44.4088	987.355	5149.24
764.366	1284.56	3546.33
-291.083	996.125	4210.18
396.145	231.784	4538.15
-224.422	123.998	5202.65
940.109	49.3062	4237.75
887.571	517.788	4268.52
181.839	-623.688	4989.74
461.187	892.326	3956.74
108.927	1124.66	4675.4
537.286	-11.8493	3608.51
1302.93	-36.2864	3781.78
-554.987	-918.75	4338.15
633.376	995.284	3893.39
1339.09	-647.984	4012.95
-506.464	497.433	4342.56
397.605	-593.01	4708.55
-6.36771	614.872	5200.1
590.318	209.684	4345.66
955.88	36.1502	4219.76
1161.77	31.6355	4693.62
800.482	-486.309	4051.68
-23.0994	1052.37	4871.48
-807.108	726.157	4920.3
-0.323802	64.8027	4705.66
764.899	940.784	3534.27
-714.996	45.2631	3952.13
941.621	1167.73	5103.6
665.494	-377.879	3397.94
-721.742	276.503	4822.86
656.299	1291.85	4474.17
220.871	898.584	3745.2
-497.319	-709.707	3857.7
231.18	-582.938	3683.23
-63.3892	6.71251	4562.1
-97.7172	675.672	3566
223.724	521.211	4591.14
530.879	284.215	4205.69
614.163	1135.17	4328.44
340.267	-806.921	5248.13
324.968	-295.747	4434.48
-73.6486	-512.701	4657.77
135.794	333.18	4703.65
-213.849	274.656	4104.41
1239.37	213.871	4343.69
-367.05	1125.92	4036.84
-393.638	551.028	5120.23
-364.651	22.2784	4451.84
224.099	-494.194	4610.14
-74.1227	64.4404	3488.61
44.4088	987.355	5149.24
764.366	1284.56	3546.33
-291.083	996.125	4210.18
396.145	231.784	4538.15
-224.422	123.998	5202.65
940.109	49.3062	4237.75
887.571	517.788	4268.52
181.839	-623.688	4989.74
461.187	892.326	3956.74
108.927	1124.66	4675.4
537.286	-11.8493	3608.51
1302.93	-36.2864	3781.78
-554.987	-918.75	4338.15
633.376	995.284	3893.39
1339.09	-647.984	4012.95
-506.464	497.433	4342.56
397.605	-593.01	4708.55
-6.36771	614.872	5200.1
590.318	209.684	4345.66
955.88	36.1502	4219.76
1161.77	31.6355	4693.62
800.482	-486.309	4051.68
-23.0994	1052.37	4871.48
-807.108	726.157	4920.3
-0.323802	64.8027	4705.66
764.899	940.784	3534.27
-714.996	45.2631	3952.13
941.621	1167.73	5103.6
665.494	-377.879	3397.94
-721.742	276.503	4822.86
656.299	1291.85	4474.17
220.871	898.584	3745.2
-497.319	-709.707	3857.7
231.18	-582.938	3683.23
-63.3892	6.71251	4562.1
-97.7172	675.672	3566
223.724	521.211	4591.14
530.879	284.215	4205.69
614.163	1135.17	4328.44
340.267	-806.921	5248.13
324.968	-295.747	4434.48
-73.6486	-512.701	4657.77
135.794	333.18	4703.65
-213.849	274.656	4104.41
1239.37	213.871	4343.69
-367.05	1125.92	4036.84
-393.638	551.028	5120.23
-364.651	22.2784	4451.84
224.099	-494.194	4610.14
-74.1227	64.4404	3488.61
44.4088	987.355	5149.24
764.366	1284.56	3546.33
-291.083	996.125	4210.18
396.145	231.784	4538.15
-224.422	123.998	5202.65
940.109	49.3062	4237.75
887.571	517.788	4268.52
181.839	-623.688	4989.74
461.187	892.326	3956.74
108.927	1124.66	4675.4
537.286	-11.8493	3608.51
1302.93	-36.2864	3781.78
-554.987	-918.75	4338.15
633.376	995.284	3893.39
1339.09	-647.984	4012.95
-506.464	497.433	4342.56
397.605	-593.01	4708.55
-6.36771	614.872	5200.1
590.318	209.684	4345.66
955.88	36.1502	4219.76
1161.77	31.6355	4693.62
800.482	-486.309	4051.68
-23.0994	1052.37	4871.48
-807.108	726.157	4920.3
-0.323802	64.8027	4705.66
764.899	940.784	3534.27
-714.996	45.2631	3952.13
941.621	1167.73	5103.6
665.494	-377.879	3397.94
-721.742	276.503	4822.86
656.299	1291.85	4474.17
220.871	898.584	3745.2
-497.319	-709.707	3857.7
231.18	-582.938	3683.23
-63.3892	6.71251	4562.1
-97.7172	675.672	3566
223.724	521.211	4591.14
530.879	284.215	4205.69
614.163	1135.17	4328.44
340.267	-806.921	5248.13
324.968	-295.747	4434.48
-73.6486	-512.701	4657.77
135.794	333.18	4703.65
