-357.38	-166.811	3662.3
659.331	464.113	4763.51
183.644	-292.083	3837.93
242.326	128.191	4208.9
1080.94	-82.6043	3958.68
-637.547	-367.133	3317.6
646.499	309.254	3235.99
1132.94	-157.21	2923.31
374.328	998.659	4416.67
812.335	732.542	4803.26
1078.06	-95.9742	3732.29
-19.9816	607.01	4145.13
-673.445	107.388	3571.82
874.728	162.07	4388.24
630.864	783.67	4712.55
325.77	-406.044	4434.66
0.692208	804.695	3095.6
339.56	691.059	3567.05
824.673	164.57	3507.08
515.681	-77.2308	3634.4
-182.255	87.7924	4274.4
223.979	-617.084	3848.27
378.093	-312.092	4102.33
190.561	536.356	4103.01
174.416	-296.133	3018.49
443.369	-578.794	3863.38
537.749	479.556	3071.47
839.633	331.247	3005.78
-670.223	-47.9253	3222.33
257.355	-90.6971	3859.53
645.424	1181.07	3578.25
-425.226	-639.364	3211.86
-619.217	201.58	4315.04
-628.336	902.526	4320.85
-824.801	905.323	3689.47
739.298	436.604	4053.45
705.219	1035.84	4250.37
-97.5577	-765.038	3787.87
972.955	336.47	3788.79
771.435	205.441	3503.8
59.3414	847.826	3102.77
970.499	19.9376	3597.62
936.634	1246.62	3139.34
668.96	-548.151	3098.48
836.457	1152.61	3646.09
310.416	-636.538	3436.82
498.493	-38.8757	3551.8
-589.592	548.911	2857.34
481.997	1065.54	4118.82
531.298	1204.19	3481.5
-357.38	-166.811	3662.3
659.331	464.113	4763.51
183.644	-292.083	3837.93
242.326	128.191	4208.9
1080.94	-82.6043	3958.68
-637.547	-367.133	3317.6
646.499	309.254	3235.99
1132.94	-157.21	2923.31
374.328	998.659	4416.67
812.335	732.542	4803.26
1078.06	-95.9742	3732.29
-19.9816	607.01	4145.13
-673.445	107.388	3571.82
874.728	162.07	4388.24
630.864	783.67	4712.55
325.77	-406.044	4434.66
0.692208	804.695	3095.6
339.56	691.059	3567.05
824.673	164.57	3507.08
515.681	-77.2308	3634.4
-182.255	87.7924	4274.4
223.979	-617.084	3848.27
378.093	-312.092	4102.33
190.561	536.356	4103.01
174.416	-296.133	3018.49
443.369	-578.794	3863.38
537.749	479.556	3071.47
839.633	331.247	3005.78
-670.223	-47.9253	3222.33
257.355	-90.6971	3859.53
645.424	1181.07	3578.25
-425.226	-639.364	3211.86
-619.217	201.58	4315.04
-628.336	902.526	4320.85
-824.801	905.323	3689.47
739.298	436.604	4053.45
705.219	1035.84	4250.37
-97.5577	-765.038	3787.87
972.955	336.47	3788.79
771.435	205.441	3503.8
59.3414	847.826	3102.77
970.499	19.9376	3597.62
936.634	1246.62	3139.34
668.96	-548.151	3098.48
836.458	1152.61	3646.09
310.416	-636.538	3436.82
498.493	-38.8757	3551.8
-589.592	548.911	2857.34
481.997	1065.54	4118.82
531.298	1204.19	3481.5
-357.38	-166.811	3662.3
659.331	464.113	4763.51
183.644	-292.083	3837.93
242.326	128.191	4208.9
1080.94	-82.6043	3958.68
-637.547	-367.133	3317.6
646.499	309.254	3235.99
1132.94	-157.21	2923.31
374.328	998.659	4416.67
812.335	732.542	4803.26
1078.06	-95.9742	3732.29
-19.9816	607.01	4145.13
-673.445	107.388	3571.82
874.728	162.07	4388.24
630.864	783.67	4712.55
325.77	-406.044	4434.66
0.692208	804.695	3095.6
339.56	691.059	3567.05
824.673	164.57	3507.08
515.681	-77.2308	3634.4
-182.255	87.7924	4274.4
223.979	-617.084	3848.27
378.093	-312.092	4102.33
190.561	536.356	4103.01
174.416	-296.133	3018.49
443.369	-578.794	3863.38
537.749	479.556	3071.47
839.633	331.247	3005.78
-670.223	-47.9253	3222.33
257.355	-90.6971	3859.53
645.424	1181.07	3578.25
-425.226	-639.364	3211.86
-619.217	201.58	4315.04
-628.336	902.526	4320.85
-824.801	905.323	3689.47
739.298	436.604	4053.45
705.219	1035.84	4250.37
-97.5577	-765.038	3787.87
972.955	336.47	3788.79
771.435	205.441	3503.8
59.3414	847.826	3102.77
970.499	19.9376	3597.62
936.634	1246.62	3139.34
668.96	-548.151	3098.48
836.458	1152.61	3646.09
310.416	-636.538	3436.82
498.493	-38.8757	3551.8
-589.592	548.911	2857.34
481.997	1065.54	4118.82
531.298	1204.19	3481.5
-357.38	-166.811	3662.3
659.331	464.113	4763.51
183.644	-292.083	3837.93
242.326	128.191	4208.9
1080.94	-82.6043	3958.68
-637.547	-367.133	3317.6
646.499	309.254	3235.99
1132.94	-157.21	2923.31
374.328	998.659	4416.67
812.335	732.542	4803.26
1078.06	-95.9742	3732.29
-19.9816	607.01	4145.13
-673.445	107.388	3571.82
874.728	162.07	4388.24
630.864	783.67	4712.55
325.77	-406.044	4434.66
0.692208	804.695	3095.6
339.56	691.059	3567.05
824.673	164.57	3507.08
515.681	-77.2308	3634.4
-182.255	87.7924	4274.4
223.979	-617.084	3848.27
378.093	-312.092	4102.33
190.561	536.356	4103.01
174.416	-296.133	3018.49
443.369	-578.794	3863.38
537.749	479.556	3071.47
839.633	331.247	3005.78
-670.223	-47.9253	3222.33
257.355	-90.6971	3859.53
645.424	1181.07	3578.25
-425.226	-639.364	3211.86
-619.217	201.58	4315.04
-628.336	902.526	4320.85
-824.801	905.323	3689.47
739.298	436.604	4053.45
705.219	1035.84	4250.37
-97.5577	-765.038	3787.87
972.955	336.47	3788.79
771.435	205.441	3503.8
59.3414	847.826	3102.77
970.499	19.9376	3597.62
936.634	1246.62	3139.34
668.96	-548.151	3098.48
836.458	1152.61	3646.09
310.416	-636.538	3436.82
498.493	-38.8757	3551.8
-589.592	548.911	2857.34
481.997	1065.54	4118.82
531.298	1204.19	3481.5
-357.38	-166.811	3662.3
659.331	464.113	4763.51
183.644	-292.083	3837.93
242.326	128.191	4208.9
1080.94	-82.6043	3958.68
-637.547	-367.133	3317.6
646.499	309.254	3235.99
1132.94	-157.21	2923.31
374.328	998.659	4416.67
812.335	732.542	4803.26
1078.06	-95.9742	3732.29
-19.9816	607.01	4145.13
-673.445	107.388	3571.82
874.728	162.07	4388.24
630.864	783.67	4712.55
325.77	-406.044	4434.66
0.692208	804.695	3095.6
339.56	691.059	3567.05
824.673	164.57	3507.08
515.681	-77.2308	3634.4
-182.255	87.7924	4274.4
223.979	-617.084	3848.27
378.093	-312.092	4102.33
190.561	536.356	4103.01
174.416	-296.133	3018.49
443.369	-578.794	3863.38
537.749	479.556	3071.47
839.633	331.247	3005.78
-670.223	-47.9253	3222.33
257.355	-90.6971	3859.53
645.424	1181.07	3578.25
-425.226	-639.364	3211.86
-619.217	201.58	4315.04
-628.336	902.526	4320.85
-824.801	905.323	3689.47
739.298	436.604	4053.45
705.219	1035.84	4250.37
-97.5577	-765.038	3787.87
972.955	336.47	3788.79
771.435	205.441	3503.8
59.3414	847.826	3102.77
970.499	19.9376	3597.62
936.634	1246.62	3139.34
668.96	-548.151	3098.48
836.458	1152.61	3646.09
310.416	-636.538	3436.82
498.493	-38.8757	3551.8
-589.592	548.911	2857.34
481.997	1065.54	4118.82
531.298	1204.19	3481.5
