-355.765	-166.057	3645.75
656.32	461.994	4741.76
182.81	-290.756	3820.5
241.225	127.608	4189.77
1075.99	-82.2261	3940.55
-634.675	-365.479	3302.66
643.557	307.847	3221.27
1127.76	-156.491	2909.95
372.626	994.117	4396.58
808.621	729.193	4781.3
1073.13	-95.5351	3715.21
-19.891	604.259	4126.34
-670.413	106.905	3555.74
870.728	161.329	4368.17
627.986	780.095	4691.05
324.287	-404.195	4414.47
0.689078	801.057	3081.61
338.018	687.921	3550.86
820.911	163.819	3491.08
513.334	-76.8793	3617.86
-181.429	87.3948	4255.04
222.96	-614.279	3830.78
376.372	-310.671	4083.65
189.696	533.92	4084.38
173.626	-294.791	3004.81
441.35	-576.158	3845.78
535.305	477.377	3057.51
835.807	329.737	2992.08
-667.207	-47.7097	3207.83
256.186	-90.285	3841.99
642.488	1175.7	3561.97
-423.307	-636.479	3197.37
-616.424	200.671	4295.57
-625.504	898.458	4301.37
-821.094	901.255	3672.89
735.925	434.612	4034.95
702.003	1031.11	4230.99
-97.1155	-761.571	3770.7
968.508	334.932	3771.48
767.917	204.504	3487.83
59.073	843.991	3088.74
966.064	19.8465	3581.18
932.366	1240.93	3125.04
665.913	-545.654	3084.37
832.644	1147.35	3629.47
309.005	-633.645	3421.2
496.224	-38.6988	3535.64
-586.941	546.443	2844.49
479.805	1060.7	4100.08
528.883	1198.71	3465.68
-355.765	-166.057	3645.75
656.32	461.994	4741.76
182.81	-290.756	3820.5
241.225	127.608	4189.77
1075.99	-82.2261	3940.55
-634.675	-365.479	3302.66
643.557	307.847	3221.27
1127.76	-156.491	2909.95
372.626	994.117	4396.58
808.621	729.193	4781.3
1073.13	-95.5351	3715.21
-19.891	604.259	4126.34
-670.413	106.905	3555.74
870.728	161.329	4368.17
627.986	780.095	4691.05
324.287	-404.195	4414.47
0.689078	801.057	3081.61
338.018	687.921	3550.86
820.911	163.819	3491.08
513.334	-76.8793	3617.86
-181.429	87.3948	4255.04
222.96	-614.279	3830.78
376.372	-310.671	4083.65
189.696	533.92	4084.38
173.626	-294.791	3004.81
441.35	-576.158	3845.78
535.305	477.377	3057.51
835.807	329.737	2992.08
-667.207	-47.7097	3207.83
256.186	-90.285	3841.99
642.488	1175.7	3561.97
-423.307	-636.479	3197.37
-616.424	200.671	4295.57
-625.504	898.458	4301.37
-821.094	901.255	3672.89
735.925	434.612	4034.95
702.003	1031.11	4230.99
-97.1155	-761.571	3770.7
968.508	334.932	3771.48
767.917	204.504	3487.83
59.073	843.991	3088.74
966.064	19.8465	3581.18
932.366	1240.93	3125.04
665.913	-545.654	3084.37
832.644	1147.35	3629.47
309.005	-633.645	3421.2
496.224	-38.6988	3535.64
-586.941	546.443	2844.49
479.805	1060.7	4100.08
528.883	1198.71	3465.68
-355.765	-166.057	3645.75
656.32	461.994	4741.76
182.81	-290.756	3820.5
241.225	127.608	4189.77
1075.99	-82.2261	3940.55
-634.675	-365.479	3302.66
643.557	307.847	3221.27
1127.76	-156.491	2909.95
372.626	994.117	4396.58
808.621	729.193	4781.3
1073.13	-95.5351	3715.21
-19.891	604.259	4126.34
-670.413	106.905	3555.74
870.728	161.329	4368.17
627.986	780.095	4691.05
324.287	-404.195	4414.47
0.689078	801.057	3081.61
338.018	687.921	3550.86
820.911	163.819	3491.08
513.334	-76.8793	3617.86
-181.429	87.3948	4255.04
222.96	-614.279	3830.78
376.372	-310.671	4083.65
189.696	533.92	4084.38
173.626	-294.791	3004.81
441.35	-576.158	3845.78
535.305	477.377	3057.51
835.807	329.737	2992.08
-667.207	-47.7097	3207.83
256.186	-90.285	3841.99
642.488	1175.7	3561.97
-423.307	-636.479	3197.37
-616.424	200.671	4295.57
-625.504	898.458	4301.37
-821.094	901.255	3672.89
735.925	434.612	4034.95
702.003	1031.11	4230.99
-97.1155	-761.571	3770.7
968.508	334.932	3771.48
767.917	204.504	3487.83
59.073	843.991	3088.74
966.064	19.8465	3581.18
932.366	1240.93	3125.04
665.913	-545.654	3084.37
832.644	1147.35	3629.47
309.005	-633.645	3421.2
496.224	-38.6988	3535.64
-586.941	546.443	2844.49
479.805	1060.7	4100.08
528.883	1198.71	3465.68
-355.765	-166.057	3645.75
656.32	461.994	4741.76
182.81	-290.756	3820.5
241.225	127.608	4189.77
1075.99	-82.2261	3940.55
-634.675	-365.479	3302.66
643.557	307.847	3221.27
1127.76	-156.491	2909.95
372.626	994.117	4396.58
808.621	729.193	4781.3
1073.13	-95.5351	3715.21
-19.891	604.259	4126.34
-670.413	106.905	3555.74
870.728	161.329	4368.17
627.986	780.095	4691.05
324.287	-404.195	4414.47
0.689078	801.057	3081.61
338.018	687.921	3550.86
820.911	163.819	3491.08
513.334	-76.8793	3617.86
-181.429	87.3948	4255.04
222.96	-614.279	3830.78
376.372	-310.671	4083.65
189.696	533.92	4084.38
173.626	-294.791	3004.81
441.35	-576.158	3845.78
535.305	477.377	3057.51
835.807	329.737	2992.08
-667.207	-47.7097	3207.83
256.186	-90.285	3841.99
642.488	1175.7	3561.97
-423.307	-636.479	3197.37
-616.424	200.671	4295.57
-625.504	898.458	4301.37
-821.095	901.255	3672.89
735.925	434.612	4034.95
702.003	1031.11	4230.99
-97.1155	-761.571	3770.7
968.508	334.932	3771.48
767.917	204.504	3487.83
59.073	843.991	3088.74
966.064	19.8465	3581.18
932.366	1240.93	3125.04
665.913	-545.654	3084.37
832.644	1147.35	3629.47
309.005	-633.645	3421.2
496.224	-38.6988	3535.64
-586.941	546.443	2844.49
479.805	1060.7	4100.08
528.883	1198.71	3465.68
-355.765	-166.057	3645.75
656.32	461.994	4741.76
182.81	-290.756	3820.5
241.225	127.608	4189.77
1075.99	-82.2261	3940.55
-634.675	-365.479	3302.66
643.557	307.847	3221.27
1127.76	-156.491	2909.95
372.626	994.117	4396.58
808.621	729.193	4781.3
1073.13	-95.5351	3715.21
-19.891	604.259	4126.34
-670.413	106.905	3555.74
870.728	161.329	4368.17
627.986	780.095	4691.05
324.287	-404.195	4414.47
0.689078	801.057	3081.61
338.018	687.921	3550.86
820.911	163.819	3491.08
513.334	-76.8793	3617.86
-181.429	87.3948	4255.04
222.96	-614.279	3830.78
376.372	-310.671	4083.65
189.696	533.92	4084.38
173.626	-294.791	3004.81
441.35	-576.158	3845.78
535.305	477.377	3057.51
835.807	329.737	2992.08
-667.207	-47.7097	3207.83
256.186	-90.285	3841.99
642.488	1175.7	3561.97
-423.307	-636.479	3197.37
-616.424	200.671	4295.57
-625.504	898.458	4301.37
-821.095	901.255	3672.89
735.925	434.612	4034.95
702.003	1031.11	4230.99
-97.1155	-761.571	3770.7
968.508	334.932	3771.48
767.917	204.504	3487.83
59.073	843.991	3088.74
966.064	19.8465	3581.18
932.366	1240.93	3125.04
665.913	-545.654	3084.37
832.644	1147.35	3629.47
309.005	-633.645	3421.2
496.224	-38.6988	3535.64
-586.941	546.443	2844.49
479.805	1060.7	4100.08
528.883	1198.71	3465.68
