-301.686	-140.815	3091.57
592.025	416.736	4277.24
160.281	-254.924	3349.67
211.97	112.132	3681.65
989.773	-75.6372	3624.79
-529.345	-304.824	2754.56
567.517	271.473	2840.65
1024.17	-142.117	2642.66
326.244	870.378	3849.33
732.83	660.846	4333.15
983.521	-87.5576	3404.98
-17.0874	519.09	3544.74
-556.202	88.6927	2949.99
794.054	147.123	3983.52
562.137	698.296	4199.16
289.797	-361.207	3944.97
0.581356	675.83	2599.87
292.931	596.163	3077.23
735.905	146.856	3129.58
455.179	-68.1697	3208
-156.111	75.1991	3661.26
196.975	-542.687	3384.32
335.001	-276.522	3634.77
164.868	464.038	3549.79
150.225	-255.06	2599.83
394.457	-514.943	3437.18
466.8	416.286	2666.23
741.844	292.667	2655.7
-552.064	-39.4761	2654.24
224.854	-79.2431	3372.11
561.651	1027.77	3113.81
-357.875	-538.097	2703.15
-517.835	168.576	3608.55
-519.64	746.397	3573.38
-669.084	734.404	2992.92
659.467	389.458	3615.75
623.72	916.13	3759.17
-84.4452	-662.211	3278.75
876.875	303.243	3414.65
685.889	182.659	3115.26
49.9623	713.824	2612.37
876.433	18.0051	3248.92
821.376	1093.21	2753.03
594.926	-487.487	2755.57
736.562	1014.95	3210.65
272.576	-558.945	3017.87
438.745	-34.2161	3126.09
-480.649	447.485	2329.37
420.095	928.698	3589.85
458.662	1039.56	3005.53
-301.686	-140.815	3091.57
592.025	416.736	4277.24
160.281	-254.924	3349.67
211.97	112.132	3681.65
989.773	-75.6372	3624.79
-529.345	-304.824	2754.56
567.517	271.473	2840.65
1024.17	-142.117	2642.66
326.244	870.378	3849.33
732.83	660.846	4333.15
983.521	-87.5576	3404.98
-17.0874	519.09	3544.74
-556.202	88.6927	2949.99
794.054	147.123	3983.52
562.137	698.296	4199.16
289.797	-361.207	3944.97
0.581356	675.83	2599.87
292.931	596.163	3077.23
735.905	146.856	3129.58
455.179	-68.1697	3208
-156.111	75.1991	3661.26
196.975	-542.687	3384.32
335.001	-276.522	3634.77
164.868	464.038	3549.79
150.225	-255.06	2599.83
394.457	-514.943	3437.18
466.8	416.286	2666.23
741.844	292.667	2655.7
-552.064	-39.4761	2654.24
224.854	-79.2431	3372.11
561.651	1027.77	3113.81
-357.875	-538.097	2703.15
-517.835	168.576	3608.55
-519.64	746.397	3573.38
-669.084	734.404	2992.92
659.467	389.458	3615.75
623.72	916.13	3759.17
-84.4452	-662.211	3278.75
876.875	303.243	3414.65
685.889	182.659	3115.26
49.9623	713.824	2612.37
876.433	18.0051	3248.92
821.376	1093.21	2753.03
594.926	-487.487	2755.57
736.562	1014.95	3210.65
272.576	-558.945	3017.87
438.745	-34.2161	3126.09
-480.649	447.485	2329.37
420.095	928.698	3589.85
458.662	1039.56	3005.53
-301.686	-140.815	3091.57
592.025	416.736	4277.24
160.281	-254.924	3349.67
211.97	112.132	3681.65
989.773	-75.6372	3624.79
-529.345	-304.824	2754.56
567.517	271.473	2840.65
1024.17	-142.117	2642.66
326.244	870.378	3849.33
732.83	660.846	4333.15
983.521	-87.5576	3404.98
-17.0874	519.09	3544.74
-556.202	88.6927	2949.99
794.054	147.123	3983.52
562.137	698.296	4199.16
289.797	-361.207	3944.97
0.581356	675.83	2599.87
292.931	596.163	3077.23
735.905	146.856	3129.58
455.179	-68.1697	3208
-156.111	75.1991	3661.26
196.975	-542.687	3384.32
335.001	-276.522	3634.77
164.868	464.038	3549.79
150.225	-255.06	2599.83
394.457	-514.943	3437.18
466.8	416.286	2666.23
741.844	292.667	2655.7
-552.064	-39.4761	2654.24
224.854	-79.2431	3372.11
561.651	1027.77	3113.81
-357.875	-538.097	2703.15
-517.835	168.576	3608.55
-519.64	746.397	3573.38
-669.084	734.404	2992.92
659.467	389.458	3615.75
623.72	916.13	3759.17
-84.4452	-662.211	3278.75
876.875	303.243	3414.65
685.889	182.659	3115.26
49.9623	713.824	2612.37
876.433	18.0051	3248.92
821.376	1093.21	2753.03
594.926	-487.487	2755.57
736.562	1014.95	3210.65
272.576	-558.945	3017.87
438.745	-34.2161	3126.09
-480.649	447.485	2329.37
420.095	928.698	3589.85
458.662	1039.56	3005.53
-301.686	-140.815	3091.57
592.025	416.736	4277.24
160.281	-254.924	3349.67
211.97	112.132	3681.65
989.773	-75.6372	3624.79
-529.345	-304.824	2754.56
567.517	271.473	2840.65
1024.17	-142.117	2642.66
326.244	870.378	3849.33
732.83	660.846	4333.15
983.521	-87.5576	3404.98
-17.0874	519.09	3544.74
-556.202	88.6927	2949.99
794.054	147.123	3983.52
562.137	698.296	4199.16
289.797	-361.207	3944.97
0.581356	675.83	2599.87
292.931	596.163	3077.23
735.905	146.856	3129.58
455.179	-68.1697	3208
-156.111	75.1991	3661.26
196.975	-542.687	3384.32
335.001	-276.522	3634.77
164.868	464.038	3549.79
150.225	-255.06	2599.83
394.457	-514.943	3437.18
466.8	416.286	2666.23
741.844	292.667	2655.7
-552.064	-39.4761	2654.24
224.854	-79.2431	3372.11
561.651	1027.77	3113.81
-357.875	-538.097	2703.15
-517.835	168.576	3608.55
-519.64	746.397	3573.38
-669.084	734.404	2992.92
659.467	389.458	3615.75
623.72	916.13	3759.17
-84.4452	-662.211	3278.75
876.875	303.243	3414.65
685.889	182.659	3115.26
49.9623	713.824	2612.37
876.433	18.0051	3248.92
821.376	1093.21	2753.03
594.926	-487.487	2755.57
736.562	1014.95	3210.65
272.576	-558.945	3017.87
438.745	-34.2161	3126.09
-480.649	447.485	2329.37
420.095	928.698	3589.85
458.662	1039.56	3005.53
-301.686	-140.815	3091.57
592.025	416.736	4277.24
160.281	-254.924	3349.67
211.97	112.132	3681.65
989.773	-75.6372	3624.79
-529.345	-304.824	2754.56
567.517	271.473	2840.65
1024.17	-142.117	2642.66
326.244	870.378	3849.33
732.83	660.846	4333.15
983.521	-87.5576	3404.98
-17.0874	519.09	3544.74
-556.202	88.6927	2949.99
794.054	147.123	3983.52
562.137	698.296	4199.16
289.797	-361.207	3944.97
0.581356	675.83	2599.87
292.931	596.163	3077.23
735.905	146.856	3129.58
455.179	-68.1697	3208
-156.111	75.1991	3661.26
196.975	-542.687	3384.32
335.001	-276.522	3634.77
164.868	464.038	3549.79
150.225	-255.06	2599.83
394.457	-514.943	3437.18
466.8	416.286	2666.23
741.844	292.667	2655.7
-552.064	-39.4761	2654.24
224.854	-79.2431	3372.11
561.651	1027.77	3113.81
-357.875	-538.097	2703.15
-517.835	168.576	3608.55
-519.64	746.397	3573.38
-669.084	734.404	2992.92
659.467	389.458	3615.75
623.72	916.13	3759.17
-84.4452	-662.211	3278.75
876.875	303.243	3414.65
685.889	182.659	3115.26
49.9623	713.824	2612.37
876.433	18.0051	3248.92
821.376	1093.21	2753.03
594.926	-487.487	2755.57
736.562	1014.95	3210.65
272.576	-558.945	3017.87
438.745	-34.2161	3126.09
-480.649	447.485	2329.37
420.095	928.698	3589.85
458.662	1039.56	3005.53
