49.8974	446.701
58.5227	283.931
61.567	261.279
68.7337	375.923
69.7387	450.402
78.8806	19.8827
75.3987	225.287
75.3987	225.287
92.0923	45.9814
92.0168	112.189
103.454	447.247
104.828	256.937
106.345	302.189
117.017	270.22
121.154	144.105
121.045	160.366
121.045	160.366
120.965	343.172
120.965	343.172
126.911	79.0255
123.729	295.135
137.22	99.7082
136.134	448.411
147.895	303.573
151.482	206.8
152.928	146.903
159.156	251.291
161.317	162.541
163.789	459.432
164.647	310.379
165.391	397.923
168.334	419.629
174.655	474.119
184.118	200.458
201.086	160.305
201.243	285.049
208.723	42.8345
208.723	42.8345
209.498	142.826
222.139	170.38
223.285	129.567
228.539	62.4809
228.382	287.418
233.073	34.2887
236.268	65.6543
244.363	471.918
248.687	134.036
253.553	187.559
257.475	243.708
262.908	457.165
263.69	331.296
275.058	426.567
279.156	288.733
280.012	300.819
280.937	425.525
286.989	368.571
287.802	451.334
287.802	451.334
297.199	68.1313
297.656	60.9452
298.503	42.4477
305.897	405.077
314.872	399.364
325.057	48.3933
335.666	258.194
429.138	232.936
429.138	232.936
461.762	116.545
471.06	47.5023
477.667	61.9646
485.191	80.0547
482.804	400.921
493.149	31.8154
492.192	396.774
499.638	104.907
500.632	266.342
500.632	266.342
526.949	65.9224
533.452	93.1617
536.707	335.477
536.707	335.477
541.455	110.109
546.187	28.1537
549.374	403.981
557.676	162.331
560.204	126.488
567.664	465.387
572.915	397.397
575.065	370.931
578.776	178.486
585.365	13.3709
585.258	200.146
583.806	362.636
587.1	212.62
586.591	264.209
587.996	460.084
600.456	42.0109
601.972	273.682
604.322	7.44964
608.208	245.263
612.944	134.123
613.396	290.588
617.796	428.313
620.053	351.805
623.876	202.906
626.414	373.531
635.679	136.569
637.805	184.801
631.393	480.758
636.972	302.064
651.739	318.429
656.894	81.2445
656.894	81.2445
652.62	455.16
658.212	402.9
671.706	170.969
675.323	303.826
675.23	423.037
684.764	290.528
687.465	297.804
689.673	10.7652
689.673	10.7652
690.257	143.526
685.102	449.249
693.919	167.061
698.413	137.988
699.047	154.766
699.661	315.498
732.498	59.6363
49.9195	446.704
52.4411	405.536
58.5061	206.608
58.8216	283.991
63.9028	274.893
68.7884	375.954
69.7493	450.549
78.7573	19.8567
75.309	165.866
75.3394	225.326
75.3394	225.326
91.9887	112.217
94.6379	121.533
100.55	275.262
104.814	256.96
106.393	182.466
106.363	302.18
112.644	321.054
122.937	92.5131
120.92	343.189
126.85	78.9663
124.741	445.525
132.536	351.271
136.107	448.437
143.578	130.306
152.931	146.849
159.33	251.151
160.544	177.372
160.078	219.92
161.354	318.398
162.265	301.431
163.745	459.445
164.701	397.881
166.034	370.539
171.025	462.55
189.919	212.896
196.895	163.674
201.235	285.099
208.32	43.0939
221.697	170.703
228.369	62.4543
228.778	287.409
233.001	34.2282
248.923	134.356
255.419	65.8048
253.563	187.59
272.479	285.521
275.168	426.702
279.979	300.906
286.552	140.611
287.161	451.218
287.161	451.218
297.203	68.1431
297.646	60.9675
300.349	394.484
309.535	15.8859
309.535	15.8859
305.7	405.07
319.479	277.393
330.184	361.245
429.267	232.86
429.267	232.86
445.448	55.8297
461.909	116.986
485.263	79.7387
482.862	400.995
493.262	32.0679
495.585	39.367
492.504	396.688
500.72	124.142
500.735	266.723
500.735	266.723
509.099	375.731
509.099	375.731
512.531	312.813
512.531	312.813
520.288	344.974
525.412	77.6116
526.994	65.9467
536.709	335.511
540.681	350.484
546.151	28.2373
546.151	28.2373
549.732	130.891
549.381	403.95
562.561	134.055
569.38	165.322
569.792	359.475
567.634	465.503
582.434	406.054
587.144	212.573
592.766	198.43
588.016	460.13
598.021	226.634
600.409	41.9725
604.876	7.69615
609.434	187.436
611.429	171.959
608.178	476.362
613.376	290.612
619.993	351.892
636.243	93.4906
636.828	301.965
643.335	105.149
643.335	105.149
645.251	258.065
651.598	318.382
654.748	60.3664
652.709	455.288
655.729	401.847
661.355	213.39
658.286	402.919
684.819	290.498
684.451	311.913
687.373	297.892
689.659	10.7343
689.659	10.7343
685.13	448.893
698.197	138.079
699.753	315.676
705.234	144.603
710.085	169.302
710.085	169.302
722.166	65.4387
732.311	59.5703
43.0275	271.018
49.894	446.688
52.5473	405.727
63.7256	274.828
68.6142	376.104
75.1807	95.5999
78.6691	19.8326
75.3443	225.392
75.3443	225.392
79.2741	359.219
94.7433	121.495
94.7433	121.495
100.699	275.377
103.506	447.194
104.798	256.992
106.366	182.44
106.419	302.206
115.834	62.8754
112.643	321.096
121.112	160.405
124.76	445.514
132.575	351.305
151.617	163.004
151.617	163.004
151.512	206.838
152.911	146.843
156.031	314.243
156.031	314.243
164.761	397.964
165.912	370.749
166.625	451.184
167.914	231.792
171.013	462.573
186.627	141.605
187.687	285.564
187.687	285.564
208.364	43.1195
221.927	170.53
223.219	129.448
228.332	62.4907
228.64	287.448
233.277	34.2843
248.81	134.11
255.504	65.7727
253.544	187.632
263.703	331.298
275.184	426.677
279.997	300.93
297.197	68.1263
292.831	403.12
298.536	42.3872
300.159	443.182
305.968	405.089
315.012	52.2859
319.423	277.374
325.678	48.2074
330.198	361.196
429.133	232.826
429.133	232.826
463.548	123.651
463.548	123.651
475.516	395.391
485.125	79.9435
482.86	401.004
493.137	31.7566
500.711	266.672
500.711	266.672
504.52	54.5521
504.392	310.949
509.099	375.745
509.099	375.745
512.5	312.78
520.343	345.051
525.432	77.6239
538.971	106.099
540.128	22.1775
546.394	28.0772
551.844	95.1072
549.389	403.93
552.945	325.052
560.401	126.559
558.631	359.218
569.366	165.31
569.807	359.468
567.613	465.191
585.669	182.476
582.36	406.016
587.158	212.57
588.02	460.209
600.486	42.0293
600.299	284.263
604.962	7.71638
604.95	248.838
611.454	171.991
606.182	453.578
619.956	117.553
617.915	428.374
620.086	351.803
635.767	136.69
636.237	93.4934
637.108	263.838
636.887	301.996
636.821	396.234
651.619	318.416
656.223	164.435
652.58	455.233
661.167	213.401
658.406	402.936
664.162	92.0241
676.161	165.517
675.128	303.835
677.261	311.409
675.207	422.947
684.742	290.572
687.405	297.868
689.752	150.292
689.628	10.7903
689.628	10.7903
712.546	154.728
723.026	65.5447
726.997	126.858
732.035	59.6321
42.7334	270.985
49.9619	446.695
52.7159	405.299
63.854	274.916
68.738	375.864
75.1897	95.5878
78.6678	19.8125
75.4392	165.779
75.3914	225.319
75.3914	225.319
92.2832	45.985
91.9341	112.251
94.7478	121.517
100.717	275.369
104.865	256.892
106.449	182.435
106.429	302.184
122.926	92.5019
120.923	343.252
124.759	445.528
132.559	351.328
136.086	448.433
138.749	293.777
143.624	130.262
152.956	146.812
156.008	314.324
158.465	462.6
162.269	301.356
164.768	397.914
167.381	219.876
172.907	166.114
182.883	156.598
184.095	200.439
187.67	285.565
188.107	472.066
201.048	285.061
208.396	43.0385
222.21	170.335
228.366	62.5184
227.945	147.012
228.324	287.437
233.207	34.2978
234.261	87.6781
253.53	187.631
262.857	457.204
275.161	426.738
278.957	288.921
281.205	142.087
287.337	451.357
287.337	451.357
297.179	68.0834
297.557	60.88
303.455	32.1563
305.961	405.079
314.848	399.463
319.445	277.37
325.482	48.2729
330.247	361.279
429.223	232.926
429.223	232.926
445.426	55.6319
466.027	133.115
475.494	395.398
485.264	79.8812
482.864	401.029
495.605	39.4656
500.686	124.148
500.788	266.942
500.788	266.942
504.34	310.912
509.141	375.67
509.141	375.67
518.498	152.002
517.938	368.56
520.337	344.932
527.071	65.9162
531.259	98.7008
544.368	331.813
549.702	16.6994
549.49	403.921
555.215	118.575
558.625	359.227
562.609	134.129
567.68	465.301
582.481	406.141
587.162	212.558
589.858	210.123
592.764	198.383
594.003	20.8808
587.938	460.054
596.008	163.507
600.416	41.9734
605.049	7.70874
606.242	453.712
615.278	128.118
613.37	290.582
617.149	161.305
616.843	212.679
617.855	428.289
620.227	351.801
633.122	100.355
635.38	212.656
636.881	301.988
645.323	258.036
647.097	73.7853
651.586	318.435
655.809	143.705
652.688	455.288
658.245	402.943
663.396	154.402
675.242	422.932
684.774	290.522
687.359	297.908
689.784	150.318
689.65	10.7508
689.65	10.7508
685.151	449.331
693.893	167.092
699.793	315.701
699.793	315.701
710.362	117.798
722.251	59.0943
729.391	154.663
732.029	59.6052
43.0791	271.114
50.0112	446.666
52.5568	405.471
58.4278	206.741
63.8567	274.925
68.7405	376.215
75.1047	95.6469
78.7065	19.8692
75.3732	225.303
75.3732	225.303
94.5722	121.567
94.5722	121.567
103.497	447.166
104.81	257.009
106.338	182.48
106.411	302.202
121.088	160.397
122.945	92.4932
120.963	343.201
128.237	282.955
132.557	351.282
136.099	448.443
138.748	293.727
143.622	130.282
145.901	453.24
151.54	206.796
152.914	146.808
156.032	314.329
158.498	462.589
162.292	301.313
164.727	397.871
166.114	370.485
167.41	219.781
172.936	166.101
182.891	156.607
187.673	285.665
201.148	285.048
208.329	43.1601
221.864	170.585
223.371	129.449
228.369	62.5244
227.933	147.073
228.293	287.492
233.116	34.2819
236.404	65.6927
253.574	187.613
257.673	243.589
272.486	285.533
275.193	426.734
284.483	427.894
287.667	451.383
287.667	451.383
297.29	68.1987
298.561	42.4042
305.784	405.075
315.071	52.3224
314.864	399.447
319.466	277.378
325.388	48.2437
330.228	361.208
413.616	65.0729
413.616	65.0729
429.138	232.971
429.138	232.971
450.65	75.9939
475.504	395.408
485.136	79.8972
482.912	401.012
493.253	32.0304
499.593	104.909
500.731	124.045
500.699	266.561
500.699	266.561
509.14	375.703
509.14	375.703
512.489	312.772
512.489	312.772
518.514	151.895
517.945	368.577
525.469	77.6463
536.75	335.509
536.75	335.509
543.615	95.1143
546.377	28.1222
550.611	145.46
549.357	403.913
566.97	145.8
569.84	359.455
567.647	465.36
573.016	397.317
587.136	212.564
593.976	20.8778
587.921	460.095
596.004	163.485
596.004	163.485
600.518	42.0515
605.005	7.75591
609.43	187.405
613.37	290.571
616.962	212.629
617.827	428.292
620.045	351.824
635.736	136.673
636.287	93.4939
636.888	302.013
631.927	481.211
643.324	105.191
644.977	165.704
642.909	322.738
645.377	258.002
654.816	60.358
652.653	455.28
661.145	213.411
658.35	402.971
677.458	311.451
675.318	423.002
684.971	117.489
684.971	117.489
685.362	185.657
684.761	290.543
687.425	297.858
689.708	10.7698
689.708	10.7698
685.147	448.965
699.663	315.45
704.502	165.525
723.182	65.7006
732.117	59.6444
