42.9775	271.131
50.0001	446.687
52.4076	405.482
58.474	206.756
63.8078	274.885
74.084	40.5719
68.6895	376.004
69.7681	450.477
72.1546	302.853
78.5414	19.6532
75.4486	165.788
83.9434	130.216
92.3175	46.0093
105.11	69.0798
106.349	302.144
116.971	270.233
121.063	160.45
121.077	342.953
121.077	342.953
121.675	454.177
126.866	79.072
128.246	282.987
132.789	226.651
132.365	457.877
143.68	130.256
144.831	216.66
151.518	206.776
155.662	135.393
156.077	314.202
156.077	314.202
160.754	177.065
161.516	466.464
165.655	398.254
172.965	166.233
185.833	427.982
186.101	449.607
189.962	212.818
192.898	282.375
201.356	285.121
208.556	43.1189
223.157	129.575
233.051	34.2544
236.326	65.6546
248.896	134.122
255.497	65.8931
254.238	409.596
258.644	122.066
266.063	160.343
272.235	243.97
275.051	426.43
279.067	288.849
280.06	300.909
281.042	367.685
287.124	451.227
290.882	190.563
289.284	385.465
298.547	42.4597
303.476	32.2611
302.948	57.95
305.801	405.081
306.483	381.259
306.483	381.259
314.861	399.375
319.578	277.328
434.168	238.339
434.168	238.339
445.459	55.7496
445.459	55.7496
485.19	80.0322
482.566	400.913
492.002	396.604
497.309	395.145
500.69	266.572
500.69	266.572
503.375	137.408
504.331	311.051
508.877	375.445
514.258	121.826
518.514	152.067
522.045	82.8519
527.932	341.807
533.419	93.1585
536.309	335.08
536.309	335.08
546.08	28.2114
549.222	403.734
554.862	83.8862
559.879	146.704
562.64	134.222
558.93	358.266
571.08	410.249
575.13	370.767
580.737	193.22
587.175	212.472
586.545	264.225
587.693	459.486
587.693	459.486
600.266	41.8655
604.725	223.43
605.864	181.219
608.173	245.263
612.924	134.165
608.066	476.313
619.366	173.622
619.669	351.697
617.795	428.153
633.151	100.417
636.913	396.261
640.497	314.486
647.295	73.9226
645.456	257.889
645.456	257.889
643.39	431.551
652.55	455.064
661.046	213.367
664.127	126.436
671.843	170.969
677.43	311.484
684.629	290.597
687.189	297.968
685.094	449.072
699.034	154.859
699.68	315.551
699.68	315.551
705.244	144.611
725.171	166.487
731.194	87.1381
738.526	144.259
42.6855	271.027
49.8592	446.655
52.4378	405.538
59.0818	148.898
58.7954	283.98
74.0604	40.5893
68.7675	376.32
69.7429	450.466
72.0335	302.801
78.5408	19.5944
79.1501	359.358
83.8604	130.214
92.3245	45.9967
99.8803	459.789
105.125	69.1136
104.83	256.948
104.83	256.948
112.37	90.8738
113.241	440.956
121.016	343.033
123.757	295.155
131.44	163.281
131.44	163.281
132.775	226.63
143.705	130.23
144.828	216.685
147.792	303.756
150.785	194.282
150.785	194.282
152.814	147.001
155.722	135.471
161.52	466.485
162.364	301.261
165.709	398.223
165.819	370.931
172.952	166.148
185.79	427.985
186.136	449.614
201.277	285.134
208.69	42.9187
223.435	129.556
233.038	34.1735
235.807	470.619
243.223	71.5645
254.161	409.292
266.096	160.407
262.907	457.124
270.695	151.518
272.226	244.027
277.619	102.066
279.02	288.84
280.031	300.879
280.031	300.879
281.052	367.962
286.7	141.126
289.38	385.463
289.831	400.149
297.285	68.1955
298.506	42.3813
302.969	57.8886
303.529	32.2266
300.347	394.504
305.828	405.084
306.486	381.267
306.486	381.267
319.541	277.321
434.043	238.068
434.043	238.068
445.428	55.7239
445.428	55.7239
463.647	123.823
482.57	400.941
493.191	31.9692
491.848	396.634
497.303	395.148
500.744	266.716
500.744	266.716
503.369	137.389
504.586	54.6959
520.222	344.771
525.45	77.6902
527.936	341.811
533.412	93.1405
535.735	48.5802
536.285	335.073
541.473	110.099
546.071	28.1591
550.67	145.405
551.785	95.0803
549.388	403.717
558.931	358.323
571.146	330.13
571.299	410.543
575.11	370.783
586.543	264.223
587.622	459.348
587.622	459.348
597.957	226.562
601.364	154.365
604.742	223.429
605.87	181.213
608.205	245.266
616.841	212.559
625.306	112.86
630.039	430.236
634.821	320.27
630.979	480.225
636.859	301.956
639.83	85.4759
641.438	133.087
636.949	396.249
647.084	73.8769
643.356	431.584
659.099	198.964
659.099	198.964
652.628	455.084
666.696	251.819
666.696	251.819
684.913	290.436
687.277	297.908
685.191	448.983
696.104	104.033
699.695	315.575
706.511	302.272
719.417	143.508
722.152	65.4758
723.73	149.823
724.46	166.423
724.46	166.423
42.9858	271.057
49.9285	446.675
52.5001	405.427
63.7771	274.888
68.7694	376.078
69.9286	450.482
78.5664	19.6506
75.4098	225.323
75.4098	225.323
83.7959	130.141
92.3624	46.0414
90.7071	242.069
90.7071	242.069
99.7904	459.763
105.075	69.1143
106.323	302.183
121.073	144.178
121.033	160.463
121.025	342.998
121.025	342.998
126.863	79.1209
123.803	295.168
143.704	130.268
143.896	460.431
150.083	240.519
151.518	206.805
152.851	146.985
155.728	135.455
156.057	314.282
162.144	301.598
165.649	398.256
172.969	166.213
172.791	470.399
174.302	467.092
185.963	428.017
192.874	282.429
201.306	285.111
208.596	42.9647
223.38	129.508
233.056	34.2908
228.631	287.407
248.82	134.161
254.169	409.296
266.099	160.423
270.66	151.408
270.389	447.004
275.107	426.511
278.989	288.844
280.078	300.866
286.674	140.899
292.447	54.7696
292.447	54.7696
287.241	451.199
289.326	385.49
298.532	42.3679
302.962	57.9637
303.538	32.2157
299.854	442.715
305.853	405.096
306.473	381.258
306.473	381.258
314.846	399.503
319.624	277.352
434.104	238.078
434.104	238.078
445.447	55.7945
445.447	55.7945
466.063	133.027
466.063	133.027
482.545	400.848
493.221	32.0663
491.973	396.598
497.224	395.174
500.724	266.664
500.724	266.664
504.608	54.6977
504.354	310.97
518.519	152.084
522.049	82.8962
520.289	344.977
533.44	93.1654
535.292	345.583
546.233	28.1815
551.775	95.1435
549.033	403.605
560.432	126.77
558.93	358.315
561.423	393.079
566.947	145.76
571.091	330.142
567.726	465.479
585.322	13.1469
581.917	405.247
587.159	212.511
586.537	264.185
592.68	198.367
587.58	459.295
597.987	226.598
605.908	181.239
608.191	245.263
609.442	187.465
612.889	237.803
619.832	351.681
617.655	428.034
633.211	100.432
630.007	430.232
636.961	302.035
633.326	471.748
641.452	133.05
636.931	396.303
654.856	60.399
652.506	455.027
664.106	126.473
665.53	181.205
666.777	251.707
666.777	251.707
675.058	303.895
684.758	117.577
684.775	290.498
687.279	297.915
685.198	449.07
696.66	104.058
699.001	154.837
699.672	315.497
699.672	315.497
702.764	186.318
717.142	111.446
731.126	87.1432
42.9455	271.078
49.8592	446.646
52.4591	405.621
58.924	283.973
73.915	40.7222
68.5203	375.94
69.7026	450.476
74.3714	79.1582
75.2225	95.6064
72.1125	302.777
78.5226	19.6344
75.3653	165.816
76.4925	144.856
83.9687	130.264
92.353	46.0261
90.6942	242.137
105.087	69.1144
112.502	90.7946
116.378	448.762
117.004	270.218
121.012	342.998
121.012	342.998
123.744	295.161
132.667	226.824
132.461	457.777
144.72	216.612
151.53	206.872
152.89	146.951
155.705	135.493
156.108	314.233
156.108	314.233
161.559	466.415
165.775	398.359
166.705	451.13
173.016	166.265
185.867	427.985
190.011	212.773
192.885	282.47
201.403	285.133
208.559	43.1181
223.345	129.481
228.375	62.5014
227.969	147.144
233.018	34.2088
240.992	98.9769
254.181	409.195
258.378	122.147
266.089	160.355
262.992	457.082
278.99	288.871
287.448	451.281
289.436	385.479
289.845	400.079
297.247	68.1698
298.557	42.4398
303.34	32.1648
302.964	57.9236
300.311	394.503
305.778	405.093
306.493	381.255
306.493	381.255
319.579	277.328
434.091	238.31
434.091	238.31
445.446	55.7158
445.446	55.7158
482.585	400.89
493.04	31.712
491.988	396.603
497.236	395.168
500.746	266.761
500.746	266.761
503.234	137.369
503.234	137.369
504.588	54.787
518.56	152.17
522.122	82.8468
520.265	344.904
525.596	150.027
533.421	93.1861
536.304	335.067
536.304	335.067
536.751	406.526
550.694	145.483
551.788	95.1753
549.159	403.7
558.925	358.335
566.994	145.786
567.627	465.259
575.085	370.809
586.539	264.19
592.757	198.348
594.936	21.3956
594.936	21.3956
587.734	459.536
597.992	226.596
604.687	248.682
605.784	181.184
612.987	134.22
615.41	128.354
613.414	290.481
616.843	212.547
618.496	201.005
619.816	351.68
617.535	427.979
634.907	293.187
639.873	85.4513
636.808	396.212
647.29	74.0057
647.179	155.841
643.221	431.51
652.465	454.982
676.432	165.565
677.386	311.466
677.386	311.466
684.689	290.549
689.524	10.7928
689.524	10.7928
687.266	297.913
689.736	150.296
685.262	449.053
696.515	103.931
698.901	154.858
699.637	315.486
699.637	315.486
704.65	165.574
719.276	143.467
722.9	65.4661
42.7153	270.991
52.6814	438.035
52.5164	405.433
58.4655	206.757
58.7958	283.998
73.9473	40.6567
68.6118	375.906
69.6313	450.444
71.8783	302.779
78.5731	19.6301
75.5719	165.576
76.5463	144.803
79.2831	359.188
83.7678	130.126
92.2625	45.9547
105.124	69.11
104.833	256.955
104.833	256.955
113.248	440.996
121.148	342.852
126.801	79.0902
123.811	295.188
132.636	226.909
143.647	130.295
144.703	216.635
143.791	460.49
150.586	194.728
152.862	146.958
155.722	135.462
156.109	314.134
156.109	314.134
159.737	207.026
161.59	466.402
165.624	398.227
166.014	370.682
166.721	451.115
172.994	166.149
185.9	428.039
201.333	285.129
208.651	42.9352
209.728	143.064
228.357	62.4821
232.872	34.2117
236.335	65.621
244.226	471.998
248.754	134.049
254.221	409.348
266.113	160.411
262.939	457.117
270.682	151.418
277.875	102.166
275.1	426.486
280.044	300.89
289.313	385.485
298.533	42.4152
302.986	57.9387
303.527	32.2695
305.76	405.075
306.478	381.249
306.478	381.249
314.848	399.447
319.438	277.337
434.012	238.252
434.012	238.252
445.468	55.8146
445.468	55.8146
482.574	400.951
493.249	32.0111
495.517	39.2017
496.484	133.557
491.908	396.608
497.302	395.146
500.754	266.783
500.754	266.783
511.302	148.636
518.527	152.015
522.09	82.8408
518.339	367.842
525.433	77.6687
525.593	150.088
536.28	335.047
541.36	110.145
545.388	91.2575
550.721	145.477
551.778	95.1178
549.221	403.762
558.921	358.351
571.157	330.142
575.083	370.786
581.834	405.146
586.537	264.205
592.803	198.387
594.888	21.3979
594.888	21.3979
587.699	459.443
587.699	459.443
601.396	154.4
604.74	223.434
606.554	232.034
612.834	134.044
616.931	212.549
618.512	194.448
618.616	200.977
619.928	124.574
619.941	351.682
617.664	428.065
633.276	100.436
636.84	301.94
636.875	396.246
647.231	73.9286
652.628	455.112
655.755	401.578
661.783	168.775
666.686	251.716
666.686	251.716
675.428	303.794
684.767	290.473
687.369	297.86
689.911	150.342
685.409	449.016
698.853	154.876
699.593	315.45
699.593	315.45
703.872	198.625
719.163	143.52
731.288	87.1927
