49.9768	446.72
52.6357	405.304
58.7637	283.997
63.8572	274.866
68.6665	376.009
69.9195	450.372
78.8878	20.0208
76.4237	144.892
75.4002	225.362
92.2314	45.9879
91.9604	112.261
91.3304	165.099
103.498	447.176
104.805	256.997
115.556	62.4497
120.953	343.204
120.953	343.204
123.619	295.1
126.985	79.0299
126.135	331.475
128.225	283.009
132.067	177.123
133.014	226.234
136.151	448.322
145.655	116.86
146.373	233.669
152.923	146.908
159.2	251.275
160.149	219.952
164.72	310.239
171.051	462.477
173.005	166
174.326	467.15
196.887	163.615
201.395	285.07
201.196	336.554
208.539	43.0533
208.539	43.0533
222.121	170.438
228.391	62.4735
228.127	287.43
233.153	34.2638
236.331	65.6997
253.59	187.582
257.584	243.7
270.462	457.672
275.144	426.675
279.087	288.746
280.057	300.888
280.939	425.414
280.985	472.321
286.815	141.041
287.015	368.565
287.548	451.252
292.835	403.056
297.579	60.8859
303.49	32.2447
303.135	57.464
305.964	405.061
319.482	277.343
324.838	48.3762
427.898	233.073
427.898	233.073
438.792	31.1358
438.792	31.1358
459.06	106.928
459.06	106.928
471.001	47.5486
477.674	61.8111
475.608	395.377
485.166	80.0613
491.994	396.848
500.71	266.735
512.557	312.777
512.557	312.777
520.406	345.055
525.405	77.6031
528.108	342.421
538.993	106.097
544.686	22.0033
545.515	91.0586
549.385	403.838
557.68	162.154
558.971	358.313
567.005	145.8
567.541	465.31
571.257	410.567
575.535	385.113
585.644	13.1892
587.14	164.063
586.537	264.206
587.19	212.696
589.934	210.36
587.999	460.122
600.293	41.9114
604.186	7.38624
604.79	223.315
607.969	162.029
606.175	453.646
617.824	428.407
620.261	351.878
624.118	202.824
625.655	316.313
629.937	147.264
629.937	147.264
626.913	373.046
636.328	93.525
636.99	302.052
652.62	455.186
659.115	198.898
663.876	91.834
666.699	251.711
666.699	251.711
675.098	303.904
677.095	311.493
675.309	423.016
684.95	290.378
689.833	150.317
689.63	10.6939
685.108	449.23
694.796	258.749
704.074	198.5
705.512	144.475
710.244	169.213
722.423	65.4727
732.331	59.6371
42.6347	271.004
49.8217	446.76
52.6348	404.957
63.7243	274.844
68.4571	376.081
69.6905	450.359
78.8256	20.0463
75.5101	165.626
76.4565	144.826
75.3919	225.264
75.3919	225.264
92.1773	45.9927
92.0567	112.128
91.2769	165.081
104.799	257.023
115.632	62.5374
116.355	448.814
120.925	343.205
120.925	343.205
123.67	295.091
126.288	331.604
128.232	282.994
137.304	99.7803
139.221	455.854
145.591	116.82
151.757	162.758
152.965	146.921
155.923	314.448
157.964	296.812
159.18	251.317
159.957	206.471
159.957	206.471
165.862	370.877
171.027	462.555
177.083	188.857
178.923	464.172
201.28	285.07
208.626	42.9205
208.626	42.9205
222.311	170.303
228.437	62.5162
227.9	147.059
228.347	287.43
233.011	34.2559
236.25	65.5613
244.304	471.947
248.75	134.36
253.592	187.558
257.488	243.709
279.04	288.782
280.071	300.907
286.999	368.572
287.761	451.303
288.706	385.527
289.906	400.082
289.836	442.017
297.604	60.9217
303.52	32.1905
303.15	57.482
304.516	176.863
305.777	405.066
319.516	277.329
427.899	233.131
427.899	233.131
461.721	116.383
470.964	47.5058
477.572	61.7005
482.907	400.909
493.188	32.0301
492.043	396.866
496.52	133.688
500.715	266.737
504.516	54.5722
504.44	311.045
512.591	313.019
520.369	345.117
525.44	77.5961
528.534	84.1555
528.115	342.358
544.675	22.0504
546.477	27.9514
549.45	403.988
559.879	146.632
559.879	146.632
558.98	358.287
569.851	359.439
567.601	465.191
571.128	410.347
585.621	182.468
587.136	164.06
586.528	264.251
587.185	212.655
589.989	210.5
587.969	460.144
597.932	226.532
600.35	41.9381
604.056	7.36534
604.744	223.326
617.826	428.388
620.439	351.849
625.64	316.291
636.297	93.5196
636.981	302.035
640.138	463.741
643.42	431.946
654.693	60.3221
652.462	455.198
659.07	198.891
659.07	198.891
663.748	127.389
663.748	127.389
666.727	251.784
666.727	251.784
675.455	303.771
675.121	422.969
684.822	290.49
689.754	150.348
689.7	10.7239
685.268	449.231
694.054	166.966
694.817	258.739
703.527	186.271
705.49	144.47
706.478	302.41
731.726	59.5856
49.8879	446.725
58.6639	149.513
58.8776	284.013
63.9163	274.917
68.9419	376.154
75.4057	225.297
75.4057	225.297
79.1507	359.24
92.1891	45.9556
91.9374	112.246
91.3651	165.029
104.792	256.986
106.306	302.172
115.566	62.4027
121.464	110.16
126.258	331.608
128.212	283.044
132.033	177.146
132.49	351.405
137.209	99.685
136.122	448.454
139.185	455.893
145.641	116.802
146.254	294.345
149.669	459.146
151.016	193.838
153.013	146.875
159.252	251.223
160.121	219.881
161.382	162.528
164.773	310.152
167.953	231.737
168.28	419.745
174.291	467.128
201.27	285.079
208.584	42.9457
208.584	42.9457
221.98	170.555
227.807	146.989
228.187	287.447
232.971	34.1604
248.761	134.101
252.048	61.6081
253.622	187.587
255.547	65.7764
263.65	331.297
270.18	457.589
275.097	426.431
279.118	288.733
280.943	425.438
286.998	368.571
287.117	451.221
288.692	385.535
289.807	442.052
297.605	60.8982
303.097	57.4442
303.509	32.3473
305.734	405.076
314.877	399.408
319.509	277.382
324.765	48.182
427.993	233.262
427.993	233.262
438.856	31.4607
438.856	31.4607
459.054	106.844
470.917	47.3107
477.477	61.4971
475.654	395.349
485.144	80.0151
482.875	400.969
500.7	124.242
512.531	312.782
512.531	312.782
520.393	344.998
528.1	342.359
544.67	21.9996
546.478	28.0002
551.869	95.0495
549.51	403.876
554.942	83.8286
559.93	146.662
558.977	358.355
566.983	145.745
569.9	359.406
567.631	465.283
571.268	410.474
587.085	212.602
591.865	166.863
592.64	198.281
587.889	459.928
600.281	41.8823
603.549	195.881
604.184	7.41872
604.761	223.34
608.127	476.355
618.803	200.877
619.862	117.495
620.264	351.858
625.622	316.262
630.297	430.413
635.698	136.63
636.266	93.4875
636.855	301.976
651.345	194.648
656.866	81.2665
652.584	455.261
658.289	402.932
666.709	251.808
666.709	251.808
674.965	303.96
677.149	311.47
675.292	423.003
684.955	290.402
690.048	143.554
689.642	10.6891
694.738	258.708
703.012	186.295
704.293	198.419
705.774	144.47
731.829	59.6042
49.9775	446.688
58.6934	283.983
63.6887	274.793
68.7007	376.101
78.8653	19.997
75.4365	165.697
76.4248	144.893
75.3492	225.339
75.3492	225.339
92.1845	45.9503
104.758	257.026
115.617	62.5612
116.372	448.799
121.139	144.111
120.986	343.145
120.986	343.145
123.735	295.112
128.216	282.991
132.024	177.173
137.298	99.7747
136.138	448.424
137.172	307.732
145.63	116.805
151.499	206.752
152.957	146.927
153.907	463.388
153.907	463.388
156.02	314.374
164.719	310.234
172.99	166.037
189.998	212.768
196.775	151.88
201.302	285.044
208.749	42.8048
208.749	42.8048
209.123	245.503
221.964	170.507
228.49	62.4623
228.419	287.377
233.085	34.2723
236.258	65.634
248.997	134.308
253.592	187.589
278.922	288.959
278.375	457.617
280.083	300.936
280.948	425.428
286.994	451.235
286.994	451.235
297.585	60.8917
303.103	57.4772
303.531	32.3317
305.74	405.04
306.502	381.255
306.502	381.255
314.869	399.449
319.438	277.329
403.412	24.0074
427.999	233.276
427.999	233.276
461.721	116.503
470.908	47.4819
477.503	61.7083
475.604	395.389
493.106	31.8654
492.125	396.811
500.642	124.146
504.573	54.7069
504.533	311.066
528.553	84.1822
528.08	342.402
544.666	22.046
545.517	91.0886
546.394	27.9561
549.454	403.882
559.857	146.582
559.857	146.582
567.688	465.454
571.029	330.257
575.055	370.905
580.825	193.232
582.373	405.959
587.159	164.16
587.229	212.573
584.962	375.912
587.911	459.943
600.367	41.9478
604.361	7.43662
604.734	223.327
607.969	162.002
606.181	453.597
612.825	133.975
620.407	351.845
625.125	112.686
625.61	316.258
634.89	293.185
637.013	302.047
643.687	209.774
654.592	60.3514
656.815	81.2543
652.537	455.185
659.126	198.852
656.533	402.272
658.052	402.881
666.714	251.811
675.099	303.907
675.304	422.978
684.865	290.45
689.659	10.7386
685.321	449.233
693.898	167.071
694.792	258.739
704.064	198.445
705.813	144.482
706.41	302.301
710.294	117.735
49.8728	446.739
58.9956	284.005
63.9309	274.94
68.9425	375.891
69.6485	450.409
78.7524	19.8951
75.5435	165.529
75.3765	225.306
75.3765	225.306
92.3218	46.0137
91.8405	112.354
100.936	275.556
103.514	447.175
106.412	182.41
106.277	302.131
112.662	321.071
121.352	110.164
122.934	92.489
120.953	343.169
126.829	78.9936
124.751	445.531
128.272	282.871
132.449	351.52
143.628	130.267
152.91	146.866
155.903	314.514
155.903	314.514
159.109	251.425
161.72	452.387
163.745	459.532
166.25	209.168
165.887	370.737
168.226	419.829
183.047	156.617
185.884	428.065
208.538	42.9426
206.858	241.993
207.482	276.51
212.315	162.163
222.324	170.298
228.242	62.3777
228.095	147.205
228.095	147.205
234.486	87.7917
244.305	471.966
253.601	187.597
278.985	288.886
289.77	400.069
289.416	472.87
297.328	68.2554
297.544	60.8711
298.462	42.4226
314.852	399.443
319.565	277.44
325.476	48.2713
330.227	361.112
428.131	233.639
450.664	75.9437
461.707	116.488
471.225	47.6258
475.567	395.432
485.389	80.057
482.949	401.016
493.296	32.2811
491.108	396.95
497.935	395.291
500.782	266.884
500.782	266.884
503.396	137.377
512.564	313.034
512.564	313.034
522.191	73.5301
522.191	73.5301
528.069	342.465
541.629	110.083
546.205	28.1389
550.004	130.766
558.571	359.293
561.97	330.156
569.739	359.504
567.628	465.445
571.441	410.709
580.826	193.117
585.511	13.1959
582.403	405.968
592.667	198.29
588.097	460.259
597.971	226.597
600.388	42.0064
596.594	362.059
605.093	7.71278
604.872	248.776
619.334	173.588
617.873	428.434
633.815	142.386
633.815	142.386
634.727	320.439
637.122	263.788
636.94	396.268
644.339	314.995
654.893	60.4029
656.802	81.4008
652.468	454.999
655.849	401.954
661.388	170.337
666.729	251.817
675.487	303.809
679.431	130.189
684.858	290.482
689.486	10.9211
687.439	297.82
685.016	448.992
693.812	167.11
703.075	186.367
697.083	449.081
722.152	65.5392
727.008	126.809
732.578	59.6431
