49.8305	446.716
58.7077	283.937
63.8842	274.894
68.8945	375.88
75.2273	95.4871
78.7488	19.8944
75.3359	225.347
75.3359	225.347
92.1451	112.144
90.6212	242.153
106.398	302.249
121.093	160.429
121.093	160.429
122.879	92.5316
120.912	343.279
120.912	343.279
124.748	445.524
128.224	283.007
133.554	439.027
137.305	99.7853
137.306	307.872
143.58	130.27
147.811	303.763
151.482	206.861
152.905	146.909
160.119	219.945
163.748	459.55
164.715	310.256
166.064	370.665
169.144	455.836
172.964	166.129
201.485	285.126
208.426	43.0797
209.039	245.569
212.367	162.137
222.284	170.321
223.625	129.555
228.135	147.288
236.204	65.6564
248.701	134.038
260.18	74.7009
275.124	426.577
278.949	288.915
280.058	300.915
287.456	451.22
289.866	400.058
289.866	441.993
297.273	68.1955
297.579	60.89
298.492	42.427
314.852	399.51
319.466	277.37
325.339	48.2729
327.587	347.281
330.156	361.288
428.383	234.18
428.383	234.18
450.732	76.1018
450.732	76.1018
471.231	47.7129
483.011	401.017
493.315	32.2772
492.124	396.797
497.899	395.304
500.706	266.644
500.706	266.644
503.44	137.373
503.44	137.373
505.188	352.66
512.567	313.026
512.567	313.026
515.611	370.456
515.611	370.456
525.429	77.6031
533.385	93.1784
541.575	110.105
546.312	27.9967
549.94	130.74
561.941	330.209
571.026	330.227
567.703	465.46
571.35	410.511
585.468	13.2121
585.697	182.539
582.392	405.974
587.309	212.416
592.621	198.268
588.016	460.2
597.956	226.575
600.316	41.9572
596.525	362.172
601.388	154.418
604.964	7.74169
618.451	201.046
622.899	261.938
636.214	93.4395
636.961	302.06
636.895	396.282
643.964	292.343
644.517	314.908
647.157	155.873
654.916	60.4256
655.709	143.734
652.439	454.961
656.02	401.98
672.559	125.825
675.8	165.48
677.75	311.416
675.409	423.074
684.955	185.729
684.777	290.501
687.371	297.868
689.604	10.8725
690.256	143.537
685.139	448.987
722.32	65.3507
731.503	131.829
731.805	59.5538
49.8833	446.743
52.6539	405.287
58.9999	148.861
58.8102	283.988
63.8943	274.911
68.7798	376.081
78.6868	19.8562
75.4001	165.791
75.3555	225.334
75.3555	225.334
89.7014	135.056
91.9982	112.265
90.6153	242.234
100.974	275.584
103.499	447.214
106.357	302.17
112.643	321.061
122.915	92.4807
120.972	343.145
126.832	78.9497
124.761	445.524
131.439	163.331
132.514	351.382
143.582	130.267
151.77	162.786
152.86	146.917
160.707	177.1
160.11	220.028
162.371	301.272
163.749	459.498
164.745	310.328
166.341	209.028
165.181	397.945
165.828	370.832
166.629	451.273
201.443	285.163
208.373	42.9861
207.448	276.489
228.085	147.213
228.085	147.213
233.205	34.3025
236.346	65.7019
253.566	187.608
272.224	91.4699
275.062	426.778
279.014	288.855
280.056	300.917
289.9	400.023
289.419	472.852
297.283	68.1536
297.523	60.8601
303.5	32.2375
307.551	416.75
319.502	277.396
325.331	48.3577
327.517	347.529
428.549	234.168
428.549	234.168
471.299	47.9509
477.791	62.0652
485.409	80.0417
483.016	400.943
493.278	32.2543
492.502	396.726
497.819	395.316
500.721	266.739
500.721	266.739
503.59	137.363
503.59	137.363
504.49	310.922
505.156	352.627
518.538	152.052
525.438	77.6295
541.616	110.078
546.344	28.0615
549.405	90.0958
550.64	145.23
549.363	403.815
561.9	330.195
571.116	330.296
567.688	465.582
585.68	13.1904
582.364	405.876
583.933	362.499
587.034	212.513
584.981	375.854
591.994	166.951
588.072	460.245
600.441	42.01
600.441	42.01
596.57	362.109
601.342	154.369
604.97	248.863
606.164	453.59
615.442	128.274
613.386	290.555
618.516	201.047
620.241	351.827
635.703	136.598
630.1	430.632
634.682	320.457
645.505	257.875
651.683	318.451
654.871	60.353
656.792	81.3037
652.501	455.012
655.82	401.922
663.198	154.425
676.25	165.53
675.196	303.865
675.384	423.076
684.85	290.47
689.561	10.8182
687.495	297.792
690.299	143.54
685.057	449.022
699.73	315.728
702.907	186.367
696.919	449.032
717.214	111.334
722.505	65.5228
49.959	446.668
61.6037	261.254
63.7142	142.704
63.9932	274.925
68.8638	375.776
75.2024	95.5354
78.7638	19.8742
75.4038	165.777
75.361	225.298
75.361	225.298
92.3329	45.9554
91.9044	112.28
100.599	275.308
106.329	302.159
108.448	336.01
122.937	92.4845
120.935	343.24
124.771	445.512
126.203	331.612
128.225	283.016
131.389	163.319
137.294	99.8408
136.087	448.451
143.689	130.237
152.874	146.922
156.014	456.094
158.047	296.58
159.124	251.369
162.296	301.357
163.764	459.531
166.357	208.958
166.044	370.618
168.266	419.707
185.892	428.046
189.955	212.78
199.27	169.885
201.408	285.112
208.283	43.0737
212.278	162.184
222.128	170.39
223.146	129.451
228.351	62.3975
228.145	147.312
233.007	34.2079
228.58	287.434
236.326	65.6802
263.335	457.074
277.413	101.909
275.163	426.52
278.885	288.936
280.043	300.917
287.537	451.286
288.901	385.468
289.983	400.007
289.402	472.88
297.608	60.9304
292.783	403.156
303.314	32.1658
303.108	57.407
319.538	277.393
325.325	48.246
327.56	347.236
428.51	234.299
428.51	234.299
463.65	123.96
471.233	47.8495
477.758	62.0491
485.333	80.0237
482.977	401.116
492.258	396.771
497.882	395.311
500.654	266.469
500.654	266.469
503.536	137.366
504.395	310.684
505.127	352.672
512.557	313.036
522.025	82.8728
525.441	77.623
528.105	342.456
546.338	28.0785
549.925	130.772
550.594	145.315
558.563	359.303
562.871	168.313
561.899	330.179
567.683	465.418
571.475	410.659
585.773	13.1861
582.401	406.053
587.251	212.44
584.938	375.889
587.982	460.111
596.008	163.483
597.956	226.597
600.315	41.9697
600.315	41.9697
596.629	362.087
601.366	154.415
619.559	124.259
617.819	428.463
620.196	351.841
622.837	262.058
625.282	112.851
636.285	93.5146
634.768	320.417
636.984	263.877
640.268	463.509
651.602	318.451
654.71	60.3083
652.515	455.022
655.839	401.904
661.339	213.39
672.119	171.006
675.337	303.831
675.337	423.053
685.047	185.687
684.948	290.415
687.316	297.924
689.596	10.8263
690.323	143.535
685.064	449.037
698.914	154.844
696.899	449.129
717.174	111.289
49.8837	446.686
52.5909	405.368
58.8234	149.226
58.846	283.953
63.8353	274.862
68.8347	375.954
75.2956	225.366
75.2956	225.366
92.3101	45.9487
92.1395	112.092
90.4509	286.993
101.01	275.631
103.497	447.206
106.436	302.211
115.796	62.8009
112.658	321.047
121.489	110.02
122.878	92.5243
120.958	343.186
120.958	343.186
124.772	445.517
131.428	163.334
131.428	163.334
143.605	130.267
147.841	303.665
152.924	146.874
155.964	314.393
159.144	251.35
166.353	208.96
166.027	370.578
166.548	451.392
169.129	455.888
183.136	156.678
189.948	212.814
199.16	169.502
208.481	42.9617
223.031	129.433
222.312	170.285
228.379	62.462
228.101	147.309
233.033	34.2297
234.41	87.7226
258.48	121.979
263.699	331.319
263.22	409.908
263.313	457.091
275.139	426.657
278.997	288.831
280.023	300.899
287.463	451.176
289.855	400.022
289.818	442.064
297.269	68.1225
297.572	60.9111
303.331	32.2569
307.527	416.709
319.514	277.34
325.484	48.2857
330.244	361.291
428.57	234.337
428.57	234.337
450.648	75.9359
461.711	116.455
471.256	47.751
485.345	79.9827
482.995	400.986
493.047	31.7174
492.365	396.746
497.806	395.329
500.64	266.431
500.64	266.431
503.528	137.386
505.151	352.645
512.573	313.006
512.573	313.006
520.391	345.06
533.368	93.1736
549.685	16.8669
549.975	130.718
551.785	95.145
549.275	403.81
562.128	153.196
562.128	153.196
562.577	134.204
561.918	330.187
572.975	397.395
575.563	385.196
585.627	13.2261
582.459	406.128
589.959	210.395
588.072	460.194
588.072	460.194
597.951	226.609
600.496	42.031
600.496	42.031
596.544	362.166
601.381	154.387
604.907	248.806
613.39	290.556
620.051	351.848
617.904	428.399
622.911	261.981
636.215	93.4282
634.704	320.435
651.752	318.355
654.841	60.3655
655.833	143.705
655.833	143.705
652.493	454.921
655.954	402.03
672.224	170.979
677.363	311.525
675.364	423.098
683.004	154.22
683.004	154.22
684.781	290.518
687.359	297.864
689.572	10.8202
685.212	449.002
700.945	130.53
700.945	130.53
699.708	315.64
696.919	449.066
722.904	65.3865
732.093	59.5854
42.7849	270.953
52.7504	437.887
52.6243	405.3
58.4836	206.651
63.9922	274.935
68.5742	376.062
69.769	450.431
72.1742	302.688
78.5746	19.7187
75.3473	225.373
75.3473	225.373
92.1895	45.9592
91.7747	112.38
90.483	242.411
94.4873	121.666
106.46	302.241
115.755	62.7613
113.184	441.118
117.005	270.254
121.065	160.502
121.065	160.502
122.897	92.5627
120.931	343.242
121.629	454.181
132.527	351.386
151.535	206.739
152.929	146.832
155.971	314.356
158.024	296.737
159.174	251.335
160.059	219.904
160.752	176.983
160.752	176.983
161.513	466.545
165.777	370.972
174.255	467.135
187.652	141.769
185.886	428.131
201.346	285.132
223.176	129.546
228.547	62.5781
228.013	147.109
236.315	65.6423
253.581	187.641
253.581	187.641
257.485	243.742
260.206	337.433
279.044	288.803
287.003	368.612
287.659	451.31
288.87	385.475
289.794	400.107
297.595	60.9099
298.538	42.3874
303.37	32.2923
303.162	57.4335
300.357	394.473
300.131	442.943
304.552	176.712
305.911	405.069
430.169	234.622
430.169	234.622
445.48	55.9155
471.343	47.7502
477.85	62.1388
482.973	401.075
493.353	32.3661
494.234	102.263
492.369	396.746
500.629	124.126
504.399	310.814
509.393	353.07
518.54	152.092
518.151	368.591
522.103	82.8344
527.445	68.9884
535.434	346.098
536.927	406.624
549.396	90.0485
549.484	403.875
555.229	118.628
558.957	358.349
562.123	153.207
567.042	145.839
567.646	465.424
571.034	330.27
574.965	370.951
578.626	178.517
585.513	13.1294
586.576	264.335
587.741	459.55
594.479	20.951
596.741	204.469
597.943	226.528
600.504	41.9989
600.504	41.9989
606.497	232.119
606.172	453.671
612.841	133.995
617.062	212.642
620.102	351.846
636.862	301.89
636.625	396.18
654.797	60.3281
656.006	143.663
652.548	455.089
656.14	402.146
661.762	170.262
663.388	154.398
664.054	91.9007
663.757	283.076
665.313	319.171
666.65	251.759
675.188	303.815
675.085	423.048
684.821	290.523
690.164	143.495
689.708	10.6989
685.112	449.194
693.682	174.882
693.921	167.128
694.728	258.74
699.666	315.632
710.319	117.775
722.397	65.4827
