42.7196	270.941
49.9744	446.666
52.4086	405.415
58.9058	149.011
63.7051	274.846
75.6732	95.4275
78.6507	19.8341
75.6387	165.586
75.361	225.369
75.361	225.369
92.2005	46.0292
91.9236	112.256
104.767	257.06
106.372	302.18
112.686	321.08
116.97	270.138
121.633	109.958
120.986	343.094
126.858	79.0411
132.057	177.09
132.543	351.34
133.571	438.939
133.571	438.939
143.629	130.284
152.952	146.878
162.333	301.334
163.754	459.552
166.314	209.036
167.922	231.681
169.164	455.797
182.945	156.631
186.047	141.619
187.656	285.615
201.264	285.132
208.403	43.1088
222.264	170.222
223.158	129.594
228.512	62.4804
227.989	147.146
232.966	34.2291
227.832	287.388
236.284	65.6129
235.712	470.683
257.513	243.772
262.695	457.145
279.041	288.85
280.063	300.928
280.928	425.505
286.569	140.697
287.251	451.2
287.251	451.2
289.011	385.498
297.26	68.1833
297.557	60.8599
298.521	42.446
309.575	15.9558
306.089	405.092
314.86	399.476
319.523	277.427
330.292	353.686
428.632	234.701
428.632	234.701
445.438	55.7696
475.582	395.5
475.582	395.5
485.16	79.9042
493.162	31.8678
495.819	40.0641
491.108	397.063
500.71	266.696
500.71	266.696
511.05	148.624
511.05	148.624
525.344	77.6172
526.987	65.9551
528.094	342.624
541.471	110.122
546.194	28.0795
550.666	145.387
549.656	404.005
555.993	402.947
568.248	315.021
569.768	359.497
573.018	397.373
585.721	182.553
587.133	212.448
590.891	173.36
594.488	20.9053
587.929	460.147
587.929	460.147
597.981	226.621
600.4	41.9508
604.986	7.74378
606.607	231.997
612.994	199.063
619.347	173.604
617.963	428.507
636.025	395.641
643.363	105.238
643.363	105.238
643.131	322.91
645.423	257.945
645.423	257.945
651.633	318.427
656.811	81.2989
656.811	81.2989
652.546	455.126
656.601	402.35
675.584	423.112
684.865	290.474
684.635	311.839
689.542	10.9063
689.542	10.9063
689.878	150.336
687.53	297.79
685.095	449.324
693.494	174.904
693.787	167.075
699.722	315.724
717.039	111.383
732.289	59.6278
49.9322	446.686
52.5082	405.457
59.0021	148.933
58.9179	283.984
63.8885	274.907
68.7588	376.155
75.3026	95.4371
78.7225	19.8459
75.3443	225.348
75.3443	225.348
92.25	46.0571
94.7539	121.576
103.472	447.263
104.775	257.048
108.542	141.512
106.328	302.177
112.618	321.072
116.963	270.138
122.928	92.5316
120.955	343.155
124.769	445.499
131.511	163.135
131.511	163.135
143.686	130.274
152.925	146.955
156.009	314.309
159.229	251.259
162.315	301.379
163.746	459.552
166.254	209.073
166.589	451.286
186.134	141.638
190.12	212.635
196.752	151.873
201.318	285.109
208.36	42.976
222.202	170.34
223.262	129.568
227.917	147.003
232.826	34.2176
228.409	287.393
236.207	65.5596
235.719	470.639
252.089	61.6249
253.587	187.592
257.435	243.759
279.074	288.805
280.047	300.936
280.939	425.442
280.939	425.442
287.415	451.243
287.415	451.243
289.228	385.445
297.225	68.1758
297.549	60.8843
305.962	405.078
320.272	48.1094
320.691	48.1317
314.856	399.392
319.5	277.408
327.502	347.415
428.503	234.601
428.503	234.601
458.996	106.737
458.996	106.737
475.595	395.501
475.595	395.501
485.31	80.2598
482.92	400.992
493.092	31.7757
495.847	40.0573
491.025	397.091
500.715	266.678
500.715	266.678
504.441	54.2756
518.461	152.107
519.76	308.159
525.403	77.6195
530.17	88.9983
538.958	106.143
540.788	350.66
549.36	403.941
566.928	145.745
568.275	314.981
569.751	359.508
567.615	465.473
571.365	410.65
585.676	13.2231
587.136	212.384
592.819	198.458
594.541	20.8971
587.921	460.12
600.457	42.002
601.256	154.287
605.029	7.79641
606.622	231.984
612.791	133.998
606.162	453.652
613.001	199.093
616.943	212.587
620.009	351.786
617.836	428.436
635.699	136.643
636.289	93.4891
634.841	320.322
637.176	263.758
637.176	263.758
636.112	395.746
644.335	314.955
656.867	81.2664
652.631	455.187
656.408	402.293
675.393	423.083
684.942	290.406
684.417	311.968
689.633	10.7889
689.866	150.341
687.381	297.867
685.218	449.261
693.147	174.897
699.696	315.703
710.217	169.34
717.998	129.708
722.733	65.5689
732.171	59.6217
49.8313	446.65
52.3843	405.468
58.7088	283.952
63.8493	274.954
68.7191	376.097
75.3822	95.4822
78.5642	19.6581
75.3207	165.879
75.2869	225.509
77.0925	274.544
92.2815	46.0113
91.8401	112.351
87.447	445.703
96.5852	375.242
96.5852	375.242
100.472	275.283
103.469	447.232
108.755	167.336
112.665	321.033
112.665	321.033
118.857	198.725
122.954	92.5122
137.441	99.9118
143.666	130.264
145.679	116.773
144.661	216.531
151.592	162.978
155.961	314.371
156.053	456.088
157.966	296.828
166.249	209.174
163.754	459.545
166.106	370.5
182.965	156.67
201.389	285.089
209.057	245.625
221.996	170.469
228.464	62.4405
248.852	134.426
260.222	74.8627
257.765	243.551
273.786	136.469
280.049	300.837
280.049	300.837
280.952	425.285
287.383	451.308
297.355	68.2637
298.517	42.385
289.345	472.927
303.108	57.4939
300.29	394.551
314.851	399.38
319.471	277.316
325.4	48.2932
330.132	361.069
330.383	353.465
429.178	234.949
485.22	80.0843
482.919	401.016
493.167	31.9584
495.857	40.2578
490.973	397.135
504.471	54.4612
500.616	266.354
500.616	266.354
497.339	395.501
504.439	311.175
511.264	148.643
514.449	121.867
512.536	312.965
518.578	152.12
515.269	370.765
515.269	370.765
525.457	77.6735
533.41	93.1141
536.047	48.2159
546.377	28.0305
553.996	172.313
560.484	126.776
562.633	134.271
562.954	168.278
561.965	330.228
568.227	315.033
567.604	465.396
571.032	410.445
587.055	212.415
582.328	405.915
587.986	460.217
600.225	41.8886
601.443	154.445
604.962	248.863
613.802	54.0868
612.97	134.159
606.2	453.641
615.569	247.104
619.498	173.762
622.014	268.226
625.271	112.865
620.092	351.846
617.858	428.459
623.324	282.262
637	302.099
636.217	395.791
642.987	322.804
654.814	60.3857
654.814	60.3857
652.478	455.165
676.012	165.515
675.115	303.872
675.294	423.207
684.715	290.547
684.515	311.836
689.57	10.7054
685.204	449.05
701.07	130.524
702.411	32.4615
703.139	186.318
706.535	302.329
721.537	103.668
723.763	149.873
732.09	59.6066
49.8814	446.573
58.715	284.039
63.8747	274.876
74.0451	40.4899
74.0451	40.4899
68.7574	375.839
78.5967	19.6851
75.4499	165.697
75.2389	225.523
79.3422	359.167
83.7235	129.963
92.2425	46.032
89.8241	135.166
100.538	275.364
104.78	257.052
112.634	321.082
112.634	321.082
122.921	92.5101
126.874	79.031
124.779	445.526
131.395	163.256
132.699	226.785
132.585	351.306
136.084	448.472
143.695	130.276
158.004	296.679
166.327	208.995
164.718	310.245
163.736	459.587
165.463	397.822
173.007	166.09
170.673	438.344
182.843	156.631
189.846	142.209
187.673	285.704
201.257	285.099
206.78	242.034
228.438	62.534
228.077	147.195
232.945	34.1383
248.82	134.267
258.52	122.046
261.191	336.813
263.789	331.246
282.107	79.9547
275.207	426.621
279.121	288.748
279.121	288.748
280.939	425.441
287.313	451.192
287.313	451.192
288.982	385.526
297.573	60.8773
298.506	42.4216
303.156	57.4576
304.545	176.822
309.474	15.8238
305.947	405.091
314.825	399.404
319.55	277.37
429.443	234.947
429.443	234.947
475.597	395.484
475.597	395.484
482.908	401.028
493.308	32.0954
502.811	112.449
504.591	54.7051
500.655	266.419
503.374	137.382
504.434	310.791
518.554	152.105
520.316	70.7462
525.393	77.6858
536.005	48.183
538.957	106.151
535.44	346.137
546.282	28.1246
550.307	130.647
554.833	83.8176
549.507	403.924
566.196	322.896
566.13	375.874
567.646	465.46
575.591	188.941
587.153	212.524
582.456	406.068
583.884	362.697
590.923	173.349
587.94	460.103
596.709	204.612
600.264	41.89
596.314	362.455
600.114	284.332
605.022	248.925
606.621	232.002
612.909	134.08
606.273	453.693
615.508	128.365
613.394	290.648
617.944	428.521
627.844	155.051
634.91	320.285
636.322	395.918
647.154	73.8674
647.154	73.8674
644.386	314.979
652.567	455.096
657.612	402.77
671.804	171.039
675.951	165.496
684.975	290.372
689.608	10.8079
687.411	297.821
693.796	167.073
685.209	449.211
701.095	130.556
703.61	111.024
699.825	315.814
699.825	315.814
721.635	103.723
42.9275	270.973
50.0118	446.64
52.3269	405.673
58.8033	149.22
64.029	275.004
68.7541	375.944
69.745	450.573
75.3579	165.849
75.4673	225.265
83.7356	130.051
92.1974	45.9579
90.5727	242.336
90.5727	242.336
103.46	447.269
112.471	90.7149
108.357	336.163
112.644	321.131
121.126	144.125
122.923	92.505
123.668	295.115
124.77	445.523
132.611	226.948
132.569	351.359
142.645	192.586
145.762	116.847
147.788	303.808
155.836	135.63
157.969	296.77
160.09	219.926
161.489	466.611
166.357	208.995
163.756	459.552
165.828	370.865
172.957	166.157
183.089	156.626
187.649	285.663
201.434	285.204
221.792	170.66
228.502	62.494
227.92	147.01
232.987	34.2706
233.37	139.48
236.348	65.6533
257.49	243.717
260.41	337.441
279.05	288.808
279.05	288.808
280.076	300.877
280.846	368.264
286.884	141.194
288.528	385.44
289.861	400.032
297.255	68.1333
297.703	60.9837
298.554	42.4452
292.86	403.105
327.513	347.549
430.408	235.025
471.03	47.4953
477.616	61.8456
475.692	395.433
483.024	400.997
495.983	40.333
492.343	396.782
499.635	104.978
500.809	124.255
504.329	310.91
505.142	352.66
512.499	312.705
522.036	82.7682
525.421	77.6772
525.46	149.548
531.057	98.9213
535.467	346.186
540.786	350.678
555.176	141.945
549.323	403.849
561.912	330.199
569.756	359.501
567.555	465.323
582.011	405.415
587.183	212.622
594.888	21.4412
594.888	21.4412
587.93	459.95
595.941	163.468
595.941	163.468
597.951	226.513
601.302	154.315
604.688	248.659
612.89	134.072
614.164	54.3111
615.505	128.361
617.067	212.68
620.108	351.914
617.951	428.407
627.96	155.131
634.782	320.343
636.907	263.967
637.251	396.661
647.118	73.913
647.118	73.913
637.825	469.085
644.495	314.866
652.5	455.015
656.069	402.045
663.476	283.09
675.268	303.841
684.773	290.52
689.695	10.6988
689.695	10.6988
687.345	297.855
696.12	103.963
696.12	103.963
698.27	138.174
699.829	315.784
704.094	198.609
716.775	111.272
725.302	166.493
