42.813	270.996
52.6977	437.895
58.7871	283.947
74.4836	40.1496
74.4836	40.1496
68.7595	375.928
69.7852	450.36
75.601	95.3749
78.5058	19.6633
76.5482	144.74
75.3437	225.384
75.3437	225.384
92.1915	45.9911
101.223	101.665
104.793	257.06
106.351	182.481
112.641	321.048
116.954	270.193
122.966	92.525
126.124	331.545
132.024	177.054
132.484	351.378
136.12	448.414
139.196	455.878
145.899	453.27
147.807	303.765
151.48	206.768
153.023	249.23
159.214	251.248
161.286	162.592
162.299	301.427
165.853	370.76
166.696	451.104
168.337	419.623
187.267	141.63
189.933	142.277
185.914	428.107
189.986	212.772
208.629	42.8445
212.374	162.115
228.329	62.481
227.995	147.103
233.064	34.2352
233.064	34.2352
228.275	287.399
252.263	61.5214
253.545	187.576
257.628	243.744
258.964	412.254
258.964	412.254
260.775	337.071
273.979	136.569
277.432	101.976
280.052	300.865
286.991	368.62
290.69	190.679
287.493	451.262
297.253	68.0738
297.712	60.9965
298.456	42.4024
300.325	394.533
314.851	399.462
325.181	48.2129
327.453	347.631
330.122	361.157
429.934	234.918
445.471	55.9824
445.471	55.9824
459.042	106.853
471.101	47.7024
477.748	61.9127
495.947	40.2574
491.977	396.829
502.797	112.413
500.684	266.589
500.684	266.589
497.995	395.305
504.551	311.228
510.115	353.026
518.552	152.239
521.989	82.7973
528.124	342.507
545.491	91.1638
549.816	16.7907
549.462	90.1157
549.339	403.829
558.526	131.74
562.675	134.095
558.522	359.33
571.111	330.319
571.405	410.613
575.421	385.302
585.399	13.1469
587.131	212.493
592.623	198.227
588.065	460.293
588.065	460.293
596.102	163.563
596.191	219.408
600.037	41.6459
605.536	8.10504
613.359	290.573
619.747	351.868
636.212	93.4237
635.57	212.659
630.207	430.622
637.669	184.814
636.791	301.866
637.204	396.623
647.122	73.9367
645.375	257.983
644.353	314.946
639.96	463.802
655.972	164.519
657.933	150.613
657.933	150.613
656.081	402.125
661.427	213.389
675.921	165.493
675.334	423.196
684.772	117.524
684.772	117.524
684.948	290.398
689.619	10.7779
685.272	449.009
694.243	293.626
699.809	315.697
699.809	315.697
703.302	186.324
696.968	449.07
721.507	103.653
731.696	59.633
42.8741	271.015
52.6392	437.955
52.6777	405.557
63.7961	274.884
68.7093	376.193
69.813	450.433
78.6401	19.7417
75.4285	165.702
75.4285	165.702
75.3787	225.333
79.3493	359.098
92.1538	46.039
87.5009	445.624
95.0066	121.493
95.0066	121.493
104.849	256.963
106.366	302.213
115.657	62.5948
126.825	78.9997
126.102	331.54
128.236	282.945
132.905	226.417
132.473	351.471
139.201	455.883
145.597	116.873
152.908	146.833
166.359	209.032
165.963	370.724
174.246	467.145
181.049	469.833
187.127	141.624
187.675	285.571
190.037	212.731
188.917	322.975
188.917	322.975
196.99	163.632
201.529	285.214
208.69	42.7839
228.342	62.5295
228.11	147.306
232.927	34.145
239.203	52.6354
244.377	471.826
253.555	187.601
257.505	243.698
261.023	336.913
277.846	102.219
278.95	288.869
287.142	451.254
298.55	42.4025
292.755	403.16
303.174	57.4471
305.804	405.045
315.049	52.2825
319.505	277.41
325.454	48.2383
327.521	347.555
330.427	353.539
429.665	234.738
429.665	234.738
450.657	75.9433
471.466	47.7398
475.734	395.427
493.285	32.1622
496.348	133.347
492.575	396.73
500.725	266.658
500.725	266.658
504.641	54.9347
504.298	310.986
509.679	353.024
514.291	121.837
518.576	152.2
528.11	342.473
535.472	346.191
545.427	91.2249
554.952	83.6931
549.342	403.927
559.901	146.716
559.901	146.716
562.355	153.11
562.355	153.11
569.76	359.467
569.76	359.467
571.337	410.651
585.515	13.1374
594.591	20.9804
588.073	460.288
588.073	460.288
596.31	219.584
596.726	204.618
600.212	41.7041
600.667	284.287
608.208	245.251
620.196	351.828
622.873	261.994
636.273	93.5522
636.863	301.993
637.096	396.473
645.727	173.981
639.952	463.833
643.739	432.101
651.667	318.406
655.844	143.729
655.844	143.729
656.823	81.2872
656.242	164.538
652.352	455.049
655.907	402.071
661.161	213.343
675.099	303.865
677.317	311.427
675.278	423.233
684.809	290.5
689.718	10.626
687.395	297.845
685.104	449.043
698.967	154.721
701.25	130.524
704.74	165.568
717.207	111.396
721.452	103.738
732.211	59.6051
42.7754	270.99
52.4246	405.609
52.68	437.888
63.8409	274.928
68.6579	376.209
69.6878	450.457
78.6937	19.7094
75.3664	225.326
79.1622	359.493
92.12	46.0234
87.5246	445.603
94.8714	121.566
100.575	275.345
104.87	256.833
106.443	302.155
115.609	62.541
118.873	198.715
121.032	160.395
120.937	343.204
126.92	79.0604
123.8	295.164
132.06	177.165
137.207	99.6821
136.119	448.437
142.629	192.481
142.629	192.481
145.581	116.845
145.847	453.317
161.421	318.178
161.421	318.178
165.956	370.62
167.914	231.764
174.223	467.188
187.3	141.623
190.028	212.762
201.391	285.189
208.624	42.8926
209.147	245.493
222.234	170.407
228.47	62.5813
248.797	134.205
253.576	187.577
254.181	409.479
257.544	243.742
261.012	336.992
277.888	102.147
275.035	426.658
282.153	79.9969
278.937	288.857
287.905	451.252
290.08	400.013
297.33	68.3218
303.166	57.4393
305.747	405.054
306.474	381.04
321.218	48.3854
319.526	277.428
325.416	48.4075
330.386	353.633
429.613	234.685
429.613	234.685
445.479	55.9032
483.027	400.952
493.072	31.7662
492.555	396.757
500.659	124.1
500.707	266.659
500.707	266.659
504.521	54.5285
504.385	310.809
514.278	121.834
515.632	370.552
515.632	370.552
526.966	65.9456
535.492	346.185
545.391	91.2351
549.245	403.826
558.557	131.762
562.612	134.051
569.799	359.457
569.799	359.457
571.039	330.276
571.208	410.399
585.52	13.2123
587.139	164.122
587.022	212.616
591.952	166.833
594.526	20.9764
588.029	460.221
588.029	460.221
600.18	41.6879
606.381	453.775
613.396	290.574
620.185	351.873
617.899	428.482
629.502	193.751
634.921	293.179
636.861	301.937
651.698	318.395
653.979	250.814
653.979	250.814
656.131	143.669
656.131	143.669
655.937	164.525
656.804	81.3055
652.385	455.106
656.409	402.21
664.158	92.0233
676.054	165.465
675.409	303.769
679.235	130.188
679.235	130.188
675.302	423.125
684.718	290.577
689.697	10.6881
687.514	297.816
685.1	448.965
693.768	167.089
699.676	315.524
52.6631	437.91
52.555	405.374
58.5998	283.898
63.9426	274.962
68.6965	375.944
69.5947	450.458
78.6307	19.641
75.3983	225.372
75.3983	225.372
92.1501	45.9683
87.5164	445.615
92.0889	112.089
94.945	121.551
104.813	256.924
106.269	302.21
115.599	62.4972
121.024	160.425
120.933	343.149
120.933	343.149
126.794	78.9933
126.007	331.499
128.201	283.03
132.045	177.188
139.174	455.898
143.656	130.249
142.644	192.433
145.521	116.742
145.846	453.334
151.535	206.746
159.244	251.208
165.951	370.762
166.113	465.144
167.943	231.752
189.042	322.897
189.042	322.897
196.996	163.633
201.427	285.19
208.578	42.9708
228.162	147.341
236.371	65.7209
245.727	407.397
252.146	61.5383
253.563	187.597
257.405	243.786
260.967	337.022
263.273	457.108
275.053	426.545
279.056	288.858
289.978	400.03
289.929	441.978
297.646	60.9779
303.174	57.4794
309.489	15.5123
305.872	405.05
321.339	48.4693
319.582	277.443
330.225	361.169
429.658	234.618
445.453	55.8238
445.453	55.8238
475.744	395.417
475.744	395.417
483.083	401.039
495.753	39.8368
492.235	396.831
500.548	124.203
500.735	266.749
500.735	266.749
504.227	310.322
514.39	121.858
518.51	152.126
526.995	65.9284
539.034	106.027
535.484	346.194
554.927	83.8121
549.269	403.845
558.559	131.826
566.278	322.887
569.803	359.442
569.803	359.442
571.206	410.462
580.777	193.126
585.548	13.2104
587.031	212.55
594.65	21.009
588.07	460.204
588.07	460.204
596.013	163.494
596.773	204.649
600.284	41.7698
601.277	154.295
607.893	162.071
608.161	245.233
616.975	212.56
620.028	351.961
618.027	428.545
622.935	261.957
636.292	93.4901
636.853	301.961
637.143	396.548
643.999	292.29
643.587	432.01
651.668	318.374
655.86	143.654
655.86	143.654
656.797	81.2766
652.362	455.013
675.276	303.796
677.559	311.454
675.385	423.201
684.74	185.685
684.881	290.449
689.616	10.7424
687.58	297.736
685.218	448.987
693.916	167.107
710.264	117.778
719.656	143.481
722.919	65.6038
731.884	59.619
42.6365	270.968
52.6676	437.871
52.5153	405.588
58.9657	284
68.5501	376.015
69.6628	450.425
75.5086	95.4418
78.6328	19.6594
76.3768	144.927
75.3417	225.377
92.0805	45.9959
87.4693	445.646
100.603	275.323
104.883	256.854
106.296	182.544
106.406	302.284
115.629	62.6359
121.572	109.973
121.081	160.345
120.997	343.159
120.997	343.159
126.029	331.506
132.786	226.684
139.172	455.918
145.699	116.929
145.846	453.314
147.85	303.709
151.54	206.702
152.986	146.778
159.241	251.256
164.686	310.248
166.01	370.564
166.138	465.076
187.229	141.62
190.074	212.735
196.806	151.883
201.373	285.192
208.598	42.8332
228.33	62.473
228.101	147.292
232.953	34.2013
236.528	65.7712
248.808	133.992
244.445	471.839
253.566	187.579
257.422	243.722
260.951	337.023
278.984	288.871
297.197	67.9872
292.8	403.129
303.16	57.5233
305.796	405.072
321.212	48.216
319.528	277.432
325.466	48.3509
330.212	361.236
330.387	353.601
429.6	234.579
429.6	234.579
445.428	55.6951
483.048	400.979
493.238	32.1027
492.903	396.694
500.705	124.06
497.629	395.431
500.7	266.631
500.7	266.631
504.408	54.3244
504.252	310.624
514.43	121.88
518.536	152.04
515.632	370.574
528.099	342.489
539.036	106.014
535.476	346.22
545.41	91.2267
546.328	28.0723
546.328	28.0723
549.421	90.0563
549.468	403.842
560.296	126.411
563.007	168.418
569.789	359.449
574.991	370.964
582.418	406.237
586.988	212.65
591.849	166.771
587.959	460.22
587.959	460.22
600.221	41.7527
600.658	284.29
606.366	453.823
613.037	199.002
616.978	212.56
610.266	471.693
620.174	351.934
623.014	261.907
636.252	93.4769
634.594	320.498
643.692	432.066
651.669	318.388
655.632	143.701
655.632	143.701
656.783	81.2718
656.066	402.158
660.926	213.376
671.782	170.95
675.293	303.832
677.666	311.479
675.321	423.214
684.641	290.6
689.695	10.6751
684.999	449.012
694.533	258.496
701.054	130.477
701.054	130.477
704.053	198.465
704.993	165.515
721.485	103.703
