42.9604	271.04
50.1212	446.597
52.5369	405.678
58.7081	284.018
67.8599	375.077
78.7474	19.8722
75.3712	165.716
75.3761	225.262
79.1357	359.409
87.4456	445.748
92.0873	112.23
90.6142	242.138
104.846	256.979
106.398	302.134
112.624	321.094
122.926	92.5271
121.099	160.322
126.829	78.9603
124.738	445.572
133.328	112.141
132.48	351.481
143.608	130.287
145.584	116.826
152.999	146.762
156.052	314.188
159.954	206.483
159.205	251.313
161.739	452.398
163.426	422.015
165.363	397.705
166.009	370.644
169.093	455.915
190.018	212.783
197.002	163.665
201.284	285.103
201.457	336.673
208.473	43.0365
212.288	162.16
212.288	162.16
223.337	129.61
228.216	62.4418
232.968	34.2928
243.537	63.0266
244.425	471.853
258.46	122.112
257.534	243.713
259.012	412.273
260.125	337.523
263.777	331.364
262.62	457.226
272.339	285.529
275.125	426.685
286.735	141.051
287.314	451.195
289.871	400.041
289.836	441.948
297.212	68.0951
298.481	42.4736
303.114	57.4218
300.31	394.567
319.6	277.362
325.536	48.2318
327.567	347.333
330.205	361.148
428.575	234.721
428.575	234.721
450.605	75.8815
461.706	116.446
485.394	80.0731
493.244	31.9782
496.384	133.471
500.685	266.532
500.685	266.532
497.517	395.508
509.307	353.176
512.561	313.053
512.561	313.053
520.434	345.2
543.666	95.2796
536.755	406.661
546.272	28.1694
551.844	95.138
559.779	146.646
560.242	126.402
568.266	314.971
567.625	465.337
573.085	397.41
587.181	212.687
582.463	406.028
583.89	362.491
591.917	166.876
594.499	20.9556
592.632	198.286
588.002	460.293
605.214	7.88122
606.697	231.976
613.385	290.554
620.355	351.978
628.05	155.342
634.82	320.314
636.594	396.162
651.631	318.492
656.841	81.2695
658.056	150.557
658.056	150.557
661.596	170.293
661.071	213.377
656.077	402.155
664.024	91.9369
663.26	283.122
675.22	303.891
675.379	423.133
684.949	290.397
689.523	10.8485
687.445	297.826
685.002	449.098
693.568	174.919
694.112	303.796
697.952	118.336
698.974	154.791
710.186	117.809
721.703	103.705
722.069	65.3477
50.1062	446.541
58.6533	283.978
63.9274	274.924
78.67	19.7942
75.4376	165.749
75.3781	225.278
75.3781	225.278
92.0019	112.133
90.6418	242.13
94.8039	121.553
104.846	256.926
106.352	302.087
112.598	321.126
122.872	92.5163
121.073	160.359
119.729	335.311
120.962	343.155
126.836	78.9603
124.739	445.561
136.066	448.512
145.498	116.894
151.544	206.737
159.246	251.265
162.276	301.416
161.717	452.562
163.351	422.006
164.911	397.932
167.939	231.796
169.097	455.988
183.049	156.58
187.287	141.718
197.004	163.642
201.276	285.086
201.293	336.44
208.647	42.8679
212.3	162.126
212.3	162.126
223.253	129.533
228.464	62.4775
232.99	34.2105
243.278	243.208
244.367	471.924
258.398	122.053
257.39	243.682
258.99	412.212
258.99	412.212
260.142	337.613
272.362	285.54
282.366	79.6548
286.586	140.861
287.45	451.181
289.88	441.857
297.601	60.9039
298.415	42.4003
292.826	403.125
292.826	403.125
303.146	57.5231
319.536	277.365
325.521	48.2247
327.542	347.225
330.197	361.147
428.489	234.651
428.489	234.651
445.47	55.7752
445.47	55.7752
499.542	104.874
500.786	124.237
500.635	266.402
500.635	266.402
497.502	395.512
504.433	311.03
509.488	353.182
512.573	313.042
518.551	152.043
530.25	88.9022
536.826	335.676
536.826	335.676
536.604	406.67
548.894	45.4882
551.842	95.099
549.432	403.911
559.864	146.633
562.525	134.087
563.016	168.397
558.565	359.307
558.834	358.519
567.611	465.353
585.407	13.1178
587.151	212.688
599.972	284.381
605.274	7.93012
606.668	231.986
606.302	453.838
617.206	212.693
620.124	351.954
633.108	100.35
637.649	184.783
637.115	263.843
636.818	301.942
636.525	396.144
645.082	165.746
640.106	463.615
651.65	318.441
657.902	150.61
655.851	402.053
664.243	92.1044
664.247	126.27
675.333	303.826
677.548	311.509
675.326	423.137
685.176	185.636
684.894	290.461
689.603	10.8559
689.803	150.295
687.399	297.826
685.354	449.092
699.047	154.78
710.218	117.822
721.539	103.691
722.846	65.559
43.1666	271.115
49.9613	446.625
52.5028	405.242
59.14	148.684
64.0655	274.914
78.6715	19.8082
75.3141	225.362
92.0301	112.208
87.4453	445.69
90.6608	242.096
94.7727	121.608
106.421	302.117
112.597	321.093
116.981	270.233
118.844	198.775
122.878	92.4934
121.073	160.307
121.006	343.098
121.006	343.098
126.837	78.9392
124.742	445.579
132.044	177.101
138.749	293.778
143.633	130.308
145.56	116.852
147.798	303.727
151.482	206.813
159.179	251.314
161.36	162.572
160.138	219.861
161.725	452.411
168.661	176.33
165.444	397.825
174.254	467.212
201.182	285.092
208.533	42.9819
212.295	162.121
223.224	129.63
228.471	62.5264
227.938	147.075
233.039	34.3038
258.484	122.017
257.469	243.681
259.011	412.224
260.198	337.365
272.35	285.522
275.166	426.67
282.429	79.7756
286.433	140.397
287.449	451.248
289.8	441.993
297.544	60.8835
298.463	42.4283
292.827	403.108
303.093	57.4613
300.347	394.537
306.591	381.173
319.515	277.34
325.409	48.2775
327.489	252.39
327.555	347.644
428.557	234.755
428.557	234.755
461.732	116.56
475.802	395.459
485.472	80.0882
483.129	400.844
493.154	31.8462
500.733	123.951
504.474	54.4341
510.824	353.209
512.566	313.023
512.566	313.023
530.311	75.1424
536.766	335.664
541.696	109.976
536.526	406.703
551.826	95.1265
558.544	131.682
558.554	359.366
561.941	330.241
567.596	465.279
585.43	13.2284
587.185	212.746
583.894	362.556
582.628	406.351
591.841	166.853
594.568	20.9453
592.701	198.285
587.926	460.196
597.977	226.555
605.254	7.92026
606.273	208.172
606.329	453.806
620.264	351.943
617.891	428.521
629.936	147.406
629.936	147.406
637.143	263.8
636.659	396.268
647.149	73.855
644.338	314.98
651.659	318.461
655.923	164.542
655.582	401.914
664.344	92.0088
663.253	283.143
666.634	175.139
675.302	303.868
677.487	311.387
675.453	423.285
684.859	290.466
687.513	297.776
685.166	449.055
693.806	174.884
698.91	154.829
701.347	130.443
701.347	130.443
702.544	32.325
721.409	103.682
731.981	59.5711
49.9718	446.657
52.5845	405.6
58.6412	149.519
58.7838	283.978
64.1902	274.986
67.9055	375.126
78.7426	19.8352
75.3703	225.315
78.9683	359.493
92.0412	112.146
87.452	445.679
90.6056	242.144
94.6959	121.589
104.853	256.969
106.461	302.128
108.389	336.064
112.611	321.081
122.9	92.527
121.036	160.435
126.848	78.9668
124.749	445.551
132.062	177.089
132.961	226.259
138.715	293.868
143.605	130.301
145.523	116.746
159.893	206.64
159.167	251.35
162.21	301.464
161.749	452.384
168.628	176.333
165.418	397.879
165.921	370.706
167.954	231.786
174.213	467.199
201.119	160.318
201.374	285.102
208.562	42.9067
212.307	162.145
228.422	62.519
227.915	147.1
233.005	34.2457
225.142	442.216
240.971	98.9794
251.357	435.818
260.066	74.7629
257.452	243.645
258.994	412.252
258.994	412.252
260.143	337.501
272.465	285.542
286.671	140.852
287.051	451.169
297.175	68.0739
297.65	60.9301
298.445	42.4213
292.708	403.215
314.827	399.507
319.388	277.307
325.705	48.1611
330.183	361.124
428.472	234.643
428.472	234.643
461.731	116.487
477.854	62.1792
494.234	102.314
495.721	39.8751
504.578	54.6557
500.67	266.504
500.67	266.504
509.315	353.157
509.437	375.703
512.569	312.973
512.569	312.973
536.68	406.683
551.843	95.169
554.931	83.7372
549.54	403.948
555.821	141.666
558.553	359.358
558.833	358.544
566.915	145.776
568.233	315.004
567.637	465.293
578.389	313.79
585.435	13.1714
587.183	212.675
592.017	166.93
594.539	20.9995
592.681	198.314
587.974	460.249
597.315	143.139
600.196	284.314
605.26	7.9602
606.639	208.177
606.684	231.968
620.26	351.904
617.876	428.472
635.695	136.606
636.209	93.4001
636.742	396.358
645.199	165.733
644.368	314.937
651.612	318.466
655.602	401.92
664.087	91.9358
663.246	283.129
666.685	175.068
677.41	311.412
677.41	311.412
675.434	423.221
684.83	290.473
689.603	10.8355
687.438	297.811
684.951	449.137
693.795	167.051
696.59	103.917
699.065	154.767
703.829	110.878
721.471	103.68
722.328	65.5249
42.899	270.973
49.9799	446.626
58.6437	149.513
58.8451	283.966
67.9317	375.139
78.6767	19.809
75.4037	165.764
75.2839	225.369
89.5815	134.958
90.7068	242.001
104.851	256.991
112.603	321.085
121.539	110.078
122.893	92.4872
121.082	160.365
120.912	343.23
120.912	343.23
126.87	78.9831
123.614	295.111
124.734	445.576
136.078	448.497
143.598	130.288
142.735	177.255
145.579	116.889
146.084	233.85
145.828	453.336
152.919	146.861
151.505	206.864
155.993	314.422
159.25	251.201
162.215	301.459
161.493	466.513
165.343	397.8
165.994	370.663
185.786	428.023
201.301	285.079
208.529	42.9666
212.256	162.093
212.256	162.093
223.296	129.617
228.336	62.4428
233.008	34.2326
243.538	62.984
248.196	410.411
258.503	122.165
257.368	243.696
260.157	337.401
262.971	457.202
272.245	285.532
280.02	300.851
287.304	451.257
289.474	407.797
297.612	60.9266
298.416	42.4116
303.143	57.4348
303.053	212.132
306.589	381.177
314.827	399.48
319.602	277.37
325.727	48.3274
327.486	252.413
330.256	361.292
428.457	234.639
428.457	234.639
445.467	55.8517
445.467	55.8517
461.79	116.661
500.628	124.101
497.496	395.515
504.389	310.812
510.832	353.244
512.562	312.912
521.939	82.64
536.482	406.681
546.389	28.0684
554.953	83.6449
559.838	146.658
559.838	146.658
558.835	358.539
568.284	314.94
571.012	330.367
567.598	465.458
578.768	178.495
587.176	212.682
582.777	406.625
584.928	376.22
594.516	20.9513
592.686	198.31
597.953	226.526
606.999	143.799
606.414	453.846
619.906	117.549
620.198	351.903
617.953	428.546
636.277	93.4995
634.914	320.254
636.779	396.367
645.416	257.95
651.641	318.423
652.394	454.914
661.094	213.375
655.668	401.938
663.161	154.433
664.134	91.976
663.282	283.133
666.266	175.069
675.258	303.842
675.42	423.243
684.94	290.439
689.606	10.8401
687.351	297.864
685.226	449.112
693.922	167.088
693.898	174.893
693.886	303.775
702.53	32.4129
710.278	117.783
716.968	111.377
721.599	103.825
732.106	59.5825
