50.0098	446.687
52.7207	437.923
58.8809	149.224
58.4595	206.747
58.6856	283.987
63.8065	274.898
68.7518	375.883
75.3786	95.5971
78.5316	19.6371
76.5161	144.801
75.4521	225.318
77.1263	274.529
79.3817	359.272
89.639	134.985
100.839	275.396
103.493	447.18
106.351	302.233
115.697	62.6415
122.997	92.4144
121.555	454.249
126.177	331.568
132.553	351.387
143.662	130.254
142.629	192.516
144.734	216.547
153.048	230.217
155.788	135.495
158.045	296.704
159.269	251.228
160.758	177.099
162.117	301.611
165.105	397.82
165.774	371.016
166.598	451.26
168.299	419.705
174.685	474.078
188.647	141.957
201.136	160.406
208.413	43.0928
206.666	242.13
223.127	129.546
228.317	62.4085
228.052	147.184
240.873	98.8935
257.453	243.755
260.844	337.137
266.123	160.462
262.815	457.133
279.056	288.85
288.494	385.513
287.96	451.227
289.866	400.131
297.296	68.2474
298.5	42.3673
292.74	403.138
303.558	32.2654
300.32	394.539
299.891	442.789
309.279	15.1589
305.735	405.094
306.265	381.101
319.526	277.363
327.547	347.385
432.753	235.44
445.455	55.9032
445.455	55.9032
461.805	116.66
471.184	47.7002
483.071	400.987
495.831	40.046
504.461	311.044
510.125	353.433
515.396	126.164
518.523	152.073
523.56	82.5723
520.402	345.014
525.465	77.6449
535.496	346.332
540.78	350.838
550.632	145.285
551.683	95.3521
554.86	84.0241
549.362	403.909
560.355	126.575
561.925	330.252
567.546	465.205
575.596	189.067
575.57	385.343
582.111	405.655
587.199	212.555
586.629	264.448
592.808	198.292
595.065	21.5908
595.065	21.5908
587.649	459.531
596.306	219.492
608.197	245.238
612.107	182.916
612.867	134.08
614.235	54.4308
613.385	290.566
617.161	212.658
619.866	351.93
630.328	430.756
634.833	320.299
636.884	263.937
641.491	133.083
637.502	396.927
645.046	95.1541
647.257	73.9485
651.592	318.383
652.725	455.268
656.442	402.36
672.553	171.13
684.462	117.639
684.462	117.639
684.88	290.425
685.014	449.339
694.617	258.665
699.76	315.72
699.76	315.72
703.221	186.337
704.222	198.537
731.031	86.9526
732.351	59.6314
52.742	437.935
52.5898	405.558
58.4779	206.699
58.8734	284.035
63.8886	274.917
68.6594	376.029
69.7009	450.445
75.272	95.5644
78.5029	19.5707
75.5373	225.216
79.3869	359.09
89.6935	135.101
90.3177	287.005
105.111	69.0448
100.832	275.47
106.351	302.153
121.005	160.522
122.956	92.486
126.153	331.6
128.41	452.027
132.339	457.838
143.685	130.252
142.631	192.522
144.867	216.647
149.687	459.137
153.005	230.205
155.804	135.505
158.056	296.702
159.33	251.119
162.33	301.29
165.086	397.948
165.875	370.841
168.258	419.834
173.008	166.139
181.096	469.805
184.156	200.418
201.478	285.117
208.541	43.0362
212.244	162.181
221.281	112.291
222.14	170.458
223.183	129.543
228.631	287.514
233.556	139.729
257.415	243.73
260.912	337.041
266.109	160.402
275.142	426.58
279	288.837
280.034	300.846
280.945	425.362
287.28	451.272
288.492	385.499
289.862	442.032
297.292	68.2099
297.586	60.8864
298.557	42.4037
300.319	394.541
299.916	442.883
305.798	405.065
306.27	381.09
321.031	48.5207
319.526	277.35
324.748	48.4794
330.111	361.227
432.854	235.254
432.854	235.254
445.444	55.7527
445.444	55.7527
461.784	116.679
470.987	47.3404
483.053	401.018
493.383	32.5751
491.141	397.112
504.347	311.09
510.075	353.466
518.485	152.077
523.452	82.5168
520.349	344.936
525.31	149.588
526.99	65.9147
533.399	93.138
536.213	47.8162
538.916	106.243
535.489	346.338
545.352	91.3097
549.498	403.86
557.855	162.452
562.622	134.184
561.923	330.234
569.81	359.484
575.49	385.42
582.035	405.589
587.154	212.577
586.607	264.379
590.976	173.521
595.06	21.5807
587.843	459.688
587.843	459.688
596.253	219.514
605.018	248.979
614.149	54.3511
606.282	453.786
613.392	290.562
617.219	212.699
619.322	173.559
620.025	351.872
630.213	147.589
630.277	430.775
637.479	396.95
640.781	314.672
647.202	73.9011
647.202	73.9011
645.354	258.023
644.582	314.845
651.642	112.724
652.752	455.324
656.075	402.293
667.283	199.635
677.259	311.428
683.656	154.316
684.849	290.496
689.704	150.357
687.289	297.924
685.246	449.051
699.719	315.657
709.72	169.42
717.823	129.828
731.043	87.0301
731.802	59.6043
42.4967	270.97
49.943	446.687
52.3402	405.567
58.8481	284.005
68.5959	376.136
69.9654	450.427
75.2641	95.5327
75.4371	225.235
92.3451	46.1156
104.863	256.987
109.041	124.565
106.241	302.128
115.68	62.6008
121.212	143.936
121.097	160.38
120.912	343.253
120.912	343.253
126.214	331.558
128.26	282.929
128.395	452.039
128.395	452.039
141.182	227.074
142.673	192.456
145.872	453.284
155.978	314.351
159.111	251.416
159.845	206.757
160.16	219.998
161.415	318.251
163.5	422.095
168.715	176.268
168.316	419.646
174.302	467.107
187.183	141.652
201.159	160.457
201.222	285.108
208.585	42.9872
222.236	170.373
223.467	129.514
228.417	62.5626
227.998	147.159
233.025	34.1883
255.525	65.876
257.408	243.701
259.003	412.254
263.674	331.279
263.235	457.156
273.86	136.525
272.459	285.553
279.052	288.83
280.074	300.93
287.003	368.566
287.787	451.284
288.82	385.518
297.263	68.1958
297.683	60.9627
298.507	42.4397
300.13	442.656
309.375	15.5893
305.807	405.08
306.489	381.285
306.489	381.285
314.871	399.484
319.446	277.386
431.249	235.07
431.249	235.07
445.489	56.0319
445.489	56.0319
459.065	106.978
461.794	116.708
475.711	395.563
483.105	401.152
493.181	31.7934
500.683	266.429
500.683	266.429
504.539	54.5738
510.143	353.412
512.516	312.793
518.494	152.169
515.562	370.775
520.421	345.225
525.411	77.6345
533.408	93.2102
535.509	346.317
541.64	110.08
549.395	90.0573
549.286	403.834
555.482	141.809
563.147	168.529
566.125	322.894
569.308	165.327
569.718	359.521
569.718	359.521
567.635	465.306
570.919	410.221
587.143	212.497
595.042	21.381
595.042	21.381
587.744	459.627
596.641	204.486
601.341	154.349
606.308	453.85
613.4	290.561
617.211	212.586
618.602	194.465
618.542	201.029
617.75	270.764
619.953	124.582
633.079	100.332
636.967	396.502
647.195	73.885
644.411	314.888
651.293	112.36
651.575	318.419
652.47	455.118
655.995	402.131
675.461	423.324
684.764	117.52
684.764	117.52
684.815	290.453
684.411	311.894
689.553	10.7356
689.553	10.7356
687.404	297.854
685.241	449.023
693.687	167.17
698.998	154.788
699.648	315.569
49.9569	446.596
52.7286	437.937
58.7468	284.006
63.9665	274.959
67.8403	375.053
68.7876	375.884
75.4678	95.4967
78.6577	19.6854
75.3016	225.474
75.3016	225.474
79.0888	359.321
92.112	46.0623
87.4661	445.68
90.6074	242.245
95.0683	121.528
103.491	447.171
106.232	302.126
126.814	79.0366
126.168	331.559
128.231	283.07
131.475	163.153
132.008	177.159
132.564	351.333
137.198	99.6749
145.844	453.288
153.929	463.278
156.079	314.204
159.193	251.251
166.312	209.04
166.032	370.692
187.619	141.687
189.987	212.79
188.767	323.063
201.229	285.171
208.65	42.9257
212.316	162.112
212.316	162.112
222.044	170.434
223.088	129.51
228.43	62.4304
232.915	34.1661
236.224	65.6265
253.588	187.622
258.495	121.921
257.486	243.702
258.989	412.242
260.72	337.157
272.314	243.965
272.266	285.541
279.038	288.871
287.107	368.578
297.712	60.993
292.858	403.066
302.354	55.6028
300.378	394.487
319.488	277.395
330.217	361.19
429.98	234.637
471	47.7483
483.187	401.152
493.112	31.9312
500.77	124.074
500.689	266.601
500.689	266.601
504.403	54.3662
504.368	310.773
514.391	121.882
512.518	312.858
518.489	152.002
521.947	82.7911
525.379	77.6195
526.976	65.9414
538.951	106.035
535.484	346.32
541.544	110.078
546.225	28.16
544.72	331.909
549.612	404.012
569.735	359.535
567.718	465.54
574.972	371.026
580.737	193.255
581.895	405.271
587.099	212.424
592.638	198.329
594.555	21.0146
587.819	459.801
596.8	204.516
605.227	7.92324
606.361	453.81
617.058	212.546
619.957	351.912
633.964	142.435
636.328	93.5856
634.907	320.238
637.2	396.658
645.075	95.1185
643.828	432.145
651.683	318.453
654.074	250.772
654.074	250.772
658.011	150.634
652.581	455.122
661.378	213.411
663.329	154.409
671.762	170.994
676.346	165.533
675.29	423.183
684.965	290.404
689.659	10.7597
687.421	297.869
684.992	449.199
693.768	167.194
698.55	138.06
702.269	32.6841
699.79	315.735
699.79	315.735
719.334	143.485
731.589	59.592
42.8695	271.078
49.8678	446.65
59.1478	148.781
63.9461	274.909
69.7916	450.52
75.2907	95.4277
78.654	19.7569
87.4423	445.685
92.1665	46.0349
94.7513	121.616
100.632	275.351
104.779	257.033
106.236	182.57
108.541	141.384
106.359	302.151
118.884	198.652
122.928	92.4967
120.909	343.308
126.203	331.536
130.747	214.314
131.967	177.077
132.55	351.249
136.065	448.502
153.001	146.841
155.902	314.491
159.185	251.291
161.617	466.44
162.318	301.311
165.973	370.632
168.749	176.172
174.249	467.21
184.168	200.356
186.879	141.635
189.998	212.736
197.009	163.624
201.254	285.082
208.484	43.0433
222.13	170.352
223.435	129.37
228.353	62.477
232.874	34.1996
228.636	287.419
243.474	62.7199
261.076	336.879
263.065	457.134
270.669	151.596
279.04	288.856
280.088	300.829
288.508	385.489
289.887	442.067
297.593	60.9018
303.027	57.5647
303.528	32.2764
300.431	394.43
300.278	442.959
305.756	405.056
319.434	277.354
325.453	48.3197
330.231	361.253
429.429	234.66
429.429	234.66
463.625	123.738
470.947	47.6319
475.853	395.516
485.162	80.1778
483.236	401.285
493.136	31.8941
500.744	124.023
500.614	266.367
500.614	266.367
504.698	54.9089
512.571	312.986
512.571	312.986
518.528	152.042
527.079	65.8865
535.52	346.31
536.856	335.742
540.848	350.792
545.431	91.142
549.564	404.001
557.714	162.248
558.55	131.715
560.427	126.646
563.137	168.413
573.12	397.414
575.58	385.276
585.631	13.2293
587.217	212.4
594.328	20.8993
587.993	460.098
587.993	460.098
596.283	219.495
595.886	363.356
600.475	42.007
604.851	7.6957
615.408	128.188
613.371	290.514
617.095	161.313
616.934	212.467
620.016	351.913
635.643	136.602
636.211	93.486
630.42	430.606
634.921	320.25
645.48	257.911
640.153	463.547
643.805	432.14
651.613	318.406
652.621	455.272
661.421	170.268
660.934	213.328
664.522	92.1788
675.034	303.84
677.411	311.453
675.629	423.18
684.929	290.415
689.63	150.286
687.505	297.76
689.552	10.7745
689.552	10.7745
684.978	448.989
693.502	174.999
704.694	165.576
721.656	103.674
731.975	59.5862
