42.5074	270.877
49.9447	446.54
52.4565	405.771
52.7413	437.898
58.9166	149.033
61.6289	261.333
68.7771	375.983
75.4476	95.509
75.3367	225.429
87.4893	445.632
90.687	242.168
94.6432	121.589
106.28	302.173
113.177	441.065
122.931	92.5121
121.108	343.014
126.13	331.551
128.241	282.997
132.839	226.555
132.57	351.307
137.29	99.7143
142.67	192.461
142.67	192.461
145.649	116.863
147.926	303.497
155.658	135.259
159.25	251.195
162.312	301.353
166.391	208.958
165.416	397.871
166.041	370.515
168.685	176.287
167.958	231.828
174.297	467.18
174.52	474.206
174.742	393.556
196.918	163.661
208.459	43.0478
209.14	245.566
222.028	112.707
222.377	170.215
223.506	129.556
228.302	62.4924
228.007	147.182
243.117	71.5264
244.308	471.954
257.416	243.766
260.412	337.417
275.145	426.496
279.046	288.855
280.086	300.897
288.563	385.502
289.819	442
297.235	67.8712
297.688	60.9667
303.441	32.2604
309.492	15.677
307.563	416.723
319.574	277.387
327.557	347.374
430.338	234.902
430.338	234.902
445.471	55.7649
445.471	55.7649
477.885	62.2759
495.646	39.6539
492.208	396.939
500.67	124.188
496.191	395.967
500.695	266.632
500.695	266.632
504.413	310.909
510.03	353.478
514.365	121.868
518.545	152.068
521.919	82.7823
527.044	65.9006
530.307	75.428
528.181	342.677
535.537	346.365
550.627	145.353
562.114	153.218
562.114	153.218
562.657	134.093
561.146	396.069
569.794	359.5
570.824	410.336
573.134	397.405
587.081	212.483
586.744	264.738
594.78	21.1031
594.78	21.1031
587.89	459.827
587.89	459.827
596.366	219.538
611.56	172.032
606.278	453.881
613.393	290.599
616.8	212.564
626.83	372.961
630.278	430.845
637.002	302.076
637.177	396.714
643.404	105.158
643.404	105.158
647.101	73.8696
647.101	73.8696
651.746	318.362
656.144	164.449
652.593	455.1
657.932	403.026
663.592	283.079
669.031	203.962
676.023	165.414
675.455	303.765
677.328	311.445
675.211	423.205
683.114	154.258
684.854	290.481
689.587	10.7999
689.497	150.246
687.434	297.839
685.108	449.179
698.395	138.089
731.951	59.6191
42.6396	270.929
52.7311	437.913
52.6439	405.515
58.9111	149.042
61.5536	261.281
69.8117	450.517
75.576	95.3626
78.5938	19.5834
75.3034	165.848
75.3955	225.341
90.6302	242.199
94.5974	121.592
94.5974	121.592
106.335	302.21
122.942	92.4767
120.95	343.161
126.22	331.592
128.226	282.971
128.38	452.082
128.38	452.082
131.998	177.134
132.818	226.574
132.579	351.311
145.666	116.865
145.861	453.282
147.897	303.622
152.87	146.94
159.201	251.333
160.07	219.944
162.401	301.27
166.431	208.82
174.276	467.148
187.196	141.689
201.161	160.376
208.374	42.976
223.36	129.491
228.348	62.4601
227.966	147.123
227.966	147.123
233.671	139.867
236.277	65.5781
244.398	471.915
257.43	243.71
260.444	337.395
263.683	331.307
278.996	288.863
280.959	425.459
280.959	425.459
287.374	451.249
288.381	385.526
290.02	400.053
297.25	67.9684
297.643	60.9274
309.51	15.6363
307.564	416.713
319.518	277.394
330.198	361.317
430.445	234.894
430.445	234.894
459.046	106.926
475.931	395.48
493.176	31.9827
495.616	39.4628
491.137	397.186
500.722	266.68
500.722	266.68
504.254	310.84
509.974	353.501
514.328	121.847
518.551	152.155
521.83	82.7401
522.266	73.2877
525.409	77.614
528.33	56.9527
539.045	105.992
535.544	346.393
536.866	335.785
549.455	403.951
563.048	168.436
566.88	145.691
569.787	359.497
575.591	188.958
571.329	410.591
575.018	370.95
587.125	212.427
586.735	264.738
594.868	21.0963
594.868	21.0963
587.944	459.943
587.944	459.943
596.936	233.879
611.46	171.993
606.219	453.854
616.813	212.586
620.106	351.893
633.983	142.398
636.193	93.4235
630.195	430.723
637.079	263.811
639.815	85.4717
636.982	302.122
637.295	396.788
645.042	165.774
642.946	322.7
643.93	292.355
652.575	455.139
661.041	213.375
657.929	403.056
672.481	125.824
677.425	311.509
677.425	311.509
675.274	423.246
683.373	154.247
683.373	154.247
684.783	290.506
689.539	10.7977
689.539	10.7977
689.472	150.277
687.504	297.797
685.035	449.199
719.157	143.436
721.797	103.71
732.154	59.59
42.5298	270.901
49.9434	446.727
52.4742	405.411
52.7406	437.946
58.5514	149.568
58.8708	284.015
63.544	143.016
68.7791	376.151
75.4913	95.4157
78.5497	19.6344
75.3692	225.411
75.3692	225.411
87.458	445.667
100.671	275.407
104.775	257.098
106.323	302.189
121.363	110.249
122.931	92.5234
121.003	343.14
121.003	343.14
126.129	331.572
137.259	99.6745
136.094	448.474
142.646	192.529
142.646	192.529
145.74	116.955
147.926	303.498
152.929	146.911
157.969	296.798
159.241	251.221
160.099	219.949
161.526	466.478
168.027	231.72
170.939	462.549
176.903	189.113
190.142	142.392
192.898	282.314
208.491	42.9973
222.166	112.784
228.376	62.4795
228.016	147.103
236.236	65.6159
260.414	337.462
277.868	102.094
275.162	426.455
278.927	288.935
280.084	300.857
287.186	451.264
287.186	451.264
290.823	190.633
290.033	400.01
297.248	67.9011
297.626	60.943
298.535	42.4516
300.492	394.459
319.608	277.388
325.369	48.3405
330.19	361.214
430.434	234.841
430.434	234.841
445.513	56.0151
445.513	56.0151
483.057	400.665
495.653	39.5096
492.228	396.932
500.655	124.146
500.752	266.754
500.752	266.754
504.569	54.6003
504.384	310.949
514.333	121.874
518.546	152.128
521.9	82.8434
525.438	77.5872
538.971	106.07
538.971	106.07
535.533	346.382
540.859	350.813
554.879	83.8017
549.353	404.026
558.91	358.486
563.001	168.439
571.154	330.376
567.647	465.335
582.057	405.525
586.742	264.747
589.891	210.378
592.679	198.36
594.839	21.1296
594.839	21.1296
587.849	459.798
596.701	204.582
606.27	453.92
616.803	212.575
619.315	173.588
619.782	351.903
617.957	428.617
633.147	100.333
634.015	142.407
634.015	142.407
637.047	263.843
637.05	302.1
637.302	396.789
647.085	73.8209
655.804	164.519
652.542	455.11
658.125	403.136
663.641	283.103
665.387	319.051
669.017	203.981
675.306	303.777
677.458	311.482
675.029	423.022
684.735	290.561
689.649	10.7774
687.564	297.76
685.153	449.258
693.886	167.073
696.341	103.952
696.341	103.952
703.429	186.337
705.697	144.586
731.583	131.84
42.9182	270.955
52.4807	405.511
52.7553	437.915
63.9896	274.918
68.7504	375.966
69.6429	450.396
75.6438	95.3337
78.582	19.6443
75.3346	225.373
92.2765	46.0357
87.5099	445.622
94.6838	121.522
94.6838	121.522
100.752	275.45
104.741	257.138
106.308	302.164
121.089	160.3
122.936	92.5103
120.849	343.33
120.849	343.33
126.159	331.626
131.968	177.161
132.773	226.589
136.127	448.469
145.676	116.934
155.96	314.392
159.278	251.238
160.126	219.961
162.243	301.49
161.563	466.453
168.699	176.278
167.994	231.779
166.706	451.089
190.205	142.419
192.896	282.366
201.18	160.407
208.38	42.9809
222.096	112.739
228.372	62.5243
228.007	147.157
228.007	147.157
236.286	65.6448
257.38	243.722
260.482	337.425
263.669	331.258
277.917	102.149
275.089	426.514
278.958	288.87
288.307	385.503
287.796	451.282
287.796	451.282
297.24	67.9912
297.673	60.9532
298.544	42.4021
292.903	403.105
307.558	416.795
319.496	277.383
325.42	48.2239
330.153	361.287
430.352	234.851
430.352	234.851
445.451	55.8495
445.451	55.8495
459.002	106.703
475.929	395.488
495.671	39.6256
492.185	396.948
500.71	266.665
500.71	266.665
504.488	54.4736
504.327	310.979
509.532	375.798
509.532	375.798
514.364	121.871
518.557	152.061
521.872	82.7859
525.421	77.6456
528.19	342.685
535.53	346.389
551.844	95.1691
549.603	404.002
555.479	141.82
562.645	134.095
562.187	189.114
558.919	358.456
569.777	359.513
573.11	397.473
586.757	264.777
589.941	210.413
592.73	198.38
594.793	21.1154
594.793	21.1154
587.907	459.968
587.907	459.968
596.697	204.602
606.263	453.917
613.402	290.581
617.034	161.332
616.867	212.552
619.961	351.879
633.189	100.373
636.27	93.4762
630.32	430.764
637.319	396.82
642.912	322.727
647.25	155.789
651.591	318.373
655.645	143.749
655.645	143.749
652.56	455.143
661.143	213.341
657.738	402.987
663.563	283.08
675.408	303.794
677.358	311.431
675.138	423.115
685.054	117.493
685.054	117.493
685.07	185.688
684.719	290.533
689.598	10.809
687.564	297.735
685.071	449.144
696.472	104.024
704.642	165.578
721.568	103.684
42.6791	270.907
49.9146	446.557
52.7137	437.942
52.4686	405.531
58.5436	283.926
68.816	375.976
78.599	19.6302
75.3718	225.38
87.4942	445.643
94.7351	121.535
104.786	257.013
106.416	302.246
115.669	62.5665
122.908	92.5038
120.968	343.174
120.968	343.174
128.228	282.987
128.36	452.075
131.978	177.206
137.254	99.7005
138.773	293.773
141.166	227.024
142.648	192.52
145.682	116.888
151.574	206.723
152.965	146.882
153.927	463.299
155.957	314.469
159.243	251.264
160.092	219.991
161.367	318.484
165.883	370.747
166.078	465.214
189.903	142.212
192.938	282.264
196.893	163.651
208.514	42.82
223.474	129.537
228.451	62.4574
227.95	147.117
227.95	147.117
225.3	442.239
236.328	65.6804
248.881	134.349
257.52	243.652
260.497	337.333
275.157	426.565
278.911	288.908
280.073	300.906
288.27	385.514
287.661	451.332
297.281	67.8598
297.618	60.921
298.532	42.4184
303.467	32.2512
305.874	405.054
307.569	416.771
319.586	277.372
330.19	361.219
430.438	234.829
430.438	234.829
445.501	55.9232
445.501	55.9232
461.759	116.502
475.945	395.474
491.157	397.194
500.674	266.526
500.674	266.526
504.334	310.883
514.432	121.844
512.001	353.685
518.573	152.118
521.967	82.8911
522.282	73.2828
529.884	77.9459
528.172	342.751
535.539	346.394
550.629	145.339
551.808	95.1166
558.92	358.416
566.935	145.707
569.802	359.484
573.141	397.428
585.714	182.51
585.714	182.51
582.048	405.465
587.086	212.479
586.733	264.728
594.833	21.1085
594.833	21.1085
587.974	460.02
587.974	460.02
596.739	219.654
611.511	171.986
606.221	453.917
613.021	198.97
615.434	128.225
616.778	212.583
619.945	351.894
618.025	428.652
637.346	396.815
642.963	322.733
645.346	258.023
644.606	314.831
655.58	143.768
656.896	81.232
656.896	81.232
652.572	455.067
661.123	213.373
657.857	403.008
663.577	283.087
675.283	303.87
675.448	423.299
684.648	290.593
689.656	10.7521
689.742	150.257
687.416	297.866
699.689	315.596
703.168	186.319
710.239	117.818
712.802	154.683
721.755	103.676
732.139	59.5579
