42.7908	270.955
52.7343	437.933
52.5344	405.374
58.4228	206.74
61.5415	261.252
68.7437	376.262
69.6936	450.468
75.4382	95.5492
78.5768	19.6393
75.3618	225.363
79.1223	359.497
87.4793	445.66
90.6479	242.227
94.7067	121.599
108.537	141.522
106.346	302.235
121.12	160.342
121.12	160.342
122.894	92.4866
128.236	282.981
128.405	452.071
132.6	351.259
138.764	293.763
141.154	227.064
145.695	116.945
145.858	453.321
151.528	206.791
149.675	459.181
155.65	135.295
157.85	296.999
159.211	251.263
160.056	219.97
162.302	301.314
166.026	370.553
183.066	156.58
196.892	163.659
201.359	285.156
223.363	129.458
228.21	62.5053
228.064	147.22
236.307	65.6526
258.488	121.991
257.445	243.672
260.481	337.354
279.065	288.815
280.079	300.869
278.934	457.66
290.838	190.6
287.54	451.247
288.398	385.508
297.608	60.9155
298.547	42.4007
300.531	394.443
306.506	381.095
306.506	381.095
307.542	416.717
317.366	50.9509
319.565	277.371
325.39	48.2705
430.414	234.986
430.414	234.986
445.495	55.9193
445.495	55.9193
450.657	76.0053
461.782	116.688
471.447	47.6732
475.911	395.482
495.689	39.6086
492.222	396.931
500.749	266.729
500.749	266.729
504.486	54.4338
504.432	310.765
509.2	375.964
509.2	375.964
514.325	121.868
520.434	345.226
538.997	106.061
538.997	106.061
535.555	346.373
540.811	350.848
549.419	90.0982
551.777	95.2018
549.458	404.012
557.684	162.219
569.837	359.476
573.115	397.427
585.698	182.503
587.089	212.443
586.745	264.766
594.726	21.1424
594.726	21.1424
587.943	459.963
587.943	459.963
597.921	226.515
601.256	154.266
611.478	171.96
613.4	290.601
616.871	212.58
619.647	124.321
620.04	351.95
617.874	428.537
634.072	142.456
636.201	93.4777
634.713	320.412
636.98	302.082
637.348	396.803
647.085	73.8617
652.466	455.044
656.529	402.372
663.563	283.105
669.245	203.95
675.276	303.831
677.383	311.415
675.312	423.161
683.105	154.277
684.878	290.461
689.582	10.8494
687.571	297.763
685.176	449.184
696.713	103.959
699.119	154.782
703.792	110.966
726.547	126.925
732.197	59.5938
42.8529	271.015
52.7239	437.92
58.66	283.923
63.3728	143.137
73.8514	40.659
68.7497	376.011
69.5558	450.453
75.4147	95.5647
78.4771	19.5881
75.2929	165.897
75.3535	225.377
79.125	359.42
94.64	121.648
104.758	257.068
106.317	302.176
113.175	441.075
113.175	441.075
122.902	92.4978
121.094	342.995
126.088	331.594
128.201	283.094
131.968	177.235
132.762	226.612
143.625	130.251
145.686	116.897
151.556	206.745
152.882	146.928
153.065	249.137
155.678	135.301
153.887	463.372
153.887	463.372
157.996	296.74
159.231	251.266
161.379	318.322
165.512	397.931
167.959	231.765
196.894	163.661
208.426	43.0564
227.97	147.139
236.378	65.7085
243.007	71.3478
248.85	134.412
257.451	243.696
260.505	337.262
277.146	101.83
275.106	426.598
278.99	288.873
280.075	300.883
280.839	368.063
280.943	425.471
287.007	451.294
290.772	190.612
288.559	385.498
289.961	400.038
289.747	441.994
297.229	67.7928
297.648	60.9447
298.529	42.4002
307.555	416.717
319.621	277.413
325.207	48.3507
330.356	353.668
430.402	234.886
430.402	234.886
445.457	55.7484
445.457	55.7484
483.04	400.763
493.19	31.9338
495.72	39.8281
492.22	396.937
500.637	124.083
500.719	266.675
500.719	266.675
504.532	54.6594
504.283	311.082
514.241	121.879
512.051	353.614
518.546	152.257
521.891	82.7631
527.034	65.9065
533.429	93.141
539.004	106.075
539.004	106.075
535.525	346.362
536.801	335.726
549.509	403.979
556.151	402.856
562.235	153.188
562.235	153.188
558.929	358.454
569.819	359.475
586.735	264.736
594.73	21.0846
594.73	21.0846
587.936	459.96
587.936	459.96
596.674	204.472
597.92	226.513
601.374	154.433
606.259	453.852
613.384	290.6
618.517	201.03
619.933	351.9
617.829	428.618
636.257	93.5139
635.451	212.673
636.957	302.063
637.34	396.857
645.483	174.001
647.308	73.8886
651.336	112.364
651.336	112.364
651.622	318.412
652.525	455.07
656.679	402.456
663.589	283.098
675.299	303.843
677.374	311.511
675.289	423.223
684.807	290.497
689.552	10.786
689.434	150.227
687.535	297.758
685.156	449.152
693.354	174.967
703.038	186.301
717.54	111.512
731.901	59.6276
42.8628	271.051
52.7283	437.925
59.0018	148.898
58.8288	283.986
68.7582	375.815
69.7497	450.478
75.3654	95.5481
78.581	19.6732
75.437	165.683
75.4104	225.295
75.4104	225.295
79.3679	359.103
92.2749	45.9996
87.5224	445.594
91.9749	112.235
90.6359	242.193
106.236	302.116
122.964	92.5138
121.084	343.029
126.19	331.592
128.206	283.006
131.988	177.179
132.422	457.874
137.285	99.7022
145.703	116.875
152.943	146.916
153.942	463.333
153.942	463.333
155.991	314.311
159.246	251.273
160.094	219.947
161.46	162.457
162.325	301.348
165.951	370.72
168.014	231.825
190.041	142.312
201.408	285.209
208.373	43.0572
222.294	170.341
228.284	62.4842
227.942	147.078
236.288	65.562
244.381	471.979
257.512	243.715
260.461	337.352
273.855	136.545
277.45	101.964
278.932	288.881
280.076	300.859
280.949	425.487
280.949	425.487
287.257	451.216
288.272	385.527
289.936	400.056
297.625	60.9416
298.497	42.3983
292.86	403.093
303.187	57.461
319.546	277.367
325.456	48.4006
330.238	361.195
430.396	234.788
430.396	234.788
445.474	55.8888
445.474	55.8888
477.909	62.2062
493.173	31.9348
495.626	39.5405
491.171	397.18
500.694	124.078
496.184	395.959
500.753	266.826
500.753	266.826
504.336	311.031
514.385	121.873
511.975	353.632
518.565	152.136
521.904	82.861
520.449	345.158
525.482	77.6886
527.02	65.9007
535.53	346.364
537.183	406.359
549.596	404.023
555.162	118.598
558.537	131.756
562.101	153.24
562.101	153.24
558.914	358.468
569.782	359.517
567.606	465.472
587.114	212.484
586.721	264.706
594.843	21.1067
594.843	21.1067
587.889	459.864
597.929	226.529
611.509	171.998
606.437	453.831
613.4	290.606
618.618	194.45
619.856	351.883
630.188	430.789
636.974	302.068
637.36	396.81
651.464	112.551
651.464	112.551
651.67	318.469
656.948	81.1944
656.948	81.1944
652.515	455.07
661.112	213.389
657.937	403.032
663.553	283.073
669.27	203.977
675.215	303.866
677.441	311.467
675.229	423.179
684.901	290.454
689.531	10.7619
689.531	10.7619
687.518	297.798
685.07	449.185
696.519	103.925
710.089	169.339
710.089	169.339
716.882	111.303
717.865	129.834
721.256	103.692
43.0378	271.089
49.9715	446.578
52.4531	405.801
52.7445	437.908
58.7213	283.949
63.7142	142.662
68.7479	375.976
75.5558	95.3644
78.5763	19.642
75.3854	225.333
75.3854	225.333
92.2672	46.0244
87.4942	445.627
94.7796	121.531
106.339	302.207
115.685	62.6117
121.385	110.288
121.084	160.356
121.084	160.356
120.958	343.227
120.958	343.227
128.181	283.027
128.181	283.027
128.37	452.057
138.779	293.715
145.767	116.99
151.533	206.702
156.023	314.298
159.2	251.269
160.071	220.01
161.477	466.54
162.37	301.287
165.373	397.855
165.986	370.565
170.762	438.319
182.889	156.617
190.117	142.349
192.903	282.306
201.136	160.362
208.466	43.0811
222.281	170.325
228.355	62.5037
233.709	139.974
244.345	471.882
253.589	187.681
260.469	337.341
275.134	426.518
282.297	79.6544
278.963	288.885
280.115	300.924
280.941	425.483
286.99	141.272
287.006	451.232
288.38	385.528
289.919	441.934
297.687	60.9722
298.586	42.4405
292.847	403.096
302.091	55.4524
309.507	15.6726
307.568	416.751
319.605	277.408
330.233	361.178
430.474	234.992
430.474	234.992
445.475	55.917
445.475	55.917
459.047	106.895
483.093	400.986
495.681	39.6986
492.254	396.929
500.721	124.154
500.709	266.68
500.709	266.68
504.627	54.8489
504.355	310.805
510.003	353.484
518.551	151.998
521.915	82.7919
527.026	65.8876
533.399	93.1443
539.046	106.039
539.046	106.039
535.542	346.338
536.933	335.773
549.396	404.038
562.145	153.191
558.937	358.431
567.715	465.48
575.637	188.957
570.962	410.313
575.654	385.239
587.066	212.442
586.753	264.78
594.773	21.1102
594.773	21.1102
587.853	459.788
597.921	226.53
605.654	8.09472
609.37	187.426
613.397	290.627
616.958	212.579
620.036	351.904
618.028	428.687
636.937	302.063
637.376	396.811
643.782	209.869
647.134	73.8245
647.134	73.8245
651.432	112.488
651.597	318.411
652.521	455.06
657.735	402.973
663.569	283.111
672.438	125.873
675.756	165.528
675.301	303.829
677.606	311.496
675.349	423.273
684.94	185.736
684.837	290.492
689.359	150.216
689.554	10.8223
687.523	297.779
685.091	449.199
693.754	167.097
696.017	103.968
698.13	138.101
697.366	449.528
732.254	59.5882
42.5074	270.877
49.9447	446.54
52.4565	405.771
52.7413	437.898
58.9166	149.033
61.6289	261.333
68.7771	375.983
75.4476	95.509
75.3367	225.429
87.4893	445.632
90.687	242.168
94.6432	121.589
106.28	302.173
113.177	441.065
122.931	92.5121
121.108	343.014
126.13	331.551
128.241	282.997
132.839	226.555
132.57	351.307
137.29	99.7143
142.67	192.461
142.67	192.461
145.649	116.863
147.926	303.497
155.658	135.259
159.25	251.195
162.312	301.353
166.391	208.958
165.416	397.871
166.041	370.515
168.685	176.287
167.958	231.828
174.297	467.18
174.52	474.206
174.742	393.556
196.918	163.661
208.459	43.0478
209.14	245.566
222.028	112.707
222.377	170.215
223.506	129.556
228.302	62.4924
228.007	147.182
243.117	71.5264
244.308	471.954
257.416	243.766
260.412	337.417
275.145	426.496
279.046	288.855
280.086	300.897
288.563	385.502
289.819	442
297.235	67.8712
297.688	60.9667
303.441	32.2604
309.492	15.677
307.563	416.723
319.574	277.387
327.557	347.374
430.338	234.902
430.338	234.902
445.471	55.7649
445.471	55.7649
477.885	62.2759
495.646	39.6539
492.208	396.939
500.67	124.188
496.191	395.967
500.695	266.632
500.695	266.632
504.413	310.909
510.03	353.478
514.365	121.868
518.545	152.068
521.919	82.7823
527.044	65.9006
530.307	75.428
528.181	342.677
535.537	346.365
550.627	145.353
562.114	153.218
562.114	153.218
562.657	134.093
561.146	396.069
569.794	359.5
570.824	410.336
573.134	397.405
587.081	212.483
586.744	264.738
594.78	21.1031
594.78	21.1031
587.89	459.827
587.89	459.827
596.366	219.538
611.56	172.032
606.278	453.881
613.393	290.599
616.8	212.564
626.83	372.961
630.278	430.845
637.002	302.076
637.177	396.714
643.404	105.158
643.404	105.158
647.101	73.8696
647.101	73.8696
651.746	318.362
656.144	164.449
652.593	455.1
657.932	403.026
663.592	283.079
669.031	203.962
676.023	165.414
675.455	303.765
677.328	311.445
675.211	423.205
683.114	154.258
684.854	290.481
689.587	10.7999
689.497	150.246
687.434	297.839
685.108	449.179
698.395	138.089
731.951	59.6191
