49.9756	446.767
52.4861	405.169
52.6509	438.057
59.0832	148.841
58.9366	284.059
63.8915	274.959
68.7575	376.066
78.5046	19.5893
75.2947	165.763
75.2947	165.763
79.274	359.322
89.8168	135.117
87.4616	445.705
90.4942	242.462
90.4942	242.462
105.124	68.999
116.41	448.809
122.96	92.5039
132.809	226.606
132.541	351.431
138.762	293.835
138.762	293.835
143.633	130.274
144.86	216.667
152.997	230.155
155.791	135.459
159.69	207.022
160.741	177.004
161.236	318.736
162.28	301.489
161.515	466.469
163.762	459.653
165.882	370.901
182.822	156.694
208.468	43.1425
208.468	43.1425
221.254	112.261
221.981	170.529
223.497	129.502
244.347	471.935
258.346	121.979
258.974	412.235
258.974	412.235
266.086	160.336
279.012	288.87
280.036	300.857
287.388	451.28
288.453	385.439
297.34	68.3083
297.648	60.9435
298.556	42.3861
303.408	32.2696
299.83	443.029
305.982	405.052
314.868	399.419
319.474	277.427
325.621	48.3271
327.469	347.429
330.083	361.129
432.705	235.303
445.47	55.7305
471.166	47.7923
475.881	395.554
493.207	32.1012
494.235	102.24
502.831	112.627
504.614	54.7547
518.547	152.11
522.014	82.8452
520.487	345.294
530.197	75.1976
530.037	89.1753
536.131	48.046
536.965	335.836
550.01	130.803
560.398	126.762
556.079	403.055
566.271	322.879
569.771	359.51
575.486	188.963
575.627	385.327
582.048	405.573
587.112	212.585
586.594	264.377
592.678	198.327
595.16	21.7139
587.837	459.809
587.837	459.809
597.946	226.618
605.982	181.243
613.009	134.262
614.15	54.3638
613.121	198.813
606.153	453.804
615.48	128.351
613.383	290.529
615.792	247.175
617.755	270.799
619.942	351.923
623.622	202.974
633.16	100.387
630.178	430.884
639.883	85.5485
637.476	396.963
642.92	322.743
651.602	318.413
652.516	455.075
656.3	402.337
677.342	311.415
675.39	423.305
684.782	290.548
684.588	312.025
687.399	297.813
685.147	449.092
696.052	104.098
704.705	165.593
724.872	166.443
729.97	154.778
731.497	131.886
732.378	59.5837
42.6065	270.957
49.7834	446.738
52.6545	438.087
52.5119	405.741
63.7955	274.918
73.8531	40.6751
73.8531	40.6751
68.6982	376.018
78.9104	359.549
83.8619	130.16
87.4905	445.69
90.4945	242.5
90.4945	242.5
105.14	69.0365
105.14	69.0365
112.707	321.116
121.059	144.151
120.908	343.239
130.823	214.184
138.755	293.936
143.661	130.232
142.636	192.538
144.855	216.681
142.693	468.752
155.891	135.534
155.982	314.344
155.982	314.344
159.744	206.962
159.744	206.962
159.178	251.317
161.492	466.509
165.099	397.915
165.809	370.911
173.038	166.245
174.245	467.233
188.743	141.927
201.126	160.273
208.45	43.1538
221.822	170.67
223.2	129.529
228.367	62.4811
233.067	34.2941
257.365	243.715
258.98	412.268
258.98	412.268
260.961	336.959
266.149	160.464
274.177	136.738
270.24	446.815
279.038	288.904
280.055	300.887
288.388	385.432
287.606	451.253
297.197	68.0345
298.516	42.3899
303.451	32.257
299.895	442.864
309.332	15.2741
305.963	405.126
314.87	399.448
319.534	277.411
330.063	361.272
432.751	235.468
445.44	55.8138
466.042	133.148
475.886	395.559
493.163	32.0114
500.722	124.184
500.687	266.591
500.687	266.591
504.555	311.142
512.998	70.7949
522.04	82.8116
520.421	345.181
530.117	89.0309
536.152	48.0097
536.923	335.827
540.835	350.833
549.863	130.826
554.855	83.8587
557.868	162.599
558.524	131.809
556.062	403.089
566.287	322.865
569.798	359.494
567.663	465.568
575.557	189.078
582.028	405.485
587.081	212.56
586.601	264.356
595.036	21.7298
587.807	459.699
597.932	226.589
607.083	143.968
606.45	208.206
612.959	134.183
614.223	54.4308
613.406	290.551
615.846	247.196
619.349	173.619
620.106	351.903
628.223	155.53
634.97	274.106
630.289	430.761
634.88	320.283
639.848	85.463
631.122	480.496
637.385	396.906
647.081	73.8313
651.715	318.416
652.5	455.12
656.213	402.299
677.287	311.509
675.489	423.252
683.392	154.306
684.71	290.549
684.619	311.971
687.402	297.901
685.185	449.053
704.019	198.585
704.847	165.562
722.317	59.1385
726.626	126.991
731.944	59.5571
42.718	271.01
49.8241	446.785
52.4346	405.512
52.6393	438.067
58.9078	148.982
63.7916	274.887
68.7579	375.998
78.5065	19.6462
75.4506	225.316
83.7023	130.106
90.5049	242.472
105.174	68.9889
104.787	257.02
122.953	92.4424
121.035	160.42
128.39	452.059
128.39	452.059
132.537	351.445
138.788	293.846
138.788	293.846
143.648	130.284
142.677	192.469
144.836	216.706
145.823	453.34
152.968	230.186
155.922	135.611
156.017	314.301
156.017	314.301
160.694	177.15
166.273	209.134
163.73	459.678
165.204	398.019
165.717	371.071
188.805	141.988
201.168	160.401
208.384	43.2434
222.076	170.47
223.489	129.49
228.325	62.47
230.637	335.43
249.018	134.536
257.491	243.765
258.985	412.301
266.124	160.364
279.011	288.867
280.078	300.87
287.412	451.22
288.404	385.438
289.923	400.048
289.859	441.746
297.206	68.1072
298.536	42.4047
303.428	32.2837
300.29	394.524
299.818	442.807
309.333	15.3609
306.053	405.073
319.509	277.389
330.094	361.144
432.73	235.372
450.495	75.3391
452.435	82.6323
466.08	133.336
470.871	47.294
475.888	395.563
483.189	401.158
493.194	31.9216
500.666	266.485
500.666	266.485
504.58	54.6511
515.325	126.105
515.468	370.941
515.468	370.941
522.062	82.8223
520.417	345.082
530.133	75.1637
533.462	93.1562
536.085	48.1426
536.991	335.838
536.704	406.789
557.839	162.543
558.587	131.834
560.392	126.702
566.293	322.871
575.525	188.995
575.587	385.409
582.074	405.501
587.109	212.592
583.806	362.658
586.595	264.339
595.235	21.6933
587.769	459.697
587.769	459.697
597.909	226.564
605.934	181.223
614.227	54.4284
613.147	198.83
613.408	290.545
615.876	247.157
617.121	212.681
620.058	351.935
622.879	261.986
633.155	100.385
630.351	430.876
639.824	85.4499
641.465	133.012
637.43	396.897
642.979	322.908
651.255	112.347
651.568	318.382
652.493	455.102
656.354	402.373
675.336	423.283
684.986	290.418
687.387	297.829
685.154	449.061
696.342	104.014
699.668	315.578
702.821	186.324
704.111	198.514
706.462	302.297
717.792	129.877
732.151	59.6508
738.007	151.046
42.7745	271.028
52.4647	405.495
52.6614	438.046
63.9297	274.979
68.5709	375.869
69.6664	450.421
78.5544	19.5971
75.3492	165.775
75.3492	165.775
78.8219	359.682
90.0542	135.392
90.4642	242.471
105.174	69.0049
104.813	257.014
112.7	321.115
112.7	321.115
122.958	92.4896
121.057	342.918
128.396	452.064
132.747	226.669
132.747	226.669
143.645	130.253
142.959	468.734
150.672	194.518
155.812	135.475
155.975	314.376
158.003	296.696
159.721	207.019
159.145	251.327
160.726	177.088
161.49	466.495
163.739	459.679
165.078	397.858
165.964	370.778
201.099	160.363
208.535	43.1249
221.277	112.263
228.297	62.454
228.05	147.219
258.596	122.163
254.182	409.503
258.973	412.269
266.111	160.356
278.998	288.906
280.053	300.88
286.785	141.073
288.281	385.435
287.711	451.227
287.711	451.227
297.616	60.9391
298.559	42.391
303.435	32.2981
300.268	394.551
299.923	442.802
309.443	15.4917
319.553	277.425
330.145	361.168
432.788	235.412
461.767	116.685
475.938	395.53
485.131	80.0962
493.24	32.0284
494.242	102.102
500.747	266.769
500.747	266.769
522.058	82.8452
520.432	345.083
530.156	88.9726
533.435	93.1737
536.114	48.0393
538.981	106.054
536.995	335.845
536.995	335.845
540.818	350.866
549.934	130.781
556.082	403.064
582.056	405.511
587.108	212.57
583.733	362.713
586.598	264.393
592.703	198.368
595.157	21.7158
587.831	459.759
587.831	459.759
598.05	158.454
597.933	226.575
605.976	181.228
606.201	208.194
613.074	134.351
614.258	54.4357
613.38	290.58
617.212	161.371
615.795	247.052
620.057	124.667
619.944	351.896
634.954	274.137
630.285	430.945
634.826	320.322
637.345	396.848
647.144	73.8801
647.144	73.8801
639.67	463.962
652.429	455.052
656.33	402.35
665.369	319.197
675.334	423.337
684.748	290.553
684.38	312.04
687.386	297.854
685.269	449.079
693.548	174.923
696.405	103.908
702.651	186.323
699.884	315.889
731.984	59.6105
739.427	119.479
739.427	119.479
43.0477	271.083
52.6589	438.059
52.5458	405.741
63.6383	274.827
73.98	40.6714
68.6635	375.943
69.7124	450.438
78.5218	19.609
75.3737	165.714
75.3737	165.714
75.4333	225.337
79.037	359.474
83.8246	130.143
90.4762	242.465
94.8129	121.683
105.104	69.0007
104.774	257.045
112.678	321.145
122.953	92.5346
128.404	452.08
128.404	452.08
132.514	351.422
138.734	293.921
144.842	216.71
149.645	459.237
152.951	230.197
155.834	135.464
156.014	314.26
162.339	301.308
166.141	209.298
165.071	397.814
165.73	370.965
170.926	462.564
188.824	142.039
196.811	151.895
201.159	160.323
208.442	43.1848
222.06	170.472
223.394	129.458
228.407	62.5434
258.723	122.085
257.396	243.725
258.975	412.323
260.981	336.942
266.098	160.352
278.996	288.876
280.066	300.859
287.185	451.297
288.357	385.465
289.832	442.035
297.64	60.9485
298.537	42.398
292.858	403.084
303.491	32.2298
300.244	394.538
299.778	442.754
309.359	15.3601
305.924	405.077
319.518	277.406
330.115	361.118
432.768	235.401
438.825	31.1402
438.825	31.1402
461.766	116.704
475.888	395.568
493.247	32.1823
494.371	102.229
500.751	266.748
500.751	266.748
512.974	70.7723
518.486	152.227
522.023	82.8488
520.434	345.188
530.076	89.114
533.45	93.2036
536.135	48.0356
539.015	106.025
537.048	335.863
537.048	335.863
540.856	350.867
549.831	130.82
556.065	403.041
571.116	410.528
587.071	212.54
583.791	362.631
586.59	264.302
595.071	21.7062
587.76	459.648
587.76	459.648
596.057	163.547
596.057	163.547
597.888	226.472
606.001	181.248
614.34	54.5463
606.177	453.821
613.397	290.567
615.857	247.209
617.058	212.694
619.924	124.609
619.829	351.901
617.938	428.679
628.111	155.324
634.964	274.165
634.727	320.379
641.49	133.086
637.383	396.832
647.193	73.8834
647.193	73.8834
651.658	318.336
652.471	455.019
656.388	402.472
675.333	423.191
684.908	290.403
684.567	311.995
687.438	297.816
684.888	449.04
693.899	303.807
698.322	138.161
704.556	165.631
723.003	65.5605
725.439	166.505
731.984	59.5986
738.433	151.251
