42.5702	270.978
49.8846	446.729
52.6764	405.502
58.9594	284.052
68.5785	375.736
75.4056	95.5413
78.5943	19.6282
75.3414	165.786
75.4269	225.343
89.709	135.045
87.508	445.603
105.215	69.0042
108.866	167.484
106.254	302.238
112.357	90.9511
117.014	270.196
117.014	270.196
121.141	342.952
124.738	445.575
132.586	351.305
143.683	130.29
144.834	216.686
152.995	230.251
155.785	135.496
155.973	314.339
155.973	314.339
159.253	251.285
166.374	208.996
163.706	459.715
164.958	397.838
165.78	370.961
168.294	419.728
170.672	438.039
186.882	141.608
192.89	282.364
201.113	160.35
208.676	43.0119
222.056	170.548
228.375	62.4763
248.685	133.98
257.607	243.614
260.744	337.069
266.08	160.296
270.697	151.457
275.142	426.638
279.044	288.855
280.041	300.836
286.902	141.15
288.68	385.525
287.764	451.259
287.764	451.259
297.237	68.1299
298.496	42.3882
303.427	32.2231
302.97	57.9263
299.824	442.756
306.367	381.163
306.367	381.163
305.956	405.075
314.857	399.388
324.863	48.6229
433.535	235.504
433.535	235.504
471.232	47.9355
483.185	401.033
493.129	31.9236
504.658	54.8238
500.744	266.772
500.744	266.772
497.519	395.54
504.535	311.132
509.684	353.449
515.379	126.091
518.5	152.062
521.915	82.8706
520.41	345.152
525.383	149.696
533.39	93.1653
546.467	27.9451
550.701	145.713
554.912	84.0415
558.598	131.817
569.782	359.494
567.693	465.508
573.088	318.694
571.341	410.649
579.449	164.589
578.144	314.091
587.115	212.493
583.672	362.852
582.304	406.253
586.809	264.811
595.123	21.8858
588.023	460.182
601.431	154.498
600.11	284.414
605.017	248.97
608.21	245.243
614.337	54.4982
615.489	128.417
608.177	476.363
617.047	212.526
619.891	124.567
619.406	173.587
617.756	270.758
619.697	351.862
618.06	428.779
633.212	100.409
635.013	274.144
644.954	95.1246
637.401	396.887
644.233	315.067
652.879	309.153
652.7	455.273
656.051	402.429
668.878	204.019
684.865	290.432
687.514	297.761
685.295	449.289
698.912	154.894
699.769	315.72
699.769	315.72
709.737	169.414
709.737	169.414
717.229	111.429
43.0792	271.006
49.8621	446.636
52.2886	405.543
52.7437	437.924
58.6717	149.358
58.5206	283.929
73.9439	40.6739
68.6388	375.86
75.4356	95.4921
78.5895	19.6267
78.7898	359.652
90.659	242.19
108.894	167.483
106.318	302.247
112.534	90.7897
117.017	270.211
122.952	92.5189
120.946	184.66
124.744	445.582
137.196	99.7067
132.604	351.242
136.088	448.59
143.68	130.235
142.646	192.552
144.747	216.705
145.845	453.359
150.906	194.017
150.906	194.017
155.998	314.381
159.277	251.299
162.266	301.447
165.019	397.851
165.918	370.813
168.224	419.895
170.928	462.642
183.035	156.683
186.954	141.656
192.852	282.383
201.148	160.398
208.71	42.8666
228.031	147.193
248.847	134.047
257.514	243.611
260.695	337.188
266.137	160.336
263.194	457.104
275.196	426.637
278.935	288.911
280.061	300.854
286.685	140.836
287.27	451.208
288.839	385.508
297.275	68.1916
297.606	60.8941
289.848	400.103
298.495	42.4187
303.424	32.1977
299.774	442.645
306.387	381.165
306.387	381.165
314.863	399.415
319.539	277.379
433.685	235.46
433.685	235.46
450.688	76.1371
450.688	76.1371
466.095	133.273
471.282	47.9015
477.899	62.3356
483.13	401.004
493.187	32.0291
502.846	112.705
500.713	266.684
504.391	311.03
511.068	353.424
518.52	151.866
521.972	82.8705
515.671	370.824
520.416	345.135
533.406	93.2184
546.44	27.9515
549.423	90.0964
549.647	403.979
559.851	146.634
559.851	146.634
562.036	330.242
573.092	318.618
579.453	164.593
576.651	361.636
587.153	212.587
583.757	362.798
582.254	406.199
586.793	264.753
595.293	21.8375
587.936	460.006
600.135	284.394
602.414	194.379
604.941	248.882
608.219	245.216
614.478	54.6978
612.868	237.731
618.744	194.425
619.337	173.508
617.731	270.79
619.76	351.86
623.022	282.143
618.143	428.769
630.329	147.711
630.329	147.711
633.198	100.443
631.785	481.176
637.504	396.896
643.091	322.944
652.884	309.123
652.62	455.304
664.457	92.1733
656.944	402.723
684.956	290.396
687.287	297.943
699.841	315.808
710.003	169.268
710.003	169.268
712.857	154.742
730.113	154.745
731.231	87.1006
731.79	59.6224
52.365	405.528
52.7722	437.853
58.8319	284.022
63.6971	274.881
73.8745	40.6577
73.8745	40.6577
68.4787	376.16
69.6877	450.511
75.4765	95.4583
79.2251	359.291
83.8465	130.177
92.2419	45.9529
89.7788	135.24
87.5007	445.631
105.18	68.9995
105.18	68.9995
100.473	275.239
121.109	160.433
121.028	343.137
123.705	295.066
128.263	282.991
128.358	452.096
132.059	177.134
132.751	226.641
138.691	294.007
144.853	216.703
145.911	453.263
152.882	230.057
155.97	135.574
156.058	314.234
159.792	206.866
159.189	251.373
162.272	301.347
163.722	459.759
176.996	188.982
188.402	141.912
185.933	428.163
201.156	160.338
201.522	285.142
208.414	43.1656
223.293	129.647
222.366	170.263
228.461	62.5152
266.13	160.41
270.572	457.667
275.15	426.776
280.854	142.054
278.955	288.879
280.088	300.913
286.999	368.604
287.362	451.343
288.485	385.487
297.226	68.0729
298.531	42.3574
303.437	32.2738
304.553	176.619
299.82	443.026
305.852	405.104
321.134	48.3453
314.83	399.458
319.517	277.415
327.527	347.416
330.193	361.118
432.64	235.508
452.399	82.585
452.399	82.585
476.014	395.522
485.133	80.1306
483.281	401.084
493.302	32.2855
494.312	102.201
493.07	396.759
502.83	112.626
504.576	54.6788
500.657	266.49
500.657	266.49
504.345	310.852
518.565	152.069
520.451	345.155
531.079	98.7438
536.082	48.131
541.443	361.936
550.675	145.602
554.943	83.8838
554.011	172.401
560.438	126.774
562.034	330.279
569.657	359.548
571.077	330.426
567.64	465.223
573.165	397.451
587.079	212.631
582.044	405.543
586.617	264.377
590.942	173.346
595.186	21.8384
587.777	459.8
597.994	226.603
604.725	248.745
607.214	144.154
613.142	198.797
607.123	454.35
615.615	247.442
618.185	201.256
617.69	270.848
620.028	351.953
617.985	428.757
633.255	100.426
633.699	152.701
634.778	320.4
636.932	263.942
637.427	396.975
647.252	73.9357
644.262	315.025
652.447	455.039
656.541	402.553
675.371	423.243
684.924	290.432
687.306	297.915
693.461	175.01
685.238	449.081
693.843	303.821
699.912	315.948
704.03	198.55
696.973	449.134
717.718	129.95
731.019	87.0923
739.167	151.582
52.6975	437.897
52.6618	405.163
58.8096	283.972
63.617	142.995
63.9916	274.97
68.7421	375.854
75.4527	95.5388
78.5453	19.6091
75.3749	225.329
92.2084	46.0967
91.814	112.339
90.6193	242.212
94.9888	121.532
105.121	69.033
104.854	256.895
103.516	447.187
106.464	302.238
108.395	336.145
108.395	336.145
112.641	321.123
122.916	92.5346
120.991	160.429
124.74	445.594
132.015	177.099
141.211	227.017
145.848	453.331
152.909	146.916
159.258	251.23
162.361	301.393
166.258	209.192
164.772	310.282
167.201	220.137
165.147	397.821
165.843	370.852
169.006	456.227
186.915	141.61
201.286	285.136
212.245	162.171
221.529	112.368
222.083	170.431
228.354	62.4881
228.524	287.36
236.214	65.5583
248.824	134.163
260.337	337.41
263.72	331.347
263.375	457.054
272.597	285.517
275.007	426.633
287.008	368.618
287.313	451.201
288.489	385.532
289.816	400.058
297.211	68.0628
297.646	60.9551
289.866	442.099
298.579	42.3948
309.479	15.5907
306.434	381.171
306.434	381.171
314.872	399.404
319.563	277.34
430.934	235.127
445.436	55.6447
445.436	55.6447
475.976	395.547
475.976	395.547
495.472	39.3216
492.401	396.903
502.773	112.471
504.55	54.6315
500.666	266.506
500.666	266.506
514.399	121.84
518.522	152.208
522	82.7936
533.424	93.1892
528.175	342.995
546.117	28.0531
546.117	28.0531
549.761	130.87
554.916	83.9614
549.607	403.92
557.783	162.428
562.035	330.323
567.059	145.903
567.562	465.318
576.69	361.62
587.075	212.677
582.189	405.758
583.899	362.566
592.9	198.508
587.905	459.935
608.181	245.263
614.084	54.3133
613.155	198.788
613.382	290.529
617.725	270.846
619.636	351.799
618.013	428.742
627.947	155.169
630.192	147.657
636.258	93.4648
635.511	212.669
634.728	320.383
641.533	133.129
631.368	480.604
637.467	396.933
647.08	73.8271
642.98	322.79
652.531	455.063
656.134	402.294
674.93	303.928
677.536	311.459
675.404	423.253
684.785	290.522
687.446	297.856
684.97	449.054
703.082	186.269
704.709	165.604
722.761	65.4826
731.846	59.6473
739.364	119.518
739.364	119.518
52.6984	437.983
59.0185	148.815
58.9282	284.007
63.7595	274.875
68.6696	375.682
69.7058	450.487
75.3248	95.5914
78.4846	19.585
75.4031	165.806
94.9527	121.624
105.157	69.0113
104.825	257
116.967	270.217
118.871	198.676
122.968	92.5252
120.983	343.14
128.389	452.058
128.389	452.058
132.485	351.432
138.74	293.851
138.74	293.851
143.679	130.245
142.645	192.474
147.883	303.64
149.978	240.637
155.912	135.491
159.243	251.284
162.293	301.309
161.523	466.505
166.332	209.052
165.849	370.92
168.237	419.757
173.013	166.206
170.925	462.623
201.175	160.361
209.69	143.108
222.009	170.494
223.396	129.486
228.376	62.5134
232.82	34.2411
233.431	139.434
242.952	71.1781
244.274	471.987
254.791	42.5499
260.058	337.595
275.176	426.56
279.091	288.83
279.091	288.83
280.062	300.863
287.329	451.267
289.86	442.04
297.279	68.1973
297.613	60.8951
309.459	15.6281
305.939	405.047
306.493	381.162
306.493	381.162
314.863	399.394
325.072	48.4584
431.43	235.404
445.428	55.832
445.428	55.832
466.09	133.151
471.228	47.6626
476.034	395.497
495.958	40.4585
492.285	396.964
502.722	112.172
504.497	54.5131
504.514	311.023
509.475	375.902
509.475	375.902
518.51	152.177
525.413	77.6546
520.443	345.155
531.046	98.9403
533.484	93.1791
536.235	47.959
550.652	145.49
555.171	118.545
549.436	404.007
557.832	162.554
561.954	330.245
569.7	359.531
571.184	330.426
567.594	465.491
575.668	188.938
575.601	385.381
587.15	212.568
582.249	405.909
595.149	21.5917
587.857	459.842
596.731	233.621
612.96	134.22
614.256	54.4615
613.001	198.984
606.311	453.893
615.406	128.319
613.353	290.608
615.888	247.18
616.85	212.677
619.598	351.957
618.035	428.774
634.72	320.454
636.948	263.909
637.207	396.665
645.107	95.1169
644.342	314.936
654.92	60.4051
652.449	455.066
656.752	402.647
665.687	181.199
675.004	303.823
684.462	117.645
684.462	117.645
684.854	290.442
684.677	311.943
689.669	10.7684
689.669	10.7684
687.47	297.781
685.238	449.157
693.975	167.131
696.857	103.96
698.997	154.844
731.922	59.5773
