42.8453	271.013
52.7176	437.907
52.3825	405.643
58.656	283.94
68.7345	376.137
74.129	40.4509
69.7429	450.484
71.9598	302.704
75.3761	95.5174
92.0171	112.253
90.653	242.172
112.503	90.8729
112.646	321.06
121.083	160.411
128.267	282.945
132.803	226.559
132.538	457.716
132.538	457.716
132.63	351.282
137.387	99.8074
141.198	227.063
142.678	192.425
150.001	240.733
153.898	463.291
157.937	296.915
162.36	301.38
164.888	397.871
165.966	370.769
173.079	166.309
174.285	467.153
187.151	141.584
185.859	428.097
189.94	212.856
192.885	282.38
196.669	151.804
201.39	285.117
208.504	43.1032
209.052	80.6274
223.505	129.567
228.183	147.403
228.11	287.43
233.033	34.2879
230.571	335.482
252.139	61.5724
253.603	187.644
277.868	102.124
282.092	79.6833
279.089	288.772
284.427	427.982
287.118	368.606
287.214	451.227
288.724	385.495
289.901	400.082
289.842	441.978
297.267	68.1813
297.634	60.9088
298.5	42.4145
300.351	394.506
305.911	405.063
321.22	48.4996
319.511	277.351
327.526	347.494
330.218	361.289
431.591	235.13
431.591	235.13
461.759	116.67
461.759	116.67
476.004	395.561
476.004	395.561
493.198	31.9219
500.664	266.464
500.664	266.464
512.682	70.2974
509.509	375.868
509.509	375.868
518.485	152.149
520.444	345.148
525.408	77.6362
525.261	149.426
533.407	93.1724
536.985	335.752
546.277	28.0947
548.554	395.99
549.535	404.046
554.933	84.0381
558.589	131.844
558.972	358.34
566.122	322.9
569.767	359.507
567.646	465.244
587.232	212.394
586.622	264.436
587.622	459.371
594.764	21.2321
596.022	163.499
596.022	163.499
597.943	226.622
601.355	154.344
613.384	290.608
616.773	212.47
618.725	200.952
619.819	351.967
625.138	112.673
633.213	100.383
634.798	320.361
641.548	133.111
645.337	258.057
644.433	314.924
647.266	73.9084
647.31	155.835
643.703	432.25
652.424	455.06
657.95	403.127
675.461	423.205
684.948	290.428
685.087	449.165
694.328	258.203
699.743	315.618
699.743	315.618
697.138	449.179
704.794	165.579
717.833	129.845
723.696	149.812
730.206	154.767
731.848	59.6302
49.8916	446.741
52.7324	437.923
58.7244	149.281
58.6982	283.949
63.7481	274.83
68.6715	376.007
75.3072	95.6008
75.5128	165.663
92.2319	46.091
91.9563	112.281
90.688	242.158
90.688	242.158
106.352	302.173
108.631	141.489
112.604	321.034
113.18	441.068
121.096	160.341
121.105	343.05
121.59	454.233
130.712	214.309
132.524	351.417
141.115	227.145
152.885	146.87
153.918	463.306
153.918	463.306
157.982	296.696
162.314	301.356
164.933	397.898
166.02	370.726
167.971	231.664
184.116	200.389
187.263	141.598
196.912	151.83
201.533	285.14
208.613	42.8976
209.017	245.684
222.341	170.244
223.531	129.657
228.402	62.392
228.354	287.474
244.39	471.876
255.532	65.7433
253.594	187.674
258.552	122.043
263.085	457.141
272.445	285.517
288.777	385.522
289.775	400.066
297.293	68.1649
297.599	60.8876
298.515	42.4
300.325	394.477
306.009	405.077
321.011	48.3129
319.491	277.381
327.518	347.461
330.285	361.246
431.494	235.11
431.494	235.11
461.757	116.604
461.757	116.604
475.99	395.569
493.16	31.8545
492.548	396.9
500.686	266.55
500.686	266.55
504.527	54.5144
510.395	353.45
518.471	152.077
519.753	308.139
520.472	345.24
525.434	77.6513
525.193	149.515
526.975	65.8786
533.434	93.2206
537.031	335.769
546.262	28.0825
550.045	130.748
549.597	403.976
558.968	358.35
569.703	359.546
571.08	330.447
567.683	465.423
571.314	410.559
575.659	188.999
587.21	212.405
590.91	173.362
587.568	459.362
594.875	21.2735
597.934	226.608
601.365	154.383
608.05	476.285
613.402	290.608
615.577	128.419
615.577	128.419
617.225	161.368
617.097	212.474
619.832	351.945
618.036	428.794
633.247	100.419
634.782	320.293
637.021	396.626
645.402	257.98
647.147	73.8495
651.597	318.418
652.598	455.131
661.234	213.36
675.581	423.252
685.149	185.641
684.878	290.456
687.573	297.727
689.451	10.8581
689.451	10.8581
685.359	449.122
693.764	303.902
699.73	315.633
697.062	449.197
704.669	165.603
717.851	129.839
726.869	126.892
731.646	59.5776
42.5937	271.015
49.8137	446.737
52.7007	437.981
52.6388	405.182
58.6957	284.027
68.7103	376.18
75.1438	95.5608
75.3926	225.336
75.3926	225.336
100.675	275.413
104.832	256.996
106.469	302.225
121.074	160.443
122.928	92.4927
120.968	343.169
123.759	295.135
124.787	445.537
128.377	452.08
132.46	351.469
137.488	99.8875
143.674	130.244
142.69	192.397
145.703	116.909
160.096	220.094
161.355	162.571
166.04	370.57
174.251	467.19
174.502	474.258
182.949	156.658
188.744	323.231
188.744	323.231
201.479	285.142
206.96	241.927
209.518	142.838
209.02	245.732
228.363	62.5702
232.974	34.2431
236.178	65.5463
248.824	134.261
253.538	187.728
257.562	243.713
260.39	337.524
262.784	457.151
275.132	426.496
279.074	288.85
280.947	425.464
286.918	141.109
288.331	385.464
289.912	400.073
297.346	68.3001
303.129	57.5087
306.487	381.106
306.487	381.106
307.546	416.775
321.098	48.3168
319.556	277.422
430.594	235.021
430.594	235.021
476.073	395.504
485.135	80.0885
493.16	31.9925
494.345	102.313
495.887	40.2509
492.545	396.908
500.702	124.222
504.537	54.6242
504.424	310.637
509.459	375.908
510.121	353.677
525.473	77.6789
533.44	93.197
536.408	47.7025
535.578	346.526
546.289	28.093
550.659	145.347
558.586	131.771
562.172	153.203
562.172	153.203
566.179	322.904
569.727	359.52
569.727	359.52
567.583	465.359
573.075	397.619
582.069	405.603
587.164	212.528
587.846	459.846
597.917	226.539
606.218	453.819
613.356	290.482
615.584	247.102
616.97	212.648
620.108	351.961
618.054	428.763
633.279	100.478
630.285	430.829
636.942	302.015
643.41	105.448
643.41	105.448
637.397	396.897
651.652	318.419
652.563	455.196
662.877	154.472
664.508	92.2192
663.579	283.066
671.442	170.919
675.167	303.774
677.421	311.499
675.519	423.248
684.789	117.598
684.91	185.714
684.91	185.714
684.884	290.448
689.524	10.7847
687.499	297.812
685.013	449.327
696.254	104.117
721.283	103.659
731.549	131.874
42.974	271.044
49.9905	446.567
52.4371	405.339
52.7399	437.914
58.9391	149.018
63.8474	274.925
68.6208	376.201
78.5747	19.5952
75.3556	225.338
75.3556	225.338
92.4412	46.1154
87.4616	445.682
104.859	256.931
104.859	256.931
106.428	302.247
115.68	62.6401
121.248	143.921
122.88	92.5676
121.101	160.335
121.101	160.335
120.955	343.21
120.955	343.21
126.203	331.605
139.14	455.861
143.676	130.22
145.893	453.214
155.648	135.542
155.971	314.348
155.971	314.348
160.644	177.271
160.644	177.271
159.201	251.259
165.895	370.814
168.278	419.715
170.902	462.499
184.038	200.486
186.925	141.546
189.969	212.853
222.035	170.463
227.981	147.206
233.112	34.266
236.252	65.6568
240.928	98.786
248.873	134.173
257.983	70.0554
257.546	243.683
260.218	337.477
279.12	288.799
279.12	288.799
280.027	300.867
280.951	425.504
280.951	425.504
288.18	385.469
287.636	451.309
287.636	451.309
297.201	68.1872
297.564	60.8834
292.836	403.102
300.391	394.479
304.504	176.791
300.004	443.394
320.374	48.314
325.464	48.2143
327.548	252.515
431.034	235.112
477.893	62.3032
476.054	395.522
485.621	80.3078
493.224	32.0793
495.843	40.0019
492.341	396.971
503.502	137.358
503.502	137.358
504.412	310.864
509.559	375.831
509.559	375.831
518.447	152.022
525.397	77.6439
537.046	335.934
550.047	130.748
551.805	95.158
555.217	118.685
549.469	403.987
563	168.37
569.707	359.534
571.07	330.413
567.781	465.631
575.704	385.334
587.145	212.538
582.265	405.84
586.606	264.39
592.691	198.333
595.037	21.4616
595.037	21.4616
587.886	459.929
597.925	226.56
601.356	154.367
614.065	54.2644
613.363	290.543
617.218	212.681
620.018	351.976
634.011	142.471
634.011	142.471
636.863	301.931
637.658	397.097
645.051	95.0676
647.112	73.8614
651.744	318.38
654.557	401.752
652.54	455.109
661.163	213.396
658.335	403.346
663.622	283.007
671.908	170.999
675.243	423.188
689.611	10.7689
689.604	150.28
687.477	297.818
685.089	449.212
693.729	167.166
694.745	258.697
698.466	138.126
701.914	33.178
699.812	315.759
699.812	315.759
702.812	186.389
730.975	87.0741
732.079	59.6457
43.0661	271.063
52.5417	405.541
52.7444	437.919
63.97	274.956
68.6871	375.933
69.74	450.513
78.5143	19.6034
75.2704	165.889
75.2704	165.889
79.3657	359.044
92.2366	46.0083
90.6449	242.239
90.6449	242.239
94.8004	121.697
106.305	302.189
112.156	90.984
118.856	198.701
119.937	335.162
128.406	452.074
128.406	452.074
137.354	99.831
132.513	351.395
141.152	227.042
145.854	453.299
152.937	146.895
155.85	135.491
156.028	314.28
159.177	251.342
160.043	220.053
162.352	301.317
165.984	370.699
168.04	231.793
187.21	141.589
187.648	285.639
185.908	449.608
212.245	162.178
221.949	170.555
232.999	34.2135
248.909	134.49
244.299	471.985
260.095	337.572
265.687	132.182
275.1	426.487
282.111	79.7707
279.101	288.798
279.101	288.798
280.947	425.405
288.459	385.466
287.491	451.291
297.279	68.1007
289.838	442.073
297.618	60.9222
298.466	42.3877
292.808	403.083
305.907	405.035
306.504	381.117
306.504	381.117
319.519	277.372
325.4	48.3272
327.632	252.679
431.49	235.322
471.304	47.5511
476.093	395.492
493.261	32.0235
492.559	396.915
500.733	124.127
504.531	54.6577
504.47	280.621
504.47	280.621
504.431	310.756
514.468	121.876
512.051	353.822
518.541	152.198
521.967	82.802
531.011	98.9152
533.36	93.1677
535.601	346.484
549.45	404.002
558.567	131.801
563.073	168.45
566.916	145.734
568.311	314.953
567.703	465.436
571.331	410.717
575.022	370.969
575.743	385.39
580.734	193.214
587.178	212.507
595.227	21.6577
595.227	21.6577
587.925	459.918
597.945	226.556
605.941	181.276
614.138	54.3449
619.931	351.972
625.296	112.888
633.188	100.39
634.914	293.187
630.43	430.886
641.398	132.998
637.018	396.553
645.465	257.905
639.908	463.84
651.672	318.393
656.856	81.2606
653.048	309.004
652.514	455.156
656.719	402.653
666.622	251.855
666.622	251.855
672.038	171.06
684.762	290.503
685	449.178
699.857	315.869
699.857	315.869
703.93	198.591
704.75	165.535
712.747	154.729
722.759	65.5765
731.878	59.5778
739.447	119.493
