52.519	405.276
52.7248	437.936
59.1675	148.738
58.7263	284.054
63.7951	274.923
68.6738	376.045
69.7617	450.481
78.4908	19.6415
75.4439	165.671
75.4439	165.671
79.2464	359.288
83.7068	130.115
92.3112	46.1406
89.7962	135.186
87.4769	445.661
90.6679	242.124
105.138	69.0295
105.138	69.0295
104.814	256.975
106.445	302.34
123.686	295.101
132.782	226.669
136.079	448.573
144.786	216.633
145.908	453.206
147.848	303.728
155.767	135.438
159.839	206.73
159.839	206.73
159.174	251.282
161.352	318.423
176.996	189.045
174.224	467.285
182.91	156.682
188.665	141.876
185.888	428.095
201.44	285.127
208.385	43.1592
222.378	170.249
228.423	62.4016
227.909	147.107
258.486	121.982
257.537	243.721
260.471	405.341
263.72	331.272
270.177	446.842
286.712	141.056
287.011	368.598
288.646	385.528
297.254	68.145
303.22	57.4187
299.65	442.862
309.354	15.2919
305.867	405.096
306.492	381.342
306.492	381.342
314.847	399.367
325.394	48.4158
432.456	235.415
483.312	401.133
493.203	32.0574
495.428	39.2085
491.219	397.161
504.541	54.6353
504.416	310.963
509.295	376.04
510.504	353.698
515.403	126.15
518.476	152.064
521.979	82.8819
520.436	345.058
525.487	149.678
531.027	98.8122
533.396	93.1558
535.56	346.537
540.097	336.362
546.301	28.1004
555.333	141.9
549.483	404.014
558.567	131.809
562.871	168.352
558.944	358.473
567.663	465.429
575.706	188.857
582.008	405.391
587.203	212.616
583.85	362.687
586.828	264.905
595.307	21.802
587.723	459.603
597.926	226.527
602.199	273.874
605.914	181.269
608.14	245.29
614.42	54.6762
613.018	198.916
606.193	453.893
613.376	290.584
615.519	247.302
620.023	124.708
636.256	93.3671
630.283	430.883
636.945	302.05
641.528	133.196
637.262	396.866
647.071	73.8286
643.744	432.272
651.66	318.382
652.468	455.073
675.432	423.354
684.991	290.392
687.384	297.866
685.067	449.094
695.487	104.262
695.487	104.262
698.059	118.497
699.75	315.705
699.75	315.705
703.043	186.279
697.058	449.105
717.828	129.904
725.271	166.431
42.9283	271.057
52.5353	405.427
52.7587	437.892
63.9522	274.96
74.8193	78.6565
68.6959	375.886
69.7783	450.552
75.3596	95.6125
78.5979	19.6937
75.4309	225.214
83.6312	130
89.4767	81.875
92.3037	45.886
87.5007	445.631
104.844	256.973
115.674	62.5978
112.633	321.107
112.633	321.107
121.058	144.19
121.003	343.136
128.247	282.976
131.479	163.164
132.586	351.298
136.081	448.533
143.626	130.283
141.232	226.992
155.773	135.514
159.198	251.313
167.276	220.048
167.276	220.048
168.329	419.646
172.927	166.103
174.472	474.305
181.081	469.846
187.327	141.606
188.91	322.954
188.91	322.954
208.756	42.8958
208.756	42.8958
212.291	162.108
222.123	170.4
223.317	129.659
228.411	62.4447
228.393	287.469
236.352	65.674
248.885	134.342
259.005	412.246
259.005	412.246
266.145	160.441
270.557	457.641
279.078	288.786
280.025	300.895
286.982	368.615
288.339	385.452
289.376	472.928
298.457	42.3824
303.499	32.2335
303.152	57.6455
305.877	405.038
306.481	381.238
306.481	381.238
321.109	48.5459
314.86	399.46
319.613	277.39
431.815	235.537
466.083	133.081
466.083	133.081
476.031	395.586
493.247	32.0946
500.717	266.684
518.5	152.158
521.961	82.8468
515.676	370.919
515.676	370.919
525.436	77.6486
520.523	345.322
533.443	93.1676
535.577	346.526
546.5	28.0725
549.699	130.859
551.823	95.1372
549.551	403.99
562.583	134.263
556.18	403.071
569.727	359.519
569.727	359.519
571.019	330.446
567.625	465.447
587.012	212.627
586.723	264.64
590.923	173.371
595.225	21.8236
596.078	163.558
587.991	460.044
598.002	226.551
604.62	248.68
608.228	245.242
611.907	182.68
614.263	54.4663
606.486	454.011
607.167	454.371
613.396	290.537
619.44	173.644
619.828	351.986
618.073	428.757
633.193	100.42
634.035	142.485
634.035	142.485
636.829	301.877
637.381	396.861
647.064	73.8201
645.054	258.228
651.584	318.437
656.697	402.674
675.189	303.877
684.847	290.468
689.623	150.347
687.543	297.733
684.988	449.172
702.837	186.28
704.784	165.6
706.45	302.406
712.69	154.763
731.193	87.0896
731.73	59.5959
52.4534	405.427
52.7601	437.858
58.9829	284.014
63.85	274.862
68.7063	376.125
69.6654	450.485
75.3948	95.5512
75.3464	165.774
75.4139	225.261
79.1389	359.436
92.3412	45.9252
90.6509	242.219
115.714	62.6046
112.677	321.132
112.677	321.132
126.879	79.0212
128.244	283.007
131.478	163.241
128.391	452.091
128.391	452.091
132.494	351.308
143.626	130.28
141.301	226.948
145.713	116.945
145.873	453.312
151.522	206.681
149.639	459.161
155.786	135.523
157.984	296.702
159.175	251.287
167.328	219.889
168.284	419.729
188.28	141.815
188.766	323.001
196.996	163.686
201.299	285.161
208.617	42.9681
208.617	42.9681
212.344	162.181
222.184	170.405
223.27	129.586
228.475	62.5512
227.927	147.12
228.347	287.414
236.334	65.4461
259.008	412.288
277.814	102.17
279.171	288.749
280.074	300.934
281.052	472.264
287.425	451.264
289.964	400.048
298.437	42.3989
292.728	403.135
292.728	403.135
303.505	32.2036
303.096	57.5939
319.537	277.33
327.586	303.537
431.798	235.345
459.049	106.822
476.052	395.579
495.656	39.6648
502.768	112.405
504.585	54.6737
500.702	266.666
504.303	311.156
518.518	151.948
525.456	77.666
520.487	345.116
533.407	93.1877
535.567	346.541
541.641	110
546.398	28.0806
554.877	83.9768
553.996	172.305
549.721	404.024
558.595	131.786
569.717	359.53
571.071	330.402
567.774	465.747
573.104	397.473
574.964	371.016
587.055	212.643
586.721	264.632
595.205	21.8183
596.022	163.483
587.911	459.958
597.956	226.543
604.603	248.633
606.943	143.766
608.236	245.259
612.897	134.07
614.357	54.5697
607.227	454.416
613.39	290.508
618.516	194.436
619.437	173.637
617.922	428.776
633.192	100.379
626.956	373.151
634.743	320.342
639.693	85.3779
637.113	263.779
637.416	396.972
640.019	463.805
651.664	318.424
658.547	403.419
675.04	303.901
684.517	117.571
684.517	117.571
684.801	290.536
687.588	297.721
699.858	315.838
710	169.396
710	169.396
732.157	59.6407
42.8891	271.053
52.5643	405.53
52.7835	437.845
63.8925	274.941
68.6602	376.186
69.6874	450.429
75.2193	95.7031
75.5267	165.561
75.5267	165.561
79.1394	359.245
92.2771	45.9311
87.4751	445.664
90.7085	242.058
106.416	302.225
112.652	321.109
113.16	441.134
123.026	92.3978
126.824	79.0041
120.976	343.13
128.238	283.02
143.603	130.291
141.251	227
142.674	192.466
145.671	116.891
150.725	194.505
149.645	459.162
149.645	459.162
155.698	135.47
159.159	251.317
166.299	209.107
168.287	419.729
182.915	156.636
187.254	141.64
188.8	323.087
188.8	323.087
197.002	163.707
201.337	285.132
208.736	42.9316
223.134	129.508
222.204	170.339
228.476	62.3621
228.556	287.388
266.11	160.428
277.763	102.178
275.135	426.639
279.029	288.855
279.995	300.874
286.987	368.614
287.185	451.301
287.185	451.301
289.849	400.066
297.194	67.9657
298.444	42.3646
292.737	403.139
303.497	32.1847
303.128	57.5662
305.8	405.059
306.481	381.229
306.481	381.229
319.613	277.435
431.748	235.334
450.642	75.9323
466.037	132.991
476.052	395.585
493.263	32.1471
495.72	39.9089
500.734	266.775
504.338	310.665
514.378	121.847
518.533	152.249
521.987	82.8462
515.657	370.95
515.657	370.95
525.417	77.6207
520.452	345.245
524.66	380.317
533.369	93.1609
546.418	28.0035
550.667	145.506
551.826	95.0922
549.597	404.061
562.609	134.11
556.287	402.827
571.029	152.296
568.273	314.97
571.09	330.462
567.675	465.463
575.036	370.98
587.07	212.649
586.726	264.66
590.916	173.334
595.228	21.8513
587.9	459.886
597.997	226.618
602.255	274.023
607.115	143.965
606.64	231.974
612.842	134.005
614.17	54.3849
613.108	198.801
606.308	453.993
607.051	454.354
613.401	290.555
619.839	351.975
630.364	430.88
634.805	320.334
639.664	85.4482
637.197	396.722
645.027	95.1815
661.236	213.415
658.314	403.332
665.362	319.009
672.072	171.032
675.273	303.803
675.269	423.214
683.378	154.266
684.847	290.485
689.643	150.346
687.636	297.744
685.258	449.112
699.889	315.879
704.17	198.488
710.107	169.456
42.8546	271.102
49.9469	446.723
52.5464	405.559
63.9837	274.987
68.6463	376.077
69.7746	450.493
78.5024	19.6144
75.4072	165.68
75.4072	165.68
75.3806	225.336
75.3806	225.336
79.2511	359.369
92.2751	46.0404
90.6118	242.237
94.9452	121.623
104.809	257.012
122.969	92.5032
126.836	79.0016
120.932	343.21
123.782	295.226
123.782	295.226
124.77	445.58
136.073	448.574
143.649	130.298
145.881	453.283
151.52	206.792
156.028	314.266
159.145	251.368
162.304	301.352
167.352	220.024
165.922	370.735
169	456.141
187.096	141.603
196.865	151.837
201.27	285.099
212.148	162.207
221.49	112.4
222.069	170.394
223.127	129.479
228.444	62.5523
233.056	34.1803
243.121	71.4982
254.928	42.565
260.258	337.542
279.08	288.808
279.08	288.808
280.024	300.88
288.328	385.41
297.275	68.1748
297.541	60.8663
292.744	403.132
300.284	394.51
309.352	15.4645
309.352	15.4645
319.474	277.356
327.625	252.671
327.563	347.215
330.211	361.164
431.126	235.338
475.969	395.629
494.368	102.403
493.093	396.827
498.158	395.447
504.348	310.755
514.407	121.874
518.597	152.281
522.038	82.8583
525.484	77.6984
533.365	93.1941
528.224	343.021
538.912	106.098
546.294	28.0482
554.879	84.1074
558.583	131.839
556.235	403.057
561.968	330.308
571.123	410.51
573.188	397.475
575.622	385.532
587.077	212.518
586.617	264.407
590.93	173.4
595.158	21.6753
595.956	163.461
587.894	459.919
587.894	459.919
597.964	226.523
604.825	248.8
614.075	54.3078
613.388	290.597
615.522	247.468
608.175	476.363
619.426	173.662
619.994	351.901
617.986	428.723
634.805	320.303
637.64	397.107
647.23	73.8624
647.23	73.8624
643.069	322.846
651.446	112.565
657.835	150.672
659.471	193.105
652.689	455.228
663.594	282.986
684.577	117.599
684.882	290.501
689.557	10.8092
689.557	10.8092
687.437	297.853
696.353	104.072
699.666	315.561
699.666	315.561
702.924	186.319
704.128	198.494
716.921	111.354
