42.6984	270.985
52.7071	437.939
52.4797	405.598
63.8853	274.98
68.7349	376.181
69.7556	450.478
75.0285	78.4491
75.3032	95.5667
78.5709	19.6187
75.5323	165.536
75.3615	225.451
75.3615	225.451
79.1398	359.409
92.3729	46.0019
90.6495	242.261
104.795	257.017
106.351	302.232
115.68	62.5018
113.191	441.148
116.383	448.795
121.113	144.119
126.844	78.961
123.662	295.103
132.505	351.378
137.377	99.8259
142.671	192.457
143.986	460.442
151.641	162.964
151.538	206.805
155.733	135.511
158.091	296.56
159.238	251.23
161.338	318.479
165.11	397.889
174.425	474.322
182.931	156.641
187.492	141.683
189.989	212.884
201.248	285.142
228.509	62.5732
227.93	147.167
233.059	34.24
240.957	99.0361
255.461	65.8628
265.825	132.252
270.655	151.454
270.402	446.869
272.639	285.558
275.001	426.643
279.01	288.912
280.805	368.059
287.423	451.365
288.599	385.534
289.84	400.08
292.86	403.121
292.86	403.121
303.203	57.474
299.691	443.052
309.534	15.7405
320.794	48.2026
319.496	277.417
330.371	353.659
431.655	235.348
431.655	235.348
477.737	62.0329
476.033	395.663
483.374	401.172
493.257	32.0929
495.322	39.0214
499.622	105.064
502.726	112.23
500.709	266.659
500.709	266.659
504.507	310.879
518.483	151.919
515.479	371.208
520.475	345.248
525.461	77.6496
530.163	74.7919
533.412	93.1793
536.32	47.6987
535.596	346.613
536.763	406.768
550.664	145.436
558.587	131.848
562.243	153.186
562.243	153.186
569.767	359.494
569.767	359.494
571.081	330.441
567.703	465.331
573.21	397.437
587.177	212.471
586.708	264.561
595.219	21.5406
587.686	459.447
597.951	226.618
606.38	454.023
614.131	54.3592
613.383	290.537
618.352	201.153
618.598	194.5
619.439	173.71
619.883	351.918
618.057	428.81
630.114	147.537
630.114	147.537
633.145	100.384
636.826	301.927
643.671	209.88
645.131	95.0942
643.966	292.353
652.474	455.115
658.02	403.31
675.119	303.873
675.497	423.309
684.822	290.524
689.551	10.8257
687.433	297.84
696.315	103.998
699.765	315.727
699.765	315.727
703.998	198.598
697.096	449.164
704.753	165.628
717.496	111.505
723.444	149.877
731.142	87.1487
42.7655	271.049
52.7532	437.912
52.5552	405.444
63.892	274.905
68.5921	376.26
69.7313	450.489
74.8167	78.7038
78.5509	19.6344
75.3998	165.688
75.3958	225.406
75.3958	225.406
92.418	46.0492
87.5122	445.61
90.6527	242.164
90.6527	242.164
106.329	302.154
115.673	62.514
121.07	160.475
120.887	343.321
120.887	343.321
126.842	78.9692
123.64	295.093
136.091	448.567
143.594	130.217
145.782	116.95
143.975	460.491
147.856	303.684
151.555	206.77
152.968	146.889
155.75	135.511
159.217	251.273
162.324	301.312
166.325	209.071
165.005	397.933
165.878	370.868
174.459	474.27
187.471	141.627
185.899	428.102
201.199	285.094
212.287	162.165
221.989	112.711
222.151	170.401
228.42	62.5271
233.005	34.2676
228.552	287.446
240.943	98.9201
270.623	151.32
270.364	447.028
278.997	288.909
279.979	300.898
280.814	368.073
288.612	385.522
289.853	400.059
297.283	68.1953
292.844	403.103
292.844	403.103
303.202	57.5044
299.666	442.976
309.53	15.6391
309.53	15.6391
319.493	277.37
330.24	361.271
330.389	353.623
431.641	234.999
431.641	234.999
461.771	116.589
465.537	34.2431
466.094	133.104
476.048	395.667
485.528	80.1164
483.408	401.187
493.051	31.798
500.665	266.486
500.665	266.486
504.634	54.8165
504.549	310.991
509.487	376.032
509.487	376.032
518.521	152.16
520.519	345.321
533.445	93.2215
536.312	47.7656
535.609	346.615
536.924	406.741
545.4	91.1321
546.468	28.0768
549.599	404.083
555.606	141.76
562.644	134.106
558.917	358.524
569.762	359.49
571.081	330.477
587.189	212.513
586.708	264.582
590.91	173.334
587.597	459.287
595.997	163.482
597.993	226.583
605.921	181.185
606.531	453.979
614.234	54.4486
614.234	54.4486
613.355	290.559
616.907	212.572
618.417	201.079
617.809	270.756
619.413	173.629
619.731	351.931
633.173	100.366
636.292	93.5013
634.73	320.422
636.812	301.959
649.092	120.236
649.092	120.236
643.746	432.394
652.475	455.076
658.005	403.35
675.202	303.839
675.515	423.203
684.877	290.478
687.485	297.819
685.076	449.216
698.969	154.843
699.83	315.789
703.664	111.063
703.157	186.285
697.051	449.203
722.554	65.5329
731.956	59.622
739.287	119.497
52.7587	437.913
52.5535	405.549
58.6821	283.987
63.7898	274.871
68.6831	375.952
69.6689	450.527
78.5203	19.6202
75.3523	225.426
75.3523	225.426
92.3563	45.9755
90.7041	242.099
94.6937	121.683
105.104	69.0032
104.874	256.909
115.652	62.5359
120.965	343.181
123.663	295.094
126.195	331.574
128.405	452.084
132.505	351.405
139.181	455.898
142.68	192.431
142.68	192.431
145.779	116.957
143.997	460.492
151.534	206.794
152.957	146.878
155.913	135.687
159.236	251.313
161.357	318.393
162.193	301.549
166.394	208.983
165.079	397.968
165.895	370.749
168.714	176.276
174.218	467.206
187.509	141.646
201.141	285.133
221.918	112.66
227.947	147.142
233.042	34.2792
228.72	287.406
233.316	139.369
236.461	65.7319
244.353	471.931
253.581	187.711
278.919	288.92
280.958	425.522
287.284	451.222
288.613	385.52
289.928	400.083
297.289	68.1706
292.879	403.069
303.159	57.5136
299.693	443.376
309.536	15.8013
306.531	381.209
306.531	381.209
314.85	399.415
320.847	48.2674
431.588	235.051
431.588	235.051
465.585	34.1715
466.065	133.15
477.764	62.0682
483.4	401.194
495.312	38.9185
493.19	396.85
502.762	112.36
500.687	266.584
500.687	266.584
504.58	311.004
509.577	376.01
509.577	376.01
518.557	152.117
522.005	82.7744
520.522	345.346
533.449	93.2454
536.331	47.7563
536.95	335.859
536.871	406.768
550.624	145.328
551.657	95.2402
560.275	126.469
571.011	330.48
567.621	465.31
573.201	397.469
575.032	371.032
575.897	385.33
587.188	212.44
586.707	264.556
592.874	198.451
594.961	21.5371
587.715	459.612
597.962	226.577
601.31	154.361
605.883	181.198
606.228	453.946
614.049	54.2634
614.049	54.2634
613.356	290.527
618.507	201.077
633.129	100.383
636.804	301.944
637.15	396.772
643.396	105.263
643.774	209.937
647.105	73.8676
645.491	257.885
644.446	314.951
643.699	432.343
657.813	150.689
652.534	455.168
659.484	193.047
675.548	423.339
684.559	117.613
687.365	297.862
685.21	449.218
695.988	104.126
694.24	293.593
698.872	154.837
699.79	315.752
699.79	315.752
704.24	198.533
723.365	149.818
732.057	59.5626
49.9165	446.667
52.5399	405.377
52.7035	437.952
58.6946	283.925
63.9004	274.951
78.5169	19.6277
75.3161	95.5748
68.8002	375.828
75.3622	165.741
75.3943	225.375
83.7074	130.109
78.8852	359.663
105.1	69.0515
100.7	275.384
112.606	321.141
112.606	321.141
122.964	92.5403
121.091	160.361
124.759	445.591
128.237	283.037
132.501	351.459
136.053	448.627
143.612	130.249
144.683	216.541
150.734	194.347
150.734	194.347
155.888	135.56
161.366	318.473
162.304	301.429
165.155	397.642
169.038	456.124
170.898	462.656
182.94	156.62
188.247	141.758
192.865	282.403
196.795	151.944
208.479	43.23
201.561	285.116
223.154	129.579
222.193	170.384
228.451	62.5333
233.536	139.607
255.108	42.6525
253.539	187.676
257.458	243.744
272.465	285.538
280.029	300.86
288.462	385.559
287.528	451.281
297.675	60.9498
298.543	42.3802
302.156	55.4038
309.434	15.5249
300.225	394.549
306.408	381.038
306.408	381.038
315.243	52.6086
314.839	399.413
325.081	48.3358
319.548	277.325
431.286	235.416
445.551	56.0977
445.551	56.0977
466.077	133.231
471.022	47.6718
493.152	31.9423
492.555	396.967
500.676	266.49
500.676	266.49
504.411	310.55
514.427	121.871
509.44	376.11
509.44	376.11
518.542	151.998
521.968	82.8068
523.566	82.5134
520.473	345.222
530.133	89.0991
533.383	93.1721
536.357	47.674
546.053	28.1491
549.864	130.829
550.656	145.569
558.964	358.453
562.021	330.321
575.583	189.066
571.264	410.504
579.462	164.627
578.292	314.071
586.699	264.539
583.828	362.616
582.255	405.851
588.065	460.176
588.065	460.176
597.913	226.417
605.248	249.177
612.909	134.068
612.113	182.862
606.363	454.094
613.357	290.526
618.043	428.847
630.011	147.432
634.838	293.31
634.91	320.266
637.912	397.362
647.164	73.7876
647.164	73.7876
643.068	322.834
661.6	170.345
661.156	213.399
652.406	455.082
656.228	402.632
675.388	303.786
677.297	311.488
683.093	154.313
675.411	423.268
684.757	290.534
689.791	150.286
687.534	297.753
685.219	449.092
696.677	103.982
710.215	169.434
710.215	169.434
42.7819	271.018
52.4463	405.421
52.6316	437.963
63.815	274.869
74.3062	40.295
68.5314	375.976
78.5793	19.6582
69.7224	450.519
76.2763	144.93
75.3374	225.456
79.1854	359.245
89.7753	135.115
90.578	242.315
105.123	69.1077
103.487	447.251
106.243	302.213
116.995	270.218
122.928	92.5174
121.189	144.084
124.746	445.601
132.496	351.456
138.743	293.937
143.635	130.325
142.667	192.463
152.951	146.93
155.862	135.591
159.84	206.875
157.946	296.858
162.249	301.488
163.684	459.791
165.89	370.804
172.939	166.129
169.023	456.187
183.961	200.59
188.217	141.789
187.737	285.652
185.852	428.062
201.48	285.08
208.402	43.082
223.429	129.576
222.32	170.309
227.955	147.028
236.347	65.6456
257.563	243.659
263.761	331.266
275.278	426.493
278.93	288.951
280.047	300.896
287.032	368.621
286.928	451.223
288.42	385.523
297.313	68.2443
295.804	139.46
289.879	400.117
289.857	442.116
292.801	403.174
303.155	57.5568
309.373	15.4487
309.373	15.4487
306.439	381.152
306.439	381.152
315.223	52.5366
314.853	399.414
319.468	277.333
431.355	235.16
450.705	76.1989
450.705	76.1989
461.723	116.592
470.952	47.5105
476.131	395.628
485.112	80.0363
483.41	401.267
493.104	31.8152
494.277	102.256
492.296	397.033
500.726	266.709
500.726	266.709
512.523	312.783
520.497	345.282
527.441	69.0374
533.399	93.1334
535.596	346.66
546.341	28.1419
536.951	406.581
540.849	351.172
549.892	130.743
550.57	145.55
554.886	83.9627
557.781	162.504
558.927	358.536
561.943	330.309
567.639	465.425
586.731	264.606
582.321	405.999
595.404	22.2046
592.761	198.403
587.965	460.092
596.864	219.714
597.975	226.539
605.02	249.035
614.258	54.423
613.371	290.55
615.586	247.345
619.772	352.051
618.122	428.847
628.186	155.389
628.186	155.389
630.105	147.545
630.105	147.545
634.793	320.368
637.048	263.806
645.131	95.0666
637.879	397.309
647.15	73.9028
643.043	322.937
640.267	463.646
652.395	455.104
674.893	303.966
675.617	423.428
685.009	290.419
684.716	311.934
689.734	150.379
687.585	297.728
709.811	169.333
709.811	169.333
739.63	119.41
