42.6906	271.024
47.5283	160.276
49.7971	446.774
52.498	405.172
58.5076	206.724
63.8303	274.888
68.3354	375.895
69.554	450.675
74.7677	78.8586
75.4144	95.5503
75.4733	165.812
92.192	112.097
90.6568	242.199
105.085	69.1267
100.528	460.497
106.437	302.222
112.476	90.7801
109.544	449.478
117.012	270.203
121.358	110.224
121.119	342.91
121.119	342.91
132.005	177.378
132.886	226.554
138.763	293.884
144.708	216.596
151.54	206.839
155.843	135.589
159.343	251.182
161.407	318.332
164.747	310.414
165.395	397.935
169.3	455.459
170.92	437.959
174.332	466.997
189.977	212.877
196.994	163.709
201.236	160.564
201.474	285.174
208.765	42.9609
223.561	129.7
228.558	62.5298
241.072	99.0869
248.924	134.399
260.395	338.148
266.072	160.259
263.319	457.069
270.628	151.389
280.969	425.353
280.969	425.353
292.448	54.6988
287.445	451.206
297.263	68.1729
303.514	32.2704
305.943	405.087
306.44	381.197
306.44	381.197
432.478	235.007
432.478	235.007
445.497	56.0486
445.497	56.0486
459.024	106.747
459.024	106.747
466.078	133.166
466.078	133.166
485.284	80.1555
482.497	400.94
493.17	31.963
518.575	152.16
515.042	370.451
515.042	370.451
533.468	93.1616
535.34	345.645
536.448	335.002
536.448	335.002
550.745	145.531
551.76	95.2407
554.887	83.9976
549.496	403.702
558.807	358.498
567.686	465.275
575.681	189.247
575.224	385.016
581.535	404.729
587.088	212.508
586.635	264.418
595.044	21.5275
595.044	21.5275
587.57	459.33
598.132	158.453
597.964	226.609
607.157	144.031
613.413	290.487
608.07	476.289
615.634	247.399
616.826	212.621
618.316	201.166
617.714	428.076
630.255	147.656
630.255	147.656
633.266	100.425
636.815	301.969
647.163	73.9128
652.588	455.019
656.37	401.892
666.653	251.689
665.373	319.073
672.132	171.043
689.8	150.311
687.319	297.897
685.104	449.087
699.685	315.61
699.685	315.61
703.217	186.37
710.586	169.458
721.873	103.69
731.176	87.0435
731.407	131.889
45.547	259.557
49.7585	446.814
58.5616	206.651
58.8371	284.003
68.3999	375.879
69.7192	450.556
75.4283	165.855
79.0834	359.27
83.7028	130.095
90.6645	242.236
105.075	69.1103
106.593	302.265
112.286	90.9743
109.537	449.387
117.009	270.146
121.093	343.017
123.706	295.202
131.322	163.575
133.312	112.179
132.887	226.475
132.314	457.891
144.742	216.61
151.548	206.775
155.897	135.691
159.334	251.202
164.765	310.345
165.412	397.882
168.005	231.888
166.822	450.9
170.937	438.022
176.945	189.006
174.826	473.837
188.891	323.283
201.135	160.376
201.431	285.137
223.458	129.481
228.578	62.5245
233.081	34.2716
228.382	287.367
248.787	134.359
258.476	121.984
260.361	338.111
266.128	160.308
270.713	151.485
270.213	446.963
279.039	288.824
280.05	300.853
280.95	425.373
287.395	451.206
297.187	68.0184
297.702	60.9615
303.401	32.2404
299.874	442.764
305.806	405.076
306.457	381.195
306.457	381.195
319.488	277.409
432.461	234.968
432.461	234.968
445.453	55.7933
445.453	55.7933
459.01	106.719
461.824	116.765
471.052	47.5099
475.212	395.206
485.26	80.2247
482.491	400.866
493.167	31.9732
494.495	102.415
497.499	395.135
500.716	266.628
500.716	266.628
504.639	311.284
512.697	70.3524
515.43	126.143
518.539	152.155
535.326	345.644
536.415	334.975
536.415	334.975
540.618	350.212
545.528	91.1512
549.946	130.796
550.738	145.589
551.775	95.1501
549.267	403.699
563.061	168.527
561.055	395.192
567.65	465.48
575.685	189.356
571.176	410.293
587.131	212.502
586.648	264.49
595.028	21.532
595.028	21.532
587.565	459.32
597.904	226.536
613.397	290.534
608.031	476.29
616.838	212.565
617.698	428.083
630.217	147.623
630.217	147.623
626.706	372.697
633.293	100.463
635.687	212.656
636.902	302.037
647.157	73.9059
652.506	455.036
661.265	169.292
661.265	169.292
657.958	402.526
668.659	312.411
684.8	290.488
689.706	150.341
687.318	297.897
685.277	449.062
693.347	174.996
693.915	167.137
696.248	104.027
693.661	303.908
694.172	293.547
699.715	315.65
721.635	103.682
738.358	144.296
42.859	271.018
47.5107	160.451
49.838	446.743
52.423	405.085
58.546	206.658
63.8988	274.967
68.5165	375.86
69.6579	450.552
75.383	95.5203
75.615	165.603
75.4519	225.255
83.7901	130.172
90.6505	242.19
107.835	54.1372
106.279	182.59
106.494	302.209
112.407	90.8592
109.525	449.461
116.981	270.226
121.11	342.919
121.11	342.919
123.701	295.102
143.748	130.277
144.75	216.664
145.938	453.201
150.685	194.581
150.685	194.581
155.903	135.634
156.03	314.228
156.03	314.228
159.32	251.262
165.468	397.986
169.311	455.375
170.944	437.992
172.819	470.423
176.994	188.945
192.887	282.379
197.005	163.722
208.733	42.9704
223.439	129.512
228.403	62.5374
249.02	134.637
260.09	74.9477
260.398	338.032
266.143	160.304
263.154	457.089
270.674	151.449
279.055	288.81
280.067	300.834
280.974	425.351
286.572	140.741
287.397	451.264
297.669	60.929
303.42	32.1881
299.889	442.84
305.987	405.078
306.443	381.208
321.042	48.5413
321.466	399.468
327.568	347.357
432.492	235.033
432.492	235.033
445.474	55.9231
445.474	55.9231
466.095	133.159
471.067	47.5572
475.199	395.216
485.204	80.104
493.149	31.8844
500.696	266.547
500.696	266.547
504.615	54.8061
509.203	352.411
518.495	152.003
525.335	149.603
527.948	341.896
535.332	345.647
536.408	334.981
536.408	334.981
550.718	145.473
551.737	95.2768
547.934	395.354
547.934	395.354
554.848	84.0084
549.419	403.715
558.581	131.88
567.663	465.282
575.632	189.239
571.213	410.236
579.367	164.687
587.111	212.54
586.616	264.374
594.903	21.5254
594.903	21.5254
587.553	459.344
597.956	226.571
600.354	284.297
613.405	290.527
615.572	247.397
616.939	212.609
618.491	194.444
617.668	428.137
630.223	147.637
630.223	147.637
633.268	100.395
634.746	320.384
637.746	468.991
647.192	73.8614
652.583	455.121
655.881	401.84
668.659	312.36
672.18	171.043
684.77	290.511
689.745	150.358
687.327	297.921
685.315	448.997
693.398	174.936
696.372	104.051
699.685	315.602
704.439	198.301
706.457	302.161
721.443	103.719
747.597	111.424
45.5473	259.593
47.4946	160.417
49.832	446.709
52.3627	405.171
58.5268	206.723
58.6889	283.946
68.4196	376.033
69.7382	450.652
74.4181	79.145
75.2497	95.6425
75.4594	165.831
83.7177	130.106
90.6895	242.178
105.099	69.0802
107.925	54.2469
106.309	182.581
109.545	449.504
116.99	270.23
121.08	342.959
121.08	342.959
133.361	112.145
132.234	457.897
138.745	293.814
138.745	293.814
142.669	192.443
144.782	216.611
155.82	135.54
156.086	314.183
156.086	314.183
159.271	251.24
164.132	150.09
165.39	397.938
167.363	219.903
171.001	438.057
174.349	466.993
174.908	473.768
189.977	212.87
201.178	160.386
201.573	285.159
208.697	42.9937
223.163	129.579
228.597	62.4917
227.782	287.511
243.197	71.5732
248.893	134.371
260.401	338.06
266.077	160.279
270.689	151.5
278.125	102.336
279.078	288.839
280.052	300.861
280.963	425.37
287.117	451.23
297.171	67.9812
303.46	32.2331
300.006	442.875
309.32	15.0817
305.88	405.074
306.448	381.198
327.589	347.301
432.47	235.042
432.47	235.042
445.397	55.6691
445.397	55.6691
459.032	106.8
459.032	106.8
471.072	47.6266
475.204	395.232
485.217	80.1652
493.211	31.9727
497.471	395.134
502.809	112.423
500.698	266.582
500.698	266.582
504.551	54.6083
518.587	152.131
525.399	149.633
527.962	341.908
535.344	345.64
536.432	334.999
536.432	334.999
540.648	350.202
550.745	145.527
551.763	95.1925
549.564	403.685
557.719	162.287
558.537	131.802
558.904	101.007
562.256	189.177
567.608	465.508
571.155	410.339
575.014	370.727
587.094	212.555
586.647	264.462
594.951	21.5235
594.951	21.5235
587.563	459.342
608.157	245.29
613.415	290.437
615.587	247.402
616.863	212.626
617.792	428.116
630.116	147.532
633.239	100.447
634.752	320.35
639.832	85.4577
636.781	301.94
645.464	257.901
643.341	431.483
654.955	117.114
652.565	455.078
661.214	169.298
661.214	169.298
687.318	297.89
689.853	150.372
685.202	449.073
693.597	174.938
693.854	167.117
699.755	315.741
706.464	302.174
721.768	103.635
727.148	126.854
731.157	87.0511
45.6241	259.625
47.6074	160.269
49.8686	446.823
52.2724	405.522
58.8889	283.96
68.5548	376.107
69.6487	450.569
75.4354	165.91
90.6433	242.153
105.066	69.072
100.654	460.523
107.962	54.2568
106.472	302.172
109.547	449.445
116.979	270.265
121.37	110.242
121.208	342.778
121.208	342.778
126.059	331.543
131.398	163.365
133.34	112.161
144.774	216.625
146.542	233.575
155.89	135.672
153.855	463.354
153.855	463.354
159.338	251.158
161.376	318.294
164.798	310.308
165.427	397.926
167.405	219.812
170.997	437.977
183.137	156.656
189.998	212.847
197.008	163.727
201.513	285.158
208.701	43.0097
223.394	129.485
228.426	62.4035
236.481	65.7577
244.403	471.938
253.503	187.44
260.365	338.103
266.084	160.262
279.468	105.936
279.071	288.795
280.956	425.392
286.546	140.585
287.446	451.277
289.819	400.078
297.248	68.1008
303.523	32.2754
305.92	405.079
306.449	381.202
306.449	381.202
432.493	234.981
432.493	234.981
445.484	56.0313
445.484	56.0313
459.004	106.644
459.004	106.644
466.077	133.126
466.077	133.126
470.998	47.6028
482.502	400.918
493.162	31.9336
497.499	395.138
500.717	266.714
500.717	266.714
510.117	352.463
518.485	151.969
525.429	150.094
526.983	65.9611
527.955	341.927
533.439	93.1545
535.333	345.66
536.468	334.997
536.468	334.997
545.371	91.2627
549.916	130.811
549.916	130.811
551.808	95.0764
549.267	403.707
557.695	162.26
558.816	358.503
567.692	465.406
575.655	189.278
571.181	410.188
575.047	370.749
587.047	212.486
586.64	264.464
595.1	21.5326
595.1	21.5326
587.587	459.387
597.93	226.542
613.427	290.458
616.833	212.592
618.494	194.484
619.364	173.691
617.741	428.182
630.248	147.649
630.248	147.649
633.258	100.426
637.001	263.861
652.536	455.114
657.921	402.64
664.256	92.0348
669.083	203.974
668.641	312.331
675.15	303.858
687.342	297.922
685.362	449.013
693.221	174.912
695.857	103.961
694.45	258.48
699.768	315.703
699.768	315.703
704.1	198.505
721.755	103.675
729.394	154.743
731.398	131.841
