49.795	446.747
58.4464	206.793
59.2056	148.738
58.884	283.966
61.5142	261.261
69.6703	450.4
68.7515	376.173
92.4056	46.0676
90.6301	242.181
90.6301	242.181
101.206	101.718
104.804	256.989
106.185	182.634
108.42	336.073
113.225	440.992
113.225	440.992
115.699	62.6358
117.042	270.224
121.457	110.161
120.962	160.56
120.912	343.241
120.912	343.241
126.282	331.607
137.524	99.8579
144.03	460.411
150.009	240.613
150.009	240.613
153.123	249.066
155.711	135.4
157.893	296.96
159.224	251.32
162.295	301.418
165.959	370.681
169.884	468.376
187.549	141.727
208.496	43.0661
208.496	43.0661
212.241	162.124
212.241	162.124
228.295	62.5058
232.99	34.2685
244.451	471.827
248.797	134.351
252.102	61.5494
253.585	187.692
259.019	412.253
260.338	337.495
272.338	285.538
278.966	288.879
280.038	300.863
280.938	425.364
286.862	140.958
287.205	451.236
297.605	60.8989
298.443	42.3946
299.991	442.813
300.28	394.543
303.06	57.5612
305.771	405.045
319.523	277.344
325.258	48.4976
327.523	347.517
330.205	361.195
391.97	17.8227
392.509	12.0983
428.246	232.747
428.246	232.747
445.461	55.9374
450.703	76.23
471.461	47.8213
476.25	395.67
493.124	31.7935
492.821	397.001
499.607	104.971
500.77	124.215
524.597	380.54
528.569	84.1649
539.004	105.991
545.425	91.184
546.675	27.8727
549.973	16.5848
549.5	404.042
552.86	324.966
553.547	346.423
555.3	118.618
556.352	403.065
562.128	188.916
567.621	465.417
571.194	330.529
587.202	164.131
586.723	264.642
587.69	459.412
592.655	198.228
597.922	226.572
600.328	41.9753
604.493	7.38729
607.911	161.922
606.504	454.113
613.059	198.889
616.996	161.284
618.061	428.95
620.164	352.052
625.576	316.182
640.077	463.602
643.892	432.558
651.231	112.214
651.231	112.214
651.657	318.363
654.103	250.723
654.103	250.723
656.728	81.3645
659.186	198.882
664.118	91.9379
675.414	303.8
675.667	423.318
685.477	185.62
684.77	290.506
685.005	449.094
689.557	10.8165
689.557	10.8165
694.749	258.69
698.972	154.763
696.56	449.029
699.833	315.793
705.413	144.543
710.186	117.747
732.202	59.5965
42.9505	270.973
49.9343	446.72
52.7256	437.834
52.5943	405.584
58.603	283.957
68.6324	375.989
72.3526	302.582
75.3343	165.719
78.7614	19.8204
76.3559	144.85
92.0951	45.9818
90.697	242.156
100.708	275.45
108.514	141.454
113.207	441.082
115.661	62.7204
118.824	198.819
120.146	335.075
120.963	343.165
128.234	282.993
132.055	177.158
132.554	351.321
137.367	99.7288
139.134	455.944
145.596	116.863
149.696	459.118
152.955	146.827
159.205	251.284
159.94	206.433
159.94	206.433
161.625	466.381
161.341	318.408
164.74	310.204
165.99	370.658
168.261	419.712
168.706	176.296
185.557	82.859
197.005	163.633
201.232	285.072
208.535	42.9577
228.468	62.5093
228.681	287.434
232.978	34.2121
236.217	65.6003
244.259	471.918
248.742	134.164
255.243	42.4298
253.583	187.667
257.483	243.69
258.976	412.314
260.501	337.318
270.185	446.851
279.068	288.857
280.077	300.827
280.958	425.338
286.586	140.741
288.217	385.512
289.848	442.022
297.245	68.112
297.557	60.8811
299.948	442.995
305.874	405.121
314.87	399.414
319.52	277.377
325.377	48.29
392.364	19.206
392.701	13.2531
428.043	232.888
428.043	232.888
471.142	47.4478
477.707	61.9239
485.458	80.1208
493.315	32.2622
491.488	397.276
494.208	102.112
492.649	397.043
509.978	353.667
514.222	121.796
530.195	74.8903
530.291	88.8333
544.832	21.8284
546.642	27.9166
552.813	325.01
559.916	146.697
560.369	126.535
558.981	358.398
562.142	188.936
566.193	322.895
573.299	397.478
574.961	371.053
582.534	406.203
587.154	163.994
587.758	459.61
587.758	459.61
596.769	204.544
597.953	226.485
600.382	41.9998
606.386	454.092
613.041	237.655
619.872	117.543
618.188	428.923
622.993	261.962
625.551	316.253
630.417	431.099
635.693	136.601
636.856	301.893
645.585	257.83
647.209	155.75
651.156	194.584
656.802	81.1848
656.802	81.1848
652.422	455.047
675.251	303.801
677.413	311.456
675.858	423.575
685.982	281.155
685.018	449.045
689.48	10.8773
689.48	10.8773
694.487	258.374
698.406	138.017
704.236	198.364
705.49	144.523
709.91	169.309
732.054	59.6317
42.7991	270.999
49.9098	446.757
52.7182	437.949
52.4105	405.452
58.8448	149.097
58.8767	283.97
68.821	375.712
72.4202	302.597
78.7765	19.8568
75.3947	225.26
76.4513	144.79
92.1039	46.0556
100.514	275.337
106.346	182.476
108.57	141.444
115.745	62.7283
116.411	448.756
118.872	198.719
121.116	160.254
120.934	343.239
126.062	331.544
128.383	452.094
128.22	283.043
132.485	351.411
137.578	99.9598
149.676	459.161
151.516	206.755
152.978	146.895
153.28	248.779
153.28	248.779
156	314.359
162.314	301.421
165.178	397.841
165.864	370.857
181.02	469.773
184.147	200.367
187.06	141.601
185.915	428.129
199.165	169.678
201.084	160.307
208.279	43.1487
222.169	170.436
228.25	62.462
227.868	147.036
233.093	34.2326
236.224	65.5657
244.376	471.858
253.562	187.678
257.454	243.752
260.738	337.132
277.532	102.004
279.058	288.863
280.022	300.818
287.522	451.266
288.383	385.51
297.543	60.8474
299.633	442.746
303.001	57.6758
300.259	394.526
303.051	212.276
304.49	176.83
309.535	15.8327
309.535	15.8327
305.974	405.066
327.581	347.106
392.94	20.0806
393.215	14.0479
427.765	232.597
427.765	232.597
445.435	55.7786
445.435	55.7786
470.996	47.6538
476.241	395.697
492.871	396.987
500.773	124.104
509.283	376.342
509.283	376.342
514.284	121.833
522.322	73.242
528.471	84.2612
535.645	346.755
538.999	106.13
538.999	106.13
544.879	21.8633
549.32	396.494
549.393	404.027
552.824	325.083
569.194	165.39
569.71	359.569
571.082	330.535
580.727	193.212
585.681	13.228
587.186	212.607
589.924	210.208
587.826	459.749
587.826	459.749
600.362	42.001
606.531	454.132
613.366	290.456
618.567	201.007
619.742	117.358
619.839	352.001
618.065	428.921
625.599	316.3
636.232	93.4259
634.923	293.152
639.881	463.784
647.159	73.8117
655.843	143.674
656.067	164.375
659.239	198.807
658.319	403.489
667.905	241.632
668.356	312.237
677.119	311.487
677.119	311.487
675.51	423.389
683.281	154.245
684.799	290.496
687.546	297.736
684.904	448.998
689.619	10.7822
701.313	130.447
704.097	198.483
710.196	117.718
42.7739	270.991
49.9378	446.746
64.0586	274.951
68.8492	376.136
69.8209	450.353
78.9215	20.1331
75.2994	225.452
76.7451	144.615
79.099	359.235
92.2286	46.0068
91.3171	165.056
101.279	101.572
104.775	257.126
106.201	182.605
106.25	302.168
120.88	343.268
126.853	79.0724
124.825	445.498
126.166	331.551
130.746	214.353
132.55	457.711
137.296	99.7596
138.781	293.777
143.62	130.287
159.207	251.331
164.716	310.292
166	370.585
167.948	231.698
174.218	467.291
181.039	469.746
184.028	200.474
187.725	141.711
196.771	151.835
201.001	160.187
201.251	285.034
208.482	42.9712
208.482	42.9712
212.318	162.127
221.29	112.304
228.437	62.4451
233.009	34.2372
234.349	51.007
235.674	470.793
242.795	70.8972
248.674	133.942
253.546	187.66
263.766	331.206
272.523	285.514
280.045	300.913
280.947	425.418
287.073	368.582
287.559	451.299
288.309	385.56
289.879	442.062
297.216	68.1796
297.592	60.9149
300.363	394.472
303.119	212.257
307.553	416.786
325.533	48.4694
393.898	21.1117
394.124	15.0544
397.471	67.0102
426.569	232.103
426.569	232.103
471.085	47.5267
476.137	395.793
476.137	395.793
493.186	31.8911
499.654	104.984
500.615	124.124
500.719	266.688
500.719	266.688
504.416	54.3408
504.373	310.829
511.641	353.888
524.766	380.544
528.525	84.15
530.159	89.0111
541.099	34.7677
541.099	34.7677
549.745	404.078
552.796	325.069
559.903	146.55
559.903	146.55
569.528	165.286
567.648	465.343
571.042	330.505
571.303	410.726
574.974	371.028
587.174	164.146
587.237	212.477
588.031	460.194
600.151	41.8548
603.879	7.16019
606.663	231.936
606.5	454.135
615.87	178.802
622.575	169.114
625.122	112.671
625.567	316.206
630.562	431.145
636.304	93.45
634.856	320.283
638.13	148.472
637.102	396.694
654.753	60.4917
652.579	455.225
663.719	283.065
666.729	251.785
667.899	241.637
675.153	303.837
677.635	311.46
675.661	423.399
684.837	290.49
685.817	281.065
689.577	10.8062
689.577	10.8062
684.933	449.297
701.239	130.401
701.239	130.401
710.181	169.225
710.181	169.225
732	59.6131
42.7685	270.987
49.9233	446.698
64.0922	274.962
69.751	450.359
68.809	376.293
78.8753	20.1715
75.2675	225.46
75.2675	225.46
76.6634	144.663
92.3156	45.9407
92.1271	112.043
104.856	256.926
104.856	256.926
106.297	182.589
115.714	62.7057
120.926	343.254
120.926	343.254
123.531	294.908
126.832	78.9547
124.808	445.548
126.072	331.505
132.033	177.085
136.057	448.627
138.775	293.789
143.699	130.216
145.912	453.239
146.209	233.832
152.859	146.872
153.052	249.162
153.052	249.162
164.768	310.148
165.97	370.675
167.979	231.628
168.673	176.304
170.657	438.255
177.064	188.924
208.488	42.9368
208.488	42.9368
212.301	162.152
228.477	62.458
228.14	147.355
232.904	34.1988
243.77	62.7987
248.828	134.233
253.547	187.652
257.405	243.729
258.976	412.295
258.976	412.295
262.824	457.192
263.721	331.191
280.02	300.874
281.09	472.378
286.986	141.165
287.302	451.254
297.234	67.985
297.487	60.798
298.561	42.4604
303.093	212.237
304.535	176.782
306.007	405.036
307.569	416.824
319.563	277.384
325.614	48.2521
330.213	361.21
394.999	17.0347
395.05	23.0103
426.646	232.233
426.646	232.233
493.198	31.9726
491.631	397.263
495.917	40.3106
492.897	397.001
499.529	104.883
502.753	112.348
504.687	54.888
504.371	310.775
511.105	353.806
518.462	152.041
522.35	73.2327
522.35	73.2327
524.766	380.547
537.012	100.267
535.65	346.729
541.117	34.7627
541.117	34.7627
549.675	404.043
552.795	324.997
560.377	126.781
567.634	465.366
573.32	397.718
574.934	371.045
587.15	164.04
587.204	212.49
588.02	460.117
600.041	41.8092
603.836	7.15427
606.633	231.965
612.539	133.723
613.079	237.585
619.921	117.641
618.074	428.976
636.311	93.5043
631.46	480.672
636.891	301.983
647.205	73.9147
652.559	455.245
659.146	198.903
659.146	198.903
656.298	402.575
666.667	251.734
666.667	251.734
668.467	312.253
675.153	303.852
675.605	423.353
684.89	290.464
690.279	143.479
689.575	10.7652
685.106	449.254
693.763	167.044
694.266	293.635
699.878	315.894
704.438	198.306
710.237	117.797
722.332	65.5285
732.009	59.5916
