45.6241	259.625
47.6074	160.269
49.8686	446.823
52.2724	405.522
58.8889	283.96
68.5548	376.107
69.6487	450.569
75.4354	165.91
90.6433	242.153
105.066	69.072
100.654	460.523
107.962	54.2568
106.472	302.172
109.547	449.445
116.979	270.265
121.37	110.242
121.208	342.778
121.208	342.778
126.059	331.543
131.398	163.365
133.34	112.161
144.774	216.625
146.542	233.575
155.89	135.672
153.855	463.354
153.855	463.354
159.338	251.158
161.376	318.294
164.798	310.308
165.427	397.926
167.405	219.812
170.997	437.977
183.137	156.656
189.998	212.847
197.008	163.727
201.513	285.158
208.701	43.0097
223.394	129.485
228.426	62.4035
236.481	65.7577
244.403	471.938
253.503	187.44
260.365	338.103
266.084	160.262
279.468	105.936
279.071	288.795
280.956	425.392
286.546	140.585
287.446	451.277
289.819	400.078
297.248	68.1008
303.523	32.2754
305.92	405.079
306.449	381.202
306.449	381.202
432.493	234.981
432.493	234.981
445.484	56.0313
445.484	56.0313
459.004	106.644
459.004	106.644
466.077	133.126
466.077	133.126
470.998	47.6028
482.502	400.918
493.162	31.9336
497.499	395.138
500.717	266.714
500.717	266.714
510.117	352.463
518.485	151.969
525.429	150.094
526.983	65.9611
527.955	341.927
533.439	93.1545
535.333	345.66
536.468	334.997
536.468	334.997
545.371	91.2627
549.916	130.811
549.916	130.811
551.808	95.0764
549.267	403.707
557.695	162.26
558.816	358.503
567.692	465.406
575.655	189.278
571.181	410.188
575.047	370.749
587.047	212.486
586.64	264.464
595.1	21.5326
595.1	21.5326
587.587	459.387
597.93	226.542
613.427	290.458
616.833	212.592
618.494	194.484
619.364	173.691
617.741	428.182
630.248	147.649
630.248	147.649
633.258	100.426
637.001	263.861
652.536	455.114
657.921	402.64
664.256	92.0348
669.083	203.974
668.641	312.331
675.15	303.858
687.342	297.922
685.362	449.013
693.221	174.912
695.857	103.961
694.45	258.48
699.768	315.703
699.768	315.703
704.1	198.505
721.755	103.675
729.394	154.743
731.398	131.841
45.5106	259.566
49.9476	446.617
52.1096	405.763
58.4999	206.736
63.8498	274.913
68.5724	375.901
69.7872	450.59
75.2729	95.6367
75.421	165.797
79.086	359.331
83.7023	130.075
90.6479	242.204
105.096	69.0554
100.687	460.543
106.351	182.56
106.474	302.195
112.641	90.683
109.564	449.496
117.019	270.179
121.204	110.406
121.085	342.949
126.076	331.544
132.807	226.573
144.768	216.672
150.031	240.593
150.031	240.593
155.865	135.631
153.867	463.43
156.106	314.103
159.391	251.23
158.551	462.544
162.313	301.346
165.353	397.917
170.952	438.189
201.148	160.513
201.407	285.154
208.682	42.9771
223.417	129.42
228.534	62.5009
228.145	147.339
240.955	98.9323
248.933	134.237
252.168	61.7074
260.319	338.258
266.183	160.361
270.678	151.379
270.158	446.909
280.088	300.832
280.96	425.419
280.96	425.419
287.166	451.224
297.279	68.1226
303.357	32.1505
309.321	15.0229
305.862	405.103
306.458	381.184
306.458	381.184
432.491	234.986
432.491	234.986
445.53	56.1777
445.53	56.1777
459.03	106.79
459.03	106.79
471.027	47.527
477.831	62.0644
482.512	401.018
493.221	32.1055
491.364	396.78
497.533	395.132
502.794	112.404
500.714	266.677
500.714	266.677
504.596	54.7421
509.206	352.443
518.519	152.067
520.192	344.627
525.357	149.746
535.339	345.66
536.389	334.968
536.389	334.968
540.671	350.222
551.799	95.1216
554.864	83.92
549.26	403.662
558.531	131.784
575.698	189.282
571.384	410.392
575.051	370.754
587.094	212.555
586.642	264.453
594.925	21.5408
594.925	21.5408
587.644	459.414
596.154	163.611
597.922	226.575
613.156	134.274
615.669	247.351
616.767	212.631
618.416	194.514
619.35	173.584
617.76	428.132
630.219	147.644
630.219	147.644
633.341	100.461
634.754	320.337
639.896	85.4922
636.845	301.923
645.372	257.983
645.372	257.983
640.469	463.547
652.59	455.076
655.738	401.65
687.329	297.855
689.825	150.316
685.292	449.048
695.94	104.031
699.767	315.692
703.405	186.232
704.008	198.533
706.472	302.123
716.779	111.359
721.682	103.629
45.5907	259.575
47.443	160.406
49.6875	446.795
52.2795	405.444
58.5073	206.731
63.7099	274.861
68.4376	375.916
69.6444	450.614
74.5743	79.0131
75.4207	95.4993
75.3947	165.879
79.2605	359.154
83.7232	130.107
90.6281	242.23
105.065	69.0596
100.575	460.52
107.812	54.2282
106.374	302.2
109.532	449.519
117.002	270.254
121.211	144.069
121.144	342.915
125.977	331.495
132.954	226.429
143.724	130.233
144.819	216.648
151.541	206.865
155.885	135.673
153.823	463.452
159.342	251.227
161.289	318.581
164.79	310.297
165.449	397.92
170.976	437.922
176.926	189.056
174.863	473.871
189.967	212.87
201.165	160.53
201.477	285.151
208.634	43.0574
223.457	129.474
228.545	62.5545
240.996	98.8831
243.159	71.4517
260.363	338.177
266.093	160.302
270.627	151.4
270.164	446.941
279.068	288.823
280.062	300.861
280.967	425.411
286.722	141.042
287.2	451.246
297.279	68.2218
303.462	32.3005
299.954	442.855
305.756	405.089
306.452	381.217
320.429	48.1687
330.22	361.185
432.52	234.955
432.52	234.955
445.512	55.987
445.512	55.987
458.991	106.654
461.797	116.728
466.095	133.212
466.095	133.212
471.151	47.5908
475.227	395.211
493.226	32.0293
497.575	395.128
504.562	54.6943
504.569	280.956
504.569	280.956
512.982	70.7948
518.496	152.073
527.966	341.895
535.341	345.675
536.425	335
536.425	335
540.646	350.209
550.658	145.488
551.787	95.2291
554.888	84.1123
549.331	403.657
560.413	126.725
575.672	189.219
571.165	410.302
575.021	370.751
579.362	164.726
587.08	212.565
586.652	264.485
594.97	21.5177
594.97	21.5177
587.512	459.277
608.206	245.267
606.556	453.556
615.592	128.42
615.592	128.42
613.417	290.46
616.858	212.622
617.786	428.129
633.214	100.391
635.346	212.674
636.841	263.989
645.221	165.834
637.736	469.019
640.221	463.572
656.819	81.3442
656.422	401.908
665.327	319.085
668.658	312.327
671.802	171.043
689.782	150.345
687.371	297.877
690.231	143.528
685.076	449.034
696.332	103.955
699.669	315.514
699.669	315.514
702.729	186.299
710.639	169.473
721.602	103.584
45.4655	259.575
47.6309	160.299
49.7025	446.903
52.2255	405.376
58.5383	206.65
63.8355	274.888
68.4411	375.841
69.6778	450.527
75.3172	166.036
90.6037	242.312
105.068	69.0852
100.615	460.534
107.844	54.2303
106.468	302.212
109.537	449.492
117.037	270.157
121.216	144.007
121.105	342.939
121.105	342.939
126.037	331.55
133.322	112.174
132.814	226.645
143.726	130.267
144.761	216.618
150.803	194.282
155.82	135.583
158.13	296.546
159.383	251.167
164.778	310.486
165.447	397.952
166.773	450.879
169.305	455.354
170.909	438.13
190.04	212.759
197.004	163.696
201.165	160.428
201.683	285.13
208.671	43.0087
223.157	129.644
228.469	62.5109
232.946	34.133
240.961	98.9485
248.842	134.282
260.33	338.194
266.11	160.267
270.699	151.485
280.07	300.843
280.96	425.413
287.136	451.289
297.257	68.1277
297.658	60.939
303.404	32.2719
299.869	442.701
305.9	405.068
306.453	381.181
306.453	381.181
319.537	277.353
321.351	399.163
432.457	234.995
432.457	234.995
445.378	55.5469
445.378	55.5469
459.02	106.754
461.797	116.717
470.987	47.3976
475.231	395.222
485.138	80.0562
493.258	32.205
494.398	102.272
497.389	395.168
502.837	112.448
500.71	266.669
500.71	266.669
504.57	54.6756
518.547	152.106
527.967	341.918
535.343	345.655
536.439	335
536.439	335
540.657	350.205
550.778	145.633
551.775	95.2611
549.357	403.679
558.546	131.732
558.884	101.088
567.638	465.388
575.596	189.173
571.334	410.447
575.076	370.724
579.354	164.718
587.115	212.489
586.642	264.478
594.865	21.5415
594.865	21.5415
587.54	459.342
608.205	245.274
613.398	290.503
616.772	212.641
617.674	428.123
628.086	155.327
630.299	147.717
630.299	147.717
633.203	100.399
637.005	263.873
636.864	301.936
636.902	396.297
656.883	81.3001
652.58	455.003
661.078	213.391
667.624	199.634
668.689	312.398
687.342	297.879
685.426	449.086
693.635	174.959
695.931	103.981
699.753	315.691
699.753	315.691
703.817	198.697
712.695	154.721
712.695	154.721
721.556	103.64
42.7801	270.946
45.5587	259.612
47.4211	160.458
49.8332	446.783
52.1362	405.42
58.511	206.751
64.1391	142.539
68.5002	375.893
69.7243	450.547
78.8578	359.45
83.7283	130.139
92.3372	45.995
90.6718	242.18
100.363	460.501
107.883	54.195
106.51	302.227
109.531	449.39
117.019	270.237
121.279	143.908
121.125	160.349
121.106	342.913
126.087	331.58
133.328	112.154
132.773	226.586
144.724	216.578
155.846	135.575
158.113	296.562
159.717	207.169
159.717	207.169
159.307	251.262
158.519	462.504
161.363	318.432
165.452	397.97
170.979	438.117
177.036	188.954
174.872	473.856
201.751	285.172
208.757	42.9694
223.184	129.633
228.53	62.4937
228.182	147.416
228.094	287.518
248.83	134.066
244.322	471.893
248.182	410.402
253.549	187.468
258.562	121.943
260.299	338.232
266.093	160.293
279.028	288.851
280.054	300.821
287.388	451.224
297.242	68.0563
297.696	60.9598
303.443	32.2007
299.82	442.876
305.822	405.08
327.543	347.368
330.21	361.285
432.433	234.886
432.433	234.886
445.436	55.7929
445.436	55.7929
459.01	106.644
461.837	116.827
466.143	133.362
471.104	47.5762
482.546	400.855
493.224	31.975
497.554	395.129
500.707	266.605
500.707	266.605
504.631	54.786
509.349	352.495
515.367	126.154
518.546	152.081
523.496	82.5365
520.282	344.916
527.982	341.911
536.363	334.959
540.654	350.187
550.704	145.449
551.816	95.1158
554.852	84.0842
549.324	403.81
562.03	153.236
571.126	330.135
575.663	189.2
571.079	410.195
575.025	370.765
587.077	212.503
586.629	264.407
595.035	21.5635
595.035	21.5635
608.226	245.277
612.96	134.118
606.014	453.33
606.638	453.601
613.397	290.508
615.657	247.457
616.903	212.595
617.709	428.092
630.286	147.674
630.286	147.674
633.292	100.446
634.824	320.305
639.787	85.4645
645.651	174.005
645.297	258.011
643.283	431.534
652.667	455.208
671.925	170.973
675.243	303.882
687.261	297.95
689.839	150.369
685.14	449.037
693.45	174.986
693.82	167.136
696.208	103.955
699.746	315.656
705.355	144.612
706.477	302.195
721.69	103.704
