42.532	270.873
52.6246	438.072
52.5995	405.557
58.8844	149.111
58.8543	283.977
68.789	375.929
69.7122	450.361
73.9097	40.5691
78.6587	19.8002
75.3571	225.357
75.3571	225.357
87.4835	445.625
92.0981	112.161
94.7377	121.572
96.6433	375.143
96.6433	375.143
104.825	256.939
106.427	182.43
106.426	302.228
115.668	62.7286
121.114	160.35
123.011	92.4479
128.231	282.977
136.058	448.622
138.789	293.763
151.509	206.766
155.558	135.218
159.157	251.344
160.094	219.959
161.474	466.614
161.474	466.614
162.262	301.449
164.719	310.346
165.131	397.966
186.948	141.67
185.89	428.09
201.294	285.119
208.385	43.0704
212.275	162.161
212.275	162.161
222.316	170.297
223.178	129.55
228.32	62.5259
233.091	34.2703
242.991	71.4017
244.318	471.91
244.318	471.91
258.989	412.339
258.989	412.339
260.813	337.054
263.811	331.248
273.831	136.57
279.176	288.744
287.007	368.602
287.789	451.233
288.493	385.544
289.851	442
297.278	68.1852
297.511	60.8378
309.537	15.8568
305.902	405.056
314.845	399.429
321.134	48.3462
330.201	361.197
427.914	232.439
427.914	232.439
470.468	47.5222
476.163	395.742
476.163	395.742
485.169	80.0758
494.374	102.303
504.653	54.9404
504.453	310.952
510.354	353.793
514.301	121.839
537.075	100.254
535.679	346.791
536.67	406.887
545.391	91.237
549.453	90.0186
554.356	25.233
560.312	126.494
566.8	158.453
566.164	322.886
569.742	359.532
573.306	397.549
575.031	371.046
585.72	13.2285
587.154	212.571
592.513	198.203
587.757	459.663
587.757	459.663
596.724	204.426
597.974	226.536
600.424	42.0491
604.772	223.382
606.485	454.118
616.969	161.201
625.115	112.567
630.436	431.093
636.201	93.3891
636.91	302
637.173	396.814
651.12	112.194
652.346	455.02
659.117	198.902
656.573	402.813
664.168	91.98
666.637	251.718
666.637	251.718
668.457	312.184
675.051	303.876
675.654	423.444
684.984	290.382
689.611	10.7532
689.611	10.7532
684.795	449.079
693.773	167.019
694.586	258.502
699.781	315.727
697.143	449.106
703.256	186.229
719.301	143.478
721.917	103.693
731.792	59.5317
42.589	270.931
52.6177	438.072
52.5183	405.459
58.8448	149.164
58.2668	206.946
58.7237	283.952
69.5222	450.458
68.7331	375.971
78.7144	19.8222
75.3448	165.744
75.4598	225.221
75.4598	225.221
79.2673	359.171
87.4452	445.673
94.6995	121.597
94.6995	121.597
104.837	256.965
104.837	256.965
115.667	62.6517
112.655	321.086
121.088	160.326
126.115	331.533
132.563	351.371
137.541	99.924
136.036	448.664
152.945	146.972
155.984	314.292
159.151	251.366
160.071	219.893
161.355	162.538
162.262	301.445
165.156	398.083
165.787	370.863
167.974	231.674
174.25	467.281
174.4	474.353
186.927	141.593
201.469	285.156
208.471	43.0167
212.27	162.195
222.045	170.441
228.396	62.5464
228.167	147.287
228.167	147.287
232.98	34.1976
243.52	62.6911
263.122	457.19
263.669	331.232
275.21	426.697
279.085	288.789
280.056	300.886
280.935	425.435
286.999	368.595
287.191	451.192
288.376	385.561
289.848	441.943
297.365	68.2303
297.523	60.8335
298.455	42.3691
300.306	394.503
309.444	15.6422
305.78	405.075
330.23	361.282
400.413	33.5876
427.88	232.293
427.88	232.293
461.705	116.491
470.624	47.6071
476.139	395.749
485.221	80.1783
483.535	401.293
500.787	124.23
504.593	54.7117
504.445	310.835
509.437	376.307
510.309	353.824
518.485	152.009
522.23	73.41
522.23	73.41
536.582	47.6273
536.582	47.6273
537.068	100.261
535.67	346.805
549.111	396.534
558.532	131.774
562.222	189.067
566.84	158.417
566.077	322.928
567.647	465.295
571.134	410.517
574.958	371.062
575.934	385.516
589.922	210.382
587.766	459.654
596.768	204.431
600.383	41.9872
604.771	223.345
606.544	232.047
609.45	187.408
615.263	128.141
618.164	429.029
622.942	261.955
625.262	112.793
636.236	93.4982
631.362	480.606
636.82	301.946
637.189	396.883
645.498	257.864
651.452	194.67
652.336	454.978
656.363	402.669
664.232	92.0253
668.418	312.172
675.24	303.801
677.665	311.449
675.716	423.426
684.831	290.501
689.463	10.8334
685.083	449.119
693.605	174.936
693.734	167.015
694.602	258.525
701.155	130.469
705.607	144.481
722.114	65.3924
42.9329	271.034
49.9666	446.627
52.653	438.029
52.5292	405.376
58.3107	206.919
63.832	274.904
68.7241	376.042
78.6866	19.8547
75.473	225.278
75.473	225.278
79.2782	359.23
94.7248	121.553
94.7248	121.553
104.863	256.942
104.863	256.942
115.674	62.7134
121.108	160.4
121.108	160.4
123.715	295.191
124.775	445.558
126.04	331.496
137.59	99.972
136.034	448.665
145.928	453.188
150.726	194.364
151.533	206.832
152.94	146.951
155.565	135.215
158.482	462.637
159.18	251.328
162.315	301.32
164.705	310.253
165.098	398.025
166.33	209.042
185.901	428.012
201.155	160.391
201.395	285.169
208.361	43.2315
222.031	170.471
223.501	129.539
228.385	62.4051
233.165	34.238
255.437	65.743
257.583	243.718
258.985	412.303
258.985	412.303
260.859	336.994
263.753	331.268
273.658	136.453
279.207	288.743
287.01	368.596
287.235	451.25
288.378	385.559
289.628	407.674
289.876	442.005
297.552	60.8556
298.473	42.3531
303.36	32.1838
303.034	57.5537
300.351	394.527
395.902	94.4197
399.519	42.3588
400.316	36.0436
427.86	232.138
427.86	232.138
470.558	47.6903
476.144	395.762
476.144	395.762
485.125	80.1044
493.246	32.0538
500.672	124.064
504.499	311.045
510.305	353.812
515.399	126.065
518.486	152.053
520.264	70.7987
522.244	73.3314
522.244	73.3314
520.528	345.374
535.669	346.79
554.402	25.2917
558.558	131.812
556.246	403.3
560.266	126.45
566.826	158.397
569.704	359.552
573.356	397.508
575.031	371.037
585.458	13.1793
585.135	200.111
590.921	173.293
587.917	459.91
587.917	459.91
596.726	219.7
597.947	226.527
600.389	42.0105
609.434	187.401
612.93	237.589
618.088	428.952
636.222	93.4106
636.829	301.9
637.298	396.872
640.551	463.435
651.389	112.496
651.389	112.496
651.453	194.642
652.344	455.043
656.654	402.778
664.232	92.0159
666.668	251.844
666.668	251.844
668.433	312.159
677.295	311.459
675.671	423.392
684.468	311.756
685.093	290.334
689.682	10.7155
689.682	10.7155
685.001	449.052
694.559	258.464
699.096	154.708
696.738	449.082
704.121	198.445
705.006	110.785
716.865	111.252
731.474	59.5683
49.9517	446.624
52.3743	405.543
58.2643	206.937
58.8707	283.996
63.8483	274.907
68.6312	376.097
69.7137	450.425
78.7145	19.8043
75.4147	225.292
75.4147	225.292
87.4569	445.699
94.7805	121.512
105.183	68.9854
104.82	256.974
106.376	182.453
108.505	141.504
112.682	321.09
121.11	160.372
122.951	92.512
123.801	295.2
128.229	282.948
132.58	351.339
136.032	448.671
143.682	130.259
151.854	162.599
152.999	146.904
156.049	314.315
159.174	251.314
160.122	219.88
161.331	162.533
164.72	310.137
165.02	397.875
165.913	370.743
170.816	438.045
174.421	474.402
184.065	200.451
201.394	285.108
208.4	43.205
222.239	170.366
223.367	129.559
223.567	129.575
228.383	62.4496
232.923	34.2152
235.734	470.628
244.354	471.872
258.974	412.368
260.982	336.968
275.167	426.438
279.138	288.744
282.273	80.0391
280.069	300.907
286.996	368.595
289.887	441.98
297.299	68.2092
297.549	60.8723
299.321	443.219
304.559	176.803
309.555	15.8981
309.555	15.8981
305.874	405.072
306.493	381.347
306.493	381.347
395.621	96.9227
399.527	44.0876
400.429	37.6554
427.936	232.144
427.936	232.144
450.551	75.572
470.965	47.6918
476.171	395.753
476.171	395.753
494.489	102.378
500.692	124.118
504.515	54.596
504.455	310.98
510.371	353.806
518.536	152.112
533.4	93.0997
535.68	346.795
540.209	21.9446
536.758	406.909
549.424	90.0238
562.195	189.105
566.747	158.45
566.913	145.705
566.11	322.919
569.657	359.578
573.311	397.564
575.071	371.036
585.716	13.2143
587.214	212.549
587.849	459.853
587.849	459.853
597.312	143.057
596.872	219.673
600.404	42.0218
606.507	232.1
606.536	454.125
617.079	161.32
619.947	351.996
622.632	169.222
630.411	431.124
635.651	136.513
636.257	93.4339
636.9	301.953
637.349	396.927
656.836	81.2426
652.34	454.959
656.441	402.715
663.666	127.339
666.687	251.728
666.687	251.728
667.873	241.639
668.45	312.177
675.203	303.817
677.751	311.481
675.714	423.396
684.855	290.489
689.582	10.8068
689.582	10.8068
684.887	449.098
694.153	293.631
699.096	154.728
696.709	449.035
703.603	186.26
705.78	144.436
716.811	111.277
50.0199	446.624
58.5992	283.914
61.5965	261.286
75.4367	165.78
75.4367	165.78
75.3362	225.346
76.4521	144.849
78.8529	359.709
90.3954	286.99
101.136	101.733
103.499	447.185
104.755	257.1
108.52	141.532
108.42	336.118
108.42	336.118
118.708	198.926
126.843	79.0053
132.51	351.43
136.039	448.663
145.641	116.724
145.876	453.245
152.866	146.889
158.062	296.583
159.948	206.607
159.948	206.607
164.684	310.389
165.97	370.76
168.682	176.279
185.93	428.186
188.114	472.05
196.946	151.849
201.314	285.103
208.569	42.9523
221.706	112.506
222.073	170.394
228.466	62.4343
244.244	471.929
255.026	42.6859
253.574	187.684
257.638	243.695
260.585	337.204
274.04	136.545
279.127	288.752
279.127	288.752
280.039	300.871
282.246	79.9273
286.544	140.633
287.38	451.218
297.292	68.1348
297.568	60.8765
309.542	15.8877
314.855	399.452
400.532	45.0872
425.621	230.701
450.68	75.9493
450.68	75.9493
471.037	47.6103
476.286	395.716
483.498	400.951
493.237	31.9741
496.321	133.606
499.592	104.789
500.661	266.521
509.562	376.155
510.265	353.831
514.355	121.823
517.993	369.453
530.345	75.5694
535.691	346.713
537.163	336.01
541.171	34.7464
544.85	21.8227
545.601	91.0227
549.415	404.098
559.528	101.045
566.764	158.514
567.556	465.36
573.378	397.552
575.938	385.489
585.184	200.017
587.139	164.201
593.865	20.5464
601.996	273.737
607.937	161.933
606.606	454.212
619.859	117.51
618.137	429.001
622.524	169.048
622.936	261.955
625.579	316.195
636.982	302.048
637.5	396.988
656.78	81.0723
656.78	81.0723
652.223	455.09
659.128	198.88
658.07	403.373
663.741	127.407
668.002	241.587
676.026	165.455
675.16	303.866
675.724	423.44
684.917	290.482
684.903	449.013
689.533	10.7992
689.533	10.7992
693.767	167.099
699.862	315.813
705.473	144.451
716.911	111.318
731.6	59.5944
