49.9517	446.624
52.3743	405.543
58.2643	206.937
58.8707	283.996
63.8483	274.907
68.6312	376.097
69.7137	450.425
78.7145	19.8043
75.4147	225.292
75.4147	225.292
87.4569	445.699
94.7805	121.512
105.183	68.9854
104.82	256.974
106.376	182.453
108.505	141.504
112.682	321.09
121.11	160.372
122.951	92.512
123.801	295.2
128.229	282.948
132.58	351.339
136.032	448.671
143.682	130.259
151.854	162.599
152.999	146.904
156.049	314.315
159.174	251.314
160.122	219.88
161.331	162.533
164.72	310.137
165.02	397.875
165.913	370.743
170.816	438.045
174.421	474.402
184.065	200.451
201.394	285.108
208.4	43.205
222.239	170.366
223.367	129.559
223.567	129.575
228.383	62.4496
232.923	34.2152
235.734	470.628
244.354	471.872
258.974	412.368
260.982	336.968
275.167	426.438
279.138	288.744
282.273	80.0391
280.069	300.907
286.996	368.595
289.887	441.98
297.299	68.2092
297.549	60.8723
299.321	443.219
304.559	176.803
309.555	15.8981
309.555	15.8981
305.874	405.072
306.493	381.347
306.493	381.347
395.621	96.9227
399.527	44.0876
400.429	37.6554
427.936	232.144
427.936	232.144
450.551	75.572
470.965	47.6918
476.171	395.753
476.171	395.753
494.489	102.378
500.692	124.118
504.515	54.596
504.455	310.98
510.371	353.806
518.536	152.112
533.4	93.0997
535.68	346.795
540.209	21.9446
536.758	406.909
549.424	90.0238
562.195	189.105
566.747	158.45
566.913	145.705
566.11	322.919
569.657	359.578
573.311	397.564
575.071	371.036
585.716	13.2143
587.214	212.549
587.849	459.853
587.849	459.853
597.312	143.057
596.872	219.673
600.404	42.0218
606.507	232.1
606.536	454.125
617.079	161.32
619.947	351.996
622.632	169.222
630.411	431.124
635.651	136.513
636.257	93.4339
636.9	301.953
637.349	396.927
656.836	81.2426
652.34	454.959
656.441	402.715
663.666	127.339
666.687	251.728
666.687	251.728
667.873	241.639
668.45	312.177
675.203	303.817
677.751	311.481
675.714	423.396
684.855	290.489
689.582	10.8068
689.582	10.8068
684.887	449.098
694.153	293.631
699.096	154.728
696.709	449.035
703.603	186.26
705.78	144.436
716.811	111.277
50.0199	446.624
58.5992	283.914
61.5965	261.286
75.4367	165.78
75.4367	165.78
75.3362	225.346
76.4521	144.849
78.8529	359.709
90.3954	286.99
101.136	101.733
103.499	447.185
104.755	257.1
108.52	141.532
108.42	336.118
108.42	336.118
118.708	198.926
126.843	79.0053
132.51	351.43
136.039	448.663
145.641	116.724
145.876	453.245
152.866	146.889
158.062	296.583
159.948	206.607
159.948	206.607
164.684	310.389
165.97	370.76
168.682	176.279
185.93	428.186
188.114	472.05
196.946	151.849
201.314	285.103
208.569	42.9523
221.706	112.506
222.073	170.394
228.466	62.4343
244.244	471.929
255.026	42.6859
253.574	187.684
257.638	243.695
260.585	337.204
274.04	136.545
279.127	288.752
279.127	288.752
280.039	300.871
282.246	79.9273
286.544	140.633
287.38	451.218
297.292	68.1348
297.568	60.8765
309.542	15.8877
314.855	399.452
400.532	45.0872
425.621	230.701
450.68	75.9493
450.68	75.9493
471.037	47.6103
476.286	395.716
483.498	400.951
493.237	31.9741
496.321	133.606
499.592	104.789
500.661	266.521
509.562	376.155
510.265	353.831
514.355	121.823
517.993	369.453
530.345	75.5694
535.691	346.713
537.163	336.01
541.171	34.7464
544.85	21.8227
545.601	91.0227
549.415	404.098
559.528	101.045
566.764	158.514
567.556	465.36
573.378	397.552
575.938	385.489
585.184	200.017
587.139	164.201
593.865	20.5464
601.996	273.737
607.937	161.933
606.606	454.212
619.859	117.51
618.137	429.001
622.524	169.048
622.936	261.955
625.579	316.195
636.982	302.048
637.5	396.988
656.78	81.0723
656.78	81.0723
652.223	455.09
659.128	198.88
658.07	403.373
663.741	127.407
668.002	241.587
676.026	165.455
675.16	303.866
675.724	423.44
684.917	290.482
684.903	449.013
689.533	10.7992
689.533	10.7992
693.767	167.099
699.862	315.813
705.473	144.451
716.911	111.318
731.6	59.5944
50.0425	446.61
58.7018	283.931
61.5365	261.227
67.9272	375.225
68.8631	376.085
75.374	95.4234
75.6138	165.45
79.334	20.5688
76.4129	144.833
75.3742	225.289
75.3742	225.289
92.2519	45.9074
90.4008	287.001
104.802	256.957
106.206	182.572
108.584	141.443
108.256	336.277
123.65	295.088
123.65	295.088
126.805	79.018
124.745	445.65
136.04	448.656
145.79	116.836
145.898	453.258
152.983	146.927
159.15	251.276
163.673	459.809
165.326	397.856
167.362	219.857
168.653	176.311
168.001	231.688
188.775	323.293
196.971	163.677
201.167	285.074
201.464	336.56
221.632	112.446
223.192	129.627
228.486	62.553
228.898	287.418
244.113	62.9596
255.143	42.8272
253.545	187.668
258.966	412.264
258.966	412.264
260.898	336.928
262.64	457.177
270.707	457.652
272.335	285.539
280.079	300.899
286.663	140.743
287.023	451.214
287.023	451.214
288.314	385.547
289.832	400.07
297.202	68.0892
297.609	60.9045
302.967	212.305
309.562	15.9924
305.765	405.116
319.591	277.383
325.607	48.3036
401.46	46.2503
402.054	39.8844
405.47	95.208
425.442	230.73
445.451	55.6958
470.95	47.425
476.134	395.772
476.134	395.772
485.374	80.1628
483.417	400.882
491.58	397.27
495.75	39.967
499.602	105.056
500.654	266.412
500.654	266.412
502.754	112.251
504.284	311.014
522.205	73.328
530.267	75.0323
535.692	346.788
537.32	406.727
546.667	27.8881
549.58	404.167
554.419	25.4571
555.245	118.499
559.427	101.138
569.629	359.606
569.629	359.606
567.675	465.482
571.128	330.555
578.705	178.463
587.174	164.042
587.257	212.438
589.917	210.325
597.38	182.95
597.38	182.95
599.982	41.5586
603.073	6.82603
606.682	454.25
613.005	199.127
612.957	237.617
613.383	290.493
618.174	428.967
620.335	352.004
625.083	112.632
634.832	320.306
637.276	396.789
645.55	257.902
651.721	318.448
654.748	60.3886
652.628	455.176
655.94	402.439
663.74	127.11
664.155	92.0019
675.108	303.83
677.736	311.344
675.843	423.449
684.841	290.524
689.581	10.8182
684.961	448.973
694.362	293.696
700.975	130.471
700.975	130.471
710.056	169.245
710.056	169.245
731.909	59.5529
42.8348	270.971
49.9276	446.596
58.8116	283.996
68.8456	376.314
78.893	20.1336
75.4998	165.647
75.3109	225.414
92.2162	46.0065
91.8821	112.308
94.8039	121.646
103.501	447.196
104.849	256.895
104.849	256.895
106.258	182.564
121.007	343.128
123.59	295.018
123.59	295.018
126.839	78.956
124.752	445.615
132.847	226.563
132.599	351.266
137.24	99.6591
146.276	233.718
146.242	294.249
152.91	146.802
157.982	296.707
160.069	219.949
161.56	466.448
163.656	459.877
165.912	370.715
168.715	176.223
187.394	141.71
187.668	285.587
197.007	163.649
201.149	285.026
208.498	42.8939
208.498	42.8939
222.131	170.36
228.469	62.492
227.862	147.084
233.005	34.2227
233.005	34.2227
243.852	62.8306
253.545	187.629
257.389	243.709
273.98	136.485
272.487	285.539
275.025	426.652
279.101	288.769
280.063	300.863
286.71	140.89
286.987	368.561
289.985	400.05
297.24	68.1176
297.667	60.9422
296.891	367.249
302.917	212.313
309.583	15.9545
309.583	15.9545
305.729	405.069
319.521	277.363
402.515	48.4961
403.084	42.2028
426.537	230.977
426.537	230.977
461.715	116.518
477.373	61.5244
483.55	401.295
493.249	32.2168
495.669	39.7398
496.575	396.115
500.707	266.529
500.707	266.529
502.797	112.517
504.55	311.207
522.263	73.2876
537.051	100.203
535.635	346.763
541.707	110.001
542.968	93.555
540.915	351.264
544.862	21.9137
546.694	27.84
549.796	404.166
562.245	153.163
566.05	322.931
569.729	359.561
567.852	465.71
573.269	397.556
587.225	164.17
587.109	212.53
588.08	460.203
596.738	204.49
597.343	143.116
600.227	41.9296
603.8	7.15794
618.066	428.921
633.018	181.133
630.448	431.024
635.704	136.612
636.238	93.412
634.895	293.182
636.827	301.948
643.719	209.887
652.231	454.932
659.178	198.838
664.136	91.9502
663.596	283.118
665.501	318.924
675.01	303.926
677.341	311.568
675.701	423.435
685.142	117.492
685.142	117.492
684.76	290.534
687.597	297.762
689.504	150.271
689.711	10.7689
684.898	448.976
693.371	174.828
731.978	59.6517
49.9698	446.66
58.7066	283.961
64.0459	274.986
68.6786	375.784
78.8744	20.0553
75.4147	225.297
75.4147	225.297
79.1694	359.459
92.2367	45.9209
91.4372	164.97
90.6191	242.085
94.8445	121.554
104.817	256.97
106.298	182.532
106.356	302.253
108.497	141.543
115.694	62.5759
121.056	343.049
126.912	78.9831
124.737	445.634
126.185	331.535
136.018	448.735
138.785	293.786
152.951	146.868
156.055	314.274
159.222	251.22
161.325	162.519
165.943	370.701
168.255	419.769
169.019	456.188
174.388	474.327
184.117	200.438
190.094	212.679
196.95	151.878
201.201	285.06
208.572	42.9097
208.572	42.9097
209.42	142.85
212.301	162.215
221.307	112.321
224.87	442.122
228.665	287.413
233.063	34.3544
236.356	65.5262
244.326	471.895
258.988	412.31
270.7	151.495
272.355	285.519
282.266	79.8436
288.217	385.493
289.448	472.853
289.922	400.041
297.216	68.092
297.625	60.9145
298.49	42.4107
300.403	394.457
303.064	212.253
309.576	15.9149
330.162	361.227
404.034	45.5927
405.189	112.232
426.564	231.093
426.564	231.093
463.618	123.681
466.065	132.976
471.16	47.504
477.774	62.0949
485.413	80.0792
493.193	31.8833
500.687	266.515
500.687	266.515
504.324	311.012
515.541	371.408
541.137	34.7984
541.137	34.7984
545.412	91.0533
545.412	91.0533
559.827	146.682
556.335	403.062
566.77	158.513
566.94	145.73
566.051	322.872
571.137	330.619
573.37	397.533
575.798	385.601
580.675	193.326
585.215	200.154
586.705	264.669
589.882	210.249
588.155	460.294
588.155	460.294
597.33	143.161
600.292	41.9507
604.161	7.34694
604.749	223.324
606.409	454.244
619.844	117.478
622.88	261.987
630.485	431.005
635.527	212.639
636.891	301.921
637.099	396.636
647.513	155.611
643.917	432.554
651.53	194.611
654.621	60.3984
656.743	81.2606
652.307	455.024
663.549	283.078
665.453	318.992
675.191	303.842
677.41	311.436
684.805	290.518
687.579	297.771
689.554	10.8081
685.015	449.058
693.623	174.944
693.914	167.039
701.287	130.462
696.853	449.029
705.742	144.479
