42.7766	270.955
49.8822	446.76
52.6845	437.864
52.7398	405.517
58.6715	149.476
58.4598	206.779
63.972	274.921
68.8088	375.853
72.5402	302.701
75.3833	165.729
78.7571	19.8303
75.3151	225.481
89.2855	134.653
92.3519	45.977
92.0066	112.158
90.4627	287.035
104.85	256.934
113.164	441.095
113.164	441.095
121.064	160.382
121.011	343.136
126.936	78.971
126.103	331.502
132.546	351.398
137.226	99.6862
141.237	227.039
145.701	116.83
147.814	303.786
151.537	206.772
152.99	146.842
159.319	251.175
160.171	219.889
161.331	162.547
162.322	301.354
166.056	370.606
168.649	176.305
170.729	438.299
186.004	449.587
201.223	285.132
208.62	42.9171
208.62	42.9171
222.108	170.379
223.456	129.559
228.314	287.495
232.994	34.2148
236.274	65.6529
242.943	71.249
244.336	471.968
255.013	42.0372
253.613	187.695
259.019	412.313
259.019	412.313
260.374	337.374
263.719	331.327
273.875	136.553
278.988	288.883
287.517	451.23
292.784	403.093
297.192	68.0757
297.583	60.8672
299.956	442.636
300.318	394.516
303.437	32.238
320.844	48.1371
319.547	277.392
327.496	347.463
330.367	353.485
403.909	159.376
404.593	83.1678
405.827	75.7523
428.61	232.466
428.61	232.466
461.794	116.605
476.265	395.718
485.17	79.9211
491.509	397.331
495.492	39.2348
499.642	104.938
500.695	266.584
500.695	266.584
504.453	54.4355
510.524	353.744
512.535	312.788
518.537	152.016
519.718	308.101
520.529	345.244
526.97	65.9397
531.293	98.7191
535.641	346.814
549.496	403.995
554.48	25.4532
558.541	131.844
562.176	189.035
562.525	134.132
566.133	322.903
567.637	465.492
575.01	371.039
582.532	406.179
585.638	13.1955
586.632	264.582
587.178	212.487
587.701	459.438
597.472	182.932
597.999	226.586
600.443	42.0148
601.928	173.472
604.78	223.293
604.992	7.68221
606.349	454.181
619.396	173.568
619.967	352.06
625.127	112.618
630.479	431.129
630.479	431.129
635.72	136.645
634.879	293.208
636.911	301.986
645.352	257.981
654.679	60.3124
652.349	454.996
664.108	91.9747
665.454	319.082
668.043	241.603
676.351	165.514
675.299	303.781
675.768	423.474
685.313	117.416
684.87	290.507
687.481	297.778
685.109	449.056
689.62	10.743
689.62	10.743
699.787	315.808
697.145	449.109
704.349	198.347
710.131	117.732
722.408	65.4029
732.072	59.6057
42.848	271.036
49.9628	446.651
52.336	405.48
58.9577	283.982
68.6788	375.809
70.0101	450.446
72.6711	302.67
78.7352	19.8673
75.3167	225.449
77.0727	274.53
78.955	359.521
92.3157	45.9321
94.9439	121.507
101.123	101.653
104.836	256.932
115.628	62.5372
116.453	448.725
121.632	454.056
121.014	343.078
126.929	78.9603
126.176	331.589
132.047	177.131
141.067	227.145
142.67	192.421
146.38	233.713
155.711	135.396
156.087	314.255
159.181	251.298
162.691	422.326
164.788	310.07
166.007	370.77
167.995	231.805
169.948	468.387
170.906	462.529
187.885	141.719
196.936	151.86
197.043	163.655
201.303	285.126
208.622	42.9966
208.622	42.9966
221.857	170.647
228.394	62.4627
228.49	287.432
236.175	65.5582
248.729	134.037
255.226	42.2904
253.597	187.705
257.509	243.688
258.969	412.308
260.275	337.457
279.025	288.856
280.072	300.842
280.96	425.327
286.393	140.494
287.027	368.613
288.031	385.44
289.351	472.915
289.825	441.987
295.189	138.351
297.25	68.1967
300.169	442.932
300.339	394.552
303.116	57.4774
303.449	32.2751
305.954	405.09
309.474	15.744
319.463	277.379
330.239	361.132
404.697	165.371
404.675	174.77
406.44	79.906
406.44	79.906
428.898	232.816
428.898	232.816
450.645	75.9935
485.132	80.096
483.546	401.288
493.274	32.1418
491.608	397.263
500.64	123.914
500.672	266.414
500.672	266.414
504.595	311.071
509.465	376.312
509.465	376.312
514.384	121.836
518.502	152.133
528.322	343.4
530.303	75.2047
551.84	95.0171
549.49	404.104
552.757	325.057
554.524	25.407
556.41	403.103
559.888	146.61
559.888	146.61
562.944	168.258
569.696	359.559
575.008	371.068
580.806	193.124
585.748	13.24
587.097	212.469
586.714	264.646
589.908	210.343
587.584	459.422
587.584	459.422
600.477	42.0502
603.469	195.713
604.771	223.305
607.406	454.664
619.761	117.342
618.147	429.002
620.021	352.045
625.178	112.805
634.932	293.159
636.882	301.908
656.829	81.3199
656.829	81.3199
652.393	454.999
659.197	198.896
656.232	402.621
665.429	319.012
666.704	251.74
667.994	241.569
675.25	303.846
677.199	311.448
675.713	423.377
684.807	290.506
685.036	449.13
689.581	10.7418
693.897	167.072
694.223	293.615
701.036	130.431
697.018	449.078
710.315	117.789
712.823	154.643
732.441	59.6432
49.9151	446.687
52.3965	405.717
58.4488	206.748
58.4488	206.748
58.7574	284.025
63.8139	274.868
69.665	450.517
68.6543	375.82
74.1837	40.5226
78.6796	19.8277
75.3916	225.278
75.3916	225.278
79.0904	359.453
87.5075	445.615
92.08	46.1029
91.2706	165.111
90.4375	286.992
94.9335	121.545
104.826	256.966
108.513	335.946
115.642	62.5924
116.443	448.714
121.555	109.957
126.943	79.0274
126.135	331.556
132.485	351.424
142.696	192.389
149.66	459.114
151.528	206.746
152.921	146.884
159.209	251.258
160.127	219.893
161.39	318.317
164.728	310.215
165.88	370.885
168.34	419.675
170.831	438.114
176.94	189.019
187.851	141.775
196.998	163.64
201.435	285.129
208.572	42.925
208.572	42.925
221.972	170.469
223.595	129.675
228.405	62.5029
228.649	287.351
233.082	34.2978
236.332	65.6279
244.348	471.868
253.602	187.688
257.636	243.648
270.343	446.968
273.83	136.428
279.02	288.864
280.054	300.847
280.054	300.847
280.959	425.382
280.959	425.382
287.027	368.613
295.234	138.124
297.231	68.118
300.068	442.772
300.365	394.478
303.165	57.4049
309.561	15.8613
309.561	15.8613
314.881	399.39
319.482	277.333
403.016	169.579
406.316	91.3413
407.447	84.0218
429.096	233.443
429.096	233.443
476.325	395.699
485.113	80.1052
491.666	397.257
494.459	102.252
495.576	39.5024
500.658	266.463
500.658	266.463
504.544	54.5844
509.44	376.325
514.397	121.839
518.572	368.979
521.964	82.7398
531.069	98.8836
537.342	336.169
546.542	27.8935
546.542	27.8935
549.61	404.023
557.716	162.224
559.957	146.586
559.957	146.586
562.21	189.091
566.082	322.923
569.717	359.542
569.717	359.542
567.8	465.582
582.501	406.257
585.307	200.212
586.753	264.738
587.586	459.373
597.902	226.466
600.479	42.0671
604.797	223.305
604.797	223.305
607.246	454.636
619.757	117.405
618.145	429.045
619.897	352.043
625.665	316.392
655.944	143.654
656.797	81.1933
652.358	455.059
659.213	198.88
659.213	198.88
656.616	402.833
664.045	91.8607
665.426	318.947
666.681	251.678
666.681	251.678
675.129	303.916
675.69	423.413
683.589	154.245
684.904	290.473
687.579	297.718
685.341	449.152
689.664	10.7467
694.218	293.628
696.231	448.956
704.278	198.4
710.228	117.773
727.3	126.761
52.6545	405.631
58.477	206.708
58.3524	283.863
63.8679	274.915
68.6265	375.908
69.7542	450.426
74.0559	40.6323
72.7099	302.732
78.7765	19.8336
75.4215	225.309
75.4215	225.309
78.9895	359.513
92.3312	45.9244
90.3771	287.003
92.1044	112.133
94.8813	121.569
104.846	256.969
106.263	302.128
115.61	62.4779
116.43	448.715
121.589	454.29
126.93	79.0505
131.504	163.073
132.593	351.284
142.659	192.539
143.599	130.256
151.533	206.773
152.961	146.833
159.296	251.208
162.248	301.476
164.675	310.312
166.048	370.61
167.971	231.793
168.29	419.716
170.806	438.092
181.057	469.797
201.429	285.149
208.59	42.9548
208.59	42.9548
212.213	162.168
212.213	162.168
221.981	170.526
228.444	62.4486
228.163	147.376
228.444	287.45
233.044	34.2912
236.247	65.5799
255.177	42.1628
253.586	187.667
257.723	243.665
260.269	337.456
270.231	446.827
273.948	136.476
279.004	288.838
280.071	300.853
280.954	425.36
280.954	425.36
287.032	368.623
288.168	385.447
289.38	472.921
295.234	138.12
297.321	68.1818
300.124	442.841
300.317	394.523
303.096	57.4195
303.485	32.2754
305.895	405.032
319.529	277.349
325.394	48.2987
327.538	347.492
402.913	171.412
407.253	94.3876
429.213	233.726
461.842	116.713
476.238	395.799
476.238	395.799
485.159	79.9343
495.568	39.4364
500.683	266.538
500.683	266.538
504.71	54.8274
511.394	148.586
514.626	143.716
521.972	82.7243
528.302	343.432
531.035	98.8585
537.288	336.172
541.473	110.109
546.665	27.8415
550.67	145.285
549.579	404.028
569.713	359.536
569.713	359.536
573.357	397.547
580.808	193.123
585.621	13.2498
587.091	212.409
586.758	264.763
587.586	459.372
587.586	459.372
596.596	204.394
597.414	182.939
600.431	41.9823
604.777	223.294
604.777	223.294
606.328	454.087
611.345	171.918
607.251	454.562
619.935	117.551
618.102	429.025
620.065	352.014
634.937	293.143
636.847	301.907
658.967	403.886
663.647	127.446
664.14	91.9478
664.14	91.9478
665.7	181.243
665.422	318.976
666.714	251.637
675.293	303.793
675.737	423.475
684.987	290.381
684.902	311.723
685.099	449.053
689.578	10.7431
693.929	167.066
694.227	293.599
696.782	449.032
704.36	198.394
710.221	117.723
726.717	126.84
49.9739	446.703
58.9641	284.003
63.9056	274.93
68.5417	375.843
69.6965	450.488
73.9566	40.6613
78.7237	19.7947
75.4084	225.272
75.4084	225.272
92.389	45.9189
92.0435	112.173
91.2204	165.126
94.9157	121.554
104.81	256.999
106.352	302.144
115.54	62.4243
116.446	448.745
116.446	448.745
126.189	331.548
128.235	282.994
132.054	177.064
132.611	351.295
137.227	99.7382
149.646	459.177
152.974	146.833
156.006	314.287
160.112	219.922
161.333	318.403
162.772	422.36
166.102	465.239
165.893	370.971
168.006	231.723
187.995	141.743
187.677	285.557
208.605	42.9564
208.605	42.9564
212.207	162.184
212.207	162.184
211.326	286.421
221.923	170.52
228.425	62.5598
228.875	287.466
233.801	139.992
236.33	65.6272
253.604	187.625
257.547	243.678
270.306	446.872
275.258	426.507
279.002	288.901
280.061	300.866
280.061	300.866
280.954	425.437
286.576	140.657
287.031	368.62
292.795	403.086
295.279	138.191
297.622	60.9305
300.036	442.861
300.334	394.533
303.373	32.1541
303.116	57.3542
309.553	15.7791
319.468	277.349
402.883	171.756
407.363	96.7315
407.6	155.196
408.904	89.0483
429.525	234.425
476.236	395.796
476.236	395.796
485.19	80.1668
493.149	31.773
495.667	39.8327
500.73	124.261
500.662	266.444
500.662	266.444
504.595	54.6156
511.283	148.539
511.283	148.539
509.334	376.414
509.334	376.414
512.455	312.655
514.326	121.847
521.993	82.7442
526.976	65.9286
541.528	110.125
546.324	28.0378
549.564	404.182
559.887	146.661
566.089	322.925
569.728	359.54
569.728	359.54
571.181	330.542
571.288	410.624
578.581	176.7
580.847	193.083
585.554	13.1929
587.074	212.425
586.756	264.752
587.586	459.435
587.586	459.435
592.884	198.436
600.453	42.0174
604.781	223.322
604.781	223.322
604.98	7.69257
619.805	117.511
619.98	352.052
625.146	112.679
630.558	431.195
634.927	293.174
636.888	301.929
637.49	396.946
637.673	469.039
643.991	292.303
647.181	155.821
651.347	194.631
652.231	454.954
656.854	81.2382
663.967	91.9281
665.459	318.908
675.367	303.817
675.771	423.376
684.894	290.465
684.629	311.862
685.051	449.083
689.671	10.7181
693.774	167.095
694.228	293.639
696.679	449.048
704.276	198.419
705.627	144.396
726.687	126.873
