49.974	446.714
52.6514	405.653
58.4315	206.764
58.7971	283.982
61.5514	261.316
68.8797	375.812
69.6807	450.43
74.1877	40.4144
74.1877	40.4144
75.4039	95.3934
78.6577	19.7296
75.4248	225.29
75.4248	225.29
90.6447	242.139
90.6447	242.139
108.539	141.523
121.118	160.321
122.966	92.4628
120.916	343.255
120.916	343.255
126.211	331.567
132.021	177.105
137.261	99.7322
136.047	448.677
138.728	293.805
139.169	455.932
145.899	116.993
147.875	303.679
152.938	146.899
154.072	463.223
159.191	251.247
160.135	219.887
162.294	301.435
165.464	397.871
168.664	176.294
167.961	231.811
174.285	467.123
201.231	285.058
208.451	42.9245
208.451	42.9245
212.283	162.131
222.35	170.241
227.962	147.14
233.334	139.472
244.177	54.9229
248.815	134.266
255.541	65.7575
260.648	337.208
260.435	405.496
263.719	331.31
279.08	288.755
279.08	288.755
281.008	472.297
287.008	368.579
287.145	451.285
288.215	385.573
289.759	442.198
292.855	403.04
297.624	60.9106
303.048	57.7645
300.425	394.504
304.582	176.609
309.491	15.6765
325.583	48.3523
327.563	347.204
390.016	175.035
413.006	142.322
413.006	142.322
413.305	204.024
413.305	204.024
417.034	149.241
445.413	55.8895
461.774	116.602
476.264	395.784
476.264	395.784
485.115	80.1197
493.182	31.8225
499.606	105.02
500.707	266.636
504.48	311.027
511.112	353.893
518.598	152.129
535.682	346.853
537.183	406.906
549.402	90.0616
555.021	83.5154
559.815	146.667
559.815	146.667
562.196	189.023
569.605	359.608
569.605	359.608
571.12	330.534
573.342	397.565
585.526	13.2548
587.189	164.021
586.645	264.528
589.829	210.229
587.902	459.912
587.902	459.912
594.468	20.9007
596.695	204.54
597.975	226.538
600.48	41.9604
600.228	284.331
605.05	7.74779
606.432	454.255
612.97	237.622
619.573	351.953
622.938	261.945
633.215	100.362
637.714	184.723
636.969	302.031
637.489	397.093
643.792	432.536
651.395	112.41
651.395	112.41
652.261	455.031
659.161	198.919
656.622	402.816
664.127	91.9791
665.355	319.139
675.318	303.831
677.384	311.394
675.753	423.448
684.822	290.503
689.62	10.732
689.62	10.732
684.996	449.082
693.776	167.041
694.377	258.315
699.012	154.794
704.815	110.74
710.31	117.702
722.504	65.4369
731.806	59.5521
42.773	270.949
49.9386	446.657
58.4237	206.778
58.7518	283.996
68.6943	376.013
69.8074	450.375
75.387	95.4868
78.6881	19.7138
75.4185	225.379
75.4185	225.379
90.6186	242.225
106.306	302.188
108.599	141.47
115.651	62.5909
116.423	448.72
121.195	144.031
121.094	160.326
121.094	160.326
120.926	343.188
120.926	343.188
126.099	331.486
128.202	283.04
139.164	455.889
145.832	116.919
146.194	294.4
147.889	303.636
151.517	206.83
152.908	146.885
159.316	251.15
165.457	397.804
167.96	231.774
170.925	462.536
174.242	467.165
201.139	285.069
208.51	43.1248
208.51	43.1248
212.31	162.146
212.31	162.146
222.17	170.369
228.816	287.426
236.255	65.5894
248.819	134.213
253.602	187.649
260.449	405.492
263.73	331.233
263.18	457.145
280.852	141.945
279.094	288.763
282.216	80.7587
280.062	300.894
280.943	425.374
286.999	368.576
287.632	451.304
288.328	385.558
289.864	442.071
297.202	68.0675
297.562	60.873
303.482	32.1955
300.393	394.508
305.753	405.049
319.531	277.387
325.422	48.2792
327.472	347.589
407.831	151.953
408.863	223.006
413.862	146.046
413.851	206.304
415.22	136.993
426.017	181.379
445.407	55.8543
445.407	55.8543
461.724	116.564
461.724	116.564
476.295	395.765
483.589	401.337
493.19	31.8469
500.698	266.602
500.698	266.602
504.414	310.994
509.624	376.235
509.624	376.235
512.516	312.734
518.534	151.966
530.268	88.7864
535.673	346.846
537.053	406.904
541.676	110.015
540.974	351.157
546.621	27.831
549.432	90.0387
559.906	146.62
558.969	358.478
562.178	188.97
566.142	322.892
567.663	465.285
573.256	397.582
587.148	164.093
586.63	264.527
589.837	210.155
587.762	459.645
594.549	20.958
596.718	204.536
600.444	41.9511
602.009	273.698
605.048	7.76617
607.869	161.973
612.972	237.616
619.564	351.993
635.716	136.65
636.179	93.4022
635.591	212.597
634.915	293.177
634.721	320.424
631.497	480.739
636.958	302
637.454	397.089
655.848	143.697
652.336	455.106
659.155	198.902
656.404	402.726
664.295	92.0241
675.221	303.846
675.843	423.565
684.802	290.504
689.75	150.254
689.623	10.8266
689.623	10.8266
684.993	449.098
693.874	167.05
694.465	258.364
698.878	154.821
699.849	315.797
696.866	449.089
705.331	144.546
722.83	65.5228
731.884	59.5937
42.6962	270.971
49.8488	446.754
58.4369	206.778
58.6079	283.966
68.6299	375.981
69.6353	450.4
74.1622	40.4474
75.3124	95.4237
75.351	225.41
75.351	225.41
90.6561	242.123
96.814	374.786
96.814	374.786
101.131	101.689
106.368	302.183
108.518	141.498
121.087	160.293
122.983	92.4558
124.807	445.578
126.133	331.509
128.19	283.039
132	177.131
139.163	455.903
145.838	116.899
147.807	303.787
151.535	206.735
152.919	146.896
156.023	314.347
159.258	251.21
165.402	397.848
168.688	176.297
167.927	231.771
169.91	468.396
186.042	449.583
201.246	285.039
208.592	42.9918
208.592	42.9918
212.316	162.122
222.306	170.22
225.117	442.263
228.181	287.439
236.386	65.6596
248.888	134.354
252.06	61.6184
255.131	42.1706
253.607	187.632
258.976	412.222
258.976	412.222
260.595	337.196
263.667	331.232
272.277	285.522
281.025	142.121
287.006	368.577
287.414	451.197
288.238	385.564
290.648	190.677
289.845	442.08
297.596	60.9035
298.503	42.3549
302.858	57.8666
300.42	394.49
305.879	405.062
325.595	48.2389
327.507	347.569
401.554	206.136
408.842	223.18
415.428	139.774
415.428	139.774
418.538	157.884
427.608	185.643
445.454	55.9147
445.454	55.9147
476.297	395.765
476.297	395.765
493.157	31.8375
499.642	105.056
500.687	124.084
500.675	266.557
504.497	280.7
504.517	310.968
511.135	353.887
518.591	151.857
531.264	98.6913
535.674	346.868
537.088	336.04
540.984	351.142
546.678	27.7825
549.431	90.0592
549.452	404.115
559.891	146.639
559.891	146.639
562.174	189.034
567.782	465.543
573.269	397.639
575.975	385.617
585.556	13.1673
587.118	164.068
587.101	212.537
586.653	264.591
587.801	459.701
596.781	204.538
600.492	42.0644
605.121	7.79701
608.3	245.26
606.31	454.172
612.088	182.892
612.968	237.631
619.573	351.993
622.93	261.957
636.293	93.5579
636.911	301.945
637.239	396.966
645.562	257.865
647.146	73.7916
643.945	432.63
651.304	112.368
651.304	112.368
652.395	455.052
656.38	402.664
663.287	154.375
665.47	318.97
675.407	303.763
675.722	423.457
684.838	290.468
687.673	297.691
689.642	10.7305
689.642	10.7305
685.022	449.041
693.675	167.06
693.857	174.872
699.844	315.79
697.073	449.083
704.748	110.823
717.386	111.34
722.669	65.4654
731.98	59.5795
49.8341	446.687
52.5805	405.409
58.5647	283.945
61.5167	261.25
68.9643	376.279
69.7203	450.399
74.1556	40.5485
74.1556	40.5485
75.3802	95.4862
75.3297	225.476
79.0637	359.632
104.871	256.947
106.246	302.146
108.584	141.487
116.422	448.742
116.422	448.742
118.704	198.966
121.07	160.394
121.07	160.394
122.946	92.4626
120.899	343.288
126.124	331.5
128.23	283.077
137.259	99.7456
145.807	116.896
144.057	460.418
146.23	294.301
149.693	459.11
152.974	146.873
159.26	251.252
160.068	219.952
162.314	301.379
165.496	397.81
168.738	176.247
189.873	212.882
201.195	285.059
208.518	42.9728
212.315	162.122
222.025	170.4
228.185	287.49
234.181	50.7468
248.749	134.045
255.235	42.0545
255.477	65.8508
253.602	187.677
260.646	337.164
263.577	331.205
263.182	457.11
272.179	285.521
281.471	80.2586
280.947	425.364
286.878	141.037
286.999	368.579
286.87	451.294
288.244	385.555
290.712	190.635
289.776	442.155
296.045	138.233
297.323	68.1979
297.585	60.9199
298.473	42.3348
300.371	394.468
305.907	405.048
319.45	277.375
325.333	48.235
327.53	347.325
402.566	213.572
413.104	152.406
413.966	209.102
415.094	143.123
415.094	143.123
418.453	161.542
476.293	395.778
476.293	395.778
485.113	79.9948
493.163	31.8588
499.595	104.977
500.709	124.068
504.442	311.037
512.723	70.4055
511.115	353.956
518.482	151.894
530.355	75.2466
537.078	336.026
536.968	406.901
546.587	27.9032
551.825	95.1021
558.991	358.452
562.12	153.21
562.12	153.21
562.591	134.049
566.911	145.706
567.663	465.451
571.132	330.593
573.352	397.493
575.87	385.65
585.745	13.2038
587.118	212.563
586.669	264.601
587.867	459.858
596.724	204.551
600.453	41.9844
604.889	7.70838
604.759	223.354
606.311	454.158
612.962	237.609
615.283	128.098
619.827	351.947
618.121	428.948
625.145	112.669
636.246	93.4608
634.743	320.381
637.757	184.742
636.967	302.052
637.333	397.041
647.119	73.8698
654.126	250.727
654.126	250.727
652.37	455.019
659.149	198.884
656.472	402.782
675.851	423.502
684.864	290.468
689.734	150.256
689.653	10.7162
689.653	10.7162
685.005	449.082
694.443	258.334
698.944	154.803
699.906	315.859
699.906	315.859
702.898	186.256
696.865	449.078
710.265	117.684
722.386	65.516
732.147	59.6526
42.96	270.963
52.6004	405.459
58.9681	284.017
68.6309	376.214
69.5502	450.364
75.2691	95.5133
78.6728	19.7314
76.4531	144.824
75.3287	225.432
75.3287	225.432
101.136	101.751
104.815	256.976
106.346	302.178
115.691	62.6277
116.455	448.706
121.132	160.293
120.919	343.219
126.139	331.559
128.191	283.034
131.992	177.162
132.473	351.53
139.15	455.92
145.857	116.985
145.933	453.124
147.818	303.757
151.514	206.855
152.976	146.852
156	314.266
159.199	251.298
160.105	220.009
165.261	398.096
172.88	166.048
174.244	467.147
201.172	285.077
208.531	42.9418
212.302	162.138
228.384	62.5035
228.084	287.506
244.37	471.854
248.956	134.57
252.113	61.6678
253.616	187.648
260.648	337.296
260.44	405.522
263.643	331.214
263.283	457.16
279.157	288.754
280.946	425.351
286.76	140.527
287.017	368.587
287.68	451.256
288.353	385.546
295.792	137.978
297.33	68.1595
297.603	60.9342
298.459	42.3149
305.906	405.042
307.56	416.817
319.488	277.354
325.569	48.3686
330.244	361.273
409.747	207.298
413.82	210.623
417.685	164.444
431.522	195.218
450.675	76.0447
476.318	395.755
476.318	395.755
493.117	31.7992
500.813	124.133
500.648	266.481
504.483	54.4772
504.549	311.148
509.59	376.288
514.242	121.77
511.117	353.911
518.5	151.978
527.065	65.88
532.684	357.152
535.682	346.852
536.943	406.929
544.894	21.7584
549.421	90.0504
559.939	146.636
559.939	146.636
562.224	189.16
567.726	465.473
571.145	330.579
573.2	397.632
576.005	385.555
585.575	13.2302
587.096	212.516
586.659	264.558
591.897	166.876
587.836	459.82
596.715	204.524
600.538	42.0386
601.999	273.73
604.892	7.72952
604.786	223.31
606.37	454.238
619.763	351.948
618.159	429.03
622.957	261.983
629.603	193.697
635.735	136.607
635.568	212.62
634.771	320.38
637.7	184.747
636.951	302.056
637.343	397.061
656.757	81.2783
656.757	81.2783
652.393	455.063
656.457	402.832
664.308	126.128
677.4	311.511
677.4	311.511
675.735	423.438
684.846	290.463
689.681	10.7276
689.681	10.7276
685.073	449.035
693.899	167.03
694.457	258.298
698.938	154.828
696.68	449.083
705.361	144.543
727.283	126.746
732.2	59.6338
