42.7938	270.956
49.8514	446.71
52.5061	405.315
58.7688	283.956
68.7918	376.074
69.6964	450.386
74.0332	40.5587
75.3839	95.5077
75.3711	225.378
87.4908	445.63
104.798	256.991
106.284	302.168
108.557	141.544
121.199	143.994
121.081	160.35
121.081	160.35
120.973	343.157
120.973	343.157
126.826	79.0429
126.066	331.478
128.214	283.032
132.914	226.544
139.138	455.939
145.764	116.895
149.687	459.125
152.947	146.913
155.964	314.351
159.374	251.124
162.313	301.348
165.466	397.812
167.267	220.014
167.267	220.014
174.183	467.183
201.219	285.093
208.778	42.8417
212.269	162.157
212.269	162.157
227.971	287.43
236.364	65.6511
255.536	65.7755
253.676	187.567
260.681	337.162
263.013	457.117
272.31	285.52
280.061	300.884
280.937	425.38
286.534	140.455
287.002	368.584
290.586	190.578
288.523	385.516
289.815	442.108
297.525	60.9077
298.47	42.34
303.088	57.1998
300.389	394.469
307.569	416.778
319.501	277.363
325.304	48.3242
330.275	361.225
405.951	254.493
407.585	183.873
418.098	185.034
418.635	232.881
432.228	214.321
433.755	293.605
445.364	55.7073
445.364	55.7073
461.758	116.61
461.758	116.61
476.302	395.787
476.302	395.787
493.21	31.9297
504.479	310.944
518.538	152.019
532.698	357.123
532.698	357.123
535.692	346.872
537.067	336.047
537.098	406.862
546.719	27.9009
549.42	90.0528
551.85	95.113
559.911	146.651
562.16	188.991
566.948	145.75
573.279	397.563
585.602	13.1927
587.159	164.154
587.118	212.544
586.678	264.643
587.879	459.915
587.879	459.915
596.687	204.606
600.431	41.9856
601.978	273.691
605.083	7.76142
604.795	223.317
606.534	454.29
615.325	128.127
618.496	200.991
622.856	261.966
625.205	112.726
626.648	372.998
637.474	397.078
647.142	73.8728
647.142	73.8728
647.203	155.786
643.832	432.682
651.661	318.442
652.346	455.041
659.182	198.906
656.992	402.95
665.59	319.071
675.292	303.804
677.669	311.419
675.751	423.423
684.713	290.543
687.651	297.691
689.629	10.7666
689.629	10.7666
684.84	449.116
698.949	154.807
696.856	449.075
710.265	117.753
710.239	169.256
721.509	103.623
731.789	59.5757
49.8959	446.707
58.5166	206.664
58.5767	283.886
61.5165	261.308
68.784	376.166
69.6928	450.391
75.3636	225.391
75.3636	225.391
79.1948	359.393
87.4811	445.658
106.406	302.157
108.583	141.483
115.686	62.545
121.095	160.342
121.095	160.342
122.938	92.4774
120.941	343.22
126.233	331.536
128.232	283.022
128.232	283.022
137.33	99.781
139.145	455.936
145.851	116.974
147.796	303.761
151.537	206.766
152.91	146.894
159.247	251.272
160.13	219.916
161.567	466.427
162.319	301.393
165.465	397.864
169.905	468.421
172.917	166.102
201.294	285.058
208.925	42.6597
208.925	42.6597
212.267	162.121
227.948	147.085
228.551	287.403
233.016	34.1389
236.545	65.8789
244.339	471.905
251.957	61.591
253.663	187.574
260.682	337.217
263.74	331.31
266.069	160.322
272.164	285.518
280.949	425.358
286.864	141.067
286.993	368.58
287.102	451.275
288.001	385.578
290.648	190.521
289.835	442.084
297.523	60.9013
298.536	42.3339
303.434	32.2678
303.129	57.1532
300.38	394.501
305.87	405.071
330.276	361.119
402.917	230.652
410.722	234.705
414.936	193.798
424.501	189.987
476.302	395.788
476.302	395.788
485.169	80.0624
493.144	31.7197
499.561	104.912
500.724	266.736
500.724	266.736
502.77	112.489
504.468	310.836
511.156	353.923
518.523	151.965
519.727	308.284
527.465	69.0592
528.537	84.1016
537.087	336.059
537.019	406.887
549.877	16.5478
549.415	396.656
559.832	146.638
559.832	146.638
562.169	189.061
569.601	359.611
569.601	359.611
585.702	13.1858
586.681	264.604
591.815	166.748
587.908	459.924
587.908	459.924
596.15	219.411
596.721	204.539
600.463	41.9958
601.216	154.23
604.98	7.78098
606.496	454.23
612.954	237.607
619.644	352.052
618.235	429.063
636.22	93.4183
636.919	302.026
637.523	397.17
647.013	73.7846
647.196	155.781
651.212	112.32
651.212	112.32
654.025	250.827
654.025	250.827
652.264	454.977
656.561	402.854
661.324	213.358
665.309	319.156
675.105	303.886
675.7	423.43
684.808	290.493
689.657	150.238
689.635	10.7534
689.635	10.7534
685.234	449.053
693.705	167.091
694.475	258.377
699.888	315.787
696.537	449.091
704.437	198.37
710.208	117.753
722.54	65.4644
731.917	59.6048
42.781	270.922
49.9316	446.668
52.7454	405.571
58.7703	284.017
68.6339	376.008
69.6963	450.394
75.3019	95.4924
78.6282	19.7136
75.3672	225.361
75.3672	225.361
92.194	45.9444
96.8524	374.755
96.8524	374.755
104.842	256.957
104.842	256.957
106.295	302.16
115.646	62.5957
121.395	110.256
121.133	160.295
126.12	331.505
132.021	177.084
137.331	99.7885
136.057	448.66
139.13	455.947
145.857	117.045
147.714	303.969
152.947	146.889
157.978	296.688
159.199	251.242
159.845	206.845
159.845	206.845
161.573	466.361
165.242	398.03
169.927	468.472
201.219	285.081
208.763	42.9034
208.763	42.9034
212.264	162.153
212.264	162.153
222.427	170.133
228.648	62.5024
227.986	287.47
236.406	65.7991
244.35	471.921
244.35	471.921
248.834	134.246
253.588	187.583
258.409	122.042
260.652	337.171
272.174	285.51
280.088	300.951
280.936	425.369
287	368.586
288.38	385.572
290.526	190.593
297.231	68.0956
297.501	60.9059
298.526	42.3897
300.419	394.479
305.978	405.025
325.477	48.2557
395.208	235.142
413.2	261.232
416.799	177.087
419.748	257.398
425.212	195.176
424.81	311.343
430.444	221.171
476.324	395.767
476.324	395.767
493.13	31.7204
499.638	104.953
500.685	124.065
504.548	54.4635
504.499	311.033
512.665	70.2398
509.443	376.41
511.127	353.911
518.584	152.114
528.363	343.564
535.679	346.884
536.938	406.947
549.403	90.0158
551.83	95.0587
549.445	396.673
558.489	131.701
560.289	126.559
558.982	358.46
569.367	165.312
569.576	359.634
585.605	13.2144
587.118	164.079
586.649	264.537
589.93	210.27
587.897	459.831
587.897	459.831
594.409	20.9277
596.726	204.535
600.479	42.062
601.983	273.702
605.043	7.76915
608.26	245.247
606.43	454.212
612.953	237.638
619.477	352.002
618.071	429.034
622.915	261.982
633.076	100.326
636.231	93.4189
637.747	184.756
636.938	301.97
637.444	397.112
647.226	155.791
652.351	455.024
656.414	402.829
663.648	127.378
663.648	127.378
665.367	319.189
675.861	423.493
685.253	185.672
684.906	290.451
687.457	297.793
689.691	10.742
689.691	10.742
685.025	449.125
699.889	315.853
699.889	315.853
696.964	449.058
704.411	198.467
705.545	144.53
721.465	103.661
732.047	59.6037
42.7915	270.952
49.9753	446.508
52.5538	405.489
58.8567	283.956
68.8688	375.878
69.7528	450.397
74.1084	40.4331
74.1084	40.4331
75.303	95.4712
75.3794	165.798
75.3893	225.342
75.3893	225.342
92.2638	45.8981
90.6923	242.079
106.301	302.16
108.58	141.524
113.198	441.052
113.198	441.052
121.473	110.076
121.108	160.317
122.888	92.5234
120.923	343.233
126.071	331.485
128.23	283.031
132.459	351.493
145.813	116.889
146.05	233.958
146.202	294.43
147.824	303.718
152.891	146.929
154.061	463.231
159.163	251.329
165.526	397.86
167.952	231.741
169.832	468.405
183.145	156.526
201.066	160.271
201.272	285.064
208.649	42.8195
208.649	42.8195
222.309	170.302
223.328	129.348
228.603	62.6583
228.156	287.469
233.345	139.471
243.128	71.6947
253.453	187.697
260.437	405.501
263.683	331.216
263.014	457.174
272.18	285.503
280.077	300.891
280.951	425.338
287.004	368.58
287.119	451.22
288.075	385.574
290.539	190.583
297.198	68.0811
297.506	60.915
298.476	42.3476
300.396	394.486
304.574	176.653
305.888	405.078
325.397	48.2104
330.251	361.188
407.716	204.157
413.533	277.426
416.335	194.131
416.134	287.649
417.914	183.564
425.384	229.314
425.654	315.536
445.432	55.8536
445.432	55.8536
476.322	395.776
476.322	395.776
493.132	31.7093
500.819	124.2
500.674	266.591
503.451	137.322
504.525	311.019
518.536	151.935
527.538	69.045
535.685	346.871
537.082	336.048
536.97	406.842
540.964	351.265
546.811	27.7516
551.868	95.1292
557.797	162.319
559.884	146.621
559.884	146.621
562.185	189
569.584	359.632
567.718	465.495
573.312	397.613
585.52	13.2714
586.635	264.532
587.909	459.862
596.277	219.428
596.713	204.487
597.94	226.498
600.465	42.0147
605.061	7.77221
606.388	454.207
612.979	237.601
619.611	351.984
635.701	136.621
634.915	293.185
634.719	320.433
637.838	184.721
636.866	301.91
637.48	397.109
645.4	258.074
643.988	432.618
651.293	194.633
656.736	81.3065
652.313	455.078
656.474	402.84
664.201	91.9906
664.311	126.154
675.171	303.948
675.842	423.496
684.936	290.453
689.594	10.785
689.594	10.785
685.018	449.052
693.611	174.889
694.434	258.318
698.922	154.796
699.884	315.835
696.721	449.087
706.086	144.386
716.833	111.272
722.621	65.4218
732.155	59.6213
42.8873	270.995
49.8639	446.709
52.4027	405.529
58.47	206.728
58.8192	283.985
68.6946	375.822
69.7286	450.442
75.0991	95.7217
78.5304	19.6806
75.524	165.569
75.3498	225.424
75.3498	225.424
79.21	359.417
90.6321	242.173
100.765	275.48
105.167	69.0338
103.507	447.187
106.302	182.572
120.935	144.387
120.935	144.387
120.955	343.196
124.764	445.621
138.72	293.934
138.72	293.934
145.662	116.928
147.903	303.611
153.14	248.977
155.669	135.342
157.898	296.937
159.213	251.257
159.841	206.78
159.841	206.78
163.629	459.897
174.868	393.603
178.875	464.174
196.882	151.855
201.129	160.352
222.475	170.139
223.409	129.41
228.354	62.5845
228.439	287.406
255.583	65.8286
260.29	337.347
275.105	426.694
286.689	140.909
287.283	451.22
288.258	385.578
289.846	400.092
289.866	441.93
297.349	68.2099
297.542	60.9252
298.438	42.3953
300.047	442.666
309.413	15.5541
314.847	399.452
319.445	277.364
327.571	347.24
330.16	361.118
389.764	233.337
415.966	263.47
418.027	251.972
419.15	190.741
421.331	319.967
426.972	208.842
445.44	55.9369
445.44	55.9369
485.262	79.9404
493.165	31.9196
500.713	124.318
500.728	266.674
500.728	266.674
504.335	310.747
509.642	376.28
509.642	376.28
515.389	125.985
518.474	152.271
521.986	82.7883
530.234	75.1202
533.421	93.1556
536.837	406.913
558.599	131.809
558.866	358.596
562.188	330.391
566.997	145.78
571.236	330.587
573.297	397.661
583.965	362.535
586.538	264.268
590.964	173.441
592.807	198.388
594.805	21.094
594.805	21.094
587.901	459.879
587.901	459.879
596.725	219.669
601.837	273.643
606.45	454.213
608.164	476.346
615.672	247.117
619.43	173.63
618.261	429.002
630.103	147.531
630.103	147.531
633.182	100.396
637.152	263.867
636.95	301.997
637.745	397.377
647.214	73.8705
644.44	314.886
669.072	203.968
671.662	170.976
675.079	303.874
677.46	311.525
675.87	423.429
687.598	297.735
689.651	10.7407
689.651	10.7407
684.79	449.067
694.627	258.545
697.059	449.06
704.003	198.619
704.789	165.576
716.708	111.343
722.49	65.4966
731.524	131.882
732.148	59.6081
