42.96	270.963
52.6004	405.459
58.9681	284.017
68.6309	376.214
69.5502	450.364
75.2691	95.5133
78.6728	19.7314
76.4531	144.824
75.3287	225.432
75.3287	225.432
101.136	101.751
104.815	256.976
106.346	302.178
115.691	62.6277
116.455	448.706
121.132	160.293
120.919	343.219
126.139	331.559
128.191	283.034
131.992	177.162
132.473	351.53
139.15	455.92
145.857	116.985
145.933	453.124
147.818	303.757
151.514	206.855
152.976	146.852
156	314.266
159.199	251.298
160.105	220.009
165.261	398.096
172.88	166.048
174.244	467.147
201.172	285.077
208.531	42.9418
212.302	162.138
228.384	62.5035
228.084	287.506
244.37	471.854
248.956	134.57
252.113	61.6678
253.616	187.648
260.648	337.296
260.44	405.522
263.643	331.214
263.283	457.16
279.157	288.754
280.946	425.351
286.76	140.527
287.017	368.587
287.68	451.256
288.353	385.546
295.792	137.978
297.33	68.1595
297.603	60.9342
298.459	42.3149
305.906	405.042
307.56	416.817
319.488	277.354
325.569	48.3686
330.244	361.273
409.747	207.298
413.82	210.623
417.685	164.444
431.522	195.218
450.675	76.0447
476.318	395.755
476.318	395.755
493.117	31.7992
500.813	124.133
500.648	266.481
504.483	54.4772
504.549	311.148
509.59	376.288
514.242	121.77
511.117	353.911
518.5	151.978
527.065	65.88
532.684	357.152
535.682	346.852
536.943	406.929
544.894	21.7584
549.421	90.0504
559.939	146.636
559.939	146.636
562.224	189.16
567.726	465.473
571.145	330.579
573.2	397.632
576.005	385.555
585.575	13.2302
587.096	212.516
586.659	264.558
591.897	166.876
587.836	459.82
596.715	204.524
600.538	42.0386
601.999	273.73
604.892	7.72952
604.786	223.31
606.37	454.238
619.763	351.948
618.159	429.03
622.957	261.983
629.603	193.697
635.735	136.607
635.568	212.62
634.771	320.38
637.7	184.747
636.951	302.056
637.343	397.061
656.757	81.2783
656.757	81.2783
652.393	455.063
656.457	402.832
664.308	126.128
677.4	311.511
677.4	311.511
675.735	423.438
684.846	290.463
689.681	10.7276
689.681	10.7276
685.073	449.035
693.899	167.03
694.457	258.298
698.938	154.828
696.68	449.083
705.361	144.543
727.283	126.746
732.2	59.6338
49.9285	446.686
58.8013	284
61.5485	261.287
68.5961	375.839
69.7136	450.406
74.4419	40.2287
75.3198	95.4977
76.4526	144.824
75.3715	225.357
75.3715	225.357
92.1972	45.893
91.9263	112.287
91.3146	165.022
90.7095	242.047
104.817	257.029
106.332	302.175
113.211	441.001
121.107	160.331
122.924	92.4896
120.897	343.276
126.081	331.517
132.409	351.57
139.139	455.935
145.873	116.975
144.063	460.429
147.873	303.705
149.705	459.106
153.017	146.847
159.19	251.263
166.338	208.982
165.439	397.859
172.909	166.117
189.931	212.834
196.855	151.942
208.586	42.8725
209.224	245.398
222.018	170.418
228.42	62.4212
234.332	50.761
236.364	65.6587
244.35	471.906
253.629	187.647
258.321	122.13
263.726	331.268
272.317	285.509
279.145	105.704
279.096	288.755
280.096	300.896
280.942	425.367
286.997	368.576
287.248	451.173
288.294	385.534
290.624	190.644
297.588	60.8967
298.45	42.3133
302.83	57.6031
300.406	394.488
305.794	405.079
319.591	277.381
325.325	48.3176
330.212	361.206
404.245	247.22
404.6	242.067
404.6	242.067
417.322	170.44
423.12	171.749
476.307	395.774
485.155	80.1847
493.174	31.821
492.778	397.072
499.638	104.973
500.764	124.11
500.733	266.791
504.48	310.926
518.486	151.998
518.317	369.413
535.691	346.848
537.12	336.062
537.078	406.924
549.394	90.0334
551.818	95.1125
558.544	131.709
558.969	358.468
562.141	153.203
562.141	153.203
566.854	145.645
567.657	465.451
571.339	410.572
585.529	13.1716
586.646	264.541
587.866	459.832
594.535	20.9065
596.729	204.471
596.727	219.692
600.356	41.8885
605.044	7.77879
604.796	223.341
607.949	161.937
619.473	351.999
618.183	429.017
622.916	261.94
629.564	193.714
636.213	93.4134
635.559	212.583
636.87	301.901
637.37	397.007
645.428	257.957
640.303	463.562
655.94	143.709
655.94	143.709
656.818	81.2931
652.294	455.053
656.458	402.745
665.473	318.902
675.355	303.835
675.772	423.471
684.853	290.447
689.963	143.477
689.703	10.705
689.703	10.705
684.997	449.099
693.563	174.856
693.309	304.042
694.445	258.341
696.756	449.128
704.281	198.525
705.497	144.56
731.942	59.6156
49.9912	446.65
52.2339	405.576
58.8341	284.039
61.6263	261.292
68.6625	375.848
74.4548	40.2154
75.318	95.4354
75.4522	165.646
75.3488	225.425
75.3488	225.425
92.2385	45.8728
92.0119	112.166
90.6309	242.165
90.6309	242.165
106.272	302.15
116.408	448.754
121.12	160.301
122.933	92.4476
120.887	343.303
120.887	343.303
137.289	99.7491
138.806	293.599
139.117	455.92
145.936	117.089
147.885	303.662
152.931	146.903
158.019	296.557
159.17	251.268
160.109	219.969
165.428	397.836
165.902	370.857
174.267	467.16
174.355	474.42
189.921	212.821
201.188	285.073
212.358	162.102
212.358	162.102
222.316	170.245
228.467	62.4484
227.965	147.104
255.486	65.7809
253.612	187.642
260.633	337.226
260.462	405.477
263.593	331.177
262.962	457.207
278.915	288.931
280.944	425.347
286.999	368.583
287.733	451.338
288.25	385.571
297.186	68.0962
297.54	60.8861
298.531	42.3753
303.38	32.2007
299.483	443.677
300.398	394.486
304.578	176.698
307.599	416.774
327.527	347.404
406.006	252.602
406.401	246.649
410.718	216.452
415.648	215.727
417.13	176.169
418.019	178.288
443.498	276.291
476.317	395.772
476.317	395.772
485.051	79.8512
493.178	31.9361
495.585	39.6405
499.566	104.907
500.664	124.069
500.622	266.374
504.42	310.96
509.46	376.374
511.111	353.916
518.566	152.11
521.926	82.6999
525.421	149.513
535.692	346.861
537.082	336.046
537.194	406.867
549.421	90.0509
549.415	396.652
559.231	101.144
558.96	358.506
562.661	134.014
575.942	385.583
585.633	13.1737
587.231	164.062
587.117	212.603
586.646	264.557
587.948	459.939
587.948	459.939
594.351	20.9358
600.356	41.9225
601.991	273.681
604.919	7.74678
604.783	223.32
606.475	454.282
619.694	351.948
622.912	261.959
636.264	93.4736
635.637	212.629
637.906	184.727
636.954	302.056
637.442	397.059
647.144	73.9037
656.035	143.655
656.198	164.449
652.36	455.089
656.824	402.885
664.375	126.149
665.316	319.1
677.273	311.453
677.273	311.453
675.773	423.496
684.716	290.56
687.466	297.831
689.758	150.259
689.711	10.6589
689.711	10.6589
685.063	449.06
693.671	174.957
698.943	154.837
696.779	449.091
710.279	117.722
722.668	65.5538
731.83	59.5661
49.924	446.626
58.854	283.972
61.5776	261.292
68.7107	375.998
69.5789	450.413
74.058	40.6024
74.058	40.6024
75.3604	95.5049
75.3535	225.307
75.3535	225.307
104.833	256.968
108.533	141.559
113.209	441.031
113.209	441.031
121.109	160.399
121.109	160.399
122.916	92.5114
120.949	343.175
120.949	343.175
126.159	331.533
128.223	283.031
137.326	99.8195
138.771	293.687
145.872	116.97
151.723	162.874
153.037	146.837
157.975	296.745
159.185	251.324
160.086	219.996
164.692	310.267
165.469	397.784
168.7	176.278
169.84	468.481
178.963	464.132
189.911	212.864
201.218	285.129
222.031	170.456
228.454	62.4712
225.082	442.178
228.232	287.454
236.304	65.5858
253.645	187.608
263.756	331.196
279.072	288.769
280.102	300.915
280.952	425.36
286.678	140.27
287.017	368.588
287.372	451.228
288.285	385.583
289.785	442.045
295.499	138.255
297.533	60.8735
298.495	42.3363
302.99	57.3292
300.391	394.506
305.932	405.07
320.815	48.196
319.469	277.367
404.39	236.646
408.022	182.022
417.152	180.856
433.521	211.023
452.443	82.7866
463.599	123.811
476.302	395.773
476.302	395.773
485.169	79.9134
493.235	31.9825
500.749	124.082
500.716	266.647
500.716	266.647
504.599	311.207
509.628	376.248
509.628	376.248
518.551	151.854
537.06	100.249
535.686	346.869
537.093	336.036
537.071	406.895
540.972	351.183
546.862	27.7507
551.855	95.0416
554.915	83.6457
555.27	118.572
562.151	188.965
561.064	396.886
569.57	359.632
585.571	13.1824
587.105	212.52
586.667	264.577
591.868	166.832
587.896	459.903
587.896	459.903
596.114	219.409
600.274	41.8452
602.027	273.719
605.008	7.7521
606.915	143.731
608.269	245.263
606.5	454.274
612.934	237.624
619.784	351.919
629.419	193.745
636.245	93.4392
634.806	320.359
636.973	302.056
639.795	85.4956
637.424	397.081
645.269	165.645
645.394	257.983
643.962	432.595
652.34	454.993
656.473	402.771
663.671	127.366
675.34	303.81
675.786	423.537
684.678	290.574
689.735	150.299
689.576	10.7899
689.576	10.7899
684.952	449.082
693.62	174.91
694.467	258.358
698.939	154.781
699.648	315.616
697.009	449.093
710.095	117.761
42.7938	270.956
49.8514	446.71
52.5061	405.315
58.7688	283.956
68.7918	376.074
69.6964	450.386
74.0332	40.5587
75.3839	95.5077
75.3711	225.378
87.4908	445.63
104.798	256.991
106.284	302.168
108.557	141.544
121.199	143.994
121.081	160.35
121.081	160.35
120.973	343.157
120.973	343.157
126.826	79.0429
126.066	331.478
128.214	283.032
132.914	226.544
139.138	455.939
145.764	116.895
149.687	459.125
152.947	146.913
155.964	314.351
159.374	251.124
162.313	301.348
165.466	397.812
167.267	220.014
167.267	220.014
174.183	467.183
201.219	285.093
208.778	42.8417
212.269	162.157
212.269	162.157
227.971	287.43
236.364	65.6511
255.536	65.7755
253.676	187.567
260.681	337.162
263.013	457.117
272.31	285.52
280.061	300.884
280.937	425.38
286.534	140.455
287.002	368.584
290.586	190.578
288.523	385.516
289.815	442.108
297.525	60.9077
298.47	42.34
303.088	57.1998
300.389	394.469
307.569	416.778
319.501	277.363
325.304	48.3242
330.275	361.225
405.951	254.493
407.585	183.873
418.098	185.034
418.635	232.881
432.228	214.321
433.755	293.605
445.364	55.7073
445.364	55.7073
461.758	116.61
461.758	116.61
476.302	395.787
476.302	395.787
493.21	31.9297
504.479	310.944
518.538	152.019
532.698	357.123
532.698	357.123
535.692	346.872
537.067	336.047
537.098	406.862
546.719	27.9009
549.42	90.0528
551.85	95.113
559.911	146.651
562.16	188.991
566.948	145.75
573.279	397.563
585.602	13.1927
587.159	164.154
587.118	212.544
586.678	264.643
587.879	459.915
587.879	459.915
596.687	204.606
600.431	41.9856
601.978	273.691
605.083	7.76142
604.795	223.317
606.534	454.29
615.325	128.127
618.496	200.991
622.856	261.966
625.205	112.726
626.648	372.998
637.474	397.078
647.142	73.8728
647.142	73.8728
647.203	155.786
643.832	432.682
651.661	318.442
652.346	455.041
659.182	198.906
656.992	402.95
665.59	319.071
675.292	303.804
677.669	311.419
675.751	423.423
684.713	290.543
687.651	297.691
689.629	10.7666
689.629	10.7666
684.84	449.116
698.949	154.807
696.856	449.075
710.265	117.753
710.239	169.256
721.509	103.623
731.789	59.5757
