49.8564	446.65
52.3089	405.489
52.6906	437.939
58.8958	283.986
63.7363	274.697
68.6028	375.987
75.5374	95.3467
78.5646	19.8208
75.3322	165.851
75.3233	225.431
75.3233	225.431
92.1132	46.035
91.9967	112.11
96.776	374.84
100.483	275.342
104.778	256.99
106.256	182.569
108.545	141.524
106.264	302.146
126.85	79.0596
124.734	445.629
126.504	331.761
132.518	351.385
135.992	448.726
142.685	192.461
155.963	314.406
159.157	251.272
160.107	219.952
163.613	459.945
164.725	310.282
165.461	397.784
168.883	456.296
186.272	141.537
189.985	212.771
196.991	163.651
201.254	285.098
208.472	43.0655
228.508	62.5412
228.072	147.316
228.072	147.316
233.046	34.1795
228.731	287.457
236.31	65.6499
248.736	134.102
254.171	409.361
263.363	457.109
275.077	426.521
279.103	288.778
280.021	300.843
286.723	140.847
290.708	190.608
288.193	385.635
289.764	442.144
297.594	60.9057
303.445	32.1803
303.193	57.3616
300.411	394.541
305.827	405.08
325.438	48.2613
330.09	361.144
429.08	234.494
429.08	234.494
465.423	34.1172
477.756	62.1672
476.506	395.808
476.506	395.808
493.056	31.6204
502.757	112.332
500.699	266.646
512.741	70.3725
514.294	121.831
512.536	312.91
512.536	312.91
528.525	84.1653
525.098	380.73
538.984	106.072
541.211	34.6041
537.398	336.341
537.398	336.341
549.354	90.0242
559.888	146.627
556.294	403.693
569.491	165.26
574.98	371.106
585.641	13.1563
579.991	400.837
587.149	164.135
587.197	212.475
586.926	265.329
600.271	41.8499
600.271	41.8499
604.75	223.308
608.247	245.276
611.464	171.973
613.354	290.614
609.307	471.2
619.808	352.04
636.262	93.4357
629.131	419.304
632.352	395.794
637.006	302.021
637.863	469.07
651.666	318.45
656.823	81.2701
656.596	402.969
663.344	154.333
663.746	127.382
663.746	127.382
663.414	282.879
670.839	315.259
676.973	195.246
675.697	423.521
689.573	10.8334
689.768	150.273
693.86	167.014
694.547	258.39
694.127	293.672
699.825	315.823
705.542	144.484
721.525	103.694
731.841	59.6034
43.0558	271.056
49.9842	446.749
52.4687	405.815
52.679	437.934
58.7079	283.927
63.5198	143.106
68.6982	375.99
78.5439	19.802
76.2782	144.956
75.3016	225.429
75.3016	225.429
92.0636	46.0354
91.4153	164.984
104.794	257.011
104.794	257.011
106.298	182.549
108.56	141.492
106.222	302.143
115.521	62.3931
112.363	320.949
126.9	79.1224
124.766	445.6
132.397	351.625
136.007	448.72
139.079	456.019
140.841	302.985
159.174	251.381
161.288	162.575
160.107	219.886
163.586	459.995
164.755	310.168
167.98	231.674
176.946	189.047
186.313	141.558
201.276	285.088
208.376	43.1138
222.333	170.231
228.579	62.4565
228.061	147.276
233.141	34.2599
236.373	65.6471
248.704	133.932
263.58	331.237
263.15	457.107
279.056	288.792
279.056	288.792
280.04	300.844
280.922	425.406
280.922	425.406
286.668	140.74
290.742	190.616
287.169	451.329
287.169	451.329
288.088	385.626
290.072	400.07
297.536	60.8644
303.125	57.3653
305.742	405.082
316.274	49.3802
325.454	48.3642
327.445	252.524
330.2	361.105
429.106	234.471
429.106	234.471
471.225	47.6801
477.78	62.1468
476.533	395.786
476.533	395.786
485.371	80.1724
483.721	401.309
495.583	39.4728
500.807	123.998
500.642	266.324
500.642	266.324
514.275	121.816
512.505	312.766
512.505	312.766
528.34	343.794
546.851	27.68
549.384	90.0344
554.521	25.4964
554.912	83.7952
549.491	404.277
559.89	146.633
559.89	146.633
571.114	330.673
574.994	371.149
576.062	385.64
579.99	401.507
585.351	200.442
587.177	164.121
587.181	212.48
586.921	265.262
600.36	41.9025
600.36	41.9025
593.369	437.262
608.184	245.242
613.329	290.67
614.014	461.67
619.834	351.977
635.704	136.584
636.246	93.4986
635.42	212.653
632.386	395.622
637.093	263.771
636.852	301.875
645.124	165.643
645.847	173.937
640.453	463.571
651.155	112.244
651.567	318.384
656.636	402.99
664.315	92.1314
677.812	311.48
675.696	423.545
684.824	311.84
689.568	10.8636
685.001	449.039
693.673	174.88
694.555	258.406
694.143	293.716
704.515	198.384
705.892	144.5
710.405	117.756
721.684	103.724
723.146	65.5666
43.0135	271.015
49.9814	446.673
52.3554	405.418
52.6495	437.96
58.7698	283.918
63.4989	142.999
68.5347	376.114
78.572	19.8225
75.598	165.495
75.4102	225.311
75.4102	225.311
79.1497	359.327
92.1751	46.0484
91.883	112.256
91.3445	165.067
104.834	256.999
104.834	256.999
108.577	141.507
106.169	302.105
115.597	62.5255
112.309	320.88
126.91	79.1397
124.757	445.6
132.407	351.612
135.997	448.731
139.096	455.976
159.199	251.296
160.122	219.838
161.422	318.115
161.422	318.115
163.579	459.981
176.928	189.038
184.165	200.379
186.349	141.479
185.698	427.673
196.946	163.646
201.36	285.107
208.403	43.023
228.497	62.5274
228.106	147.306
232.96	34.1867
236.28	65.5837
248.684	134.002
253.522	187.651
258.503	121.966
279.154	288.758
280.038	300.868
280.949	425.387
280.949	425.387
294.345	137.574
297.625	60.9388
303.498	32.2507
303.153	57.3625
300.404	394.576
305.791	405.095
319.532	277.324
325.317	48.4084
327.28	252.135
330.114	361.143
429.187	234.605
429.187	234.605
465.431	34.1167
471.215	47.729
476.494	395.813
476.494	395.813
500.803	123.985
502.86	112.563
500.702	266.658
504.488	54.5467
512.52	312.887
512.52	312.887
522.305	73.2814
522.305	73.2814
520.544	345.364
525.049	380.729
528.365	343.682
541.189	34.6506
544.872	21.8937
549.673	404.194
559.867	146.63
559.867	146.63
562.179	189.112
567.644	465.101
576.01	385.689
579.928	401.833
587.201	212.53
586.917	265.288
591.881	166.802
589.914	414.659
600.371	41.9157
600.371	41.9157
603.51	195.859
613.332	290.652
619.568	124.208
619.612	352.054
622.934	261.989
636.236	93.4738
635.345	212.648
632.458	395.519
636.909	301.95
645.793	173.953
651.74	318.399
656.048	143.703
661.207	213.32
656.603	403.023
664.209	92.0092
670.806	315.232
675.674	423.548
689.541	10.8333
687.484	297.823
684.831	449.031
693.714	174.855
694.447	258.321
699.777	315.813
710.158	117.745
713.216	175.797
716.673	111.231
721.413	103.651
731.941	59.6149
49.9138	446.663
58.5355	283.858
63.8208	274.732
68.6351	375.969
78.6267	19.8186
75.4226	165.735
75.3802	225.397
75.3802	225.397
79.2868	359.219
92.1689	46.0176
94.9702	121.522
94.9702	121.522
100.406	275.244
106.33	182.554
106.21	302.126
115.622	62.5229
112.358	320.935
126.891	79.1583
124.755	445.625
128.215	282.981
136.024	448.729
147.842	303.721
157.987	296.777
159.169	251.326
161.372	162.579
163.578	459.932
169.817	468.431
184.076	200.451
186.456	141.527
190.014	212.778
196.976	163.666
201.313	285.124
208.388	43.0197
222.283	170.299
228.507	62.6188
233.059	34.2596
233.443	139.566
236.211	65.5962
240.912	98.9176
253.519	187.637
263.144	457.156
275.067	426.478
279.094	288.723
279.094	288.723
280.036	300.858
280.937	425.427
290.713	190.605
288.129	385.606
287.361	451.311
287.361	451.311
297.636	60.9625
303.515	32.3093
303.141	57.408
300.293	394.549
305.749	405.09
319.47	277.343
325.49	48.3322
330.427	353.456
429.06	234.255
429.06	234.255
450.709	76.1847
471.327	47.724
476.504	395.813
476.504	395.813
485.147	80.0113
483.639	400.663
493.167	32.0119
500.794	124.032
502.759	112.352
500.684	266.592
504.425	310.661
529.875	78.3087
541.21	34.6291
541.807	109.966
537.433	336.332
537.433	336.332
546.663	27.847
549.386	90.0353
558.47	131.691
561.089	396.991
567.668	465.259
573.511	411.47
573.511	411.47
575.926	385.74
585.352	200.408
587.175	164.163
587.196	212.509
586.93	265.32
600.336	41.8704
600.336	41.8704
596.483	362.699
604.76	223.358
608.186	245.273
611.353	171.967
613.326	290.674
613.594	459.448
613.594	459.448
622.909	261.931
636.227	93.4172
632.752	395.694
636.918	301.922
637.681	417.156
645.631	173.947
651.691	318.411
656.114	143.725
658.118	150.546
656.524	402.957
664.353	92.0373
675.861	165.438
677.741	311.454
677.741	311.454
675.675	423.532
684.734	290.586
689.492	10.8383
693.761	167.042
694.5	258.364
705.72	144.476
718.076	129.606
721.503	65.2804
721.679	103.71
49.8993	446.696
52.3401	405.525
58.7635	283.889
63.8614	274.724
68.6428	376.244
78.6214	19.8149
75.321	165.87
75.3752	225.323
75.3752	225.323
92.1172	46.0232
91.3605	165.058
94.9344	121.515
100.45	275.304
104.796	257.003
106.214	302.108
115.552	62.4537
120.981	144.33
120.803	343.387
126.897	79.0868
124.77	445.596
126.365	331.7
135.999	448.739
146.317	294.105
150.664	194.497
159.087	251.435
161.461	318.156
165.834	370.779
168.872	456.306
177.039	188.948
180.973	469.767
186.421	141.543
185.862	427.588
190.004	212.734
196.69	151.817
201.311	285.115
208.466	43.0651
228.056	147.196
233.128	34.2402
236.163	65.51
255.504	65.7663
253.541	187.683
254.135	409.637
279.087	288.77
279.087	288.77
280.037	300.857
280.937	425.405
286.88	141.077
287.604	451.288
287.604	451.288
294.379	137.528
297.577	60.9129
303.426	32.3017
303.189	57.3767
300.344	394.533
305.828	405.085
319.611	277.354
325.544	48.408
330.109	361.087
330.439	353.435
429.084	234.586
429.084	234.586
465.475	34.1155
476.516	395.804
476.516	395.804
485.142	80.0805
483.779	401.279
495.676	39.8407
499.641	104.961
500.856	124.094
500.74	266.854
504.567	54.691
504.423	310.923
512.478	312.675
528.343	343.765
541.191	34.6554
543.542	95.022
549.398	90.0083
554.566	25.4373
559.846	146.623
559.846	146.623
571.127	330.648
567.59	465.17
578.711	178.453
575.015	371.1
573.771	411.595
575.996	385.735
579.807	402.248
587.152	164.163
587.155	212.469
586.907	265.283
596.783	219.681
600.387	41.9122
600.387	41.9122
607.937	162.015
608.201	245.254
613.312	290.666
612.706	458.61
619.875	351.994
629.52	260.599
632.878	395.81
636.871	301.916
636.729	418.349
645.169	165.643
640.309	463.583
651.781	318.371
656.797	81.2532
656.549	402.951
663.987	91.8294
663.686	127.445
663.686	127.445
670.841	315.273
675.048	303.894
675.723	423.455
684.78	290.534
689.713	10.6893
693.795	174.86
694.506	258.344
704.639	198.365
705.88	144.436
710.275	117.729
721.796	103.741
723.158	65.4884
