43.0594	271.101
52.4697	405.41
52.6988	437.945
58.7693	283.951
68.6139	375.815
69.6916	450.464
74.5679	78.9135
75.4245	225.287
100.796	275.534
103.478	447.228
104.828	256.966
106.426	302.232
112.562	90.6596
122.905	92.4876
120.906	343.254
120.906	343.254
123.736	295.114
137.3	99.8379
136.192	448.224
141.177	227.091
143.641	130.274
142.682	192.456
142.682	192.456
145.794	116.946
145.905	453.243
150.707	194.491
150.707	194.491
152.985	146.935
157.982	296.867
162.354	301.394
165.865	370.823
166.8	450.887
186.727	141.605
212.411	162.183
221.724	112.394
228.455	62.5195
227.986	147.081
227.986	147.081
233.171	34.2777
236.38	65.6754
258.978	412.314
258.978	412.314
260.315	337.445
280.071	300.864
286.76	140.988
287.204	451.283
287.204	451.283
297.259	68.1725
298.49	42.4204
303.09	57.6124
300.436	394.446
309.417	15.5578
305.801	405.038
306.503	381.237
306.503	381.237
430.864	234.699
430.864	234.699
461.804	116.731
482.62	400.8
493.204	31.8815
495.856	40.1599
492.019	396.646
500.69	124.174
497.517	395.15
500.702	266.656
500.702	266.656
504.61	54.6595
509.228	352.508
518.523	152.144
520.199	70.7928
525.42	77.6632
526.965	65.9608
527.977	342.003
535.377	345.68
549.731	16.7486
550.002	130.739
549.373	403.83
555.502	141.829
569.75	359.449
567.579	465.411
571.201	410.371
575.299	385.005
585.527	13.1025
585.703	182.54
586.523	264.205
592.04	166.959
587.864	459.831
596.741	204.651
598.022	226.636
617.17	212.641
617.616	428.074
620.27	351.869
634.661	320.491
637.135	263.803
639.772	85.4376
637.003	396.339
647.08	73.8361
644.231	315.055
643.392	431.648
655.797	143.737
657.877	150.666
652.633	455.057
661.161	213.404
663.602	283.098
671.657	170.955
675.719	165.542
684.85	290.49
689.658	10.7082
689.658	10.7082
687.27	297.948
685.249	449.205
693.701	174.929
696.461	103.947
699.603	315.463
704.135	198.473
706.467	302.308
719.182	143.488
731.477	131.885
52.3728	405.689
52.7136	437.948
58.7888	283.964
63.8831	274.891
68.6805	376.12
69.6028	450.551
78.6377	19.5646
75.4371	165.759
75.3529	225.354
75.3529	225.354
92.3966	46.1214
87.469	445.653
91.9697	112.246
103.489	447.195
104.854	256.898
115.69	62.6993
112.587	321.095
116.941	270.279
122.935	92.5049
121.091	160.391
120.939	343.234
120.939	343.234
123.756	295.122
143.683	130.255
147.974	303.489
151.54	206.773
155.744	135.611
159.145	251.319
166.341	208.974
163.804	459.326
164.798	310.178
165.982	370.689
178.885	464.301
187.005	141.63
199.241	169.943
201.136	160.36
207.44	276.61
221.762	170.692
228.451	62.5064
233.086	34.2525
240.751	98.6508
252.101	61.72
257.487	243.718
260.202	337.568
279.022	288.846
280.033	300.86
286.742	140.877
287.521	451.313
287.521	451.313
297.302	68.1808
297.656	60.9468
300.403	394.449
300.02	443.278
309.488	15.6866
307.498	416.64
319.473	277.405
325.597	48.3547
330.17	361.257
430.965	234.803
430.965	234.803
461.793	116.743
461.793	116.743
465.497	34.3071
493.248	32.1084
492.338	396.604
497.395	395.201
504.516	54.6119
512.574	313.094
512.574	313.094
518.466	152.01
521.956	82.6896
533.417	93.1276
535.346	345.748
549.989	130.725
549.989	130.725
551.812	95.0717
549.294	403.832
558.878	358.385
561.77	330.007
571.255	410.376
575.231	384.978
585.336	13.1348
587.12	212.483
586.567	264.305
590.945	173.319
592.618	198.287
594.876	21.393
587.862	459.772
587.862	459.772
597.879	226.535
601.267	154.245
614.085	54.2759
606.12	453.444
613.392	290.553
617.161	212.647
620.209	351.809
633.805	142.412
634.66	320.487
641.521	133.078
637.068	396.394
645.063	95.1295
654.917	60.4659
651.597	318.4
652.587	455.075
655.538	401.659
661.333	213.346
663.106	154.472
658.208	402.768
663.666	283.059
683.502	154.207
684.667	117.584
685.003	290.389
689.619	10.7205
687.432	297.824
698.353	138.107
698.877	154.853
702.094	32.88
699.603	315.515
699.603	315.515
721.601	103.684
722.168	65.3642
49.858	446.756
52.4628	405.662
52.7165	437.927
58.5869	283.934
63.9008	274.927
68.5416	376.054
78.5422	19.6105
75.25	165.958
94.9452	121.559
105.062	69.0504
103.471	447.214
104.844	256.865
117.018	270.208
118.908	198.666
122.971	92.5158
121.014	343.14
123.79	295.204
128.379	452.018
132.636	226.853
132.519	351.416
138.731	293.867
142.606	192.528
145.619	116.961
152.992	230.081
153.322	248.613
156.005	314.352
157.926	296.908
159.151	251.337
160.832	176.947
160.832	176.947
160.076	219.93
161.854	452.091
165.976	370.642
174.764	473.968
186.978	141.564
221.528	112.366
221.829	170.552
228.4	62.5115
227.914	147.024
232.992	34.2453
225.172	442.216
236.321	65.629
257.705	243.644
260.306	337.472
279.099	288.821
279.099	288.821
280.029	300.846
289.858	400.102
297.224	68.1634
297.606	60.9
309.379	15.5096
305.946	405.069
325.464	48.1931
431.16	234.887
431.16	234.887
466.086	133.184
466.086	133.184
477.929	62.3279
485.068	79.8837
482.627	400.928
493.206	31.9331
492.187	396.621
500.595	266.306
500.595	266.306
504.418	311.116
509.027	375.469
509.027	375.469
518.536	152.08
529.918	77.8629
527.983	342.204
533.384	93.196
535.325	345.73
541.398	110.131
549.25	403.769
560.399	126.707
569.813	359.436
569.813	359.436
567.652	465.473
585.616	182.567
587.086	212.522
582.114	405.485
586.545	264.243
592.703	198.377
595.073	21.5235
595.073	21.5235
587.817	459.844
596.779	204.543
614.084	54.3091
617.196	161.347
616.969	212.692
620.287	351.763
629.519	260.588
633.213	100.447
633.945	142.453
633.945	142.453
634.884	320.263
636.601	395.942
645.078	95.158
640.391	463.53
643.486	431.685
651.591	318.461
652.621	455.117
661.14	213.357
655.908	401.761
663.512	283.076
671.842	170.961
683.643	154.282
684.679	290.542
684.602	312.119
689.672	150.343
687.343	297.869
685.271	449.158
695.874	104.055
699.765	315.703
704.565	165.582
717.112	111.484
732.203	59.6126
49.9883	446.743
52.589	405.429
58.3919	206.82
58.8728	283.979
63.9413	274.945
68.6565	375.984
69.7185	450.442
78.5312	19.5753
83.6054	130.005
90.5978	242.24
90.5978	242.24
103.503	447.21
115.748	62.7694
118.902	198.656
121.531	110.086
122.97	92.5368
121.096	160.379
120.955	343.176
123.749	295.175
123.749	295.175
132.551	351.355
136.194	448.248
142.651	192.475
156.008	314.309
159.734	206.99
159.734	206.99
159.149	251.396
162.294	301.429
166.019	370.66
172.972	166.219
171.084	462.448
174.822	474.018
187.014	141.636
201.127	160.317
201.316	285.098
221.626	112.432
221.917	170.503
228.436	62.4397
228.062	147.176
232.903	34.2536
248.646	133.923
244.325	471.949
255.512	65.7904
260.233	337.642
262.896	457.187
279.06	288.83
279.06	288.83
280.039	300.883
280.95	425.485
280.95	425.485
297.25	68.1832
297.628	60.918
309.386	15.665
307.519	416.636
314.875	399.476
431.097	234.776
431.097	234.776
485.144	80.0999
493.217	32.0186
496.457	133.732
492.06	396.663
497.383	395.205
503.34	137.375
504.414	310.783
518.461	151.896
522.06	82.8703
519.608	308.009
525.445	77.6816
527.968	342.239
535.316	345.721
550.631	145.522
551.807	95.1927
549.288	403.784
558.559	131.753
569.785	359.447
569.785	359.447
567.586	465.449
587.128	212.531
582.136	405.584
586.573	264.341
592.759	198.367
595.019	21.5218
595.019	21.5218
587.783	459.711
595.931	163.424
596.851	219.743
601.394	154.411
608.212	245.285
614.128	54.3472
606.085	453.378
620.107	351.778
637	263.886
643.423	105.358
643.423	105.358
637.23	396.492
645.023	95.1664
643.723	209.882
647.188	73.8668
643.05	322.791
643.518	431.67
651.636	318.379
652.807	455.188
656.05	401.759
663.558	283.07
665.822	181.296
683.284	154.238
684.825	290.466
684.562	311.944
689.505	10.8322
689.807	150.374
687.405	297.819
685.262	449.236
698.407	138.144
698.919	154.851
699.667	315.616
732.166	59.696
49.9113	446.654
52.7047	405.006
58.9143	149.128
58.8442	283.999
63.9339	274.978
68.6877	376.022
69.7313	450.406
78.5615	19.6065
75.398	165.787
90.6227	242.213
90.6227	242.213
94.8724	121.651
105.134	69.0387
103.493	447.213
113.177	441.152
118.884	198.697
121.505	110.119
122.946	92.5393
119.962	335.212
120.969	343.194
120.969	343.194
138.699	293.995
142.613	192.555
145.886	453.211
152.903	230.084
155.698	135.478
155.99	314.333
155.99	314.333
159.09	251.417
167.294	220.107
165.835	370.915
168.315	419.615
171.077	462.394
176.834	189.098
182.967	156.672
187.052	141.576
201.306	285.059
221.564	112.399
221.935	170.473
228.292	62.4594
228.04	147.239
232.939	34.158
248.743	134.274
260.251	337.441
282.184	79.9392
278.994	288.888
278.994	288.888
280.04	300.835
280.955	425.504
280.955	425.504
287.646	451.281
287.646	451.281
289.878	400.051
297.218	68.1224
297.559	60.8724
292.828	403.09
309.399	15.6145
321.163	48.4141
431.13	235.005
431.13	235.005
445.392	55.8264
445.392	55.8264
461.789	116.608
485.288	79.8555
493.2	31.9274
492.247	396.618
500.627	266.342
500.627	266.342
503.385	137.376
504.393	310.955
518.515	152.038
514.819	370.701
514.819	370.701
522.05	82.841
525.383	77.6652
527.982	342.236
533.426	93.1684
540.068	22.1004
550.123	130.72
550.123	130.72
549.061	403.68
562.943	168.376
561.794	330.076
569.768	359.463
569.768	359.463
567.672	465.465
578.696	178.531
585.33	13.1195
587.11	212.558
582.186	405.646
586.554	264.306
587.792	459.75
596.736	204.46
608.192	245.283
612.036	182.768
614.181	54.4101
606.146	453.406
615.525	128.338
613.391	290.463
618.418	201.109
620.009	351.782
635.545	212.649
641.432	132.971
637.21	396.495
647.174	73.9169
643.408	431.623
654.865	60.4964
651.679	318.418
652.654	455.119
656.048	401.767
663.511	283.066
665.334	319.174
677.56	311.42
683.376	154.265
684.869	185.718
684.937	290.413
689.731	150.389
687.369	297.921
685.272	449.207
699.83	315.762
717.461	111.557
732.031	59.6333
