49.9752	446.644
51.6206	404.943
52.461	405.45
58.7665	283.891
63.7405	142.943
63.628	274.642
67.7977	375.151
75.5513	95.3496
78.7071	19.8658
75.2598	225.459
75.2598	225.459
92.2214	46.0602
90.5299	242.406
104.742	257.191
103.446	447.222
109.185	124.369
108.507	336.007
108.507	336.007
115.573	62.4188
112.55	321.057
121.085	160.353
124.75	445.648
126.429	331.72
132.028	177.19
137.361	99.8565
138.773	293.778
145.546	116.901
156.019	314.339
159.211	251.323
161.374	162.476
163.569	459.968
165.859	370.899
170.799	462.604
184.025	200.519
185.895	427.651
189.99	212.752
201.051	160.269
201.329	285.077
209.616	142.978
222.48	170.136
232.984	34.2233
228.377	287.416
242.897	71.2395
248.674	134.169
252.068	61.5432
253.533	187.664
254.14	409.557
260.08	337.864
262.935	457.204
280.061	300.871
286.921	141.209
288.32	385.643
294.158	137.046
297.134	68.0309
297.633	60.937
300.363	394.504
305.96	405.068
321.098	48.1901
319.414	277.321
325.446	48.3427
445.436	55.9804
445.436	55.9804
466.051	133.009
476.617	395.864
483.908	401.316
500.613	123.872
537.08	100.228
544.948	21.7331
537.187	406.981
554.486	25.5064
549.472	404.252
552.879	325.176
559.243	101.045
559.833	146.646
559.833	146.646
569.58	359.626
571.116	330.724
580.797	193.065
575.941	385.867
585.204	200.119
587.212	212.419
608.169	245.27
606.12	414.003
619.732	352.073
616.14	465.649
636.238	93.4351
635.325	212.651
636.849	301.942
634.485	397.089
642.913	322.725
645.351	258.03
644.282	314.989
651.499	194.632
657.026	81.0844
659.243	198.902
653.377	456.195
663.743	127.176
663.743	127.176
656.366	402.914
675.926	423.703
689.609	10.7886
689.609	10.7886
689.698	150.222
687.609	297.719
693.659	174.84
696.59	103.942
694.251	293.645
698.455	137.962
703.146	186.167
699.902	315.934
699.902	315.934
697.222	449.506
721.512	103.693
42.6081	270.991
49.8464	446.621
52.266	405.633
58.7177	149.24
63.8398	274.756
68.6541	375.948
75.5814	95.3826
70.7987	441.716
75.386	165.776
75.2692	225.518
75.2692	225.518
92.0974	46.0655
89.1951	134.637
104.713	257.149
106.313	302.137
121.201	144.039
121.133	160.345
126.794	79.0682
120.915	343.241
121.556	454.178
132.505	351.486
138.795	293.75
139.101	455.95
145.688	116.851
151.864	162.594
149.645	459.158
162.286	301.383
164.702	310.286
167.332	220.005
165.854	370.755
184.142	200.422
186.765	141.532
187.615	285.592
185.93	427.651
201.094	160.272
201.187	285.076
208.664	42.85
228.323	62.503
233.085	34.158
243.241	62.8626
248.767	133.993
254.138	409.463
272.352	285.535
280.035	300.882
280.956	425.34
287.427	451.253
289.886	400.045
297.724	60.9646
289.778	442.094
303.409	32.2558
303.147	57.3976
300.41	394.535
306.331	381.032
306.331	381.032
319.527	277.366
325.268	48.167
429.586	234.858
429.586	234.858
471.285	48.0577
476.644	395.835
476.644	395.835
485.144	80.0133
483.883	401.296
493.245	32.1136
493.826	101.864
500.596	123.947
500.638	266.401
500.638	266.401
512.775	70.3892
512.585	313.057
512.585	313.057
518.475	152.056
520.574	345.391
530.271	75.0034
541.2	34.5917
541.2	34.5917
537.195	406.956
551.877	94.9967
552.815	325.153
559.84	146.666
559.84	146.666
571.575	410.957
573.44	397.657
575.03	371.111
585.159	200.068
587.143	212.547
589.897	210.28
591.944	166.781
597.876	158.202
600.185	41.8879
608.208	245.232
612.997	237.604
613.317	290.6
608.095	476.262
610.439	471.983
619.835	352.023
629.733	193.699
636.254	93.4717
636.821	301.832
634.664	397.223
637.828	418.221
645.486	257.929
644.286	315.001
654.822	60.3333
655.973	143.699
656.906	403.161
672.709	125.75
675.151	303.888
684.861	290.469
684.627	311.993
689.671	10.7282
693.703	174.889
694.26	293.649
704.192	198.471
705.568	144.521
710.174	117.756
49.8211	446.716
58.7326	283.909
61.4748	261.237
64.1092	274.804
68.6062	376.067
78.6315	19.8384
75.4961	95.3365
76.365	144.921
75.3411	225.368
75.3411	225.368
79.1806	359.356
92.1394	46.0808
90.6119	242.11
94.7332	121.578
100.808	275.539
108.589	141.462
103.489	447.159
106.329	302.145
115.566	62.4933
108.356	336.12
112.489	320.961
121.096	160.373
128.331	452.154
145.603	116.889
159.143	251.355
160.093	219.908
162.255	301.409
161.535	452.915
164.708	310.336
168.581	176.332
165.317	397.983
170.774	462.652
184.148	200.417
196.992	163.657
208.427	42.9516
209.51	142.78
223.577	129.533
233.067	34.2405
243.501	62.8725
243.501	62.8725
248.841	134.465
255.201	42.2918
248.173	410.467
257.499	243.746
270.213	446.774
275.097	426.543
280.027	300.866
286.656	140.803
286.994	368.572
294.072	137.06
287.47	451.215
287.47	451.215
297.273	68.229
297.671	60.9445
289.966	400.009
292.859	403.072
320.897	48.278
325.19	48.077
319.553	277.34
327.403	252.409
327.512	347.438
445.454	55.7229
450.661	75.8977
476.665	395.858
493.291	32.1999
483.843	401.056
499.615	104.89
500.763	266.869
500.763	266.869
504.45	311.028
514.376	121.817
528.335	343.857
541.263	34.4273
549.428	90.0639
554.477	25.4562
559.332	100.973
559.86	146.6
559.86	146.6
558.588	359.465
568.437	314.84
565.055	417.123
567.588	465.175
578.728	178.573
573.284	397.811
580.793	193.172
579.087	415.635
586.761	265.164
597.361	143.066
600.027	41.8102
597.997	226.57
604.788	223.293
611.3	171.914
606.008	413.961
613.299	290.697
610.65	472.036
616.171	465.598
636.351	93.4574
634.533	320.525
634.617	397.184
645.449	257.969
644.447	314.911
656.704	81.1392
663.676	127.344
658.278	403.776
666.339	174.973
677.669	311.617
677.669	311.617
676.059	423.643
689.617	10.8369
684.931	290.412
689.584	150.219
687.612	297.682
705.397	144.55
710.43	169.216
710.43	169.216
42.7174	270.967
49.9059	446.697
52.4245	405.516
52.6557	437.984
58.8377	149.04
61.5641	261.304
74.3233	40.2759
68.606	376.051
78.5148	19.6896
75.3427	225.402
75.3427	225.402
83.3652	129.957
92.1551	46.0085
87.4908	445.601
100.521	275.375
106.129	302.211
122.875	92.566
126.825	79.0108
120.929	343.227
120.929	343.227
126.259	331.631
131.473	163.174
131.473	163.174
128.356	452.14
143.632	130.263
142.636	192.539
145.676	117.063
146.238	294.312
151.529	206.79
160.141	219.942
162.293	301.371
164.484	397.768
165.827	370.884
174.241	467.168
186.871	141.639
187.651	285.604
185.859	427.633
186.098	449.596
201.308	285.081
208.521	42.8535
212.309	162.138
223.302	129.627
222.45	170.165
228.379	62.3977
228.046	147.24
236.301	65.6183
244.362	471.877
244.362	471.877
273.512	136.392
272.087	285.513
279.159	288.71
279.97	300.892
280.93	425.529
280.93	425.529
287.001	368.567
287.424	451.289
287.424	451.289
297.171	67.9454
298.503	42.3882
303.208	57.3526
300.338	394.55
305.991	405.105
319.483	277.321
325.303	48.3352
327.453	252.438
330.054	361.244
429.945	234.893
429.945	234.893
445.389	55.623
445.389	55.623
450.631	75.8668
461.691	116.39
461.691	116.39
471.104	47.6376
476.646	395.84
500.688	266.479
500.688	266.479
504.641	311.292
511.758	354.429
518.538	152.105
521.857	82.7117
520.552	345.46
530.243	75.14
537.095	100.262
541.712	362.642
549.531	404.221
559.826	146.652
556.545	403.291
571.17	330.745
567.747	465.54
573.366	397.73
587.281	212.494
589.836	210.101
592.036	166.931
594.909	21.414
594.909	21.414
595.963	163.393
597.345	143.118
600.258	41.8611
604.774	223.326
613.93	54.3094
606.158	414.028
615.404	128.274
613.305	290.596
619.632	352.032
616.043	465.6
633.042	100.376
636.23	93.5139
634.762	397.346
645.682	173.969
642.836	322.588
645.445	257.924
657.803	150.661
661.23	213.338
653.589	456.429
663.163	154.383
656.752	403.075
665.426	318.896
675.903	423.607
685.041	290.383
689.728	10.6773
690.317	143.539
687.652	297.682
693.613	174.88
684.79	449.286
696.575	103.982
699.131	154.699
699.658	315.664
724.578	166.287
42.8928	270.971
52.4525	405.602
52.7007	437.822
58.8788	149.076
63.8365	274.785
69.6396	450.397
75.3206	95.59
78.4807	19.6623
75.3747	165.831
75.3095	225.404
75.3095	225.404
92.2345	46.1635
90.5991	242.293
104.877	256.912
108.626	141.543
106.262	302.158
108.395	336.149
108.395	336.149
115.628	62.5626
109.493	449.527
116.452	448.672
121.205	143.999
122.875	92.5998
123.643	295.055
142.652	192.516
154.035	463.242
154.035	463.242
158.084	296.515
159.254	251.25
162.324	301.364
166.365	208.954
164.985	397.76
168.641	176.355
165.781	370.925
167.865	231.888
186.642	141.614
185.928	427.696
201.229	285.066
209.598	142.71
212.27	162.13
223.562	129.587
228.462	62.4895
228.048	147.231
228.048	147.231
232.923	34.2005
228.368	287.425
248.786	134.093
244.325	471.91
244.325	471.91
252.147	61.6401
260.099	337.889
279.111	288.752
288.31	385.589
297.66	60.9444
303.188	57.3973
309.504	15.6651
306.414	381.075
306.414	381.075
307.554	416.73
314.839	399.433
319.491	277.347
325.315	48.4779
430.829	235.074
430.829	235.074
476.711	395.805
485.215	80.1419
483.996	401.4
493.222	32.0761
500.66	124.04
500.646	266.422
500.646	266.422
504.443	310.877
514.268	121.851
518.464	152.117
522.004	82.8
519.841	308.286
539.002	106.037
539.002	106.037
535.753	347.219
551.821	95.1427
554.926	83.8456
556.355	403.525
565.996	322.919
569.558	359.678
567.566	465.295
573.335	397.759
576.1	385.79
587.223	212.669
586.925	265.292
594.965	21.4997
594.965	21.4997
592.845	198.379
595.951	163.421
597.987	226.561
596.465	442.164
608.189	245.247
613.963	54.1694
613.342	290.599
615.925	465.584
634.678	320.305
634.675	397.273
647.066	73.8473
647.066	73.8473
637.983	469.09
651.421	112.596
651.685	318.437
658.108	150.579
654.452	402.248
661.083	213.368
663.478	282.945
671.695	170.973
676.443	165.498
675.185	303.889
684.861	290.507
684.401	312.054
689.559	10.7799
689.559	10.7799
687.585	297.718
693.782	174.89
696.283	103.968
700.989	130.58
700.989	130.58
725.516	166.395
732.187	59.6364
