42.8891	270.982
49.8866	446.686
52.3593	405.514
58.7165	283.885
63.8941	274.779
78.5704	19.728
68.6463	376.31
79.1216	359.411
92.1916	46.001
94.7117	121.623
100.701	275.403
104.851	256.962
103.485	447.217
112.479	321.018
118.846	198.767
122.831	92.5823
121.029	160.458
126.82	79.0818
123.606	295.009
130.688	214.393
132.103	177.194
137.354	99.9117
135.968	448.843
147.796	303.808
152.906	146.933
162.218	301.495
161.522	466.524
166.28	209.056
163.603	460.028
183.042	156.586
186.705	141.561
189.943	212.81
185.921	427.657
201.396	285.146
208.683	42.8913
222.331	170.272
228.367	62.4547
232.925	34.1812
236.351	65.6584
235.612	470.811
244.259	472.03
253.415	187.692
258.456	121.903
257.303	243.719
254.088	409.385
259.63	337.928
279.17	288.782
280.043	300.943
286.892	141.029
287.089	368.608
297.561	60.8831
297.338	68.1274
292.851	403.083
320.883	48.4673
314.855	399.49
325.176	48.4069
327.346	252.385
429.275	235.165
429.275	235.165
485.171	80.1694
493.134	31.7988
495.681	39.6875
494.334	102.319
500.587	124.041
496.952	396.22
504.458	310.786
511.905	354.44
518.48	152.058
528.371	343.962
537.101	100.297
551.853	95.0764
559.951	146.698
559.951	146.698
562.273	330.503
569.552	359.641
567.616	465.278
576.051	385.863
587.133	212.413
586.778	265.04
581.97	419.421
581.97	419.421
594.888	21.4986
594.888	21.4986
592.758	198.382
600.297	41.9755
597.969	226.613
595.988	423.398
605.363	249.104
609.479	187.453
613.927	54.1573
613.312	290.763
618.572	201.002
618.698	264.785
615.536	464.085
615.536	464.085
633.126	100.426
634.037	142.431
634.037	142.431
634.487	320.49
635.339	397.837
640.346	314.653
654.948	60.4207
656.934	403.227
675.86	423.578
685.165	185.692
689.623	10.6649
689.623	10.6649
685.023	290.387
687.543	297.803
703.901	110.944
699.89	315.949
699.89	315.949
704.834	165.566
721.374	103.648
726.712	126.862
732.132	59.5813
42.9481	270.992
49.9224	446.676
51.6608	404.787
52.4483	405.251
59.0542	284.004
63.8531	274.715
78.5372	19.674
68.6251	376.204
75.4269	165.763
79.1196	359.339
92.1946	45.9537
89.4481	134.866
91.9736	112.203
100.667	275.376
106.265	182.566
106.328	302.216
115.664	62.5519
112.491	321.018
118.889	198.697
126.845	79.0446
128.219	283.007
130.662	214.409
128.322	452.159
135.953	448.851
143.583	130.288
143.583	130.288
152.994	146.878
151.554	206.813
160.002	206.412
161.33	162.563
161.34	318.407
161.34	318.407
163.592	460.014
170.761	462.65
187.687	285.575
185.775	427.612
201.481	285.108
221.708	170.673
228.382	62.5346
233.047	34.297
236.373	65.6615
248.665	134.013
253.434	187.664
257.394	243.76
254.104	409.45
259.645	337.928
263.66	331.302
263.43	457.072
277.616	102.019
279.003	288.848
290.769	190.588
288.243	385.621
297.594	60.9175
287.52	451.372
298.48	42.409
303.138	57.4483
300.465	394.502
306.192	381.262
314.848	399.472
325.196	48.173
327.376	252.413
429.284	235.016
429.284	235.016
450.672	76.0773
450.672	76.0773
459.015	106.716
459.015	106.716
470.62	47.5377
493.242	31.8857
500.711	266.65
500.711	266.65
504.51	310.968
509.856	376.508
512.477	312.645
511.96	354.359
519.98	308.497
527.059	65.8707
536.685	47.6187
536.685	47.6187
537.065	100.281
537.094	407.056
555.391	141.856
549.619	404.302
563.019	168.405
566.993	145.756
569.171	165.383
566.244	322.908
569.519	359.651
567.653	465.386
587.097	212.478
586.737	265.003
583.958	362.661
589.845	210.271
600.325	41.9764
596.213	423.46
613.878	54.1194
613.315	290.753
615.578	247.051
615.261	463.974
615.261	463.974
633.307	152.304
636.323	93.5404
634.521	320.463
637.061	263.872
641.502	133.046
635.385	397.906
637.141	418.703
644.5	314.868
661.547	170.294
660.941	213.371
664.396	92.1092
671.33	170.918
675.178	303.817
675.827	423.686
685.193	185.671
689.677	10.6577
689.828	150.332
687.583	297.771
696.472	103.969
699.92	315.962
699.92	315.962
704.859	165.58
717.1	111.428
731.891	59.6232
49.9137	446.667
52.4822	405.713
58.5716	283.868
63.467	142.889
61.4451	261.242
78.5208	19.6841
68.8274	376.22
75.4028	165.771
92.1719	45.985
92.0561	112.178
101.072	101.791
100.911	275.546
104.826	256.977
106.272	302.235
112.485	321.032
118.868	198.734
122.841	92.5883
121.036	160.388
126.836	79.0684
124.748	445.65
130.697	214.372
132.475	351.457
135.964	448.832
143.611	130.339
147.876	303.627
150.91	194.083
153.025	146.856
162.296	301.422
161.44	466.486
163.578	460.047
165.847	370.841
182.92	156.538
187.706	285.639
189.945	212.814
185.781	427.671
208.593	42.9607
209.354	142.619
206.668	242.145
222.4	170.181
228.285	62.4844
232.979	34.1327
236.29	65.5932
244.313	472.019
244.313	472.019
248.164	410.469
253.462	187.731
273.721	136.477
279.004	288.864
286.7	140.901
280.934	425.298
287.097	368.612
294.46	137.809
287.373	451.335
297.553	60.8672
303.495	32.2576
303.153	57.4086
300.44	394.488
306.194	381.276
314.849	399.471
325.323	48.297
327.36	252.388
429.267	235.025
429.267	235.025
470.907	47.6068
485.107	79.9109
476.664	395.885
493.14	31.8308
499.606	104.991
500.533	123.953
504.504	54.5749
500.626	266.416
500.626	266.416
504.452	311.02
511.894	354.409
527.037	65.8738
541.438	110.109
551.863	94.9879
549.677	404.227
559.917	146.723
556.476	337.501
563.023	168.397
556.143	404.12
569.523	359.668
571.232	330.81
575.672	188.948
567.568	465.265
585.187	13.0849
587.158	212.44
586.752	264.986
583.988	362.618
595.055	21.5396
600.386	41.9831
597.992	226.611
595.864	423.552
613.91	54.153
615.355	128.167
613.304	290.798
618.589	194.486
615.357	463.815
637.021	263.897
635.439	397.939
647.113	73.8429
647.113	73.8429
644.49	314.882
639.937	463.974
655.659	143.775
651.579	318.504
661.087	213.397
656.916	403.165
671.766	171
676.556	165.603
684.928	117.545
684.928	117.545
675.829	423.609
689.597	10.7489
685.016	290.389
694.255	293.683
699.936	315.999
699.936	315.999
704.805	165.564
721.184	103.618
732.225	59.6478
43.0318	270.986
49.8205	446.759
51.5937	404.943
58.9055	283.944
63.8878	274.766
67.8963	375.275
78.4927	19.6753
75.1318	166.205
92.2155	45.9842
94.7455	121.624
104.836	256.944
108.625	141.506
106.284	302.216
112.409	320.999
118.856	198.737
122.869	92.5454
121.049	160.449
126.825	79.0709
121.006	343.07
124.726	445.697
128.195	283.049
130.645	214.345
128.313	452.162
132.49	351.445
143.596	130.283
143.596	130.283
147.843	303.733
150.956	193.86
150.956	193.86
159.213	251.284
162.214	301.536
161.499	452.984
161.495	466.482
165.927	370.654
183.135	156.513
185.806	427.676
196.982	163.682
201.545	285.177
222.252	170.358
228.38	62.5008
236.256	65.5983
248.71	134.221
244.332	471.908
253.429	187.724
254.146	409.403
265.837	132.246
263.627	331.312
263.119	457.159
272.494	285.497
279.072	288.811
290.75	190.607
287.073	368.614
297.185	68.02
297.605	60.9124
298.506	42.4209
300.423	394.497
314.843	399.439
325.306	48.2522
330.168	361.271
429.231	235.083
429.231	235.083
461.701	116.454
461.701	116.454
470.704	47.7722
485.127	79.9485
476.671	395.876
493.175	31.8486
500.697	266.557
500.697	266.557
504.517	311.034
511.824	354.415
518.484	152.052
527.005	65.9155
541.549	110.099
554.969	83.796
549.54	404.313
562.644	134.114
566.272	322.886
566.175	419.108
569.488	359.668
571.127	330.776
567.652	465.278
585.802	182.569
587.107	212.384
586.746	265.001
583.932	362.642
589.825	210.287
594.972	21.5222
594.972	21.5222
600.37	41.9923
597.971	226.627
613.899	54.1345
603.951	413.755
612.809	134.022
613.293	290.812
618.533	194.457
619.736	352.073
615.326	463.69
633.057	100.379
636.324	93.4995
634.532	320.441
636.949	263.945
641.467	132.975
635.269	397.743
647.062	155.955
644.308	315
661.237	213.368
656.964	403.164
675.2	303.785
683.336	154.283
689.693	10.6118
684.987	290.382
684.854	449.049
703.246	186.374
699.91	315.968
699.91	315.968
704.226	198.548
721.784	103.697
726.667	126.935
732.135	59.5809
42.7201	270.948
49.8938	446.706
52.3989	405.581
58.7259	283.861
61.5074	261.281
78.495	19.7273
68.5579	376.171
75.3937	165.843
92.2281	46.0145
92.1225	112.135
94.729	121.625
100.743	275.408
104.793	257.017
106.186	302.172
115.653	62.5524
112.498	321.044
121.071	160.461
126.844	79.1071
130.663	214.422
128.337	452.154
132.952	226.304
132.455	351.479
135.958	448.839
143.552	130.376
147.792	303.753
160.071	219.965
161.479	452.854
164.747	310.164
163.573	460.072
186.645	141.679
187.69	285.597
189.907	212.851
185.836	427.673
196.988	163.68
201.299	285.135
208.658	42.8042
212.247	162.166
222.371	170.217
228.301	62.4679
232.931	34.1339
236.277	65.655
235.598	470.808
243.166	243.227
248.703	134.13
253.457	187.692
254.099	409.444
259.617	337.99
263.334	457.074
279.063	288.828
280.069	300.909
286.858	140.998
290.75	190.562
287.104	368.612
294.337	137.728
297.608	60.9058
303.152	57.4515
300.481	394.507
320.802	48.1918
314.836	399.455
325.325	48.175
319.521	277.341
429.352	235.191
429.352	235.191
450.678	76.1377
450.678	76.1377
459.094	107.014
470.516	47.5009
476.648	395.903
495.778	39.9102
500.517	124.072
500.646	266.388
500.646	266.388
504.434	310.816
511.941	354.411
520.59	345.543
530.227	88.9016
541.561	110.126
551.838	95.0484
555.312	141.916
569.362	165.337
566.147	322.923
567.691	465.473
576.001	385.922
587.088	212.526
586.747	264.992
583.963	362.652
581.897	419.311
581.897	419.311
594.987	21.5151
594.987	21.5151
592.784	198.371
600.272	41.9293
596.681	442.973
614.012	54.2399
613.328	290.742
615.575	247.078
619.733	352.073
615.251	463.459
634.681	320.394
635.427	397.867
647.087	73.7649
647.087	73.7649
643.182	322.992
645.398	257.961
639.9	463.97
657.858	150.65
661.517	170.301
661.247	213.342
657.059	403.337
672.624	125.842
671.786	170.981
676.233	165.546
677.589	311.466
684.88	117.539
684.88	117.539
675.845	423.666
684.936	185.739
689.608	10.7304
684.999	290.405
687.561	297.776
684.929	449.067
699.925	315.988
721.271	103.612
731.785	59.5795
