49.9369	446.728
52.6497	405.248
59.0143	283.97
61.4588	261.226
78.546	19.7187
75.521	95.4342
67.7791	375.363
75.6394	165.459
75.3083	225.502
92.0823	46.1185
94.8274	121.499
107.385	53.8102
104.815	257.041
103.495	447.184
106.266	302.165
108.393	336.078
108.393	336.078
112.583	321.086
121.391	110.356
118.849	198.739
122.837	92.5814
124.699	445.755
131.439	163.254
128.197	283.024
143.576	130.344
144.751	216.602
145.878	453.178
157.892	296.914
159.133	251.356
160.066	219.959
162.235	301.49
164.624	397.736
165.756	370.894
168.776	456.487
183.073	156.644
189.561	142.269
185.993	427.698
209.148	245.488
212.275	162.156
223.321	129.663
222.282	170.216
228.46	62.502
233.049	34.145
242.93	71.2292
248.591	134.047
244.346	471.852
253.467	187.691
258.958	412.295
258.958	412.295
279.134	288.71
280.051	300.921
290.685	190.624
297.209	68.0438
297.557	60.8824
286.962	451.264
286.962	451.264
289.823	400.11
321.476	48.867
314.841	399.452
319.481	277.336
327.339	252.24
330.097	361.218
429.173	235.246
485.486	80.1176
476.663	395.871
483.862	401.343
495.703	39.9694
502.836	112.454
504.516	54.612
500.694	266.557
500.694	266.557
504.32	310.573
514.658	143.755
512.551	313.06
512.551	313.06
512.42	354.491
525.446	77.6099
533.388	93.1312
546.731	27.8056
537.291	406.791
549.752	130.816
558.535	131.806
557.777	162.478
565.945	418.628
573.383	397.79
587.062	212.472
586.762	264.912
590.916	173.405
595.278	21.8964
595.969	163.456
600.419	42.0787
595.849	422.124
604.946	248.846
615.358	247.202
619.352	173.623
609.922	471.602
621.3	274.376
614.952	462.897
623.174	282.188
634.109	142.526
634.109	142.526
634.546	320.468
635.164	397.52
640.148	314.675
647.229	73.9282
647.229	73.9282
659.13	404.124
668.41	312.074
684.586	117.59
675.976	423.709
687.677	297.647
684.87	449.231
694.421	258.396
703.96	110.985
699.956	315.99
724.602	166.418
724.602	166.418
49.8811	446.717
52.348	405.581
58.8876	283.957
67.8117	375.145
78.5314	19.6878
78.5314	19.6878
75.3608	165.834
75.253	225.472
92.1282	46.0477
89.527	134.931
90.5848	242.211
107.29	53.7898
100.724	275.45
103.48	447.243
106.295	302.199
112.475	321.015
121.326	110.416
118.811	198.799
122.828	92.5438
120.92	343.307
120.92	343.307
124.713	445.73
131.402	163.261
143.654	130.28
151.761	162.835
151.533	206.795
157.942	296.825
159.163	251.301
156.137	455.78
162.239	301.483
165.745	370.919
166.453	451.438
189.681	142.326
189.951	212.856
185.856	427.698
196.95	163.659
201.309	285.127
222.245	170.307
233.005	34.1637
233.005	34.1637
244.286	471.89
255.538	65.7088
258.042	70.0127
257.519	243.714
259.667	337.999
263.699	331.296
270.607	151.453
262.95	457.208
273.694	136.363
279.159	288.807
286.71	140.928
287.143	368.606
297.581	60.912
286.942	451.228
289.694	442.07
303.149	57.4101
309.583	15.9718
300.486	394.521
314.842	399.521
325.387	48.2625
319.574	277.331
327.279	252.137
327.541	347.56
429.409	235.283
471.124	47.675
477.677	61.9818
485.182	80.1358
493.157	31.8466
483.923	401.313
499.676	105.043
500.717	266.688
500.717	266.688
496.78	396.293
504.521	310.995
514.394	121.86
511.835	354.409
518.449	152.133
533.409	93.1551
551.777	95.1646
550.628	145.361
562.594	134.093
556.435	403.6
562.214	330.591
566.081	322.908
565.819	418.439
569.529	359.711
567.609	465.201
578.684	178.349
585.065	13.0896
587.177	212.471
586.79	265.028
583.88	362.745
590.941	173.396
594.994	21.7228
595.972	163.418
595.972	163.418
600.392	42.0275
596.237	442.267
607.139	144.032
615.491	247.415
615.162	462.986
615.162	462.986
623.371	282.154
635.445	212.68
635.221	274.148
641.512	133.137
635.305	397.642
647.18	73.9276
647.18	73.9276
637.172	418.657
643.01	322.778
643.01	322.778
683.239	154.255
675.855	423.672
684.869	290.488
687.727	297.652
702.944	186.359
699.854	315.848
699.854	315.848
704.755	165.573
721.834	103.731
729.669	154.778
732.052	59.6086
43.1607	271.04
49.9066	446.736
52.4238	405.824
58.9745	148.88
58.8478	283.877
63.9116	274.762
78.576	19.7477
68.753	376.035
75.2173	225.591
92.1316	46.0246
94.7669	121.524
107.406	53.7271
100.675	275.414
104.812	257.017
112.386	320.899
118.755	198.895
122.906	92.5786
121.055	160.371
120.848	343.298
131.544	163.174
128.339	452.171
135.967	448.828
138.737	293.811
143.59	130.314
146.152	233.88
152.875	146.957
161.36	318.228
164.729	310.231
163.569	460.041
168.284	419.574
170.735	462.64
189.702	142.285
189.955	212.859
185.883	427.694
192.866	282.38
196.895	163.629
201.283	285.14
209.516	142.787
228.326	62.4684
227.878	147.087
233.083	34.2083
233.083	34.2083
234.114	87.6556
248.885	134.084
244.289	471.92
248.16	410.45
257.569	243.743
263.753	331.298
270.655	151.573
273.622	136.41
272.688	285.509
280.002	300.849
286.99	368.6
287.16	451.229
287.16	451.229
297.72	61.0013
289.9	400.109
292.818	403.113
303.191	57.3575
296.827	367.096
309.528	15.7131
325.452	48.4058
319.54	277.354
429.424	235.125
461.777	116.691
461.777	116.691
471.153	47.6367
477.574	61.828
485.148	80.0975
493.3	32.1239
483.992	401.137
500.699	266.658
509.549	376.722
509.549	376.722
518.413	152.202
526.973	65.9193
546.444	28.0177
545.393	91.1853
555.139	118.487
549.652	404.234
557.69	162.368
558.576	131.849
558.552	359.584
562.172	330.554
565.745	418.245
571.255	330.854
567.541	465.166
585.192	13.1609
575.938	385.979
587.145	212.562
586.769	265.074
596.039	163.458
600.415	42.0042
601.371	154.413
595.411	421.922
617.191	212.643
615.193	462.986
623.252	282.199
637.012	263.859
635.206	397.565
640.361	314.608
643.889	209.948
647.151	73.8512
647.151	73.8512
651.739	318.385
657.776	150.672
653.556	456.414
656.622	403.066
672.556	125.871
672.203	171.062
675.229	303.79
689.597	10.794
687.606	297.742
700.847	130.549
700.847	130.549
703.207	186.274
699.994	316.071
699.994	316.071
713.096	175.762
722.939	65.5553
731.964	59.627
49.9904	446.533
52.3751	405.793
58.9569	148.912
61.5731	261.277
67.5798	375.304
78.564	19.6952
68.601	376.25
76.2956	144.896
75.3909	225.28
92.2391	46.0091
90.6668	242.209
94.7042	121.577
94.7042	121.577
104.964	69.1107
100.982	275.655
103.439	447.283
108.415	336.021
112.556	321.107
113.155	441.125
122.847	92.564
131.427	163.371
132.699	226.711
132.531	351.428
136.943	307.537
143.616	130.322
150.632	194.507
152.945	146.963
159.187	251.333
156.169	455.825
162.194	301.515
161.444	453.091
166.422	208.9
165.896	370.724
179.596	324.072
187.514	285.593
185.85	427.644
197.009	151.925
208.559	42.9762
209.448	142.96
221.38	112.202
222.381	170.213
228.449	62.4909
228.106	147.306
233.012	34.2589
236.15	65.5515
244.358	471.891
259.904	337.862
262.958	457.163
272.402	285.5
286.984	368.574
294.289	137.481
297.269	68.2277
297.586	60.8835
287.365	451.26
287.365	451.26
289.948	400.096
309.49	15.8341
325.42	48.3167
327.309	252.257
327.496	347.369
429.001	235.23
429.001	235.23
461.817	116.74
471.343	47.4932
477.721	62.0055
476.73	395.877
493.17	31.7538
502.791	112.481
500.67	266.451
512.775	70.507
518.506	152.048
526.936	65.921
536.664	47.5331
551.845	95.0804
549.527	404.2
560.322	126.462
562.059	153.257
562.612	134.043
556.457	403.46
558.532	359.579
562.307	330.596
568.394	314.856
567.68	465.361
573.32	397.964
587.108	212.54
586.726	264.863
595.224	21.6156
596.038	163.497
600.338	41.9985
597.992	226.619
596.303	442.57
604.779	248.711
613.967	54.1301
612.86	134.069
621.282	274.448
615.276	463.056
641.511	133.105
635.085	397.529
640.166	314.672
647.188	73.8802
647.188	73.8802
645.249	258.077
643.002	322.816
655.017	170.083
653.522	456.377
657.36	403.488
675.253	303.848
677.628	311.491
677.628	311.491
675.927	423.639
689.616	10.7823
689.616	10.7823
690.159	143.553
687.602	297.74
696.714	104.059
703.822	111.055
697.273	449.58
724.658	166.462
724.658	166.462
731.931	59.5522
50.0095	446.645
52.3846	405.598
58.8617	283.909
61.4154	261.196
67.6933	375.4
78.5615	19.6879
75.3038	95.6129
68.7025	376.259
76.3595	144.886
75.3961	225.247
75.3961	225.247
83.3545	129.951
92.1616	45.9959
90.3249	286.929
100.934	275.649
108.832	124.849
104.771	257.052
103.455	447.261
108.38	336.106
112.564	321.116
122.854	92.5739
131.342	163.382
128.339	452.161
132.502	351.436
145.762	116.982
149.991	240.612
152.87	146.944
155.998	314.308
159.94	206.501
159.181	251.264
162.241	301.409
161.426	453.084
165.897	370.798
174.267	467.071
189.998	212.825
196.977	163.651
208.603	42.8596
209.448	142.887
222.222	170.275
228.379	62.4344
232.971	34.1626
236.474	65.7849
248.806	134.147
244.377	471.893
244.377	471.893
253.475	187.727
259.929	337.833
277.52	101.984
272.412	285.517
280.036	300.828
290.645	190.628
286.996	368.574
294.225	137.493
297.549	60.8791
297.409	68.3049
286.936	451.199
298.481	42.4096
289.76	442.098
321.042	48.3555
319.404	277.339
327.355	252.297
327.54	303.732
327.492	347.471
429.021	235.032
429.021	235.032
461.811	116.721
466.077	133.03
485.341	79.9901
476.774	395.848
493.103	31.8326
492.021	397.375
504.494	54.5878
500.641	266.389
500.641	266.389
504.368	310.842
526.977	65.9232
533.448	93.1248
541.486	110.06
536.898	406.733
556.408	403.593
558.557	359.525
566.987	145.824
562.241	330.587
568.362	314.898
567.668	465.32
585.287	13.1644
585.762	182.553
585.762	182.553
587.117	212.507
586.719	264.869
583.848	362.785
595.093	21.6155
600.359	42.0269
598.004	226.617
595.727	422.225
606.665	208.197
613.805	53.9916
612.832	134.038
619.857	124.53
617.659	270.833
623.822	202.947
621.947	268.233
615.167	463.107
615.167	463.107
635.166	397.61
645.235	94.8826
645.656	174.036
637.104	418.676
643.058	322.81
643.058	322.81
654.734	60.3584
654.085	402.17
675.326	303.814
677.344	311.487
677.344	311.487
689.587	10.842
689.587	10.842
687.594	297.753
684.817	449.146
704.02	198.612
697.489	449.471
716.902	111.307
722.642	65.491
725.036	166.448
731.885	59.5997
731.57	131.907
