43.0037	271.047
49.857	446.713
52.3807	405.561
52.6986	437.97
59.1128	148.716
58.6192	283.948
68.5889	376.079
75.3119	95.584
78.5412	19.6087
90.6179	242.211
101.102	101.806
105.168	69.0385
103.484	447.225
112.641	90.6593
116.991	270.221
118.89	198.663
121.061	160.405
121.061	160.405
120.985	343.186
123.797	295.243
132.543	351.387
136.184	448.258
138.693	293.941
145.646	117.038
152.908	230.035
155.66	135.442
156.033	314.196
156.033	314.196
166.355	209.027
165.907	370.859
166.645	451.223
168.299	419.643
176.926	189.037
174.776	473.972
183.059	156.692
187.07	141.592
192.892	282.34
201.303	285.12
221.7	112.479
221.928	170.498
228.362	62.4616
227.927	147.082
233.032	34.2232
260.242	337.435
275.093	426.467
282.179	79.6774
279.001	288.871
279.001	288.871
280.052	300.831
280.955	425.469
286.597	140.815
288.894	385.485
297.194	68.0241
297.575	60.888
298.509	42.3772
292.841	403.208
309.418	15.6456
314.857	399.429
431.033	234.927
431.033	234.927
485.125	79.9168
482.656	400.951
493.18	31.9373
495.569	39.5006
492.261	396.636
502.784	112.335
497.266	395.247
500.66	266.485
500.66	266.485
503.552	137.389
504.456	310.806
518.518	151.745
522.063	82.866
525.422	77.6997
528.003	342.177
535.317	345.731
550.095	130.719
550.095	130.719
554.892	83.8106
549.155	403.756
569.801	359.444
569.801	359.444
567.629	465.448
585.18	13.1057
587.162	212.536
582.12	405.637
586.529	264.252
590.899	173.363
594.946	21.5385
587.84	459.828
595.969	163.472
596.715	204.508
613.017	134.23
614.164	54.3644
614.164	54.3644
620.06	117.726
620.208	351.809
617.609	428.029
634.786	320.35
637.018	263.89
631.335	480.742
637.22	396.505
645.111	95.0859
643.725	209.897
647.177	73.9823
651.647	318.392
652.646	455.129
656.011	401.804
663.587	283.049
668.891	204
671.98	171.012
676.494	165.525
684.776	290.493
687.308	297.866
685.068	449.21
698.65	138.192
699.733	315.715
699.733	315.715
709.783	169.406
709.783	169.406
719.289	143.507
732.178	59.5762
49.8807	446.736
52.4846	405.357
58.423	206.839
58.6455	283.955
62.9777	143.715
63.9458	274.935
68.6261	376.061
69.6933	450.389
75.4122	95.5167
78.4939	19.6047
89.7736	135.18
90.6348	242.225
90.6348	242.225
105.06	69.1017
112.644	321.114
118.881	198.71
120.967	343.201
123.784	295.178
131.355	163.41
131.355	163.41
137.398	99.8843
132.482	351.501
136.174	448.24
139.211	455.85
145.904	453.16
151.674	162.905
152.88	230.141
153.748	463.471
157.958	296.847
162.201	301.541
165.994	370.53
168.285	419.654
187.136	141.593
187.637	285.542
189.984	212.771
201.095	160.372
209.018	245.664
221.557	112.405
221.984	170.464
228.38	62.4978
227.986	147.174
232.975	34.259
260.249	337.635
282.14	79.9901
279.087	288.836
279.087	288.836
280.02	300.838
280.952	425.507
280.952	425.507
286.721	140.946
287.123	451.327
287.123	451.327
288.901	385.461
289.819	400.033
289.859	441.933
297.22	68.1777
297.631	60.9197
298.458	42.3621
309.368	15.552
305.836	405.082
327.525	347.37
430.985	234.716
430.985	234.716
445.436	55.8459
445.436	55.8459
482.655	401.015
493.308	32.1352
492.049	396.658
497.42	395.215
500.641	266.515
500.641	266.515
504.572	54.7196
503.376	137.362
503.376	137.362
504.495	310.755
518.516	152.098
522.059	82.9462
533.399	93.1724
535.321	345.743
551.819	95.1969
549.262	403.731
558.582	131.84
562.537	134.12
569.845	359.412
569.845	359.412
571.157	330.213
567.694	465.561
579.38	164.72
587.112	212.636
582.084	405.497
586.542	264.255
590.957	173.363
594.947	21.5426
594.947	21.5426
587.795	459.826
596.845	219.778
614.093	54.273
606.08	453.439
615.68	247.223
629.467	260.54
626.964	372.931
636.636	395.97
644.999	95.1851
643.76	209.894
647.205	73.9309
644.239	315.061
643.472	431.735
651.479	112.636
651.479	112.636
651.68	318.413
652.676	455.107
655.823	401.659
663.56	283.076
671.783	170.984
676.531	165.59
684.621	117.611
684.955	290.391
684.662	312.062
689.502	10.8258
689.745	150.393
687.49	297.784
685.329	449.224
698.858	154.901
699.695	315.62
703.919	198.633
52.7146	437.944
52.6615	405.379
58.8424	283.97
64.0019	274.933
68.6232	376.081
69.6916	450.409
75.3288	95.5858
78.5275	19.6505
83.6921	130.036
105.095	69.0712
103.466	447.21
106.417	302.196
117.012	270.237
117.012	270.237
118.944	198.675
121.492	110.074
122.928	92.4922
120.987	343.174
120.987	343.174
123.822	295.212
124.732	445.449
131.438	163.337
130.825	214.168
132.014	177.139
146.203	233.894
152.884	146.925
155.648	135.438
155.988	314.349
159.182	251.295
162.251	301.447
165.997	370.667
166.64	451.261
168.307	419.683
172.978	166.196
174.821	473.991
187.011	141.581
189.948	212.873
201.362	285.053
221.609	112.409
222.028	170.427
228.326	62.4808
236.317	65.6642
248.574	133.728
244.403	471.909
260.315	337.519
275.029	426.451
279.029	288.81
279.029	288.81
288.726	385.471
297.21	68.0494
297.586	60.8961
292.83	403.168
300.28	394.54
309.362	15.6133
430.964	234.722
430.964	234.722
466.075	133.097
493.298	32.1022
492.219	396.646
497.393	395.227
500.65	266.486
500.65	266.486
504.526	54.5473
503.325	137.398
504.462	310.863
518.516	152.173
522.093	82.9828
527.97	342.236
533.437	93.1856
535.325	345.75
540.634	350.24
550.008	130.765
551.805	95.214
558.51	131.8
569.845	359.408
587.133	212.614
582.252	405.745
586.535	264.263
595.05	21.5331
595.05	21.5331
587.809	459.793
587.809	459.793
595.959	163.463
595.959	163.463
596.932	219.782
601.46	154.427
606.643	208.173
613.93	54.1667
606.093	453.465
619.969	117.666
620.043	351.839
625.235	112.783
623.184	282.229
634.769	320.384
639.729	85.3949
636.64	395.938
645.053	95.1443
643.739	209.928
643.559	431.753
651.589	318.47
652.702	455.146
655.998	401.711
663.58	283.076
672.269	171.071
675.092	422.795
684.327	117.6
684.993	290.371
689.561	10.8163
689.561	10.8163
687.3	297.908
685.138	449.209
695.492	104.359
699.785	315.733
699.785	315.733
724.799	166.415
724.799	166.415
727.231	126.787
42.9254	270.999
49.8764	446.741
52.7454	437.942
58.6135	283.987
68.6781	376.138
75.3137	95.6187
78.5131	19.6023
78.8259	359.65
83.7036	130.009
90.6163	242.244
105.154	69.0165
103.49	447.213
106.381	302.166
112.644	321.097
116.997	270.201
118.91	198.673
122.917	92.5319
120.923	343.242
132.036	177.098
132.762	226.678
136.175	448.271
142.623	192.507
145.648	116.985
145.913	453.21
152.967	230.082
155.699	135.51
159.168	251.344
160.055	219.972
166.014	370.551
171.083	462.411
187.025	141.554
209.056	245.597
212.289	162.18
212.289	162.18
221.594	112.417
221.871	170.577
228.383	62.3721
227.915	147.079
233.013	34.2286
236.322	65.6492
248.591	133.897
260.299	337.554
279.063	288.834
279.063	288.834
280.047	300.846
289.917	400.052
297.283	68.2335
297.684	60.9553
300.287	394.539
300.088	443.14
327.509	347.432
430.902	234.723
430.902	234.723
485.172	80.0178
493.276	32.1296
492.074	396.651
497.485	395.185
503.449	137.398
503.449	137.398
504.441	310.951
518.556	152.083
522.116	82.8931
525.398	77.7009
527.975	342.246
533.423	93.1804
550.065	130.74
549.131	403.759
557.778	162.447
560.435	126.794
561.835	330.037
569.812	359.426
567.661	465.57
571.211	410.373
578.727	178.516
575.255	385.046
587.129	212.576
586.571	264.325
595.066	21.5411
595.066	21.5411
587.799	459.813
596.769	204.548
608.199	245.27
614.097	54.3132
614.097	54.3132
606.074	453.402
620.122	351.784
617.784	428.215
633.15	100.423
635.673	212.672
634.823	320.327
636.992	263.912
636.553	395.93
643.42	105.341
643.42	105.341
645.076	95.0813
643.389	431.72
651.666	318.422
652.629	455.115
661.42	170.38
663.564	283.067
666.2	181.443
675.188	422.855
682.867	154.258
684.791	290.491
689.523	10.845
689.523	10.845
689.75	150.421
687.378	297.866
685.183	449.208
696.343	103.988
699.707	315.593
699.707	315.593
704.633	165.545
729.592	154.723
731.992	59.5822
49.9361	446.714
52.4466	405.7
52.7395	437.947
58.6337	283.969
63.7397	274.756
68.6473	376.18
78.5207	19.636
83.664	130.078
89.5124	134.847
105.094	69.0575
108.4	336.078
112.629	321.069
116.983	270.224
116.983	270.224
118.912	198.69
122.894	92.5991
121.096	160.377
121.024	343.106
128.431	452.016
132.749	226.671
136.16	448.278
138.735	293.97
142.655	192.466
145.933	453.199
152.994	230.138
153.711	463.502
155.995	314.271
157.988	296.765
159.162	251.308
167.365	219.932
165.916	370.665
186.949	141.557
201.122	160.315
209.046	245.651
212.169	162.217
221.689	112.467
221.928	170.527
228.238	62.3956
232.908	34.2233
248.788	134.27
260.212	337.738
282.242	79.8118
279.066	288.812
279.066	288.812
280.031	300.842
287.37	451.348
287.37	451.348
288.893	385.447
289.866	400.054
289.881	442.071
297.329	68.2213
297.574	60.8682
298.506	42.4049
292.828	403.084
430.851	234.546
430.851	234.546
461.789	116.609
493.323	32.1149
495.656	39.7658
492.02	396.671
497.118	385.262
497.463	395.199
503.457	137.385
504.342	310.813
512.952	70.6978
518.543	152.022
522.045	82.878
525.43	77.6709
527.989	342.216
533.419	93.1629
535.339	345.738
550.067	130.737
550.568	145.389
549.211	403.763
569.845	359.407
571.338	410.471
575.234	385.102
585.142	13.1184
587.083	212.531
586.545	264.285
594.953	21.5226
587.758	459.688
587.758	459.688
595.953	163.463
595.953	163.463
596.867	219.823
601.333	154.349
606.665	208.204
612.936	134.108
614.013	54.229
615.532	128.379
616.931	212.683
627.021	372.972
634.786	320.335
637.014	263.895
631.327	480.582
636.644	395.928
645.075	95.0704
647.211	73.9126
643.501	431.719
651.697	318.436
652.66	455.116
655.966	401.756
663.581	283.066
675.939	165.554
684.799	290.503
684.742	312.103
689.61	10.7501
689.61	10.7501
687.375	297.877
685.271	449.25
695.528	104.337
699.719	315.624
704.023	111.111
704.13	198.459
704.675	165.61
726.922	126.909
732.103	59.6123
