43.181	271.091
49.9042	446.653
52.4525	405.498
52.6501	438.01
58.6459	149.446
58.2857	206.928
58.7763	284
68.6359	376.099
74.4641	79.0502
75.2556	95.5964
78.5901	19.6241
75.3536	165.886
75.3909	225.33
75.3909	225.33
92.0524	46.0796
94.9551	121.567
104.873	256.894
104.873	256.894
106.263	302.181
115.642	62.6667
113.2	441.008
122.844	92.5986
120.886	343.303
120.886	343.303
132.035	177.158
132.333	457.802
138.749	293.749
143.609	130.29
152.858	146.918
154.089	463.23
155.993	314.325
159.197	251.288
161.359	318.272
165.051	397.819
167.932	231.724
172.953	166.212
170.218	468.276
186.569	141.539
185.927	427.7
189.969	212.794
223.37	129.719
228.477	62.4318
227.92	147.107
232.963	34.278
228.439	287.349
236.398	65.7362
240.87	98.6974
260.173	337.773
263.207	457.202
270.708	151.493
279.053	288.812
280.94	425.421
280.94	425.421
288.203	385.627
287.28	451.139
297.172	68.0738
297.597	60.8924
298.476	42.4396
305.791	405.105
306.42	381.011
306.42	381.011
307.554	416.725
319.536	277.372
430.877	235.274
430.877	235.274
445.501	56.0804
445.501	56.0804
450.666	75.9937
471.177	47.4337
476.815	395.827
495.833	40.198
500.692	123.983
502.715	112.217
496.404	396.412
500.711	266.682
509.989	376.383
511.935	354.552
518.482	151.886
522.325	73.1912
520.568	345.494
536.66	47.4811
536.66	47.4811
532.903	357.448
538.995	105.994
538.995	105.994
549.353	89.9499
549.621	404.251
552.831	325.055
559.273	101.05
561.141	397.185
578.677	178.47
587.121	164.043
581.388	418.456
586.924	265.253
589.874	210.235
597.952	226.518
596.442	442.89
604.76	223.323
608.214	245.257
611.94	182.615
614.011	54.2371
615.343	463.639
615.343	463.639
635.654	136.505
636.965	301.983
635.42	397.904
643.926	292.309
645.406	257.993
651.512	318.444
656.858	81.2501
656.858	81.2501
658.563	150.419
654.641	402.315
666.487	175.008
676.052	423.56
684.765	290.549
684.614	311.838
689.577	10.7284
689.577	10.7284
693.618	167.091
694.479	258.411
699.998	316.086
704.779	110.789
704.334	198.422
706.115	144.35
722.757	65.5067
49.8258	446.662
52.2323	405.709
61.5445	261.275
63.7412	274.658
68.6197	376.093
69.5942	450.465
75.5861	95.5092
78.4444	19.6695
75.4319	165.729
75.4036	225.356
75.4036	225.356
90.649	242.23
105.101	69.0743
106.11	302.176
109.562	449.238
122.889	92.547
120.995	343.118
126.332	331.73
128.199	283.026
132.281	457.854
132.541	351.37
143.601	130.298
142.639	192.438
145.657	117.105
146.377	233.761
159.166	251.312
161.321	162.573
161.411	318.279
161.568	466.357
165.266	397.812
166.056	465.258
166.955	318.812
184.11	200.536
187.18	141.632
185.964	427.664
201.182	160.431
201.335	285.135
209.458	142.75
222.527	170.089
228.526	62.4534
228.098	287.4
232.958	34.2244
236.471	65.731
253.522	187.806
260.713	337.324
262.599	457.214
273.751	136.46
270.264	446.755
272.04	285.521
280.081	300.925
286.537	140.718
289.766	400.095
303.143	57.5193
300.361	394.47
300.3	443.158
309.413	15.6312
305.909	405.053
319.46	277.342
327.435	252.356
327.533	347.039
432.568	235.242
432.568	235.242
445.461	55.8322
445.461	55.8322
485.196	80.0416
493.314	32.1965
491.95	397.395
496.41	133.637
500.751	124.049
496.41	396.405
500.705	266.591
500.705	266.591
504.424	54.525
504.346	311.284
511.208	354.536
520.59	345.528
528.548	84.2232
525.093	380.956
530.197	88.8613
541.245	34.4888
549.532	332.078
554.507	25.5657
549.529	404.154
559.824	146.628
560.344	126.407
571.131	330.751
567.575	465.254
571.428	410.707
574.973	371.154
583.043	294.054
587.151	164.057
587.019	212.394
596.74	204.631
601.913	173.447
604.494	413.718
618.776	200.886
615.414	463.633
619.559	352.151
638.11	148.665
637.16	418.731
651.508	112.547
656.798	81.2132
656.798	81.2132
659.325	198.786
659.325	198.786
653.652	456.478
666.695	251.629
666.695	251.629
667.944	241.588
670.821	315.228
675.241	303.789
677.311	311.431
675.791	423.588
685	290.41
689.701	10.6678
689.701	10.6678
685.029	449.152
703.031	186.258
704.044	110.9
696.723	449.103
704.373	198.373
705.637	144.492
706.498	302.397
731.845	59.606
42.7229	270.95
49.8522	446.732
52.6646	438.009
52.2916	405.842
58.4177	206.865
63.5795	274.598
68.611	376.008
78.5211	19.6544
75.3059	165.781
92.1822	46.1045
90.3445	287.003
90.705	242.087
105.082	69.071
106.44	302.202
109.504	449.519
108.764	335.557
121.227	110.55
122.931	92.5524
121.543	454.111
120.97	343.224
128.258	283.018
132.6	351.367
141.191	227.066
142.681	192.519
143.698	130.265
147.856	303.746
154.232	463.038
155.648	135.45
162.326	301.441
164.731	397.753
166.649	451.075
167.419	219.705
177.041	188.907
184.221	200.388
186.699	141.573
186.009	427.744
192.941	282.319
196.955	163.678
209.138	245.472
236.359	65.6357
240.865	98.8802
244.297	471.918
253.593	187.691
257.487	243.74
270.719	151.528
272.293	285.555
273.979	136.564
279.01	288.872
279.991	300.842
279.991	300.842
280.957	425.313
287.9	385.577
289.987	399.997
297.67	60.9486
298.506	42.4602
303.516	32.2326
303.26	57.3619
309.337	15.3408
306.463	381.18
319.455	277.314
330.196	361.19
433.746	235.378
433.746	235.378
445.465	55.9104
445.465	55.9104
466.083	133.13
466.083	133.13
471.109	47.5205
495.699	39.7897
493.51	397.085
498.578	395.732
504.566	311.299
520.616	345.434
525.566	149.836
525.776	380.973
525.776	380.973
530.142	89.0048
530.142	89.0048
528.445	343.949
535.807	347.272
537.169	336.319
541.273	34.4118
541.273	34.4118
545.519	91.0201
549.416	90.0378
554.01	346.879
559.233	101.03
560.258	126.441
570.988	152.109
567.506	464.888
571.076	410.49
580.756	193.079
587.108	212.652
584.307	408.976
598.019	226.634
604.855	248.766
606.62	231.975
613.026	237.423
615.426	463.642
619.453	352.124
622.54	168.996
625.437	315.814
633.152	100.369
632.359	284.187
635.692	136.552
638.127	148.675
635.435	397.984
643.593	295.867
653.803	456.604
659.205	198.864
656.686	403.205
664.177	91.9618
670.732	315.17
675.949	423.654
685.168	185.612
684.754	290.59
689.598	10.7681
689.598	10.7681
684.963	449.184
694.074	167.031
699.893	315.885
699.893	315.885
706.092	144.439
710.212	117.705
721.512	103.715
732.226	59.5975
49.8538	446.679
52.3611	405.59
61.4952	261.313
63.821	274.699
68.6606	375.949
69.8831	450.477
75.3264	95.6039
78.5289	19.6581
75.3721	225.37
77.005	274.473
90.3944	287.013
95.0184	121.525
106.299	182.575
108.587	141.487
109.513	449.512
122.928	92.5418
120.912	343.245
120.912	343.245
121.562	454.072
126.201	331.638
136.798	307.53
141.178	227.124
142.655	192.489
146.301	294.184
152.957	146.903
154.121	463.177
155.998	314.37
159.268	251.308
165.097	397.799
165.716	371.073
167.362	219.909
167.912	231.78
174.104	474.492
187.37	141.612
185.83	427.544
201.009	160.181
201.323	285.092
208.559	43.0604
223.602	129.55
228.287	62.4743
236.61	65.8045
253.588	187.702
258.404	121.934
262.683	457.178
272.535	285.519
280.027	300.92
280.964	425.255
287.448	451.257
290.689	190.662
289.802	400.135
297.721	60.9759
298.451	42.4138
303.229	57.4167
299.974	442.773
309.484	15.7138
305.998	405.06
314.858	399.406
327.407	252.341
327.543	303.692
330.162	361.272
330.357	353.574
431.862	235.074
431.862	235.074
445.471	55.5712
461.684	116.396
476.696	395.913
476.696	395.913
485.017	79.7817
493.168	32.0156
494.478	102.461
495.74	39.913
500.687	266.538
504.543	311.174
512.014	354.549
522.281	73.2738
520.662	345.528
528.497	84.219
524.918	381.041
528.472	343.946
535.81	347.253
537.405	336.406
544.989	21.7065
547.87	395.853
547.87	395.853
554.601	25.3475
554.95	83.8014
559.959	146.549
559.959	146.549
566.598	158.621
567.64	465.14
587.15	164.108
586.783	264.94
596.773	204.579
597.965	226.528
604.76	223.332
607.932	161.793
613.08	237.467
619.947	117.626
615.338	463.686
625.217	112.712
625.461	315.877
632.303	284.23
635.597	398.075
656.79	81.2146
656.79	81.2146
659.252	198.84
653.735	456.438
658.906	404.066
663.899	282.809
670.816	315.214
675.65	303.697
677.438	311.371
684.964	290.419
689.579	10.7873
684.905	449.107
693.437	174.864
694.524	258.463
699.03	154.808
710.26	117.744
716.34	111.096
731.747	59.6307
42.8664	270.93
49.9981	446.672
52.2789	405.624
58.8063	149.195
58.3173	206.927
63.7511	274.742
68.7767	375.787
69.8167	450.411
78.4891	19.6769
75.2943	166.008
75.3325	225.474
77.0268	274.453
90.6211	242.261
96.693	374.977
96.693	374.977
105.099	69.0518
106.312	302.182
115.609	62.5226
121.442	110.135
121.582	454.169
126.185	331.583
132.47	457.741
137.241	99.7686
141.168	227.113
142.66	192.47
155.739	135.532
154.148	463.17
154.148	463.17
155.97	314.462
159.123	251.406
160.208	219.805
161.27	162.573
167.918	231.641
179.701	324.113
186.223	141.561
185.908	427.654
196.974	163.651
201.102	285.071
222.294	170.151
228.301	62.4205
228.2	287.427
235.679	470.658
240.842	98.8213
255.521	65.8039
253.525	187.769
259.988	337.777
262.964	457.191
272.319	285.529
280.085	300.896
280.944	425.318
286.787	141.011
288.16	385.62
297.322	68.2573
297.708	60.9749
298.416	42.3944
300.39	394.462
300.312	442.955
306.004	405.066
321.123	48.3134
319.469	277.324
327.513	252.542
327.532	347.344
330.031	361.248
430.887	234.996
430.887	234.996
461.716	116.485
461.716	116.485
476.735	395.898
476.735	395.898
493.131	31.7654
500.705	266.646
500.705	266.646
504.613	54.7398
504.317	310.734
509.767	376.583
509.767	376.583
521.988	82.7552
519.836	308.163
528.522	84.1006
524.972	380.749
537.304	336.231
541.281	34.4277
541.281	34.4277
549.176	396.59
549.176	396.59
554.968	83.704
554.014	346.919
559.236	101.058
559.862	146.633
567.745	465.42
575.018	371.159
580.811	193.089
583.048	294.021
587.099	164.088
586.736	264.839
603.483	195.773
606.721	231.908
613.197	198.656
632.303	284.225
634.978	293.104
638.138	148.643
637.14	418.681
647.182	73.9084
647.182	73.9084
653.689	456.438
658.778	404.023
664.351	126.027
665.419	318.747
667.957	241.506
668.542	312.103
675.326	303.787
677.513	311.496
684.943	290.41
689.626	10.7289
689.626	10.7289
684.878	449.474
694.22	293.634
704.41	198.354
705.586	144.41
709.91	169.231
716.632	111.184
722.672	65.5496
