52.4024	405.542
58.697	283.902
61.5248	261.269
63.9432	274.776
68.6924	376.14
78.5835	19.8265
75.3547	225.347
75.3547	225.347
92.1614	46.1175
90.5584	242.171
94.9626	121.453
94.9626	121.453
100.862	275.577
103.456	447.221
106.331	302.163
115.582	62.5127
122.843	92.5385
121.065	160.409
121.065	160.409
119.684	335.383
123.554	294.982
128.307	452.155
132.496	351.432
143.598	130.344
145.589	116.836
147.844	303.71
152.906	146.934
151.515	206.79
159.93	206.506
158.409	462.864
162.25	301.457
163.508	460.112
165.042	397.943
187.635	285.511
185.861	427.906
196.928	163.677
201.447	285.136
208.534	42.8599
212.28	162.057
228.349	62.4181
228.094	147.229
232.987	34.2769
236.169	65.5157
248.783	134.29
248.157	410.466
258.369	122.027
263.698	331.248
280.059	300.849
286.932	141.231
281.107	472.367
294.043	137.06
297.338	68.2746
297.647	60.9385
298.541	42.4025
300.489	394.483
300.063	443.747
306.012	405.094
325.194	48.3616
327.261	252.14
461.688	116.413
471.089	47.5577
477.675	62.0399
485.03	80.0082
476.763	395.913
493.212	32.0095
502.774	112.312
500.692	266.507
500.692	266.507
530.051	89.0709
554.582	25.6284
558.56	131.74
559.307	101.082
556.527	403.506
566.947	145.713
562.348	330.575
566.121	322.93
571.2	410.71
578.772	178.563
578.772	178.563
576.088	385.958
587.178	212.406
583.886	362.824
594.677	21.2104
592.774	198.315
596.832	219.766
603.512	412.441
613.32	290.704
617.144	161.299
617.342	212.633
608.261	476.44
636.26	93.4882
634.327	320.661
631.299	449.751
635.994	396.411
645.243	258.096
654.771	60.3654
656.015	143.669
656.015	143.669
651.638	318.411
652.98	456.065
679.465	130.186
676.042	423.738
689.596	10.723
689.596	10.723
684.711	290.597
687.809	297.613
695.6	104.228
684.908	449.189
699.01	154.79
700.017	316.067
700.017	316.067
704.874	165.556
710.246	169.345
721.47	103.684
49.8978	446.679
51.5788	405.258
61.4533	261.228
64.0369	274.799
68.6639	375.839
78.676	19.8466
75.4447	95.4263
75.3312	225.444
92.1969	46.1175
90.6061	242.09
94.7951	121.524
94.7951	121.524
100.76	275.473
103.441	447.268
106.241	302.126
115.599	62.5136
121.108	160.402
120.926	343.209
120.926	343.209
123.529	294.982
132.041	177.232
128.338	452.187
132.698	226.785
145.632	116.908
147.779	303.793
159.869	206.669
159.869	206.669
159.314	251.182
162.353	301.341
165.108	397.878
170.702	462.722
174.223	467.134
185.623	427.698
196.797	151.901
196.95	163.62
208.567	42.8822
206.595	242.17
209.617	142.98
228.332	62.4978
228.062	147.185
232.96	34.1966
244.282	471.903
244.282	471.903
255.486	65.8059
248.166	410.446
263.782	331.32
279.058	288.829
287.014	451.233
297.611	60.9211
297.395	68.3688
298.509	42.4012
289.939	400.109
300.432	394.515
325.3	48.2528
319.482	277.347
327.238	252.096
327.51	347.504
330.355	353.684
450.626	75.7377
471.116	47.612
477.551	61.7502
476.742	395.948
493.165	31.7955
494.319	102.252
500.677	123.947
504.435	310.915
509.825	376.537
528.249	56.7661
530.297	75.4238
528.407	344.119
539.025	106.049
541.254	34.4631
541.254	34.4631
558.601	131.779
568.363	314.896
565.701	418.275
569.455	359.745
567.636	465.271
571.193	410.641
578.721	178.461
585.643	182.52
587.147	212.409
589.872	210.283
592.793	198.322
606.636	231.916
603.427	412.328
612.955	199.046
617.035	212.573
617.781	270.721
615.055	463.01
637.244	263.674
631.451	449.362
636.327	396.555
644.329	314.958
654.867	60.3992
656.76	81.2387
651.668	318.414
663.602	127.419
663.602	127.419
652.912	456.036
671.881	170.983
670.851	315.153
675.149	303.863
683.156	154.178
675.999	423.659
689.636	10.7342
684.823	311.845
687.68	297.716
684.754	449.152
704.711	165.544
721.61	103.699
727.422	126.693
731.782	59.5694
43.0109	271.008
49.8409	446.722
52.3802	405.675
52.7056	437.909
59.0587	283.977
63.4116	142.905
68.7228	376.033
75.4658	95.3508
78.5633	19.8243
76.345	144.905
75.3446	225.339
92.113	46.1585
106.315	182.465
104.818	256.989
103.474	447.227
106.258	302.208
121.474	110.15
121.049	160.5
120.936	343.246
126.709	79.0349
124.755	445.666
126.385	331.719
128.24	282.953
145.751	117.016
146.175	233.9
152.878	146.936
159.178	251.341
161.444	162.479
162.304	301.402
163.59	460.074
165.383	397.796
165.798	370.863
184.063	200.464
186.325	141.526
185.738	427.814
186.052	449.609
194.361	313.824
201.297	285.056
223.53	129.548
228.502	62.5819
228.061	147.166
228.061	147.166
233.245	34.2867
225.118	442.283
236.409	65.6714
258.558	122.015
257.601	243.596
258.948	412.214
258.948	412.214
263.619	331.342
272.128	285.521
280.009	300.916
290.697	190.564
287.157	451.231
294.348	137.786
297.527	60.8617
303.459	32.1955
303.183	57.3281
306.606	381.161
306.606	381.161
307.455	416.654
314.85	399.473
319.493	277.373
325.543	48.3025
429.13	234.922
429.13	234.922
450.603	75.7
450.603	75.7
471.232	47.8715
493.164	31.8859
500.636	124.025
496.519	396.434
500.645	266.416
500.645	266.416
504.57	311.156
514.33	121.803
512.532	312.8
512.461	354.702
518.445	152.001
522.18	73.4613
522.18	73.4613
528.426	344.187
546.804	27.7363
541.648	362.805
554.586	25.6287
555.478	141.83
549.434	404.151
558.521	131.689
568.437	314.819
565.956	418.576
587.184	212.487
584.042	362.572
586.892	265.239
591.917	166.804
599.966	41.6774
595.648	421.435
606.752	231.901
603.347	412.297
617.063	161.269
614.99	463.099
619.64	352.092
627.886	155.095
635.763	136.622
635.471	212.627
637.17	263.821
637.17	263.821
636.923	301.953
636.73	396.981
644.46	314.909
654.732	60.3396
656.137	143.651
656.889	81.2957
652.746	455.978
675.27	303.86
684.882	290.462
689.593	10.714
693.706	167.067
685.015	449.124
698.497	137.984
704.806	165.524
705.469	144.525
696.889	449.086
706.595	302.606
722.597	65.4781
732.033	59.606
49.9493	446.608
52.4591	405.501
52.5879	438.015
58.8188	283.943
63.9593	274.832
74.2056	40.3356
74.2056	40.3356
68.5372	376.101
75.5193	165.587
75.2736	225.501
75.2736	225.501
79.2569	359.328
89.5045	134.924
87.4736	445.642
90.6222	242.179
104.826	256.995
103.497	447.199
112.532	321.066
112.532	321.066
122.855	92.577
121.124	160.384
137.318	99.9244
132.464	351.499
147.808	303.777
151.508	206.826
159.194	251.382
164.679	310.353
164.552	397.693
167.966	231.802
174.071	474.475
174.071	474.475
189.677	142.143
185.806	427.814
196.934	163.659
201.308	285.135
208.609	42.8193
212.245	162.17
222.52	170.148
228.345	62.5103
228.6	287.362
243.206	243.192
258.977	412.282
258.977	412.282
262.767	457.161
273.784	136.517
277.284	101.908
282.124	79.5745
287.003	368.585
287.999	385.628
287.76	451.314
287.76	451.314
297.266	68.2105
298.528	42.3945
303.234	57.3329
300.282	394.58
305.939	405.072
319.541	277.332
327.387	252.327
430.022	234.903
476.761	395.921
484.009	401.337
495.852	39.9272
500.642	124.216
504.55	54.6168
500.642	266.37
500.642	266.37
503.56	137.338
504.609	311.086
512.696	70.3157
518.517	152.03
519.891	308.54
520.623	345.451
527.05	65.9009
541.252	34.4986
549.089	45.4721
549.444	90.0394
549.607	404.249
558.588	131.859
563.031	168.355
566.973	145.711
569.565	359.641
576.063	385.933
587.234	212.551
583.985	408.195
592.709	198.358
600.173	41.71
611.574	171.998
613.349	290.674
608.246	476.43
616.95	212.626
615.089	462.922
619.502	352.056
625.214	112.78
636.243	93.4297
634.284	320.691
637.524	397.342
637.552	416.468
645.364	258.012
651.643	318.434
656.805	81.3069
656.014	164.468
661.515	213.372
659.277	404.377
672.673	125.82
675.193	303.882
676.071	423.804
684.996	290.42
689.624	10.7684
689.606	150.284
690.254	143.502
687.74	297.659
684.845	449.221
699.907	315.963
709.986	169.399
709.986	169.399
42.6745	270.915
50.0295	446.673
52.326	405.43
52.6559	437.942
58.5627	149.6
59.0226	283.97
68.7319	376.107
75.439	95.4999
78.5462	19.708
75.3825	165.819
75.318	225.419
91.9669	112.178
87.4366	445.702
106.397	302.171
118.862	198.702
121.187	144.017
122.864	92.5249
121.131	160.392
120.916	343.249
120.916	343.249
126.432	331.734
135.954	448.868
142.667	192.461
145.892	453.232
151.529	206.736
149.609	459.211
160.1	219.955
162.251	301.429
164.787	310.143
165.926	370.784
173.006	166.097
186.919	141.566
185.772	427.746
192.865	282.368
201.305	285.083
222.113	170.398
223.414	129.44
228.438	62.5288
233	34.2768
236.275	65.5879
277.729	102.058
279.075	288.823
279.075	288.823
280.02	300.844
280.932	425.418
280.932	425.418
289.898	400.101
297.609	60.9565
298.503	42.4004
303.194	57.3936
300.447	394.552
306.356	381.012
306.356	381.012
319.502	277.34
325.377	48.4925
429.759	234.953
429.759	234.953
476.76	395.918
485.141	80.0118
483.976	401.3
493.107	31.7745
500.684	124.026
502.759	112.394
504.623	54.8001
500.564	266.167
500.564	266.167
499.194	395.564
512.558	312.975
512.558	312.975
528.514	84.1434
536.809	47.284
536.961	407.008
549.447	89.9828
554.515	25.6013
549.372	404.212
559.889	146.716
559.889	146.716
566.251	322.897
569.481	359.691
571.236	330.83
574.954	371.177
582.986	294.093
587.129	212.516
592.71	198.361
596.014	163.488
600.212	41.9066
595.355	421.406
611.531	171.999
609.224	471.244
614.74	463.016
619.733	352.24
635.585	212.64
637.072	263.827
636.823	301.875
645.498	257.893
651.227	112.349
651.227	112.349
651.746	318.387
656.832	81.2313
656.832	81.2313
661.224	213.355
663.686	154.377
656.922	403.357
678.03	311.495
684.943	290.451
684.532	311.857
689.604	10.7712
696.905	103.965
694.26	293.658
698.961	154.835
704.128	198.523
716.963	111.227
721.487	103.69
729.881	154.705
