50.0244	446.676
52.579	405.472
58.7134	283.9
63.7802	274.718
73.9626	40.5946
75.4078	95.4296
78.6207	19.8357
75.1967	166.059
75.4175	225.309
75.4175	225.309
92.0317	46.1724
91.993	112.189
104.75	257.095
103.478	447.216
106.232	302.127
112.624	321.028
117.018	270.071
126.883	79.0127
120.882	343.305
120.882	343.305
131.436	163.297
137.257	99.7969
135.948	448.892
138.713	293.859
145.725	116.988
151.504	206.792
153.083	249.118
155.99	314.403
159.152	251.348
160.11	219.942
163.551	460.08
166.619	451.245
185.682	427.796
196.789	151.857
196.987	163.643
209.011	80.7796
209.427	142.639
222.129	170.379
228.56	62.5824
233.04	34.2408
236.341	65.6385
258.443	121.881
257.424	243.691
258.976	412.153
275.121	426.675
278.934	288.897
286.899	141.193
290.7	190.549
287.204	451.24
287.204	451.24
294.295	137.51
297.598	60.9196
303.422	32.2033
303.15	57.3561
296.813	367.059
300.425	394.522
314.838	399.479
325.277	48.2373
319.555	277.299
327.34	252.328
327.552	347.363
429.074	234.97
429.074	234.97
445.426	55.8941
445.426	55.8941
461.773	116.528
483.862	400.988
493.18	31.8493
495.885	40.3135
500.628	124.043
500.67	266.486
500.67	266.486
504.523	311.042
509.852	376.572
509.852	376.572
526.982	65.9244
520.683	345.503
541.247	34.4767
541.247	34.4767
535.828	347.335
549.471	90.0192
555.251	118.549
555.54	141.752
558.662	359.416
569.442	165.298
565.719	418.27
573.399	397.864
582.912	294.061
587.063	212.425
580.934	418.59
586.757	265.02
592.755	198.256
600.115	41.7543
595.202	421.959
602.952	412.013
613.908	54.079
613.33	290.759
617.102	212.52
608.171	476.32
614.738	462.896
620.112	352.211
636.301	93.4614
635.7	136.544
637.69	184.765
637.118	263.72
636.871	396.829
642.948	322.717
656.732	81.3387
651.618	318.423
658.131	150.597
661.221	213.424
663.484	154.373
676.058	423.713
684.935	290.428
689.633	10.7274
689.916	150.289
693.856	167.096
685.001	449.317
696.487	103.954
694.241	293.728
699.037	154.714
699.869	315.92
699.869	315.92
713.492	175.838
42.5211	270.795
52.4619	405.484
59.2866	148.361
58.9459	283.92
68.5626	376.173
78.5366	19.7593
75.5711	95.3569
75.3968	165.75
75.3971	225.34
75.3971	225.34
92.0292	46.1774
91.9842	112.131
90.6032	242.237
104.753	257.123
106.271	302.171
112.578	321.078
121.435	110.035
126.864	79.0437
124.73	445.705
132.023	177.086
132.47	351.445
135.968	448.855
145.665	116.901
145.914	453.109
151.518	206.827
153.077	249.106
155.976	314.376
155.976	314.376
161.347	162.611
161.479	466.551
166.39	208.929
165.218	397.741
176.935	189.01
185.64	427.769
201.11	285.107
208.424	43.0879
209.506	142.766
223.458	129.413
228.359	62.5256
228.045	147.164
232.938	34.1956
228.039	287.478
248.786	134.167
244.247	471.905
255.439	65.7198
258.973	412.302
262.965	457.128
275.089	426.594
278.954	288.89
290.621	190.637
286.981	368.622
287.017	451.247
287.017	451.247
294.244	137.557
297.568	60.8879
303.484	32.2522
303.182	57.3145
304.54	176.766
300.414	394.526
314.848	399.511
325.355	48.333
319.586	277.334
327.391	252.363
327.501	347.516
429.042	234.967
429.042	234.967
445.411	55.7257
445.411	55.7257
471.097	47.392
495.918	40.4044
500.561	123.963
503.434	137.311
500.679	266.559
500.679	266.559
504.503	311.234
509.798	376.652
509.798	376.652
521.967	82.7366
520.621	345.494
528.469	344.086
532.963	357.482
541.261	34.4381
541.261	34.4381
549.819	404.334
557.759	162.334
559.309	101.007
559.859	146.61
559.859	146.61
569.326	165.313
587.073	212.477
581.149	418.686
586.763	265.054
583.799	362.733
600.147	41.7656
595.993	364.048
608.188	245.284
613.75	53.9531
613.317	290.702
616.894	212.519
619.92	117.594
614.708	462.897
637.102	263.753
636.778	396.732
638.246	415.887
646.992	155.926
642.915	322.71
654.81	60.341
655.903	143.76
656.78	81.2925
651.64	318.407
661.632	170.261
652.606	455.362
658.838	404.139
675.197	303.91
677.427	311.444
676.034	423.658
685.008	185.703
689.636	10.7037
689.811	150.286
693.811	167.105
696.468	104.007
694.668	258.542
694.23	293.688
705.286	144.592
721.477	103.723
42.6227	270.842
52.6426	405.444
59.2305	148.47
63.8511	274.722
68.6431	376.094
75.4317	95.4668
78.6023	19.8281
75.4284	165.717
92.0453	46.1565
90.674	242.194
94.8722	121.572
94.8722	121.572
104.756	257.1
103.468	447.227
106.293	302.163
112.584	321.044
126.846	79.0953
120.91	343.268
124.704	445.777
131.299	163.453
132.8	226.575
132.8	226.575
138.737	293.854
145.687	116.947
151.5	206.762
157.982	296.685
161.333	162.586
159.251	251.18
161.485	466.492
163.562	460.115
165.294	397.836
184.056	200.511
185.694	427.897
196.983	163.661
201.127	285.082
208.386	43.0469
209.63	142.941
222.01	170.36
223.504	129.45
228.428	62.5072
233.014	34.2193
228.404	287.454
236.352	65.6551
273.949	136.561
275.186	426.59
278.966	288.882
290.661	190.619
287.263	451.323
287.263	451.323
294.314	137.58
297.582	60.8787
303.32	32.2896
303.172	57.324
296.857	367.115
304.537	176.757
300.343	394.524
305.902	405.098
319.55	277.327
325.416	48.2555
327.245	252.065
327.529	347.385
429.061	235.026
429.061	235.026
450.631	75.9303
461.787	116.682
461.787	116.682
476.773	395.979
485.149	80.0997
493.217	31.9583
495.891	40.3252
500.707	266.63
500.707	266.63
498.364	395.876
520.633	345.514
530.239	88.9066
528.445	344.179
537.1	100.356
539.089	105.988
541.235	34.4838
554.611	25.5989
555.546	141.807
562.03	153.271
556.511	403.625
558.67	359.37
565.835	418.467
567.641	465.256
582.898	294.059
586.753	265.032
583.943	362.685
592.782	198.254
600.058	41.7353
613.798	54.0246
613.107	198.641
615.371	128.242
613.347	290.71
616.896	212.51
609.395	471.322
620.034	352.193
633.723	142.353
636.312	93.5013
637.007	263.824
636.114	396.38
645.873	174.012
642.9	322.612
645.397	433.284
651.621	318.388
656.825	81.3792
660.837	213.406
652.557	455.444
658.808	404.159
675.993	165.479
675.235	303.846
677.6	311.55
676.045	423.694
684.959	290.454
689.658	10.6739
689.802	150.361
684.96	449.3
694.642	258.54
699.115	154.731
703.028	186.29
721.495	103.674
42.8164	270.926
49.8744	446.631
52.6034	405.446
58.8115	283.904
75.356	95.4433
78.5936	19.8018
75.3472	165.853
75.4037	225.343
75.4037	225.343
92.0441	46.2176
89.1284	134.572
91.9339	112.199
90.6793	242.171
104.769	257.143
106.249	302.162
112.6	321.061
126.872	79.0308
120.908	343.235
120.908	343.235
124.744	445.694
131.315	163.478
135.953	448.865
138.781	293.798
145.707	116.98
152.944	146.886
151.516	206.743
159.87	206.629
159.167	251.331
162.224	301.471
161.456	466.496
163.53	460.128
165.323	397.75
185.635	427.784
196.861	151.804
201.14	285.076
208.448	42.8997
209.488	142.761
222.091	170.359
228.498	62.6086
233.065	34.21
228.455	287.434
236.27	65.5944
248.493	133.344
258.95	412.309
263.756	331.338
279.001	288.845
280.034	300.905
290.636	190.626
286.98	368.62
288.08	385.633
286.951	451.29
294.267	137.448
297.588	60.9158
303.477	32.2872
303.138	57.3455
300.386	394.541
312.773	280.201
314.854	399.49
325.346	48.4194
327.266	252.083
429.095	234.929
429.095	234.929
445.449	55.8611
445.449	55.8611
463.619	123.726
471.223	47.6617
493.16	31.9617
500.628	124.089
500.712	266.627
500.712	266.627
510.162	376.349
510.162	376.349
528.471	344.063
541.274	34.3963
545.425	91.2147
554.648	25.5008
549.705	404.254
558.573	131.736
559.343	101.033
562.193	153.18
562.193	153.18
562.631	134.002
556.367	403.855
558.631	359.379
568.358	314.867
582.884	294.084
583.944	362.717
597.316	143.161
600.072	41.7483
597.945	226.565
613.752	53.962
613.119	198.638
613.324	290.706
608.12	476.328
617.344	212.505
619.822	352.132
636.308	93.4878
635.704	136.588
629.845	448.763
637.04	263.769
635.785	396.322
642.944	322.717
639.871	463.825
654.81	60.3742
645.461	433.265
651.7	318.358
656.025	164.468
684.884	290.444
689.65	10.6771
693.851	167.095
685.029	449.352
694.743	258.593
699.01	154.718
699.992	316.039
699.992	316.039
704.938	165.572
716.894	111.24
721.336	103.688
732.208	59.6184
42.7224	270.9
49.9439	446.651
63.825	274.704
75.2767	95.5638
78.6493	19.8625
75.3208	165.908
75.3043	225.383
75.3043	225.383
91.9961	46.1741
100.721	275.281
104.73	257.094
112.6	321.069
121.303	110.323
126.845	79.0528
120.889	343.315
120.889	343.315
124.734	445.678
126.508	331.789
132.042	177.182
137.259	99.8312
135.967	448.85
145.674	116.957
146.192	294.392
145.89	453.119
156.027	314.284
159.139	251.381
161.332	162.601
160.138	219.97
163.544	460.113
185.72	427.889
190.003	212.841
196.982	163.659
201.194	285.047
208.472	42.9838
209.683	142.908
223.389	129.431
228.449	62.5703
233.102	34.2407
228.437	287.392
236.364	65.6722
262.942	457.173
274.008	136.546
275.018	426.439
278.962	288.923
290.669	190.584
286.983	368.621
287.283	451.271
287.283	451.271
294.251	137.516
297.533	60.8502
303.47	32.1933
303.133	57.3469
296.867	367.239
300.387	394.514
305.976	405.067
325.294	48.3259
327.238	252.043
429.175	234.94
429.175	234.94
450.663	75.9936
471.245	47.5016
476.755	395.985
483.883	401.001
493.23	32.0779
494.503	102.366
500.652	124.1
512.472	69.9231
510.046	376.485
522.025	82.6882
520.66	345.484
536.793	47.3489
536.793	47.3489
545.435	91.2169
555.604	141.773
562.236	153.147
562.236	153.147
556.39	403.814
562.31	330.621
567.015	145.784
565.826	418.549
567.602	465.131
573.349	397.9
576.69	361.622
582.848	294.096
587.088	212.504
586.744	265.014
600.037	41.7468
595.95	364.123
605.865	181.127
613.337	290.728
617.095	212.538
608.152	476.348
636.299	93.4615
637.538	184.802
630.201	448.717
637.031	263.79
634.603	395.848
640.423	314.641
654.788	60.3682
651.578	318.461
656.145	143.688
658.189	150.564
661.077	213.387
652.688	455.453
658.922	404.188
683.193	154.235
675.973	423.709
684.939	290.429
689.678	10.6809
690.032	150.333
693.882	167.089
696.551	103.989
694.697	258.615
703.169	186.315
699.924	315.988
699.924	315.988
721.652	103.623
