42.7986	271.058
49.8295	446.666
52.4334	405.369
63.997	274.995
68.5729	376.085
75.2418	95.6744
75.3228	165.731
75.3228	165.731
83.6098	129.995
92.2462	45.9948
90.5835	242.268
90.5835	242.268
100.661	275.411
103.469	447.249
106.25	302.108
112.295	91.0613
112.644	321.131
116.933	270.243
120.879	343.292
120.879	343.292
124.76	445.469
137.272	99.8079
155.695	135.439
155.97	314.436
162.215	301.504
166.327	209.085
167.957	231.807
168.261	419.767
169.292	455.433
170.686	438.351
171.125	462.473
183.022	156.674
187.989	141.793
201.246	160.541
201.371	285.083
208.287	43.0952
223.285	129.591
233.045	34.2404
244.331	471.958
253.603	187.509
257.847	243.564
260.19	338.114
266.001	160.27
272.475	285.487
277.958	102.174
279.105	288.761
280.027	300.896
287.773	451.29
289.936	400.113
297.293	68.2308
297.609	60.9235
303.42	32.3081
303.137	57.5339
305.928	405.082
314.875	399.449
321.079	48.4319
319.53	277.413
330.249	361.222
330.398	353.617
433.639	234.928
433.639	234.928
482.583	400.826
493.207	31.9736
495.553	39.4075
497.079	395.201
500.727	266.723
500.727	266.723
502.754	112.356
504.563	54.7206
504.504	310.695
509.265	352.336
509.313	375.019
516.989	135.036
518.503	152.017
522.063	82.9252
525.393	149.781
527.918	341.904
530.294	75.3443
533.452	93.1656
545.994	28.3097
550.683	145.519
558.543	131.773
558.875	358.433
561.798	330.053
571.199	152.541
567.64	465.276
569.92	359.376
571.352	410.472
575.606	189.067
582.054	405.475
586.604	264.374
594.784	21.1207
596.884	219.816
597.914	226.571
602.378	273.907
605.942	181.264
607.129	143.992
615.649	247.066
617.136	212.56
620.186	351.756
630.176	147.63
633.272	100.435
644.942	95.231
645.281	258.022
645.281	258.022
643.356	431.536
651.531	318.437
652.631	455.197
672.004	170.996
677.283	311.525
675.177	423.453
683.429	154.186
684.799	290.475
684.847	311.989
685.414	449.025
689.679	10.5994
694.011	174.923
694.696	258.756
699.531	315.34
705.2	144.645
731.657	131.894
731.765	59.5848
49.8115	446.701
58.8113	284.002
63.9369	274.909
68.679	375.831
75.1769	95.6185
75.3181	165.798
75.3181	165.798
83.8408	130.173
92.2677	46.0767
90.5563	242.303
90.5563	242.303
100.706	275.483
106.317	302.109
116.968	270.23
121.012	343.165
121.012	343.165
123.695	295.065
124.769	445.442
137.321	99.8407
145.883	453.34
147.859	303.679
155.989	456.237
160.706	177.221
160.706	177.221
162.204	301.503
166.4	208.907
169.284	455.404
170.76	438.34
187.791	141.712
190.097	212.757
201.513	285.156
208.539	42.8781
221.821	112.386
223.247	129.582
233.068	34.2506
236.79	65.9428
244.354	471.903
258.529	150.537
260.164	338.11
265.999	160.297
270.215	446.846
275.054	426.574
278.085	102.24
280.047	300.922
289.937	400.08
297.323	68.2501
299.757	442.733
303.142	57.573
303.439	32.2263
305.865	405.035
309.489	15.6375
314.851	399.405
319.456	277.367
327.565	347.341
330.377	353.587
433.692	234.914
433.692	234.914
482.525	400.818
485.566	80.1344
493.237	31.9665
497.087	395.21
500.725	266.729
500.725	266.729
502.769	112.462
504.441	311.061
509.205	352.308
517.001	134.891
518.527	152.19
520.313	345.015
522.031	82.8927
525.274	149.742
533.447	93.1962
549.874	130.821
550.703	145.459
549.472	331.913
549.238	403.733
554.99	83.8457
558.877	358.437
561.811	330.036
567.642	465.38
569.884	359.393
575.61	189.039
579.412	164.679
581.958	405.258
585.251	13.2121
587.046	212.495
587.061	458.25
594.69	21.1256
597.913	226.487
600.232	284.324
602.322	273.818
605.039	248.987
609.449	187.521
617.085	212.563
620.099	351.729
630.106	147.549
630.106	147.549
633.172	100.354
636.941	263.883
636.87	396.2
644.942	95.1669
643.506	431.543
651.531	318.381
652.689	455.232
665.415	318.92
667.822	199.563
672.139	171.102
684.85	290.417
687.334	297.884
685.323	449.098
689.626	10.7079
694.621	258.655
699.59	315.414
697.105	449.077
719.54	143.477
724.797	166.451
724.797	166.451
731.559	131.877
49.9008	446.671
52.5132	405.327
58.8412	283.998
64.0027	274.98
69.7633	450.53
68.6506	376.07
74.1042	40.5387
83.6797	130.062
92.26	46.0691
90.3853	286.967
90.6065	242.261
90.6065	242.261
100.562	275.367
105.172	69.1006
106.328	182.579
106.38	302.215
112.426	90.7965
121.079	160.449
120.921	343.273
120.921	343.273
124.736	445.507
138.715	293.976
143.668	130.214
145.873	453.328
147.887	303.681
150.703	194.422
152.918	146.924
155.7	135.518
155.979	456.273
155.999	314.446
159.737	207.001
166.387	208.994
169.251	455.612
170.821	438.27
185.904	428.084
192.944	282.317
201.199	160.559
201.31	285.087
208.3	43.0953
223.355	129.601
228.358	62.521
232.818	34.1352
235.66	470.792
248.786	134.249
252.189	61.5637
253.653	187.499
257.574	243.562
260.23	338.181
266.065	160.289
275.119	426.668
279.089	288.784
280.03	300.899
286.879	451.222
289.886	400.087
298.492	42.4245
299.787	442.66
303.132	57.5498
305.95	405.07
309.422	15.5148
309.422	15.5148
314.872	399.403
319.482	277.372
330.312	361.202
330.376	353.567
433.689	234.758
433.689	234.758
461.79	116.718
482.542	400.952
485.254	79.9756
495.567	39.4732
497.046	395.216
500.695	266.601
500.695	266.601
504.561	54.5887
509.169	352.29
517.01	134.943
518.535	152.093
520.31	344.862
525.278	149.704
530.201	75.0472
533.448	93.1744
546.122	28.2522
549.778	130.845
549.541	331.8
549.313	403.797
558.592	131.86
558.906	358.386
561.752	330.007
571.182	152.542
567.655	465.272
569.873	359.389
575.633	189.072
581.926	405.247
586.559	264.288
589.936	210.454
594.769	21.1031
597.938	226.528
602.354	273.868
605.912	181.184
607.113	143.93
609.43	187.463
612.94	198.888
617.142	212.584
620.136	351.726
630.062	147.514
633.319	100.441
637.066	263.791
636.868	301.89
636.947	396.191
645.045	95.1699
645.317	258.016
651.588	318.341
652.743	455.175
655.988	401.696
684.867	290.456
684.704	311.887
687.331	297.921
685.212	449.062
689.528	10.7632
694.665	258.709
695.918	104.185
703.977	198.561
705.323	144.62
725.251	166.553
42.7716	270.986
49.9411	446.663
52.3792	405.529
58.8346	284.043
68.5587	376.125
69.7086	450.445
75.1498	95.6948
75.3999	165.737
83.8242	130.2
92.1958	46.0039
90.5833	242.183
90.5833	242.183
100.616	275.415
112.382	90.9108
112.707	321.096
116.97	270.227
121.162	144.097
121.168	342.872
121.168	342.872
124.749	445.478
138.738	293.928
142.262	469.514
142.692	192.438
147.782	303.776
162.265	301.459
163.85	459.263
166.377	208.917
167.954	231.772
170.753	438.182
182.98	156.673
187.911	141.74
188.149	472.008
192.922	282.328
201.244	160.631
201.441	285.118
208.365	42.9773
209.442	142.889
223.178	129.543
232.978	34.174
253.624	187.526
255.38	65.8249
257.642	243.614
260.181	338.122
265.947	160.265
275.103	426.894
277.97	102.234
279.049	288.806
280.095	300.939
281.087	472.332
287.501	451.231
289.888	400.066
297.264	68.1586
299.79	442.701
303.154	57.5226
303.472	32.307
305.921	405.072
309.521	15.8116
314.88	399.432
319.537	277.394
330.195	361.19
330.386	353.573
433.656	234.919
433.656	234.919
450.62	75.6668
450.62	75.6668
466.058	133.112
482.56	400.884
485.552	80.0314
495.504	39.2629
497.105	395.209
500.767	266.791
500.767	266.791
504.604	54.7887
517.017	134.976
518.519	152.103
520.247	344.821
525.433	149.769
530.232	75.1641
533.409	93.1473
536.3	406.599
546.124	28.2065
557.759	162.387
558.512	131.703
558.896	358.38
562.59	134.097
561.795	330.019
567.609	465.294
569.92	359.374
571.072	330.119
579.405	164.752
581.922	405.241
586.607	264.397
587.05	212.509
594.708	21.1141
597.892	226.527
602.363	273.869
604.997	248.953
605.991	181.245
605.896	453.211
617.189	212.58
620.255	351.751
630.045	147.495
633.242	100.439
635.001	320.179
636.912	263.921
641.576	133.169
643.831	209.962
644.961	95.1949
643.389	431.491
651.641	318.365
652.642	455.198
656.214	401.741
671.762	170.994
684.89	290.44
687.436	297.895
685.481	449.111
689.607	10.764
693.483	174.935
694.658	258.698
699.523	315.381
696.882	449.112
705.416	144.648
725.241	166.426
731.457	131.881
42.6028	270.986
49.8152	446.684
52.3515	405.465
58.8978	284.018
69.6615	450.522
68.5854	376.064
73.8965	40.809
75.2656	95.692
79.2361	359.345
83.6941	130.065
92.288	46.0726
90.4231	287.012
90.5948	242.282
90.5948	242.282
100.615	275.378
106.36	182.55
112.5	90.7543
112.699	321.118
124.745	445.481
131.469	163.153
132.486	351.436
138.681	293.977
143.618	130.285
145.896	453.31
147.898	303.575
152.952	230.085
153.769	463.554
153.769	463.554
159.898	206.748
162.263	301.405
168.289	419.701
170.683	438.328
187.727	141.745
201.214	160.568
201.416	285.085
208.331	43.0702
221.722	112.322
222.064	170.436
223.126	129.552
233.069	34.2216
253.629	187.495
255.508	65.7776
260.177	338.109
265.987	160.278
275.022	426.511
278.168	102.321
279.035	288.82
280.049	300.918
287.471	451.249
289.838	442.107
289.887	400.101
297.322	68.1699
298.517	42.401
299.897	442.962
303.145	57.5618
303.463	32.2489
305.974	405.092
309.468	15.5999
314.856	399.472
319.48	277.389
330.19	361.222
330.366	353.544
433.557	234.76
433.557	234.76
482.564	400.881
485.513	79.9065
493.178	32.0233
494.316	102.253
497.109	395.195
500.749	266.77
500.749	266.77
502.862	112.755
504.502	311.006
518.567	152.081
522.077	82.8125
525.306	149.807
533.445	93.1616
545.993	28.3326
549.439	90.1173
549.927	130.818
549.532	331.815
549.361	403.679
560.455	126.813
558.903	358.38
561.814	330.064
567.66	465.328
569.874	359.407
575.579	189.069
579.451	164.676
581.893	405.176
587.069	212.534
587.125	458.289
594.809	21.1086
597.947	226.562
600.235	284.253
602.314	273.842
605.012	248.971
606.018	181.265
608.282	245.238
605.983	453.228
617.179	212.558
618.503	194.537
619.916	351.78
630.116	147.556
630.116	147.556
637.047	263.791
644.96	95.1722
644.557	314.794
647.213	73.8954
652.645	455.192
656.171	401.767
675.195	303.83
675.15	423.48
685.204	185.615
684.834	290.471
685.354	449.064
689.68	10.6968
693.644	174.928
694.602	258.637
699.701	315.61
699.701	315.61
700.896	130.633
722.899	59.1562
732.144	59.5811
739.549	119.553
