42.9621	271.042
50.029	446.653
52.4016	405.505
63.5292	142.81
64.0222	274.75
78.5823	19.8586
75.3639	165.871
75.3194	225.416
75.3194	225.416
92.1851	46.0367
90.6791	242.215
94.937	121.543
105.026	69.1031
103.48	447.223
106.245	302.15
112.486	320.996
116.987	270.257
121.232	110.578
122.871	92.5677
120.934	343.219
124.807	445.546
132.084	177.194
132.499	351.371
138.732	293.875
143.595	130.301
145.947	453.232
151.469	206.866
160.077	219.98
158.435	462.698
163.41	422.153
164.757	310.213
165.157	397.751
165.909	370.679
182.998	156.596
185.883	141.46
187.732	285.597
196.928	163.689
201.297	285.07
208.552	42.9087
221.914	170.531
223.135	129.55
228.301	62.5222
232.982	34.2413
236.448	65.67
248.668	133.949
253.506	187.751
259.733	337.882
272.489	285.526
280.001	300.877
286.798	140.984
287.013	368.61
289.873	400.08
297.612	60.9462
298.538	42.4487
303.186	57.2801
300.283	394.567
309.5	15.8066
306.612	381.233
319.505	277.342
425.891	237.417
450.664	75.8373
450.664	75.8373
476.843	395.974
476.843	395.974
484.074	401.315
493.41	32.3754
492.201	397.461
502.739	112.264
500.69	266.512
500.69	266.512
504.516	311.191
514.366	121.825
512.596	313.016
522.169	73.5131
528.483	344.322
537.072	407.14
550.628	145.32
551.853	95.0911
549.793	404.27
562.562	134.036
558.558	359.546
562.336	330.591
567.646	465.312
578.725	178.499
576.708	361.653
587.104	212.633
586.644	264.495
590.94	173.391
594.593	21.0183
594.593	21.0183
588.02	460.354
599.906	41.5379
601.331	154.309
600	284.447
604.884	248.813
613.33	290.619
616.9	212.587
618.345	201.155
620.005	117.662
618.299	429.428
636.252	93.4364
631.288	480.826
637.442	397.204
640.56	314.64
643.157	322.94
651.397	112.402
664.466	92.1589
658.828	404.129
675.17	303.842
679.185	130.166
677.445	311.53
683.452	154.268
676.053	423.738
684.878	290.52
689.626	10.7431
687.601	297.718
684.804	449.245
698.771	154.883
719.622	143.478
721.543	103.686
731.74	59.5649
43.1033	271.124
50.0538	446.667
64.0883	274.833
75.3254	95.4468
78.5645	19.8589
75.2912	165.931
75.3093	225.493
92.1704	46.1164
90.6546	242.238
94.9202	121.626
94.9202	121.626
103.479	447.215
112.521	320.999
112.521	320.999
117.02	270.225
118.748	198.901
120.976	343.171
126.847	79.0656
124.783	445.61
132.107	177.106
132.566	351.311
138.776	293.759
143.608	130.305
152.872	146.92
160.064	219.95
164.751	310.222
165.194	397.753
165.733	370.907
168.793	456.748
170.289	439.119
176.976	189.002
184.055	200.566
185.86	141.52
192.883	282.414
201.142	285.06
208.649	42.8791
223.274	129.633
228.443	62.4487
228.052	147.2
233.004	34.2927
228.272	287.382
236.535	65.8279
253.57	187.709
258.423	122.001
257.531	243.663
286.858	141.052
287.024	368.609
287.622	451.318
289.906	399.99
297.544	60.8656
289.828	442.105
298.523	42.4292
303.153	57.3218
300.309	394.57
309.512	15.8805
306.619	381.22
319.549	277.34
426.273	237.612
445.398	55.8036
445.398	55.8036
494.283	102.334
492.35	397.466
500.605	124.11
496.443	396.529
500.646	266.425
500.646	266.425
504.461	311.141
512.561	312.953
511.618	354.803
527.017	65.8443
527.468	68.9679
528.455	344.4
541.528	110.107
537.098	407.126
562.605	134.076
558.564	359.512
558.853	358.715
562.322	330.668
567.636	465.65
585.553	13.1434
585.695	182.555
585.695	182.555
587.106	212.578
586.649	264.539
582.896	406.948
594.681	21.0166
588.097	460.589
599.929	41.538
612.75	133.936
613.33	290.696
617.154	161.344
617.041	212.659
619.769	352.133
618.347	429.45
636.223	93.4419
635.709	136.618
635.613	212.693
634.666	320.434
636.989	263.904
631.504	481.006
637.316	397.12
651.592	318.437
664.122	91.9426
658.981	404.192
672.293	171.058
675.477	303.759
677.477	311.516
676.042	423.723
684.864	290.487
689.697	10.6883
689.883	150.369
687.603	297.735
684.78	449.214
696.391	103.89
698.457	138.134
698.804	154.876
704.804	165.568
721.716	103.721
50.0865	446.694
52.6512	405.298
58.7064	283.886
63.1208	143.369
63.9566	274.784
75.3879	95.4501
78.6057	19.8172
75.3272	225.396
92.1659	46.0346
94.9133	121.599
94.9133	121.599
104.812	257.021
103.489	447.175
106.233	302.151
115.638	62.566
112.522	321.047
116.978	270.256
121.111	160.381
120.929	343.191
120.929	343.191
124.813	445.565
132.064	177.135
132.752	226.681
143.55	130.366
152.899	146.959
155.893	314.429
160.823	176.899
159.267	251.216
160.077	220.014
161.59	466.38
164.748	310.24
165.198	397.805
165.939	370.66
170.304	438.905
185.979	141.513
189.868	212.832
201.125	285.089
208.324	43.0308
223.254	129.524
228.334	62.4808
228.115	147.22
228.115	147.22
233.048	34.2081
248.717	134.128
258.066	69.9728
257.342	243.715
262.623	457.184
279.996	300.904
279.996	300.904
287.021	368.612
287.325	451.309
289.893	400.024
297.269	68.1674
298.519	42.3973
303.159	57.3322
300.338	394.579
309.487	15.7837
306.636	381.233
319.609	277.366
426.812	237.056
445.407	55.8243
445.407	55.8243
476.84	395.989
500.651	124.168
502.782	112.348
500.649	266.341
500.649	266.341
498.441	395.878
504.483	310.99
527.512	68.9114
533.428	93.1614
528.49	344.293
536.817	47.3842
536.817	47.3842
537.127	407.158
559.839	146.629
562.579	134.157
563.096	168.52
558.86	358.732
562.306	330.608
567.636	465.627
587.096	212.567
586.63	264.512
584.013	362.596
582.846	406.809
592.641	198.377
600.008	41.5839
604.944	248.875
613.324	290.666
616.893	212.649
618.384	201.147
622.075	268.168
619.926	352.194
618.358	429.465
636.237	93.4699
637.4	397.172
640.622	314.568
651.638	318.457
655.901	164.542
652.311	455.177
663.607	127.364
663.607	127.364
664.227	92.0141
658.922	404.17
675.995	423.698
684.882	290.494
689.648	10.8022
687.648	297.718
684.803	449.25
698.742	154.868
701.173	130.582
701.173	130.582
699.865	315.905
699.865	315.905
704.648	165.566
721.661	103.782
49.9271	446.683
52.5883	405.577
58.8235	283.961
64.0453	274.851
67.7755	375.094
75.4238	95.4032
78.6107	19.8412
75.3093	225.413
78.9681	359.392
92.1702	46.0273
90.6469	242.273
94.8789	121.546
94.8789	121.546
103.476	447.226
115.556	62.4153
112.539	321.045
112.539	321.045
116.963	270.289
121.101	160.43
121.019	343.101
124.786	445.594
132.054	177.216
132.949	226.337
143.574	130.284
152.907	146.872
162.304	301.349
164.773	310.226
167.246	219.991
167.246	219.991
165.204	397.754
165.818	370.772
170.398	438.834
170.933	462.497
187.668	285.588
196.936	163.699
201.222	285.027
208.373	43.0677
209.743	142.76
223.138	129.473
228.384	62.4991
228.078	147.225
232.963	34.2709
227.99	287.363
236.52	65.7324
244.295	471.959
253.627	187.693
258.407	121.967
257.716	243.566
260.04	337.774
263.808	331.321
286.823	141.022
287.294	451.267
289.911	400.021
297.214	68.0719
289.839	442.053
298.536	42.4216
303.194	57.339
300.255	394.569
309.505	15.9185
306.614	381.225
319.483	277.352
327.522	347.418
450.628	75.7532
476.852	395.982
485.102	79.9591
500.71	124.204
500.644	266.392
500.644	266.392
504.452	311.136
514.458	121.885
511.784	354.729
530.265	88.8509
530.265	88.8509
528.507	344.309
537.121	407.128
556.71	156.799
558.535	131.819
560.401	126.657
558.608	359.423
562.328	330.678
567.638	465.545
576.675	361.69
587.087	212.639
586.609	264.465
582.895	406.981
590.942	173.408
594.615	21.0171
594.615	21.0171
588.087	460.658
599.911	41.5451
601.371	154.367
604.912	248.855
606.827	454.707
619.851	352.189
618.388	429.441
635.269	212.657
639.881	85.4814
639.881	85.4814
637.088	263.854
637.088	263.854
643.339	105.163
643.339	105.163
637.242	397.004
642.996	322.857
651.645	318.476
655.93	164.532
659.112	404.162
675.059	303.913
676.18	423.759
684.961	290.45
689.672	10.7743
687.631	297.715
685.008	449.15
698.498	138.067
700.775	130.602
703.022	186.368
699.894	315.882
721.911	103.713
724.81	166.403
731.954	59.6223
49.8305	446.746
58.7405	283.94
63.9817	274.847
68.7218	376.308
75.3868	95.417
78.6031	19.8544
75.3976	165.76
75.3802	225.425
75.3802	225.425
77.0141	274.472
92.215	46.0491
94.9077	121.6
94.9077	121.6
104.805	256.995
106.635	302.181
112.516	321.021
122.85	92.5791
121.099	160.378
120.93	343.24
124.783	445.596
128.31	452.179
143.598	130.307
150.79	194.298
151.646	162.976
151.504	206.904
155.705	135.448
155.935	314.393
162.256	301.383
161.51	453.081
163.593	460.076
165.252	397.768
165.937	370.701
187.639	285.533
196.948	163.692
201.421	285.088
208.469	43.0025
223.102	129.557
222.438	170.143
228.521	62.498
228.096	147.259
236.483	65.7659
240.793	98.8744
278.86	288.974
280.009	300.888
280.009	300.888
287.01	368.603
287.781	451.243
289.982	400.03
297.619	60.9239
289.93	442.065
298.576	42.4365
303.14	57.4609
300.238	394.599
309.504	15.8511
306.621	381.215
319.476	277.373
427.917	235.56
427.917	235.56
476.83	396.004
499.637	105.014
500.57	124.104
504.643	54.8643
500.684	266.537
500.684	266.537
504.406	311.322
511.182	354.642
527.523	68.99
536.824	47.3488
541.652	110.102
537.119	407.09
551.826	95.0425
562.55	134.087
558.569	359.54
562.328	330.603
568.337	314.9
567.654	465.37
576.658	361.7
585.38	13.1391
585.655	182.534
587.08	212.648
586.636	264.533
582.757	406.703
590.895	173.311
595.953	163.43
587.93	460.407
599.915	41.5604
604.887	248.863
609.447	187.416
606.76	454.572
617.069	212.603
619.949	352.205
618.285	429.464
634.645	320.463
637.093	263.879
637.093	263.879
643.401	105.19
643.401	105.19
637.341	397.153
643.033	322.911
654.833	60.34
656.856	81.2334
654.966	402.545
683.498	154.21
675.998	423.711
684.917	290.466
689.668	10.7524
687.593	297.756
684.789	449.141
698.577	138.17
698.83	154.866
699.882	315.891
699.882	315.891
721.62	103.777
726.845	126.827
732.247	59.5999
