43.0308	271.017
49.8367	446.724
52.42	405.461
59.0612	148.804
58.8364	284.004
68.711	376.073
78.5161	19.5949
69.4855	450.528
75.3907	225.387
79.2067	359.358
87.4599	445.721
90.5389	242.375
90.5389	242.375
96.8088	374.802
105.108	69.1123
103.465	447.27
106.446	302.23
112.689	321.061
121.354	110.293
121.135	144.103
122.89	92.5447
131.429	163.295
143.663	130.24
144.838	216.632
145.981	453.168
147.809	303.795
150.111	240.523
151.518	206.893
155.772	135.398
160.652	177.25
157.969	296.774
167.21	220.167
172.956	166.183
168.245	419.754
188.266	141.831
188.065	472.078
201.467	285.121
208.284	43.1079
209.022	80.6797
222.36	170.221
228.519	62.5111
227.908	147.047
232.903	34.2168
236.542	65.7647
248.791	134.218
257.483	243.726
254.173	409.384
275.082	426.519
279.037	288.772
280.052	300.959
286.846	141.073
298.6	42.4264
303.19	57.3992
309.514	15.5804
305.944	405.041
320.891	48.2264
314.861	399.473
327.56	252.59
330.088	361.22
330.384	353.47
431.968	235.809
450.672	76.1438
450.672	76.1438
470.967	47.5524
476.935	395.943
485.122	80.064
493.219	32.0534
499.597	105.021
504.593	54.7565
500.754	266.814
500.754	266.814
504.511	310.815
515.329	126.227
510.093	376.492
512.257	354.728
518.554	151.853
520.685	345.533
533.447	93.1788
528.461	344.435
546.726	27.8711
550.09	130.756
550.556	145.348
554.919	83.8918
558.553	359.552
562.231	330.596
573.497	397.901
582.87	294.065
586.966	212.537
586.797	264.762
583.853	362.741
582.449	406.318
595.381	22.1502
592.835	198.418
588.047	460.191
588.047	460.191
597.982	226.565
601.407	154.471
605.037	249.051
614.113	54.2588
613.011	198.957
606.604	454.587
619.582	352.156
623.22	282.187
618.404	429.524
628.23	155.586
630.179	147.603
630.179	147.603
629.495	260.517
631.771	329.578
631.329	480.677
645.086	95.0758
638.435	398.055
647.195	73.8885
644.187	433.071
654.197	250.643
653.068	309.053
677.29	311.379
676.015	423.616
684.84	290.497
684.817	311.886
687.612	297.731
717.049	111.41
725.5	166.461
725.5	166.461
731.306	131.881
732.108	59.6598
42.6049	270.938
52.4619	405.561
52.755	437.886
63.8282	274.933
68.7209	375.958
78.5457	19.6176
69.7689	450.489
75.3705	225.368
78.9786	359.515
92.3134	46.0781
89.666	135.068
90.6747	242.164
94.8271	121.597
104.803	256.997
103.512	447.209
115.66	62.6147
112.661	321.067
121.084	144.109
122.926	92.53
121.002	343.141
126.139	331.545
131.37	163.38
136.019	448.844
144.941	216.648
146.222	233.867
155.822	135.511
155.977	314.307
155.977	314.307
160.602	177.409
160.602	177.409
159.239	251.278
163.54	460.123
165.867	370.803
166.625	451.262
188.31	141.84
190.029	212.819
201.202	285.139
208.797	42.9741
208.797	42.9741
223.163	129.536
228.519	62.6368
227.999	147.111
233.071	34.2543
253.552	187.785
278.24	102.338
279.145	288.78
279.145	288.78
280.921	368.311
287.303	451.361
297.628	60.9845
303.198	57.417
300.358	394.524
305.788	405.05
320.789	48.3852
319.526	277.372
327.602	252.663
432.141	235.727
445.552	56.2747
445.552	56.2747
470.986	47.6343
476.879	396.006
485.174	80.1176
484.132	401.403
493.146	31.904
502.782	112.554
500.641	266.421
500.641	266.421
515.312	126.232
512.527	354.752
518.571	152.078
516.502	371.34
520.683	345.565
527.495	69.0579
530.257	75.2907
536.744	47.3543
550.135	130.681
554.957	84.0582
558.552	131.832
556.581	403.508
562.234	330.63
569.443	359.758
567.681	465.442
579.422	164.633
573.54	397.814
587.011	212.552
586.811	264.761
586.034	308.555
586.131	376.918
595.239	22.0883
588.008	460.116
598.221	158.58
597.954	226.557
604.724	223.377
604.731	248.738
612.969	134.17
614.12	54.2732
613.075	198.898
615.025	280.14
618.68	201.002
617.668	270.846
619.563	352.183
634.661	320.438
641.479	133.023
645.058	95.0822
638.353	397.97
647.129	73.8459
644.26	315.055
644.23	433.053
652.432	455.222
657.211	403.506
675.84	423.588
684.873	290.428
684.734	311.784
687.722	297.632
685.08	449.312
696.505	103.954
698.855	154.923
704.755	165.606
709.888	169.33
731.328	131.868
732.018	59.589
52.7155	437.888
58.3868	206.879
58.7731	284.012
63.7949	274.851
68.6353	375.978
69.8319	450.462
75.3652	95.5928
78.4912	19.6107
75.3518	165.695
79.1549	359.263
91.8838	112.335
105.13	69.0244
100.941	275.528
104.807	257.008
106.315	302.206
112.673	320.996
122.94	92.4817
120.892	343.307
132.048	177.119
135.989	448.898
141.137	227.098
143.632	130.271
144.701	216.579
142.806	468.632
145.989	453.163
152.866	146.97
155.835	135.53
155.987	314.339
158.102	296.569
159.197	251.271
166.298	209.089
163.558	460.093
165.052	397.92
165.802	370.957
188.501	141.934
189.911	212.952
201.165	160.377
208.386	43.169
223.236	129.591
227.989	147.1
233.031	34.2626
248.876	134.274
257.511	243.758
258.98	412.243
258.98	412.243
266.16	160.434
278.949	288.875
280.073	300.931
280.983	368.371
287.869	451.305
289.816	442.034
297.238	68.1875
297.605	60.9079
298.558	42.3824
303.45	32.3022
299.895	442.908
309.305	15.2736
305.889	405.082
314.858	399.43
319.531	277.42
432.916	235.775
445.456	55.8371
445.456	55.8371
476.873	396.018
484.072	401.425
493.179	31.9941
500.737	266.77
500.737	266.77
504.666	54.8338
504.582	311.257
514.545	121.875
515.434	126.109
518.49	152.321
522.023	82.821
520.669	345.588
533.413	93.1759
528.516	344.288
546.634	27.8563
549.839	130.786
554.906	83.8135
555.345	125.49
549.725	404.38
562.008	153.285
562.008	153.285
562.152	330.59
567.71	465.428
573.476	397.84
576.589	361.722
576.206	386.033
582.858	294.178
587.132	212.631
586.647	264.403
595.132	21.7423
587.867	459.897
597.904	226.503
608.14	245.283
614.31	54.4692
606.734	454.579
615.586	128.477
615.586	128.477
613.342	290.6
616.976	212.7
618.375	201.162
619.685	352.207
618.383	429.479
629.518	260.637
631.758	329.59
634.649	320.454
638.133	397.82
647.136	73.888
657.01	105.195
652.324	455.098
671.885	171.022
676.182	423.711
685.084	290.328
687.685	297.656
684.925	449.129
699.704	315.705
699.704	315.705
696.797	449.008
709.988	169.473
709.988	169.473
739.244	119.518
739.244	119.518
52.2316	405.387
58.8026	283.975
63.8596	274.869
68.5433	376.187
69.7068	450.535
75.3171	95.5224
78.4514	19.6058
75.4608	165.706
75.455	225.252
79.2511	359.205
90.7072	242.094
90.4231	286.938
105.081	69.127
106.348	182.499
121.248	110.409
123.731	295.135
124.86	445.595
137.206	307.679
139.157	455.996
143.701	130.241
144.689	216.65
147.89	303.594
150.836	194.234
151.739	162.871
152.937	230.243
155.876	135.573
155.947	314.416
159.142	251.249
163.567	460.103
165.253	397.862
168.273	419.699
174.219	474.651
201.323	285.11
208.494	43.0576
221.32	112.365
222.147	170.391
223.165	129.596
233.1	34.2824
236.751	65.9191
280.092	300.821
286.72	140.763
290.719	190.599
287.521	451.217
289.924	400.014
289.844	441.908
297.33	68.3219
292.782	403.124
303.251	57.4004
299.973	441.841
305.987	405.105
306.529	381.229
306.529	381.229
314.859	399.44
320.942	48.0663
319.445	277.365
325.17	48.2836
433.526	235.503
450.672	76.0386
476.863	395.996
476.863	395.996
485.204	79.9652
502.83	112.39
500.691	266.554
500.691	266.554
504.455	54.4718
504.29	311.03
510.258	354.723
514.362	121.846
520.71	345.718
525.562	380.848
528.509	344.188
533.38	93.1595
536.679	47.5324
538.914	106.205
537.274	407.138
546.638	27.8869
550.682	145.609
551.822	95.0701
562.323	330.637
566.587	158.627
569.475	359.701
567.734	465.382
571.334	410.911
579.436	164.691
582.836	294.158
583.918	362.642
587.127	212.507
586.694	264.501
587.704	459.576
597.979	226.559
612.074	182.85
606.682	454.608
614.164	54.3654
614.164	54.3654
612.986	198.96
615.578	128.426
615.578	128.426
613.367	290.599
615.654	247.35
618.255	201.222
617.73	270.782
619.497	352.154
633.185	100.424
630.793	431.679
644.987	95.1718
644.29	315.032
651.65	318.388
652.376	455.173
657.141	403.489
684.623	117.612
684.623	117.612
684.918	290.487
689.52	10.8125
689.52	10.8125
687.733	297.621
685.04	449.179
699.897	315.904
699.897	315.904
696.787	449.101
704.473	165.639
730.216	154.791
731.132	87.1283
731.595	59.5861
42.8634	270.96
49.8763	446.735
52.6468	405.207
58.8011	284.042
68.648	376.054
69.6248	450.564
71.9587	302.859
75.4201	165.739
75.4642	225.193
79.0785	359.329
92.2144	46.0621
105.066	69.0866
104.846	256.948
115.659	62.6129
121.243	110.396
121.144	342.894
123.755	295.157
124.787	445.678
128.265	282.929
131.317	163.411
143.666	130.254
142.657	468.97
144.799	216.609
151.548	206.785
153.068	230.238
155.821	135.473
156.003	314.36
156.003	314.36
159.264	251.262
165.28	397.89
169.955	468.404
179.003	463.915
182.949	156.589
201.346	285.14
208.559	43.0795
221.232	112.324
222.134	170.401
223.191	129.587
228.437	62.4709
225.121	442.215
233.1	34.2564
265.982	160.279
279.044	288.81
279.044	288.81
280.07	300.825
287.514	451.288
294.519	138.595
297.628	60.9591
298.523	42.4356
292.817	403.089
292.817	403.089
303.248	57.4148
300.31	394.51
306.518	381.206
306.518	381.206
325.401	48.4239
433.603	235.651
452.397	82.6733
458.982	106.599
476.875	396.005
476.875	396.005
493.132	31.8768
500.716	266.615
500.716	266.615
504.466	54.4778
512.752	70.3766
509.662	376.865
514.283	121.855
510.294	354.716
518.52	152.049
520.701	345.642
536.748	47.3728
537.355	407.102
546.805	27.8042
550.741	145.562
551.724	95.2447
554.909	83.8254
560.514	126.838
558.933	358.59
566.144	322.929
568.443	314.825
567.655	465.275
573.394	397.77
579.479	164.546
576.15	386.075
587.156	212.585
586.716	264.538
590.965	173.394
587.766	459.712
598.027	226.608
608.16	245.261
611.921	182.713
612.966	199.071
606.753	454.64
613.384	290.572
615.556	247.367
617.702	270.825
619.463	352.086
625.403	113.075
630.807	431.669
641.512	133.104
645.004	95.2381
647.274	74.02
644.197	315.101
640.21	463.654
644.05	433.028
665.407	319.138
675.903	423.631
684.811	290.543
687.609	297.705
684.951	449.255
696.367	104.05
696.367	104.05
698.405	138.153
700.02	316.158
700.02	316.158
704.6	165.564
712.829	154.709
719.03	143.491
