42.8739	271.017
45.5542	259.482
49.7776	446.751
52.419	405.31
58.4426	206.779
58.4426	206.779
73.817	40.7432
73.817	40.7432
68.5959	375.951
74.6527	78.8641
69.633	450.591
71.8279	302.728
75.4325	225.357
79.0022	359.368
83.8248	130.18
90.7157	242.095
105.118	69.1087
100.695	275.348
106.343	182.543
108.457	141.792
108.798	167.43
113.19	441.014
116.531	448.644
126.814	79.107
126.115	331.576
132.625	351.046
144.682	216.639
155.736	135.522
159.145	251.345
162.203	301.493
165.536	397.974
167.992	231.81
166.11	465.369
170.696	438.29
174.169	474.67
189.989	212.873
208.728	42.9856
212.327	162.089
212.327	162.089
223.532	129.573
228.466	62.479
228.092	147.344
233.021	34.2316
248.748	134.086
255.473	65.8542
258.972	412.305
258.972	412.305
259.992	338.107
266.088	160.329
278.951	288.855
286.769	140.939
287.006	368.62
287.057	451.257
289.326	472.964
305.757	405.077
306.315	381.27
306.315	381.27
315.253	52.5961
321.054	48.2125
314.87	399.394
319.454	277.301
433.607	237.582
433.607	237.582
438.913	31.4222
438.913	31.4222
445.376	55.5326
445.376	55.5326
466.105	133.141
471.045	47.4671
485.154	79.9926
484.201	401.455
493.185	31.8337
492.365	397.463
500.604	266.306
500.604	266.306
512.246	354.786
518.46	152.072
516.404	371.468
520.631	345.674
525.338	149.698
528.525	344.398
533.493	93.1848
536.558	354.65
549.411	90.063
550.692	145.544
551.772	95.2089
549.505	332.155
549.714	404.258
569.532	359.65
571.335	330.902
567.727	465.43
581.913	405.559
587.121	212.568
586.775	264.627
591.02	173.448
594.981	21.4159
594.981	21.4159
587.9	460.017
596.223	219.564
601.409	154.386
607.108	143.918
611.987	182.761
612.998	134.162
614.315	54.6025
606.877	454.753
613.402	290.619
617.126	212.654
619.35	173.578
618.414	429.587
630.244	147.598
633.219	100.394
636.885	263.903
639.767	85.4348
642.969	322.756
651.552	318.422
652.37	455.233
661.328	213.38
675.976	423.681
684.936	290.453
689.629	150.283
687.788	297.612
699.87	315.911
703.048	186.333
704.272	165.548
706.445	302.303
731.475	131.884
731.718	59.6006
42.8585	271.024
49.7789	446.745
52.3643	405.263
58.4262	206.794
58.7492	283.986
63.7027	142.903
73.9814	40.6004
73.9814	40.6004
68.5392	375.743
69.6911	450.48
78.5613	19.5401
75.4898	165.835
79.2757	359.148
83.7916	130.145
92.3185	46.1094
105.146	69.0169
106.268	302.186
117.005	270.261
117.005	270.261
116.565	448.579
121.329	110.28
121.06	160.488
121.069	343.021
121.611	454.071
126.109	331.59
132.841	226.532
146.299	233.871
151.534	206.715
155.745	135.527
158.028	296.725
162.277	301.476
165.006	397.86
166.116	465.299
170.883	438.311
174.299	467.177
183.028	156.616
189.904	212.964
192.904	282.421
201.125	160.365
201.538	285.175
223.296	129.534
228.215	287.419
236.398	65.6397
259.859	338.049
266.118	160.348
270.709	151.446
272.173	243.994
272.026	285.525
280.061	300.832
280.967	425.327
286.672	140.71
287.687	451.265
297.366	68.2364
303.488	32.2209
299.669	442.995
309.327	14.9442
305.913	405.055
306.417	381.184
306.417	381.184
314.833	399.404
433.243	236.729
433.243	236.729
445.49	55.9665
445.49	55.9665
459.047	106.847
459.047	106.847
466.083	133.2
466.083	133.2
471.248	47.6767
477.007	395.998
477.007	395.998
485.172	79.9848
493.303	32.2102
518.555	152.165
523.557	82.5607
520.701	345.681
528.52	344.404
535.873	347.575
541.346	34.2802
541.346	34.2802
549.448	90.0338
550.672	145.553
551.776	95.1812
549.917	404.382
557.918	162.631
556.749	337.657
558.599	359.469
567.648	465.435
571.303	410.688
579.429	164.615
582.809	294.305
587.104	212.51
583.956	362.64
587.811	459.819
600.644	284.408
608.186	245.257
612.968	134.132
614.53	54.7039
614.53	54.7039
615.471	247.517
617.134	212.649
618.457	194.539
619.432	173.62
619.477	352.182
630.053	147.507
630.053	147.507
630.748	431.644
639.845	85.4985
636.832	301.877
630.962	480.19
645.032	95.2914
645.266	258.092
645.266	258.092
644.428	314.864
652.372	455.202
657.102	403.608
684.987	290.358
689.853	150.306
684.961	449.194
693.875	167.112
696.583	103.943
694.141	293.555
699.886	315.902
699.886	315.902
704.474	165.534
721.593	103.638
738.933	144.35
45.4637	259.524
49.7656	446.751
58.495	206.714
58.495	206.714
58.9085	284.054
73.7941	40.8175
68.4967	375.886
69.6875	450.466
78.6312	19.6874
79.069	359.314
83.7331	130.128
92.3264	46.0666
105.134	69.0421
104.839	256.905
104.839	256.905
106.333	302.242
108.857	167.466
113.272	440.937
121.187	110.476
121.075	160.487
121.209	342.813
121.635	454.067
126.076	331.597
132.654	226.829
132.654	226.829
153.035	230.348
155.746	135.433
156.041	314.223
159.267	251.229
161.424	162.477
162.263	301.53
161.67	466.21
164.967	397.891
168.805	176.245
168.296	419.676
178.984	463.962
190.016	212.812
201.517	285.215
223.259	129.475
228.456	62.5245
236.402	65.742
259.898	337.972
266.16	160.386
270.669	151.462
272.218	243.972
279.033	288.823
280.054	300.845
280.963	425.331
286.54	140.749
287.225	451.254
297.322	68.1465
298.501	42.3822
303.502	32.2279
299.746	443.174
304.502	176.802
305.775	405.032
306.413	381.21
314.858	399.426
327.522	347.476
433.273	236.805
433.273	236.805
458.951	106.543
476.994	396.011
476.994	396.011
485.168	79.9815
493.23	32.0736
494.456	102.272
496.077	40.6893
502.833	112.634
518.55	151.888
523.546	82.6504
520.692	345.643
528.518	344.473
535.88	347.566
541.333	34.2483
537.499	407.113
546.834	27.7953
549.386	90.0338
551.792	95.2283
558.566	131.776
560.331	126.634
556.787	337.579
567.748	465.505
575.561	189.027
574.948	371.079
582.807	294.323
587.121	212.552
583.863	362.768
590.975	173.449
587.847	459.972
600.573	284.432
597.925	429.263
608.192	245.242
614.466	54.6674
614.466	54.6674
613.382	290.548
617.263	212.633
618.476	194.527
619.521	352.192
618.366	429.606
630.142	147.553
630.142	147.553
633.093	100.352
639.861	85.4551
630.98	480.269
636.93	302.01
645.254	258.092
651.753	318.366
654.082	250.728
652.461	455.196
662.65	154.531
657.513	403.8
684.937	290.409
689.848	150.358
687.712	297.624
684.945	449.157
693.645	167.105
699.976	316.063
699.976	316.063
703.185	186.275
704.169	111.028
721.567	103.653
42.7915	270.962
49.7944	446.705
52.3695	405.21
58.5167	206.739
58.7202	284.003
69.3241	450.495
69.0616	376.271
78.5444	19.5766
75.5094	225.274
79.134	359.336
83.79	130.227
105.128	69.0377
108.775	167.435
112.618	90.6571
116.965	270.275
116.965	270.275
116.54	448.594
121.395	110.218
121.611	454.082
123.665	295.067
123.665	295.067
131.441	163.241
144.786	216.641
151.551	206.802
153.042	230.299
155.738	135.411
162.317	301.477
164.768	310.316
164.958	397.916
168.742	176.319
166.116	465.31
168.286	419.724
174.27	467.131
188.095	141.827
192.941	282.368
201.133	160.345
201.488	285.195
266.054	160.291
270.669	151.385
270.35	446.87
280.057	300.869
280.057	300.869
280.964	425.339
280.964	425.339
292.567	54.817
287.964	451.338
303.601	32.2224
303.162	57.6094
304.503	176.814
309.388	15.2633
305.857	405.058
306.416	381.193
306.416	381.193
314.856	399.354
433.318	236.785
433.318	236.785
445.398	55.6508
445.398	55.6508
461.792	116.727
471.107	47.415
477.006	396.004
477.006	396.004
484.11	401.517
493.269	32.1852
504.568	280.961
504.568	280.961
512.744	70.4134
518.556	152.098
519.65	308.057
523.527	82.6469
525.396	149.552
528.529	344.391
535.888	347.564
541.352	34.2195
537.208	407.096
546.81	27.7611
549.423	90.0154
550.663	145.536
559.059	101.05
568.464	314.789
569.609	359.637
567.683	465.484
575.563	189.07
579.458	164.619
582.813	294.316
587.127	212.558
583.905	362.699
587.949	460.041
600.37	284.436
597.985	429.372
605.002	248.98
606.977	143.804
613.38	290.558
618.606	194.441
619.428	173.678
619.507	352.153
618.48	429.61
630.105	147.466
630.105	147.466
633.132	100.373
637.094	263.806
639.882	85.479
636.83	301.918
631.039	480.248
640.645	314.553
644.185	433.042
653.932	250.855
653.932	250.855
652.413	455.184
685.013	290.387
686.063	281.079
689.661	150.284
685.005	449.185
693.685	174.976
693.806	167.115
699.851	315.873
699.851	315.873
719.41	143.511
721.537	103.679
731.131	87.1416
42.8871	271.033
49.861	446.703
52.2895	405.457
58.4416	206.783
63.815	274.883
73.8414	40.7311
73.8414	40.7311
68.5307	375.813
69.7097	450.53
78.5998	19.5354
75.4462	165.696
75.5276	225.225
79.1821	359.291
83.7962	130.197
105.111	69.036
106.313	302.249
112.509	90.8911
117.011	270.215
116.551	448.579
121.354	110.171
121.609	454.039
128.249	282.967
131.343	163.476
132.826	226.552
136.962	307.72
153.059	230.289
155.718	135.424
162.301	301.392
164.761	310.369
165.014	397.907
166.103	465.377
173.017	166.197
170.908	438.26
174.259	467.171
187.699	285.618
189.941	212.831
201.025	160.181
201.379	285.122
223.463	129.558
228.493	62.525
228.251	287.471
253.665	187.665
259.856	338.044
266.066	160.306
270.258	446.982
279.041	288.879
280.057	300.833
280.95	425.352
280.95	425.352
286.648	140.807
287.706	451.279
297.313	68.1874
297.613	60.8913
298.501	42.3679
303.484	32.1172
304.464	176.897
309.205	14.9746
305.946	405.088
306.41	381.199
306.41	381.199
320.829	48.1745
314.839	399.388
433.289	236.751
433.289	236.751
450.63	76.0819
459.031	106.706
459.031	106.706
461.789	116.745
476.994	396.013
476.994	396.013
493.206	32.0502
496.006	40.5906
500.651	266.507
500.651	266.507
504.656	54.8481
512.627	70.3274
515.431	126.101
518.489	152.131
520.685	345.632
528.54	344.399
535.894	347.554
537.417	407.169
549.416	90.0261
550.681	145.513
551.772	95.1791
562.595	134.215
563.016	168.551
568.515	314.771
569.581	359.669
575.579	189.036
582.793	294.36
583.963	362.631
586.64	264.315
594.766	21.4438
594.766	21.4438
587.933	459.977
587.933	459.977
597.963	429.348
604.958	248.953
608.157	245.26
614.419	54.6247
614.419	54.6247
613.382	290.551
617.165	212.643
619.538	352.11
618.342	429.544
633.204	100.401
636.276	93.5533
637.01	263.854
636.811	301.897
630.983	480.344
643.424	105.351
643.424	105.351
637.778	469.007
644.035	433.008
651.589	318.389
668.834	204.005
671.805	171.079
684.773	185.71
684.947	290.436
689.795	150.351
684.924	449.199
694.153	293.551
699.885	315.907
699.885	315.907
719.399	143.533
721.926	103.694
725.297	166.474
725.297	166.474
731.023	87.0482
