42.6806	271.001
49.8652	446.696
52.1972	405.664
63.8863	274.896
73.9844	40.6275
73.9844	40.6275
69.023	376.463
69.7129	450.542
78.5642	19.5647
75.4183	165.675
75.4213	225.329
75.4213	225.329
79.2882	359.042
83.7665	130.133
92.3478	46.0875
105.205	69.0062
106.332	302.218
116.982	270.226
116.982	270.226
116.534	448.572
121.313	110.318
121.252	143.932
121.596	454.013
123.657	295.064
147.961	303.456
150.726	194.491
155.739	135.487
162.256	301.492
164.982	397.869
168.668	176.38
167.972	231.868
166.064	465.363
168.307	419.565
174.321	467.061
188.085	141.773
187.686	285.531
201.238	160.448
201.583	285.204
228.262	287.416
248.977	134.536
259.928	337.985
266.057	160.318
270.662	151.475
272.251	285.529
280.066	300.827
280.957	425.352
286.566	140.695
292.555	54.8055
287.133	451.233
297.643	60.9447
292.95	402.948
303.506	32.0761
299.638	443.345
304.521	176.773
305.818	405.045
306.418	381.193
306.418	381.193
314.849	399.401
319.575	277.42
433.26	236.768
433.26	236.768
445.472	55.8811
445.472	55.8811
458.977	106.603
458.977	106.603
461.799	116.795
466.101	133.237
471.123	47.4908
477.016	396.026
477.016	396.026
485.216	80.0856
484.107	401.426
493.128	31.85
500.654	266.455
500.654	266.455
518.551	152.235
520.709	345.658
527.446	69.0847
528.539	344.456
535.884	347.583
541.341	34.2628
537.287	407.099
546.588	27.9179
549.409	90.0799
551.769	95.1901
549.508	332.039
549.911	404.374
557.861	162.602
569.568	359.693
575.588	189.065
574.94	371.098
582.798	294.333
586.668	264.379
587.819	459.845
587.819	459.845
604.969	248.956
607.029	143.877
608.194	245.272
612.854	134.022
613.4	290.556
617.067	212.669
619.425	173.677
619.22	352.217
628.012	155.25
630.083	147.482
630.083	147.482
635.725	212.655
636.999	263.843
639.877	85.4449
631	480.313
640.634	314.559
644.969	95.2766
651.697	318.413
652.348	455.136
657.635	403.827
675.907	423.802
684.96	290.395
689.709	150.337
684.841	449.196
694.131	293.528
701.084	130.615
700.011	316.128
700.011	316.128
702.944	186.311
704.408	165.518
721.501	103.694
731.121	87.0895
49.7935	446.684
52.463	405.293
58.5257	206.702
58.7601	284.053
63.8023	274.879
73.9019	40.7335
69.017	376.435
69.6115	450.566
78.5959	19.4813
75.4244	165.724
75.5353	225.27
79.0121	359.4
83.6973	130.099
92.284	46.0502
105.135	69.0533
106.272	302.18
108.873	167.502
109.524	449.525
116.991	270.219
116.991	270.219
121.651	454.038
126.144	331.602
132.775	226.658
143.774	130.167
155.764	135.508
156.032	314.292
159.841	206.762
159.841	206.762
162.244	301.493
161.644	466.348
164.92	397.838
174.273	467.104
183.219	156.618
185.835	428.029
201.214	160.435
201.54	285.151
223.323	129.463
228.614	62.6662
228.303	287.406
259.852	338.016
266.12	160.382
270.698	151.52
270.293	446.902
280.084	300.876
280.959	425.348
280.959	425.348
286.744	140.841
297.716	60.9631
298.539	42.3913
303.536	32.2415
303.199	57.5602
299.637	443.271
304.463	176.947
305.833	405.064
306.401	381.199
306.401	381.199
314.84	399.396
433.229	236.81
433.229	236.81
459.032	106.789
471.133	47.4791
477.017	396.012
477.017	396.012
485.191	80.2018
484.133	401.565
494.493	102.422
496.001	40.5368
500.693	266.602
500.693	266.602
503.348	137.385
504.582	54.7311
518.495	152.109
519.714	308.043
528.535	344.425
535.883	347.59
541.362	34.251
537.313	336.439
546.744	27.8041
550.705	145.529
551.764	95.2569
554.947	83.8913
555.301	118.649
549.88	404.411
569.571	359.674
575.629	189.091
574.936	371.082
579.406	164.603
587.089	212.573
587.949	460.076
587.949	460.076
600.715	284.362
597.919	429.298
608.208	245.256
608.841	265.226
614.515	54.67
614.515	54.67
613.396	290.553
619.453	173.722
619.46	352.199
618.425	429.653
633.183	100.359
633.877	142.42
636.967	263.886
639.894	85.4583
631.062	480.236
641.546	133.135
644.507	314.88
651.741	318.357
654.088	250.746
654.088	250.746
652.413	455.19
676.03	423.825
683.428	154.311
685.123	290.309
689.618	150.33
690.079	143.508
687.721	297.618
684.666	449.129
699.866	315.885
699.866	315.885
697.13	449.158
721.622	103.686
725.019	166.439
725.019	166.439
731.108	87.0905
732.157	59.616
49.8025	446.697
52.2914	405.282
58.6505	149.401
58.4965	206.7
58.5874	283.981
63.7678	274.925
74.057	40.5787
74.057	40.5787
68.5139	375.946
69.6894	450.519
78.5893	19.5544
79.2138	359.262
83.863	130.237
92.3101	46.0547
105.125	68.9795
103.525	447.212
106.327	302.199
116.986	270.255
116.986	270.255
121.362	110.369
121.08	160.381
121.08	160.381
121.624	454.045
126.084	331.541
132.783	226.695
132.671	350.963
146.275	233.818
147.87	303.685
155.757	135.448
164.775	310.315
166.35	209.056
164.962	397.889
166.128	465.347
170.475	438.313
174.259	467.178
182.986	156.696
187.704	285.57
190.033	212.766
201.21	160.492
201.414	285.136
223.31	129.5
228.393	62.4766
248.773	134.12
253.679	187.703
259.888	337.941
266.106	160.358
272.335	285.543
270.329	446.844
280.065	300.873
280.957	425.353
286.561	140.675
287.15	451.257
297.386	68.3885
297.661	60.9504
303.453	32.149
299.633	443.057
304.495	176.869
305.898	405.048
306.41	381.205
306.41	381.205
314.852	399.398
321.306	48.6818
433.371	236.799
433.371	236.799
450.608	75.7565
459.005	106.697
459.005	106.697
466.119	133.248
466.119	133.248
471.086	47.5003
477.024	396.009
477.024	396.009
485.275	80.0651
484.133	401.516
493.174	31.9917
500.745	266.759
500.745	266.759
512.709	70.3434
518.49	152.032
520.713	345.663
528.547	344.45
535.893	347.592
541.349	34.2371
537.3	336.437
537.281	407.197
546.774	27.804
551.748	95.2956
554.91	83.8524
563.109	168.6
569.518	359.726
567.699	465.436
574.968	371.088
579.427	164.672
582.783	294.339
587.11	212.569
587.893	459.938
600.667	284.382
597.877	429.282
604.766	223.343
606.99	143.769
612.857	133.986
613.389	290.53
618.503	194.439
619.536	352.092
618.515	429.596
630.167	147.569
630.167	147.569
633.287	100.399
634.675	320.485
639.898	85.4912
631.065	480.288
645.195	258.096
644.154	433.034
651.701	318.37
653.909	250.889
653.909	250.889
652.399	455.217
661.788	170.278
686.143	281.172
687.523	297.796
684.856	449.165
693.195	175.007
699.874	315.89
699.874	315.89
704.191	198.485
705.261	144.658
719.562	143.508
721.78	103.689
731.249	87.0497
42.7289	271.004
49.806	446.696
52.2195	405.402
58.4754	206.73
63.9003	274.895
74.1971	40.5097
68.4514	375.98
69.5454	450.517
78.558	19.5742
79.1192	359.375
83.8135	130.195
105.157	69.0186
107.767	54.1368
106.332	302.227
109.526	449.475
116.969	270.285
116.969	270.285
121.337	110.313
121.611	454.07
126.147	331.579
131.374	163.385
131.374	163.385
132.808	226.68
142.676	192.375
147.981	303.513
151.541	206.838
153.047	230.237
155.772	135.452
159.203	251.366
161.377	162.55
164.689	310.505
164.895	397.744
166.092	465.374
168.341	419.583
170.967	462.448
201.216	160.523
201.49	285.167
223.018	129.489
228.408	62.5337
236.339	65.6826
254.166	409.307
259.868	337.983
266.103	160.302
270.654	151.44
279.115	288.827
280.057	300.837
286.522	140.772
287.534	451.355
297.289	68.2181
303.358	32.1302
299.719	443.069
304.513	176.823
309.373	15.2863
305.852	405.048
306.418	381.195
314.864	399.422
319.552	277.356
327.572	347.169
433.347	236.768
433.347	236.768
445.479	55.8739
445.479	55.8739
459.003	106.713
459.003	106.713
461.781	116.655
471.167	47.6806
477.032	396.012
477.032	396.012
485.184	80.0782
500.667	266.462
500.667	266.462
503.512	137.378
512.753	70.4539
518.522	152.031
520.687	345.643
528.526	344.425
536.849	47.1709
535.886	347.59
537.275	407.073
551.772	95.1689
554.98	83.993
557.771	162.426
560.391	126.646
568.49	314.777
569.604	359.658
567.818	465.486
576.737	182.512
582.775	294.39
587.142	212.523
584	362.554
594.987	21.4383
594.987	21.4383
587.868	459.895
600.615	284.404
597.908	429.297
608.168	245.254
612.872	134.036
614.473	54.6567
614.473	54.6567
606.65	454.665
617.008	212.607
620.015	124.645
619.496	352.178
618.291	429.591
633.177	100.362
639.893	85.4577
636.88	301.952
641.651	133.203
645.239	258.132
645.239	258.132
644.07	433.015
651.633	318.414
652.369	455.202
660.897	213.389
672.261	171.01
684.898	185.689
684.959	290.419
689.872	150.376
685.09	449.195
693.551	174.946
694.101	293.521
699.928	315.966
699.928	315.966
696.934	449.111
704.267	198.468
721.54	103.667
731.226	87.0792
732.126	59.5973
739.351	119.483
43.6939	245.415
49.7989	446.752
52.3326	405.405
58.4828	206.779
61.5616	261.269
68.5318	376.181
69.5059	450.528
74.7384	78.7303
78.4947	19.6206
75.4412	225.325
75.4412	225.325
79.0138	359.355
92.2932	46.0281
90.721	242.11
90.4991	287.049
95.1125	121.563
95.1125	121.563
105.117	69.0765
109.52	449.371
121.071	160.392
123.622	295.002
131.451	163.307
140.708	303.2
144.112	460.407
147.919	303.604
150.076	240.622
150.076	240.622
152.964	146.871
159.296	251.261
161.43	162.449
161.401	318.279
162.03	422.569
164.81	397.825
174.089	474.651
174.286	467.17
187.642	141.79
222.147	112.794
228.498	62.528
228.059	147.218
233.144	34.2931
244.376	471.955
248.635	134.006
248.201	410.415
259.892	338.116
270.648	151.463
270.414	446.896
280.061	300.871
280.975	425.381
297.636	60.8927
298.528	42.3911
304.532	176.647
309.273	15.027
305.88	405.074
306.545	381.353
314.877	399.37
330.366	353.651
433.804	237.686
433.804	237.686
461.771	116.648
477.06	395.98
477.06	395.98
500.738	124.154
500.648	266.431
500.648	266.431
510.552	354.722
512.498	312.708
518.511	152.091
520.711	345.665
525.451	77.6405
525.156	380.949
533.415	93.2002
537.123	336.333
545.524	91.1222
549.404	90.04
550.324	130.619
549.859	404.316
558.529	131.788
566.616	158.571
569.552	359.655
569.552	359.655
567.648	465.298
571.288	330.957
580.799	193.171
582.744	294.235
594.709	21.1872
594.709	21.1872
587.748	459.678
596.827	219.716
597.645	429.37
608.197	245.266
611.381	171.946
612.882	134.061
607.475	455.111
618.639	264.811
619.514	352.157
625.574	316.233
633.267	100.445
635.425	212.622
630.713	431.658
630.713	431.658
638.217	67.0754
641.444	132.982
643.684	209.795
645.421	173.984
652.387	455.189
666.724	251.689
670.772	315.158
685.08	185.674
684.91	290.473
689.47	10.8608
684.941	449.072
693.602	174.895
694.147	293.551
696.654	103.916
698.508	138.099
699.831	315.842
703.586	110.96
706.543	302.395
731.265	87.0064
