43.6939	245.415
49.7989	446.752
52.3326	405.405
58.4828	206.779
61.5616	261.269
68.5318	376.181
69.5059	450.528
74.7384	78.7303
78.4947	19.6206
75.4412	225.325
75.4412	225.325
79.0138	359.355
92.2932	46.0281
90.721	242.11
90.4991	287.049
95.1125	121.563
95.1125	121.563
105.117	69.0765
109.52	449.371
121.071	160.392
123.622	295.002
131.451	163.307
140.708	303.2
144.112	460.407
147.919	303.604
150.076	240.622
150.076	240.622
152.964	146.871
159.296	251.261
161.43	162.449
161.401	318.279
162.03	422.569
164.81	397.825
174.089	474.651
174.286	467.17
187.642	141.79
222.147	112.794
228.498	62.528
228.059	147.218
233.144	34.2931
244.376	471.955
248.635	134.006
248.201	410.415
259.892	338.116
270.648	151.463
270.414	446.896
280.061	300.871
280.975	425.381
297.636	60.8927
298.528	42.3911
304.532	176.647
309.273	15.027
305.88	405.074
306.545	381.353
314.877	399.37
330.366	353.651
433.804	237.686
433.804	237.686
461.771	116.648
477.06	395.98
477.06	395.98
500.738	124.154
500.648	266.431
500.648	266.431
510.552	354.722
512.498	312.708
518.511	152.091
520.711	345.665
525.451	77.6405
525.156	380.949
533.415	93.2002
537.123	336.333
545.524	91.1222
549.404	90.04
550.324	130.619
549.859	404.316
558.529	131.788
566.616	158.571
569.552	359.655
569.552	359.655
567.648	465.298
571.288	330.957
580.799	193.171
582.744	294.235
594.709	21.1872
594.709	21.1872
587.748	459.678
596.827	219.716
597.645	429.37
608.197	245.266
611.381	171.946
612.882	134.061
607.475	455.111
618.639	264.811
619.514	352.157
625.574	316.233
633.267	100.445
635.425	212.622
630.713	431.658
630.713	431.658
638.217	67.0754
641.444	132.982
643.684	209.795
645.421	173.984
652.387	455.189
666.724	251.689
670.772	315.158
685.08	185.674
684.91	290.473
689.47	10.8608
684.941	449.072
693.602	174.895
694.147	293.551
696.654	103.916
698.508	138.099
699.831	315.842
703.586	110.96
706.543	302.395
731.265	87.0064
42.6542	270.966
49.796	446.682
52.561	405.241
58.4536	206.804
58.4536	206.804
63.8126	274.899
68.629	375.796
69.8588	450.367
78.4676	19.6102
92.3335	46.0574
90.556	242.385
95.0412	121.517
105.107	69.0599
104.836	256.925
106.344	182.53
106.282	302.164
113.234	440.982
121.565	454.09
121.198	342.794
126.801	78.9966
123.613	294.993
130.827	214.208
132.944	226.439
137.338	99.8069
142.675	192.427
150.144	240.397
159.677	207.088
159.151	251.38
161.38	162.517
161.299	318.473
161.607	466.313
165.561	398.355
174.287	467.112
187.19	141.72
185.842	428.004
197.032	151.718
201.396	285.116
208.522	43.0434
208.522	43.0434
208.961	80.6286
223.389	129.499
228.35	62.5102
228.718	287.399
233.121	34.2669
248.911	134.508
253.654	187.857
258.412	121.972
266.113	160.352
270.431	446.891
275.116	426.888
280.109	300.952
292.517	54.6451
289.838	400.084
289.837	441.977
298.529	42.3907
305.73	405.062
306.488	381.212
325.433	48.4016
330.256	361.132
433.993	235.632
433.993	235.632
477.106	395.978
493.111	31.747
496.422	396.555
500.689	266.622
514.385	121.845
518.504	151.975
520.603	345.486
525.183	149.576
528.483	84.1769
528.75	119.508
525.89	381.004
525.89	381.004
530.208	89.0023
528.53	344.375
538.971	106.111
536.707	354.551
545.455	91.1755
546.793	27.7656
551.813	95.1481
550.746	337.414
549.567	404.273
553.983	347.264
566.609	158.507
567.695	465.29
573.503	397.844
582.783	294.288
586.691	264.56
589.902	210.242
587.744	459.513
594.696	21.1787
597.958	226.509
601.188	154.199
606.893	143.705
606.524	454.606
613.002	237.553
617.02	161.24
619.421	352.131
618.423	429.611
625.543	316.166
636.264	93.5274
643.649	209.799
643.537	306.698
647.152	73.8229
651.473	194.596
652.494	455.516
658.847	404.262
664.074	282.842
666.681	251.627
672.634	125.791
679.156	130.212
684.8	290.5
689.556	10.7555
689.556	10.7555
684.843	449.285
694.04	167.021
694.487	258.476
696.643	104.002
696.643	104.002
699.064	154.713
699.95	316.065
710.164	117.761
716.797	111.231
42.7659	270.967
49.809	446.757
52.5585	405.36
58.8321	284.018
63.435	143.234
68.7208	376.072
69.6902	450.525
75.5382	165.53
76.4116	144.918
75.3997	225.363
75.3997	225.363
92.3458	46.0465
90.4271	287.03
101.085	101.776
105.164	69.0621
104.858	256.891
109.513	449.501
121.005	160.509
121.015	343.181
121.65	454.007
126.874	79.0539
123.742	295.15
126.135	331.574
132.553	351.356
147.914	303.627
150.182	240.386
150.826	194.217
150.826	194.217
159.214	251.324
162.211	301.473
165.303	397.709
166.037	370.63
166.726	451.082
170.137	468.248
187.527	141.7
185.853	428.088
189.931	212.888
221.568	112.29
222.517	170.154
228.143	147.229
232.914	34.2451
248.868	134.385
255.532	65.7143
257.6	243.563
263.731	331.336
275.05	426.505
279.066	288.816
280.077	300.835
286.591	140.821
287.839	451.278
289.863	400.009
297.521	60.847
298.512	42.3857
303.179	57.4557
300.094	442.701
306.296	381.307
306.127	405.097
321.061	48.3084
330.26	361.153
432.743	235.629
445.426	55.6528
450.696	75.9311
477.868	62.0633
477.024	396.01
477.024	396.01
493.177	31.879
495.782	40.0498
500.786	124.107
504.616	311.318
514.341	121.841
518.529	151.886
520.719	345.692
525.495	77.6625
525.3	381.227
530.225	75.0479
535.912	347.55
538.965	106.109
538.965	106.109
537.563	336.528
549.437	90.0863
547.774	395.895
562.123	188.919
561.232	397.462
567.632	465.276
571.364	330.949
580.741	193.135
582.761	294.231
585.301	13.1192
594.839	21.2498
596.723	204.535
597.916	226.512
600.321	284.314
604.728	223.358
609.404	187.408
612.957	237.519
619.833	117.448
619.434	352.196
625.536	316.223
629.628	193.733
630.77	431.719
630.738	479.873
651.267	112.357
656.846	81.265
656.846	81.265
652.47	455.257
657.462	403.777
666.696	251.699
666.696	251.699
675.5	303.747
677.465	311.442
684.975	290.381
687.636	297.725
690.076	143.482
693.662	174.885
694.051	167.076
694.119	303.852
696.601	103.948
710.249	117.735
731.831	59.6041
49.9224	446.693
52.4577	405.402
58.7953	283.989
61.5155	261.264
68.5301	376.13
69.7778	450.437
75.3314	95.5487
78.5873	19.6055
75.3836	225.354
75.3836	225.354
79.0051	359.348
92.3004	45.9817
91.3398	165.076
90.4178	287.019
104.846	256.943
106.306	182.527
108.511	141.483
106.466	302.311
109.507	449.375
115.701	62.5887
121.578	454.096
126.857	78.9927
126.138	331.582
132.592	351.276
145.694	116.829
149.964	240.619
149.964	240.619
155.758	135.443
159.251	251.224
161.434	162.45
161.659	466.28
162.336	301.337
165.322	397.898
166.14	465.18
168.271	419.696
187.691	141.675
192.917	282.361
196.831	151.748
228.027	147.161
228.027	147.161
232.9	34.2101
243.098	243.214
252.16	61.5785
259.004	412.16
262.951	457.24
270.327	446.839
278.979	288.847
280.076	300.903
289.909	400.071
297.599	60.8949
303.155	57.4905
300.314	394.52
299.998	442.887
309.457	15.6387
309.457	15.6387
305.898	405.064
330.106	361.131
330.389	353.501
432.509	235.722
493.13	31.7228
494.374	102.286
496.984	396.41
500.735	266.74
500.735	266.74
498.873	395.806
504.474	310.704
514.266	121.798
518.489	152.062
516.511	371.421
516.511	371.421
522.216	73.3807
522.216	73.3807
541.653	362.656
551.822	95.147
549.568	332.146
548.583	396.302
549.888	404.35
554.231	347.293
558.878	101.1
559.901	146.625
559.901	146.625
566.626	158.522
571.288	330.977
582.785	294.283
585.27	13.1471
585.085	199.918
586.713	264.626
591.999	166.865
587.593	459.221
587.593	459.221
594.915	21.3892
596.176	219.464
611.31	171.871
606.504	454.573
612.969	237.59
615.279	128.155
619.366	352.186
618.434	429.586
625.592	316.206
634.953	293.059
638.752	67.7742
643.674	209.823
651.504	194.649
656.912	81.2115
658.296	150.465
652.657	455.367
658.957	404.371
664.086	282.803
675.286	303.833
684.888	290.521
690.126	143.49
694.541	258.502
699.063	154.694
699.81	315.786
699.81	315.786
704.102	198.487
710.295	117.732
52.3352	405.585
52.6714	437.99
58.8033	284.037
63.8935	274.881
68.678	376.028
69.5877	450.447
75.345	95.6259
78.7139	19.6696
75.7567	165.288
75.274	225.453
75.274	225.453
92.0333	46.0533
91.3065	165.083
90.389	287.005
101.133	101.721
104.846	256.999
106.275	302.191
116.53	448.65
121.345	143.782
122.887	92.5436
120.961	343.177
126.207	331.619
132.306	457.877
132.554	351.374
142.701	192.358
146.324	233.756
154.205	463.169
155.965	314.406
159.153	251.365
162.302	301.375
165.457	397.88
166.09	465.388
187.139	141.683
190.095	212.674
199.158	169.587
201.253	285.088
208.72	42.9423
222.134	170.4
223.279	129.618
228.355	62.4694
228.386	287.408
233.026	34.1662
236.41	65.7387
253.62	187.834
258.451	121.836
260.508	337.322
263.024	457.201
279.003	288.873
284.335	427.985
286.993	368.563
287.216	451.233
290.802	190.584
289.808	442.041
297.683	60.9747
303.266	57.3345
300.476	394.428
302.763	212.478
314.833	399.534
320.726	48.1186
319.402	277.369
330.186	361.158
430.457	235.077
430.457	235.077
445.433	55.738
445.433	55.738
461.694	116.402
471.087	47.7113
477.596	61.769
476.98	396.037
476.98	396.037
493.106	31.7185
500.783	123.939
500.644	266.445
500.644	266.445
504.55	310.936
509.838	376.813
512.447	312.642
512.076	354.949
518.47	152.04
522.028	82.7833
520.641	345.654
530.247	88.8832
528.545	344.658
537.098	100.327
541.317	34.3395
541.317	34.3395
537.343	407.13
549.775	404.253
559.882	146.628
559.882	146.628
558.583	359.497
574.985	371.228
587.14	164.101
587.183	212.564
586.717	264.568
591.862	166.794
587.97	459.963
587.97	459.963
597.985	226.633
600.537	41.9623
600.537	41.9623
606.669	231.922
606.727	454.762
617.083	161.267
619.635	352.139
618.451	429.645
622.971	261.905
633.194	100.38
635.738	136.619
634.928	293.131
636.885	301.945
647.145	155.853
640.129	463.702
654.746	60.3237
656.79	403.514
664.384	126.024
668.02	241.571
670.774	315.188
675.221	303.829
677.353	311.538
676.181	423.841
684.897	290.477
689.475	10.86
690.011	143.486
687.817	297.596
684.888	449.227
693.619	174.915
702.417	32.4858
704.353	198.365
738.236	151.151
