42.775	270.973
49.8402	446.67
52.4642	405.76
52.7657	437.918
58.6346	284.006
63.7729	274.899
75.4106	95.4474
68.7723	375.937
83.8341	130.114
90.6365	242.252
87.4531	445.705
105.111	69.0152
105.111	69.0152
100.834	275.4
108.87	167.37
112.626	321.104
120.984	184.702
121.045	343.083
121.045	343.083
135.979	448.928
143.674	130.269
138.747	293.892
142.692	192.436
144.786	216.613
150.002	240.581
155.749	135.513
152.94	230.21
155.903	314.474
155.903	314.474
166.199	209.183
161.445	453.168
166.081	370.586
168.744	456.765
186.656	141.676
196.594	151.963
201.128	160.422
208.679	42.9568
228.077	147.231
228.077	147.231
233.1	34.2913
249.026	134.583
258.607	122.068
280.069	300.869
286.998	368.584
297.596	60.904
297.405	68.387
287.657	451.218
289.767	400.109
289.886	442.038
309.42	15.436
305.941	405.108
325.203	48.3264
314.86	399.46
319.441	277.391
327.506	252.448
330.385	353.478
330.201	361.126
432.514	236.047
432.514	236.047
445.381	55.4566
445.381	55.4566
485.227	80.0205
495.825	40.2147
500.674	266.542
500.674	266.542
504.499	311.02
515.364	126.167
509.946	376.767
518.529	152.314
512.644	355.094
522.098	82.8422
525.377	149.763
520.698	345.609
530.122	89.0135
546.691	27.9493
537.248	407.115
550.681	145.519
554.885	84.0067
549.438	396.831
557.811	162.476
562.08	153.269
562.335	330.697
575.585	188.913
567.666	465.561
582.769	294.257
587.158	212.547
586.664	264.46
583.861	362.775
586.045	308.581
582.608	406.571
595.537	22.7158
588.196	460.434
597.955	226.555
607.095	143.913
604.81	248.738
605.127	321.307
613.556	53.683
613.556	53.683
612.916	237.649
606.713	454.877
618.504	201.136
621.821	268.381
619.505	352.25
618.581	429.627
629.474	260.689
631.697	329.694
641.568	133.195
645.061	95.0621
647.171	73.9095
638.6	398.254
640.096	463.698
657.221	403.734
668.926	203.979
678.393	311.489
676.097	423.808
685.006	290.389
684.905	311.793
687.744	297.624
693.504	174.943
696.412	104.084
684.915	449.285
698.411	138.135
704.192	111.014
704.758	165.543
731.043	87.0974
49.8976	446.709
52.3263	405.488
58.8209	284
63.8936	274.878
74.7272	78.7366
78.4944	19.6107
75.2661	95.5491
68.7687	375.901
75.3291	165.825
75.4123	225.29
83.7437	130.08
79.0498	359.345
89.9019	135.292
105.174	69.0749
108.84	167.458
103.503	447.193
112.334	90.8837
106.252	302.188
108.703	335.651
112.7	321.142
116.991	270.21
116.991	270.21
135.99	448.93
144.819	216.672
147.87	303.759
146.056	453.055
155.733	135.498
152.973	230.291
163.036	422.235
167.445	219.75
164.73	397.854
172.929	166.117
178.871	464.343
188.645	323.165
192.93	282.318
192.93	282.318
201.164	160.394
223.379	129.469
228.231	62.4612
233.914	140.229
244.399	471.949
253.639	187.82
260.807	337.141
266.094	160.32
275.121	426.515
279.029	288.878
279.029	288.878
286.76	140.996
297.457	68.4328
298.569	42.3859
289.928	400.062
289.899	442.314
303.039	57.6671
299.752	442.879
320.943	48.2727
314.853	399.46
327.53	347.448
330.374	353.601
433.616	236.018
485.239	80.1128
493.142	31.9483
495.522	39.4239
502.828	112.64
504.511	54.5514
500.68	266.429
500.68	266.429
516.965	135.018
509.981	376.764
509.981	376.764
533.432	93.2015
536.832	47.1891
537.101	407.172
541.793	363.181
550.68	145.619
551.861	95.1143
557.817	162.414
558.56	131.722
553.98	332.429
563.067	168.603
562.322	330.72
582.682	294.251
587.155	212.579
583.915	362.74
582.575	406.603
595.521	22.3055
588.204	460.506
588.204	460.506
602.161	273.864
604.759	223.319
605.398	249.316
613.01	134.214
612.009	182.717
606.645	454.71
615.489	247.312
623.219	282.231
618.459	429.611
633.216	100.442
633.372	152.403
631.704	329.707
635.009	274.191
647.154	73.8635
638.685	398.329
644.341	314.98
652.383	455.135
657.555	403.801
675.817	165.514
676.146	423.825
685.044	290.402
687.755	297.627
685.016	449.242
698.997	154.852
703.336	186.341
699.863	315.903
703.891	198.666
719.43	143.493
732.126	59.5876
42.572	270.973
45.5622	259.56
49.9316	446.781
52.4178	405.48
52.7425	437.967
68.6315	375.95
78.5942	19.663
83.8012	130.195
79.3221	359.246
90.6705	242.187
106.384	182.497
104.847	256.948
103.502	447.249
112.276	91.0028
122.957	92.5782
121.126	342.84
132.084	177.115
138.733	293.892
138.733	293.892
143.615	130.292
142.655	192.523
139.113	456.01
144.787	216.689
146.045	453.11
155.796	135.513
155.989	314.27
155.989	314.27
159.718	207.038
159.237	251.35
165.203	397.949
168.285	419.749
170.902	462.525
176.967	189.028
186.972	141.672
192.897	282.353
206.675	242.185
222.459	170.211
236.417	65.6701
248.824	134.36
253.637	187.783
254.128	409.243
260.519	337.316
266.069	160.363
273.497	136.245
270.306	446.986
280.956	425.385
298.548	42.4707
289.369	472.919
302.116	55.4773
303.089	57.6265
299.72	442.897
305.943	405.062
306.53	381.221
306.53	381.221
314.867	399.475
319.512	277.354
325.203	48.4972
434.157	235.919
466.107	133.188
485.455	80.0465
484.249	401.509
493.301	32.1668
496.623	396.548
500.739	266.685
500.739	266.685
504.587	311.016
512.465	354.971
518.478	151.752
522.07	82.8911
520.746	345.749
525.463	149.812
533.44	93.1222
528.516	344.692
537.54	406.938
549.892	130.82
551.815	95.1433
560.501	126.938
558.546	359.662
562.334	330.703
567.61	465.442
579.457	164.589
580.736	193.213
582.722	294.205
587.244	212.705
582.088	405.916
583.915	362.778
586.908	264.933
595.092	21.6898
595.092	21.6898
588.014	460.148
604.792	248.859
612.863	134.03
614.322	54.5001
613.105	198.775
606.699	454.695
613.394	290.632
608.093	476.314
623.242	282.21
635.445	212.656
634.736	320.338
630.771	431.762
630.771	431.762
639.746	85.411
641.496	133.028
638.316	398.057
647.127	73.8296
642.855	322.739
661.09	213.401
671.966	171.033
683.339	154.278
683.339	154.278
676.114	423.858
684.878	290.481
687.815	297.581
685.096	449.218
699.98	316.052
699.98	316.052
704.915	165.593
724.829	166.394
49.8107	446.705
52.3801	405.64
52.7192	437.964
58.923	283.978
63.9065	274.981
68.7045	375.993
78.5486	19.5977
75.4341	165.727
75.435	225.305
75.435	225.305
83.6439	130.128
79.148	359.323
90.6392	242.233
90.6392	242.233
105.174	69.0384
108.814	167.45
112.68	321.068
112.68	321.068
122.929	92.5629
128.355	452.158
132.72	351.014
132.238	457.979
143.678	130.244
149.67	459.142
155.763	135.535
156.038	314.277
156.038	314.277
159.246	251.31
166.401	208.942
165.123	397.908
168.269	419.701
170.676	438.519
176.984	189.011
184.103	200.447
192.891	282.372
222.214	170.442
223.553	129.493
233.085	34.2833
254.159	409.398
260.511	337.366
266.034	160.29
290.829	190.574
287.447	451.218
289.956	400.075
297.501	68.5245
297.714	60.9825
298.597	42.433
303.099	57.6672
300.276	394.526
309.305	15.1614
299.777	442.718
305.779	405.07
306.516	381.208
306.516	381.208
315.232	52.5533
319.471	277.336
434.165	235.833
445.491	56.0525
445.491	56.0525
461.792	116.713
477.083	396.058
484.127	401.109
493.082	31.718
500.691	266.648
504.414	311.085
512.393	354.984
518.496	151.927
522.078	82.9606
520.733	345.605
525.496	149.638
527.349	69.0543
533.428	93.1581
550.673	145.534
551.78	95.1729
557.785	162.484
554.031	332.368
562.237	189.158
558.514	359.686
562.32	330.678
567.749	465.404
573.452	397.966
582.688	294.294
582.145	405.946
583.944	362.658
586.884	264.92
595.068	21.7109
595.068	21.7109
588.075	460.184
597.976	226.546
604.866	248.923
607.171	144.057
608.181	245.241
614.483	54.6603
613.064	198.85
606.662	454.694
613.373	290.636
608.122	476.332
618.537	194.497
623.3	282.186
630.335	147.716
630.335	147.716
630.851	431.77
630.851	431.77
638.403	398.07
647.282	73.9724
647.282	73.9724
642.892	322.759
651.532	318.459
661.197	213.359
683.336	154.247
676.158	423.846
684.632	117.606
684.846	290.5
687.664	297.661
694.084	167.118
699.961	316.036
699.961	316.036
704.775	165.605
710.999	86.7565
732.216	59.5671
52.2544	405.668
52.7134	437.994
58.5941	283.946
63.8581	274.936
74.9072	78.6904
69.1521	376.428
69.5123	450.509
75.3486	95.5907
78.5644	19.6304
75.4479	225.262
83.7072	130.097
89.7548	135.084
105.181	69.0132
104.843	257.002
108.831	167.464
116.953	270.253
122.923	92.5295
121.096	342.907
132.044	177.138
132.729	351.009
135.956	448.942
138.764	293.797
138.764	293.797
142.652	192.537
139.165	456.015
150.862	194.111
150.862	194.111
152.936	146.921
155.788	135.493
156.017	314.262
156.017	314.262
159.192	251.291
165.086	397.887
168.308	419.557
170.95	462.48
181.05	469.816
201.188	160.433
223.374	129.516
236.435	65.7662
248.755	134.199
244.331	471.867
253.624	187.822
260.534	337.314
266.102	160.344
275.121	426.419
286.941	451.233
289.992	400.029
297.522	68.4532
298.567	42.4186
303.098	57.6104
300.25	394.536
309.348	15.2396
299.741	442.723
306.525	381.197
315.228	52.5242
314.876	399.427
319.464	277.355
327.505	347.488
434.109	235.914
461.779	116.64
466.116	133.202
492.511	397.495
496.771	396.518
500.722	266.658
512.444	354.935
518.534	152.039
522.112	82.9055
520.692	345.606
527.344	69.0753
533.428	93.1552
550.646	145.445
551.794	95.1608
560.55	126.93
562.851	168.255
558.557	359.635
562.32	330.706
568.367	314.847
579.478	164.568
573.576	397.9
582.702	294.256
582.137	405.916
583.891	362.72
595.199	21.7258
595.199	21.7258
588.066	460.179
596.241	219.524
602.206	273.972
604.869	248.917
614.325	54.4977
613.11	198.77
606.653	454.736
613.373	290.636
618.492	194.513
619.373	352.24
623.39	282.159
630.214	147.645
633.164	100.384
633.597	152.631
638.733	67.7582
638.351	398.014
643.047	322.93
644.317	433.19
651.59	318.454
653.794	250.969
653.794	250.969
652.4	455.201
657.711	403.873
676.13	423.784
684.483	185.793
684.868	290.498
687.811	297.577
684.927	449.27
696.311	104.019
703.023	186.314
699.899	315.939
699.899	315.939
717.609	130.134
719.443	143.532
731.031	87.1046
