42.7283	270.979
47.4181	160.475
49.8265	446.813
52.2528	405.468
52.7574	437.928
58.4339	206.865
58.4339	206.865
63.818	274.712
68.4046	375.96
78.3706	19.6692
75.4594	225.365
75.4594	225.365
78.8557	359.437
92.2665	46.0996
90.704	242.177
90.5651	287.11
107.975	54.3465
113.264	440.959
121.121	144.203
121.023	160.624
122.931	92.5664
121.064	342.951
123.842	295.159
123.842	295.159
132.496	457.794
137.431	100.001
147.946	303.593
152.914	146.854
159.235	251.311
162.253	301.447
164.99	397.772
167.464	219.693
166.833	450.833
172.892	470.309
177.021	189
186.028	428.072
189.97	212.916
208.647	42.9911
208.647	42.9911
221.566	112.505
223.673	129.623
228.421	62.5226
232.979	34.2387
228.522	287.44
233.39	139.366
248.906	134.181
257.684	243.655
262.892	457.105
280.033	300.823
280.033	300.823
287.018	368.584
290.624	190.486
287.169	451.336
289.895	400.042
297.179	68.0898
297.657	60.9612
299.961	442.352
304.514	176.857
309.323	15.1474
306.006	405.128
306.561	381.282
306.561	381.282
320.352	48.208
319.596	277.146
325.571	48.3384
327.355	252.25
329.117	295.512
459.031	106.838
461.799	116.75
482.606	400.857
493.178	31.896
495.585	39.616
491.55	396.79
502.807	112.517
497.257	395.259
500.703	266.666
500.703	266.666
503.396	137.411
509.259	352.661
518.564	152.085
522.014	82.9394
519.381	307.857
520.264	344.919
533.48	93.1444
536.196	334.986
536.196	334.986
546.021	28.2782
540.7	350.235
550.682	145.539
551.822	95.1568
549.335	403.88
557.74	162.26
559.296	101.035
558.621	359.171
559.371	484.778
576.747	182.432
581.886	405.517
596.705	204.614
608.154	245.254
602.039	464.458
608.882	265.309
613.063	134.27
614.352	54.624
619.886	351.778
622.926	261.949
628.208	155.502
630.083	147.508
633.256	100.466
636.823	301.859
635.117	396.571
641.504	133.161
636.966	413.82
647.102	73.9112
645.419	257.982
653.8	250.96
653.8	250.96
662.334	401.621
665.383	319.07
672.243	171.034
665.242	450.907
681.392	427.975
689.769	150.39
694.137	293.475
699.611	315.52
699.611	315.52
703.081	186.307
704.119	198.576
712.628	154.7
721.492	103.607
730.969	87.1485
731.834	59.5851
45.8947	259.445
49.7819	446.747
52.2031	405.532
58.4502	206.804
58.4502	206.804
58.8049	283.887
68.5233	375.889
69.6177	450.476
78.4122	19.661
75.5141	225.325
79.1919	359.189
92.0228	112.195
104.979	69.1884
107.939	54.3178
117	270.231
117	270.231
121.263	110.377
121.057	144.251
121.023	160.635
121.059	343.002
123.792	295.137
123.792	295.137
132.46	457.807
142.679	192.449
143.755	460.503
147.889	303.621
151.543	206.72
159.247	251.324
164.864	310.185
164.95	397.629
166.183	465.072
185.942	427.945
190.03	212.838
190.543	481.206
192.831	282.457
208.633	42.9626
208.633	42.9626
212.258	162.114
212.258	162.114
221.549	112.502
223.586	129.614
228.452	62.451
232.982	34.1864
228.43	287.408
258.627	121.963
257.394	243.74
278.942	105.636
280.044	300.836
281.013	472.409
287.025	368.581
290.718	190.462
287.654	451.365
289.105	385.431
289.944	400.054
297.304	68.1712
297.622	60.9202
304.526	176.848
309.321	15.1672
319.598	277.2
320.089	338.992
327.424	252.414
329.301	295.897
330.159	360.997
330.302	353.47
459.052	106.819
461.772	116.609
493.366	32.4223
490.619	396.99
502.764	112.387
497.252	395.268
495.8	473.416
503.533	137.343
504.536	280.797
504.536	280.797
504.43	485.085
522.026	82.9048
520.235	344.613
525.438	77.676
528.012	342.241
540.664	350.287
550.721	145.565
551.699	95.2667
554.979	83.8952
547.791	470.578
552.932	324.947
552.932	324.947
558.884	358.343
569.561	165.261
573.159	397.748
586.477	263.96
595.002	21.4921
595.002	21.4921
596.143	163.625
590.754	463.867
604.759	223.334
604.759	223.334
608.859	265.285
612.981	134.19
618.524	201.071
619.783	351.79
622.912	261.974
623.335	410.447
623.335	410.447
630.044	147.496
633.19	100.418
633.998	142.471
637.731	184.744
636.878	301.983
647.126	73.8571
645.3	258.079
642.665	468.284
653.931	250.867
653.931	250.867
675.13	303.798
684.799	290.507
689.833	150.362
687.273	297.924
685.743	449.197
694.029	167.214
699.68	315.561
699.68	315.561
704.196	198.444
718.976	143.527
721.464	103.598
731.223	87.1615
42.9079	271.005
50.0101	446.616
58.933	148.839
52.4815	405.587
58.7775	283.933
63.8596	274.716
68.7564	376.187
75.2899	165.993
75.3882	225.463
75.3882	225.463
94.7014	121.544
90.4626	242.52
105.013	69.0024
100.496	274.981
103.487	447.194
112.514	320.996
122.842	92.6198
131.435	163.34
124.72	445.42
127.213	331.928
132.678	351.225
143.566	130.385
138.713	293.917
152.973	146.965
147.713	303.932
155.919	314.401
159.671	207.173
159.117	251.372
155.929	456.356
162.545	422.357
164.59	397.612
165.87	370.619
169.286	455.569
182.925	156.595
186.617	141.647
189.959	212.889
201.381	285.17
209.422	142.792
223.299	129.602
228.341	62.4942
233.078	34.2536
228.122	147.29
236.342	65.7047
248.708	134.116
253.342	187.403
257.554	243.702
258.99	412.349
260.495	405.384
272.532	285.502
294.309	140.193
297.663	60.958
298.497	42.4302
287.408	451.345
289.916	400.012
303.155	57.4094
305.396	233.549
306.665	381.249
305.999	405.116
325.302	48.2443
319.565	277.244
327.144	252.055
330.254	353.541
422.537	241.084
459.088	107.011
459.088	107.011
493.076	31.7719
493.873	101.886
482.754	401.137
504.558	54.5377
491.593	396.777
500.744	266.789
500.744	266.789
497.628	395.204
504.315	310.968
500.947	480.648
533.424	93.1506
527.976	342.153
546.185	28.1932
535.452	458.109
551.818	95.0553
542.095	465.239
549.674	332.023
549.263	403.843
562.556	134.197
562.987	168.386
566.931	145.773
569.286	165.339
569.861	359.38
575.093	385.185
587.156	212.402
595.487	22.7149
589.927	210.379
600.101	41.6618
604.822	248.732
596.285	461.25
613.172	53.5107
612.802	133.973
616.691	212.634
621.772	268.416
641.387	133.005
637.018	263.936
634.669	320.399
647.195	73.9511
647.195	73.9511
644.525	314.874
656.033	164.546
672	171.06
663.398	473.779
675.131	303.843
671.234	423.983
683.424	154.264
687.328	297.858
693.617	167.184
696.59	104.001
698.506	138.155
704.184	198.47
722.776	65.5423
732.077	59.6304
42.9746	270.988
49.9122	446.727
52.3949	405.717
58.7854	283.927
68.5798	376.146
69.687	450.349
75.4212	95.5499
78.4087	19.6712
75.4513	225.386
75.4513	225.386
79.2784	359.361
92.2298	46.1592
90.4755	286.971
95.0717	121.625
108.599	141.512
106.659	301.983
122.865	92.6136
121.015	343.144
121.58	454.216
127.203	332.022
128.239	283.084
132.523	457.757
142.689	192.438
142.689	192.438
146.197	233.847
152.957	146.834
159.244	251.223
161.35	162.555
161.442	318.098
162.237	301.452
164.674	397.597
165.789	370.608
167.969	231.731
168.263	419.726
169.237	455.497
172.697	470.512
186.752	141.525
201.477	285.194
209.444	142.777
228.489	62.4799
233.011	34.2363
236.183	65.5347
247.123	146.021
253.356	187.474
263.755	331.318
273.584	136.38
272.481	285.574
275.133	426.512
278.945	288.886
280.1	300.863
280.943	368.122
280.931	425.508
290.591	190.501
287.683	451.355
287.683	451.355
297.183	68.0598
297.592	60.8856
298.568	42.4282
292.856	403.076
305.896	405.095
319.48	277.298
325.294	48.3211
326.934	251.699
327.516	347.465
445.458	55.9584
445.458	55.9584
477.904	62.2095
482.663	401.048
493.115	31.84
494.516	102.347
495.715	39.9967
490.726	396.942
500.639	124.053
500.753	266.781
500.753	266.781
518.546	152.061
516.408	327.876
522.014	82.7361
531.978	451.729
549.412	90.0866
551.826	95.0779
549.087	403.761
552.906	325.057
552.906	325.057
559.853	146.61
560.329	126.637
558.934	358.335
571.018	152.324
575.064	370.832
580.732	193.201
594.917	21.4986
594.917	21.4986
589.341	407.636
596.127	219.319
597.933	226.539
600.455	381.611
613.97	54.2415
613.97	54.2415
609.012	385.688
616.802	212.553
619.293	173.533
635.592	212.656
635.015	293.017
636.808	301.71
647.214	73.8892
647.214	73.8892
645.464	257.933
651.738	318.331
655.825	143.718
651.896	399.536
651.896	399.536
657.888	150.685
652.74	455.45
663.235	154.384
675.044	303.89
683.288	154.266
684.815	290.456
684.983	311.748
685.5	448.98
694.573	258.505
698.99	154.841
701.978	33.1174
719.13	143.523
721.274	103.64
731.284	87.0916
739.355	119.461
49.9858	446.702
52.3584	405.151
58.7476	149.059
58.7555	283.949
63.2621	143.077
63.7801	274.727
68.464	376.07
69.6651	450.416
75.6106	95.3655
75.4165	225.395
75.4165	225.395
79.2728	359.259
83.4685	129.921
92.2343	46.1236
90.4839	242.535
94.9148	121.604
104.8	257.051
115.478	62.3518
113.268	440.954
126.787	79.1037
123.999	295.219
127.078	331.987
131.439	163.348
131.439	163.348
132.723	351.03
132.539	457.747
152.892	146.951
160.113	219.99
161.391	318.325
165.702	370.851
166.747	450.963
173.003	166.16
174.963	473.853
185.821	427.871
190.019	212.758
188.701	323.042
221.006	112.095
222.183	170.385
228.013	147.244
233.019	34.1964
257.483	243.734
258.964	412.28
279.03	288.831
280.062	300.827
280.062	300.827
287.004	368.569
287.068	451.315
287.068	451.315
293.904	140.606
289.849	400.049
297.339	68.1625
297.599	60.9336
303.156	57.6175
300.538	394.539
305.894	405.09
319.526	277.328
325.659	48.3573
327.057	251.818
330.189	361.197
429.553	251.573
450.667	75.9316
461.726	116.571
482.685	400.962
495.68	39.7391
502.797	112.359
500.7	266.596
500.7	266.596
508.899	375.643
508.899	375.643
518.516	152.013
512.971	475.849
514.017	443.85
522.058	82.8438
520.198	344.545
525.41	77.6712
531.05	98.7463
523.974	437.456
528.006	341.882
533.371	93.1758
535.405	345.737
545.948	28.3024
554.126	172.415
549.288	403.774
558.635	131.89
560.403	126.665
560.656	395.977
569.948	359.341
587.045	212.432
590.936	173.344
595.041	21.7108
597.939	226.565
606.942	143.794
613.995	54.2895
613.216	198.704
613.262	290.834
617.153	212.668
619.863	124.475
617.973	351.073
636.931	301.853
647.183	73.9202
647.183	73.9202
645.24	258.103
644.522	314.785
643.579	431.76
643.579	431.76
652.596	455.012
669.152	203.945
676.219	165.448
675.19	303.942
675.293	423.604
683.231	154.241
683.231	154.241
684.757	290.54
685.226	448.935
696.315	104.035
694.803	258.826
693.908	303.879
698.755	138.142
703.828	110.931
