-2244.59	278.599	2403.57
-1923.87	1037.47	2110.76
-1935.99	1239.72	2118.94
-2226.92	321.566	2548.22
-1942.41	919.676	2250.31
-2010.94	-888.255	2384.73
-2071.47	-1450.43	2472.57
-1924.55	1378.94	2224.9
-1947.3	-26.7103	2318.11
-1965.28	-664.001	2404.44
-1928.74	837.342	2317.62
-1936.31	-634.435	2419.16
-2039.9	-1198.74	2689.05
-1954.47	197.037	2584.36
-1940.21	1538.03	2529.56
-1901.16	654.8	2584.93
-1967.19	306.441	2726.04
-1983.2	-1064.51	2805.26
-1944.45	-647.649	2737.63
-1952.53	1665.08	2765.92
-1946.83	-520.95	2857.21
-1907.77	946.917	2806.77
-1969.05	530.142	2980.44
-1944.27	-108.258	3023.14
-1972.01	-833.425	3218
-1990.09	759.752	3249.88
-1980.68	-204.888	3295.1
-1987.26	606.899	3276.25
-1968.71	22.5793	3403.99
-1610.23	1071.95	2746.73
-1983.44	-612.514	3514.61
-1954.85	2198.93	3395.49
-1952.15	2276.16	3445.48
-2144.45	-801.078	3996.16
-1782.56	-824.348	3416.28
-1565.36	460.588	2990.4
-1928.65	1991.27	3624.21
-1492.28	469.269	3075.67
-2576.29	-2827.97	5499.76
-2047.64	-776.678	4786.53
-1955.17	-2181.96	4746.1
-1900.09	-639.39	5572.58
-1094.74	128.193	3319.62
-1709.91	-2174.57	6225.52
-791.364	473.424	2923.76
-1589.01	-1541.26	6361.2
-866.586	1323.44	3469.58
-867.661	1510.07	3526.99
-896.638	2192.95	3586.32
-1541.55	-3080.6	6963.95
-1701.24	-3908.94	8275.49
-1657.93	-5253.6	10555.3
-638.219	1715.14	3677.91
-1514.57	-5194.72	10435.1
-717.282	584.847	4482.49
-632.179	1474.13	4567.79
-612.345	1592.53	4691.66
549.412	54.9306	3784.23
549.412	54.9306	3784.23
2004.6	-4236.23	10062.4
2004.6	-4236.23	10062.4
3036.73	-5962.28	11926
2796.07	-3903.09	9507.68
1284.26	2090.31	4431.18
2754.22	-4725.36	8688.96
2820.53	-3080.74	8836.16
2914.14	-2725.78	8512.21
1937.38	584.086	5768.5
1805.78	1165.38	5207.41
1682.87	1872.21	4653.93
2673.65	-2723.75	6756.86
1916.67	1556.14	4898.7
2824.87	-2726.92	6829.32
2820.11	-2475.18	6603.17
2120.44	1575.75	4897.16
3009.64	-3604.81	6482.32
1982.83	2208.89	4526.52
2166.82	1617.17	4839.44
2878.24	-1651.79	6090.96
2735.58	-1332.96	5774
2708.8	-895.359	5331
2135.23	2079.22	4341.3
2355.51	1682.75	4733.17
2479.66	1357.89	4900.34
2100.99	2613.25	3993.78
2991.75	501.624	5212.14
3184.69	-3037.41	5288.68
2666.55	-386.15	4511.24
2234.25	2453.65	3833.36
2695.41	-120.828	4476
2750.06	-37.2683	4543.7
2639.48	226.798	4222.09
2637.48	-1958.1	4034.86
2810.78	-364.552	4340.77
2596.21	672.427	4001.09
2900.54	-205.778	4404.8
2320.29	2488.5	3618.98
2803.97	-407.762	4232.85
2704.4	-1171.26	4046.82
2518.12	1274.76	3766.61
2340.65	1943.57	3510.94
2710.11	-881.481	3893.32
2694.81	332.183	3883.13
2669.51	947.106	3763.52
2717.1	-1367.14	3672
2396.81	1547.68	3322.15
2695.11	-1199.67	3481.77
2718.82	788.352	3574.52
2346.86	1929.23	3060.28
2646.66	662.401	3211.72
2911.06	-1062.5	3416.67
2911.06	-1062.5	3416.67
2689.06	534.004	3156.76
2613.7	703.322	3067.17
2714.53	599.544	3159.45
3883.73	-515.649	4298.9
3477.57	-680.06	3826.18
3366.35	-1614.68	3391.21
-1931.62	1044.08	2118.1
-1937.2	1240.76	2120.28
-2289.55	389.957	2576.67
-2208.49	319.058	2528.18
-1947.66	922.275	2255.83
-2070.93	-1449.91	2472.04
-2007.1	-886.958	2380.82
-1903.46	1364.03	2201.28
-1949.95	-411.56	2320.48
-1943.47	-26.4547	2313.64
-1929.35	838.357	2319.31
-1920.34	-628.377	2400.53
-1958.08	87.7302	2457.14
-2039.04	-1198.2	2688.42
-1938.59	1536.93	2527.55
-2084.08	557.005	2768.44
-1970.3	306.916	2729.98
-1982.67	-1063.99	2804.76
-1936.73	-645.014	2726.42
-1950.07	1663.1	2762.7
-1896.91	941.011	2791.01
-1971.87	530.287	2984.64
-1980.67	-838.553	3060.29
-1941.11	-107.631	3018.34
-1968.65	-575.729	3151.26
-1968.75	-832.021	3212.86
-1976.87	171.227	3189.83
-1984.86	758.276	3240.17
-1984.86	758.276	3240.17
-1974.58	197.46	3274.75
-1951.12	-187.602	3347.76
-1954.31	2048.94	3328.66
-1962.72	2127.19	3379.15
-1789.16	-827.143	3427.69
-1938.23	2001.2	3641.59
-1964.88	-174.171	3800.9
-2179.4	-851.39	4484.71
-2556.71	-2809.76	5461.81
-1787.9	-1155.06	4203.18
-2006.97	-763.594	4694.72
-1946.59	-2172.92	4726.55
-1773.45	-973.473	4308.52
-1212.95	468.656	2956.17
-1848.9	-1762.78	4908.74
-997.031	1971.21	3136.08
-789.275	471.661	2915.9
-867.47	1324.82	3473.08
-865.69	1506.42	3518.27
-874.489	2140.58	3501.13
-1579.5	-3155.71	7122.01
-1897.35	-4465.28	8680.64
-875.966	2108.81	3602.39
-1441.65	-3311.75	6931.36
-692.166	1465.14	3522.65
-1777.22	-5006.47	10303.1
-638.626	1716.83	3680.43
-1505.4	-5170.06	10388.6
-719.354	587.29	4497.14
-631.765	1473.17	4565.34
547.556	55.5623	3772.12
547.556	55.5623	3772.12
1989.95	-4199.31	9980.07
1989.95	-4199.31	9980.07
1977	-2661.98	8618.44
2853.05	-5581.35	11163.4
2850.92	-3984.35	9702.19
1281.65	2086.85	4422.5
2696.96	-4619.71	8502.5
1377.1	2010.87	4370.17
2814.76	-2416.91	8373.96
1925.61	581.79	5732.3
1925.61	581.79	5732.3
1678.97	1871.5	4648.3
1678.97	1871.5	4648.3
2919.81	-1611.82	7582.22
2663.16	-2713.6	6730.93
1910.96	1551.94	4885.48
2847.72	-2890.85	6805.44
2123.1	1577.57	4903.35
3015.21	-3608.91	6490.3
2882.83	-1655.76	6101.92
2898.39	-2385.98	5950.9
2694.24	-1007.21	5458.93
2839.25	-1598.58	5662.92
2154.16	2096.53	4379.25
2337.02	1666.46	4692.31
2495.25	1366.51	4933.89
2096.75	2608.11	3987.57
2318.2	1827.66	4248.16
2989.62	501.234	5208.35
2290.14	1978.45	4054.74
3164.36	-3016.89	5252.57
2704.75	-818.793	4506.22
2229.4	2448.21	3823.79
2757.27	-37.2814	4555.94
2656.73	227.84	4250.22
2739.21	187.478	4321.12
2657.74	-1974.88	4067.29
2802.48	-363.458	4328.04
2597.97	673.729	4004.13
2325.42	2494.29	3627.37
2540.84	1287.38	3803.38
2358.99	1959.99	3540.9
2725.64	-810.061	3950.19
2727.73	-887.326	3919
2727.73	-887.326	3919
2705.82	333.619	3899.25
2648.42	936.982	3730.96
2722.37	-1370.04	3679.7
2400.38	1550.19	3327.7
2725.42	-1576.77	3651.05
2666.78	852.916	3617.31
2376.3	1953.57	3102.08
2638.78	659.779	3199.73
3299.51	-814.36	3898.04
2912.01	-1062.52	3413.71
2697.87	535.617	3166.95
2618.95	703.169	3074.14
2737.88	604.383	3185.85
3530.23	-639.233	3821.94
3530.23	-639.233	3821.94
3330.14	-1597.06	3353.95
-1957.3	1058.77	2145.38
-1932.24	1237.34	2115
-2290.78	390.583	2577.38
-2202.08	318.395	2520.5
-1945.99	920.835	2253.89
-2016.93	-890.628	2391.57
-2066.43	-1447.04	2466.98
-1920.63	1375.41	2220.09
-1955.43	-412.835	2326.94
-1944.41	-26.4707	2314.65
-1974.86	-667.372	2415.71
-1956.51	197.214	2587.09
-1940.03	1538.07	2529.41
-2093.83	559.541	2782.12
-2002.87	-1045.64	2718.48
-1970.55	306.866	2730.57
-1952.01	-648.932	2747.23
-1985.34	-1065.55	2808.42
-1892.78	836.616	2658.42
-1954.33	1666.58	2768.2
-1899.93	941.727	2796.13
-1976.91	531.989	2991.86
-1977.88	-837.144	3055.87
-1936.52	-107.122	3012.53
-1957.89	-305.039	3127.55
-1957.89	-305.039	3127.55
-1976.72	-835.949	3225.3
-1996.64	611.995	3289.45
-1990.63	663.011	3347.04
-1596.92	1062.75	2725.19
-1955.39	2279.99	3451.19
-2160.03	-806.734	4024.18
-1959.75	2308.22	3542.65
-1792.32	-828.513	3433.49
-1563.87	460.68	2986.95
-1548.11	441.363	3041.41
-2143.44	-780.394	4309.15
-2562.17	-2813.3	5471.06
-2032.95	-772.232	4756.16
-1790.57	-983.496	4345.47
-1091	127.903	3306.7
-1558.63	-1392.58	5473.23
-873.996	1673.34	3083.54
-791.6	473.411	2923.43
-834.125	606.527	3108.96
-1572.19	-1522.64	6298.62
-866.283	1323.23	3468.98
-864.575	1504.61	3513.31
-888.567	2172.55	3552.32
-1644.44	-3447.63	7447.86
-1543.66	-3087.75	6979.95
-886.304	1713.08	3656.64
-1706.38	-3918.43	8297.01
-1570.56	-4895.41	8304.28
-714.431	1738.11	3603.99
-691.898	1464.44	3521.01
-1734.71	-4890.42	10070.6
-1637.21	-5183.01	10420.7
-638.827	1716.27	3681.22
-718.999	586.459	4494.51
-644.709	945.041	4674.18
-633.104	1474.89	4573.7
545.019	55.3583	3758.67
545.019	55.3583	3758.67
2026.55	-5226.53	10953.8
2026.55	-5226.53	10953.8
1993.35	-2689.11	8694.01
2994.74	-5865.57	11749.6
2807.95	-3917.16	9542.33
1280.39	2084.93	4419.76
2726.1	-4671.25	8596.52
2858.18	-3130.96	8967.37
1395	2035.05	4422.92
1926.84	582.838	5735.4
1818.26	1171.82	5246.42
2955.33	-1632.81	7676.14
2664.97	-2716.39	6735.87
1769.93	1815.57	4673.34
1769.93	1815.57	4673.34
1905.64	1546.89	4871.04
2818.01	-2473.38	6598.46
2120.22	1575.35	4896.37
3018.5	-3612.56	6495.84
2171.86	1620.88	4850.55
2902.63	-1667.03	6145.33
2748.71	-1339.8	5802.41
2913.46	-2399.63	5985.08
2717.97	-897.874	5348.52
2153.98	2094.83	4377.95
2357.96	1684.35	4738.09
2490.16	1364.45	4922.88
2984.48	501.262	5198.86
2292.25	1979.59	4058.61
3187.59	-3040.21	5292.66
2634.5	-381.082	4455.22
2230.33	2449.22	3826.85
2230.33	2449.22	3826.85
2719.43	-121.416	4517.15
2757.74	-38.1648	4557.08
2474.54	611.763	4046.7
2728.79	-1021.7	4323.56
2641.26	-1960.44	4040.06
2829.98	-366.742	4371.86
2919.04	-207.377	4433.12
2322.21	2491.21	3622.28
2725.12	-1181.46	4079.74
2594.4	1315.97	3886
2362.22	1961.82	3544
3205.29	-209.907	4511.27
2670.49	948.034	3766.02
2417.77	1561.44	3351.8
2710.57	-1566.8	3630.56
2710.57	-1566.8	3630.56
2644.58	282.181	3580.78
2650.31	860.961	3499.82
2384.75	1960.32	3113.49
2440.16	1516.67	3148.42
3400.33	-350.445	4240.56
2900.97	-1058.85	3403.85
2703.76	537.486	3174.89
2610.86	702.409	3064.28
3328.71	-845.144	3844.41
3422.77	-675.41	3900.85
2709.86	1936.19	3149.89
2913.51	-1148.87	3287.01
2757.87	252.156	3138.49
2602.61	699.105	2905.81
3581.65	-649.169	3879.28
3373.98	-1619.79	3401.79
-1951.56	1055.49	2139.21
-1936.34	1240.03	2119.32
-1914.46	-483.953	2155.7
-2270.61	387.799	2555.71
-2207.82	319.2	2527.03
-1926.14	910.921	2232.2
-2075.81	-1453.43	2477.38
-2018.7	-892.104	2394.28
-1919.85	1375.58	2219.64
-1944.89	-26.7081	2315.2
-1923.95	-629.428	2405.3
-1954.85	87.5827	2453.36
-2038.59	-1198.26	2688.12
-1939.38	1537.66	2528.36
-1995.71	-1043.93	2711.23
-1897.38	653.97	2580.01
-1897.38	653.97	2580.01
-1976.22	308.048	2738.07
-1945.79	-647.738	2739.08
-1889.31	834.595	2653.82
-1958.49	1670.24	2774.02
-1944.69	-522.231	2854.93
-1903.61	944.609	2800.96
-1978	-836.585	3055.39
-1936.51	-107.448	3012.29
-1949.05	1878.25	3015.9
-1978.39	-835.98	3228.36
-1988.91	759.951	3246.3
-1974.72	-206.277	3286.98
-1997.51	610.363	3292.98
-1956.89	194.568	3247.18
-1957.89	2017.14	3255.72
-1957.83	-189.596	3360.32
-1613.4	1074.03	2752.35
-1979.83	-611.464	3507.92
-1788.15	-826.848	3426.88
-2161.42	-843.918	4449.7
-2610.55	-2862.41	5569.31
-1496.72	470.86	3086.68
-2030.82	-771.148	4748.45
-1938.23	-2163.24	4705.73
-1770.42	-972.945	4299.48
-2147.24	-2890.13	5366
-1865.59	-1775.84	4949.6
-1694.21	-1248.86	4778.57
-859.337	1348.97	2719.39
-851.306	450.351	2941.47
-795.842	476.813	2934.52
-866.099	1322.87	3468.04
-861.351	1500.27	3504.22
-1629.87	-3418.16	7385.36
-1883.87	-4432.36	8616.76
-1698.83	-3902.74	8262.3
-1564.4	-4875.95	8282.86
-692.123	1464.92	3522.13
-638.895	1717.19	3681.58
-1504.74	-5153.94	10359.6
-607.379	1581.58	4654.54
546.418	55.118	3777.51
546.418	55.118	3777.51
2009.91	-5175.6	10854.6
2009.91	-5175.6	10854.6
1985.69	-2677.53	8660.39
1985.69	-2677.53	8660.39
2854.82	-5584.73	11169.6
2827.32	-3949.64	9621.29
2756.17	-4731.76	8696.49
1934.8	583.374	5761.06
1672.54	1862.08	4627.32
1672.54	1862.08	4627.32
1910.73	1183.55	5179.2
1910.73	1183.55	5179.2
2678.78	-2729.38	6772.29
2840.56	-2622.6	6795.76
2826.83	-2480.73	6618.75
2119.18	1574.68	4893.8
3039.56	-3639.96	6545.76
1979.09	2204.55	4517.27
2917.51	-1675.08	6178
2842.63	-1776.1	5831.04
2667.18	-992.67	5400.13
2355.18	1682.2	4732.3
2499.08	1369.1	4940.17
2432.3	1649.58	4606.4
2980.12	500.19	5191.41
2285.99	1975.26	4047.29
3215.54	-3068.69	5342.67
2228.33	2446.99	3822.05
2228.33	2446.99	3822.05
2752.23	-36.8854	4546.79
2709.54	-911.057	4404.29
2650.77	228.074	4239.88
2703.29	-1097.49	4170.16
2625.02	-1946.72	4013.85
2818.5	-366.07	4353.3
2313.47	2276.02	3648.96
2882.93	-204.454	4378.2
2521.2	1276.28	3771.33
2373.83	1971.9	3562.42
2719.5	-807.117	3940.66
2696.85	332.654	3886.29
2664.24	354	3726.98
2692.68	-985.807	3695.66
2738.58	-1378.13	3702.76
2429.4	1568.78	3369.52
2732.15	-1578.59	3659.04
2628.31	853.371	3468.44
2456.32	1526.92	3171.6
2565.1	796.465	3217.14
2705.59	538.29	3177.33
2647.59	712.543	3110.41
3467.44	-685.32	3952.8
2750.04	1967.9	3200.73
2763.25	253.166	3144.39
3677.25	-487.834	4064.37
2591.14	696.049	2892.91
3234.93	-1125.62	3418.42
3234.56	-1599.7	3353.83
4046.07	-933.398	4203.59
-2266.68	280.825	2426.27
-1949.07	1053.8	2135.67
-1935.03	1239.13	2117.94
-1946.18	-490.327	2190.41
-2210.19	318.921	2529.36
-1945.2	921.107	2252.86
-2067.59	-1447.65	2468.25
-1926.85	1380.45	2228.21
-1956.53	-412.415	2327.49
-1966.57	-664.389	2405.46
-1946.27	847.241	2335.81
-2049.19	-1203.35	2700.69
-1956.43	196.916	2586.72
-1937.63	1536.28	2526.21
-1995.54	-1268.35	2738.37
-1973.41	307.674	2734.4
-1960.78	-910.871	2759.28
-1978.29	-657.423	2783.93
-1895.03	837.131	2661.59
-1953.75	1666.49	2767.5
-1973.63	530.951	2987.13
-1973.63	530.951	2987.13
-1948.35	-306.89	3001.9
-1950.45	-108.135	3033.11
-1956.38	-717.884	3151.29
-1969.31	-832.4	3213.97
-1982.6	756.85	3236.67
-1985.04	607.101	3271.38
-1960.19	194.706	3251.85
-1963.11	-85.6383	3271.5
-1943.65	-187.205	3335.3
-1949.33	2093.2	3270.49
-1594.3	1060.97	2721.45
-1959.47	2203.95	3402.54
-2138.27	-799.463	3985.25
-1787.1	-826.018	3423.12
-2585.23	-2838.35	5518.79
-1478.65	465.46	3049.33
-1819.73	-1176.09	4279.31
-2012.46	-765.055	4708.16
-1777.52	-975.977	4317.56
-1853.98	-2144.28	4757.76
-1280.37	128.291	3460.61
-908.575	1220.92	2489.23
-998.869	1977.46	3146.98
-790.997	472.827	2920.58
-1584.03	-1537.17	6343.56
-866.604	1323.5	3469.68
-859.141	1496.18	3494.4
-1622.56	-3405.19	7360.57
-1886.68	-4438.16	8628.03
-1416.15	-3253.5	6812.76
-1693.46	-3892.21	8239.56
-765.957	1295.4	3437.46
-1572.11	-4900.55	8325.24
-1572.11	-4900.55	8325.24
-638.466	1716.48	3679.48
-643.516	944.02	4664.01
-609.332	1585.64	4668.16
544.107	54.5435	3764
544.107	54.5435	3764
1990.23	-5111.62	10738.7
1990.23	-5111.62	10738.7
1973.71	-2659.89	8604.7
2868.73	-5617.82	11232.3
2931.77	-4935.19	10721.5
2706.69	-4637.46	8535.71
2869.77	-3143.71	9000.64
1349.03	1994.07	4327.66
1388.82	2034.76	4419.81
2724.6	-3766.52	7829.51
1931.7	584.59	5749.65
1291.23	1780.61	3903.76
1916.84	1185.48	5197.83
2920.38	-1613.06	7582.32
1905.71	1547.13	4869.5
2815.01	-2470.6	6590.64
2992.91	-3575.42	6654.46
2122.65	1577.3	4902.4
2126.86	1671.49	4890.06
1939.37	2157.84	4421.79
2723.93	-1326.25	5747.84
2868.3	-2359.58	5889.24
2681.3	-1001.74	5432.74
2847.04	-1539.31	5736.19
2685.27	1402.63	5051.93
2296.6	1977.19	4261.21
2992.82	501.307	5214.55
2296.68	1983.63	4067.21
2722.04	-245.701	4670.33
3198.03	-3050.46	5311.03
2236.35	2455.95	3836.37
2236.35	2455.95	3836.37
2689.05	-870.486	4439.18
2759.59	-37.8353	4559.91
2639.54	226.92	4221.21
2640.66	-1960.56	4039.9
2822.84	-366.913	4359.48
2768.28	207.969	4229.65
2326.19	2495.37	3628.72
2703.03	-624.783	4060.23
2501.96	1265.74	3742.39
2376.05	1973.33	3565.96
2705.07	333.781	3898.26
2644.34	934.169	3724.35
2651.17	351.476	3708.35
2708.85	-991.191	3717.16
2715.79	-1366.9	3670.51
2410.2	1556.43	3342.32
2768	-1601.88	3710.12
2658.86	851.452	3606.84
2693.08	-1150.6	3554.86
2434.16	1858.74	3290.71
2338.35	1922.53	3049.42
2624.87	656.103	3183.08
2692.79	535.225	3161.64
2602.94	698.966	3054.38
3299.73	-838.529	3811.92
2704.17	596.644	3146.4
2739.89	1960.74	3187.62
2891.65	-1140.09	3261.77
3803.28	-505.802	4213.8
3393.93	-880.052	3726.31
3561.64	-648.243	3684.36
3382.06	-1623.03	3408.81
