-1960.02	1296.62	2124.85
-1955.04	1056.91	2144.2
-2290.55	390.942	2577.92
-2224.29	321.3	2546.24
-2108.69	-1307.96	2479.62
-1965.59	928.565	2276.79
-1928.35	1381.38	2229.92
-2054.95	-906.862	2434.84
-2083.74	-1457.99	2486.94
-1973.34	-415.004	2347.08
-1963.74	-26.6117	2337.38
-1963.74	-26.6117	2337.38
-2059.23	-1320.72	2585.04
-1943.54	-637.271	2427.63
-1975.71	88.5451	2479.13
-1975.71	88.5451	2479.13
-2052.43	-1206.33	2706.15
-2098.69	561.338	2789.12
-1964.33	1568.02	2658.73
-1991.24	-1068.27	2816.49
-1907.24	843.076	2679.57
-1942.35	786.915	2786.78
-1971.15	1755.69	2832.32
-1916.33	951.007	2820.17
-1955.03	-307.421	3012.26
-2020.25	-977.865	3147.87
-1965.26	1893	3042.18
-2001.19	-847.09	3265.83
-1984.16	-205.539	3301.1
-1538.7	1220.09	2609.08
-1971.49	-609.113	3489.46
-1970.97	2261.08	3404.36
-2166.04	-809.396	4036.58
-1920.36	-880.484	3655.58
-1970.3	-173.444	3810.54
-1541.37	442.3	3083.24
-1532.68	482.039	3156.03
-1536.04	925.187	3155.74
-1536.04	925.187	3155.74
-1821.58	-997.79	4424.12
-2164.9	-2909.63	5407.49
-1706.77	-1254.71	4815.93
-1446.54	2621.02	3908.46
-1707.49	-1529.64	5207.55
-1086.84	128.112	3295.44
-1139.69	1014.33	3636.95
-876.211	1675.93	3091.15
-793.909	474.368	2929.08
-793.909	474.368	2929.08
-828.745	603.57	3089.73
-870.179	1328.62	3484.11
-887.546	1537.45	3590.4
-886.848	1712.91	3657.09
-887.246	2132.77	3644.51
-1566	-3127.44	7055.31
-1649.86	-3455.44	7465.67
-1921.34	-4520.23	8787.79
-1674.09	-3833.78	8132.42
-784.263	1665.33	3678.46
-1434.96	-1024.84	7137.17
-1568.05	-4899.65	8306.01
-711.835	1731.28	3591.83
-713.9	583.731	4464.77
-567.848	246.939	4110.91
-634.062	1478.05	4579.83
-605.944	1665.99	4610.86
-160.796	915.677	4708.61
179.21	916.889	4369.26
467.11	509.436	4035.44
594.321	1013.67	4673.13
600.88	702.249	4319.36
1191.88	2014.4	4410.97
1276.89	2076.33	4399.72
2703.65	-4640.41	8528.92
2943.77	-4753.02	9112.77
2594.54	-2078.36	7983.92
2738.71	-2013.01	7971.42
1469.88	512.3	4240.06
1828.53	1175.67	5279.16
1708.09	1906.62	4729.77
1708.09	1906.62	4729.77
1896.94	1174.02	5142.67
2893.38	-1598.54	7516.85
2616.27	-2668.39	6611.95
2767.13	-2849.32	6825.4
2765.78	-2426.74	6473.19
2060.53	1377.89	4711.21
2060.53	1377.89	4711.21
1925.36	2149.06	4394.82
2022.15	1642.45	4495.09
2911.87	-3610.07	6130.06
2864.7	-2358.49	5883.18
2833.94	-1774.07	5817.89
2109.19	2146.95	4459.89
2817.64	-1456.7	5553.42
2394.05	1625.99	4538.32
2695.62	-610.136	4720.42
2951.7	517.98	5143.1
2649.42	-386.46	4488.75
3110.15	-2977.14	5169.75
2198.11	2412.1	3772.51
2641.87	-120.505	4397.24
2695.49	-35.684	4452.63
2441.84	601.827	3991.69
2662.74	-1980.05	4069.83
2273.68	2236.95	3582.89
2558.49	662.319	3942.72
2667.02	-761.358	4045.3
2825.99	-199.437	4288.64
2813.64	-333.61	4244.97
2266.11	1147.45	3386.64
2700.41	-880.51	3881.12
2668.71	-1349.29	3778.68
2678.73	-911.754	3787.57
2628.71	736.059	3673.7
2410.5	1557.16	3346.5
2664.97	-1539.67	3568.09
2367.56	2120.1	3242.88
2586.97	839.346	3418.65
3360.02	-191.748	4291.04
2356.77	1466.55	3040.77
2420.47	1502.44	3095.71
2569	642.33	3117.28
2589.56	712.582	3131.76
2442.59	1591.15	2940.04
2645.66	525.59	3106.58
2677.13	1914.08	3115.44
2689.72	247.221	3059.72
3257.93	-1184.63	3586.66
3412.44	-667.898	3757.09
3508.92	-635.925	3800.31
3423.01	-944.978	3465.41
-2318.78	286.958	2480.3
-1946.17	1287.77	2109.2
-1964.65	1061.21	2152.9
-2314.89	394.723	2603.45
-1961.19	926.478	2270.85
-1957.71	1352.04	2272.35
-1968.03	-663.238	2407.27
-2053.79	-1317.45	2579.08
-1968.57	87.0279	2471.84
-2045.78	-1201.97	2697.27
-1962.85	-338.344	2609.6
-2123.26	567.452	2820.01
-1957.36	1562.47	2650.41
-1982.76	308.31	2747.53
-1959.39	1641.31	2685.15
-1959.39	1641.31	2685.15
-1978.96	-917.892	2783.23
-1962.73	-653.431	2762.3
-1897.55	838.521	2667.12
-1897.55	838.521	2667.12
-1919.21	777.623	2754.03
-1959.18	-301.991	3127.9
-1964.55	-196.984	3148.56
-2005.64	-850.408	3269.67
-1975.93	2060.73	3169.28
-2000.44	612.396	3296.27
-1972.91	198.349	3270.74
-1998.58	757.405	3399.27
-1975.54	-190.545	3388.48
-1516.76	1204.19	2575.37
-1952.9	2240.95	3373.9
-1980.58	-611.393	3508.29
-1933.02	1942.32	3360.93
-1963.46	-174.132	3800.92
-2161.13	-785.514	4344.37
-1804.11	-1164.78	4244.07
-1931.06	-2155.46	4690.01
-2147.3	-2887.42	5368.43
-1849.36	-2139.71	4752.47
-1779.08	-2083.36	4802.03
-1500.42	2643.42	3888.81
-1645.39	-1019.16	5362.71
-1143.72	1017.5	3649.2
-1015.98	2008.05	3194.05
-1819.18	-2304.21	6594.1
-783.068	468.445	2894.07
-783.068	468.445	2894.07
-829.409	604.465	3092.81
-1550.02	-1503.33	6208.88
-1321	-598.656	5533.4
-855.677	1486.62	3471.42
-875.174	1693.66	3615.59
-1854.82	-4907.54	9032.52
-1522.05	-4760.52	8043.97
-704.517	1715.96	3560.53
-690.955	1462.9	3516.51
-640.112	1719.55	3689.43
-713	582.87	4458.4
-583.376	1702.13	4011.51
-644.673	944.91	4664.81
-598.002	1650.08	4570.71
214.948	895.21	4400.36
214.948	895.21	4400.36
332.822	440.307	3890.34
465.684	399.235	3682
2017.28	-5195.8	10898.6
2017.28	-5195.8	10898.6
1981.27	-3008.37	8934.5
1981.27	-3008.37	8934.5
2670.77	-4581.11	8420.49
2821.62	-3092.66	8854.04
2928.5	-2748.64	8559.31
1929.76	580.295	5749.77
1929.76	580.295	5749.77
1745.66	1621.03	4742.9
2802.73	-2887.83	6916.31
2734.43	-1469.47	6753.47
1812.24	1864.4	4487.98
2786.06	-2445.26	6522.69
2945.74	-3515.93	6547.46
2124.73	1422.54	4867.79
2124.73	1422.54	4867.79
1973.38	2200.82	4501.36
2926.82	-3498.28	6284.4
2864.7	-2330.52	6075.59
2859.87	-2211.13	5983.86
2198.27	1201.22	4576.23
2305.53	1535.72	4766.25
2813	-1452.9	5542.06
2307.54	1645.59	4634.06
2168.44	1982.25	4294.35
2371.88	1608.37	4491.42
2247.43	2106.78	4217.75
2818.16	484.712	4911.4
3135.22	-3000.74	5213.74
2209.52	2424.65	3798.39
2209.52	2424.65	3798.39
2658.31	-805.766	4428.76
2658.31	-805.766	4428.76
2670.87	-303.339	4439.15
2706.37	-36.704	4472.35
2673.89	-1086.76	4126.8
2552.81	660.422	3933.48
2805.48	-198.83	4259.56
2735.89	-398.848	4128.8
2673.23	-619.757	4016.61
2463.97	1251.08	3686.96
2301.54	1912.42	3449.89
2746.56	363.766	4066.34
2743.11	-933.459	3880.23
3142.41	-205.754	4421.19
2666.69	-977.167	3660.64
2403.82	1553.66	3326.08
2347.08	2163.78	3237.12
2723.16	643	3707.21
2673.73	-1546.57	3581.74
2673.73	-1546.57	3581.74
2352.23	2102.19	3217.25
2563.07	704.009	3096.72
2563.07	704.009	3096.72
2672.88	588.495	3110.98
2659.06	1900.74	3092.67
2711.14	248.775	3086.73
2768.66	-1090.05	3121.56
2544.44	684.401	2840.33
2544.44	684.401	2840.33
3692.68	-490.399	4086.27
3742.06	-355.672	4126.37
3456.62	-870.725	3628.67
3268.97	-1317.83	3308.25
3230.44	-1549.17	3253.86
3688.59	-870.589	3659.48
-1965.72	1300.52	2129.95
-1966.83	1061.51	2155.5
-1958.23	1253.72	2144.08
-1931.31	-483.25	2173.51
-1963.38	-139.449	2208.53
-2308.65	393.527	2597.88
-2258.76	326.259	2584.68
-1959.15	926.239	2268.67
-2073.68	-1451.23	2475.17
-1957.54	-411.593	2328.76
-1937.12	840.968	2330.01
-1965.73	-663.713	2404.4
-1964.55	86.8008	2466.86
-1964.55	86.8008	2466.86
-2058.33	-1208.96	2713.13
-2013.55	-1052.47	2733.72
-1911.11	753.623	2559.48
-1965.12	-655.36	2766.94
-1905.86	842.69	2677.37
-1955.07	1711.88	2732.76
-1982.96	510.453	2818.89
-1973.61	-20.6025	2914.15
-1985.89	-840.865	3068.31
-1941.16	-107.98	3020
-1966.88	1939.92	3017.7
-1971.2	-303.033	3145.67
-1998.84	-846.587	3261
-1979.09	-206.646	3294.3
-1973.2	2158.41	3275.6
-2017.16	671.112	3390.78
-1993.68	755.382	3391.51
-1532.44	1216.94	2604.84
-1919	1930.17	3335.37
-2052.72	2759.85	3944.12
-1548.28	440.237	3043.05
-2164.35	-786.608	4350.57
-1503.68	473.808	3099.17
-2598.56	-2863.35	5555.83
-2598.56	-2863.35	5555.83
-2069.3	-840.767	4546.12
-1830.57	-1182.12	4304.91
-1954.48	-2182.11	4747.89
-1687.96	-1241.65	4765.82
-1714.84	-1537.72	5228.64
-1631.72	-1011.18	5319.9
-1016.9	2011.16	3199.95
-1677.15	-1220.09	5703.96
-1053.44	2127.61	3545.17
-790.853	472.615	2920.65
-824.755	601.132	3076.74
-824.755	601.132	3076.74
-1573.09	-3216.29	6696.49
-1568.7	-3134.58	7073.15
-850.937	1732.01	3632.84
-1864.33	-4938.04	9091.61
-793.52	2155.23	3669.49
-1569.72	-4900.03	8287.13
-709.979	1725.24	3578.57
-688.309	1458.02	3505.82
-688.309	1458.02	3505.82
-637.815	1714.05	3677.51
-1476.73	-4719.04	9493.68
-722.796	589.713	4512.55
-591.378	254.23	4251.78
316.04	562.413	3888.94
339.654	500.568	3833.51
495.928	987.878	4277.51
671.737	890.646	4292.72
2018.93	-5200.36	10909
2018.93	-5200.36	10909
1990.39	-3019.08	8973.92
1960.93	-2641.18	8547.65
1272.45	2068.68	4382.23
2719.19	-4663.33	8575.43
2753.44	-3016.85	8634.87
1435.19	2078.56	4518.46
2745.91	-2360.11	8159.5
1912.01	578.027	5691.04
1912.01	578.027	5691.04
1428.29	1971.41	4317.33
2685.35	-3710.54	7714
1797.88	1160.06	5190.1
1971	1849.54	5413.47
2887.82	-1592.74	7503.94
3038.62	-3263.68	7391.96
2082.67	1550.02	4807.69
2802.64	-1609.99	5930
2650.55	-1290.62	5589.89
2857.74	-2209.47	5980.12
2203.1	1203.86	4587.4
3086.91	-2192.91	6199.44
2166.08	1979.67	4289.16
2687.34	1333.2	5194.71
2373.96	1610.06	4496.91
2401.31	1724.76	4420.5
2626.16	-214.734	4568.6
2809.29	480.344	4896.02
3030.92	-2903.78	5038.92
3030.92	-2903.78	5038.92
2198.42	2412.41	3777.14
2668.76	-897.148	4336.33
2421.61	595.605	3956.25
2285.98	2076.7	3755.08
2673.29	-397.38	4303.56
2286.86	2249.44	3601.63
2713.78	94.1787	4193.94
2829.4	-201.247	4298.09
2473.69	1255.87	3703.57
2337.43	1943.18	3506.19
2672.28	-795.936	3873.65
2620.19	919.509	3831.66
2687.05	-914.402	3800.07
3211.21	-210.189	4517.43
2347.03	1875.06	3344.55
2570.63	340.426	3596.01
2638.14	738.398	3688.05
2678.46	-1474.49	3693.6
2675.78	-1346.66	3618.4
2327.9	2146.1	3210.16
2298.54	1888.63	2997.63
3165.88	-630.357	3886.51
2881.73	-1053.15	3385.89
2631.99	522.885	3089.7
3422.91	-592.339	3908
2556.24	686.647	2854.94
2556.24	686.647	2854.94
3261.36	-1186.32	3593.23
2482.81	1709.44	2775.31
3466.65	-678.261	3815.74
3140.47	-1148.97	3271.01
3203.2	-1290.47	3240.83
3650.28	-861.737	3622.06
-1961.97	1255.72	2148.02
-1946.76	-137.671	2189.79
-2280.71	389.326	2568.1
-2245.26	324.467	2569.85
-1969.55	931.366	2280.52
-2064.88	-1281.31	2430.13
-1941.72	1390.37	2244.5
-2079.07	-1454.8	2481.63
-1972.62	-416.16	2346.81
-1946.78	845.393	2339.75
-1961.59	-662.422	2400.9
-2063.21	-1323.48	2590.55
-1954.5	1009.99	2496.88
-2056.63	-1207.41	2710.74
-2112.11	564.967	2807.31
-1953.55	1560.2	2644.72
-1979	308.467	2742.1
-1971.86	-1179.06	2832
-1981.28	423.782	2871.39
-1990.4	534.402	3012.54
-1993.34	-843.424	3078.93
-1963.62	-308.628	3025.01
-1985.53	2023.44	3024.23
-1935.85	-108.133	3011.18
-1954.24	36.6655	3059.12
-1999.56	-848.334	3261.09
-1961.51	2045.97	3147.83
-1990.01	759.483	3249.16
-1990.01	759.483	3249.16
-1975.55	197.611	3274.2
-1555.54	1235.87	2643.93
-1977.01	-92.0786	3409.34
-1979.78	18.9339	3422.28
-1983.56	-612.53	3513.93
-1892.26	1904.35	3292.69
-1971.45	2298.81	3480.52
-1554.77	441.636	3054.61
-2176.43	-850.423	4479.87
-2604.07	-2871.63	5568.82
-1786.34	-1154.2	4206.14
-1781.15	-978.018	4328.72
-1781.15	-978.018	4328.72
-1512.4	2103.2	3578.34
-1230.28	475.855	2999.22
-2125.89	-2862.15	5319.58
-1733.48	-1551.84	5276.66
-1001.48	1980.5	3150.24
-789.892	472.331	2913.61
-1558.35	-1509.08	6247.58
-860.908	1494.29	3489.31
-1557.82	-3114.22	7030.79
-1642.78	-3440.87	7433.86
-853.648	1736	3641.48
-853.648	1736	3641.48
-1761.02	-4033.29	8548.28
-778.612	1653.04	3650.25
-847.914	-205.692	4123.18
-639.797	1718.67	3686.68
-1591.2	-5046.88	10151
-716.813	585.676	4483.84
-587.988	249.605	4221.41
-629.705	1469.19	4556.22
-607.143	1672.07	4627.8
-185.221	872.823	4296.49
-185.221	872.823	4296.49
209.08	1050.05	4182.45
566.327	1622.62	4668.86
479.873	387.896	3521.4
475.969	473.628	3481.38
640.757	1561.75	4647.47
2025.24	-5212.23	10944.4
2025.24	-5212.23	10944.4
747.197	903.553	4222.33
1189.19	2007.68	4397.77
2793.15	-3899.96	9495.99
2859.06	-4604.57	8836.67
1387.79	2053.02	4450.71
1916.26	578.457	5704.73
1916.26	578.457	5704.73
2698.58	-1983.15	7854.27
2698.58	-1983.15	7854.27
1949.71	1828.84	5357.18
2894.35	-1596.98	7517.23
1895.24	1348.25	4991.17
2673.09	-2726.21	6757.86
1889.03	1535.37	4825.83
1918.92	1974.98	4754.4
2779.27	-2439.52	6507.14
2941.62	-3517.45	6321.73
2847.62	-2315.79	6037.6
2157.83	2110.44	4590.83
2102.91	2140.17	4444.18
2803.52	-1387.07	5767.45
2762.35	-1145.24	5455.31
2663.58	-879.556	5240.9
2702.28	1339.48	5221.02
2372.79	1608.86	4493.95
2658.89	1390.29	5001.58
2408.04	1730.34	4434.3
2810.19	482.093	4898.07
2207.22	2421.96	3791.22
3128.31	-3006.32	5210.77
2704.23	-36.8513	4468.78
2652.5	225.095	4247.68
2683.77	-1005.26	4252.67
2265.04	2227.91	3568.96
2675.52	-1087.32	4128.96
2267.41	2225.82	3558.8
2712.38	94.0024	4191.66
2493.54	1265.46	3729.85
2655.23	-1253.18	3885.8
2830.99	116.568	4159.8
2315.06	1848.91	3296.58
2575.29	340.576	3600.96
2636.78	737.908	3686.09
2650.52	-1334.28	3582.39
2572.36	274.002	3482.78
2675.73	-1547.03	3583.82
2548.19	813.184	3452.71
2833	-776.616	3803.88
2366.24	1806.64	3195.14
3260.19	-700.494	3947.24
2627.82	522.225	3084.99
3294.71	-838.045	3809.17
5482.71	-3847.84	6288.85
5482.71	-3847.84	6288.85
2677.62	1915.8	3117.27
3392.82	-586.838	3872.41
3322.72	-655.936	3784.28
2546.48	683.186	2844.6
2640.71	588.833	2889.5
3182.73	-1107.83	3362.47
3238.75	-1305.78	3277.08
-2306.09	285.537	2466.28
-1959.43	1296.7	2124.34
-1948.32	1052.62	2136.55
-1968.16	-139.826	2213.33
-1968.16	-139.826	2213.33
-2261.19	326.675	2587.2
-1971.08	932.144	2282.7
-1946.81	1393.89	2250.26
-2021.85	-894.097	2398.9
-2308.7	554.667	2719.78
-2078.56	-1454.56	2481.21
-1961.76	-26.8163	2334.93
-1967.05	853.49	2362.44
-2061.22	-1322.58	2588.81
-1967.98	88.0417	2469.99
-1967.98	88.0417	2469.99
-2062.73	-1210.99	2718.4
-2116.22	565.922	2812.15
-1962.39	1643.46	2689.3
-1900.21	839.959	2670.08
-1954.45	1711.81	2732.17
-1954.49	-523.637	2868.99
-1953.18	-415.976	2875.59
-1979.6	-22.8514	2924.1
-1986.58	-841.514	3069.84
-1996.61	-967.585	3113.01
-1968.37	-197.59	3153.7
-1970.77	-722.889	3174.3
-1969.3	2053.6	3158.8
-1991.62	759.795	3251.01
-1970.48	196.885	3265.78
-2007.58	667.775	3374.8
-1964.55	-192.333	3373.08
-1485.44	1182.25	2525.29
-1982	-503.548	3438.37
-1914.31	1741.02	3293.66
-1969.52	2295.87	3477
-2017.65	-924.918	3834.5
-1495.35	470.748	3083.28
-2588.94	-2850.9	5531.94
-1763.02	-1140.78	4153.22
-1250.13	482.803	3042.66
-2172.31	-2919.9	5427.03
-1443.76	2616.53	3901.17
-866.103	1257.05	2539.57
-997.913	1975.54	3142.57
-1643	-1017.4	5356.83
-831.833	442.053	2883.17
-1762.05	-2236.64	6406.7
-827.809	603.756	3087.49
-827.809	603.756	3087.49
-858.049	1729.5	3209.27
-1604.88	-1551.67	6420.67
-1332.95	-600.957	5552.6
-1582.53	-3160.08	7135.61
-1642.18	-3441.96	7438.98
-1910.73	-4498.89	8745.98
-1853.36	-4909.46	9041.42
-1439.67	-1031.49	7161.59
-715.463	1739.35	3608.49
-687.695	1457.07	3503.16
-687.695	1457.07	3503.16
-715.647	582.232	4472.15
-1480.53	-5085.98	10237.1
-586.208	249.558	4207.67
202.23	1131.13	4102.31
567.234	1761.48	4480.86
488.198	777.809	3771.57
502.753	574.166	3561.82
501.153	615.331	3534.47
638.958	1691.48	4489.33
2012.84	-5180.93	10877.5
2012.84	-5180.93	10877.5
842.138	886.686	4139.02
1982.18	-2672.67	8644.8
1982.18	-2672.67	8644.8
1191.05	2011.54	4405.24
1191.05	2011.54	4405.24
2750.24	-4722.44	8680.5
1805.63	1160.82	5211.21
1948.77	1823.6	5343.3
2906.39	-1605.13	7550.53
2793.05	-2877.9	6893.59
3060.85	-3286.52	7444.91
1886.2	1941.65	4672.5
2774.56	-2434.45	6494.41
2089.94	1555.39	4823.82
2864.15	-2329.69	6073.82
2683.48	-1307.79	5662.21
2077.28	2113.97	4390.51
2116.08	2058.74	4299.12
2841.45	-1468.42	5602.17
2721.95	1350.91	5263.36
2069.67	2575.53	3935.64
2655.53	1389.22	4996.28
2413.65	1733.86	4444.06
2692.81	-609.344	4713.76
2198.64	2411.04	3779.36
3103.84	-2982.56	5168.88
3103.84	-2982.56	5168.88
2705.56	-36.3465	4470.05
2489.22	611.438	4066.11
2589.83	510.383	4196.66
2735.41	-74.3283	4381.41
2660.49	-563.502	4236.79
2692.91	-1148.37	4109.33
2692.91	-1148.37	4109.33
2316.02	1174.21	3467.32
2323.08	1931.38	3484.69
2705.25	-1368.4	3831.98
2688.27	-1415.19	3759.89
3159.31	-207.216	4443.24
3199.4	-236.208	4359.06
2585.27	274.184	3499.2
2585.27	274.184	3499.2
2307.63	1897.09	3011.76
2945.37	-775.742	3733.35
2410.63	1496.3	3083.93
2493.39	776.103	3128.87
3126.49	-670.003	3777.53
2625.44	656.4	3184.42
3078.49	-757.923	3631.15
2642.15	525.541	3102.8
5435.06	-3814.31	6233.27
3432.27	-594.274	3918.57
2701.49	247.576	3074.37
2554.71	685.433	2853.63
2554.71	685.433	2853.63
3184.34	-1069.77	3438
3149.96	-1152.42	3281.2
3262.35	-1564.77	3286.74
3356.97	-1022.12	3320.26
