-1925.45	1274.56	2086.82
-1926.82	1233.9	2109.66
-1935.43	1046.33	2122.7
-2274.31	388.013	2559.78
-2210.67	318.974	2530.45
-1942.19	919.474	2250.2
-1991.65	-992.004	2358.7
-2074.97	-1451.98	2476.9
-1947.34	-25.9221	2317.38
-1947.34	-25.9221	2317.38
-2046.35	-1311.81	2568.61
-1957.53	86.2458	2457.79
-1957.53	86.2458	2457.79
-1945.32	-739.676	2474.11
-2079.18	555.81	2763.57
-2005.07	-1274.21	2751.39
-1943.84	-521.614	2735.86
-1899.19	840.45	2665.91
-1975.84	-1182.39	2837.86
-1907.42	772.838	2737.89
-1899.25	943.756	2793.69
-2011.76	-1083.44	3021.9
-1932.11	1748.24	2867.54
-1938.66	1836.5	2913.42
-1949.94	-307.05	3004.27
-1941.84	1915.24	2978.46
-1963.83	630.871	3093.66
-1973.36	-836.505	3220.35
-1941.83	2024.88	3113.14
-1967.64	195.701	3263.91
-1961.27	-86.3094	3268.26
-1974.4	809.659	3303.33
-1564.25	1239.74	2653.21
-2168.14	-810.169	4038.67
-1920.57	-882.897	3663.37
-1957.2	-175.261	3789.58
-2242.11	-754.334	4562.27
-1507.07	473.245	3103.43
-1917.86	-1433.04	4469.83
-2013.98	-761.95	4703.39
-2191.63	-2944.93	5473.73
-1858.05	-1766.33	4931.88
-1431.21	2593.42	3865.83
-1685.52	-1226.71	5734.57
-797.354	476.599	2941.25
-830.235	605.371	3096.73
-830.235	605.371	3096.73
-858.55	1732.38	3210.83
-897.79	2196.62	3591.97
-859.526	1497.45	3496.98
-889.57	1718.41	3668.49
-1580.22	-3156.72	7120.71
-1641.85	-3441.95	7436.79
-1657.76	-3802.63	8065.47
-829.145	2257.97	3835.49
-1570.41	-4908.21	8314.5
-684.898	1452.13	3491.03
-684.898	1452.13	3491.03
-638.325	1714.26	3678.85
-720.04	588.215	4504.23
-1516.1	-5212.59	10488.9
567.601	56.9159	3870.33
567.601	56.9159	3870.33
2804.88	-6254.23	11650.7
1957.44	-2145.14	8119.79
1957.44	-2145.14	8119.79
1275.61	2076.71	4402.37
2683.5	-4601.47	8460.3
1471.04	2044.2	4475.46
1942.58	583.085	5787.28
1942.58	583.085	5787.28
1797.75	1153.89	5185.7
2884.32	-1590.95	7485.99
2800.47	-3029.74	7060.99
1913.54	1553.14	4890.89
2815.2	-2900.05	6946.8
2822.66	-2863.11	6743.74
2023.08	1527.21	4903.42
2796.05	-2452.23	6545.16
3068.53	-3524.18	7036.58
2113.71	1569.2	4881.25
2892.53	-2113.37	6441.42
1974	2198.88	4503.17
2081.69	2114.7	4396.65
2851.56	-1472.91	5619.63
2344.31	1669.62	4707.15
2102.26	2615.04	3998.1
2462.13	1766.83	4531.99
2658.62	-216.675	4623.27
2968.9	520.626	5173.88
3169.38	-3034.78	5270.47
2259.21	2479.7	3882.12
2716.57	-823.345	4526.79
2746.77	-37.0786	4538.03
2722.79	-915.071	4424.29
2704.64	-542.281	4196.49
2719.89	-2024.88	4160.55
2719.89	-2024.88	4160.55
2597.02	672.836	4002.49
2692.36	199.194	4109.02
2846.89	-336.479	4297.12
2726.05	-1378.08	3860.56
2638.26	931.004	3715.4
2725.51	-1371.78	3684.57
2622.54	278.372	3548.86
2360.05	2103.2	3221.98
2426.5	1852.44	3280.69
2625.16	852.154	3466.09
2902.72	-817.44	3745.76
2902.72	-817.44	3745.76
2388.22	1963.83	3117.56
2469.12	1532.43	3168.45
3244.04	-645.073	3981.55
2494.23	1624.91	3004.09
2685.7	534.694	3153.79
5490.42	-3850.67	6297.78
2712.75	597.549	3156.12
3513.82	-607.075	4009.45
2904.54	-1144.28	3277.6
3349.15	-778.664	3753.95
2587.64	693.348	2890.3
2587.64	693.348	2890.3
3260.08	-1184.78	3592.08
2534.01	1745.41	2833.42
3479.87	-960.003	3522.5
3367.87	-1614.61	3394.23
-2305.67	285.302	2466.13
-1932.93	1237.8	2115.96
-1934.21	1046.24	2121.06
-2215.35	320.195	2535.8
-1931.21	915.437	2237.8
-1905.17	1365.68	2203.13
-2000.08	-996.097	2368.35
-2012.04	-889.678	2386.86
-2071.2	-1449.63	2472.84
-1957.69	-413.478	2329.92
-1950.1	-26.2992	2321.02
-1950.1	-26.2992	2321.02
-1931.54	839.703	2320.98
-2035.52	-1306.26	2556.56
-1960.5	86.3491	2461.54
-1964.3	196.971	2597.47
-2086.83	558.035	2773.16
-2004.91	-1274.46	2751.4
-1928.71	1540.53	2610.92
-1937.63	1623.09	2654.16
-1962.62	-652.3	2761.78
-1971.88	-1180.19	2832.02
-1960.52	504.895	2787.84
-1889.2	938.01	2779.72
-2011.51	-1083.61	3021.4
-1954.25	-307.528	3010.62
-1946.7	1919.71	2985.85
-1953.8	-574.409	3130
-1957.61	-196.891	3136.6
-1987.96	-843.354	3242.11
-1964.99	598.726	3241.06
-1949.37	193.49	3235.01
-1964.86	806.121	3288.12
-1556.23	1233.6	2640.65
-1945.02	2337.02	3433.64
-2170.86	-811.357	4044.51
-1910.54	-878.253	3644.36
-1960.1	-174.692	3793.69
-1502.53	471.629	3093.64
-1944.92	-2171.36	4723.46
-1801.73	-988.67	4374.19
-2133.29	-2870.92	5335.32
-1835.56	-1744.65	4874.77
-1789.25	-2389.28	5308.96
-1713.22	-1485.35	5571.51
-1692.08	-1230.8	5754.55
-1067.57	2155.78	3593.5
-830.592	441.45	2878.82
-882.541	1686.74	3109
-795.565	476.016	2935.44
-932.778	1327.87	3495.42
-887.334	2170.2	3549.14
-860.567	1500.04	3503.47
-883.401	1706.87	3644.07
-842.809	1716.11	3599.56
-842.809	1716.11	3599.56
-1661.31	-3812.76	8083.99
-818.5	2229.71	3790.22
-1548.59	-4844	8210.71
-1637.45	-5179.6	10415.1
-721.337	589.11	4509.14
-612.283	1592.54	4690.72
561.159	55.098	3828.33
561.159	55.098	3828.33
2917.52	-4898.24	10654.2
1203.91	2039.71	4470.44
1280.12	2084.66	4419.78
2714.34	-4652.31	8557.14
2997.95	-4851.28	9290.21
2988.48	-3059.91	8959.42
2960.42	-2785.43	8655.68
1919.57	576.867	5714.63
1919.57	576.867	5714.63
1796.83	1152.99	5183.19
2914.63	-1609.83	7569.84
1808.44	1860.6	4786.98
1918.24	1557.41	4904.18
2807.25	-2891.32	6925.21
2841.02	-2887.1	6789.55
2798.08	-2455.14	6551.45
3064.79	-3521.21	7026.47
2117.5	1572.08	4890.24
1973.8	2202.55	4510.64
2700.51	-1315.96	5696.16
2847.72	-1540.82	5738.3
2809.35	-1164.72	5550.62
2809.35	-1164.72	5550.62
2413.05	1633.96	4568.06
2413.05	1633.96	4568.06
2706.16	1413.32	5093.75
2092.4	2601.98	3976.98
2318.06	1992.79	4301.22
2656.7	-217.402	4619.56
2972.11	521.55	5179.34
3148.12	-3012.35	5231.37
2245.71	2463.31	3857.97
2756.89	-36.9272	4555.53
2317.11	2277.7	3651.03
2702.96	-2012.15	4133.92
2594.52	671.948	3998.36
2857.32	-337.842	4313.49
2749.2	-400.565	4145.71
2709.22	-626.733	4069.74
2530.26	1283.11	3784.71
2346.61	1948.67	3521.16
2713.41	-882.631	3897.66
2713.41	-882.631	3897.66
2734.31	-1383.18	3873.63
2677.4	748.751	3743.83
3257.52	-240.899	4439.45
2698.65	-1357.51	3646.64
2745.34	648.477	3734.26
2379.47	1956.39	3106.09
2478.22	1538.76	3181.62
2683	671.521	3255.69
2483.36	1617.58	2991.16
2687.44	534.916	3155.76
5518.32	-3870.59	6330.11
2725.36	600.643	3171.75
2866.05	-1128.8	3233.9
2582.19	691.919	2884.32
2582.19	691.919	2884.32
3813.36	-361.431	4208.12
2550.91	1757	2851.49
3461.31	-676.44	3808.55
3179.9	-1104.68	3356.58
3753.31	-864.651	3895.88
3272.43	-1317.82	3311.18
-2267.04	280.653	2425.33
-1928.65	1235.19	2111.58
-1925.18	1040.63	2111.69
-2203.32	318.022	2522.09
-1937.2	917.806	2243.7
-1899.32	1361.25	2196.2
-2017.05	-1003.01	2386.73
-2073.74	-1451.38	2475.69
-1964.9	-414.039	2337.46
-1949.14	-26.4792	2320.15
-1949.14	-26.4792	2320.15
-2028.3	-1301.9	2547.9
-1922.17	1429.11	2364.65
-1955.55	86.0391	2455.34
-1955.55	86.0391	2455.34
-2090.07	558.328	2777.24
-2007.93	-1276.21	2755.47
-1946.01	-522.679	2739.09
-1902.86	841.52	2671.47
-1902.86	841.52	2671.47
-1977.17	-1183.03	2839.6
-1956.26	503.521	2781.54
-1931.25	1747.38	2866.45
-1988.37	-842.001	3071.19
-1996.82	-967.479	3112.38
-1941.12	1914.43	2977.16
-1972.73	634.615	3105.99
-1953.87	-196.589	3130.83
-1955.73	-717.867	3150.67
-1984.68	-841.894	3237
-1957.57	194.384	3248.32
-1970.39	654.708	3314.47
-1954.85	-189.523	3354.9
-1555.47	1233.06	2638.01
-1605.26	1066.75	2738.79
-1945.53	2337.5	3435.13
-1936.14	-890.163	3692.76
-1930.13	2005.62	3626.6
-1509.13	473.417	3106.33
-2054.64	-835.181	4515.03
-1920.67	-1435.32	4478.83
-2018.3	-766.606	4719.32
-1973.11	-2201.81	4789.04
-2173.64	-2923.43	5434.19
-1214.29	470.004	2961.34
-1846.4	-1755.11	4902.99
-1677.33	-1221.94	5702.68
-1070.85	2163.03	3603.2
-792.979	474.349	2925.5
-834.797	607.863	3109.66
-933.036	1328.28	3496.74
-867.703	1512.58	3533.05
-876.742	1693.94	3617.17
-1576.28	-3149.55	7111.37
-837.327	1704.88	3575.43
-837.327	1704.88	3575.43
-1651.52	-3789	8036.24
-818.212	2227.32	3787.72
-1547.75	-4842.15	8205.58
-1547.75	-4842.15	8205.58
-720.883	588.123	4506.08
-595.831	1643.1	4549.75
-610.299	1587.73	4677.26
557.924	52.0612	3807.39
557.924	52.0612	3807.39
1965.91	-2652.33	8571.32
2854.71	-6367.48	11863.8
1971.6	-2160.36	8177.41
1202.83	2037.55	4465.77
2685.09	-3732.81	9100.24
1280.31	2084.43	4418.98
2744.82	-4718.58	8668.85
1934.8	580.974	5762.19
1934.8	580.974	5762.19
2667.16	-3683.81	7659.64
1779.28	1143.56	5130.86
1706.52	1899.25	4723.24
1706.52	1899.25	4723.24
2918.71	-1609.33	7578.23
1913.49	1553.16	4890.46
2794.1	-2451.07	6540.7
3066.64	-3522.51	7031.07
2114.01	1569.51	4881.8
1970.8	2196.8	4499.22
2838.3	-2344.86	6165.32
2910.54	-3478.88	6259.7
2090.28	2125.24	4417.03
2906.16	-1438	5957.02
2842.55	-1468.9	5601.05
2345.67	1671.21	4710.27
2401.07	1626.63	4545.54
2688.61	1404.07	5060.68
2660.17	-216.569	4625.37
2974.83	522.276	5184.07
2716.88	-717.57	4638.25
2245.85	2463.53	3859.9
2727.63	-826.468	4545.46
2746.13	-37.1451	4536.89
2704.3	-573.834	4308.46
2318.15	2277.67	3650.22
2698.38	-2007.01	4125.08
2698.38	-2007.01	4125.08
2599.52	673.212	4006.55
2866.32	-203.549	4354.08
2856.69	-338.24	4311.37
2630.69	450.717	3979.37
2718.08	-629.284	4083.52
2509.82	1273.85	3756.55
2732.99	-1382.39	3871.32
2735.58	-1439.54	3825.95
2631.41	930.714	3708.14
2674.4	747.985	3739.83
2675.2	-1078.39	3564.47
2675.2	-1078.39	3564.47
2424.45	1851.09	3277.64
2376.89	1953.92	3102.72
2477.62	1538.39	3181.01
2643.26	661.775	3206.56
2490.09	1621.9	2999.08
2684.04	533.836	3151.18
2712.71	597.963	3156.49
2729.59	1952.49	3175.19
3344.2	-777.266	3747.62
2616.24	702.626	2921.75
3259.13	-1184.55	3592.38
3795.87	-503.839	4199.5
2597.32	1789.26	2903.79
3184.5	-1514.62	3302.24
3365.78	-1613.51	3392.14
3458.44	-1052.37	3421.76
-1924.78	1232.84	2107.37
-1936.54	1047.04	2124.16
-2280.34	388.818	2565.57
-2223.75	320.814	2544.61
-1933.5	915.376	2240.06
-1912.87	1370.83	2211.42
-2080.67	-1456.09	2483.71
-1948.49	-26.3255	2319.03
-1948.49	-26.3255	2319.03
-2034.79	-1305.6	2555.49
-1953.08	85.5504	2452.69
-1955.48	-743.798	2486.67
-2048.09	-1203.65	2699.88
-1958.93	196.114	2591.11
-2003.17	-1273.25	2748.72
-1886.54	834.832	2649.29
-1956.51	504.016	2782.12
-1920.81	777.805	2756.22
-1937.79	1726.46	2784.75
-1901.17	943.55	2797.36
-1937.03	1834.99	2911.17
-1951.33	-307.095	3006.23
-1951.33	-307.095	3006.23
-2003.19	-970.449	3122.27
-1937.27	1910.93	2971.53
-1955.2	-196.395	3132.67
-1964.74	-721.487	3165.03
-1971.05	-835.909	3217.19
-1951.05	193.814	3237.81
-1959.29	803.817	3279.04
-1981.71	659.289	3331.5
-1947.79	-189.565	3343.87
-1563.47	1239.55	2652.55
-1606.93	1066.94	2741.89
-1969.57	-501.502	3418.09
-1946.33	2268.2	3434.7
-1908.09	-877.624	3640.01
-1515.54	475.464	3118.51
-1932.77	-1443.93	4504.95
-1812.03	-994.062	4399.63
-2145.34	-2886.54	5364.83
-1197.96	464.064	2924.83
-1708.85	-1063.26	4303.31
-1870.69	-2163.16	4801.26
-1431.41	2593.64	3866.75
-1898.17	-637.285	5569.46
-797.429	476.695	2939.59
-858.499	1732.33	3210.7
-900.492	2198.18	3596.16
-866.578	1510.67	3528.49
-874.012	1690.55	3608.91
-1564.77	-3127.59	7059.99
-844.489	1720.03	3607.44
-1661.54	-3810.02	8080.33
-819.108	2233.67	3793.31
-1550.57	-4848.56	8221.44
-685.823	1453.8	3495.09
-685.823	1453.8	3495.09
-638.503	1714.75	3679.34
-1633.19	-5168.66	10397.8
557.158	52.8537	3805.95
557.158	52.8537	3805.95
2834.7	-6321.27	11774.2
1970.97	-2159.82	8177.42
2880.92	-4836.58	10517.5
1278.88	2082.53	4414.42
2955.74	-4787.31	9159.98
1363.97	1981.68	4307.49
2955.51	-2776.77	8638.85
1937.57	583.918	5769.44
1937.57	583.918	5769.44
1781.22	1143.19	5135.1
1692.69	1882.66	4681.75
1692.69	1882.66	4681.75
2897.04	-1597.94	7520.02
2675.57	-2727.58	6761.49
1910.59	1550.85	4882.96
2797.36	-2453.38	6548.16
3053.94	-3507.1	7001.13
2124.79	1420.42	4866.97
1979.3	2207.28	4520.11
2702.58	-1318.53	5701.88
2920.88	-2258.82	6114.84
2858.93	-1616.31	5706.02
2703.76	1412.47	5091.06
2097.09	2608.09	3987.62
2306.81	1983.67	4280.53
2459.82	1765.74	4528.08
2295.61	1806.82	4203.9
2658.41	-217.322	4622.32
2974.45	521.661	5183.43
2677.89	-388.007	4530.72
3207.89	-3073.22	5337.12
2220.2	2435	3813.53
2753.74	-37.0375	4550.13
2727.25	-918.262	4434.02
2705.67	-574.126	4311.38
2344.18	2305.82	3696.21
2722.6	-2027.87	4165.44
2722.6	-2027.87	4165.44
2600.99	673.4	4008.81
2820.76	-333.788	4255.51
2717.6	-1375.13	3850.17
2701.59	755.895	3777.99
2420.36	1560.87	3365.81
2738.57	-1282.04	3727.04
3246.49	-239.47	4422.66
2710.89	-1567.43	3631.78
2620.43	277.977	3545.72
2647.32	847.403	3591.98
2431.9	1856.96	3288.33
2925.49	-824.241	3776.89
2370.95	1949.25	3094.28
3252.87	-421.894	4177.17
2495.44	1626.13	3005.16
2908.18	-1060.87	3413.74
2727.71	601.556	3175.2
2735.9	1955.96	3181.09
2861.92	-1127.19	3232.71
2685.5	546.508	3056.12
3381.06	-786.101	3790.12
2586.2	693.188	2888.57
2586.2	693.188	2888.57
3767.46	-357.342	4154.27
3852.78	-888.257	4000.09
3330.95	-1596.72	3356.04
-1914.53	1267.57	2075.58
-1917.95	1036.42	2103.65
-1928.33	1234.91	2110.9
-2294.4	390.941	2581.49
-2207.23	318.829	2526.64
-2082.52	-1457.27	2485.88
-2017.64	-891.946	2393.61
-1924.75	910.402	2230.85
-1970.21	-414.61	2343.47
-1948.2	-26.7329	2319.03
-1986.91	-670.893	2430.16
-1940.05	843.388	2329.2
-2047.7	-1203.03	2699.33
-1945.16	320.053	2532.45
-1892.68	652.153	2574.52
-1892.68	652.153	2574.52
-1982.85	-1064.16	2805.38
-1948.82	-524.045	2743.28
-1942.13	1655.55	2751.39
-1960.61	419.504	2841.02
-1896.45	941.088	2790.41
-1934.31	1750.16	2870.53
-1985.06	-840.601	3066.31
-1954.09	-110.096	3037.4
-1967.95	-305.632	3141.5
-1967.95	-305.632	3141.5
-1982.88	-841.314	3236.11
-1967.15	806.227	3292.43
-1975.23	656.675	3322.33
-1505.44	1193.15	2554.92
-1955.18	2117.45	3366.89
-1947.54	2189.87	3382.37
-2148.18	-803.034	4002.44
-1801.6	-831.057	3450.43
-1541.76	438.042	3029.31
-2144.07	-918.78	4303.71
-2572.64	-2832.54	5496.83
-1472.02	462.747	3036.24
-1810.17	-1168.55	4255.82
-2039.62	-776.223	4770.51
-1950.8	-2177.61	4735.9
-1684.92	-1048.13	4249.62
-1889.91	-2869.53	5583.57
-1892.31	-635.358	5550.37
-1094.88	128.771	3316.92
-837.407	444.109	2897.66
-832.711	606.36	3103.49
-870.286	1514.85	3537.61
-880.927	2156.41	3527.57
-1636.6	-3432.44	7416.48
-1899.3	-4471.69	8691.24
-1473.51	-3382.81	7070.49
-1571.55	-4911.27	8320
-785.644	1664.76	3675.83
-690.23	1459.03	3511.49
-690.23	1459.03	3511.49
-1756.73	-4950.62	10188.1
-638.636	1714.65	3679.53
-1530.54	-5232.49	10524.5
-714.503	583.426	4470.3
558.538	55.4604	3836.73
1976.01	-5076.56	10660.8
1976.01	-5076.56	10660.8
1955.77	-2143.67	8113
2844.95	-5566.06	11132.3
2712.22	-4655.83	8558.3
1383.85	2022.96	4394.6
1935.28	581.691	5763.14
1935.28	581.691	5763.14
1844.52	1185.12	5325.19
2699.68	-2130.5	7215.2
1707.82	1902.16	4728.52
1707.82	1902.16	4728.52
2901.78	-1600.85	7533.27
2701.84	-2753.88	6829.68
2749.47	-2777.43	6873.17
1918.88	1557.18	4905.88
2788.86	-2573.9	6670.59
2823.86	-2478.43	6613.07
3038.34	-3488.69	6964.35
3090.22	-3703.66	6662.54
2851.02	-1638.69	6039.36
2693.51	-1311.7	5681.61
2340.03	1666.12	4697.72
2493.01	1363.29	4926.34
2685.1	-551.421	4945.85
2226.78	2084.59	4170.59
2783.61	-898.483	5025.33
2807.02	1183.08	5093.69
3006.77	529.937	5240.06
2746.84	1773.18	4839.37
2306.48	1990.17	4085.52
2232.65	2451.96	3828.26
2232.65	2451.96	3828.26
2749.43	-38.5216	4544.05
2627.75	224.336	4199.86
2708.37	-1101.28	4179.77
2707.37	-540.327	4197.3
2301.82	2263.59	3627.19
2600.01	673.007	4007.27
2351.45	1953.12	3528.61
2733.96	-890.443	3928.84
2704.48	670.697	3812.48
2652.34	935.051	3734.96
2428.59	1567.18	3366.99
2705.98	-1564.15	3624.42
2705.98	-1564.15	3624.42
2678.21	940.89	3652.27
3188.67	-665.208	4061.97
3480.04	-198.255	4442.45
2371.35	1949.54	3096.31
2456.43	1528.4	3174.67
2637.07	659.291	3197
2628.89	720.872	3165.37
3235.81	-796.99	3821.66
2495.75	1626.23	3006.98
2713.47	539.859	3187.02
3242.99	-823.251	3744.7
2712.84	597.211	3156.13
2739.37	1957.49	3185.05
2813.42	-1106.72	3170.79
3486.11	-630.502	3770.56
3486.11	-630.502	3770.56
