-2226.51	275.664	2381.36
-1908.88	1262.66	2069.16
-1921.41	1038.46	2106.78
-1907	-481.628	2147.48
-2247.97	383.473	2530.08
-2042.22	-1268.28	2404.53
-1898.24	900.79	2199.81
-1884.86	1350.43	2179.62
-2261.39	541.432	2658.16
-2030.68	-1422.19	2424.18
-1911.96	830.315	2297.59
-1909.67	-644.243	2336.96
-2007.33	-1288.45	2520.7
-1932.58	1599.28	2483.45
-2004.06	-1177.17	2642.05
-1932.93	193.933	2556.29
-1932.93	193.933	2556.29
-1982.09	-1033.85	2689.47
-1907.81	1522.77	2583.17
-1861.3	821.664	2614.49
-1930.1	497.91	2745.61
-1908.71	-512.611	2802.43
-1908.71	-512.611	2802.43
-1931.55	-22.9065	2853.63
-1943.48	-823.266	3003.3
-1901.22	-104.8	2957.07
-1953.23	629.339	3074.37
-1928.31	-299.118	3078.89
-1928.31	-299.118	3078.89
-1934.35	-708.634	3114.06
-1949.19	-824.457	3178.67
-1919.42	2099.73	3185.48
-1942.79	645.754	3268.62
-1500.02	1191.24	2552.89
-1586.3	1056.48	2705.46
-1933.25	-597.488	3424.81
-1891.56	1951.77	3553.54
-1680.91	1926.91	3158.15
-1448.31	455.174	2982.46
-2481.59	-2733.48	5308.93
-1711	-1106.48	4030.01
-2070.86	-2788.99	5178.38
-1500.23	2541.68	3807.84
-1744.76	-2044.01	4705.79
-854.347	1239.16	2504.09
-1596.72	-986.505	5209.18
-993.157	1962.27	3121.92
-1633.04	-1187.38	5555.87
-944.053	128.826	3261.18
-1735.77	-2203.48	6303.7
-775.367	463.946	2861.15
-813.76	591.897	3033.02
-813.76	591.897	3033.02
-894.922	1276.68	3362.08
-1538.92	-1490.16	6155
-835.887	1469.43	3433.03
-863.322	1669.1	3560.77
-1525.97	-3048.56	6884.53
-1850.38	-4353.31	8463.4
-1680.71	-3842.53	8153.4
-1759.61	-4658.35	8586.15
-767.735	1629.47	3597.58
-695.611	1690.33	3505.24
-672.482	1425.41	3424.84
-672.482	1425.41	3424.84
-697.672	569.311	4364.53
509.21	76.988	3326.46
509.21	76.988	3326.46
1965.67	-5068.84	10624.5
1965.67	-5068.84	10624.5
1910.74	-2359.24	8149.82
1228.64	2013.76	4274.85
2623.47	-4500.25	8275.51
1316.02	1931.35	4205.27
1458.1	2023.85	4445.67
1866.27	564.525	5554.55
1866.27	564.525	5554.55
2711.32	-1993.45	7892.84
2642.06	-3649.65	7590.69
1863.04	1509.01	4771.7
2712.95	-2794.09	6693.08
1960.31	1467.43	4761.28
2723.3	-2390.3	6376.36
2893.23	-3319.3	6658.36
2031.93	1354.33	4674.15
2748.29	-2008.17	6119.14
2832.41	-3393.75	6106.05
2605.45	-1269.72	5495.48
2781.42	-2152.07	5818.51
2029.9	2062.91	4294.9
2261.92	1609.74	4541.78
2609.53	1358.75	4910.25
2158.52	2021.32	4041.99
2387.78	1710.91	4393.79
2782.99	462.589	4852.88
2166.46	2375.63	3722.99
2166.46	2375.63	3722.99
2663.71	-36.1946	4401.46
2627.58	-884.303	4270.93
2690.23	-72.5992	4310.07
2607.72	-553.057	4155.56
2627.02	179.361	4144.04
2782.36	-197.826	4227.73
2605.22	-1228.94	3812.28
2289.76	1823.77	3268.68
2523.39	891.548	3554.67
2608.9	2586.2	3694.34
2583.05	722.671	3611.42
2611.5	-1436.58	3600.45
2610.6	-955.587	3583.64
2323.21	1495.96	3233.39
2639.02	-1526.28	3535.75
2343.81	1785.11	3173.61
3199.31	-347.75	4114.45
3199.31	-347.75	4114.45
2286.44	1878.47	2982.95
2585.63	199.728	3235.16
2585.63	199.728	3235.16
2579.71	512.14	3028.32
2628.13	581.278	3060.2
2660.77	1901.58	3093.96
2753.08	-1085.73	3108.52
2521.25	674.666	2816.9
2570.09	569.413	2810.79
3380.28	-851.144	3551.22
3081.02	-1468.07	3198.79
3605.05	-830.541	3738.74
3619	-658.624	3746.47
3619	-658.624	3746.47
-2251.94	279.267	2410.81
-1907.13	1261.89	2067.72
-1906.5	1029.95	2090.86
-2191.5	316.366	2507.6
-1897.29	898.858	2198.76
-1872.48	1342.46	2166.66
-2026.65	-1419.1	2419.58
-1917.24	-26.5035	2282.29
-1917.24	-26.5035	2282.29
-1921.77	-648.657	2351.22
-2003.19	-1285.65	2515.85
-1923.59	83.9924	2415.69
-1923.59	83.9924	2415.69
-1936.02	1601.43	2487.04
-2006.96	-1178.65	2645.38
-2058.27	550.181	2734.91
-1910.88	-634.416	2688.54
-1915.29	-514.493	2695.46
-1857.87	819.933	2609.78
-1857.87	819.933	2609.78
-1920.22	-1149.21	2758.05
-1917.73	494.906	2728.52
-1937.74	-820.526	2994.43
-1904.08	1876.99	2919.33
-1928.03	92.7666	3069.13
-1919.98	-192.693	3076.01
-1931.95	-708.016	3110.72
-1951.2	-825.467	3182.03
-1937.8	739.451	3164.8
-1979.21	660.281	3326.42
-1499.7	1190.89	2551.61
-1928.34	-595.407	3416.4
-1902.66	2231.93	3332.88
-1925.1	2243.75	3398.62
-1870.37	1931.96	3516.94
-1510.45	431.122	2967.81
-1464.78	460.24	3016.87
-2528.45	-2782.85	5406.15
-1736.12	-1122.86	4087.73
-2084.13	-2805.53	5212.26
-1179.78	456.565	2878.71
-1652.84	-1220.11	4664.56
-853.767	1238.42	2502.56
-1599.47	-988.004	5218.3
-1638.63	-1192.72	5572.97
-1042.91	2105.82	3510.23
-873.066	1669.97	3078.7
-774.43	463.274	2856.78
-811.235	590.236	3025.06
-1553.84	-1508.04	6212.88
-1540.15	-3144.27	6549.66
-1540.15	-3144.27	6549.66
-879.133	2145.14	3509.1
-838.236	1472.91	3440.57
-1844.47	-4341.16	8439.16
-1684.75	-3849.7	8172.23
-1744.14	-4618.23	8511.72
-782.52	2132.59	3631.34
-699.695	1700.95	3527.03
-673.263	1426.74	3428.24
-673.263	1426.74	3428.24
-625.415	1681.46	3603.42
-694.203	567.654	4349.04
508.909	76.9435	3320.84
508.909	76.9435	3320.84
1950.92	-5027.34	10541.8
1950.92	-5027.34	10541.8
1902.62	-2085.92	7894.16
1902.62	-2085.92	7894.16
1227.67	2011.54	4272.5
2639.2	-4523.87	8323.08
1293.84	1896.3	4129.83
1468.7	2040.24	4480.97
1873.4	565.982	5576.71
1873.4	565.982	5576.71
2631.59	-3634.52	7559.29
1777.5	1144.9	5133.75
2826.26	-1558.34	7338.41
2567.46	-2613.91	6486.35
1854.44	1504.03	4747.37
2725.3	-2391.18	6379.86
2051.08	1512.8	4746.3
2788.86	-3338	6006.37
2782.22	-2151.81	5820.56
2078.33	2115.16	4406.62
2746.22	-1547.12	5476.32
2263.65	1610.9	4545.29
2152.68	1919.28	4255.4
2755.35	-1221.86	5305.89
2610.6	1359.85	4913.67
2015.09	2506.49	3829.49
2826.03	-2949.43	4920.81
2208.48	1903.08	3918.67
2576.66	-209.948	4480.8
2781.42	461.84	4850.28
2613.08	-379.547	4425.15
2180.98	2391.48	3748.73
2658.29	-35.6827	4391.9
2604.18	-551.913	4149.21
2636.73	180.002	4159.62
2630.89	-478.288	4126.95
2665.36	93.702	4119.35
2257.21	1140.1	3377.02
2293.79	1900.23	3447.99
2635.18	-1332.82	3732.16
2292.17	1825.87	3272.53
2572.43	720.204	3595.12
2346.56	2226.78	3294.19
2613.85	-957.087	3587.9
2324.11	1497.13	3234.86
2618.34	-1599.22	3404.36
2288.44	1880.46	2986.93
2706.5	-974.644	3412.63
3132.63	-526.306	3935.21
2575.88	197.929	3222.04
2575.88	197.929	3222.04
2571.37	643.88	3120.9
2770.27	-1010.68	3249.64
2602.91	517.509	3056.98
2597.19	574.491	3024.15
2652.16	1896.14	3083.86
2724.97	-1072.55	3071.22
3190.32	-741.942	3574.79
2509.5	670.966	2804
2509.5	670.966	2804
3766.19	-500.675	4171.89
3102.98	-1079.87	3278.93
3157.98	-1272.71	3195.47
-2226.79	276.255	2383.6
-1904.16	1259.49	2064.05
-1905.94	1030.66	2089.95
-2238.07	381.887	2520
-2063.77	-1280.15	2428.72
-1924.57	910.194	2228.53
-1896.67	1358.77	2192.98
-1956.72	-968.158	2311.9
-1992.82	-880.645	2363.41
-2220.76	531.67	2611.1
-2031.99	-1422.74	2425.59
-1922.04	-404.246	2286.2
-1906.29	-534.858	2275.01
-1908.82	-643.869	2336.8
-2004.05	-1286.26	2516.84
-1922.27	84.3843	2413.92
-1998.86	-1173.95	2634.83
-1964.89	-1025.98	2667.48
-1916.56	1605.25	2625.25
-1933.36	301.235	2678.8
-1857.22	819.603	2608.72
-1857.22	819.603	2608.72
-1927.49	497.258	2741.75
-1954.86	-21.6299	2886.77
-1918.47	1782.42	2802.14
-1910.15	-105.842	2969.55
-1920.37	-192.176	3076.8
-1927.36	-706.744	3103.86
-1952.02	-825.398	3183.03
-1935.84	738.445	3162.33
-1935.84	738.445	3162.33
-1923.43	2103.87	3192.73
-1424.92	1132.87	2425.82
-1921.23	2013.73	3272.53
-1922.18	-593.157	3406.31
-1875.76	1936.24	3525.29
-1926.23	-171.954	3728.54
-1514.33	432.59	2975.63
-1453.91	457.25	2996.14
-2513.41	-2763.44	5372.9
-1731.46	-1119.9	4075.83
-1920.16	-2142.39	4659.11
-1750.38	-961.136	4250.61
-2089.11	-2812.69	5223.34
-1778.78	-1694.42	4725.23
-857.165	1242.77	2512.78
-1722.42	-1545.95	5249.41
-1593.36	-985.101	5197.9
-993.264	1963.59	3124.61
-778.1	465.683	2870.35
-884.621	2164.26	3539.08
-835.822	1470.41	3434.96
-868.239	1678.2	3581.65
-1534.26	-3064.19	6918.69
-1836.3	-4321.6	8404.42
-1803.15	-4763	8776.21
-1686.31	-3854.28	8180
-769.948	1633.4	3606.28
-699.227	1698.03	3521.03
-672.556	1425.6	3425.56
-672.556	1425.6	3425.56
-693.966	566.743	4344.21
507.959	78.924	3315.45
507.959	78.924	3315.45
1950.07	-5027.52	10537.4
1950.07	-5027.52	10537.4
1233.13	2020.22	4289.83
2668.43	-4589.37	8428.32
1311.3	1921.72	4185.05
1450.44	2014.59	4424.8
1865.69	565.026	5552.73
1865.69	565.026	5552.73
2750.61	-2024.96	8015.89
2750.61	-2024.96	8015.89
2653	-3662.81	7622.08
2826.41	-1556.24	7336.62
2541.49	-2587.04	6417.47
1855.56	1504.24	4751.05
2634.53	-1419.66	6510.11
2718.14	-2384.83	6363.91
2027.09	1350.86	4662.44
2027.09	1350.86	4662.44
1824.91	2034.5	4170.8
2608.91	-1270.05	5502.01
2802.43	-2166.75	5862.38
2066.26	2102.46	4377.73
2263.22	1610.89	4544.56
2740.59	-1214.63	5276.16
2027.43	2520.8	3855.06
2390.24	1713.21	4398.87
2787.05	462.835	4860.04
2578.01	-374.548	4364.18
3005.68	-2883.57	5001.09
3005.68	-2883.57	5001.09
2167.34	2377.28	3722.43
2657.46	-35.6938	4390.42
2619.62	221.089	4197.55
2617.49	-555.664	4172.7
2628.06	-1065.92	4054.5
2647.74	-1128.33	4041.61
2508.31	649.248	3865.01
2814.35	-200.247	4276.3
2784.51	-330.366	4201.03
2262.67	1142.93	3385.42
2287.16	1895.15	3439.79
2597.93	643.67	3661.3
2597.87	-1429.09	3581.05
2345.63	1510.89	3266.42
2607.58	-1505.7	3490.91
2778.82	-760.584	3733.58
2359.94	1797.64	3197.13
2304.61	1893.67	3008.53
3036.59	-650.592	3669.99
2480.39	679.017	2985.64
2480.39	679.017	2985.64
2606.83	518.867	3062.46
5364.76	-3765.85	6154.33
5364.76	-3765.85	6154.33
2607.08	576.691	3035.8
3152.74	-800.969	3641.11
2631.22	1880.63	3058.86
2750.65	-1084.24	3101.6
3226.53	-750.392	3616.54
2503.38	669.31	2797.47
2503.38	669.31	2797.47
3343.69	-654.243	3680.32
3365.39	-848.147	3537.1
2873.2	-1366.16	2976.27
-2268.58	280.656	2426.59
-1908.55	1222.85	2089.06
-1913.28	1033.7	2098.41
-1914.37	-136.162	2153.63
-2226.48	379.933	2505.9
-2036.51	-1263.81	2396.89
-1922.77	909.402	2227.13
-1899.37	1360.19	2195.58
-2267.84	542.542	2664.35
-2028.57	-1420.62	2421.93
-1905.56	-402.565	2268.19
-1898.93	-533.221	2266.65
-1902.53	825.507	2287.33
-1927.41	-650.598	2357.89
-2013.39	-1292.35	2527.74
-2002.74	-1176.42	2640.32
-1930.9	193.784	2553.63
-1930.9	193.784	2553.63
-1908.04	1523.29	2583.55
-1847.58	814.732	2596.6
-1928.99	-1154.42	2769.96
-1921.22	495.973	2733.57
-1955.39	-20.9507	2887.18
-1950.36	-825.437	3013.18
-1908.33	-105.549	2966.5
-1923.89	1896.15	2948.33
-1929.64	-295.283	3078.27
-1929.63	-707.43	3107.14
-1946.97	-823.601	3175.04
-1944.08	740.727	3175.83
-1944.08	740.727	3175.83
-1937.46	-199.845	3223.01
-1909.63	2088.97	3170.3
-1451	1151.88	2468.46
-1572.93	1046.68	2685.19
-1922.47	2015.05	3274.9
-1926.63	-595.554	3413.8
-1874.06	1935.36	3522.71
-1465.53	460.689	3018.88
-2494.71	-2747.06	5335.78
-1969.46	-1011.84	4259.38
-1926.64	-2149.61	4674.26
-2134.31	-2870.61	5330.94
-1781.57	-2060.29	4568.41
-1418.74	2569.45	3828.75
-1681.88	-1242.37	4744.05
-852.348	1237.24	2499.44
-1582.27	-977.678	5162.87
-1002.98	1982.18	3153.69
-1636.92	-1191.58	5568.33
-1697.06	-2158.16	6178.96
-854.69	1634.49	3013.69
-813.307	591.739	3031.73
-834.305	1465.76	3423.96
-1854.34	-4363.34	8484.46
-1681.11	-3843.21	8157.23
-1747.18	-4624.31	8525.28
-705.109	1711.71	3549.74
-673.03	1426.25	3427.26
-673.03	1426.25	3427.26
-624.839	1679.41	3600.23
-701.856	571.905	4382.96
509.281	78.7148	3328.74
509.281	78.7148	3328.74
1941.49	-5000.91	10487.6
1941.49	-5000.91	10487.6
1233.62	2021.95	4292
2624.22	-4498.33	8273.74
2896.36	-4691.75	8958.78
2511.31	-2034.93	7736.65
1309.68	1920.74	4182.81
1459.83	2026.25	4450.97
1867.87	565.982	5558.87
1867.87	565.982	5558.87
2656.43	-1612.75	7272.57
2825.52	-1559.23	7336.01
2541.69	-2587.92	6419.4
1713.04	1687.85	4442.29
2719.33	-2801.37	6709.56
2638.23	-1420.59	6519.4
2032.18	1354.2	4674.88
2782.52	-2033.81	6199.7
2746.92	-2269.36	5967.14
2598.47	-1264.86	5479.12
2801.65	-2167.2	5861.07
2071.98	2108.28	4388.22
2267.71	1614.32	4553.68
2608.43	1358.27	4907.9
2388.73	1711.86	4396.13
2232.83	1923.73	3963.52
2784.42	462.599	4855.52
2594.26	-376.356	4390.73
3027.21	-2904.84	5038.05
3027.21	-2904.84	5038.05
2168.89	2378.41	3725.75
2168.89	2378.41	3725.75
2616.99	-880.193	4253.1
2693.91	-72.6357	4316.01
2669.04	29.0345	4241.59
2639.65	-1073.29	4075.05
2790.95	-198.475	4239.16
2706.04	-394.792	4082.12
2760.43	-327.661	4162.57
2645.8	-1147.77	3961.24
2259.05	1140.52	3378.21
2282.46	1891.06	3430.81
2629.43	-1329.54	3723.05
2589.45	724.365	3620.64
2332.48	1502.34	3247.26
2598.42	-1501.48	3479.4
2287.63	1879.67	2984.49
2372.82	1470.1	3072.18
2955.85	-632.637	3762.78
2585.79	198.833	3235.49
2585.79	198.833	3235.49
2542.82	635.085	3082.3
2580.83	512.914	3031.13
2605.3	575.66	3032.69
3115.84	-790.691	3596.41
2630.88	1879.18	3056.97
3233.19	-751.875	3624.57
2518.83	673.248	2815.13
2518.83	673.248	2815.13
3705.38	-350.976	4090.61
3450.96	-869.462	3628.3
3113.61	-1253.82	3149.07
-2281.51	282.097	2439.87
-1913.7	1226.15	2094.62
-1899.33	1026.42	2083.54
-1915.43	-136.534	2155
-2265.04	385.993	2547.84
-2055.3	-1274.94	2418.81
-1917.91	908.201	2222.65
-1898.33	1359.88	2194.89
-2249.72	538.425	2645.13
-2030.39	-1421.97	2424.08
-1928.24	-403.921	2293.02
-1928.24	-403.921	2293.02
-1909.7	-27.286	2273.94
-1895.36	822.982	2277.2
-1925.02	-649.805	2355.24
-2012.1	-1291.47	2526.39
-1926.4	85.0173	2418.57
-1938.45	-893.307	2521.49
-1939.6	1604.07	2491.29
-2000.87	-1174.45	2636.62
-2048.21	547.415	2721.37
-1980.87	-1032.3	2687.46
-1933.18	301.112	2678.53
-1860.68	821.5	2613.01
-1921.98	1785.76	2806.62
-1900.34	-104.566	2955.92
-1928.15	-299.863	3078.85
-1922.48	-192.489	3080.24
-1941.63	-820.967	3166.61
-1929.75	735.026	3152.39
-1950.81	596.089	3215.96
-1431.85	1137.52	2436.68
-1932.2	-597.528	3422.52
-1907.52	2237.7	3340.33
-1922.02	2239.71	3393.88
-1984.86	-912.43	3776.6
-1514.3	432.489	2975.23
-1490.56	468.622	3069.15
-2516.24	-2769.79	5380.85
-2025.21	-823.346	4449.44
-2119.58	-2853.09	5296.76
-1651.34	-1219.35	4659.37
-855.614	1240.94	2507.65
-1580.02	-976.232	5158.52
-988.584	1955.97	3112.57
-1628.58	-1184.26	5543.71
-778.286	465.7	2869.2
-812.025	591.053	3027.72
-873.134	2139.31	3498.28
-843.231	1481.48	3460.69
-872.078	1685.02	3594.81
-1539.56	-3076.3	6938.54
-1592.87	-3338.43	7209.78
-1842.65	-4336.12	8430.15
-1776.02	-4695.38	8655.33
-1694.12	-3870.38	8215.88
-767.216	1627.76	3594.26
-773.15	2110.86	3591.55
-697.697	1695.52	3515.94
-673.115	1426.41	3427.46
-673.115	1426.41	3427.46
-699.068	570.258	4370.79
509.869	78.8162	3327.31
509.869	78.8162	3327.31
1942.12	-5002.58	10491.4
1942.12	-5002.58	10491.4
2731.4	-3809.98	9284.13
1231.66	2018.55	4286.38
2645.01	-4532.51	8341.54
1325.24	1945.64	4236.04
1443.68	2002.64	4399.61
1871.18	565.856	5569.49
1871.18	565.856	5569.49
2676.93	-1968.35	7790.67
2657.59	-1614.24	7279.73
2833.29	-1561.76	7353.78
2558.11	-2605.7	6461.34
1820.24	1800.19	4732.84
1858.6	1505.37	4759.04
1959.55	1467.06	4759.08
2719.61	-2386.51	6368.38
2027.6	1351.3	4662.12
2027.6	1351.3	4662.12
2811.32	-2054.64	6264.8
2787.64	-2154.74	5829.28
2025.06	2059.3	4286.87
2751.28	-1420.73	5422
2268.3	1614.89	4555.14
2148.34	1915.21	4246.87
2218.22	1911.21	3936.97
2774.29	461.712	4837.19
2591.05	-376.214	4386.57
3038.12	-2915.46	5056.3
3038.12	-2915.46	5056.3
2160.13	2369.64	3710.56
2160.13	2369.64	3710.56
2658.72	-35.7945	4392.66
2616.6	-554.733	4169.8
2680.14	29.504	4260.29
2510.38	649.576	3868.37
2797.01	-198.983	4249.12
2258.93	1140.41	3377.99
2634.51	-1332.41	3731.11
2282.17	1817.85	3258.11
2625.66	-1444.56	3620.28
2324.11	1496.64	3236.05
2534.7	268.393	3429.21
2333.89	1777.83	3159.79
2794.12	-653.06	3630.5
2279.69	1872.66	2973.67
2578.77	107.768	3211.99
3181.09	-633.593	3908.79
2545.21	636.042	3086.16
2850.57	-940.971	3417.68
2850.57	-940.971	3417.68
2456.73	672.082	2955.17
2578.18	511.891	3026.84
5299.49	-3719.19	6077.76
5299.49	-3719.19	6077.76
2664.52	1905.72	3099.13
2624.57	241.87	2985.29
2509.34	671.229	2803.88
2509.34	671.229	2803.88
3098.85	-1077.68	3272.89
3591.23	-827.148	3724.78
3324.98	-603.244	3432.55
3324.98	-603.244	3432.55
3184.58	-1284.01	3223.65
