-2251.55	278.874	2410.22
-1942.99	1286.33	2106.13
-1957.1	1056.82	2145.22
-2271.43	387.204	2556.08
-1945.78	920.674	2254.72
-1922.48	1377.86	2222.93
-2029.75	-897.25	2407.91
-2101.83	-1470.67	2508.64
-1982.14	-417.053	2357.52
-1956.94	-26.7113	2329.64
-1942.03	843.027	2334.93
-1961.57	-642.969	2450.07
-1982.18	87.7235	2487.98
-1982.18	87.7235	2487.98
-1968.25	-748.84	2503.2
-2069.18	-1215.92	2727.66
-1963.29	-339.461	2611.2
-2089.8	558.513	2776.72
-2018.64	-1282.5	2769.98
-1948.07	1736.66	2799.11
-1903.4	945.031	2800.87
-1951.5	1767.41	2894.28
-1978.48	530.837	2995.22
-1944.1	-109.664	3023.17
-1988.91	-843.637	3245.23
-1984.65	756.384	3241.16
-1968.4	195.677	3265.81
-1990.98	662.614	3347.37
-1971.86	-193.041	3385.21
-1611.13	1070.49	2749.64
-1891.87	1721.68	3255.23
-1983.22	-613.279	3513.28
-1954.16	2197.13	3393.36
-1946.89	2374.25	3556.73
-1907.55	-876.623	3637.43
-1969.6	-175.347	3811.28
-2268.61	-761.464	4616.86
-1535.03	482.686	3158.27
-1926.83	-1439.32	4490.48
-2051.62	-780.21	4797.76
-1773.23	-1146.95	4180.62
-1896.35	-2191.79	4864.85
-1433.74	2598.15	3872.7
-1085.51	128.158	3291.48
-1144.17	1017.07	3649.13
-1697.33	-1234.83	5767.96
-832.844	606.721	3105.12
-868.675	1326.25	3477.48
-900.495	2197.77	3594.44
-1657.82	-3473.64	7505.44
-1654.66	-3799.11	8052.98
-789.045	1675.29	3700.41
-1562.62	-4885.17	8272.77
-1562.62	-4885.17	8272.77
-723.524	1753.83	3637.98
-716.772	585.637	4483.75
-615.608	1599.94	4710.65
-606.013	1670.59	4629.07
590.02	65.505	3993.89
1988.57	-2684.63	8674.46
2792.72	-6223.64	11593.8
1213.87	2042.25	4465.37
2781.74	-4775.04	8779.85
1946.07	585.486	5796.74
1946.07	585.486	5796.74
2708.26	-3738.59	7777.23
1402.82	1939.58	4234.7
1812.04	1165.34	5230.41
2891.82	-1816.22	7722.54
1919.34	1186.11	5205.36
1784.51	1821.56	4680.66
1784.51	1821.56	4680.66
2831.03	-2916.39	6986.42
2033.03	1553.69	4919.63
2801.2	-2457.68	6557.37
2824.16	-2163.34	6390.05
1976.69	2205.35	4507.18
2775.38	-1593.12	5869.67
2899.38	-2241.69	6065.4
2100.5	2137.5	4435.17
2236.13	1222.87	4655
2708.05	-895.634	5329.69
2400.48	1630.1	4549.53
2400.48	1630.1	4549.53
2119.64	2637.37	4030.25
2931.09	-3060.16	5108.46
2771.72	870.409	4919.22
2661.27	-216.168	4627
2982.7	522.645	5196.73
3220.83	-3084.99	5357.85
2247.1	2467.12	3858.29
2698.9	-124.046	4495.63
2707.3	-911.915	4400.35
2703.72	-2011.14	4133.48
2291.73	2255.93	3605.25
2299.36	2258.56	3601.37
2602.17	673.825	4010.69
2875.37	-203.051	4363.68
2849.16	-337.332	4298.64
2734.4	-813.815	3963.95
2723.18	-1376.31	3855.42
3167.88	-206.965	4456.41
2375.75	1899.21	3380.25
2642.65	932.434	3722.15
2617.57	346.424	3660.02
2736.77	-1280.91	3724.2
2736.77	-1280.91	3724.2
2444.3	1581.94	3386.17
2722.79	-1573.44	3646.63
2644.07	857.913	3490.05
3173.96	-781.4	3743.6
2976.46	-1086.67	3496.2
2678.05	531.232	3142.28
5548.28	-3892.08	6363.35
5548.28	-3892.08	6363.35
2694.93	591.669	3132.56
2885.93	-1136.32	3257.2
2885.93	-1136.32	3257.2
2591.3	696.121	2893.02
2591.3	696.121	2893.02
3860.29	-367.263	4257.29
3234.34	-1126.33	3418.47
-1929.81	1277.88	2092.49
-1962.99	1060.3	2151.72
-1918.03	-482.547	2161.04
-2284.29	389.106	2569.86
-2234.97	323.056	2558.69
-1970.45	931.307	2281.09
-1912.63	1371.39	2212.5
-2022.89	-894.826	2400.45
-2097.69	-1467.69	2503.64
-1971.22	-414.179	2344.34
-1962.33	-27.176	2336.18
-1981.72	-669.401	2424.07
-1938.65	1441.44	2384.58
-1974.37	87.4099	2478.57
-1974.37	87.4099	2478.57
-1966.51	-748.195	2500.85
-1934.05	999.631	2471.42
-1934.05	999.631	2471.42
-1958.68	-339.075	2605.57
-2105.42	562.27	2796.35
-2013	-1279.35	2762.28
-1999.08	-1072.55	2827.8
-1947.14	1763.57	2888.24
-1981.3	531.4	2999.06
-1956.86	-109.963	3043
-1945.42	1873.96	3012.27
-1994.26	641.947	3138.75
-1987.33	-842.983	3242.31
-1984.23	755.749	3240.96
-1960.38	194.612	3254.01
-1968.42	-86.6526	3281.21
-1607.41	1067.73	2743.85
-1977.21	-611.504	3503.24
-1952.47	2346.16	3441.13
-2168.99	-811.015	4040.95
-1911.61	-878.552	3646.07
-1532.93	481.648	3153.73
-1556.62	113.08	3311.12
-1934.58	-1444.69	4508.22
-1807.4	-989.669	4394.45
-2168.9	-2916.7	5422.56
-901.843	1214.55	2475.75
-1143.51	1016.49	3648.08
-1683.71	-1225.02	5725.72
-832.64	606.707	3104.56
-1606.15	-1551.06	6421.45
-868.665	1326.21	3477.38
-885.336	1711.59	3652.94
-879.062	2117.11	3614.62
-1564.19	-3126.81	7057.12
-1659.2	-3476.4	7511.88
-1654.79	-3797.36	8050.86
-827.578	2250.34	3820.15
-786.101	1668.67	3684.86
-1582.73	-4944.13	8386.05
-714.23	1734.31	3597.69
-719.737	587.711	4497.53
-1543.88	-5310.39	10687.5
-607.735	1670.76	4630.14
589.807	66.7821	3988.34
2040	-5255.56	11026.9
2040	-5255.56	11026.9
1980.23	-2668.36	8632.41
1215.67	2045.18	4471.91
1288.93	2087.44	4417.35
2775.61	-4764.47	8758.61
2964.05	-4782.16	9171.47
1939.49	582.667	5776.59
1939.49	582.667	5776.59
1922.18	1187.68	5213.25
2949.61	-1628.01	7660.72
2688.82	-2740.92	6796.42
1920.66	1561.72	4902.32
2819.81	-2905.57	6959.39
2786.83	-1513.12	6894.18
2645.27	-2257.13	6288.24
2802.43	-2459.4	6561.32
2125.76	1588.46	4900.32
1975.65	2205.19	4505.11
2863.43	-1416.18	5877.44
2245.42	1227.46	4674.1
2869.99	-1553.38	5784.68
2725.56	-901.981	5365.64
2416.8	1641.7	4581.84
2711.95	1422.15	5099.86
2099.62	2610.94	3990.89
2324.83	2000.72	4308.76
2907.43	-3033.13	5062.64
2771.37	870.229	4918.22
2717.99	-614.755	4757.59
2660.79	-215.795	4626.57
2983.46	522.688	5198.27
3166.6	-3032.21	5266.67
2228.1	2444.73	3824.47
2761.47	-36.8234	4562.88
2709.73	-1009.82	4287.85
2731.61	186.466	4309.29
2714.54	-544.086	4211.83
2710.94	-1101.49	4183.35
2701.82	-2009.7	4130.74
2284.47	2248.1	3591.12
2602.49	673.933	4011.23
2539.83	1292.71	3804.56
3241.15	-211.85	4561.25
2705.68	-1487.49	3729.38
2437.01	1576.83	3377.36
2728.38	-1576.47	3654.88
2643.18	282.309	3580.12
2653.89	861.359	3504.47
2373.08	1952.38	3097.53
2370.79	1476.12	3047.98
2555.38	792.128	3205.35
3162.64	-629.472	3882.01
2921.83	-1065.61	3427.51
2678.99	531.98	3143.96
2698.64	593.066	3137.67
2605.83	700.428	2909.77
2605.83	700.428	2909.77
3912.73	-519.518	4328.19
3902.3	-372.099	4304.43
3790.96	-821.992	3763.9
-2302.92	284.671	2462.35
-1945	1287.58	2107.84
-1947.56	1052.36	2135.3
-2231.72	322.458	2554.1
-1946.97	921.562	2254.95
-2096.91	-1466.72	2502.53
-1972.77	-415.283	2347.07
-1933.98	840.568	2322.91
-1982.85	-669.852	2424.95
-1974.29	86.9609	2478.69
-2062.64	-1210.82	2718.5
-1975.12	198.348	2612.01
-1905.79	656.388	2592.25
-2005.4	-1075.76	2836.72
-1892.87	837.286	2659.58
-1957.35	503.691	2783.13
-1970.95	-529.74	2893.56
-1985.65	-20.3262	2931.09
-1985.65	-20.3262	2931.09
-1955.17	1816.86	2855.4
-1955.17	1816.86	2855.4
-2003.17	-847.797	3094.16
-1962.84	1936.33	3011.1
-1941.73	1870.61	3006.92
-2012.16	-853.353	3281.94
-1992.88	759.23	3254.73
-1992.88	759.23	3254.73
-1975.63	196.481	3277.5
-1974.51	-87.1618	3290.86
-1536.38	1219.59	2608.54
-1976.08	21.6196	3417.14
-2157.6	-784.647	4337.12
-2183.12	-852.716	4493.24
-1515.21	476.344	3119.44
-1740.49	-1126.14	4100.91
-1798.08	-987.064	4367.74
-2157.48	-2903.29	5396.91
-1246.86	481.08	3030.46
-1816.74	-2105.38	4673.61
-1699.68	-1250.09	4795.97
-1886.53	-632.298	5539.41
-1196.5	1097.13	3706.73
-984.478	1952.07	3105.11
-796.671	476.1	2937.99
-860.397	1736.24	3218.07
-860.397	1736.24	3218.07
-1550.42	-1499.73	6221.8
-906.587	2210.18	3614.9
-1883.46	-4436.99	8623.23
-1728.43	-3968.43	8405.27
-719.713	1745.61	3620.77
-639.838	1719.86	3687.06
-1482.83	-5099.61	10268.9
-587.267	1707.8	4020.42
-605.548	1666.2	4613.39
529.565	50.2643	3425.42
2040.73	-5252.6	11025.8
2040.73	-5252.6	11025.8
2784.5	-5438.53	10879
1211.35	2038.09	4455.56
1211.35	2038.09	4455.56
2764.19	-4749.98	8726.71
2865.52	-3128.02	8973.08
1384.5	2033.14	4403.22
2712.91	-3758.11	7801.41
1945.14	585.651	5793.13
1945.14	585.651	5793.13
2763.02	-2080.93	7335.82
1939.1	1199.95	5261.2
2929.46	-1617.04	7607.11
2759.94	-2789.22	6899.16
2026	1543.85	4900.58
2125.84	1588.72	4901.28
3048.3	-3645.13	6553.43
2804.84	-1610.41	5930.85
2883.29	-2228.76	6030.87
2903.6	-2391.45	5965.23
2762.15	-1364.76	5671.23
2460.68	1100.96	4699.61
2720.51	-558.964	5012.09
2089.63	2597.75	3970.64
2301.2	1979.91	4263.37
2777.06	872.265	4929.56
2663.58	-216.253	4632.81
2296.17	1982.59	4065.68
2862.54	488.93	4989.06
2693.93	1741.36	4744.27
2448.88	1728.73	4257.2
3155.9	-3021.46	5247.73
2248.99	2471.71	3857.91
2689.01	-569.622	4283.07
2656.84	223.912	4255.64
2767.82	189.017	4368.54
2691.42	-2001.56	4113.5
2315.43	2275.32	3627.5
2606.31	675.106	4017
2780.84	-195.544	4214.25
2784.75	-405.705	4200.49
2556.12	1300.49	3826.82
2702.69	-879.745	3882.52
2702.69	-879.745	3882.52
2745.52	-1389.25	3890.92
2746.37	-1445.48	3841.99
2367.55	1893.87	3369.07
2367.55	1893.87	3369.07
2407.51	1556.62	3330.75
2899.77	-692.441	3927.77
2634.57	281.371	3568.19
2646.55	848.959	3593.02
2375.53	2125.73	3250.42
2640.96	856.783	3486.65
2691.93	535.327	3160.62
3305.99	-839.416	3818.38
2705.02	594.724	3145.99
3472.54	-685.944	3961.91
2737.41	1958.92	3184.36
3685.41	-489.517	4080.81
2624.3	706.843	2929.64
2610.23	1799.53	2921.54
2669.44	594.727	2919.35
3277.25	-1320.18	3317
3467.18	-956.841	3511.22
-2272.92	281.452	2432.48
-1963.65	1060.16	2152.99
-1947.74	1247.3	2132.08
-2270.63	387.569	2556.15
-2025.64	-895.705	2403.81
-1958.77	926.809	2268.27
-1925.38	1379.73	2225.78
-1945.66	845.449	2337.46
-2028.35	-1033.76	2524.18
-2070.2	-1327.75	2598.55
-1980.29	87.9008	2485.18
-1980.29	87.9008	2485.18
-2004.98	-930.234	2819.58
-1954.2	1666.46	2768.62
-1912.32	949.648	2813.09
-1949.02	1765.47	2891.01
-1980.22	531.366	2997.53
-1980.22	531.366	2997.53
-1999.98	-846.835	3089.59
-1958.99	-428.125	3013.27
-1958.99	-428.125	3013.27
-1975.26	-19.1956	3023.2
-1940.41	-109.344	3017.35
-1956.96	4.90432	3157.58
-1985.64	756.769	3242.57
-1977.07	-86.9702	3294.52
-1986.2	751.623	3378.53
-1950.34	2169.83	3308.19
-1952	2119.12	3357.77
-1872.71	-861.374	3580.1
-2170.16	-928.839	4354.01
-2163.61	-786.714	4347.73
-2608.04	-2874.31	5572.64
-2608.04	-2874.31	5572.64
-1503	471.932	3095.99
-1524.14	143.408	3288.28
-1799.23	-1161.65	4232.31
-2030.19	-775.803	4756.73
-1982.19	-2211.36	4812.13
-2141.82	-2882.46	5356.85
-1443.56	2614.56	3896.94
-1902.49	-636.369	5580.56
-1099.62	129.34	3329.14
-1644.54	-1466.81	5761.23
-877.977	1679.71	3096.49
-834.391	607.362	3109.76
-881.231	1524.18	3557.45
-920.301	2237.53	3659.62
-1652.85	-3462.9	7481.49
-1916.19	-4509.06	8766.23
-886.66	1714	3658.77
-850.151	1731.31	3632.34
-1853.88	-4910.28	9039.2
-1688.97	-3881.55	8221.58
-788.426	1672.11	3691.33
-1497.75	-5150.55	10369.6
-711.2	581.572	4452.21
-632.232	1473.14	4573.66
588.349	68.2077	3968.34
588.349	68.2077	3968.34
2024.68	-5221.78	10946.3
2024.68	-5221.78	10946.3
1966.27	-2152.25	8156.25
1966.27	-2152.25	8156.25
1211.87	2037.15	4454.98
2779.16	-4778.12	8776.7
1935.85	582.243	5763.97
1935.85	582.243	5763.97
1839.71	1183.88	5311.31
1752.89	1631.53	4746.21
2651.24	-2702.32	6698.17
2812.47	-2894.54	6934.29
1914.51	1558.25	4886.23
2667.63	-2276.22	6341
2993.06	-3574.55	6646.69
2122.27	1585.49	4892.1
2939.64	-3510.9	6310.81
1948.69	2166.01	4431.98
2898.16	-2356.87	6146.5
2700.74	-1316.68	5695.89
2827.41	-1528.68	5695.77
2483.62	1359.07	4898.04
2685.89	-550.939	4946.13
2797.29	-902.894	5049.95
2548.65	1693.2	4654.15
2789.29	876.89	4952.96
2668.17	-218.386	4641.15
2934.44	514.345	5114.16
2302.79	1990.71	4072.98
2497.39	1763.12	4344.15
2247.45	2470	3853.5
2247.45	2470	3853.5
2763.37	-37.0332	4566.75
2462.07	604.102	4013.66
2728.37	-1017.15	4318.95
2737.08	186.971	4317.19
2661.95	-1991.97	4078.29
2661.95	-1991.97	4078.29
2718.9	-1104.83	4196.3
2718.27	-543.277	4215.84
2320.75	2286.11	3653.33
2905.51	-204.5	4407.87
2644.9	454.26	4002.93
2559.32	1303.41	3835.77
2353.86	1959.09	3525.36
2741.98	-1387.27	3885.22
2719.95	-1570.62	3641.84
2394.48	1548.15	3310.78
2647.3	846.671	3590.84
2388.62	2133.55	3265.2
3024.08	-647.859	3939.97
2627.57	852.942	3468.54
2436.7	1515.5	3114.68
2621.32	655.941	3178.6
2681.71	532.557	3147.33
2605.19	698.783	3056.71
2646.71	444.461	3096.63
3554.88	-614.858	4060.88
2822.79	-1110.62	3181.98
3357.88	-781.245	3762.57
3695.13	-490.094	4088.51
3253.79	-1131.93	3438.58
3284.87	-1572.95	3306.69
-2293.07	283.72	2451.99
-1942.52	1285.78	2105.39
-1943.79	1049.27	2131.5
-1941.17	1243.16	2125.12
-1978.89	-543.987	2261.93
-2237.05	323.389	2560.82
-2109.59	-1309.68	2481.9
-1953.7	924.472	2262.89
-2098.2	-1467.86	2504.53
-1996.32	-882.751	2369.66
-1933.23	840.803	2321.49
-1940.85	1443.02	2387.47
-1965.84	86.5727	2468.36
-1961.92	-339.77	2610.01
-2073.97	-1081.27	2811.2
-2019.47	-1282.58	2771.44
-1911.14	658.233	2598.95
-1982.43	308.048	2746.84
-1960.33	-527.316	2759.71
-1947.57	1661.19	2759.78
-1902.03	944.68	2799.14
-1983.58	532.618	3002.17
-2002.68	-847.691	3093.48
-2002.68	-847.691	3093.48
-1966.67	-309.7	3029.86
-1975.37	-110.149	3070.83
-1964.06	1996.07	2995.32
-1984.31	637.667	3125.19
-1952.62	4.47813	3148.7
-1983.64	757.191	3238.37
-1968.27	196.093	3264.79
-1965.87	-607.475	3293.65
-1965.31	-191.446	3374.13
-1950.03	2377.57	3561.68
-1886.53	-868.519	3607.5
-2580.09	-2845.55	5517.41
-2043.99	-831.252	4493.22
-2149.07	-1597.13	4982.33
-2063.83	-784.771	4824.19
-1801.02	-1164.43	4239.13
-1990.09	-2220.14	4829.07
-2173.46	-2922.7	5432.38
-1225.66	473.758	2985.95
-855.782	1312.78	2610.62
-1169.04	1071.63	3638.88
-1670.12	-1216.25	5683.43
-797.093	476.351	2940.55
-833.682	606.87	3106.74
-932.994	1331.1	3493.47
-893.263	2187.01	3576.37
-1237.27	-1357.06	5426.48
-1569.57	-3138.61	7087.68
-878.733	1700.43	3630.37
-1895.3	-4460.99	8671.83
-879.255	2116.67	3615.7
-1437.16	-3308.63	6921.03
-1745.15	-4007.76	8481.68
-787.442	1669.98	3686.42
-1578.73	-4934.08	8351.3
-809.167	2206.59	3751.43
-639.442	1718.22	3685.77
-718.313	586.449	4490.97
-1513.31	-5181.5	10431
-607.511	1668.65	4622.24
556.209	58.0149	3688
2013.12	-4256.82	10108.1
1216.27	2046.01	4473.82
2814.15	-3925.7	9567.24
1293.46	2094.83	4432.36
2737.66	-4696.04	8634.89
2823.62	-2420.43	8389.26
2969.03	-2788.41	8679.01
2722.27	-3759.89	7819.7
1946.15	585.617	5796.22
1946.15	585.617	5796.22
1737.66	1938.52	4797.17
1934.68	1197	5247.38
1915.02	1557.92	4889.44
2666.18	-2278.47	6344.05
2835.23	-2488.53	6640.41
2823.11	-2164.07	6386.57
3130.83	-3746.44	6730.29
2710.1	-1320.05	5715.59
2357.14	1375.98	4871.13
2172.54	2116.74	4409.24
2473.25	1354.33	4878.86
2707.5	-554.562	4984.73
2090.55	2600.39	3972.83
2322.14	1834.41	4246.6
2771.01	871.547	4918.96
2668.92	-217.281	4640.25
2294.07	1981.36	4059.81
2463.72	1738.69	4282.94
3162.4	-3021.22	5254.73
2723.64	-826.136	4539.75
2228.61	2448.46	3821.34
2754.59	-36.5379	4551.45
2717.96	-1015.59	4303.77
2730.48	186.663	4306.61
2746.33	-2045.33	4201.37
2829.5	-369.331	4370.04
2311.44	2277.15	3639.68
2930.26	-209.138	4455.4
2638.33	452.976	3992.78
2524.53	1285.39	3782.87
2702.88	-801.463	3913.84
2698.55	-877.442	3874.86
2739.37	-1385.02	3879.99
2760.04	476.802	3891.63
2658.41	939.766	3747.12
2370.39	1895.38	3371.75
2402.33	1553.24	3324.54
2734.45	-1581.2	3664.29
2716.62	785.998	3571.6
2369.19	1948.59	3092.7
2373.56	1478.86	3053.59
2489.63	1623.09	2994.84
2684.53	533.193	3150.67
2659.89	713.169	3123.34
2726.51	598.725	3170.2
2777.64	1989.33	3232.83
2837.23	-1116.43	3198.06
3355.91	-780.287	3761.28
3248.47	-994.192	3615.77
3706.36	-491.673	4098.61
2599.1	698.87	2901.6
3455.26	-675.571	3802.01
3246.91	-1307.47	3284.89
