-1902.45	1258.85	2063
-1905.93	1030.47	2090.85
-1921.17	-136.079	2160.67
-2239.53	381.573	2520.57
-1896.38	-524.286	2169.91
-2205.89	318.782	2523.89
-1907.46	1365.27	2204.06
-1911.77	-402.875	2274.79
-1892.15	-531.577	2258.64
-1917.24	-26.5004	2282.08
-1917.24	-26.5004	2282.08
-1926.51	-789.795	2425.4
-2059.48	550.19	2736.76
-1959.42	-1246.34	2689.52
-1927.52	1614.72	2640.77
-1927.52	1614.72	2640.77
-1911.67	-514.22	2691.04
-1954.99	-1049.4	2765.26
-1878.8	830.524	2638.22
-1878.8	830.524	2638.22
-1894.17	766.755	2717.56
-1943.18	415.328	2815.92
-1943.18	415.328	2815.92
-1946.81	-823.931	3007.27
-1926.37	-303.004	2967.84
-1963.69	632.144	3092
-1930.21	-194.195	3092.64
-1936.48	-711.278	3119.1
-1941.92	192.159	3223.04
-1937.36	-599.628	3245.75
-1946.24	2128.96	3230.46
-1930	-187.195	3312.22
-1940.63	2332.66	3425.99
-1485.7	466.392	3059.85
-1558.85	941.769	3202.92
-2571.18	-2828.27	5493.15
-2016.43	-767.268	4720.51
-1968.47	-2196.64	4776.01
-1785.71	-980.616	4337.6
-1785.71	-980.616	4337.6
-1199.33	463.737	2925.25
-2174.86	-2926.04	5434.86
-1831.73	-2119.4	4700.47
-1856.41	-2828.21	5489.8
-1887.45	-635.83	5537.18
-1164.34	1066.75	3621.93
-783.219	468.88	2891.22
-866.776	2127.98	3480.73
-872.087	1515.44	3538.47
-1627.72	-3411	7366.69
-1914.34	-4500.42	8748.54
-1721.29	-3951.47	8368.17
-779.984	1656.51	3657.8
-846.347	-195.566	4128.44
-715.148	1738.55	3605.75
-716.999	584.206	4477.22
-1479.67	-5093.86	10232.2
169.53	-1028.76	5936.6
487.42	-1556.68	5398.18
487.42	-1556.68	5398.18
580.036	-763.717	6160.48
2882.76	-5622.34	11255
2925.35	-4912.43	10680.5
1304.05	2120.31	4496.71
1404.02	2074.03	4497.99
2984	-2567.74	8881.13
1978.28	591.784	5894.22
1978.28	591.784	5894.22
3017.59	-2833.23	8818.78
2831.74	-3354.77	7657.6
1702.23	1898.35	4708.87
1972.64	1848.93	5419.08
1948.78	1201.25	5289.12
2956.1	-1627.11	7674.6
2877.06	-2965.2	7099.52
2891.19	-2671.18	6917.15
2122.92	1419.62	4855.8
2122.92	1419.62	4855.8
3046.01	-3638.14	6770.67
3046.01	-3638.14	6770.67
1943.52	2168.41	4435.95
2915.81	-1579.42	5876.16
2819.14	-1285.79	5643.12
2171.67	2110.14	4410.28
2373.21	1691.59	4765.54
2481.84	1782.82	4569.35
2764.75	-703.669	5011.85
2749.25	-390.791	4826.22
2806.53	-879.33	4879.43
2691.64	-217.336	4679.45
3036.02	508.259	5292.25
2263.17	2483.48	3884.27
2263.17	2483.48	3884.27
3236.52	-2727.36	5256.33
3323.02	-3246.86	5275.29
2818.78	-78.0679	4515.21
2758.23	-810.607	4354.08
2806.11	96.2239	4335.51
2780.08	-1314.66	4071.3
2787.18	-1004.61	3913.2
2721.52	762.651	3803.05
2420.97	1563.66	3362.9
2389.91	2134.35	3267.01
2640.51	279.866	3573
2640.51	279.866	3573
2788.94	-1613.58	3737.16
2413.39	1842.71	3258.87
2386.11	1961.5	3116.12
3323.03	-362.223	4271.47
2454.6	1527.81	3169.7
2807.72	-1349.71	3534.89
2550.62	726.27	3167.17
3458.05	-744.183	4190
2702.2	677.415	3280.42
2647.15	725.4	3186.82
2518.68	1640.69	3031.23
2718.5	539.868	3191.72
5810.01	-4077.38	6665.87
5810.01	-4077.38	6665.87
2808.83	2008.96	3266.93
3462.1	-684.662	3948.04
2769.48	252.168	3151.75
2486.87	1713.84	2782.65
3395.54	-880.97	3723.6
3323.64	-1117.61	3590.23
-1917.61	1268.76	2079
-1895.99	1025.92	2080.73
-2244.65	383.207	2526.8
-2102.75	211.286	2389.24
-1909.78	905.912	2213.16
-1893.27	1356.63	2190.31
-2019.59	-1255.87	2378.59
-2019.59	-1255.87	2378.59
-1925.71	-26.4345	2292.03
-1925.71	-26.4345	2292.03
-1922.4	83.7833	2413.82
-2073.79	554.08	2755.02
-1963.79	-1248.15	2695.53
-1926.7	1538.3	2608.27
-1922.16	-894.332	2705.02
-1928.52	-640.949	2713.76
-1956.53	-1050.41	2767.47
-1878.83	830.612	2638.19
-1928.32	1644.31	2732.48
-1909.07	772.335	2738.58
-1946.27	416.518	2820.19
-1925.28	-516.275	2826.04
-1925.28	-516.275	2826.04
-1878.81	932.406	2764.71
-1932.64	-303.858	2977.15
-1964.75	-951.515	3063.81
-1967.46	633.615	3097.82
-1941.25	-712.838	3127.02
-1973.8	601.629	3253.58
-1935.19	191.408	3211.43
-1945.59	-86.0908	3241.69
-1944.78	2127.1	3228.67
-1535.71	1215.46	2607.48
-1946.46	-89.2046	3357.02
-1964.08	-607.486	3478.52
-1941.34	2262.88	3426.85
-1488.47	467.055	3066.25
-2546.18	-2802.47	5443.55
-2546.18	-2802.47	5443.55
-2057.31	-779.931	4807.61
-1751.24	-1134.89	4126.04
-1474.68	2048.37	3485.49
-1789.78	-983.301	4345.77
-1252.92	483.471	3044.98
-1841.71	-2130.19	4724.62
-1916.08	-2371.65	5173.66
-1883.78	-634.683	5528.65
-1166.08	1068.07	3621.39
-1137.43	1010.59	3627.11
-855.31	451.902	2952.03
-855.441	1724.67	3198.75
-863.838	1318.75	3458.2
-911.961	2230.84	3648.13
-860.477	1496.58	3493.9
-1328.27	-591.732	5557.06
-874.828	2107.89	3597.63
-1658.43	-3475.74	7506.11
-1561.18	-3120.88	7057.74
-822.906	2244.85	3803.94
-1633.37	-5086.85	8634.85
-706.246	1716.95	3561.22
-691.708	1837.61	3569.66
-1434.5	-4964.83	9976.19
-607.683	1670.75	4633.21
-580.543	389.906	5020.7
173.596	-932.283	5848.07
487.294	-1136.65	5763.78
492.938	-1349	5394.03
492.938	-1349	5394.03
567.69	-498.15	6143.91
567.69	-498.15	6143.91
2060.1	-5300.57	11127.3
1212.29	2051.11	4491.53
1212.29	2051.11	4491.53
2886.82	-4035.51	9824.94
2740.39	-4699.95	8642.1
3023.03	-4881.01	9344.77
2818.26	-2424.61	8376.6
3044.9	-2863.52	8901.68
1833.46	1182.38	5289.81
1894.27	1764.72	5165.92
2138.7	1590.82	4936.94
2131.42	1426.35	4877.34
1967.42	2193.56	4487.39
2931.61	-2385.72	6217.15
2925.18	-2261.66	6117.24
2818.5	-1284.74	5641.23
2818.5	-1284.74	5641.23
2352.99	1676.12	4723.73
2721.34	-598.759	5382.04
2450.24	1663.53	4643.27
2340.56	2013.79	4341.45
2951.44	-3074.09	5131.33
3010.19	505.622	5246.46
2755.55	-250.701	4729.3
2785.12	-816.22	4729.86
2256	2476.27	3871.9
2256	2476.27	3871.9
3215.84	-3098.4	5361.44
2725.07	-126.398	4542.31
3243.21	-2733.88	5267.24
2400.24	589.179	3912.74
2679.55	528.291	4344.88
3304.67	-3227.03	5243.7
2833.82	-77.5008	4539.95
2755.39	-809.367	4349.65
2790.59	95.8841	4311.47
2590.55	1312.81	3879.44
2357.78	1957.83	3534.31
2697.34	945.171	3944.86
2783.23	-1466.91	3893.8
2675.01	947.098	3770.78
2952.09	-509.099	4116.44
2718.85	2695.49	3845.77
2416.68	1560.69	3357.58
2868.47	-885.217	3728.18
2955.71	-832.899	3814.5
2390.41	1965.85	3122.37
2409.34	1499.34	3108.45
2818.63	-1353.78	3547.19
2657.35	664.925	3223.58
2485.86	1619.75	2990.99
2707.06	537.595	3178.01
3367.6	-856.228	3889.18
5737.98	-4026.94	6580.21
5737.98	-4026.94	6580.21
2801.22	2004.52	3260.4
2788.03	252.949	3173.68
2656.15	711.029	2968.02
3737.39	-496.91	4132.96
3728.93	-677.454	4037.37
3312.89	-1114.59	3577.88
3172.78	-1510.98	3292.05
3431.79	-1647.11	3458.75
-1904.61	1260.62	2065.28
-1904.33	1030.58	2089.45
-1927.3	-137.021	2167.94
-2253.52	384.438	2536.34
-2105.34	211.554	2391.97
-1901.41	899.498	2204.38
-1914.02	1370.81	2212.88
-2018.74	-1255.38	2377.88
-2018.74	-1255.38	2377.88
-1973.87	-874.184	2342.37
-2028.59	-1420.36	2422.68
-1919.8	-26.7544	2285.45
-1919.8	-26.7544	2285.45
-1923.27	84.426	2414.74
-1923.27	84.426	2414.74
-1933.08	-630.91	2589.91
-1917.01	-516.184	2698.78
-1948.27	-1046.35	2756.45
-1883.34	832.698	2644.36
-1883.34	832.698	2644.36
-1897.06	768.362	2722.31
-1918.41	-408.692	2824.23
-1981.65	-1067.77	2975.07
-1932.99	1749.86	2868.43
-1954.66	524.715	2958.59
-1935.46	1833.74	2908.63
-1953.5	-946.656	3046.42
-1964.81	632.637	3093.76
-1934.52	-709.971	3116.09
-1942.21	2025.75	3115.09
-1941.25	192.379	3220.87
-1942.74	-86.138	3237.94
-1974.5	657.675	3320.86
-1517.29	1201.06	2579.31
-1940.07	-493.329	3366.09
-1944.25	20.87	3363.18
-1942.32	2263.93	3428.72
-1489.65	467.409	3066.77
-2606.14	-2866.52	5567.43
-2606.14	-2866.52	5567.43
-2046.47	-832.348	4496.99
-2014.79	-767.598	4717.16
-1782.01	-978.498	4327.22
-1688.61	-1051.1	4252.95
-1855.48	-2419.67	5035.52
-1669.95	-1231.36	4712.71
-1760.84	-2353.75	5228.04
-1169.08	1071.68	3630.73
-851.162	1272.93	2629.24
-1138.78	1013.21	3632.94
-784.47	469.004	2896.48
-784.47	469.004	2896.48
-1033.45	2584.2	3852.1
-864.107	1319.24	3459.36
-929.129	2265.61	3704.71
-867.827	1506.87	3517.86
-880.223	2119.4	3616.65
-844.761	1719.85	3607.58
-1654.41	-3468.82	7492.46
-1696.84	-3886.26	8240.19
-779.361	1655.81	3655.74
-1428.87	-1030.57	7116
-1597.84	-4983.18	8466.03
-1490.32	-5147.1	10346.5
-629.36	1466.62	4554
190.859	-867.167	5819.94
504.27	-1257.25	5271.06
504.27	-1257.25	5271.06
590.645	-427.781	6126.91
590.645	-427.781	6126.91
570.954	-1175.35	5352.67
2062.05	-5313.47	11148
2028.33	-2735.27	8843.23
1211.5	2049.47	4488.02
1211.5	2049.47	4488.02
2875.1	-4011.3	9782.01
2762.83	-4743.21	8715.73
3098.88	-3173.67	9291.7
1960.87	592.055	5837.91
1831.33	1179.22	5283.93
1964.53	1834.76	5376.18
2949.62	-1624.5	7654.34
2133.77	1587.09	4925.08
1955.63	2179	4457.22
2949.83	-2400.48	6256.1
2908.08	-2398.88	5967.99
2829.58	-1289.92	5665.19
2829.58	-1289.92	5665.19
2718.33	-598.211	5375.55
2438.91	1655.43	4620.98
2438.91	1655.43	4620.98
2733.08	1428.99	5143.36
2337.34	2010.53	4334
2965.96	-3090.89	5159.36
2785.69	-872.545	4840.77
3014.89	505.309	5254.64
2771.28	-252.791	4757.55
2259.13	2480.02	3876.79
2259.13	2480.02	3876.79
3218.09	-3101.38	5366.09
2747.1	-314.134	4565.58
2785.54	-38.1556	4602.37
3214.12	-2709.59	5219.7
2457.35	605.724	4015.81
3294.06	-3217.39	5227.21
2345.54	2307.95	3694.89
2795.63	96.0907	4319.16
2578.79	1306.83	3862.32
2832.97	374.777	4194.41
2749.92	-1391.6	3894.6
2997.07	-517.035	4179.49
2704.22	757.042	3779.18
2403.68	1552.39	3338.09
2455.77	1876.12	3319.36
2753.11	-1179.18	3635.48
2753.11	-1179.18	3635.48
2393.63	1968.7	3127.1
3341.4	-363.645	4296.19
2408.5	1498.28	3108.16
2821.76	-1356.19	3552.62
2582.8	805.564	3242.34
2676.67	669.09	3245.77
2641.43	722.472	3179.52
2489.44	1621.83	2995.78
2711.1	538.977	3183.54
5742.19	-4030.66	6585.17
5742.19	-4030.66	6585.17
2784.47	1992.14	3239.91
3451.35	-682.599	3934.74
2777.35	252.947	3161.3
3386	-787.886	3793.92
3241.57	-1177.73	3559.87
3282.43	-1104.06	3543.77
3164.91	-1506.86	3282.37
3453.46	-1658.38	3481.94
-2254.33	278.663	2411.78
-1912.61	1265.45	2073.73
-1920.58	-136.456	2160.32
-2247.6	383.469	2529.3
-1923.53	910.667	2228.62
-1889.79	1353.68	2185.82
-1980.38	-876.404	2349.96
-2030.44	-1421.91	2425.15
-1916.5	-26.1401	2281.48
-1916.5	-26.1401	2281.48
-1931.2	85.3461	2424.47
-2066.7	552.439	2745.93
-1923.4	-628.272	2577.53
-1968.88	-1251.85	2701.64
-1931.08	1617.37	2645.61
-1922.03	-639.514	2705.52
-1925.44	-518.371	2710.4
-1925.44	-518.371	2710.4
-1878.09	829.92	2637.1
-1878.09	829.92	2637.1
-1909.95	772.622	2739.56
-1949.89	417.427	2825.08
-1937.27	1835.08	2911.31
-1965.51	-952.834	3064.25
-1962.01	548.659	3067.28
-1965.17	632.425	3094.52
-1937.66	-194.261	3104.33
-1943.98	-713.465	3130.89
-1925.47	190.077	3196.53
-1514.3	1198.16	2574.14
-1943.5	20.5192	3361.86
-1945.33	2187.6	3378.85
-1948.71	2271.3	3439.26
-1501.94	471.111	3090.46
-2562.24	-2816.2	5475.65
-2562.24	-2816.2	5475.65
-2038.09	-828.893	4479.32
-2038.09	-828.893	4479.32
-2015.13	-765.188	4712.46
-1190.21	461.326	2907.79
-1863.34	-2154.05	4775.35
-1675.14	-1235.9	4727.47
-1885.63	-635.284	5533.67
-850.086	1271.45	2626.24
-1136.62	1010.62	3626.39
-975.53	1932.22	3073.84
-1535.78	-1384.65	5771.77
-785.039	469.473	2899.01
-1740.31	-2701.94	6617.92
-823.738	599.465	3071.18
-855.152	1724.01	3197.74
-864.536	1319.73	3460.71
-911.501	2234.79	3654.06
-863.5	1501.1	3504.74
-872.209	2101.34	3588.03
-1591.76	-3179.26	7173.92
-1651.54	-3460.9	7473.66
-1804.63	-4775.26	8800.22
-780.531	1657.65	3659.71
-716.422	1738.75	3606.38
-715.097	584.244	4472.8
-1564.28	-5388.07	10826.5
-634.325	1480.36	4581.6
425.497	-1107.55	5220.84
536.917	-114.65	6371.97
497.648	-1159.44	5078.08
591.297	-384.13	6040.2
519.958	-1293.67	5110.82
765.154	-768.238	5833.45
2070.21	-5336.06	11193.1
2070.21	-5336.06	11193.1
2030.66	-2741	8858.75
2030.66	-2741	8858.75
1210.49	2046.89	4482.89
1298.64	2112.82	4474.52
2767.66	-4750.59	8730.37
1952.37	588.989	5813.01
1952.37	588.989	5813.01
1839.39	1184.53	5309.94
1683.05	1875.44	4653.43
1683.05	1875.44	4653.43
1947.6	1203.9	5281.65
2985.87	-1648.69	7751.97
2845.86	-2630.83	6800.68
2137.48	1589.84	4933.95
1967.8	2194.32	4488.66
2873.91	-2098.83	6390.8
2199.03	1640.64	4908.65
2991.91	-3579	6428.53
2932	-2385.95	6217.18
2821.29	-1286.22	5645.72
2353.94	1676.91	4725.53
2726.19	-600.783	5391.63
2753.04	1365.64	5321.07
2103.55	2615.24	3999.02
2342.23	2015.82	4345.01
2789.82	-873.058	4848.94
3016.83	505.654	5258.41
2762.49	-252.952	4742.27
2278.39	2499.94	3912.59
3209.16	-3090.77	5349.19
2741.7	-313.534	4556.11
3238.84	-2731.02	5260.73
2679.01	527.96	4343.52
3272.56	-3196.15	5193.13
2762.57	-811.973	4361.86
2783.38	95.607	4300.21
2588.48	1312.21	3876.96
2779.89	-1001.75	3903.22
2792.49	-1472.16	3907.21
3225.77	-212.072	4537.45
2711.69	671.726	3821.49
2668.94	944.938	3761.19
2674.72	2651.47	3779.44
2691.78	753.268	3761.96
2404.46	1553.06	3339.63
2874.28	-887.727	3737.02
2394.11	1969.21	3126.83
3354.64	-365.3	4313.32
2423.79	1508.18	3130.43
2771.39	-1330.76	3487.11
2657.78	664.715	3223.95
2477.14	1614.3	2980.03
2708.3	538.468	3180.46
3361.45	-854.411	3881.97
5730.53	-4020.71	6571.79
5730.53	-4020.71	6571.79
2801.31	2004.36	3259.53
3460.72	-684.137	3944.15
2768.22	252.476	3150
3409.52	-793.401	3821.92
2644.39	709.107	2952.99
2502.83	1724.11	2799.86
3378.48	-876.672	3708.61
3175.09	-1509.48	3289.69
3473.81	-1667.38	3501.65
-2294.77	283.747	2454.46
-1914.32	1266.8	2074.97
-1924.13	-136.717	2164.41
-2260.98	385.37	2543.17
-1935.22	915.81	2241.67
-1912.26	1369.16	2210.51
-2014.76	-1252.58	2372.99
-1982.7	-877.63	2352.11
-1923.44	-26.0363	2289.21
-1923.44	-26.0363	2289.21
-1924.28	84.3687	2416.1
-1898.91	980.534	2427.95
-1898.91	980.534	2427.95
-1932.91	-891.797	2514.71
-2055.27	549.471	2731.39
-1936.58	-632.184	2594.4
-1920.82	-517.357	2703.81
-1951.29	-1048.1	2760.91
-1932.11	1647.83	2737.67
-1906.89	771.666	2735.56
-1951.7	417.788	2827.56
-1922.82	-409.396	2830.47
-1934.81	1832.85	2907.59
-1967.65	-954.068	3067.67
-1972.31	635.793	3104.62
-1936.46	-194.967	3102.65
-1941.03	-712.323	3126.3
-1955.39	746.618	3193.02
-1945.19	192.501	3228.41
-1526.05	1207.47	2593.44
-1940.34	-493.425	3366.93
-1948.71	20.5456	3370.34
-1940.25	2225.86	3351.54
-1699.74	1947.28	3191.97
-1498.75	470.141	3085.79
-2586.46	-2846.23	5530.07
-2586.46	-2846.23	5530.07
-2047.16	-832.902	4499.41
-2013.89	-767.307	4713.7
-1474.34	2050.03	3486.99
-1229	474.453	2989.74
-1857.6	-2148.48	4765.11
-1675.52	-1235.01	4731.11
-1807.79	-2409.04	5217.05
-1841.96	-2807.07	5442.75
-1883.71	-634.927	5528.27
-846.213	1297.8	2580.6
-846.213	1297.8	2580.6
-1171.38	1073.19	3636.22
-1143.6	1016.25	3646.65
-844.333	446.515	2916.43
-1492.6	-1345.43	5619.58
-864.897	1320.41	3462.45
-875.165	2139.51	3499.95
-867.988	1507.43	3519.38
-1325.76	-590.273	5548.24
-873.005	2102.88	3590.51
-1642.82	-3443.48	7437.4
-1919.5	-4516.42	8779.26
-1710.32	-3904.96	8284.76
-781.515	1660.13	3665.6
-711.904	1730.93	3589.88
-1506.01	-5205.69	10457.7
-632.21	1476.19	4569.48
379.583	-378.106	5903.29
534.005	-111.095	6341.77
516.63	-1239.87	5050.27
516.63	-1239.87	5050.27
560.454	-991.394	5059.99
770.402	-682.483	5685.21
2065.72	-5318.89	11161
2065.72	-5318.89	11161
1211.41	2048.4	4486.17
1211.41	2048.4	4486.17
2793.02	-4795.74	8812.93
3070.73	-3142.99	9204.56
2855.73	-2455.21	8492.54
1950.53	587.833	5808.67
1969.73	795.898	5686.43
1823.42	1172.93	5259.54
1965.39	1835.15	5377.6
2962.44	-1637.38	7687.95
2647.57	-2260.53	6288.09
2138.11	1590.59	4935.34
2138.28	1431.03	4893.6
2191.35	1634.59	4891.19
2988.47	-3574.53	6418.92
2939.44	-2391.65	6232.98
2152.58	2191.77	4552.63
2810.1	-1280.92	5623.79
2810.1	-1280.92	5623.79
2724.98	-599.59	5389.35
2098.07	2609.64	3985.97
2338.33	2013.01	4337.45
2318.21	1827.59	4243.54
2985.98	-3112.56	5193.38
2791.03	-873.901	4851.74
2711.64	-220.665	4716.85
3011.9	505.69	5249.21
2257.5	2477.16	3875.96
2719.37	-310.864	4517.68
3225.33	-2717.39	5237.66
3266.06	-3188.32	5181.13
2772.91	189.179	4372.37
2347.07	2309.84	3699.35
2764.38	-550.85	4286.19
2781.73	95.7284	4297.73
2576.18	1305.93	3858.39
2829.59	374.476	4189.54
2766.1	-1455.94	3868.58
2718.49	760.3	3800.01
2429.63	1569.46	3377.48
2624.09	277.892	3549.71
2735.19	-1582.4	3663.71
2436.28	1861.02	3291.06
2764.47	-1184.86	3651.73
2764.47	-1184.86	3651.73
2376.94	1954.19	3103.73
2445.11	1521.04	3158.26
2894.77	-762.377	3663.86
2553.35	794.559	3204.09
2678.41	668.711	3246.9
2500.01	1628.97	3008.83
2734.98	543.383	3211.41
2727.16	600.5	3171.33
5693.06	-3995.93	6528.35
5693.06	-3995.93	6528.35
2765.35	1977.93	3217.39
3499.37	-692.114	3990.81
3396.3	-587.343	3871.53
2642.54	708.56	2950.97
2473.08	1702.47	2764.72
3138.31	-1139.65	3447.22
3338.02	-1161.88	3524.64
3248.02	-1545.42	3366.89
3449.96	-1655.62	3476.63
