-2216.28	273.318	2370.13
-1873.3	1240.46	2031.13
-1839.21	991.66	2018.12
-1897.61	-473.843	2132.69
-2212.34	377.172	2490.5
-1928.95	-531.989	2204.42
-1844.41	871.653	2137.26
-2013.16	-1407.79	2406.05
-1892.51	-399.085	2251.92
-1896.78	-26.0065	2257.06
-1984.07	-1273.14	2490.9
-1873.07	-714.108	2383.99
-1873.07	-714.108	2383.99
-1908.49	191.221	2523.85
-2031.33	542.387	2698.99
-1944.83	-1235.93	2668.43
-1842.84	634.247	2506.58
-1917.86	297.827	2657.33
-1878.6	-221.526	2622.41
-1903.57	-1140.27	2732.84
-1909.38	1626.15	2704.92
-1893.52	-507.933	2779.02
-1854.55	921.17	2728.3
-1898.69	1716.51	2818.68
-1920.3	-813.187	2966.51
-1907.28	-700.481	3072.01
-1917.26	-201.996	3192.19
-1917.26	-201.996	3192.19
-1905.23	189.172	3162.44
-1940.56	644.95	3263.88
-1913.89	1969	3184.49
-1929.6	729.457	3282.59
-1538.52	1216.9	2606.49
-1584.2	1051.72	2701.18
-1904	-484.366	3304.13
-1921.72	2012.39	3271.81
-1926.32	-388.42	3481.95
-1460.42	458.369	3006.74
-2542.73	-2801.17	5430.76
-2542.73	-2801.17	5430.76
-2025.81	-823.036	4449.9
-2091.25	-1556.39	4853.03
-1935.09	-2159	4695.56
-1195.7	461.932	2908.28
-1819.93	-2104.44	4667.51
-1675.83	-1229.88	4723.45
-1407.8	2550.87	3802.93
-1857.84	-624.893	5449.39
-1059.02	124.438	3209.49
-1140.29	1042.65	3533.61
-843.587	1322.1	2665.86
-962.093	1908.13	3035.19
-811.017	590.331	3023.51
-1624.69	-1565.98	6493.84
-906.121	2206.12	3609.1
-1255.92	-1383.76	5484.23
-854.648	2059.01	3515.77
-1547.39	-3092.32	6984.66
-1607.34	-3373.14	7289.89
-1912.76	-4497.14	8741.88
-672.544	1427.12	3432.44
-672.544	1427.12	3432.44
-708.21	578.19	4427.53
-1536.97	-5290.67	10637.1
983.387	-1722.16	7672.69
684.146	40.6461	4936.26
1107.68	-1318.53	7495.17
2017.24	-5196.95	10896.8
2017.24	-5196.95	10896.8
1272.62	2082.64	4419.97
2720.99	-4665.57	8575.18
2999.9	-4832.24	9275.92
2992.08	-2809.35	8744.06
1815.35	1168.37	5237.89
2761.91	-1677.55	7557.2
1685.22	1877.02	4678.96
1862.5	1736.44	5136.78
1892.53	1534.59	4842.27
2833.84	-2919.49	6990.35
2883.65	-2105.87	6415.82
2962.16	-3684.34	6441.07
2023.77	1635.69	4506.05
2917.04	-2373.23	6186.29
2936.6	-3402.26	6027.22
2087.14	2122.33	4417.28
2862.32	-1549.6	5768.85
2445.62	1335.23	4832.8
2330.83	1813.07	4492.61
2073.25	2579.28	3941.61
2726.59	-616.858	4774.05
2666.22	-217.934	4636.55
2245.34	1936.65	3969.35
2720.54	-718.737	4645.1
3198.51	-2692.78	5196.7
3160.41	1904.15	5240.17
2271.81	2230.26	3581.82
2873.84	-204.157	4364.1
2880.19	-341.859	4345.02
2626.47	450.429	3973.81
2668.94	488.727	3977.74
2733.06	-931.048	3866.8
2733.06	-931.048	3866.8
2646.79	936.084	3729.93
2640.32	1707.3	3682.71
2739.3	-1584.39	3669.57
2739.3	-1584.39	3669.57
2674.86	855.415	3629.65
2380.01	1814.25	3219.54
2986.93	-699.12	3885.1
2352.58	1933.63	3072.2
2416.25	1499.58	3130.66
3425.93	-354.512	4275.11
2575.32	755.302	3172.2
2588.64	709.454	3115.01
2426.97	1579.98	2925.23
2684.5	533.802	3152.15
5612.81	-3938.02	6435.37
2696.68	594.478	3138.13
3212.6	-884.51	3702.43
2700	1929.23	3139.26
3397.47	-671.252	3873.39
3518.51	-688.476	3871.75
3213.11	-1176.34	3348.25
3184.65	-1517.87	3306
3381.55	-1621.97	3405.94
-2224.52	275.58	2381.18
-1867.66	1236.59	2025.3
-1869.77	-469.963	2104.76
-2158.4	311.639	2470.09
-1945.51	-860.379	2307.56
-1903.84	-399.392	2263.63
-1887.63	-25.8355	2246.78
-1993.85	-1278.72	2502.6
-1908.29	-780.941	2400.52
-1858.54	-706.874	2363.12
-1931.71	317.979	2513.7
-2047.95	547.639	2721.77
-1838.86	727.093	2459.82
-1928.66	-1035.79	2728.62
-1840.91	814.557	2585.29
-1901.97	1620.35	2694.63
-1915.81	409.42	2775.82
-1893.56	-403.218	2787.38
-1900.86	1718.2	2821.35
-1906.89	619.946	2867.32
-1929.63	-816.868	2980.36
-1902.89	-560.798	3049.2
-1940.04	739.568	3167.36
-1940.04	739.568	3167.36
-1915.89	190.971	3178.51
-1916.29	-84.1441	3192.83
-1474.59	1171.43	2507.19
-1564.98	1038.72	2672.33
-1919.31	2076.11	3307.58
-1846.33	1856.94	3211.14
-1914.28	-286.442	3589.39
-2012.32	-920.294	3816.15
-1889.82	1963.09	3550.56
-1449.48	456.488	2989.94
-2536.13	-2790.64	5412.73
-2028.07	-824.521	4456.45
-1749.57	-1130.11	4110.52
-1974.8	-753.818	4624.5
-1930.48	-2153.65	4684.98
-1749.64	-959.485	4254.6
-2084.73	-2807.21	5216.03
-1716.3	-2013.29	4626.87
-1668.48	-1227.94	4704.44
-847.604	1230.2	2483.75
-866.132	1653.9	3050.98
-777.594	464.412	2868.56
-912.316	2226.08	3641.46
-860.01	1663.48	3552.57
-851.295	2051.21	3503.13
-1656.68	-3468.13	7490.72
-1809.07	-4788.48	8817.21
-1666.18	-3822.01	8096.57
-698.998	1700.2	3527.13
-709.562	578.156	4429.62
-1453.81	-5018.42	10090.2
-595.648	1638.55	4538.36
987.916	-1766.4	7696.75
605.745	16.1768	4300.48
605.745	16.1768	4300.48
1140.94	-1823.74	7393.42
2001.26	-2699.63	8727.83
2841.26	-5545.65	11094.8
2915.68	-4911.73	10658.2
2771.23	-3866.51	9411.26
1256.67	2054.3	4360.24
2735.66	-4697.74	8630
1339.77	1985.3	4313.67
1451.86	2010.19	4412.08
1932.91	583.121	5755.01
1932.91	583.121	5755.01
2791.21	-2054.83	8129.03
1807.14	1161.99	5220.53
2853.43	-2941.72	7042.27
2007	1508.51	4871.78
2808.03	-2464.06	6574.49
2706.14	-1321.74	5707.05
2055.07	2089.9	4347.96
2687.22	-1004.25	5443.03
2878.2	-1558.13	5800.98
2353.32	1690.72	4736.56
2455.62	1340.91	4854.26
2422.04	1640.42	4586.44
2072.98	2580.55	3941.31
2913.51	-3035.27	5067.02
2253.74	1942.01	3991.32
3159.37	-3042.85	5266.15
2214.75	2433.17	3798.28
2710.69	-822.763	4517.61
3200.23	-2694.8	5200.11
3226.16	1946.19	5351.81
2500.73	617.295	4091.84
3260.71	-3185	5174.41
2784.01	29.5559	4422.53
2282.91	2241.24	3599.67
2818.23	-368.425	4350.88
2729.1	-1163.52	4164.68
2314.81	2482.12	3610.58
2874.26	-204.712	4363.35
2539.92	1286.2	3795.39
2365.44	1886	3377.01
2660.92	942.774	3752.38
2641.77	348.978	3694.6
2712.43	-1568.75	3633.01
2731.46	-1668.34	3552.18
2622.98	851.215	3461.89
2933.37	-685.934	3812.96
2413.8	1497.72	3124.08
2859.1	-1005.88	3497.23
2464.94	1605.68	2973.06
2678.9	533.126	3145.82
5758.43	-4042.66	6606.65
5758.43	-4042.66	6606.65
2716.48	599.591	3162.25
2590.66	694.543	2894.01
2590.66	694.543	2894.01
3226.36	-1172.86	3552.93
2591.97	1788.06	2899.57
3499.93	-684.74	3849.96
3562.82	-645.569	3855.05
3259.01	-1134.87	3444.49
3421.62	-1642.51	3449.15
-2203.05	272.286	2356.79
-1877	1201.89	2054.64
-1894.92	1024.49	2077.64
-2159.71	312.159	2472.62
-1884.22	892.603	2183.36
-1856.66	1330.92	2147.24
-2008.41	-1406.32	2398.38
-1899.47	-401.01	2260.5
-1897.18	-25.6596	2257.41
-1897.18	-25.6596	2257.41
-1862.72	810.561	2237.72
-1992.73	-1278.09	2500.34
-1897.5	-778.423	2389.53
-1904.31	83.9357	2390.72
-1904.31	83.9357	2390.72
-1863.7	-710.501	2372.34
-2028.23	541.843	2694.87
-1941.29	-1233.94	2663.94
-1866.78	641.543	2537.29
-1927.1	-1034.7	2725.97
-1887.06	-401.762	2778.14
-1850.16	918.605	2722.5
-1898.49	1716	2818.32
-1904.4	1803.61	2862.33
-1901.36	-697.944	3063.32
-1909.87	1991.2	3059.43
-1909.87	1991.2	3059.43
-1923.01	732.925	3140.62
-1903.85	189.307	3159.96
-1933.16	642.819	3251.75
-1905.19	-184.888	3269.54
-1904.38	-285.897	3572.03
-1847.92	-850.063	3526.3
-1473.42	462.484	3031.44
-2582.58	-2847.93	5518.87
-2026.22	-1038.86	4371.3
-2000.34	-814.29	4397.17
-2027.16	-767.496	4731.48
-1724.81	-1116.42	4064.15
-1909.44	-2130.82	4632.48
-2134.49	-2870.87	5334.9
-1830.51	-2115.46	4690.65
-1855.22	-625.29	5444.11
-834.002	1278.55	2543.15
-834.002	1278.55	2543.15
-1149.33	1052.96	3569.16
-836.349	443.004	2890.53
-772.605	461.97	2851.48
-807.803	588.446	3012.73
-1569.47	-1516.68	6272.52
-850.402	1298.46	3404.95
-882.803	2155.44	3525.95
-882.803	2155.44	3525.95
-1299.19	-578.443	5442.03
-841.38	1473.43	3441.53
-940.379	2577.56	3833.32
-1612.2	-3382.47	7310.04
-1879.76	-4426.12	8603.79
-1675.25	-3847.29	8148.29
-767.762	1629.84	3600.17
-682.682	1812.93	3522.62
-713.039	582.149	4456.15
-600.599	1651.19	4574.64
571.595	9.72088	3987.02
2890.27	-5651.08	11309
1166.53	1983.18	4353.57
2950.22	-4125.59	10041
2804.54	-4817.63	8854.07
1406.87	2066.81	4496.73
1935.41	583.862	5762.91
1935.41	583.862	5762.91
1798.21	1158.01	5187.19
2793.44	-1697.01	7645.54
2793.44	-1697.01	7645.54
2946.08	-1624.26	7649.21
2677	-2728.41	6764.53
2859.27	-3140.58	6979.55
2798.89	-2145.93	6325.61
2099.19	1400.64	4816.29
2099.19	1400.64	4816.29
2904.52	-2399.57	6306
2972.41	-3557.37	6402.57
2094.96	2131.69	4434.93
2730.84	-1349.41	5609.49
2343.69	1681.24	4713.34
2425.8	1641.61	4590.64
2082.26	2591.8	3958.85
2208.86	2066.56	4135.55
2765.13	-865.015	4806.56
2685.33	-219.672	4671.22
2716.41	-244.291	4659.73
2745.37	-804.983	4666.07
3161.42	-3043.52	5268.9
2237.68	2457.33	3841.67
3276.07	-3193.35	5191.85
2688.78	228.04	4302.77
2726.89	186.427	4300.23
2284.11	2243.02	3602.5
2597.59	671.858	4003.16
2724.27	-631.89	4094
2473.29	1251.75	3696.77
2334.12	1935.35	3505.5
2737.55	-1386.25	3879.22
2687.59	751.34	3758.39
2392.81	1540.29	3330.12
2695.98	947.681	3678.96
2883.58	-597.615	3894.84
2716.44	-1443.38	3509.26
2908.03	-819.742	3754.43
2355.12	1935.18	3073.42
2395.5	1482.02	3076.97
2646.3	497.187	3347.34
2871.44	-1010.25	3512.98
2639.15	661.01	3202.39
2584.35	707.425	3108.7
3195.97	-788.133	3771.62
2855.82	-1041.35	3346.75
2713.81	539.412	3187.34
5632.75	-3953.17	6461.66
3281.39	-903.746	3785.52
2766.52	1977.84	3216.2
3507.62	-607.523	4006.7
2678.14	545.633	3048.03
5675.08	-3442.39	6255.46
2469.84	1702.05	2762.53
3366.95	-1616.25	3394.21
-2214	274.082	2369.56
-1881.9	1245.1	2040.02
-1884.09	1018.76	2065.99
-1888.67	-133.599	2124.06
-2240.43	381.391	2518.47
-1898.81	899.391	2199.38
-1868.82	1338.79	2161.37
-2008.83	-1406.53	2398.14
-1903.24	-398.82	2262.53
-1892.07	-26.2767	2252.14
-1892.07	-26.2767	2252.14
-1902.99	83.3303	2389.12
-1883.21	-717.516	2396.02
-1883.21	-717.516	2396.02
-1911.15	191.775	2526.98
-2039.89	545.445	2711.08
-1884.86	1544.5	2513.6
-1959.79	-1245.14	2688.62
-1889.7	1508.81	2558.16
-1893.28	-508.089	2664.14
-1940.63	-1041.5	2744.38
-1849.2	817.842	2596.71
-1849.2	817.842	2596.71
-1911.02	492.323	2717.53
-1953.61	-946.817	3043.69
-1917.76	-704.333	3088.94
-1895.36	1976.55	3037.43
-1936.17	738.328	3161.1
-1911.71	190.026	3172.36
-1923.22	788.361	3219.32
-1563.98	1037.97	2670.16
-1915.8	19.8212	3314.16
-1921.19	2262.15	3473.42
-1868.45	-858.81	3563.54
-1929.18	-171.827	3732.17
-1465.03	459.851	3017.62
-2009.02	-817.738	4416.69
-1801.89	-1163.25	4235.92
-1947.6	-2172.35	4723.62
-1759.63	-966.73	4270.71
-1747.38	-2047.38	4707.8
-1412.95	2558.57	3815.13
-1722.27	-1548.9	5253.22
-832.296	1276.43	2538.75
-832.296	1276.43	2538.75
-1159.73	1062.19	3590.47
-820.743	435.541	2841.23
-772.897	462.554	2850.88
-889.061	2176.77	3559.68
-853.27	1493.39	3488.14
-938.827	2575.42	3829.98
-1542.08	-3081.19	6965.06
-830.149	1690.81	3545.72
-1702.71	-3907.6	8275.08
-766.181	1626.7	3592.91
-746.948	2044.85	3477.39
-1591.16	-4964.03	8423.36
-702.774	574.338	4398.24
-596.921	1643.67	4551.97
1088.43	-1886.89	7863.55
562.618	10.0455	3882.97
1184.68	2019.67	4431.79
1373.66	2039.57	4431.81
3024.16	-3098.08	9065.1
2807.5	-2406.1	8339.98
1918.84	577.741	5712.13
1918.84	577.741	5712.13
1665.3	1859.3	4629.41
1665.3	1859.3	4629.41
2918.47	-1610.1	7572.94
2688.96	-2743.66	6799.3
2688.96	-2743.66	6799.3
2877.74	-3161.09	7021.77
2009.53	1510.02	4878.17
2114.88	1563.14	4891.61
1949.19	2179.07	4464.34
2904.3	-2246.29	6074.33
2073.32	2108.45	4386.46
2820.58	-1395.14	5796.73
2833.55	-1534.57	5710.16
2420.15	1636.75	4577.58
2694.46	-552.792	4961.67
2302.52	1815.25	4229.18
2869.02	490.309	5002.44
3207.53	-3086.05	5345.06
3207.53	-3086.05	5345.06
2209.16	2424.5	3792.37
2209.16	2424.5	3792.37
2715.94	-824.496	4526.89
2733.82	-37.014	4516.39
2284.97	2243.11	3602.94
2594.96	672.717	3999.53
2717.86	-775.625	4121.7
2888.44	-205.98	4385.83
2350.63	1187.41	3511.08
2731.71	-1382.86	3869.89
2353.06	1875.52	3357.72
2977.35	-513.286	4153.32
2685.95	750.953	3756.19
2452.97	1580.43	3417.3
2639.24	857.062	3484.67
2825.11	-872.543	3673.9
2825.11	-872.543	3673.9
2363.77	1943.57	3086.65
2397.9	1486.1	3101.44
3400.21	-194.069	4338.73
2751.9	-1320.63	3462.49
2666.32	205.646	3335.54
2478.44	1614.46	2989.92
2663.86	530.378	3127.96
2626.48	704.632	3083.54
2704.53	596.621	3147.93
5687.3	-3992.14	6523.98
2706.53	1932.38	3144.6
3254.57	-928.968	3651.98
3360.04	-782.217	3763.72
2587.83	693.104	2890.87
3843.85	-510.578	4249.45
3330.31	-863.818	3654.02
3299.53	-1208.34	3439.53
-1884.24	1246.75	2042.57
-1882.86	1017.74	2064.15
-2225.46	379.457	2503.57
-2150.11	310.987	2462.02
-1868.17	1338.87	2160.33
-1956.1	-864.182	2318.95
-2013.23	-1409.5	2403.73
-1889.72	-25.9897	2249.16
-1889.72	-25.9897	2249.16
-1994.82	-1280.22	2504.7
-1904.47	83.2218	2391.02
-1880.38	-716.287	2391.95
-1993.66	-1172.15	2628.06
-1904.23	191.23	2518.08
-2035.28	543.578	2703.93
-1887.58	-506.606	2656.29
-1848.09	817.232	2595.48
-1848.09	817.232	2595.48
-1886.42	1652.88	2637.29
-1886.42	1652.88	2637.29
-1896.43	489.059	2697.92
-1882.09	-400.812	2771.65
-1941.55	-1046.26	2915.43
-1957.2	-948.611	3049.28
-1923.84	619.189	3028.96
-1911.06	-702.362	3078.65
-1946.28	-826.036	3173.02
-1918.49	-200.886	3193.21
-1918.49	-200.886	3193.21
-1902.57	189.124	3157.81
-1500.97	1191.76	2552.21
-1901.82	1993.05	3239.46
-1911.19	2149.91	3322.34
-1913.39	1986.16	3592.59
-1475.94	463.113	3037.87
-1514.79	913.003	3111.12
-2007.01	-816.535	4411.47
-1922.5	-2146.3	4668.01
-1204.27	465.325	2932.23
-1410.65	2554.98	3809.1
-1667.11	-1226.85	4704.09
-831.651	1275.97	2537.21
-1155.89	1058.06	3579.25
-1680.09	-2137.15	6119.66
-855.374	1636.99	3018.74
-1636.46	-2551.68	6225.12
-780.214	466.53	2876.42
-890.409	2180.18	3566.27
-844.777	1481.19	3459.7
-859.094	1660.91	3545.35
-940.132	2579.13	3835.96
-1723.79	-3954.37	8372.29
-770.94	1635.73	3612.76
-736.106	2020.48	3429.93
-1561.55	-4875.36	8263.85
-1795.31	-5012.11	10232.9
-703.783	574.688	4402.25
-619.328	1443.14	4482.52
-589.816	1627.71	4505.68
559.68	8.93125	3866.23
2001.43	-3035	9022.42
2001.43	-3035	9022.42
2824.05	-3941.81	9595.66
1277.62	2091.7	4437.8
1316.87	1942.21	4221.39
1927.3	581.512	5738.04
1927.3	581.512	5738.04
1691.94	1887.01	4701.55
1923.93	1189.55	5218.96
1923.93	1189.55	5218.96
2925.54	-1613.5	7594.58
1749.22	1796.41	4637.14
2671.8	-2725.37	6753.64
2860.04	-3141.09	6977.75
2009.02	1509.79	4877.81
2108.15	1557.86	4875.52
1942.42	2166.35	4438.77
2906.35	-2248.15	6079.73
2111	2147.29	4467.12
2886.89	-1810.97	5928.88
2860.94	-1547.53	5764.87
2318.19	1665.56	4663.99
2336.23	1664.35	4692.51
2674.88	-587.973	5290.31
2860.99	488.963	4988.21
2690.11	-391.768	4554.6
3155.13	-3032.47	5252.12
3155.13	-3032.47	5252.12
2223.97	2441.45	3819.04
2223.97	2441.45	3819.04
2734.61	-36.8861	4517.4
2727.1	-918.846	4433.43
2295.77	2254.88	3621.97
2331.31	2500.66	3638.47
2590.97	671.267	3992.87
2878	-205.338	4369.86
2325.72	1928.77	3492.99
2322.24	1174.11	3470.29
2624.78	925.957	3696.47
2675.37	748.515	3739.67
2452.62	1580.69	3418.9
2915.7	-696.621	3952.54
2738.23	-1455.79	3538.21
2738.23	-1455.79	3538.21
2875.8	-810.402	3709.2
2875.8	-810.402	3709.2
2418	1499.32	3129.44
3502.8	-199.965	4471.9
2645.09	495.674	3343.72
2910.22	-961.107	3487.04
2910.22	-961.107	3487.04
2451.95	1596.55	2956.39
2440.87	1593.33	2938.43
2611.87	700.556	3065.47
2705.45	597.325	3149.75
5705.7	-4005.6	6546.36
5705.7	-4005.6	6546.36
2717.77	1940.79	3158.47
2685.67	546.791	3057.22
3323.72	-773.545	3721.88
2585.93	693.094	2888.6
3705.35	-492.478	4097.19
