-1865.23	1234.89	2022.42
-1862.95	1193.24	2038.64
-1832.73	-463.392	2065.18
-2205.01	374.846	2480.19
-2149.42	309.06	2458.96
-1881.74	889.75	2179.37
-1843.64	1321.11	2131.92
-1866.06	1288.16	2167
-1936.22	-856.692	2296.38
-1987.75	-1390.84	2373.63
-1873.66	-25.477	2230.28
-1884.34	819.018	2261.48
-1987.76	-1274.38	2494.11
-1849.73	-414.467	2325.86
-1921.51	316.522	2499.92
-1893.1	190.614	2502.93
-1881.74	-324.149	2501.44
-1885.21	-615.375	2526.33
-1885.21	-615.375	2526.33
-1896.98	-1135.45	2724.06
-1873.16	759.393	2688.94
-1896.04	-23.7492	2802.63
-1845.79	916.319	2715.82
-1918.15	513.99	2903.83
-1920.29	-813.272	2966.48
-1894.88	-297.278	2918.51
-1895.17	34.5949	2966.46
-1922.07	618.232	3025.91
-1911.86	1993.29	3066.88
-1904.19	190.03	3158.88
-1933.95	730.768	3289.74
-1552.41	1031.78	2649.16
-1939.74	-599.63	3434.65
-1889.16	-283.635	3545.22
-2029.44	-927.864	3842.8
-1899.19	1965.34	3567.92
-1679.09	1921.86	3151.33
-1460.49	458.565	3007.89
-2572.43	-2837	5497.13
-1962.89	-751.978	4602.26
-1699.76	-1099.29	4003.63
-1900.36	-2122.64	4615.05
-2125.21	-2859.28	5311.95
-1192.3	460.864	2904.61
-1674.04	-1234.43	4721.47
-1417.86	2567.35	3828.68
-1879.88	-632.011	5513.85
-1068.88	125.225	3239.5
-832.338	1276.49	2538.84
-1016.63	2007.7	3193.71
-816.371	433.181	2827.05
-813.329	592.318	3031.87
-1303.49	-580.991	5457.96
-855.506	1485.76	3468.75
-863.099	1668.95	3563.72
-1177.51	-1309.63	5142.74
-1667.12	-3493.64	7546.28
-1838.97	-4872.16	8967.96
-1717.45	-3948.61	8356.19
-688.763	1829.41	3554.27
-1552.2	-5318.33	10694.3
-566.612	247.424	4106.74
-595.963	1640.25	4545.68
686.243	86.7453	4931.97
686.243	86.7453	4931.97
2109.41	-5444.05	11405.5
3082.61	-5187.51	11268
1203.85	2029.02	4442.55
1203.85	2029.02	4442.55
2866.54	-4924.87	9045.36
2814.73	-4518.91	8674.79
2872.28	-2467.81	8534.98
1437.11	1978.03	4330.19
1818.48	1166.24	5246.18
1736.29	1939.39	4805.75
2938.97	-1848.38	7848.34
1929.95	1567.72	4929.43
2900.63	-2802.08	7010.53
1947.09	2002.26	4816.32
1947.09	2002.26	4816.32
2853.2	-2188.4	6448.15
3070.21	-3666.59	6821.1
3018.4	-3755.59	6546.31
2953.01	-2284.55	6175.18
2126.88	2164.35	4494.03
2259.13	1233.29	4701.59
3171.06	-2246.42	6359.45
2847.95	-1073.9	5491.53
2297.33	2126.07	4130.55
2818.69	-882.244	4898.74
2733.79	-224.21	4755.89
3043.96	540.083	5300.73
2768.04	-316.847	4598.76
3278.49	-2761.32	5325.93
3278.49	-2761.32	5325.93
2850.47	-78.8967	4565.76
2777.26	-815.218	4384.45
2378.98	1923.95	3762.19
2580.84	1312.29	3863.83
2385.4	2365.52	3591.21
2868.16	379.487	4247.55
2802.84	-1010.04	3934.23
2821.79	-1486.77	3946.87
2747.15	680.413	3871.71
2527.25	1653.14	3547.5
2487.55	1792.26	3440.71
2686.28	872.137	3546.34
2800.6	-1489	3618.25
2417.74	1993.07	3142.35
2928.07	-771.044	3707.21
2867.4	-1025.71	3620.4
2591.55	737.271	3218.8
2629.73	720.154	3161.79
2514.83	1639.37	3023.88
3429.5	-489.378	4021.08
2743.79	545.124	3220.49
5924.52	-4159.74	6795.73
3444.74	-875.812	3979.21
2785.41	612.716	3239.74
2853.1	2043.49	3320.38
2667.6	717.94	2977.95
3946.52	-375.109	4352.47
3416.55	-886.629	3748.82
3565.39	-1712.72	3594.41
-1864.4	1194.11	2040.06
-1872.51	1011.47	2053.13
-2227.26	379.216	2504.89
-2129.02	306.346	2436.41
-1872.29	886.398	2168.66
-1908.36	-845.211	2265.8
-1993.68	-1395.05	2381.4
-1865.58	-522.072	2224.61
-1867.81	-25.5386	2223.69
-1867.81	-25.5386	2223.69
-1870.35	812.942	2245.46
-1976.3	-1267.17	2480.41
-1875.57	1394.24	2306.99
-1854.16	-415.221	2331.2
-1919.82	316.32	2497.99
-1891.62	190.456	2501.19
-1884.04	1504.51	2549.97
-1893.55	-1133.3	2719.35
-1902.52	488.486	2704.1
-1865.36	756.172	2677.83
-1880.96	-400.583	2769.12
-1851.28	919.289	2723.31
-1956.99	-1053.64	2937.15
-1919.61	-812.9	2965.4
-1895.66	-297.882	2919.51
-1918.6	1891.96	2942.84
-1932.3	621.816	3041.57
-1904	-191.956	3050.41
-1914.02	783.939	3204.34
-1921.51	20.1737	3322.69
-1914.58	2006.3	3258.39
-1939.96	-599.241	3435.34
-2000.84	-914.462	3789.19
-1895.81	1962.58	3562.31
-1512	428.51	2971.78
-1477.59	463.286	3040.27
-1766.17	-1140.39	4152.1
-1951.44	-2176.79	4733.36
-1760.4	-967.584	4272.58
-2095.61	-2820.9	5240.41
-1222.01	472.233	2974.26
-1797.64	-2104.26	4833.49
-1876.99	-630.932	5505.86
-1744.76	-1565.7	5311.67
-1064.57	125.09	3227.16
-832.344	1276.5	2538.76
-863.964	1651.31	3045.38
-773.287	462.015	2856.79
-851.516	1480.93	3457.16
-1179.78	-1313.47	5152.86
-860.172	2067.68	3533.19
-1675.68	-3510.69	7584.05
-1904.49	-4483.57	8713.53
-829.93	1690.45	3546.5
-829.93	1690.45	3546.5
-1716.16	-3946.29	8351.05
-1665.93	-5271.53	10604.5
-566.961	248.461	4111.96
-597.86	1645.91	4561.76
678.71	85.0053	4874.75
678.71	85.0053	4874.75
2096.19	-5407.83	11331
2047.6	-3103.68	9226.8
2047.6	-3103.68	9226.8
2986.54	-5839.8	11686.3
3098.73	-5220.09	11329.3
1206.51	2034.76	4454.49
1206.51	2034.76	4454.49
2908.35	-4677.23	8975.18
1973.11	594.251	5876.97
1439.93	1981.02	4337.21
1832.57	1175.59	5292.87
1766.87	1975.77	4895.39
2904.24	-3144.96	7322.76
2904.24	-3144.96	7322.76
1948.05	2003.07	4818.16
1948.05	2003.07	4818.16
3080.18	-3679.07	6843.13
3015.41	-3751.48	6539.59
2109.67	2147.19	4458.23
2255.27	1231.8	4694.26
3261.92	-2313.54	6549.11
2842.66	-1295.66	5689.06
2791.48	-1051.95	5380.22
2733.17	1430.72	5142.55
2129.4	2649.04	4050.36
2820.83	-882.111	4903.61
2724.17	-224.274	4738.66
2369.21	2048.3	4184.51
3285	-2768.34	5338.26
3285	-2768.34	5338.26
2794.58	190.316	4408.77
2383.93	1928.43	3771.37
2810.9	95.6024	4340.8
2586.19	1314.81	3869.08
2363.2	2343.16	3557.47
2820.59	-1336.12	4133.38
2820.95	-1016.44	3960.13
2821.62	-1486.36	3946.42
2748.07	767.742	3842.79
2532.24	1656.52	3555.77
2676.98	285.076	3624.6
2676.98	285.076	3624.6
3387.29	-368.614	4352.61
3387.29	-368.614	4352.61
2413.61	1990.08	3137.37
2439.61	1519.37	3146.44
2921.39	-1407.12	3682.53
2589.54	736.548	3216.31
2676.49	669.406	3243.92
2512.09	1637.71	3020.99
2734.63	543.138	3209.12
2728.25	730.421	3203.18
5846.53	-4102.99	6704.08
2778.11	611.028	3231.1
2838.1	2031.7	3301.27
3322.45	-1018.54	3694.29
3882.32	-368.098	4281
3487.2	-905.595	3824.65
3728.43	-675.948	4033.16
3516.19	-1688.27	3543.34
-2151.07	265.365	2302.62
-1862.53	1233.22	2019.32
-1867.87	-467.348	2100.32
-2207.9	375.689	2483.84
-2152.61	309.616	2463.08
-2015.73	-1408.31	2408.55
-1900.96	-842.468	2257.21
-1884.69	-395.573	2241.24
-1884.69	-395.573	2241.24
-1880.56	-25.4679	2237.94
-1974.61	-1266.12	2478.14
-1906.93	83.9919	2392.53
-1872.98	-713.023	2380.24
-1872.98	-713.023	2380.24
-1892.96	189.975	2503.65
-1880.03	1489.5	2451.18
-1831.72	630.112	2491.24
-1831.72	630.112	2491.24
-1861.15	754.709	2672.5
-1900.56	1620.12	2692.55
-1854.63	920.97	2727.15
-1926.36	-815.215	2974.54
-1948.53	-944.109	3033.66
-1907.57	1835.55	2952.55
-1938.19	738.776	3164.11
-1901.64	-587.835	3185
-1921.34	191.654	3186.03
-1940.18	645.032	3262.26
-1915.84	-187.013	3287.88
-1910.58	1968.99	3174.73
-1916.69	19.9874	3314.74
-1486.97	1178.5	2523.91
-1556.48	1033.87	2654.97
-1511.46	428.498	2969.86
-2119.9	-771.859	4259.71
-1964.23	-1009.69	4243.87
-1742.52	-1126.35	4098.36
-2019.02	-767.499	4718.26
-1940.37	-2164.47	4706.94
-2090.7	-2815.81	5230.33
-1517.42	2569.09	3849.15
-1756.38	-2345.58	5079.07
-1867.83	-2834.1	5512.61
-1418.97	2568.67	3831.54
-1888.38	-633.289	5533.54
-1069.99	124.898	3241.56
-848.775	1231.33	2487.72
-816.713	434.18	2831.39
-814.139	592.512	3034.69
-851.643	1299.94	3409.19
-1574.46	-3145.64	7098.61
-1641.62	-3441.88	7434.66
-774.74	1645.32	3633.81
-1671.01	-5301.13	10664.6
-631.38	1695.43	3637.4
-715.757	583.371	4473.83
-609.318	1582.52	4663.17
581.684	65.5031	4320.17
2034.91	-2757.89	8884.49
2034.91	-2757.89	8884.49
2947.49	-5757.91	11513.9
2949.84	-4118.28	10029.1
1198.55	2021.21	4423.82
1281.36	2074.57	4402.74
1359.17	1997.97	4330.5
2862.49	-3960.43	8230.65
1955.32	589.39	5819.09
1955.32	589.39	5819.09
1642.51	1527.7	4460.38
2960.77	-3001.04	7070.33
2860	-2195.1	6464.61
3070.38	-3667.87	6820.32
3006.53	-3789.49	6331.82
3000.07	-2442.55	6364.7
2862.95	-1188	5663.79
2181.29	2123.03	4429.9
2379.69	1707.95	4785.58
2936.87	-1304.62	5656.91
2506.35	1370.94	4947.5
2193.57	2196.31	4248.29
2916.83	1234.22	5298.27
2786.13	-631.279	4876.81
2706.73	-222.401	4705.51
2795.77	1806.44	4924.66
2331.47	2013.89	4113.55
3298.69	-3169.84	5492.02
2514.4	1780.24	4395.97
2802.2	-852.253	4672.36
2846.95	-1122.03	4713.15
3297.66	-2785.84	5366.85
2259.25	2205.74	3728.46
2334.14	2742.42	3836.23
2653.98	567.28	4066.39
2374.1	2354.59	3575.66
2725.78	966.309	3846.41
2725.11	358.753	3809.85
2714.33	953.868	3701.79
2827.31	-1729.6	3678.48
2806.61	-1492.78	3627.48
2977.63	-696.64	3868.52
3542.82	-202.96	4517.08
2988.91	-787.531	3782.09
2758.28	213.172	3451.89
2888.11	-1016.63	3532.37
3310.85	-659.264	4062.75
3006.67	2569.3	3749.21
2715.34	680.084	3293.91
2535.84	1654.03	3049.52
5901.57	-4141.69	6767.34
2755.76	548.385	3236.13
3008.79	-1186.26	3394.16
3783.74	-503.115	4182.31
2612.98	1801.93	2919.6
3601.48	-907.286	3782.32
3369.57	-1234.85	3512.85
-1822.83	983.138	1999.08
-1849.75	-464.414	2081.6
-2200.46	374.735	2475.71
-2044.08	205.634	2321.91
-1997.67	-1397.23	2386.37
-1902.06	-842.532	2257.45
-1867.05	884.914	2164.06
-1876.42	-25.554	2233.24
-1876.42	-25.554	2233.24
-1976.58	-1268.24	2481.24
-1877.32	-769.936	2363.41
-1892.96	82.4791	2376.78
-1858.32	-708.252	2363.69
-2065.06	413.295	2587.91
-1923.86	317.9	2504.82
-1880.18	1489.62	2451.43
-1834.5	631.461	2495.13
-1898.35	-1135.86	2725.71
-1836.79	812.459	2579.4
-1836.79	812.459	2579.4
-1883.16	-506.672	2765.15
-1886.57	-401.98	2777.18
-1903.78	1695.72	2735.17
-1924.99	-814.61	2972.44
-1966.77	-952.667	3061.64
-1930.07	620.335	3038.65
-1913.44	-201.633	3185.21
-1913.44	-201.633	3185.21
-1896.07	-586.481	3176.68
-1910.65	190.289	3169.16
-1946.35	735.302	3309.97
-1909.08	2049.74	3201.7
-1465.51	1163.1	2489.54
-1557.46	1035.26	2656.43
-1918.52	2155.36	3329.07
-1871.74	1938.38	3518.33
-2115.88	-770.47	4252.5
-1452.82	455.808	2990.96
-2554.68	-2815.75	5457.6
-2554.68	-2815.75	5457.6
-1992.44	-811.309	4381.65
-1729.53	-1120.19	4078.3
-1990.89	-760.587	4663.12
-1942.18	-2167.23	4711.96
-2134.48	-2870.01	5331.84
-1836.57	-2123.61	4710.8
-1665.12	-1224.5	4699.16
-1068.46	125.463	3238.01
-843.871	1236.6	2533.61
-770.449	460.482	2846.42
-814.889	593.354	3036.48
-842.013	1697.68	3148.14
-1309.65	-582.881	5479.1
-847.992	1296.48	3399.72
-1301.63	-1431.57	5656.37
-1698.39	-3906.04	8261.08
-1431.41	-1033.53	7127.28
-1623.6	-5065.07	8604.04
-806.607	2197.28	3745.67
-698.64	1697.68	3523.05
-1525.56	-5242.1	10544.8
-717.007	583.617	4475.78
-624.273	1453.17	4514.73
627.725	67.0886	4602.53
627.725	67.0886	4602.53
2103.89	-5419.66	11367.1
2103.89	-5419.66	11367.1
2073.16	-3139.93	9344.98
2904.66	-5673.02	11344.9
1202.87	2028.98	4441.39
2763.15	-4738.42	8708.17
1306.17	2116.31	4493.92
3058.12	-2870.61	8935.07
1495.51	2108	4597.51
1977.1	592.834	5891.16
1823.85	1171.47	5264.88
1936.15	1572.29	4947.63
2878.83	-2660.23	6885.83
2878.83	-2660.23	6885.83
2864.86	-2197.57	6477.16
3083.38	-3681.64	6848.54
3083.38	-3681.64	6848.54
2771.6	-1369.42	5667.78
2114.42	2150.42	4464.94
2759.48	-1031.81	5590.41
2488.81	1361.48	4911.32
2607.37	1732.83	4763.93
2782.27	-631.62	4871.71
2313.72	2143.78	4164.33
3042.99	536.023	5301.85
2790.93	1803.74	4917.2
3279.28	-3154.37	5462.46
3279.28	-3154.37	5462.46
2650.76	688.309	4086.29
2912.72	-207.137	4420.43
2257.63	1731.4	3498.35
2388.62	2369.36	3599.34
2808.49	-1479.58	3927.6
2716.02	962.831	3832.42
2689.87	354.763	3760.53
2502.85	1636.06	3516.41
2978.46	-617.685	4023.16
2467.12	1790.57	3417.51
2752.76	879.332	3734.37
2908.52	-898.762	3780.95
2908.52	-898.762	3780.95
3528.39	-201.974	4498.65
3032.21	-798.891	3838.76
2827.88	-1358.18	3558.35
2432.03	2004.71	3162.47
3351.16	-719.239	4050.02
2715.57	679.502	3292.99
2706	742.028	3257.78
2529.84	1649.65	3042.65
5863.74	-4116.37	6724.6
5863.74	-4116.37	6724.6
2681.39	719.668	3146.94
2798.03	614.98	3253.72
2852.05	2039.96	3316.1
3461.24	-806.384	3878.8
3619.23	-708.444	3980.34
3395.85	-880.68	3724.59
3384.02	-1240.25	3528.67
3545.49	-1702.41	3573.45
-1827.75	987.204	2004.12
-2186.51	372.384	2460.11
-2049.89	206.096	2327.78
-1814.94	858.127	2103.45
-2009.61	-1404.82	2402.1
-1874.16	-25.074	2230.27
-1874.16	-25.074	2230.27
-2050.45	307.067	2452.87
-1873.42	-768.724	2359.05
-1886.14	-868.698	2452.48
-1976.12	-1282.76	2624.48
-1850.56	-319.201	2461.61
-1903.88	191.228	2517.01
-1883.93	1492.18	2456.02
-2017.03	539.076	2681.6
-1939.94	-1233.2	2660.6
-1839.5	727.171	2460.53
-1839.5	727.171	2460.53
-1837.12	632.1	2498.1
-1898.74	1618.57	2689.74
-1894.63	-509.701	2781.6
-1923.24	536.274	3007.25
-1907.76	1835.78	2952.73
-1914.46	189.394	3176.5
-1856.56	1663.34	3109.57
-1935.39	731.267	3292.27
-1917.92	18.937	3317.41
-1501.24	1190.36	2549.08
-1559.5	1036.4	2659.6
-1911.32	2147.76	3318.3
-1908.88	-286.959	3580.7
-2022.7	-923.942	3827.89
-2102.62	-903.596	4224.03
-2158.82	-845.339	4439.15
-1474.45	462.599	3034.19
-2565.39	-2822.1	5471.84
-1726.44	-1116.58	4064.03
-1569.91	1136.12	3881.51
-1897.46	-2350.24	5137.99
-1657.06	-1219	4678.13
-1873.85	-630.722	5494.65
-1745.16	-2317.75	5285.25
-1069.09	125.48	3238.67
-847.148	1230.03	2482.61
-1128.43	1002.64	3597.17
-993.091	1962.13	3121.09
-867.538	1658.3	3059.62
-774.873	462.982	2860.71
-774.873	462.982	2860.71
-1631.06	-1576.97	6511.76
-870.152	1507.15	3518.51
-1669.91	-3498.65	7557.25
-1527.06	-3056.06	6899.55
-1920.62	-4521.4	8787.45
-777.609	1650.67	3647
-763.941	2093.37	3565.07
-694.916	1690.69	3507.67
-1519.48	-5201.89	10467.1
-640.371	937.247	4635.31
-620.877	1447.33	4494.31
609.468	65.5195	4508.8
609.468	65.5195	4508.8
2910.06	-4888.27	10618.7
1202.84	2029.09	4441.34
2846.42	-4888.06	8980.02
2921.57	-4696.64	9017.25
2683.53	-2169.6	8275.59
3231.88	-3314.8	9699.95
1391.19	2048.59	4440.86
2775.26	-3831.32	7965.98
1980.15	596.051	5897.55
1980.15	596.051	5897.55
1816.15	1166.65	5241.22
2811.76	-1845.4	6618.34
2040.04	1549.47	4939.67
2886.83	-2345.26	6602.78
2841.93	-2180.26	6423.77
3029.08	-3768.22	6571.28
2918.12	-2410.98	6332.85
3075.36	-3554.42	6312.17
2199.39	2199.18	4267.46
2488.71	1113.7	4753.09
2107.18	2620.26	4006.63
2799.89	-713.57	5076.41
2367.52	1869.86	4336.41
2319.37	2148.99	4173.92
2754.56	860.11	4878.81
2813.25	-879.232	4888.65
2739.37	-226.331	4764.63
2770.84	1794.16	4882.93
2504.19	1776.52	4379.65
3296.29	-3176.24	5496.33
2854.63	-1125.56	4725.91
2818.85	-38.5618	4657.98
2782.92	-416.578	4483.48
2254.71	2196.83	3720.43
2833.12	-1059.4	4487.66
2334.83	2740.95	3835.46
2788.59	-507.667	4375.01
2654.53	688.77	4091.93
2317.82	2417.24	3577.85
2829.98	-1491.63	3958.87
2718.1	960.748	3831.74
2692.45	355.48	3764.3
2466.36	1790.83	3416.98
2817.14	-1721.99	3664.45
2706.47	877.973	3572.18
3438.64	-196.57	4382.7
2436.76	1517.95	3144.67
2804.13	-1434.23	3406.67
2515.74	1639.54	3023.85
5856.12	-4110.66	6714.03
2751.29	547.535	3230.35
2789.18	613.207	3243.73
3577.12	-619.35	4081.46
3458.24	-683.252	3941.29
2827.79	2025	3291.57
2657.08	713.458	2967.15
2657.08	713.458	2967.15
3423.36	-888.246	3755.45
3295.04	-1206.7	3433.28
3446.74	-1014.32	3531.72
