-1875.73	1241.71	2034.43
-1903.26	1028.41	2086.01
-1873.25	-469.176	2106.62
-2224.66	378.624	2501.92
-2178.08	314.465	2492.71
-1910.07	896.352	2205.33
-1882.22	892.792	2181.16
-1863.49	1335.18	2155.3
-2009.61	-1407.74	2400.25
-1893.26	-25.3881	2252.82
-1893.26	-25.3881	2252.82
-1990.67	-1277.14	2498.44
-1885.97	1402.63	2319.47
-1883.17	-772.151	2371.52
-1943.67	-1235.27	2667.05
-1934.07	-1037.95	2735.7
-1848.68	817.115	2596.47
-1885.67	763.595	2704.85
-1916.29	410.067	2776.61
-1916.29	410.067	2776.61
-1889.49	-509.115	2775.12
-1887.64	-401.907	2779.12
-1910.19	1774.36	2788.6
-1862.97	924.633	2740.63
-1953.21	-1052.88	2932.83
-1925.86	516.595	2915.46
-1924.34	-814.784	2972.73
-1913.35	190.282	3174.21
-1939.32	645.324	3261.86
-1934.85	731.162	3291.32
-1577.01	1050.02	2690.23
-1919.67	20.506	3319.83
-1847.43	1674.59	3178.08
-1915.89	2155.59	3330.41
-1882.7	-868.251	3590.96
-1932.83	-171.831	3739.36
-1913.32	2441.52	3625.72
-2106.61	-766.694	4234.05
-1460.2	459.715	3008.77
-2513.24	-2767.67	5375.05
-2024.64	-823.643	4449.55
-1993.93	-758.202	4665.96
-1907.31	-2130.17	4631.19
-1785	-2379.77	5153.19
-1853.6	-625.43	5438.44
-1723.87	-1548.53	5256.31
-1073.48	126.194	3253.08
-1142.04	1046.91	3552.62
-822.934	436.4	2848.01
-1628.14	-2075.56	5953.15
-775.89	464.428	2863.22
-810.986	589.628	3022.65
-850.644	1298.97	3405.71
-882.778	2154.93	3524.19
-882.778	2154.93	3524.19
-868.99	1679.35	3585.52
-1631.09	-3417.45	7379.08
-1888.5	-4443.54	8641.15
-1703.96	-3913.8	8284.81
-696.413	1692.96	3511.32
-676.626	1433.26	3444.62
-713.562	581.76	4455.37
-1478.82	-5112.69	10270.8
-619.484	1445.58	4482.57
568.329	13.9309	4018.45
568.329	13.9309	4018.45
2700.14	-3757.08	9157.91
1265.78	2070.6	4391.53
2797.86	-4806.28	8831.67
1314.51	1916.25	4172.37
2861.79	-2466.63	8519.33
1483.93	2056.45	4514.25
1934.19	580.851	5760.52
1934.19	580.851	5760.52
2712.77	-3745.54	7791.74
1812.07	1165.77	5227.99
2794.2	-1696.86	7648.77
1664.17	1552.74	4592.77
1890.4	1533.12	4836.46
2833.57	-2734.13	6850.46
2004.23	1503.66	4863.32
2934.86	-3633.99	6187.33
2903.55	-2364.12	6159.16
2808.56	-1612.94	5936.97
2089.57	2127.55	4424.91
2846.28	-1542.78	5736.29
2751.51	-1140.06	5428.1
2751.51	-1140.06	5428.1
2417.64	1637.35	4576.12
2075.94	2583.3	3948.2
2439.95	1749.08	4489.55
2366.05	2039.69	4201.67
2654.94	-215.47	4620.77
3209.22	-3091.47	5350.63
2231.88	2449.61	3831.73
2702.1	-120.894	4487.08
3225.56	-2724.15	5243.09
3338.27	-3258.93	5297.24
2732.79	186.807	4310.68
2294.35	2252.8	3618.85
2799.41	-364.747	4322.34
2318.07	2486.83	3616.52
2341.31	1940.84	3516.82
2312.16	1167.66	3453.95
2928.05	-416.633	4219.11
2605.26	919.991	3669.2
2670.73	747.991	3732.78
2368.35	1525.82	3295.44
2731.28	645.508	3715.78
2619.73	278.988	3547.16
2843.4	-878.781	3699.87
2843.4	-878.781	3699.87
2729.89	-1450.94	3527.76
2729.89	-1450.94	3527.76
2414.13	1497.64	3124.26
3365.73	-191.632	4292.33
2614.31	653.523	3170.81
2649.94	714.3	3115.29
2662.24	528.509	3125.41
5632.85	-3952.98	6459.56
2706.09	597.925	3149.96
3295.6	-836.574	3804.67
3375.97	-785.152	3783.19
3847.38	-365.799	4243.31
3326.89	-862.822	3651.41
3339.74	-1601.79	3364.01
-1870.54	1237.77	2028.38
-1872.78	1198.94	2049.74
-1851.5	-468.808	2085.5
-2196.87	374.658	2471.45
-2143.96	310.224	2454.69
-1872.54	887.948	2171.22
-1944.44	-859.752	2306.26
-1881.16	-25.8901	2238.84
-2055.05	307.448	2459.36
-1979.62	-1269.93	2485.56
-1884.92	-772.335	2372.23
-1916.27	316.564	2494.6
-1883.88	1492.99	2456.67
-1864.62	-322.857	2480.73
-2025.44	541.579	2691.91
-1925.19	-1033.23	2723.26
-1846.6	815.891	2593.26
-1869.55	757.455	2683.08
-1888.62	-402.186	2780.02
-1850.79	918.03	2723.16
-1965.13	-1059.34	2950.54
-1904.15	1803.82	2861.98
-1938.93	-939.609	3019.99
-1895.72	1905.84	2981.71
-1907.05	189.496	3163.86
-1949.01	648.892	3277.09
-1930.16	729.502	3283.75
-1569.71	1045.16	2677.4
-1908.84	19.4145	3301.88
-1911.37	2150.12	3322.44
-1973.01	-907.029	3749.49
-1911.05	-170.601	3698.81
-1482.46	466.05	3050.87
-2473.55	-2717.84	5284.75
-2001.94	-814.816	4400.77
-2001.94	-814.816	4400.77
-1963.09	-746.453	4591.35
-1776.77	-1148.07	4174.02
-2092.73	-2817.39	5232.83
-1761.31	-2037.88	4524.6
-1870.77	-2320.34	5055.62
-1645.88	-1215.24	4647.71
-1867.55	-629.425	5478.26
-1115.23	992.962	3557.63
-810.127	589.375	3020.94
-850.704	1298.63	3404.48
-897.479	2188.95	3579.82
-854.022	2056.24	3512.36
-1569.68	-3135.42	7074.78
-1632.43	-3422.59	7392.41
-771.544	1638.14	3616.15
-1423.73	-1025.8	7085.86
-1593.4	-4970.82	8453.93
-694.772	1688.7	3502.4
-711.75	580.277	4445.01
-1446.8	-4993.99	10035.2
-597.23	1639.39	4543.46
949.489	-2577.93	7975.4
898.155	-3247.71	7108.08
583.372	12.1052	4181.98
583.372	12.1052	4181.98
1144.61	-3263.26	7040.05
2016.08	-3057.09	9087.79
2016.08	-3057.09	9087.79
2843.03	-3966.28	9664.41
1255.53	2053.17	4357.5
2785.96	-4782.32	8786.81
2973.05	-4798.45	9186.32
1361.11	1991.97	4334.7
1479.46	2047.45	4494.46
1934.79	582.893	5761.22
1934.79	582.893	5761.22
2705.1	-3732.51	7767.27
1811.68	1163.81	5232.74
1654.5	1836.87	4582.58
2940.42	-1624.06	7634.27
2821.91	-3099.11	6884.24
2105.88	1556.91	4868.9
2847.04	-2352.99	6177.99
2927.31	-3504.47	6302.67
2101.91	2138.15	4450.64
2812.67	-1282.85	5629.58
2812.67	-1282.85	5629.58
2159.93	2108.59	4404.74
2682	-590.443	5305.76
2709.16	1341.99	5232.43
2409.3	1630.97	4559.53
2462.01	1765.69	4531.52
2738.41	-250.123	4700.97
2699.18	-393.002	4571.45
3163.11	-3048.27	5273.63
2228.36	2447.36	3821.22
2760.34	-37.597	4561.06
3203.09	-2701.36	5204.28
3356.93	-3281.4	5331.59
2769.38	-1039.22	4389.61
2311.77	2271.12	3648.14
2745.4	-783.478	4164.62
2803.26	-199.78	4252.47
2761.04	-1277.83	4133.15
2517.23	1270.69	3761.67
2435.16	1403.31	3534.43
2685.52	751.822	3753.39
2920.99	-605.959	3944.88
2388.77	1820.05	3229.71
2746.19	-1460.35	3550.15
2356.39	1936.21	3076.53
2434.15	1509.63	3151.13
2774.24	-1332.4	3491.46
2689.98	207.23	3365.92
2689.98	207.23	3365.92
2559.43	797.493	3212.83
2642.65	661.219	3205.84
2592.57	709.435	3116.59
2469.91	1608.98	2977.88
2700.22	537.231	3171.32
3408.05	-867.865	3940.19
5682.92	-3987.99	6517.77
5682.92	-3987.99	6517.77
2700.74	595.887	3142.27
2721.08	1944.58	3163.3
3336.58	-953.231	3746.92
3374.3	-785.211	3781.55
3994.06	-531.901	4427.84
3370.57	-1616.39	3394.47
-2246.16	277.569	2401.71
-1869.08	1236.85	2027.19
-1855.8	-469.402	2090.17
-2239.65	381.639	2518.89
-1881.38	891.326	2179.91
-1972.38	-1226.66	2323.71
-1972.38	-1226.66	2323.71
-1863.2	1335.17	2154.93
-1916.49	-849.327	2276.38
-2004.95	-1403.64	2394.15
-1878.07	-396.34	2235.13
-1871.31	-26.3923	2227.8
-1871.31	-26.3923	2227.8
-1852.81	-705.67	2356.96
-1929.21	318.445	2511.17
-1882.69	-324.802	2502.76
-2026.67	541.191	2692.95
-1936.14	-1231.37	2656.81
-1891.16	1510.3	2559.87
-1891.16	1510.3	2559.87
-1890.63	-878.739	2659.93
-1837.47	811.696	2580.76
-1882.69	760.97	2699.21
-1916.61	410.097	2777.21
-1851.76	919.301	2724.23
-1925.31	-815.405	2974.43
-1936.82	-937.654	3017.73
-1908.89	-192.224	3058.25
-1937.44	590.743	3194.66
-1914.18	190.163	3176.23
-1906.08	2085.35	3164.62
-1931.94	730.903	3287.09
-1521.92	1202.29	2579.91
-1565.25	1042.14	2670.57
-1909.24	-486.532	3314.01
-1909.41	19.6123	3303.46
-1913.23	2230.24	3377.09
-2132.13	-913.385	4277.5
-1445.87	454.81	2976.81
-2518.73	-2767.1	5380.58
-1981.35	-751.187	4630.32
-1723.45	-1114.29	4055.56
-1916.57	-2140.29	4653.74
-1837.74	-2125.39	4710.81
-1406.98	2549.48	3801.22
-864.875	1204.41	2417.71
-1718.24	-1542.97	5235.87
-1127.79	1034.16	3518.63
-1111.57	988.401	3545.1
-838.091	444.036	2898.9
-776.454	464.375	2863.1
-850.653	1298.79	3405.27
-858.74	2068.47	3532
-1621.82	-3400.08	7344.48
-1741.99	-3993.81	8458.15
-769.332	1634.32	3609.31
-782.211	2145.96	3647.46
-700.438	1700.77	3527.88
-711.336	581.172	4448.3
-592.821	1634.84	4530.32
907.091	-3352.12	7204.02
571.911	14.4706	4079.76
571.911	14.4706	4079.76
1169.19	-3402.61	7187.77
2854.83	-5579.42	11168.2
3021.11	-5101.8	11066.5
1167.47	1983.62	4356.07
1250.82	2045.64	4338.58
2807.19	-3057.01	8782.3
2801.72	-4512.72	8649.28
1356.77	1989.34	4328.1
2821.08	-2425.81	8387.3
2764.92	-3825.32	7947.6
1814.77	1169.43	5235.04
1837.59	1723.47	5095.8
2935.01	-1615.49	7618.85
1902.27	1542.12	4867.81
2110.17	1559.65	4878.25
2154.39	1600.28	4816.15
2896.06	-2394.62	6289.68
2905.25	-2364.65	6161.32
2909.27	-1820.5	5972.27
2793.42	-1273.65	5592.52
2672.38	-587.368	5284.41
2800.17	-939.466	5335.7
2301.96	1815.05	4227.5
2929.24	-3053.53	5095.18
2256.84	1950.3	3993.82
2638.1	-216.468	4587.23
3170.76	-3057.64	5289.91
2209.94	2426.64	3792.09
2209.94	2426.64	3792.09
2720.83	-122.441	4519.72
3206.65	-2703.58	5209.08
3278.27	-3203.28	5203.65
2788.82	-76.0039	4468.27
2744.84	-677.047	4268.03
2278.58	2237.13	3593.19
2596.47	672.623	4001.4
2381.12	1973.91	3577.95
2287.81	1154.15	3414.96
2751.2	-992.259	3862.86
2624.6	926.724	3696.25
2697.68	754.598	3772.29
2383.7	1535.48	3317.45
2621.62	278.531	3547.98
2843.44	-778.628	3819.26
2763.1	-1689.35	3594.85
2849.57	-803.39	3674.01
2347.82	1929.89	3060.99
2396.88	1487.18	3104.06
2791.98	-1342.15	3515.13
2701.57	536.843	3172.77
2720.05	600.857	3166.41
5696.06	-3997.59	6534.02
3422.39	-591.217	3899.55
3323.82	-949.707	3730.75
3364.66	-782.432	3771.73
2586.36	693.373	2887.92
2586.36	693.373	2887.92
3337.74	-1164.26	3529.87
3211.11	-1526.19	3326.73
-2206.93	273.311	2362.03
-1887.78	1208.96	2066.81
-1897.69	1027	2080.94
-1894.45	-134.419	2130.79
-2182.55	314.931	2498.39
-1908.5	904.688	2211.35
-1861.01	1332.77	2152.17
-2021.03	-1255.19	2378.93
-2021.03	-1255.19	2378.93
-1906.06	-25.5984	2268.01
-2071.95	309.747	2479.41
-1877.83	815.305	2256.96
-1880.3	-422.415	2365.34
-1907.23	191.788	2522.05
-2040.02	545.337	2711.42
-1899.06	-741.289	2548.19
-1941.28	-1233.98	2664.7
-1898.92	1590.84	2601.22
-1900.05	-632.15	2674.18
-1896.09	-509.766	2668.85
-1916.14	-1147.51	2752.01
-1885.67	763.577	2705.23
-1857.29	922.294	2732.18
-1909.2	1808.56	2869.74
-1915.08	-19.5194	2930.75
-1924.85	-814.392	2973.49
-1948.17	-945.465	3036.58
-1945.73	742.682	3176.57
-1945.73	742.682	3176.57
-1909.02	2025.06	3124.84
-1911.99	189.262	3171.99
-1488.68	1179.02	2531.4
-1572.03	1046.44	2681.78
-1928.41	20.2914	3335.02
-1912.71	2298.81	3382.47
-1915.73	-171.687	3709.8
-2109.71	-767.457	4240.55
-2214.55	-741.146	4507.44
-2528.5	-2784.65	5407.89
-2528.5	-2784.65	5407.89
-2013.41	-761.117	4701.63
-1936.72	-2162.3	4700.66
-1749.71	-960.756	4251.51
-1749.71	-960.756	4251.51
-2149.83	-2893.28	5373.43
-1863.23	-628.457	5467.26
-1760.6	-2310.83	5436.17
-1145.7	1048.77	3554.24
-837.163	1251.99	2587.18
-997.748	1973.89	3140.92
-813.868	431.415	2818.6
-772.794	462.102	2854.27
-811.393	590.735	3025.48
-851.33	1299.69	3407.35
-887.597	2170.64	3548.84
-823.057	1441.05	3366.05
-857.233	2064.14	3526.05
-1637.88	-3431.81	7410.16
-1910.7	-4493.39	8734.57
-1686.05	-3872.56	8195.93
-804.523	2195.22	3736.19
-771.26	1636.2	3612.59
-1577.64	-4918.88	8364.26
-705.773	1715.28	3557.2
-675.008	1431.31	3437.34
-675.008	1431.31	3437.34
-770.554	598.063	4328.12
903.591	-3404.31	7229.56
561.978	18.6274	3953.61
561.978	18.6274	3953.61
1177.66	2005.35	4401.45
1177.66	2005.35	4401.45
2964.09	-4140.16	10088.3
2709.27	-4642.47	8540.44
2723.33	-4385.56	8406.49
2788.7	-2393.2	8291.52
1918.05	579.678	5709.28
1918.05	579.678	5709.28
2986.34	-2802.45	8727.77
1798.98	1153.18	5192.19
1935.13	1808.07	5337.84
2692.83	-2747.43	6809.42
2832.65	-2919.82	6990.53
2098.42	1549.98	4850.29
2044.42	1361.91	4687.63
2146.44	1594.35	4799.43
2098.17	2045.04	4454.9
2060.48	2094.25	4356.41
2673.47	-868.515	5535.24
2857.27	-2350.26	5866.51
2766.11	-1260.49	5534.4
2766.11	-1260.49	5534.4
2290.64	1805.29	4206.32
2814.44	-2930.34	4892.01
2743.97	-858.708	4769.26
2631.3	-214.559	4575.01
2214.2	2427.63	3803.92
2214.2	2427.63	3803.92
3177.01	-3060.56	5296.3
2655.62	-119.633	4411.3
3158.36	-2660.63	5127.78
3299.81	-3224.55	5238.5
2768.18	-75.4727	4434.71
2717.26	-796.955	4289.41
2301.88	2260.94	3630.47
2584.87	668.682	3983.94
2483.11	1254.39	3709.9
2411.81	1388.46	3498.93
2720.82	-1377.45	3854.72
2345.82	1871.04	3347.13
2677.82	748.572	3744.55
2371.31	1806.77	3207.33
2770.26	-855.536	3600.77
2770.26	-855.536	3600.77
2866.03	-670.591	3725.29
2727.21	-1449.58	3524.36
2358.37	1939.41	3076.99
3376.38	-192.945	4308.47
2632.4	493.301	3326.45
2530.12	786.81	3175.78
2606.23	651.054	3160.73
2428.04	1579.68	2926.5
2646.05	525.909	3107.07
5704.22	-4003.01	6543.44
2748.56	1965.86	3195.02
3370.01	-665.842	3839.99
2734.46	251.37	3109.63
2603.26	697.453	2907.93
3787.76	-360.161	4177.61
3218.43	-1081.61	3475.45
3293.87	-968.752	3379.47
-2239.41	277.896	2396.14
-1884.71	1247.1	2043.6
-1892.61	1023.58	2074.42
-1884.03	-472.605	2118.55
-2225.76	380.093	2504.64
-1901.12	899.598	2202.84
-1871.14	1340.54	2163.99
-2249.16	537.458	2644.95
-2020.23	-1413.87	2412.84
-1905.51	-400.262	2265.87
-1896.69	-25.6374	2257.26
-1896.69	-25.6374	2257.26
-1908.09	-625.104	2383.14
-1991.4	-1170.72	2625.79
-1902.37	191.404	2515.47
-1894.38	-327.314	2518.36
-1898.87	1590.99	2600.94
-1898.87	1590.99	2600.94
-1882.69	-876.938	2650.96
-1854.6	819.386	2604.34
-1874.58	759.388	2689.99
-1914.96	408.967	2775.04
-1857.46	922.393	2732.61
-1961.07	-1056.52	2943.89
-1910.23	-301.325	2942.75
-1952.16	-946.425	3041.65
-1910.95	-701.058	3078.06
-1943.57	741.752	3173.49
-1954.49	599.163	3220.09
-1915.49	190.894	3177.52
-1918.87	-84.4965	3197.49
-1913.99	2093.54	3177.5
-1486.77	1177.52	2528.95
-1903.28	-184.782	3266.62
-1567.84	1043.14	2676.42
-1850.5	1676.56	3184.44
-1924.34	2266.64	3479.22
-2133.03	-913.891	4279.82
-1460.22	458.417	3006.11
-2537.41	-2788.89	5420.77
-2537.41	-2788.89	5420.77
-1982.98	-749.842	4632.19
-1440.3	2002.22	3405.9
-1917.21	-2139.27	4651.42
-2105.52	-2835.83	5267.66
-1886.9	-2337.59	5097.79
-1640.27	-1208.69	4632.73
-1834.5	-2795.52	5421.25
-1861.01	-628.61	5461.09
-1069.54	125.527	3240.08
-1152.35	1055.93	3574.86
-775.862	464.308	2864.04
-811.363	590.023	3025.08
-1599.53	-1551.09	6391.87
-882.96	2164.65	3540.91
-847.013	1479.97	3456.39
-874.349	1688.71	3604.21
-865.054	2082.8	3555.52
-1633.22	-3423.14	7394.41
-1818.5	-4805.42	8858.58
-1725.06	-3957.98	8380.92
-807.249	2202	3745.84
-1413.2	-1014.93	7033.42
-694.216	1690.51	3505.76
-711.144	579.495	4438.75
-594.646	1638.14	4542.27
1029.4	-2893.19	8755.92
1161.94	-2802.06	8213.14
568.694	19.0198	4019.86
568.694	19.0198	4019.86
1160.62	-3465.78	7219.57
1998.8	-2692.4	8714.54
2807.71	-3923.77	9548.75
1256.34	2054.55	4358.16
2788.07	-4791.28	8801.36
3023.3	-4895.88	9357.05
3085.54	-3165.69	9254.27
1932.54	582.75	5753.5
1932.54	582.75	5753.5
1664.41	1857.02	4623.72
1664.41	1857.02	4623.72
2966.4	-1636.82	7703.53
2833.58	-3111.8	6913.46
2008.39	1508.11	4874.94
2103.73	1554.82	4864.17
2864.47	-2093.19	6376.11
2923.26	-3500.84	6298.1
2888.47	-2350.21	6125.14
2016.88	2048.95	4261.41
2798.91	-1275.97	5603.17
2346.42	1822.66	4530.51
2723.2	-913.558	5187.6
2403.37	1625.57	4545.91
2223.65	2084.09	4162.54
2937.75	-3065.91	5115.18
2743.34	-858.409	4768.68
2634.46	-214.83	4580.46
2706.53	-245.81	4644.96
2211.98	2426.25	3799.43
2211.98	2426.25	3799.43
3179.64	-2680.58	5165.42
3269.07	-3198.09	5193.07
2724.15	185.766	4295.96
2728.63	-496.51	4281
2303.43	2262.58	3633.97
2719.92	-1258.08	4070.94
2347.66	1947.2	3527.47
2798.34	370.069	4143.91
2870.15	-310.415	4232.85
2713.41	-1281.34	3971.68
2652.13	742.351	3707.16
2749.99	648.765	3742.36
2857.76	-682.458	3869.54
2760.37	-1688.22	3592.28
2363.18	1943.48	3083.84
2428.64	1502.75	3116.25
2766.92	-1331.35	3486.32
2532.22	789.014	3178.99
2654.01	664.803	3221.14
2440.97	1588.84	2942.79
2671.14	530.549	3136.65
2701.38	597.399	3144.83
5628.36	-3950.43	6455.57
2783.71	1991.43	3237.09
3423.81	-592.353	3905.74
2600.36	696.439	2904.79
3763.69	-500.618	4163.37
3297.78	-1109.61	3562.65
3369.35	-1176.73	3565.25
3392.93	-1629.31	3420.88
