-2215.54	274.697	2371.98
-1883.84	1246.43	2042.01
-1892.21	1022.64	2074.38
-1885.56	1207.8	2064.02
-1851.84	-468.796	2085.56
-2243.33	382.248	2523.42
-1897.54	898.457	2197.71
-1957.09	-865.256	2321.74
-2013.34	-1409.94	2403.48
-1909.97	84.3154	2397.81
-1912.87	-881.652	2488.38
-1983.82	-1166.01	2615.79
-1894.74	1501.87	2470.49
-1948.89	-1019.15	2647.17
-1920.98	299.309	2661.52
-1870.15	-222.675	2611.25
-1890.8	-508.393	2661.29
-1890.8	-508.393	2661.29
-1848.24	816.901	2595.81
-1908.29	493.018	2715.01
-1851.61	918.727	2724.9
-1897.12	1715.08	2816.93
-1927.93	518.561	2917.68
-1962.16	-949.442	3056.55
-1893.94	4.08776	3053.5
-1928.08	-815.551	3143.34
-1934.65	737.42	3159.3
-1934.65	737.42	3159.3
-1907.55	-184.916	3274.16
-1578.26	1051.02	2692.9
-1916.36	2008.89	3263.25
-1847.34	1673.76	3178.82
-1916.74	-386.06	3464.98
-1913.76	2300.49	3384.45
-2083.85	-778.479	3884.98
-1936.64	-891.749	3685.94
-1507.82	429.686	2962.94
-1468.13	461.358	3023.71
-1897.19	-1420.36	4415.85
-1991.59	-753.42	4650.14
-1911.88	-2133.48	4638.59
-1747.27	-959.884	4241.87
-2097.72	-2824.34	5245.36
-1156.07	1058.33	3577.85
-857.3	1639.21	3022.69
-1667.38	-2606.5	6337.78
-776.379	464.706	2864.33
-776.379	464.706	2864.33
-809.415	588.466	3017.48
-840.095	1694.68	3141.81
-1584.02	-1537.49	6328.18
-836.005	1461.84	3414.75
-1563.3	-3122.96	7044.96
-1636.59	-3429.84	7407.25
-1869.55	-4398.68	8551.41
-830.023	1691.22	3544.05
-1592.32	-4961.34	8427.67
-625.64	1681.63	3605.39
566.941	57.0061	3914.08
566.941	57.0061	3914.08
2793.4	-3902.25	9503.09
1245.25	2039.42	4329.06
2725.39	-4676.31	8597.86
2878.51	-4653.43	8899.74
1308.84	1913.9	4167.15
2940.6	-2762.48	8593.78
1497.58	2080.53	4567.42
1920.61	577.748	5720.23
1920.61	577.748	5720.23
2687.27	-1972.9	7811.4
1795.97	1153.52	5182.91
2902.98	-1607.66	7537.59
2638.08	-2686.1	6664.09
2784.66	-2868.3	6871.29
1984.93	1490.05	4818.87
2088.24	1541.93	4831.49
2792.98	-1603.95	5908.42
2792.98	-1603.95	5908.42
2866.67	-2361.66	5887.43
2078.23	2115.4	4403.21
2394.75	1621.75	4532.64
2394.75	1621.75	4532.64
2059.87	2563.16	3916.63
2910.01	-3039.75	5070.58
2612.72	-212.574	4543.43
2244.66	1936.62	3978.74
2845.8	473.454	4962.73
2685.95	-708.798	4585.71
3146.33	-3016.3	5234.93
2201.46	2416.55	3779
2697.99	-817.798	4496.64
2674.12	-306.16	4443.87
2679.42	-1086.5	4133.2
2631.99	-1951.99	4025.31
2631.99	-1951.99	4025.31
2661.31	-1229.13	3981.27
2482.84	1253.44	3708.68
2328.95	1929.67	3501.53
2606.54	921.865	3672.31
2613.2	346.602	3654.15
2634.62	2613.42	3725.21
2357.69	1518.91	3277.81
2660.99	-1339.12	3596.01
3200.77	-236.456	4361.21
2680.75	-1548.83	3590.41
2602.5	845.182	3435.53
2328.29	1913.1	3037.33
2407.48	1492.15	3114.06
2619.13	490.92	3312.2
3464.26	-303.848	4301.13
3197.86	-636.303	3925.72
3132.08	-671.333	3784.59
2667.57	530.319	3132.91
2681.41	592.637	3121.91
2783.75	1992.33	3238.26
3166.19	-901.473	3550.11
2566.5	687.809	2867.11
2566.5	687.809	2867.11
3584.95	-649.166	3882.74
3584.95	-649.166	3882.74
3501.08	-881.898	3679.57
3314.48	-1589.75	3338.15
-1881.72	1245.25	2039.86
-1891.44	1021.37	2074.25
-1885.09	-133.58	2120.41
-2230.86	380.204	2509.6
-1960.62	-533.538	2235.87
-2181.16	315.365	2497.15
-1903.77	901.405	2205.21
-1871.56	1340.21	2163.9
-1949.78	-862.746	2313.86
-2018.87	-1413.62	2409.68
-1880.74	-615.15	2350.69
-1903.47	84.1278	2389.79
-1903.47	84.1278	2389.79
-1993.45	-1170.74	2627.42
-1844.3	636.229	2509.03
-1869.73	-222.282	2610.57
-1853.73	819.38	2603.32
-1900.85	490.584	2704.29
-1897.55	-508.442	2785.07
-1897.55	-508.442	2785.07
-1944.93	-1047.35	2921.66
-1859	923.027	2735.07
-1898.43	1716.05	2818.76
-1907.06	1806.5	2866.49
-1902.82	1832.39	2945.05
-1908.65	-561.669	3058.13
-1897.17	4.9894	3058.34
-1916.22	1997.87	3068.8
-1937.17	592.172	3193.2
-1942.14	647.573	3265
-1563.25	1039.03	2668.45
-1847.34	1673.76	3178.61
-1924.32	-886.369	3663.76
-1522.22	447.421	2907.45
-1922.58	-171.625	3720.93
-2129.74	-832.55	4380.89
-1487.48	141.6	3206.73
-1900.17	-1422.19	4418.68
-1994.75	-755.321	4659.2
-1931.03	-2154.65	4685.65
-1746.91	-958.986	4242.67
-2112.21	-2842.21	5279.52
-1154.5	1058.92	3573.19
-1682.74	-2623.96	6393.63
-771.335	461.811	2848.19
-771.335	461.811	2848.19
-811.217	589.644	3023.2
-839.652	1694.06	3140.04
-839.652	1694.06	3140.04
-1600.11	-1552.92	6401.22
-890.895	2172.28	3551.41
-890.895	2172.28	3551.41
-837.899	1465.03	3422.75
-872.877	1686.2	3599.71
-852.325	2051.97	3506.06
-1550.73	-3095.89	6990.6
-1623.96	-3405.11	7355.24
-1894.12	-4454.01	8658.26
-1542.59	-4805.05	8158.55
-697.26	1694.5	3513.92
-618.397	1442.03	4471.27
569.466	55.0438	3935.05
569.466	55.0438	3935.05
2018.2	-5200	10907.1
2018.2	-5200	10907.1
1250.57	2048.91	4347.55
2714.05	-4647.04	8552.67
1314.92	1926.61	4194.31
1496.65	2076.17	4558.71
1920.76	578.352	5721.56
1920.76	578.352	5721.56
2719.33	-3756.31	7813.61
2743.17	-2017.34	7985.12
2743.17	-2017.34	7985.12
1798.93	1154.34	5189.83
2901.71	-1599.71	7534.49
2637.2	-2683.82	6662.1
2778.24	-2438.15	6505.52
2088.25	1542.06	4831.4
2848.02	-2201.26	5956.7
2076.18	2111.67	4396.05
2802.84	-1516.54	5648.02
2851.28	-1474.44	5621.54
2386.22	1615.2	4515.46
2386.22	1615.2	4515.46
2637.68	1374.47	4962.93
2053.95	2556.14	3903.98
2760.36	-888.609	4985.52
2628.92	-212.678	4572.71
2241.26	1932.49	3973.46
2838.53	472.259	4949.77
2678.32	-706.59	4571.41
3133.46	-3003.88	5213.49
3133.46	-3003.88	5213.49
2218.71	2435.99	3809.44
2647.23	-118.214	4396.8
2760.21	-2048.77	4222.69
2267.01	2226	3577.05
2665.77	198.275	4070.44
2672.3	329.45	3851.73
2379.31	1370.53	3452.01
2428.87	1563.26	3384.69
2688.82	-1352.69	3635.2
3179.05	-234.864	4331.04
2673.91	-1545.23	3580.85
2592.97	833.031	3521.04
2375.05	1809.46	3214.43
2668.25	-1140.27	3522.34
2668.25	-1140.27	3522.34
2599.88	844.435	3431.64
2322.01	1907.54	3028.8
2407.86	1492.15	3116.76
2622.61	491.868	3316.92
3267.6	-650.934	4014.1
3203.49	-685.852	3870.39
2928.01	-1068.38	3436.28
2643.13	524.27	3102.34
2579.49	694.447	3028.8
5570.01	-3909.61	6390.27
3227.28	-818.876	3727.1
2657.87	586.392	3092.63
2748.29	1965.4	3194.19
3330.27	-774.177	3733.33
2568.24	687.595	2869.4
3867.8	-366.219	4269.27
-1884.15	1206.81	2062.59
-1872.99	1012.07	2055.18
-2202.56	375.711	2479.35
-2162.79	312.754	2476.59
-1890.36	895.168	2189.65
-1884.96	1349.92	2179.36
-1954.67	-864.223	2319.01
-2009.42	-1406.85	2398.69
-1907.27	-644.219	2332.63
-1996.79	-1173.08	2632.18
-1895.4	1502.2	2471.19
-2044.09	546.678	2717.04
-1919.8	299.267	2660.09
-1919.8	299.267	2660.09
-1864.56	-221.968	2604
-1901.92	-885.126	2677.17
-1930.09	-1036.22	2730.33
-1850.53	817.835	2599.04
-1850.53	817.835	2599.04
-1899.85	490.656	2703.28
-1911.18	1628.51	2707.21
-1893.96	-508.215	2780.75
-1867.44	-116.062	2736.63
-1898.34	-404.141	2794.6
-1906.93	35.7516	2983.85
-1914.6	-702.267	3083.25
-1927.41	-815.264	3142.08
-1936.04	739.135	3160.91
-1914.62	190.159	3176.55
-1942.33	646.941	3266.1
-1568.31	1043.41	2677.1
-1915.89	2008.7	3262.37
-1847.34	1674.19	3178.95
-1921.88	-593.593	3405.11
-1904.99	2290.62	3369.68
-1928.45	-887.808	3669.18
-1927.87	-171.016	3730.46
-1451.05	455.588	2989.55
-1915.71	-1434.25	4456.33
-1978.77	-749.96	4623.19
-1930.74	-2153.75	4683.21
-1825.05	-2109.74	4679.3
-1685.92	-1247.82	4748.78
-1404.09	2545.36	3794.32
-1147.52	1051.97	3553.6
-860.374	1643.94	3031.64
-774.376	463.164	2857.75
-774.376	463.164	2857.75
-848.171	1480.19	3457.9
-1558.58	-3113.66	7025.1
-1609.29	-3372.95	7284.73
-827.789	1686.06	3534.05
-769.992	1633.2	3605.01
-1585.14	-4935.74	8382.89
563.851	54.5887	3897.82
563.851	54.5887	3897.82
1935.06	-2119.66	8027.73
2673.38	-4578.55	8425.21
1311.25	1918.25	4176.38
1487.42	2063.99	4531.62
1924.34	578.941	5731.85
1924.34	578.941	5731.85
2729.27	-3775.12	7844.94
2794.5	-2055.13	8137.84
1796.99	1154.94	5185.6
2898.73	-1596.5	7526.74
2629.86	-2675.05	6642.02
1988.73	1494.01	4829.17
2774.21	-2433.78	6494.5
2087.02	1541.2	4828.44
2130.6	1580.88	4766.11
2831.68	-1626.24	5993.36
2866.92	-2215.76	5996.71
2822.82	-1528.58	5690.59
2385.39	1614.59	4513.88
2626.55	-212.745	4568.15
2221.85	1916.88	3935.71
2841.62	472.908	4955.31
3107.9	-2978.1	5168.46
3107.9	-2978.1	5168.46
2193.06	2407.33	3765.16
2193.06	2407.33	3765.16
2685.15	-814.049	4475.46
2685.15	-814.049	4475.46
2661.74	-118.765	4419.12
2667.98	-896.768	4334.71
2692.61	-251.689	4277.21
2787.39	-2071.63	4267.24
2265.6	2224.75	3574.61
2671.9	-1235.16	3998.65
2514.85	1270.77	3759.09
2657.45	-1254.76	3889.84
2639.9	567.287	3903.25
2614.5	925.081	3683.76
2701.56	-1487.52	3726.05
2427.77	1562.23	3383.12
2671.21	-1343.97	3610.63
3202.12	-236.17	4362.8
2347.89	1788.34	3176.6
2599.59	845.159	3432.41
2326.09	1911.05	3033.82
2403.34	1488.86	3108.87
2620.82	491.499	3314.42
3149.62	-625.456	3862.58
2418.42	1573.74	2917.15
2971.19	-1085.28	3490.41
2647.5	524.905	3107.07
5590.07	-3923.12	6412.03
5590.07	-3923.12	6412.03
2671.84	590.902	3110.85
2770.84	1982.63	3222.48
2879.03	-1134.63	3257.28
2553.61	684.389	2852.22
2553.61	684.389	2852.22
3581.2	-651.184	3703.55
3581.2	-651.184	3703.55
3419.68	-1005.45	3506.77
-2229.48	276.044	2386.33
-1888.86	1249.98	2047.56
-1884.64	1207.23	2063.33
-2245.33	382.853	2525.62
-1882.07	891.751	2180.44
-1957.12	-865.053	2321.8
-2018.08	-1413.17	2408.9
-1893.75	823.362	2273.12
-1894.87	-640.225	2317.55
-1903.98	84.2676	2390.28
-1985.59	-1167.15	2617.98
-1893.02	1500.46	2468.29
-2047.15	547.195	2720.73
-1844.34	636.12	2509.08
-1922.39	299.39	2663.54
-1868.07	-222.37	2608.55
-1934.96	-1038.48	2737.09
-1860.89	822.701	2612.91
-1892.98	-403.352	2786.97
-1904.27	-22.2102	2813.18
-1900.28	1717.97	2821.51
-1907.91	-300.042	2938.63
-1964.47	-951.02	3060.17
-1900.98	1831.1	2942.3
-1903.1	4.5059	3069.1
-1922.45	-812.729	3134.73
-1915.66	190.67	3178.05
-1919.25	-84.3141	3197.61
-1563.66	1039.55	2669.39
-1918.88	2158.35	3335.53
-1930.1	-888.914	3672.61
-1482.98	140.614	3197.78
-2001.31	-813.413	4397.91
-2001.31	-813.413	4397.91
-1898.54	-1421.16	4415.94
-2007.34	-758.097	4685.19
-1928.92	-2153.95	4680.58
-1748.24	-960.367	4243.89
-2100.91	-2828.19	5252.65
-1810.38	-2093.05	4641.85
-1685.36	-1245.36	4747.84
-1154.51	1058.58	3574.76
-772.384	462.315	2851.38
-772.384	462.315	2851.38
-809.975	588.964	3019.42
-864.016	1671.13	3567.14
-1547.73	-3091.24	6982.55
-1594.25	-3344.3	7225.43
-769.268	1631.81	3601.96
-743.207	2035.55	3459.12
-620.133	1446.35	4482.35
561.19	54.3972	3883.93
561.19	54.3972	3883.93
2790.59	-3893.95	9489.32
2703.32	-4630.08	8521.22
1326	1942.34	4228.72
1491.8	2067.93	4541.43
2705.47	-1987.7	7870.77
2705.47	-1987.7	7870.77
1807.02	1162.84	5215.4
2892.55	-1594.5	7508.53
2613.65	-2659.76	6599.96
2804.41	-2889.11	6921.19
1990.42	1495.35	4833.08
2783.18	-2441.97	6516.11
2819.05	-1618.86	5964.63
2080.32	2117.84	4408.22
2671.48	-997.213	5411.86
2822.58	-1589.75	5628.49
2423.55	1324.55	4794.09
2392.33	1619.79	4527.82
2043.13	2543.23	3884.12
2198.07	2057.37	4118.01
2672.79	-679.549	4844.42
2283.7	1800.33	4195.96
2629.88	-213.5	4574.02
2837.53	472.985	4947.31
3139.64	-3008.18	5220.87
3139.64	-3008.18	5220.87
2202.03	2417.49	3780.73
2662.17	-304.223	4422.92
2702.86	184.601	4263.8
2648.27	-1965.2	4051.38
2648.27	-1965.2	4051.38
2273.71	2232.27	3587.72
2484.16	1254.29	3712.01
2301.39	1907.24	3457.46
2716.26	-1374.26	3847.94
3129.99	-204.799	4401.3
2612.13	923.47	3679.64
2603.11	345.52	3640.42
2434.34	1566.91	3393.43
2705.51	-1265.69	3681.72
2705.51	-1265.69	3681.72
2669.64	-1343.69	3608.18
2383.45	1816.3	3226.84
2596.27	843.386	3427.05
2326.99	1912.04	3035.83
3104.83	-647.789	3957.74
2625.04	492.233	3319.94
3171.75	-529.022	3974.82
2406.41	1565.91	2901.68
3266.12	-806.081	3860.4
2670.04	530.767	3135.65
5610.78	-3937.62	6436.62
5610.78	-3937.62	6436.62
3244.44	-822.927	3746.85
2652.03	586.013	3086.98
2778.18	1987.58	3230.52
2887.18	-1138.16	3257.38
2563.69	686.145	2864.21
2563.69	686.145	2864.21
3507.37	-686.609	3860.69
3906.37	-830.485	3981.2
3391.98	-1627.72	3418.08
-1886.37	1248.41	2045.26
-1896.16	1025.79	2079.12
-1878.24	1203.14	2056.29
-2251.94	383.878	2533.21
-2168.33	312.076	2480.79
-1894.38	897.754	2194.48
-2019.69	-1414.11	2410.9
-1911.59	-645.337	2337.68
-1881.69	-617.068	2349.65
-1991.5	-1170.07	2625.18
-1845.29	728.934	2468.39
-1846.23	636.544	2511.51
-1922.3	299.529	2663.25
-1922.3	299.529	2663.25
-1872.67	-222.801	2615
-1933.56	-1037.13	2734.87
-1891.34	-508.815	2662.41
-1847.02	815.907	2594.49
-1902.8	1695.44	2734.73
-1917.15	-22.4095	2832.05
-1899.41	1717.13	2820.04
-1925.27	518.167	2914.18
-1899.7	-299.122	2926.38
-1900.21	1830.44	2941.38
-1889.82	4.94303	3048.06
-1915.36	1996.91	3066.9
-1942.97	741.115	3172.32
-1945.23	593.982	3206.93
-1913.88	190.181	3175.03
-1914.27	-87.404	3301.83
-1571.63	1045.21	2681.72
-1940.67	-893.394	3691.24
-2114.88	-827.553	4351
-1479.13	140.712	3189.28
-2021.06	-820.393	4438.06
-1912.25	-1431.68	4450.57
-2009.84	-759.951	4692.75
-1943.16	-2167.44	4710.53
-2136.7	-2874.37	5338.25
-1663.79	-1226.5	4694.32
-1160.39	1065	3590.28
-1665.89	-2603.54	6336.31
-771.84	461.829	2849.45
-771.84	461.829	2849.45
-810.674	589.343	3021.51
-877.788	2146.35	3508.72
-877.788	2146.35	3508.72
-838.058	1465.06	3423.13
-863.393	1668.97	3562.49
-855.257	2060.9	3518.98
-1538	-3073.82	6942.69
-1642.53	-3442.64	7434
-1871.63	-4402.78	8560.67
-829.605	1688.89	3541.73
564.764	52.9092	3912.48
564.764	52.9092	3912.48
1951.34	-2630.81	8506.05
2656.37	-4548.12	8369.75
2902.28	-4681.82	8966.66
1312.56	1923.8	4187.86
1515.98	1981.55	4631.85
1480.55	2052.88	4508
2728.98	-2005.13	7938.68
1815.8	1167.41	5244.89
2686.37	-3162.21	7243.04
2894.76	-1597.11	7514.92
2632.81	-2680.86	6651.64
2788.61	-2872.76	6880.65
1987.45	1492.59	4825.41
2782.25	-2441.53	6514.08
2087.19	1541.03	4828.39
2816.66	-1617.52	5959.52
2700.61	-1317.13	5699.6
2083.29	2119.93	4412.46
2374.91	1607.49	4494.06
2214.18	2072.19	4145.39
2276.94	1795.84	4184
2931.34	-3062.4	5108.67
2636.68	-214.663	4586.84
2838.04	472.579	4948.83
3141.01	-3011.33	5225.9
2206.46	2421.52	3789.14
2206.46	2421.52	3789.14
2680.66	-812.711	4468.1
2680.66	-812.711	4468.1
2658.32	-118.149	4414.76
2684.22	-903.686	4363.62
2695.68	-251.583	4281.66
2680.31	-1088.62	4136
2774.59	-2060.66	4246.14
2670.78	-1137.29	4074.66
2883.32	-203.439	4379.46
2398.52	1381.68	3479.06
2591.63	916.432	3651.3
2617.18	347.193	3659.77
2640.03	2617.19	3733.03
2435.16	1566.88	3393.37
2673.76	-1345.88	3613.75
2677.9	-1547.68	3586.1
2369.58	1804.96	3206.68
2587.1	840.448	3414.54
2320.68	1906.64	3027.25
2373.74	1471.08	3070.95
2615.27	490.369	3307.4
3237.45	-694.897	3919.44
2666.52	530.153	3131.42
2573.78	693.071	3021.27
5555.97	-3899.75	6371.84
5555.97	-3899.75	6371.84
2667.24	589.477	3104.72
2757.92	1972.9	3206
2858.97	-1126.79	3234.2
2560.86	685.601	2860.94
3207.76	-1164.63	3531.7
3822.76	-363.752	4216.73
3446.86	-673.999	3793.58
3358.57	-987.183	3447.32
3291.96	-1578.94	3316.2
