-2208.44	273.501	2362.7
-1877.37	1202.41	2055.38
-1885.1	1017.58	2068.32
-1903.37	-135.195	2140.8
-2187.18	373.789	2463.34
-1885.07	892.358	2184.58
-1857.9	1331.73	2149.31
-1954.11	-864.474	2317.93
-2000.73	-1401.22	2389.51
-1905.36	-400.144	2265.65
-1899.65	-25.4056	2260.52
-1899.65	-25.4056	2260.52
-1854.43	805.402	2230.74
-1887.17	1403.36	2321.28
-1910.73	-782.992	2404.79
-1898.49	83.5294	2383.52
-1913.55	192.532	2530.63
-2043.39	546.116	2714.66
-1940.79	-1234.04	2663.12
-1890.49	-509.596	2661.87
-1850.86	817.778	2599.69
-1876	760.016	2691.96
-1959.07	-1056	2942.76
-1912.19	1811.23	2873.86
-1909.55	-300.954	2941.71
-1942.53	-940.978	3027.69
-1907.86	1917.64	3000.4
-1949.67	-825.038	3180.73
-1950.5	744.072	3184.64
-1950.5	744.072	3184.64
-1912.58	190.008	3173.28
-1917.27	-84.1051	3195.4
-1909.5	1965.92	3177.42
-1470.61	1162.75	2495.3
-1569.85	1044.67	2679.52
-1915.5	-386.71	3464.38
-1925.4	-171.649	3726.39
-1439.24	452.587	2966.86
-2538.49	-2792.49	5425.74
-2538.49	-2792.49	5425.74
-1972.4	-750.197	4614.3
-1749.65	-1130.75	4113.01
-1435.5	1992.56	3391.47
-1756.23	-964.246	4266.44
-2098.83	-2825.55	5249.82
-1903.92	-2356.86	5137.85
-1647.33	-1212.8	4652.83
-1760.8	-2348.22	5086.89
-835.838	1282.42	2548.6
-835.838	1282.42	2548.6
-1137.99	1043.09	3539.83
-1129.59	1003.14	3600.81
-920.042	1950.25	3096.08
-834.945	442.14	2888.01
-775.874	464.478	2863.47
-853.358	1302.53	3415.9
-879.352	2156.8	3527.27
-860.338	2072.4	3537.17
-1615.55	-3386.33	7314.41
-1888.57	-4442.91	8638.96
-1811.72	-4793.92	8840.16
-1730.2	-3972.68	8408.68
-690.76	1681.79	3487.85
-676.724	1434.64	3446.71
-676.724	1434.64	3446.71
-627.094	1685.27	3614.53
596.191	57.2574	4248.69
596.191	57.2574	4248.69
2790.47	-5439.23	10885.5
2924.57	-4910.17	10673.8
1182.67	2008.27	4408.12
1272.56	2077.18	4416.36
2775.23	-4764.44	8762.64
2957.83	-2542.34	8801.72
1923.08	579.93	5724.64
1923.08	579.93	5724.64
2734.69	-3225.57	7378.04
2705.84	-2133.49	7226.05
1924.5	1191.32	5218.29
1924.5	1191.32	5218.29
2918.21	-1606.56	7574.41
2841.85	-2625.5	6793.54
2841.85	-2625.5	6793.54
2080.12	1388.07	4768.35
2080.12	1388.07	4768.35
2084.13	2120.18	4409.22
2883.28	-1805.38	5920.1
2744.51	-1356.48	5622.21
2342.57	1681.5	4711.22
2344.27	1669.34	4706.66
2077.93	2584.36	3949.57
2311.79	1986.83	4291.22
2920.54	-3044.27	5079.78
2761.49	-863.544	4800.22
2761.49	-863.544	4800.22
2644.83	-215.161	4596.16
3179.53	-3064.08	5301.52
2222.96	2440.25	3815.03
3227.63	-2721.93	5244.29
3290.28	-3213.94	5222.22
2783.04	-76.9783	4457.93
2783.04	-76.9783	4457.93
2811.47	-367.219	4340.33
2608.28	675.829	4020.17
2342.51	1184.13	3502.12
2743.78	-1297.24	4018.34
2360.03	1882.11	3367.03
2741.13	-1443.88	3833.97
2699.24	2676.78	3817.77
2678.93	749.902	3745.47
2382.82	1536.16	3314.7
2883.71	-597.92	3895.19
2410.84	1837.18	3260.01
2636.63	856.508	3480.75
2764.27	-1688.32	3594.9
2849.35	-802.675	3673.84
2345.38	1927.27	3060.26
2691.04	206.711	3367.6
3394.17	-730.576	4111.37
2675.03	531.548	3140.96
2646.56	712.086	3109.49
2617.5	438.223	3061.47
5750.69	-4035.02	6597.05
2804.29	2007.37	3263.21
3356.82	-780.951	3762.31
2598.78	697.09	2902.7
3263.53	-1097.47	3524.14
3323.3	-1158.18	3511.93
3128.94	-1487.95	3243.17
3296.85	-1580.03	3318.55
-1876.02	1240.57	2033.58
-1887.72	1021.23	2070.33
-1854.94	-467.842	2087.95
-2187.57	373.558	2462.3
-1891.4	-522.988	2163.22
-2144.56	309.934	2454.96
-1872.94	888.516	2170.92
-2000.28	-1400.2	2389.76
-1887.76	-396.766	2245.77
-1868.62	-524.922	2230.2
-1982.82	-1272.81	2489.71
-1888.52	-773.794	2377.46
-1884.99	1494.07	2458.04
-1904.63	191.698	2518.49
-2026.17	541.784	2693.03
-1950.79	-1019.26	2648.63
-1863.28	-221.728	2601.46
-1883.97	-506.5	2651.7
-1935.85	-1039.08	2738.19
-1840.91	813.225	2585.6
-1840.91	813.225	2585.6
-1903.24	406.716	2758.3
-1897.95	1716.35	2817.52
-1920.61	515.505	2907.51
-1929.1	-816.225	2979.54
-1902.33	1833.03	2943.73
-1905.39	-699.713	3069.15
-1914.58	191.026	3175.41
-1911.96	-198.139	3181.09
-1911.55	-83.9576	3185.66
-1931.72	642.576	3249.17
-1937.97	733.342	3296.64
-1573.57	1047.65	2684.32
-1916.03	2302.52	3386.56
-2091.64	-895.69	4197.34
-2624.14	-2883.32	5603.13
-1434.38	394.35	3062.24
-2023.53	-822.238	4445.65
-1983.08	-754.815	4640.43
-1914.61	-2137.09	4646.88
-1756.31	-964.174	4268.37
-1756.31	-964.174	4268.37
-2080.4	-2802.17	5206.53
-1836.16	-2151.81	4930.75
-1411.98	2559.73	3815.11
-833.648	1278.79	2541.95
-833.648	1278.79	2541.95
-1670.8	-1214.37	5679.98
-780.638	467.137	2877.97
-810.193	589.522	3020.23
-879.744	2147.87	3512.94
-865.207	1674.39	3573.76
-1565.22	-3127.67	7058.1
-1650.18	-3458.43	7468.52
-1835.63	-4851.92	8945.48
-695.9	1694.17	3513.78
-708.345	578.127	4427.61
-1511.13	-5200.19	10453.9
-592.968	1632.58	4526.71
639.541	63.4337	4621.05
639.541	63.4337	4621.05
2022.78	-4283.12	10159.4
2022.78	-4283.12	10159.4
2811.86	-5482.43	10973.7
1269.31	2074.96	4400.02
1320.81	1929.98	4199.35
3112.73	-3186.89	9329.25
2954.89	-2541.59	8794.82
1481.18	2048.35	4495.4
1947.13	586.722	5798.08
1947.13	586.722	5798.08
1819.48	1169.42	5252.4
1629.8	1810.32	4511.56
2873.36	-2909.99	6863.62
2067.65	1379.65	4734.61
2965.37	-3548.96	6383.87
2157.79	1325.49	4712.52
2163.67	2205.27	4586.92
2902.13	-2392.84	5957.59
2795.27	-1274.66	5595.48
2795.27	-1274.66	5595.48
2358.25	1692.68	4743.36
2429.6	1645.52	4598.5
2090.15	2600.3	3972.58
2247.97	2104.13	4211.11
2745.96	-699.358	4976.21
2893.27	-3013.87	5030.35
2693.65	-219.401	4686.33
2751.63	-249.752	4722.78
2716.87	-396.268	4601
2236.52	2456.19	3835.49
3191.33	-2690.71	5184.26
3270.23	-3194.53	5189.57
2333.92	2292.95	3680.47
2824.04	-369.401	4359.32
2776.24	-1186.32	4239.63
2607.54	675.08	4018.23
2833.81	-202.348	4302.81
2347.81	1946.42	3524.73
2906.62	-314.85	4282.9
2758.19	-1453.3	3858.33
2653.15	938.055	3737.47
2936.06	-505.84	4093.25
2616.83	1685.76	3643.26
2761.69	652.063	3757.51
2640.65	858.267	3485.41
2762.09	-1467.99	3569.17
2902.22	-818.105	3742.66
2380.61	1956.83	3107.86
2409.74	1494.44	3114.59
2475.26	1610.63	2982.87
2693.66	534.521	3162.16
2738.42	604.793	3186.96
5652.81	-3967.04	6481.73
5652.81	-3967.04	6481.73
2781.67	1989.21	3236.35
3442.27	-680.864	3922.97
2607.89	700.07	2911.72
2607.89	700.07	2911.72
3945.92	-524.124	4366.48
2472.7	1703	2766.27
3312.7	-1113.66	3576.88
3383.16	-1181.75	3580.63
3211.58	-1528.54	3330.87
-2163.78	268.536	2316.76
-1861.29	1231.96	2018.47
-1838.55	993.91	2016.18
-1894.99	-523.286	2166.95
-2123.29	307.677	2432
-2003.7	-1402.24	2393.63
-1883.81	-397.62	2241.81
-1884.3	-25.7783	2242.38
-1884.3	-25.7783	2242.38
-1886.99	-773.237	2375.15
-1902.86	191.832	2515.74
-1887.8	-616.16	2529.5
-2028.46	541.934	2694.3
-1834.51	724.1	2455.2
-1935.74	-1230.51	2655.9
-1826.82	630.062	2485.69
-1909.02	297.376	2645.2
-1892.73	-508.147	2662.77
-1836.93	811.238	2580.43
-1892.37	-1133.15	2717.78
-1902.07	1621.8	2694.12
-1897.84	1716.44	2816.97
-1918.88	515.494	2904.23
-1916.89	-811.571	2961.27
-1935.8	-938.242	3015.94
-1907.19	190.069	3163.33
-1898.83	-586.528	3180.35
-1938.78	646.245	3259.75
-1907.31	2046.6	3200.91
-1894.72	-182.664	3250.68
-1500.58	1186.31	2549.18
-1919.1	2237.2	3386.54
-1917.34	-170.769	3710.3
-2184.94	-729.905	4447.05
-1467.8	460.361	3019.9
-2547.63	-2808.83	5449.62
-2547.63	-2808.83	5449.62
-2015.22	-819.694	4427.79
-2015.22	-819.694	4427.79
-1917.66	-2138.89	4650.86
-2090.58	-2814.7	5230.32
-1834.66	-2120.9	4703.83
-1633.14	-1204.15	4614.02
-1821.95	-2776.83	5386.4
-1689.1	-1520.07	5156.2
-1070.52	125.503	3242.35
-1120.08	996.924	3573.77
-972.08	1925.44	3063.2
-772.391	462.28	2854.69
-846.363	1482.57	3462.38
-1575.17	-3144.24	7097.89
-1639.53	-3437.63	7425.87
-837.344	1704.71	3573.74
-1836.79	-4856.2	8953.06
-627.503	1686.38	3615.87
-705.467	576.254	4410
-1486.31	-5123.99	10299.7
682.666	68.876	4982.42
682.666	68.876	4982.42
2047.69	-5274.09	11060
2032.44	-3083.26	9165.71
2032.44	-3083.26	9165.71
2868.76	-5592.29	11185.9
1191.22	2026.27	4444.85
2797.56	-4805.91	8832.02
1384.95	2053.91	4459.56
1850.51	1196.45	5345.25
2796.38	-3292.32	7540.3
1856.42	1740.65	5137.98
1925.33	1190.39	5222.1
2971.34	-1639.78	7716.1
2823.16	-2607.44	6746.08
2038.66	1533.89	4947.36
2122.6	1570.7	4906.55
2958.84	-3539.4	6361.68
2955.85	-3660.14	6228.12
2921.91	-2377.3	6195.85
2109.23	2146.07	4462.62
2883.54	-1561.8	5810.99
2919.15	-1297.08	5624.68
2435.79	1649.61	4610.41
2475.68	1775.52	4556.02
2306.59	1994.43	4080.49
2670.54	-218.688	4643.57
2740.46	-398.426	4641.74
3215.19	1950.7	5331.32
2625.77	680.063	4046.87
2351.63	2522.8	3668.51
2762.13	-788.45	4189.67
2782.72	-1002.79	3906.84
2779.31	-1463.71	3886.81
3264	-214.215	4593
2402.69	1916.57	3429.81
2984.13	-514.426	4158.83
2684.27	751.876	3750.4
2777.91	-1191.34	3669.61
2658.94	862.802	3508.82
2396.88	1969.53	3129.01
3423.21	-195.132	4364.02
2801.9	-1348.05	3529.32
2428.47	1504.45	3120.27
2680.11	503.51	3392.1
3578.32	-511.169	4204.14
2717.53	539.873	3190.63
5776.86	-4053.97	6625.28
3358.69	-853.996	3879.26
2754.65	608.511	3206.78
2889.38	2065.72	3361.85
3526.27	-610.229	4025.06
2783.82	-1095.45	3132.21
2633.46	704.06	2943.23
2633.46	704.06	2943.23
3264.17	-1553.65	3385.28
3437.05	-1649.32	3463.49
-2174.77	269.241	2327.28
-1861.35	1231.94	2018.53
-2156.99	311.707	2469.36
-1879.92	890.671	2177.81
-1952.81	-864.307	2316.34
-2008.94	-1405.76	2399.31
-1893.22	-398.367	2252.78
-1877.91	-26.2671	2235.39
-1877.91	-26.2671	2235.39
-1914.39	-647.104	2341.79
-1978.86	-1269.59	2484.29
-1888.99	-775.344	2379.08
-1879.85	1490.12	2451.09
-1902.42	191.635	2515.39
-2034.56	543.643	2702.68
-1837.79	633.548	2500.33
-1911.47	297.131	2648.21
-1886.55	-507.499	2655.14
-1928.02	-1034.56	2726.92
-1841.83	813.852	2586.63
-1841.83	813.852	2586.63
-1903.48	1622.73	2696.48
-1918.08	-812.402	2963.84
-1900.58	-697.697	3061.78
-1935.18	739.086	3159.04
-1892.44	187.981	3141.11
-1916.04	-83.3352	3192.64
-1934.46	644.667	3252.97
-1906.7	1963.3	3172.59
-1909.71	2049.11	3205.06
-1912.53	20.2981	3308.25
-2029.42	-929.827	3844.39
-2197.98	-733.894	4472.44
-1463.65	459.788	3013.13
-2594.11	-2855.73	5545.53
-1992.92	-755.79	4658.66
-1741.64	-1124.33	4093.8
-1942.87	-2165.89	4711.71
-2106.32	-2835.83	5268.28
-1194.11	460.729	2905.66
-1650.18	-1216.42	4659.56
-1773.85	-2365.01	5122.58
-1860.88	-627.602	5460.18
-1067.61	125.379	3233.36
-861.738	1647.56	3036.42
-777.017	464.827	2867.58
-811.203	590.597	3024.05
-840.456	1695.46	3142.42
-855.363	2100.26	3434.74
-855.405	1496.23	3494.78
-1548.4	-3092.95	6980.9
-1642.14	-3442.23	7434.99
-1922.63	-4522.06	8793.69
-696.295	1693.81	3512.94
-628.345	1688.64	3620.34
-706.886	577.309	4417.29
-1396.62	-4829.57	9714.06
-603.899	1569.47	4624.81
673.13	65.1973	4891.7
673.13	65.1973	4891.7
2071.05	-5343.26	11193.5
2007.91	-2707.92	8755.66
2943.27	-5755.3	11518.4
2864.91	-3999.76	9748.11
1278.91	2089	4433.33
2782.68	-4483.28	8590.31
1390.63	2059.79	4473.59
3007.34	-2825.98	8788.51
1946.63	589.401	5794.25
1946.63	589.401	5794.25
1675.74	1863.61	4642.73
1675.74	1863.61	4642.73
2851.31	-2939.69	7038.13
2841.65	-3119.81	6932.94
1919.71	1974.01	4766.23
2023.47	1523.96	4909.89
2985.01	-3573.37	6426.24
2733.75	-1331.76	5767.02
2078.9	2116.36	4398.95
2797.01	-1275.2	5599
2719.22	-897.484	5347.72
2469.65	1108.59	4720.36
2448.22	1658.87	4634.72
2101.55	2613.07	3995.12
2362.36	2039.36	4185.43
2668.26	-219.017	4639.14
2710.77	-392.907	4589.59
3148.13	-3032.49	5246.83
2235.03	2456.62	3831.33
2742.82	-580.103	4539.9
3213.69	-2709.19	5219.42
3338.13	-3258.6	5295.63
2894.06	-205.17	4393.97
2776.05	-903.775	3988.82
2763.91	-995.675	3880.15
2761.81	-1454.34	3862.52
3231.25	-211.57	4545.87
2695.05	754.499	3767.23
2451.94	1579.53	3423.79
2633.59	278.542	3561.89
2659.95	864.794	3511.73
2759.2	-1466.63	3566.48
2367.27	1945.56	3088.43
2391.16	1483.25	3085.84
2937.78	-773.246	3720.65
2419.32	1497.43	3103.65
2673.85	501.77	3383.35
2490.35	1621.31	3001.89
2915.74	-1063.66	3417.68
2707.86	537.621	3179.41
2694.29	725.25	3166.26
5670.96	-3980.74	6502.71
2726.24	601.919	3172.55
2809.97	2010.75	3267.25
2627.72	705.385	2933.95
3790.73	-503.304	4193.31
3234.25	-1539.57	3355.56
3673.44	-668.472	3799.76
3403.72	-1001.13	3491.51
3498.05	-1678.98	3526.39
-1859.11	1230.44	2016.76
-1895.88	1024.68	2078.66
-1879.52	-471.898	2114.3
-2185.34	372.564	2459.41
-2125.1	307.738	2434.12
-1904.44	900.619	2205.36
-1924.02	-851.862	2284.46
-2007.85	-1405.14	2398.44
-1878.55	-25.9135	2236.04
-1903.64	827.986	2284.94
-1976.89	-1268.53	2481.87
-1895.85	-775.957	2385.52
-1905.61	-877.247	2477.89
-2024.45	540.882	2690.01
-1839.72	634.484	2502.8
-1918.19	298.335	2657.41
-1918.19	298.335	2657.41
-1929.04	-1035.34	2728.85
-1903.87	1623.24	2696.79
-1904.82	1697.38	2737.25
-1896.23	-510.652	2784.9
-1885.52	-401.314	2775.57
-1905.13	-23.3349	2815.16
-1842.24	913.717	2711.54
-1924.87	-814.87	2973.9
-1907.12	-295.392	3044.87
-1902.19	-697.758	3063.82
-1932.77	590.478	3186.34
-1931.99	642.788	3249.87
-1909.93	1966.31	3177.61
-1909.81	2049.27	3205.19
-1859.74	-856.567	3547.15
-1921.85	-171.082	3719.34
-1504.1	429.049	2955.28
-2116	-769.762	4251.25
-1503.33	469.251	2997.86
-2578.47	-2833.17	5507.31
-1737.96	-1122.6	4089.07
-1929.23	-2151.51	4680.96
-1761.29	-967.944	4276.31
-2113.55	-2843.49	5281.5
-1202.88	464.109	2926.65
-1805.92	-2118.92	4857.19
-1640.78	-1208.58	4632.34
-1859.38	-627.491	5455.4
-1058.28	124.538	3208.81
-853.756	1635.53	3013.53
-777.046	465.312	2869.33
-814.349	592.383	3035.28
-913.3	1301.61	3418.79
-839.821	1693.65	3140.2
-852.988	2096.62	3428.6
-839.714	1471.14	3436.1
-1639.99	-3438.05	7426.83
-1897.56	-4462.61	8678.96
-1704.86	-3917.37	8291.5
-1612.81	-5028.19	8550.18
-694.509	1690.71	3505.38
-627.937	1687.99	3618.95
-701.854	573.499	4388.49
-606.285	1574.95	4640.78
656.956	64.9837	4763.07
656.956	64.9837	4763.07
2056.78	-5296.84	11109.3
2056.78	-5296.84	11109.3
2022.34	-3068.13	9118.16
2915.73	-5699.81	11412.6
1281.72	2094.45	4443.91
2791.13	-4796.25	8814.41
2823.76	-2426.58	8396.86
1938.1	584.583	5771.2
1938.1	584.583	5771.2
1847.28	1188.56	5332.48
1687.84	1880.72	4681.21
1687.84	1880.72	4681.21
2858.89	-2947.03	7056.36
2020.77	1521.72	4902.43
2826.95	-2167.6	6392.44
2927.4	-2418.91	6356.9
3040.35	-3641.89	6547.38
2041.18	1652.45	4541.97
2107.75	2145.88	4462.19
2776.43	-1371.5	5695.4
2733.94	-903.387	5379.24
2471.9	1110.28	4725.33
2456.59	1665.46	4651.97
2099.68	2612.3	3992.33
2218.9	2078.3	4155.8
2682.98	-219.862	4665.76
2752.91	-727.459	4701.36
3209.01	-3091.68	5350.38
2258.6	2481.23	3874.41
2774.15	-37.3322	4585.23
3254.83	-2745.99	5288.96
2527.02	623.744	4131.39
3347.14	-3270.62	5314.4
2949.36	-209.021	4480.47
2742.81	-636.102	4121.8
2428.25	1400.12	3524.12
2777.17	-1000.96	3899.81
2456.19	1582.28	3430.9
2884.57	-688.43	3908.44
2692.5	860.747	3650.48
2650.1	860.557	3497.76
2869.06	-886.255	3730.86
2740.07	-1456.47	3540.76
2740.07	-1456.47	3540.76
2381.23	1957.58	3107.93
2390.83	1482.77	3085.41
2427.46	1502.36	3114.36
2688.04	504.796	3402.3
2634.23	658.623	3194.41
2476.3	1612.96	2984.62
3603.81	-514.26	4233.72
2665.7	716.234	3131.27
2650.22	444.45	3099.32
5772.08	-4050.19	6621.47
3334.13	-847.017	3849.75
2751.13	607.565	3201.95
2818.06	2016.83	3276.79
3822.45	-507.33	4227.59
3328.77	-1159.82	3517.57
3320.03	-1583.23	3447.63
3470.34	-1667.12	3501.2
