-2272.45	281.304	2432.03
-1917.66	1268.81	2078.71
-1927.01	1041.32	2112.68
-1924.18	-137.033	2164.7
-2258.06	385.255	2541.63
-1921.71	908.622	2226.54
-1903.19	1363.34	2200.71
-2009.27	-886.789	2381.93
-2056.42	-1439.57	2454.82
-1937.99	-409.403	2306.42
-1933.62	-26.0819	2301.31
-1933.62	-26.0819	2301.31
-1908.23	829.239	2293.57
-1941.92	85.4751	2438.04
-1954.16	323.767	2544.7
-2028.84	-1192.51	2675.15
-1918.16	1520.29	2501.25
-1937.27	-334.592	2575.99
-1945.21	-643.888	2735.36
-1945.21	-643.888	2735.36
-1884.88	833.073	2646.94
-1938.08	1652.97	2745.63
-1965.05	528.542	2974.2
-1965.05	528.542	2974.2
-1990.25	-964.046	3100.51
-1971.14	634.169	3104.1
-1951.37	168.517	3149.07
-1989.51	-842.46	3243.62
-1980.16	605.949	3263.13
-1947.09	193.069	3230.88
-1963.61	-204.849	3268.1
-1963.61	-204.849	3268.1
-1946.52	2090.53	3264.75
-1324.94	1069.5	2358.91
-1968.7	2318.42	3557.6
-2145.02	-919.788	4307.67
-2157.55	-843.825	4438.93
-2007.09	-766.596	4702.91
-1774.78	-1149.21	4179.53
-1982.17	-2210.16	4808.88
-1212.63	468.664	2955.03
-1770.94	-2367.03	5259.86
-1173.85	1074.17	3634.41
-872.673	1670.72	3077.2
-1622.37	-1574.63	6487.98
-901.902	2201.92	3601.67
-874.039	1518.41	3544.71
-876.019	1693.38	3613.77
-869.374	2093.15	3576.47
-1586.79	-3172.32	7164.67
-1665.86	-3489	7536.68
-1954.95	-4595.05	8934.04
-757.501	2069.02	3523.95
-1630.49	-5082.16	8629.14
-637.437	1713.3	3672.78
-718.491	585.867	4487.39
-627.698	1463.41	4542.66
-607.21	1668.19	4629.31
160.072	50.9196	4986.63
548.597	489.482	5290.71
573.607	320.661	5247.49
496.294	-468.572	4416.06
573.052	1195.35	4836.44
619.74	-262.592	4633.6
2069.2	-5328.31	11182.2
2069.2	-5328.31	11182.2
2839.74	-3961.29	9648.35
2816.26	-4833.31	8885.71
2823.58	-2421.66	8395.2
1956.23	591.142	5823.05
1956.23	591.142	5823.05
1837.14	1180.24	5306.83
1706.23	1901.61	4716.9
1706.23	1901.61	4716.9
2777.89	-2094.18	7372.88
3011.25	-1656.88	7821.27
2743.68	-2796.6	6934.58
2888.2	-2929.82	6898.96
2865	-2514.25	6707.75
2000.47	2233.89	4569.44
2887.15	-1562.52	5817.38
2382.43	1699.73	4785.44
2487.86	1361.88	4911.69
2881.47	-1277.13	5547.27
2700.51	1411.86	5078.95
2346.57	2020.08	4352.1
2779.69	1794.8	4894.02
2911.46	484.594	5077.04
2746.41	-723.53	4687.5
2695.34	-390.992	4561.71
3143.96	-3022.43	5234.27
3143.96	-3022.43	5234.27
2240.29	2459.01	3844.52
2240.29	2459.01	3844.52
2725.15	-123.118	4528.73
2656.92	523.356	4311.08
2313.67	2275.99	3644.42
2362.76	2534.4	3686.29
2757.4	203.865	4210.51
2745.3	-635.679	4124.12
2380.2	1976.44	3568.42
2760.97	-897.965	3966.17
2760.97	-897.965	3966.17
2736.76	-1384.74	3876.47
2662.72	352.755	3721.42
2695.21	754.217	3766.88
2422.55	1565.68	3360.83
2737.42	-1582.49	3665.76
2673.83	856.61	3628.06
3565.78	-312.943	4424.34
3297.64	-657.273	4052.71
2681.32	671.181	3254.11
2604.11	713.223	3133.75
2475.26	1611.8	2977.51
2757.76	607.781	3207.71
5671.25	-3980.32	6503.15
5671.25	-3980.32	6503.15
2775.77	1987.12	3232.04
2756.6	252.859	3135.11
2501.75	1722.1	2796.91
3916.29	-370.883	4321.66
3529.3	-690.239	3882.9
3364.25	-1173.33	3559.76
3126.02	-1487.86	3242.19
3482.19	-961.191	3526.16
3365.77	-1614.18	3390.1
-2268.89	280.97	2426.88
-1925.22	1273.88	2087.36
-1931.63	1044.19	2118.42
-2199.6	318.208	2518.47
-1942.25	919.762	2249.77
-1916.38	1373.16	2215.48
-2064.06	-1445.17	2463.98
-1969.58	-415.307	2343.45
-1943.19	-26.8071	2312.67
-1943.19	-26.8071	2312.67
-1957.31	-660.878	2394.56
-1928.13	1433.88	2371.79
-1928.13	1433.88	2371.79
-1956.12	86.3217	2456.24
-1956.12	86.3217	2456.24
-1946.58	-740.425	2475.51
-2045.7	-1202.07	2696.36
-2019.31	-1053.34	2740.53
-1890.77	835.818	2655.38
-1890.77	835.818	2655.38
-1971.28	530.514	2983.58
-1971.28	530.514	2983.58
-1950.37	-306.168	3004.41
-1969.68	-832.799	3212.97
-1986.14	758.488	3243.18
-1986.14	758.488	3243.18
-1955.23	193.866	3244.58
-1954.06	-188.564	3353.43
-1560.24	1232.36	2646.18
-1957.37	2122.4	3369.56
-1965.39	2361.11	3467.81
-2172.89	-812.048	4048.33
-1932.12	-888.512	3677.19
-1940.31	2003.46	3646.64
-1963.02	-173.588	3798.96
-2161.5	-845.281	4448.2
-1501.09	471.287	3089.64
-1779.04	-1150.54	4189.61
-2136.87	-2878.1	5348.27
-1871.17	-2163.14	4799.18
-1534.6	2599.38	3890.75
-1833.39	-1747.51	4875.22
-1928.77	-645.483	5630.41
-1097.94	128.548	3322.52
-843.295	446.893	2917.8
-796.747	476.724	2937.04
-903.971	2211.27	3616.18
-876.605	1524.87	3560.42
-882.888	1706.55	3641.32
-1564.51	-3123.45	7050.14
-843.046	1716.94	3601.08
-1688.73	-3890.4	8222.6
-823.18	2241.01	3806.72
-1594.64	-4973.02	8442.3
-719.186	1746.45	3622.38
-715.596	585.371	4479.63
-1492.95	-5150.18	10356.1
-631.486	1471.47	4569.06
-605.997	1668.99	4624.02
485.973	903.362	5426.43
474.659	1038.31	5322.5
474.659	1038.31	5322.5
539.042	573.153	5208.37
504.796	-377.746	4305.83
547.66	-174.894	4489.2
624.699	-171.91	4549.06
2868.18	-5580.36	11178.7
2935.25	-4922.49	10708.4
2784.28	-4769.45	8777.01
2837.02	-2430.72	8422.05
1485.77	2064.68	4516.39
3003.17	-2820.44	8777.79
1951.42	586.485	5812.16
1951.42	586.485	5812.16
1855.15	1749.65	5124.84
1928.21	1566.78	4927.15
2859.31	-2946.04	7055.73
2879.85	-2921.3	6880.39
2028.62	1538.67	4913.7
2844.39	-2496.23	6659.67
3079.19	-3533.65	7054.13
1932.34	2151.78	4402.25
2181.77	1628.09	4869.53
2717.41	-1014.85	5505.24
2882.53	-1625.16	5748.75
2167.62	2113.93	4407.4
2866.67	-1481.57	5649.15
2477.82	1357.13	4894.41
2433.13	1651.98	4610.71
2087.47	2595.02	3966.78
2810.02	-906.824	5072.6
3015.67	505.724	5255.98
3202.97	-3068.31	5325.68
2237.63	2454.71	3843.31
2766.77	-37.915	4571.59
2737.05	-1022.9	4334.84
2693.17	-1994.65	4116.89
2830.03	-367.65	4371.16
2349.86	2520.85	3666.89
2924.58	-207.08	4441.48
2731.61	-631.979	4103.64
2543.23	1288.73	3807.26
2352.37	1954.32	3527.46
3225.68	-211.139	4536.89
2654.64	940.125	3741.16
2713.09	-1567.98	3633.17
2713.09	-1567.98	3633.17
2648.08	282.482	3584.41
2648.08	282.482	3584.41
2642.35	858.309	3488.68
2369.71	1948.65	3092.87
2454.79	1528.38	3170.59
2881.82	-1013.51	3524.24
2490.72	1622.91	2998.7
2680.9	531.901	3146.55
5716.96	-4012.31	6557.82
5716.96	-4012.31	6557.82
2721.01	600.198	3165.87
2748.99	1967.7	3196.48
2578.42	693.167	2878.21
2578.42	693.167	2878.21
3173.69	-1513.32	3296.82
3599.99	-653.658	3723.17
3599.99	-653.658	3723.17
3344.15	-1604.14	3368.44
3419.36	-1040.29	3381.04
3419.36	-1040.29	3381.04
-2290.32	283.126	2448.93
-1927.05	1275.31	2088.45
-1940.22	1048.89	2127.43
-1923.48	1232.02	2105.61
-1891.64	-478.05	2130
-2213.83	319.676	2534.08
-1924.65	910.963	2230.51
-1993.33	-881.095	2364.9
-2060.56	-1442.85	2459.4
-1949.04	-409.698	2318.24
-1942.33	-26.7017	2311.73
-1942.33	-26.7017	2311.73
-1923.52	835.758	2312.55
-2029.18	-1192.61	2675.22
-1949.62	196.474	2578.29
-1939.54	-448.281	2601.68
-1992.42	-1039.18	2703.42
-1889.89	651.499	2570.44
-1955.96	-908.635	2752.3
-1959.4	419.175	2839.08
-1945.58	1733.84	2795.71
-1945.58	1733.84	2795.71
-1887.32	936.113	2777.85
-1944.11	632.125	2922.78
-1977.35	-836.863	3054.21
-1972.66	634.341	3106.29
-1949.25	-304.157	3113.44
-1949.25	-304.157	3113.44
-1960.92	-719.683	3157.81
-1948.54	193.369	3233.39
-1975.75	658.071	3322.53
-1950.9	2095.42	3272.18
-1584.32	1053.37	2706.41
-1954.93	2279.16	3450
-2135.15	-798.067	3978.98
-1988.22	-913.459	3778.45
-1472.2	463.571	3036.59
-1998.8	-1490.94	4576.97
-1764.85	-1141.62	4158.25
-1940.5	-2166.22	4711.15
-1774.03	-973.728	4313.03
-1774.03	-973.728	4313.03
-2154.56	-2901.66	5388.09
-1884.16	-2177.71	4829.31
-1750.22	-1568.87	5333.64
-1083.36	127.555	3282.8
-1188.47	1088.11	3670.63
-791.434	473.667	2921.69
-855.908	1727.12	3200.5
-868.816	1507.63	3521.22
-888.83	2175.69	3558.85
-878.917	1699.2	3626.93
-1546.46	-3091.44	6983.77
-1656.09	-3469.99	7495.16
-1922.02	-4522.16	8793.34
-848.32	1727.39	3621.68
-710.853	1728.42	3583.7
-722.886	590.206	4517.03
-586.711	1707.2	4015.84
-628.395	1465.19	4548.92
-37.8315	944.011	4971.68
419.673	586.68	5301.81
562.463	1295.84	4772.24
549.299	-100.817	4403.54
673.567	277.867	4947.19
755.646	236.261	4939.19
2013.16	-2718.21	8781.17
1293.88	2104.92	4458.19
2913.28	-4681.34	8989.09
1408.86	2082.8	4516.78
3011.13	-2826.99	8799.43
2793.58	-3855.9	8024.04
1818.94	1168.06	5247.56
3009.14	-1661.07	7814.08
2722.43	-2776.62	6879.64
1921.41	1560.78	4910.37
2872.49	-3155.01	7008.66
2843.18	-2495.38	6656.85
3065.73	-3519.27	7019.28
2136.73	1590.09	4932.25
2155.36	1443.18	4931.22
1920.33	2139.76	4377.32
2815.55	-1616.06	5949.36
2862.89	-1479.51	5641.16
2350.99	1688.54	4727.75
2710.83	-556.266	4991.82
2319.63	1998.19	4303.17
3025.84	-3164.67	5278.9
2669.52	-217.224	4642.1
2488.43	1756.51	4329.85
2235.32	2454.13	3834.67
2235.32	2454.13	3834.67
2740.57	-830.589	4566.97
2761.17	-36.5572	4561.55
2534.61	626.709	4147.82
2812.53	-76.6614	4505.48
2696.78	231.456	4311.3
2752.73	-550.64	4270.74
2703.11	-2004.71	4134.53
2618.88	679.331	4036.05
2494.89	1263.81	3731.73
2744.35	-1388.46	3887.16
2712.86	-922.418	3834.94
2712.86	-922.418	3834.94
2385.23	1905.94	3398.33
2385.23	1905.94	3398.33
2676.38	948.075	3772.62
2744.95	-1697.07	3793.06
2448.15	1581.63	3400.77
2667.87	853.795	3618.3
2427.46	2168.14	3318.17
2380.76	1957.97	3109.17
3193.13	-634.804	3918.93
2590.86	708.318	3115.36
2494.54	1625.88	3002.56
2706.17	538.432	3178.12
2629.68	706.509	3087.28
5678.16	-3985.6	6512.38
2705.9	595.899	3146.44
2772.61	1984.56	3226.84
3634.35	-657.377	3934.31
3634.35	-657.377	3934.31
3375.52	-989.904	3561.77
3595.38	-905.326	3776.39
3156.42	-1500.56	3270.21
3402.3	-1630.87	3426.44
-2286.01	282.906	2444.84
-1918.36	1269.21	2079.93
-2226.82	321.268	2548.15
-1942.34	920.145	2249.47
-1925.86	1379.34	2225.37
-2063.68	-1445.27	2463.46
-1962	-412.689	2333.73
-1939.08	-26.6639	2308.17
-1939.08	-26.6639	2308.17
-2050.79	-1315.64	2573.88
-1927.1	-631.08	2408.18
-1950.03	87.7736	2447.2
-1950.03	87.7736	2447.2
-2038.04	-1197.69	2686.92
-1941.86	-336.552	2583.32
-2075.96	555.024	2758.39
-1949.84	-906.277	2743.64
-1885.31	832.978	2648.34
-1951.72	-1168.51	2803.11
-1894.49	939.565	2788.11
-1947.39	1809.32	2843.71
-1975.41	529.605	2990.28
-1948.97	1846.7	2928.93
-1977.38	552.766	3091.28
-1967.94	-831.899	3210.05
-1982.47	756.598	3236.88
-1957.13	-204.84	3257.88
-1957.13	-204.84	3257.88
-1955.48	194.555	3245.03
-1533.89	1211.17	2601
-1603.15	1066.8	2735.94
-1971.38	-609.42	3492.15
-1946.12	2233.17	3361.28
-2159.09	-806.709	4021.28
-1949.09	2376.69	3560.42
-2005.04	-922.282	3822.56
-2117.16	-791.732	4927.3
-2116.67	-2850.78	5295.02
-1852.36	-1765.94	4914.32
-1439.36	2609.31	3889.37
-1076.95	126.264	3265.17
-1686.74	-1227.98	5736.08
-874.881	1674.16	3083.91
-789.324	472.338	2912.74
-789.324	472.338	2912.74
-826.113	600.669	3079.39
-865.765	1322.04	3466.85
-880.771	1703.01	3635.48
-1547.08	-3091.22	6977.73
-1631.38	-3419.88	7388.87
-1911.25	-4498.41	8746.14
-1669.81	-3840.25	8125.74
-785.363	1665.99	3678.72
-710.113	1725.7	3579.34
-1593.68	-5066.28	10176.9
-721.93	588.211	4501.87
-603.877	1659.49	4600.53
-55.3968	1017.66	5123.75
353.064	-85.1278	4391.27
482.155	914.926	5388.37
433.245	348.418	4681.37
569.801	1367.17	4809.58
548.944	-35.8721	4341.15
2025.66	-5212.29	10940.8
2025.66	-5212.29	10940.8
1977.97	-2658.67	8614.37
1206.48	2039.13	4465.8
1206.48	2039.13	4465.8
2793.92	-4791.5	8813.59
2976.76	-4817.11	9212.42
1472.22	596.045	4249.18
1714.26	1915.55	4746.26
1714.26	1915.55	4746.26
2784.93	-2096.91	7392.08
1928.89	1195.75	5228.28
1928.89	1195.75	5228.28
2976.33	-1641.12	7729.63
2674.92	-2726.75	6759.9
2847.78	-2933.29	7027
2830.71	-2734.87	6840.75
2831.09	-2484.37	6628.5
2121.63	1578.55	4897.08
2089.94	1397.4	4777.94
1970.6	2199.91	4500.53
3047.63	-3646.05	6557.14
3047.63	-3646.05	6557.14
2876.17	-1651.2	6081.65
2883.98	-1562.42	5813.65
2446.36	1659.55	4633.1
2118.43	2633.85	4028.97
2311.87	1988.9	4286.13
2314.28	1827.81	4240.68
2652.96	-214.628	4613.25
3020.93	508.052	5263.38
2235.93	2454.39	3839.21
2728.25	-826.398	4545.84
2728.25	-826.398	4545.84
2743.79	-35.9651	4532.36
2467.49	608.421	4031.19
2804.52	-76.4307	4493.41
2804.52	-76.4307	4493.41
2717.53	-2014.29	4155.24
2728.1	-631.346	4098.91
2351.93	1191.44	3520.37
2446.76	1580.68	3395.86
2699.3	949.349	3684.19
2743.98	-1587.27	3675.76
2629.12	280.479	3560.12
2629.37	843.878	3569.36
2721.5	-1164.97	3593.84
2721.5	-1164.97	3593.84
2739.13	-1457	3539.91
2365.65	1945.32	3088.58
2414.09	1502.63	3113.37
2949.61	-776.476	3735.96
2461.8	1528.4	3148.9
2586.63	709.02	3114.49
2461.51	1604.63	2961.63
2935.57	-1071.63	3446.41
2935.57	-1071.63	3446.41
2677.52	531.95	3142.96
2670.75	720.322	3138.88
2701	594.909	3141.48
2709.3	1936.87	3150.27
3446.29	-680.193	3930.3
3557.77	-695.743	3915.01
-1927.22	1274.82	2089.35
-1934.98	1046.14	2122
-2280.4	388.277	2564.46
-2216.62	320.24	2536.86
-1950.84	922.539	2259.26
-1914.76	1372.32	2214.25
-2062.39	-1444.15	2461.93
-1938.28	-26.6156	2307.46
-1938.28	-26.6156	2307.46
-2042.22	-1310.04	2563.8
-1928.8	1434.31	2372.72
-1950.22	87.6185	2447.37
-1950.22	87.6185	2447.37
-2040.87	-1199.39	2690.85
-2072.39	554.539	2754.65
-1977	-1061.08	2796.69
-1891.09	835.443	2657.07
-1898	941.425	2793.01
-1942.07	1758.23	2881.83
-1969.91	529.94	2981.87
-1978.35	-836.996	3055.75
-1978.35	-836.996	3055.75
-1945.71	-427.802	2994.91
-1945.71	-427.802	2994.91
-1944.66	1873.24	3010.41
-1976.63	636.851	3111.54
-1958.86	-303.838	3127.56
-1958.86	-303.838	3127.56
-1943.74	164.928	3140.26
-1983.04	-838.165	3234.65
-1946.65	193.207	3231.03
-1980.2	748.677	3367.87
-1535.51	1211.66	2602.96
-1972.54	-609.363	3494.6
-2166.49	-808.723	4034.04
-1955.13	2383.41	3570.95
-2030.5	-935.929	3877.02
-2058.75	-770.345	4792.58
-1758.28	-1138.69	4144.81
-2139.01	-2878.65	5345.31
-1834.41	-1748.48	4868.71
-1444.52	2617.19	3902.12
-1444.52	2617.19	3902.12
-1917.06	-643.976	5577.94
-1083.61	127.152	3285.1
-872.168	1670.04	3077.07
-793.018	474.482	2925.44
-793.018	474.482	2925.44
-825.455	600.547	3077.47
-866.244	1322.74	3468.63
-883.054	1705.93	3640.87
-1576.72	-3149.52	7108.21
-1640.33	-3437.33	7426.19
-1903.43	-4481.6	8713.58
-1668.09	-3834.56	8114.78
-784.219	1665.36	3676.89
-1564.13	-4877	8276.56
-707.153	1721.74	3570.77
-719.957	587.559	4496.56
-601.37	1650.42	4580.68
-111.318	975.145	4962.75
202.474	279.565	4760.52
370.638	415.866	4708.02
505.63	-183.627	4072.03
544.485	24.7558	4251.1
2059.9	-5314.79	11139
2059.9	-5314.79	11139
2039.18	-4314.52	10241.3
1204.87	2035.16	4457.85
1204.87	2035.16	4457.85
3048.32	-4951.22	9444.17
2871.81	-2462.72	8527.64
1473.52	595.717	4253.5
1745.02	1950.15	4831.8
2771.46	-2087.69	7355.1
1926.81	1193.11	5224.4
1926.81	1193.11	5224.4
2990	-1648.25	7765.98
2681.73	-2734.78	6779.72
2828.04	-2480.96	6620.13
3030.38	-3476.62	6936.32
2122.61	1579.37	4899.52
2097.05	1402.57	4794.85
1956.53	2184.17	4467.26
2869.39	-1647.6	6072.26
2714.21	-1321.94	5724.75
2926.14	-2263	6121.12
2719.34	-899.832	5354.78
2357.8	1683.38	4736.54
2315.98	1993.48	4295.26
2325.32	1834.71	4258.64
2643.12	-214.641	4596.9
3017.14	506.813	5256.76
2688.18	-390.871	4551.16
3147.29	-3012.1	5231.08
2231.38	2449.98	3831.75
2231.38	2449.98	3831.75
2756.43	-36.7056	4553.84
2508.94	617.671	4099.17
2738.83	-550.76	4251.59
2707.28	-2007.98	4141.11
2297.77	2260.15	3616.18
2610.65	676.612	4023.41
2916.29	-205.592	4425.35
2732.32	-1187.55	4093.1
2724.54	-629.739	4092.42
2336.01	1183.82	3495.04
2353.91	1955.49	3529.74
2731.18	-1381.71	3868.3
2729.07	-928.373	3858.69
2476.53	1599.43	3440.6
2695.59	949.252	3677.93
2718.93	-1570.81	3640.86
2630.63	854.146	3472.02
2373.66	1951.49	3099.75
3506.67	-200.075	4475.99
2392.75	1489.02	3085
2651.59	662.218	3215.12
2485.57	1619.67	2991.54
2704.63	537.697	3175.62
2635.22	709.454	3095.16
2719.73	599.611	3164.05
2728.11	1950.32	3172.09
3506.71	-685.391	3859.33
3549.2	-642.778	3839.75
3358.73	-984.878	3544.31
3298.99	-1330.7	3338.45
3352.93	-1608.79	3379.12
3516.13	-970.026	3557.39
