-1882.41	1246.83	2041.51
-1895.2	1024.18	2078.86
-2233.65	380.373	2513.27
-2171.67	314.03	2487.71
-1907.56	903.515	2209.93
-1999.47	-884.65	2371.66
-2063.56	-1443.17	2465.39
-1932.67	-406.133	2298.55
-1917.81	-26.628	2282.79
-1873.52	813.929	2253.78
-1925.25	-631.288	2405.43
-1939.62	194.786	2564.43
-1939.62	194.786	2564.43
-2068.93	552.658	2748.73
-1867.52	642.707	2540.43
-1940.74	-902.24	2731.22
-1953.04	-1169.27	2804.82
-1919.1	1710.04	2756.75
-1925.18	-410.262	2834.53
-1950.85	-25.7206	2883.88
-1912.46	1732.44	2836.4
-1983.65	-961.633	3092.29
-1946.99	-196.286	3119.07
-1960.07	595.525	3233.33
-1940.64	192.979	3219.17
-1943.11	-600.895	3254.8
-1968.32	654.328	3309.59
-1921.82	2064.14	3222.3
-1516.59	1203.16	2577.46
-1874.98	1704.84	3225.33
-1929.21	2091.63	3319.22
-1940.05	-292.454	3639.99
-1933.54	-887.347	3680.84
-2167.74	-929.373	4351.04
-1470.42	461.02	3027.77
-2657.74	-2932.96	5681.8
-2657.74	-2932.96	5681.8
-2054.74	-783.168	4804.47
-1812.33	-1171.88	4259.59
-1982.86	-2211.84	4812.09
-1767.06	-971.563	4294.49
-2170.58	-2921.24	5428.27
-1197.27	463.417	2922.62
-1423.29	2578.23	3843.25
-1747.4	-1572.37	5332.78
-1088.84	127.465	3297.04
-852.696	1247.84	2544.16
-975.69	1932.92	3074.3
-870.416	1664.64	3070.6
-1751.13	-2736.61	6665.43
-784.321	468.309	2897.68
-829.856	603.648	3092.46
-874.079	1691.8	3613.03
-1610.98	-3218.45	7260.17
-1690.6	-3543.57	7654.17
-1953.91	-4597.91	8936.54
-708.023	1719.48	3568.1
-716.614	584.825	4486.77
-1522.84	-5241.42	10541.8
-604.875	1661.98	4607.91
784.715	118.565	5646.59
2089.58	-5386.73	11290.1
2089.58	-5386.73	11290.1
2062.41	-3128.17	9295.55
1233.7	2074.13	4535.45
1322.9	2138.29	4532.36
2869.68	-4921.94	9051.21
2984.58	-2570.04	8880.16
1495.41	2103.06	4582.69
1981.99	595.862	5900.26
1981.99	595.862	5900.26
1883.2	1208.79	5441.49
1983.77	1225.1	5381.94
1908.91	1780.46	5181.69
2897.97	-3182.48	7068.54
2890.52	-2348.01	6612.11
2182.2	1629.72	5030.53
3075.37	-3675.31	6827.87
1981.68	2205.46	4509.57
2975.6	-1866.2	6111.33
2161.36	2198.45	4563.3
2871.42	-1309.37	5748.44
2770.29	-611.484	5479.44
2520.67	1126.39	4812.48
2169.3	2700.44	4124.73
2371.65	2040.57	4393.49
2384.05	1880.66	4356.2
3002.47	-3133.34	5227.43
2860.71	895.989	5076.82
2725.22	-223.944	4738.27
3075.46	539.39	5358.65
2794.08	-406.668	4729.62
3255.49	-2742.11	5288.26
3320.14	-3242.71	5268.64
2780.42	232.522	4452.7
2685.11	694.967	4138.36
2983.94	-212.268	4528.07
2820.08	-1306.36	4222.44
2811.25	-651.321	4223.2
2824.46	-1488.56	3951.53
2458.01	1967.24	3496.54
2458.01	1967.24	3496.54
2781.62	777.908	3887.36
2961.23	-707.771	4009.19
2732.16	886.341	3607.1
2902.08	-817.873	3742.28
2433.37	2001.45	3174.63
2826.07	-1357.46	3556.56
2751.59	515.349	3481.83
2708.95	741.838	3260.19
2708.95	741.838	3260.19
2568.35	1673.98	3084.78
2794.11	555.49	3281.18
2773.79	564.661	3156.51
3474.42	-809.949	3893.29
3929.68	-523.197	4347.47
3416.57	-1149.49	3691.05
3435.83	-1007.47	3625.16
-2259.22	278.872	2415.93
-1885.88	1248.54	2044.87
-1920.78	1038.17	2105.85
-1924.55	-137.405	2164.69
-1914.38	-525.608	2187.52
-2199.75	317.59	2518.4
-1999.04	-884.36	2371.26
-1922	-406.054	2287.95
-1918.88	-26.7083	2284.02
-1918.88	-26.7083	2284.02
-2042.16	-1310.03	2563.99
-1933.7	-633.899	2415.58
-1886.35	974.176	2411.25
-1886.35	974.176	2411.25
-1899	1504.68	2476.17
-1939.77	194.827	2564.67
-2053.31	548.195	2727.85
-1876.02	645.378	2551.37
-1941.3	301.637	2689.75
-1954.79	-1170.13	2807.28
-1910.96	1629.93	2707.52
-1926.58	-410.264	2836.36
-2016.15	-1086.06	3026.87
-1977.17	-958.685	3082.64
-1955.12	-308.221	3123.82
-1955.12	-308.221	3123.82
-1955.03	745.822	3191.57
-1955.03	745.822	3191.57
-1931.32	191.607	3204.86
-1918.05	2060.44	3216.21
-1518.25	1204.11	2579.93
-1879.94	1709.84	3233.51
-1921.88	2342.39	3510.74
-1943.04	-291.683	3643.95
-1917.49	-880.16	3651.36
-1947.96	-174.652	3770.29
-1482.15	464.258	3049.12
-2603.95	-2878.9	5573.76
-1996.37	-763.118	4675.44
-1769.19	-1146.22	4167.32
-1959.71	-2187.14	4755.73
-2151.19	-2895.92	5382.45
-1213.86	469.02	2957.07
-1974.17	-2440.04	5333.29
-1729.71	-1273.99	4870.85
-1901.56	-638.519	5579.98
-858.213	1247.08	2515.97
-1073.07	125.838	3255.84
-973.541	1930.7	3070.8
-868.676	1662.07	3065.76
-787.186	469.88	2907.35
-826.131	601.039	3080.14
-1639.89	-1581.69	6553.54
-887.525	2172.57	3554.11
-878.217	1697.42	3625.75
-1695.85	-3554.72	7679.38
-1936.12	-4558.6	8860.81
-1769.67	-4070.31	8608.82
-788.606	1671.21	3691.05
-1690.4	-5270.54	8958.12
-712.569	581.491	4461.1
794.589	121.907	5720.18
2056.43	-4066.07	10088
1230.29	2068.53	4522.89
1230.29	2068.53	4522.89
2816.56	-4835.54	8884.22
3044.45	-2622.86	9061.32
1469.63	2060.51	4490.88
2824.97	-3906.64	8117.19
1899.42	1217.98	5484.49
2814.13	-2225.31	7526.27
1781.81	1987.99	4921.09
1982.2	1224.04	5377.31
2066.88	1142.56	5311.62
2893.55	-2351.09	6619.77
3079.58	-3680.98	6837.66
1976.62	2199.69	4497.49
2965.72	-2294.74	6201.35
2960.15	-1672.13	5904.82
2224.74	2170.71	4516.35
2958.26	-1531.07	5829.54
2518.65	1124.44	4807.21
2169.89	2700.6	4126.06
2385.81	2052.84	4420.24
2941.26	-3064.51	5114.87
2854.12	893.281	5064.34
2724.52	-224.168	4737.47
2822.73	1821.39	4968.43
3064.07	537.585	5338.16
2814.18	-826.813	4781.89
2793.17	-407.075	4729.51
3267.08	-2750.21	5305.26
3304.9	-3228.1	5244.55
2805.89	-421.347	4521.4
2878.53	28.4892	4572.82
2848.85	-1214.39	4346.83
2685.47	695.279	4139.1
2937.14	-208.675	4454.1
2802.14	-1323.38	4101.78
2470.41	1976.6	3513.25
2470.41	1976.6	3513.25
2770.25	774.497	3871.15
2541.35	2421.19	3577.14
2836.73	-1642.55	3801.85
2945.97	-807.875	3954.69
2716.6	880.684	3585.13
2475.71	2037.97	3234.33
2841.39	-1364.66	3575.53
2748.43	514.762	3478.52
2659.95	779.511	3275.54
2711.78	677.578	3286.88
3380.05	-835	3993.88
2573.06	1677.49	3091.57
2791.51	554.616	3277.79
5794.5	-4066.14	6645.73
2990.87	2144.24	3483.97
2766.93	563.42	3148.34
3850.75	-511.392	4254.49
3409.41	-884.466	3738.1
3375.91	-1135.63	3644.65
3317.81	-1577.23	3435.83
3554.08	-1705.91	3582.53
-2234.7	276.458	2391.48
-1887.43	1249.82	2046.92
-1893.69	1024.55	2077.22
-2182.79	315.441	2499.64
-1980.65	-877.45	2351.84
-2062.05	-1442.43	2463.78
-1944.03	-408.615	2311.75
-1919.63	-26.784	2285.01
-1919.63	-26.784	2285.01
-1941.46	-795.626	2443.96
-2049.85	547.34	2724.25
-1862.52	734.887	2493.11
-1868.43	643.008	2541.58
-1944.96	302.06	2694.74
-1944.96	302.06	2694.74
-1959.44	-1172.97	2814.07
-1913.31	1631.76	2710.72
-1925.19	-410.089	2834.63
-1873.23	928.718	2756.48
-2008.71	-1082.01	3015.45
-1914.09	1733.65	2838.99
-1949.19	521.735	2950.61
-1949.19	521.735	2950.61
-1988.63	-964.545	3099.56
-1911.32	1841.09	2959.19
-1942.8	191.413	3225.03
-1947.76	-601.922	3262.06
-1851.25	1662.63	3107.69
-1921.44	2063.89	3221.47
-1952.36	-86.5614	3365.21
-1518.82	1205.38	2581.21
-1585	1052.23	2703.98
-1959.38	-606.226	3472.69
-1890.47	-868.684	3602.94
-1952.92	-175.525	3780.41
-1488	466.227	3062.91
-2667.47	-2940.89	5700.45
-2667.47	-2940.89	5700.45
-2076.67	-792.863	4855.9
-1768.88	-1142.98	4160.71
-1970.34	-2198.29	4780.64
-2166.36	-2913.61	5414.78
-1212.51	468.828	2957.79
-1955.49	-2417.64	5282.6
-1724.69	-1270.32	4860.15
-1422.47	2576.52	3841.19
-1899.14	-637.389	5573.35
-1084.5	126.845	3288.09
-1132.96	1006.45	3615.38
-872.767	1667.67	3075.87
-784.427	468.74	2898.99
-1622.21	-3239.56	7314.02
-1687.74	-3536.59	7637.56
-1963.64	-4619.08	8977.53
-1895.15	-5021.75	9246.34
-786.015	1666.68	3681.02
-715.669	1737.46	3605.59
-603.541	1656.51	4591.28
788.377	119.822	5669.12
2078.95	-4389.61	10430
1228.13	2064.37	4513.91
1324.4	2141.48	4538.39
2817.34	-4832.71	8882.32
2935.77	-2527.39	8740.71
1466.94	2057.15	4483.18
3090.72	-2907.77	9037.67
1459.02	1998.69	4373.66
2842.86	-3352.56	7670.65
1974.83	1218.52	5357.04
1974.83	1218.52	5357.04
2926.06	-2972.1	6988
2179.25	1627.36	5023.11
3077.19	-3677.82	6832.2
1968.32	2190.12	4477.68
2954.23	-2286.11	6176.52
2954.12	-1601.74	5955.69
2945.73	-1305.69	5669.93
2527.05	1128.59	4824.17
2180.08	2713.87	4147.28
2307.72	2162.49	4320.05
2369.96	1868.13	4328.27
2993.39	-3119.65	5207.64
2859.04	895.708	5073.7
2791.37	-395.655	4898.33
2821.09	-882.266	4901.98
2730.51	-224.559	4747.66
2828.01	1827.04	4980.4
3255.17	-2740.33	5286.12
3334.22	-3256.56	5290.99
2877.8	-79.971	4609.17
2370.96	2333.41	3726.48
2680.57	694.029	4131.3
2816.12	-1483.95	3939.23
2458.91	1966.89	3497.77
2458.91	1966.89	3497.77
2948.24	-807.762	3960.03
2743.59	877.941	3723.5
2796	-1707.44	3634.45
2480.82	2041.86	3241.2
3594.02	-206.123	4586.11
2908.02	-1039.83	3674.56
2908.02	-1039.83	3674.56
2742.13	513.379	3469.67
3413.04	-645.627	4277.39
2633.44	822.2	3305.49
2690.39	737.123	3236.57
2690.39	737.123	3236.57
2558.52	1668.19	3073.39
2785.75	553.284	3270.28
5817.72	-4082.68	6673.76
2763.4	562.627	3143.91
3387.94	-1038.46	3770.07
3842.16	-511.112	4251.89
3541.34	-692.641	3893.84
3436.79	-892.041	3771.5
3283.38	-1565.91	3408.31
-1890.47	1251.77	2049.79
-1907.6	1030.83	2091.75
-1920.42	-482.27	2160.89
-2243.94	382.09	2524.9
-2181.98	314.592	2497.78
-1917.87	908.447	2222.39
-1995.65	-882.842	2367.27
-2067.52	-1445.85	2469.65
-1932.02	-407.271	2299.22
-1926.27	-26.7006	2292.64
-1926.27	-26.7006	2292.64
-2043.08	-1310.28	2564.82
-1947.68	-797.355	2450.57
-1898.84	1504.31	2475.84
-1935.22	194.195	2559.03
-2061.62	550.358	2738.23
-1941.32	301.446	2690.07
-1950.28	-906.023	2743.46
-1858.84	821.846	2611.14
-1955.55	-1170.65	2808.04
-1941.99	499.12	2760.55
-1925.99	-410.157	2835.84
-1912.32	1732.14	2836.44
-1948.75	521.613	2950.13
-1992.96	-966.248	3105.99
-1942.04	-195.62	3111.14
-1960.9	597.139	3233
-1947.53	192.663	3230.99
-1950.12	-603.103	3266.64
-1847.9	1660.5	3103.67
-1921.73	2064.25	3221.89
-1507.95	1197.06	2563.55
-1962.28	-607.342	3477.09
-1923.78	2162.24	3340.47
-1914.25	-878.484	3644.02
-1955.77	-175.52	3785.73
-1492.79	467.894	3071.7
-2042.06	-831.951	4488.74
-2042.06	-831.951	4488.74
-1760.66	-1138.36	4144.47
-1967.04	-2195.08	4774.36
-2180.92	-2935.21	5454.12
-1849.46	-2162.91	4977.8
-1701.99	-1254.32	4801.25
-1096.82	128.304	3321.88
-836.347	442.798	2892.16
-870.472	1665.89	3071.54
-786.805	469.536	2905.37
-827.878	602.26	3085.81
-1034.7	2587.26	3856.64
-1682.31	-3527.89	7620.99
-1983.66	-4662.93	9062.69
-1778.48	-4092.64	8654.01
-714.37	1732.54	3595.15
-1650.43	-5233.1	10522.9
-636.789	1710.02	3669.82
-602.792	1656.52	4591.33
782.04	115.812	5634.15
2077.79	-4383.76	10417.9
2063.88	-3129.99	9302.57
2063.88	-3129.99	9302.57
1231.49	2070.3	4527.09
1231.49	2070.3	4527.09
2793.96	-4789.53	8805.76
1471.72	2065.31	4500.59
1982.87	594.956	5903.7
1982.87	594.956	5903.7
2803.59	-3883.4	8060.34
1976.06	1219.19	5360.84
1976.06	1219.19	5360.84
1912.5	1783.48	5192.35
2928.34	-3018.45	7225.21
2890.22	-2348.42	6612.69
2177.35	1625.97	5018.74
3076.82	-3676.83	6831.46
1968.78	2191.16	4480.38
2181.92	2219.41	4605.73
3225.1	-2282.53	6463.34
2883.46	-1314.7	5769.74
2512.42	1121.95	4795.09
2176.64	2709.57	4139.41
2384.71	2052.31	4417.57
2861.13	-921.594	5167.02
2946.98	-3068.43	5122.07
2866.33	897.777	5087.07
2733.12	-225.044	4753.25
2820.92	1822.59	4967.73
2809.69	-256.451	4822.41
2812.03	-823.563	4774.33
3250.11	-2736.37	5278.07
3307.18	-3230.43	5247.74
2788.78	-688.627	4335.1
2837.25	-1155.8	4382.29
2684.07	694.808	4136.86
2822.11	-655.147	4240.98
2611.77	1328.92	3908.76
2431.03	2024.13	3642.6
2817.79	-1485.07	3941.97
3367.21	-221.866	4741.7
2437.77	1950.01	3465.98
2766.11	772.903	3865.74
3381.7	-250.644	4606.66
2694.26	872.947	3554.31
2807.33	-1492.77	3627.69
2909.25	-820.049	3751.65
2486.64	2047.65	3249.68
2747.98	514.277	3477.24
2760.93	690.381	3349.17
2731.76	748.044	3288.17
2556.93	1666.76	3071.41
2772.03	550.975	3254.07
5791.9	-4064.3	6641.6
3686.43	-638.418	4210.5
2772.84	564.448	3155.36
3401.28	-1181	3818.64
3567.24	-698.234	3922.18
3366.06	-1132	3636.42
3489.33	-1673.94	3515.2
-2214.74	273.764	2370.67
-1886.93	1249.73	2046.48
-1904.43	1030.11	2088.52
-1898.25	-476.088	2136.79
-2191.77	316.348	2509.01
-1914.73	906.698	2217.6
-2040.64	-1308.94	2561.82
-1947.29	-797.946	2451.08
-1910.32	-428.214	2402.12
-2061.91	550.409	2739.08
-1870.07	643.599	2543.71
-1940.2	301.344	2688.39
-1940.2	301.344	2688.39
-1912.94	-226.296	2670.74
-1982.56	-1064.42	2804.03
-1863.33	823.637	2617.34
-1955.43	-1170.75	2807.79
-1912.53	1631.03	2709.64
-1939.29	-521.725	2846.91
-2007.57	-1081.55	3013.51
-1915.74	1735.07	2841.2
-1989.62	-964.918	3100.87
-1940.23	-712.818	3125.79
-1967.27	598.412	3243.96
-1949.12	-86.7862	3248.43
-1940.84	-599.968	3251.16
-1962.9	740.546	3338.92
-1513.23	1200.99	2572.26
-1870.61	1701.26	3217.58
-1926.11	2088.83	3313.29
-1920	2237.76	3389.53
-1914.38	-878.658	3644.94
-1952.05	-175.279	3779.44
-1492.81	467.457	3070.63
-2669.47	-2944.6	5705.1
-1465.81	403.094	3128.35
-2054.68	-837.462	4515.8
-2054.68	-837.462	4515.8
-1778.75	-1149.88	4182.5
-1981.91	-2209.91	4805.49
-2165.18	-2914.37	5417.8
-1210.62	467.441	2948.9
-1831.45	-2142.89	4929.27
-1688.15	-1245.79	4761.67
-1082.03	126.747	3278.12
-1131.67	1005.55	3612.09
-868.312	1660.57	3063.95
-781.994	467.065	2890.79
-827.268	601.67	3083.96
-1627.19	-1572.22	6512.3
-892.704	2181.88	3570.11
-1706.66	-3574.9	7720.35
-1975.62	-4645.39	9027.03
-1775.7	-4085.53	8639.48
-704.179	1711.03	3550.6
-637.226	1710.45	3672.4
-1525.73	-5259.58	10576.5
-605.429	1663.78	4612.92
782.922	116.818	5631.22
2053.6	-4065	10076.9
2053.6	-4065	10076.9
2045.08	-2754.71	8912.28
1232.26	2071.38	4529.52
1232.26	2071.38	4529.52
2852.51	-4893.66	8998.67
1474.03	2068.69	4508.02
1859.17	1194.37	5370.38
2807.88	-2220.63	7509.08
1975.69	1218.67	5360.15
1917.99	1789.54	5208.5
2896.98	-2799.99	7000.94
2903.38	-2359.27	6642.38
3084.03	-3685.83	6847.4
1987.77	2214.44	4527.55
3008.35	-3596.8	6462.79
2942.78	-1595.27	5931.58
3199.55	-2265.44	6417.14
2776.3	-612.348	5491.28
2558.37	1399.4	5044.33
2519.56	1125.5	4809.76
2166.67	2696.43	4119.04
2378.94	2046.81	4406.54
2855.97	894.746	5068.1
2742.65	-225.728	4769.55
2823.65	1824.8	4973.17
2384.6	2063.95	4211.75
3076.1	540.021	5359.64
2774.11	-404.383	4696.04
3264.21	-2748.27	5301.79
3334.42	-3257.57	5291.89
2880.17	-79.8774	4613.53
2783.44	234.657	4452.96
2808.21	-693.844	4366.67
2682.08	694.4	4133.89
2848.05	-416.72	4293.17
2436.79	2028.82	3650.04
2829.28	-1020.18	3972.76
2822.92	-1486.67	3948.39
2744.99	970.162	3868.7
2839.18	-1331.03	3864.93
2470.11	2278.76	3406.62
2731.14	873.987	3705.69
2495.12	1909.25	3366.1
2472.26	2034.89	3229.91
2839.69	-1365.91	3576.57
2751.97	515.299	3482.5
2761.51	690.301	3349.27
2576.75	1679.8	3096.1
2778.3	552.153	3261.94
5827.28	-4089.72	6684.08
3470.66	-883.036	4010.89
3455.79	-682.847	3935.93
2771.95	564.49	3154.14
3983.27	-377.736	4397.63
2796.71	623.164	3059.43
3435.3	-1008.18	3623.47
3542.3	-1699.18	3567.4
