-1878.81	1243.3	2036.89
-1881.97	1205.23	2059.44
-1893.25	1024.9	2075.51
-2212.89	377.714	2491.64
-1917.55	-524.07	2187.42
-2149.64	309.168	2459.71
-1891.03	895.368	2190.2
-1876.52	1343.09	2168.42
-1950.76	-863.119	2313.7
-1888.9	-26.2352	2248.39
-1888.9	-26.2352	2248.39
-1876.22	815.064	2254.08
-1990.24	-1276.02	2497.66
-1887.59	1403.38	2321.85
-1889.81	-871.142	2458.19
-1938.09	319.917	2521.94
-1907.17	191.985	2521.68
-1888.23	-325.447	2509.96
-1900.49	-621.084	2546.55
-1855.91	820.442	2605.45
-1900.36	-1137.63	2729.13
-1879.33	762.082	2698.28
-1892.69	-402.974	2786.54
-1922.27	515.083	2910.39
-1916.46	1815.37	2879.25
-1922.75	-813.709	2970.39
-1928.03	620.476	3035.98
-1911.56	-84.6627	3186.22
-1933.88	730.832	3290.06
-1904.13	-185.514	3268.41
-1920.35	2012.12	3269.95
-1943.25	-600.508	3441.27
-2034.9	-932.665	3852.26
-1532.38	450.787	2927.56
-2128.51	-913.743	4273.03
-1475.86	463.292	3038.37
-2611.45	-2870.43	5576.69
-2017.56	-767.102	4719.77
-1754	-1132.88	4123.68
-1936.54	-2160.67	4698.06
-1434.15	1993.32	3391.86
-2153.88	-2897.9	5382.92
-1422.59	2577.43	3842.4
-1869.67	-629.826	5485.11
-1079.01	126.536	3268.51
-835.868	1282.16	2549.38
-1142.9	1014.94	3640.39
-821.754	435.341	2844.66
-867.659	1660.11	3058.24
-1659.52	-2607.86	6322.64
-774.786	463.671	2860.5
-814.561	592.368	3036.5
-1635.03	-1586.99	6524.25
-1309.48	-583.982	5478.52
-881.095	2150.24	3517.12
-881.095	2150.24	3517.12
-857.25	1490.99	3479.16
-1178.88	-1296.39	5143.94
-1637.04	-3433.3	7417.63
-1833.13	-4843.79	8931.15
-1705.23	-3920.88	8294.61
-774.646	1645.29	3631.59
-688.862	1829.77	3555.22
-704.258	575.795	4412.86
-1500.85	-5157.92	10360.3
-600.596	1650.78	4580.85
674.952	63.4716	4853.21
674.952	63.4716	4853.21
2049.1	-4053.51	10055.5
2049.1	-4053.51	10055.5
2034.16	-3081.29	9166.68
2905.05	-5668.56	11356.3
1198.71	2020.6	4424.22
1288.5	2091.8	4430.52
2796.58	-4801.83	8823.87
2826	-2429.66	8400.9
1431.38	1967.37	4310.04
1816.27	1164.02	5245.69
2882.08	-2786.05	6966.46
1936.19	1991.59	4789.55
1936.19	1991.59	4789.55
3054.84	-3650.01	6787.46
3054.84	-3650.01	6787.46
2120.03	1420.57	4844
2120.03	1420.57	4844
2930.69	-2268.75	6129.21
2069.15	2105.82	4370.09
2842.68	-1294.86	5690.2
2925.95	-1653.11	5838.16
2092.7	2601.97	3978.23
2274.51	2106.01	4089.27
2746.41	-389.961	4820.7
2799.14	-876.61	4866.09
2699.45	-220.891	4696.28
3007.98	512.812	5237.05
2800.48	-38.8453	4628.28
3272.35	-2760.14	5316.99
3402.74	-3325.44	5402.47
2752.89	-809.18	4346.19
2381.87	1927.08	3766.25
2769.35	-556.151	4297.64
2778.69	94.6696	4290.74
2232.5	2327.19	3442.27
2548.25	1291.66	3813.61
2316.72	2296.03	3483.15
2782.57	-1465.03	3891.33
2800.2	-872.404	3895.79
2699.6	754.258	3774.23
2493.24	1628.81	3500.43
2430.55	1513.46	3136.49
2818.41	-1007.94	3558.36
2842.17	-1367.89	3579.59
2712.34	209.194	3394.01
2712.34	209.194	3394.01
2564.51	798.486	3218.94
2655.17	663.531	3220.24
2480.25	1615.53	2982.37
2724.72	542.104	3200.01
5822.25	-4086.82	6678.41
3349.62	-850.778	3866.69
2729.42	601.281	3174.42
2819.85	2018.89	3281.86
3487.1	-689.046	3974.82
2643.08	708.734	2951.95
3895.06	-517.356	4310.07
3349.36	-867.829	3675.34
3522.76	-1690.59	3550.83
-1867.22	1235.61	2025.01
-1882.95	1205.81	2060.56
-1880.67	1015.58	2061.92
-1855.23	-468.014	2087.95
-2179.54	371.959	2454.41
-2158.63	310.592	2469.97
-1886.65	891.736	2186.3
-2005.1	-1402.93	2394.54
-1885.91	-25.8863	2244.91
-1885.91	-25.8863	2244.91
-1992.44	-1277.44	2500.37
-1889.58	1404.79	2324.4
-1940.48	320.076	2524.71
-1910.86	192.814	2526.26
-1881.5	-324.797	2501.72
-1896.51	-619.261	2541.44
-1931.14	-1035.54	2730.67
-1853.1	819.348	2601.99
-1853.1	819.348	2601.99
-1905.65	-1140.78	2736.5
-1913.48	491.849	2720.13
-1877.1	761.379	2695.34
-1909.19	1701.3	2742.93
-1891.55	-402.824	2784.53
-1973.27	-1062.7	2961.76
-1914.68	1813.74	2876.73
-1925.65	-814.307	2974.5
-1908.31	-300.099	2938.93
-1926.65	619.448	3034.53
-1950.3	649.934	3278.68
-1572.08	1045.78	2682.8
-1933.28	20.4544	3342.81
-1926.11	2312.2	3396.37
-1777.49	305.203	3218.46
-1896.5	-285.382	3558.79
-2009.24	-920.553	3807.6
-2233.72	-748.205	4544.25
-1464.26	459.898	3014.75
-2580.71	-2840.35	5515.79
-2004.81	-762.778	4691.81
-1718.75	-1110.77	4043.41
-1951.12	-2177.15	4733.18
-2132.92	-2870.49	5331.17
-1841.14	-1753.14	4887.78
-1812.36	-2122.99	4874.73
-1874.65	-630.756	5498.42
-1076.05	126.604	3258.36
-835.755	1282.24	2549.06
-1143.03	1016	3642.73
-1024.07	2020.81	3215.12
-814.443	432.144	2823.56
-861.729	1650.51	3040.62
-777.803	465.302	2870.83
-814.479	592.461	3036.33
-860.226	1494.96	3488.81
-849.687	2090.19	3417.59
-1172.56	-1288.31	5120.33
-863.208	2076.58	3545.63
-1662.88	-3484.32	7521.83
-1901.26	-4473.34	8698.48
-1708.61	-3929.89	8312.01
-704.773	1714.74	3555.61
-687.94	1827.93	3550.79
-1554.62	-5328.89	10702.7
-571.212	257.782	4132.89
-595.308	1636.74	4539.29
674.653	66.0424	4844.26
674.653	66.0424	4844.26
2053.82	-4344.25	10310.6
3105.67	-5220.23	11349.1
1197.65	2019.78	4421.44
1286.72	2089.06	4424.06
2847.3	-4894.45	8987.18
2891.35	-4660.85	8928.93
2685.88	-2181.44	8289.77
2826.64	-2432.33	8405.37
1433.54	1968.44	4313.14
1807.11	1159.03	5216.32
1747.08	1957.34	4839.49
2867.21	-2771.23	6929.7
2864.63	-2648.92	6846.55
1934.32	1989.69	4784.6
1934.32	1989.69	4784.6
3046.78	-3640.12	6768.71
2114.71	1416.74	4830.59
2991.69	-3723.53	6488.66
2071.6	2108.34	4374.99
3203.83	-2272.16	6430.03
2925.44	-1660.07	5842.77
2713.64	-595.58	5366.55
2714.76	1421.41	5107.9
2105.94	2618.42	4005.34
2730.11	-490.967	4898.68
2280.53	2111.67	4100.22
2701.83	-221.277	4699.6
3002.32	512.568	5226.58
3258.21	-2746.14	5292.62
3258.21	-2746.14	5292.62
2221.92	2156.74	3662.12
2780.66	94.3122	4293.64
2526.29	1279.5	3776.8
2336.6	2316.42	3513.89
2775.34	-1000.08	3895.82
3228.25	-212.402	4541.19
2717.91	672.708	3830.4
2781.45	-864.546	3868.33
2706.5	755.651	3783.83
2486.22	1624.53	3492.03
2389.93	2139.57	3271.48
2778.4	-1698.35	3613.68
3341.78	-363.261	4294.58
3341.78	-363.261	4294.58
2418.9	1505.79	3118.57
2813.67	-1352.41	3542.19
2711.12	208.339	3392.13
2562.75	728.709	3183.23
2490.65	1622.53	2995.57
2719.77	540.881	3193.85
5842.48	-4100.63	6702.61
2753.89	606.84	3203.17
2833.66	2029.81	3298.31
3354.03	-957.8	3764.39
3310.69	-1014.96	3682.87
2628.49	706.131	2934.49
2628.49	706.131	2934.49
3908.23	-520.095	4325.36
3886.7	-369.455	4285.36
3495.59	-1665.02	3628.69
3493.8	-1676.89	3522.36
-2221.16	274.832	2377.57
-1882.75	1205.74	2060.2
-1893.69	1024.79	2075.82
-1835.44	-466.394	2068.03
-2206.91	375.7	2482.92
-1890.62	894.642	2190.23
-1953.35	-863.638	2316.43
-2000.31	-1399.75	2389.13
-1887.85	-25.548	2246.86
-1887.85	-25.548	2246.86
-1987.34	-1274.19	2494.25
-1864.51	-418.539	2344.73
-2068.8	413.487	2593.7
-1910.47	192.392	2525.91
-1897.17	-620.004	2542.52
-1897.17	-620.004	2542.52
-1894.23	1550.97	2526.19
-1855.91	820.726	2605.85
-1855.91	820.726	2605.85
-1900.49	-1137.95	2729.39
-1914.04	491.917	2720.69
-1880.13	761.939	2698.99
-1889.43	-401.936	2781.4
-1905.27	1724.91	2826.96
-1927.25	-814.971	2976.9
-1916.78	92.7932	3050.61
-1905.13	-698.761	3068.45
-1943.46	647.461	3267.97
-1917.76	2097.41	3182.78
-1952.21	739.279	3319.73
-1923.16	2137.56	3261.51
-1923.78	19.0691	3327.47
-1942.97	-600.756	3440.51
-2013.51	-922.566	3812.68
-1870.9	1928.59	3517.57
-1464.62	460.166	3018.91
-2582.06	-2842.32	5519.64
-1990.58	-759.292	4660.59
-1735.16	-1121.31	4081.11
-1916.13	-2138.9	4652.5
-2103.88	-2832.41	5261.04
-1242.01	479.023	3017.87
-1820.63	-2132.59	4897.42
-1873.53	-630.471	5496.25
-1079.56	126.925	3269.51
-835.86	1282.08	2549.38
-822.061	435.252	2843.71
-1317.75	-588.245	5513.48
-852.631	1483.35	3462.31
-859.633	2108.56	3446.8
-859.633	2108.56	3446.8
-1641.91	-3441.44	7433.59
-1860.52	-4921.94	9069.35
-1693.91	-3897.34	8244.19
-704.52	1714.88	3556.02
-687.061	1826.21	3548
-1496.5	-5146.18	10342.1
-568.017	257.498	4115.16
-602.243	1653.54	4590.41
675.426	65.4519	4845.08
675.426	65.4519	4845.08
2937.93	-5744.83	11486.2
3020.53	-5075.11	11034.4
1198.59	2021.72	4425.39
1198.59	2021.72	4425.39
2871.44	-4625.06	8863
2669.69	-2168.42	8240.47
2873.38	-2475.83	8546.57
1443.86	1986.56	4350.8
1817.5	1164.87	5248.43
1711.47	1907.61	4726.52
1928.64	1372.14	5078.73
2859.73	-3098.8	7207.87
1936.65	1992.17	4790.76
3053.33	-3647.44	6783.31
2988.02	-3719.23	6480.09
2876.29	-2376.33	6242.27
2246.26	1226.95	4676.35
3215.05	-2280.28	6449.73
2825.71	-1288.5	5655.72
2152.27	2097.34	4371.85
2299.18	1977.12	4260.52
2738.53	-492.459	4914.29
2279.16	2110.49	4097.43
2783.69	-870.755	4838.13
2693.96	-220.763	4685.4
2757.5	-250.228	4731.81
2793.03	-38.3588	4615.82
3222.23	-2715.01	5232.72
3222.23	-2715.01	5232.72
2797.19	-945.126	4550.85
2771.23	94.1512	4279.11
2759.31	-589.191	4206.61
2533.99	1284.63	3791.92
2360.18	2339.5	3550.34
2850.38	377.187	4221.08
2781.01	-1313.48	4071.34
2784.31	-1003.32	3908.3
2786.12	-1467.38	3896.49
2641.49	933.939	3721.89
2533.98	1654.84	3559.92
2449.81	1764.5	3387.78
2402.34	1979.5	3122.53
2399.41	1493.41	3095.1
2828.48	-1360.07	3562.15
2711.12	209.056	3392.49
2565.23	729.227	3186.47
2672.28	667.178	3239.35
2482.47	1617.86	2985.06
2722.38	541.525	3197.18
2678.97	720.157	3146.98
5811.97	-4079.47	6666.93
2750.31	605.757	3198.22
2786.27	1994.7	3241.18
3562.16	-616.211	4064.25
3247.47	-994.344	3610.7
3938.37	-524.007	4360.57
3324.76	-862.47	3646.83
3509.13	-1684.14	3537.4
-1886.71	1208.21	2064.52
-1896.15	1024.78	2078.56
-1882.52	-475.591	2119.21
-2062.25	206.788	2342.65
-2176.75	312.682	2489.26
-1899.5	899.214	2200.47
-1951.79	-863.15	2314.7
-1887.37	-25.878	2246.58
-1887.37	-25.878	2246.58
-2069.16	308.862	2475.47
-1884.82	818.783	2263.83
-1878.25	-771.954	2366.03
-1857.8	-417.438	2336.97
-1906.46	191.664	2520.92
-1899.65	-620.792	2545.59
-1853.15	819.246	2601.46
-1901.17	-1138.29	2730.47
-1887.99	765.439	2710.11
-1888.46	-402.37	2780.37
-1908.41	1772.71	2787.99
-1908.41	1772.71	2787.99
-1925.58	516.408	2915.12
-1913.59	1812.93	2875.07
-1913.59	1812.93	2875.07
-1903.62	-299.027	2932.13
-1931.13	621.888	3040.16
-1902.38	188.482	3157.4
-1913.31	-84.6803	3188.78
-1943.9	734.974	3306.55
-1572.91	1046.99	2683.23
-1940.14	-599.927	3435.95
-1902.11	-285.916	3568.92
-2012.06	-921.947	3810.65
-1881.01	1938.3	3535.25
-1466.06	460.483	3019.72
-2577.95	-2838.49	5510.27
-1730.45	-1117.59	4069.95
-1932.65	-2156.15	4687.94
-1746.64	-959.041	4242.88
-1210.37	467.623	2946.81
-1836.18	-2123.96	4712.96
-1874.16	-630.474	5497.34
-1684.54	-1516	5142.91
-836.273	1282.97	2550.57
-817.793	433.545	2831.7
-913.357	1940.27	3080.51
-866.637	1658.07	3054.53
-815.507	593.101	3040.01
-1288.4	-576.207	5399.65
-929.484	2268.27	3709.73
-929.484	2268.27	3709.73
-860.133	1495.23	3489.55
-863.362	1669.39	3563.04
-1650.62	-3460.17	7473.26
-1885.85	-4438.09	8628.66
-1707.32	-3925.85	8305.31
-705.227	1713.74	3553.97
-1522.8	-5232.74	10510.2
-599.947	1650.57	4578.71
678.557	63.3381	4885.04
678.557	63.3381	4885.04
2902.25	-5667.82	11342.3
3090.51	-5206.74	11303.5
1197.3	2017.75	4417.68
1283.33	2082.87	4410.08
2767.05	-4739.72	8722.96
3171.36	-3254.13	9513.24
2902.18	-2494.77	8629.15
1937.45	585.375	5767.6
1937.45	585.375	5767.6
2847.95	-3943.97	8191.47
1437.8	1976.08	4328.82
1813.39	1165.99	5233.71
1708.72	1908.19	4724.21
1924.5	1563.5	4916.39
2924.16	-2969.39	6985.56
2838.44	-2623.39	6782.76
1933.13	1988.35	4781.6
1933.13	1988.35	4781.6
3052.56	-3646.91	6781.6
2995.19	-3727.85	6496.08
2092.97	2129.96	4419.29
3185.43	-2258.44	6390.89
2831.5	-1290.64	5666.93
2818.94	-1063.44	5434.1
2742.35	1435.97	5162.35
2276.78	2108.85	4093.36
2790.51	-873.713	4850.05
2691.5	-220.428	4680.76
3005.09	513.774	5231.5
2745.43	-314.646	4562.38
3252.15	-2742.48	5283.16
3405.36	-3329.06	5407.85
2762.03	93.5954	4264.44
2224.02	2318.18	3430.73
2796.01	-1294.68	4186.37
2552.6	1293.4	3817.78
2789.67	-1005.98	3916.95
2776.02	-1461.51	3882.07
2716.79	673.206	3829.09
2703.73	756.125	3778.55
2518.72	1645.46	3537.54
2449.74	1764.8	3387.91
2388.46	2137.27	3268.64
2658.47	862.997	3508.67
2774.02	-1474.67	3585.3
3360.43	-366.428	4318.82
3360.43	-366.428	4318.82
2439.54	1519.16	3145.52
2719.09	210.186	3402.35
2603.18	712.11	3131.29
2477.75	1614.85	2979.05
2722.43	541.393	3197.21
2643.77	707.866	3102.98
5784.59	-4060.02	6635.13
3364.46	-853.989	3883.52
2731.25	601.493	3176.23
2805.72	2009.77	3265.71
3942.4	-524.706	4365.87
3891.08	-370.869	4289.73
3308.55	-1112.08	3572.54
3129.77	-1490.7	3247.33
3486.68	-1672.53	3512.96
-1885.3	1207.4	2062.93
-1888.55	1021.29	2070.76
-1858.71	-471.754	2094.19
-2190.48	373.544	2466.72
-2157.06	310.219	2467.24
-1885.36	890.585	2184.67
-1894.04	-25.4166	2254
-1894.04	-25.4166	2254
-1992.92	-1276.97	2500.62
-1890.21	1405.38	2324.93
-1867.09	-418.796	2347.62
-1944.82	320.465	2530.03
-1907.38	191.978	2521.85
-1899.14	-620.119	2544.78
-1899.14	-620.119	2544.78
-2045.68	546.322	2716.34
-1895.74	1513.74	2565.92
-1925.15	-1032.6	2722.77
-1858.8	822.39	2609.25
-1858.8	822.39	2609.25
-1904.35	-1139.42	2734.68
-1882.05	763.246	2702.14
-1891.08	-403.23	2784.33
-1913.5	1812.62	2875.04
-1901.29	-298.856	2928.9
-1933.62	622.305	3043.76
-1920.07	93.8165	3054.65
-1918.03	-85.0596	3196.7
-1938.24	645.112	3259.78
-1566.02	1042.38	2672.91
-1917.1	2336.4	3500.45
-2013.58	-922.783	3813.76
-1890.99	1947.96	3553.32
-2209.36	-740.01	4497.17
-1476.82	464	3041.02
-1728.05	-1116.35	4066.49
-1936.99	-2159.75	4699.57
-1750.71	-960.453	4254.24
-2102.41	-2832.24	5259.67
-1209.13	466.576	2942.15
-1823.35	-2135.33	4903.85
-1422.21	2576.47	3841.13
-1877.35	-632.653	5507.28
-1744.17	-1568.47	5313.11
-1073.38	126.034	3252.28
-835.613	1282	2548.68
-925.342	1959.6	3112.32
-826.033	437.448	2858.28
-865.625	1655.1	3052.36
-814.133	591.842	3034.65
-1297.18	-579.823	5430.13
-887.359	2172.43	3551.1
-850.498	1479.42	3452.96
-860.028	1662.59	3549.34
-1180.73	-1298.36	5155.91
-1569.76	-3135.61	7080.94
-1854.35	-4898.99	9030.37
-1707.43	-3926.68	8306.79
-688.731	1830.27	3554.88
-1486.42	-5103.31	10256.2
-569.769	258.421	4127.43
-602.81	1568.22	4622.71
677.857	64.7506	4869.6
677.857	64.7506	4869.6
2053.59	-4351	10314.9
2043.52	-3102.45	9211.74
2932.93	-5729.07	11465
1198.72	2020.1	4423
2921.29	-4078.04	9940.55
1283.85	2081.76	4411.56
2845.79	-4591.16	8789.84
2865.81	-2464.47	8519.12
1940.36	585.762	5776.71
1940.36	585.762	5776.71
1435.08	1973.02	4321.83
1812.41	1160.87	5233.04
1928.76	1372.93	5078.68
1928.76	1372.93	5078.68
2853.48	-2757.39	6894.94
1936.98	1992.69	4791.57
1936.98	1992.69	4791.57
3050.53	-3644.94	6777.6
3050.53	-3644.94	6777.6
2943.29	-2429.79	6492.92
2095.27	2132.8	4426.96
3174.22	-2250.14	6366.57
2860.01	-1304.71	5726.7
2183.13	2183.42	4229.46
2760.07	-702.694	5003.77
2802.23	-877.688	4871.83
2709.48	-221.629	4712.88
3284.68	-2770.81	5337.67
2226.94	2162.15	3671.64
3430.55	-3353.72	5447.78
2768.29	188.846	4366.38
2776.13	94.5527	4286.76
2563.93	1300.49	3837.62
2782.82	-1315.85	4075.12
2330.2	2308.28	3503.46
2778.62	-1463.3	3885.96
2714.32	672.078	3825.05
2791.3	-868.824	3883.01
2513.09	1641.92	3528.35
2412.86	2161.23	3304.81
2798.99	-1710.07	3639.82
2659.94	863.151	3510.1
3339.83	-363.494	4292.1
3339.83	-363.494	4292.1
2426.29	1510.69	3128.93
2706.45	208.392	3386.18
2560.46	728.116	3180.06
2683.26	670.423	3253.59
2497.42	1627.54	3003.22
2721.21	541.37	3195.65
2667.44	716.002	3131.78
5785.52	-4058.86	6635.96
2757.83	607.889	3208.11
2828.29	2026.49	3292.38
3272.1	-1002.72	3638.58
3912.79	-372.015	4314.42
3269.52	-848.092	3581.51
3739.18	-677.09	4046.2
3413.84	-1637.99	3440.5
