-1922.09	1272.77	2084.56
-1931.16	1042.99	2118.5
-2309.1	393.487	2597.97
-2244.63	324.252	2568.94
-1952.64	924.709	2261.49
-1909.32	1368.47	2208.18
-2014.59	-891.083	2391.65
-1958.26	-26.8558	2331.21
-1958.26	-26.8558	2331.21
-1940.42	844.014	2330.13
-2061.55	-1322.22	2588.61
-1938.97	1441.56	2385.13
-1973.63	88.1303	2476.75
-1973.63	88.1303	2476.75
-1955.51	-337.148	2600.53
-1965.84	-912.08	2765.02
-1958.48	-524.775	2755.66
-1907.88	780.843	2669.19
-1995.36	-1193.25	2865.43
-1957.2	503.886	2783.88
-1949.72	1662.94	2762.4
-1989.83	-842.426	3074.63
-1991.31	555.607	3113.07
-1949.1	1877.36	3017.94
-1974.94	-198.037	3163.48
-1975.62	-724.518	3182.13
-1987.08	-842.365	3240.73
-1985.6	-205.347	3302.68
-1962.74	195.827	3256.54
-1541.94	1222.27	2614.07
-1992.6	-614.949	3529.48
-1889.72	1897.27	3282.99
-1891.35	-867.927	3604.4
-1628.24	803.76	3127.23
-1539.87	437.528	3027.28
-2672.37	-2945.9	5712.1
-2057.65	-781.724	4809.68
-1767.28	-1142.47	4161.18
-1965.79	-2192.46	4771.87
-1774.68	-974.162	4311.84
-2189.56	-2943.66	5471.63
-1765.11	-2314.85	5446.22
-1135.87	1010.56	3624.96
-796.008	475.584	2940.15
-939.994	2286.28	3739.73
-1222.02	-1337.87	5360.38
-858.072	1744.81	3659.98
-1737.38	-3987.59	8446.48
-819.954	2232.51	3792.44
-718.708	1742.85	3615.72
-720.316	587.688	4497.16
-571.011	1670.5	3931.46
-616.383	1602.25	4718.66
587.148	66.7504	3957.66
1995.54	-5142.63	10782.2
1995.54	-5142.63	10782.2
1212.61	2041.76	4464.15
2672.15	-4575.79	8418.81
1926.51	583.217	5733.53
1926.51	583.217	5733.53
2733.75	-1659.76	7485.86
2729.77	-2056.41	7244.3
2001.53	1878.56	5474.43
2928.13	-1615.15	7601.97
2662.94	-2712.28	6729.92
2662.94	-2712.28	6729.92
1919.26	1561.27	4901.13
2821.2	-2475.95	6608.43
2009.67	1531	4861.29
2949.84	-3380.35	6740.38
1949.71	2173.9	4441.08
2866.29	-2330.13	6078.3
2858.82	-1547.31	5762.71
2837.83	-1466.96	5592.74
2344.16	1687	4716.11
2478.06	1357.36	4889.45
2708.74	-556.737	4991.54
2292.91	1971.24	4245.12
2656.71	-215.756	4621.35
2703.5	1746.76	4760.78
2974.92	522.825	5183.47
3145.89	-3007.75	5228.52
2223.02	2439.81	3813.58
2223.02	2439.81	3813.58
2696.56	-816.315	4492.07
2697.77	-120.368	4480.17
2711.52	-543.652	4207.55
2721.02	-2024.34	4161.14
2590.36	671.895	3991.92
2836.1	-199.225	4302.23
2690.96	-1167.77	4028.53
2376.7	1208.26	3559.77
2904.16	-313.983	4282.76
2666.6	-1258.94	3902.6
2791.22	369.901	4132.78
2727.99	-1378.61	3863.39
2392.73	1913.31	3404.93
2632.8	930.362	3709.37
2712.07	-1567.65	3633.02
2381.77	2131.56	3259.24
2621.15	850.575	3459.53
2363.52	1944.6	3086.36
2398.09	1490.99	3064.49
3214.9	-690.102	3889.39
2626.77	657.919	3186.33
2627.36	719.719	3163.46
2727.45	599.653	3172.25
2717.26	1942.92	3160.94
2898.55	-1140.83	3268.79
3733.83	-495.606	4132.05
3477.05	-679.208	3824.82
3199.93	-1170.25	3333.49
3700.7	-852.465	3839.76
3740.77	-794.322	3807.72
-2296.61	284.456	2457.51
-1942.34	1285.17	2104.79
-1946.2	1052.06	2133.57
-2219.82	320.547	2540.69
-1951.64	924.149	2259.96
-2028.4	-897.148	2407.71
-1977.67	-417.641	2353.72
-1954.93	-26.6798	2327.19
-1922.96	835.766	2310.71
-2060.64	-1321.68	2587.52
-1938.69	1441.47	2384.73
-1968.68	-748.667	2503.44
-1968.68	-748.667	2503.44
-1997.88	328.767	2599.25
-1972.17	198.415	2607.82
-1959.58	-525.141	2757.36
-1991.71	-1190.96	2860.2
-1955.79	503.489	2781.46
-1952.18	1664.88	2765.77
-1933.06	783.446	2773.92
-1906.22	946.163	2805.46
-1945.66	-109.084	3024.86
-1987.04	555.386	3106.08
-1943.96	1872.7	3010.45
-1969.24	-721.929	3171.93
-1960.78	3.73586	3161.95
-1973.76	-837.128	3219.51
-1990.95	759.157	3250.94
-1535.91	1217.7	2604.41
-1973.18	20.3162	3413.38
-1990.94	-615.284	3527.52
-1962.6	2205.95	3407.79
-1903.28	-872.906	3625.85
-1575.65	463.419	3009.5
-2624.91	-2895.1	5614.71
-1526.25	144.819	3291
-2048.13	-779.973	4791.66
-2015.81	-2246.62	4886.34
-1799.44	-987.2	4372.19
-2211.86	-2971.48	5523.93
-1666.23	-1037.3	4205.33
-1095.94	129.048	3322.07
-799.065	477.592	2946.22
-858.456	1731.68	3209.62
-1586.36	-1529.88	6363.21
-925.993	2265.63	3705
-880.642	1702.77	3634.51
-880.914	2119.46	3619.17
-1666.71	-3488.47	7538.64
-1725.2	-3961.32	8391.84
-787.194	1671.74	3692.27
-1611.28	-5027.88	8526.68
-1611.28	-5027.88	8526.68
-719.704	1748.18	3625.94
-721.877	589.06	4508.72
586.019	65.4876	3960.64
2014.26	-5188.12	10884.2
2014.26	-5188.12	10884.2
1213.35	2041.97	4465.12
2833.12	-3951.42	9631.65
2787.53	-3048.02	8733.61
1925.69	580.642	5732.28
1925.69	580.642	5732.28
1788.95	1151.76	5159.88
2743.75	-2067.85	7282.89
2924.53	-1616.73	7595.43
2669.9	-2721.33	6749.51
1910.07	1554.04	4874.97
2657.15	-2268.82	6318.91
1971.03	2198.95	4492.3
2957.43	-3535.58	6358.67
2885.25	-2374.97	5926.57
2678.71	-999.516	5426.01
2853.31	-1543.78	5750.49
2431.4	1467.54	4943.93
2848.01	-1471.5	5614.52
2343.96	1687.13	4716.17
2465.01	1350.12	4863.16
2706.58	-556.43	4986.89
2301.14	1979.64	4263.17
2309.42	1822.27	4221.56
2658.3	-215.936	4624.09
2967.88	521.458	5170.47
3131.01	-2992.79	5203.23
2242.54	2462.5	3849.06
2242.54	2462.5	3849.06
2687.77	-120.287	4462.72
2761.25	188.678	4357.59
2709.63	-2015.28	4143.07
2594.3	673.113	3998.51
2894.57	-203.501	4391.18
2642.11	452.595	3997.67
2347.45	1192.94	3514.88
2719.53	-885.313	3906.95
2719.53	-885.313	3906.95
2714.01	-1427.39	3795.03
2707.02	951.907	3693.45
2383.77	2132.85	3262.26
2633.35	854.481	3476.5
3032.44	-709.417	3948.73
2719.7	-1444.04	3514.09
2376.97	1955.99	3104.62
2369.64	1480.01	3071.17
2402.83	1494.42	3072.67
3157.77	-676.374	3815.77
2655.95	664.555	3221.37
2631.31	721.3	3168.62
2720.54	598.736	3164.93
2817.78	-1109.2	3179.11
3458.35	-675.901	3805.72
3491.71	-635.27	3610.56
3444.29	-1012.7	3537.8
3495.31	-964.955	3541.77
-1950.6	1053.26	2138.07
-1934.94	1239.29	2118.72
-2253.61	384.743	2537.53
-2218.41	320.701	2539.86
-2077.2	-1290.85	2446.42
-2077.2	-1290.85	2446.42
-1931.65	914.244	2237.76
-1931.59	1383.78	2233.1
-2090.45	-1462.41	2495.28
-2298.94	550.588	2704.28
-1970.52	-413.673	2343.88
-1970.52	-413.673	2343.88
-1924.34	836.639	2313.5
-1966.08	-663.993	2406.6
-1937.55	1440.63	2383.5
-2061.78	-1210.59	2717.79
-1978.12	197.997	2616.15
-1978.12	197.997	2616.15
-1978.71	-645.597	2650.75
-2066.15	-1077.93	2801.81
-1953.29	1740.78	2806.42
-1980.63	-22.485	2925.33
-1896.26	941.583	2791.22
-1985.5	533.343	3005.02
-1946.52	-108.856	3026.27
-1950.12	1877.76	3020.08
-2000.63	-848.388	3262.86
-1993.9	-208.591	3318.13
-1976.07	196.43	3279.27
-1981.63	659.25	3334.31
-1959.17	2104.64	3284.74
-1985.5	751.763	3378.29
-1972.25	-191.32	3384.97
-1470.18	1170.51	2500.66
-1878.61	1890.83	3266.97
-2186.81	-855.616	4499.7
-2600.13	-2870.14	5564.65
-1521.71	141.887	3284.28
-2107.33	-802.097	4926.84
-1805.37	-1166.62	4251.42
-1208.15	468.492	2950.85
-1720.87	-1262.92	4856.65
-1912.1	-640.406	5608.54
-4067.65	478.109	12355.3
-1217.39	1115.22	3761.49
-1671.62	-1034.89	5447.91
-987.871	1955.48	3109.95
-844.835	448.39	2924.61
-833.351	607.289	3105.83
-858.456	1733.05	3210.61
-1643.95	-1585.33	6564.44
-878.089	1697.91	3625.23
-1910.02	-4493.91	8738.44
-1440.71	-3315.79	6938.64
-1753.98	-4019.48	8519.55
-785.31	1666.77	3679.94
-1575.15	-4919.76	8321.79
-1575.15	-4919.76	8321.79
-639.812	1718.67	3685.95
-719.008	587.482	4493.55
-1458.81	-5006.48	10087
-631.744	1473.93	4565.51
-612.25	1684.03	4664.83
529.357	66.2794	3414.63
2028.29	-5231.53	10965.2
2028.29	-5231.53	10965.2
1956.16	-2139.94	8110.37
1956.16	-2139.94	8110.37
1196.97	2011.87	4399.69
2876.11	-4012.46	9779.29
1482.29	2089.88	4552.16
1921.16	578.86	5718.6
1921.16	578.86	5718.6
2665.77	-3151.27	7199.41
1725.04	1601.95	4664.16
2927.6	-1613.51	7603.75
1907.89	1552.17	4871.1
1940.47	1997.98	4798.34
2020.35	1541.23	4887.92
2835.22	-1628.62	6003.2
2882.04	-2227.05	6029.84
2874.72	-2364.2	5903.92
2356.32	1375.29	4869.86
2824.65	-1591.98	5633.03
2202.49	2017.29	4357.76
2424.73	1647.38	4597.08
2067.47	2570.04	3927.75
2723.7	1249.84	5073.66
2653.52	-544.375	4886.6
2315.22	1992.19	4289.45
2763.5	867.502	4905.57
2733.97	1767.82	4816.25
2662.38	-217.087	4631.55
3006.53	523.527	5240.78
2648.17	-384.566	4481.15
3114.78	-2988.23	5183.72
3114.78	-2988.23	5183.72
2237.63	2456.5	3842.42
2612.83	220.914	4180.65
2303.68	2267.27	3623.48
2811.99	-366.546	4343.3
2707.01	-1153.4	4130.64
2707.01	-1153.4	4130.64
2731.32	202.53	4174.5
2521.58	1282.58	3777.32
2779.14	116.892	4071.54
2701.83	330.807	3894.22
2740.2	473.591	3862.79
2717.93	-1682.96	3757.47
2586.7	837.043	3562.05
2435.25	1575.72	3365.28
2720.46	-1571.27	3643.38
2377.4	2127.21	3252.76
2648.34	859.707	3496.71
3286.67	-548.768	4121.88
2473.8	1612.7	2974.9
2932.45	-1069.9	3441.97
2932.45	-1069.9	3441.97
2694.57	535.525	3163.33
2697.93	592.925	3137
2711.37	1939.24	3153.69
2615.55	702.552	2921.51
2615.55	702.552	2921.51
3714.86	-492.338	4108.61
3856.58	-367.36	4252.87
-1945.33	1287.65	2108.51
-1939.55	1242.11	2123.19
-1932.39	1044.34	2119.32
-2301.02	391.833	2588.64
-2248.31	324.838	2573.04
-1948.18	922.608	2257.07
-2094.98	-1465.45	2500.5
-1960.66	-27.0951	2334.29
-1977.34	-809.812	2489.28
-2066.13	-1213.22	2723.18
-1976.37	325.851	2573.83
-1936.86	1534.94	2525.59
-2093.11	559.579	2782.47
-1895.69	653.362	2579.34
-1883.9	833.078	2647.67
-1988.5	-1189.12	2855.65
-1980.53	423.602	2869.76
-1954.68	1741.9	2808.27
-1965.06	-527.104	2884.74
-1965.06	-527.104	2884.74
-1894.38	940.385	2788.76
-1995.94	-844.563	3083.34
-1940.37	-108.39	3017.69
-1951.16	1878.7	3021.62
-1986.18	639.626	3126.88
-1983.23	-308.28	3166.41
-1949.89	5.41808	3145.38
-1991.76	-844.894	3249.44
-1988.62	759.313	3246.44
-1579.02	1251.82	2680.56
-1954.98	2121.19	3363.3
-1975.99	-610.719	3501.35
-2177.44	-812.956	4055.3
-1551.83	440.967	3048.68
-1496.32	470.232	3083.21
-2588.18	-2850.36	5531.7
-1960.78	-1462.38	4551.56
-2069.59	-789.648	4846.11
-1999.54	-2230.33	4851.88
-2183.62	-2935.51	5458.55
-1851.94	-1761.46	4915.37
-1100.63	129.401	3333.28
-1614.16	-998.151	5269.65
-796.138	475.56	2938.66
-796.138	475.56	2938.66
-833.685	607.268	3107.82
-861.46	1738	3221.26
-887.549	2174.47	3556.84
-887.549	2174.47	3556.84
-890.63	1720.09	3672.09
-1242.67	-1361.25	5442.38
-1657.84	-3471.01	7500.2
-1929.38	-4538.15	8823.21
-1849.05	-4895.16	9015.61
-778.629	2125.96	3616.52
-710.388	1729.23	3586.98
-693.203	1466.93	3526.9
-638.89	1716.08	3681.84
-632.595	1474.79	4570.7
551.532	54.6715	3649.43
2852.19	-5566.48	11143.5
2799.95	-4699.45	10217.7
1210.01	2036.43	4452.67
1298.83	2103.53	4450.88
2753.9	-4721.9	8686.06
2804.16	-2403.62	8331.3
2905.48	-2722.2	8486.67
1939.23	583.784	5775.17
1939.23	583.784	5775.17
1831.81	1180.39	5288.2
1731.54	1607.42	4681.44
1753.5	1792.71	4602.87
2642.52	-2695.23	6680.01
1916.35	1558.88	4894.5
2788.74	-2446.45	6529.68
1884.41	2096.91	4283.24
2823.95	-1622.11	5980.4
2686.61	-1309.77	5667.05
2870.51	-2364.77	5895.67
2355.14	1373.93	4865.99
2659.72	-993.434	5386.34
2497.64	1368.77	4927.5
2430.24	1651.74	4608.49
2430.24	1651.74	4608.49
2079.49	2585.73	3951.31
2657.9	-544.285	4893.47
2316.71	1994.86	4294.17
2779.33	873.597	4935.05
2655.46	-215.003	4620.03
2997.66	524.165	5224.05
3139.91	-3009.5	5225.69
3139.91	-3009.5	5225.69
2238.52	2457.85	3843.24
2743.62	-37.2286	4534.37
2624.93	223.58	4197.37
2665.85	-1983.71	4075.29
2665.85	-1983.71	4075.29
2800.74	-362.995	4325.91
2315.7	2280.22	3643.34
2598.09	672.654	4004.16
2921.21	-207.341	4439.59
2529.43	1287.74	3790.99
2716.56	581.929	4019.56
2383.09	1906.76	3391.65
2735.11	-1504.5	3771.67
2417.44	1563.56	3338.07
2694.51	-1355.54	3642
2660.47	-1138.36	3511.8
2660.47	-1138.36	3511.8
2627.07	851.864	3466.89
2373.63	1953.39	3098.81
2570.69	801.265	3227.86
3263.71	-649.022	4005.97
2488.97	1622.89	2993.28
2910.09	-1061.7	3414.65
2910.09	-1061.7	3414.65
2681.34	532.366	3146.37
2699.44	593.338	3138.33
2743.96	1965.06	3194.96
2566.39	689.179	2864.35
2566.39	689.179	2864.35
3605.98	-653.306	3906.42
3605.98	-653.306	3906.42
3246.69	-1308.38	3285.45
3337.91	-1600.4	3363.19
-2288.08	283.625	2449
-1969.24	1063.54	2157.98
-1935.93	1239.93	2119.65
-2235.06	322.924	2558
-1959.17	928.132	2269.44
-1931.09	1383.58	2232.42
-2095.6	-1466.13	2501.44
-1992.38	-418.466	2368.82
-1960.26	-26.7924	2333.7
-1946.5	845.812	2337.08
-2060.49	-1321.67	2587.21
-1973.85	86.6387	2478.48
-2059.99	-1209.78	2715.71
-1985.61	327.162	2584.81
-1966.22	-340.332	2615.42
-1897.12	653.726	2581.34
-1930.12	789.383	2698.92
-1907.19	843.449	2678.41
-1985.73	-1187.48	2852.06
-1949.42	1662.7	2762.25
-2005.38	-1079.18	3013.17
-1990.25	-842.531	3075.53
-1976.69	2007.35	3013.39
-1934.7	-108.339	3009.41
-1975.75	-198.497	3165.37
-1937.45	5.31566	3127.23
-1991.04	-844.182	3246.53
-1991.01	759.139	3251.49
-1971.98	195.795	3272.49
-1993.82	663.194	3353.23
-1912.74	1716.52	3204.32
-1955.77	2100.92	3279.35
-1563.19	1239.75	2653.67
-1608.39	1068.67	2744.81
-1984.21	-612.897	3515.39
-1886.73	1898.61	3281.63
-2134.75	-798.318	3981.95
-1908.25	-875.89	3637.32
-1489.33	467.84	3068.56
-1810.32	-992.844	4397.96
-1810.32	-992.844	4397.96
-853.413	1309.21	2603.45
-1179.23	1080.87	3668.87
-1048.01	2066.17	3285.74
-1834.32	-2323.18	6652.76
-794.861	475.122	2934.17
-794.861	475.122	2934.17
-831.36	605.192	3099.04
-1580.8	-1528.21	6331.91
-881.039	2154.94	3523.89
-878.383	1698.19	3624.8
-1570.73	-3137.24	7085.43
-1651.59	-3460.92	7481.03
-1497.47	-3437.05	7190.92
-1836.62	-4862.97	8955.22
-1703.57	-3911.57	8290.97
-785.583	1666.75	3679.39
-781.947	2132.48	3631.34
-1552.49	-4853.74	8215.08
-693.015	1463.32	3519.44
-693.015	1463.32	3519.44
-639.857	1718.84	3686.31
-721.229	588.754	4506.12
561.496	58.2188	3740.3
1208.5	2033.39	4445.97
1208.5	2033.39	4445.97
2813.83	-3924.49	9568.94
2670.39	-4576.66	8417.65
2917.01	-2728.49	8517.14
1937.01	583.486	5767.66
1937.01	583.486	5767.66
2687.55	-3171.58	7254.5
1694.54	1888.33	4673.42
1694.54	1888.33	4673.42
2762.34	-2080.13	7334.88
1930.6	1195.61	5236.89
1930.6	1195.61	5236.89
2805.52	-2590.2	6707.4
2793.95	-2450.31	6540.78
2916.45	-2130.53	6494.02
1956.32	2179.75	4454.78
2682.61	-1306.13	5657.16
2458.45	1346.37	4848.26
2774.3	1376.55	5362.72
2076.8	2582.91	3945.74
2684.89	-549.94	4944.75
2304.91	1983.76	4271.22
2806.63	-905.468	5068.79
2338.14	1849.12	4279.33
2650.47	-215.86	4608.81
2692.3	1735.11	4735.38
2850.61	487.422	4968.45
3130.92	-2998.22	5206.77
3130.92	-2998.22	5206.77
2243.11	2463.34	3851.11
2750.32	-37.5034	4545.6
2701.69	230.672	4324.44
2734.12	-2029.15	4177.89
2312.23	2275.55	3636.4
2594.99	671.69	3999.23
2900.39	-205.128	4401.88
2680.03	491.52	3995.26
2558.5	1302.64	3833.02
2718.71	-1495.29	3748.94
2722.72	-1274.31	3704.92
2722.72	-1274.31	3704.92
2575.91	833.852	3547.54
2420.45	1565.6	3344.94
2692.1	-1555.44	3605.3
2670.66	856.521	3627.63
2372.58	1952.39	3097.29
3039.66	-800.31	3853.59
2419.81	1507.79	3111.61
3236.89	-643.535	3973.49
2713.43	597.001	3156.13
2733.88	1957.01	3181.28
2745.27	251.275	3124.46
2846.07	-1120.63	3211.24
3246.53	-993.518	3612.47
2633.55	708.255	2941.51
2633.55	708.255	2941.51
3465.4	-677.727	3814.02
3552.45	-642.291	3846.25
3264.15	-1314.25	3302.73
3773.96	-817.676	3745.1
