-1854.86	1228.21	2010.72
-2175.7	371.037	2448.37
-2140.58	308.459	2449.3
-1867.71	884.266	2163.9
-1844.6	1322.14	2133.36
-1908.76	-845.872	2267.27
-2012.69	-1407.15	2404.98
-1873.68	-25.7838	2230.09
-1873.68	-25.7838	2230.09
-1838.52	800.136	2209.66
-1887.87	-618.555	2358.48
-1875.66	-864.23	2440.69
-1920.31	315.586	2496.98
-1886.04	189.633	2493.82
-1861.93	-320.824	2475.25
-1941.49	-1234.7	2663.6
-1884.26	484.997	2680.19
-1883.12	1677.26	2705.93
-1880.42	-400.613	2768.52
-1828.12	907.492	2690.65
-1876.19	1696.2	2785.1
-1896.56	509.108	2871.3
-1919.34	-813.237	2965.49
-1880.54	1811.39	2910.4
-1877.92	-553.106	3009.77
-1901.55	-698.461	3062.65
-1924.8	733.166	3142.58
-1880.07	1994.6	3077.42
-1894.71	187.928	3143.9
-1896.2	-83.8942	3160.62
-1920.03	638.855	3228.73
-1768.74	1591.9	2975.01
-1527.41	1208.29	2586.17
-1551.15	1031.09	2646.03
-1900.6	19.6416	3287.88
-2102.26	-764.756	4224.24
-1451.21	455.841	2988.52
-2556.1	-2822.57	5466.15
-1974.75	-1471.77	4572.84
-1988.6	-753.771	4645.14
-1751.66	-963.003	4253.11
-2094.99	-2818.4	5239.25
-1843.68	-2130.52	4724.59
-1895.99	-2346.22	5127.76
-1856.28	-626.31	5447.44
-1063.78	125.027	3220.9
-827.831	1269.87	2525.14
-958.315	1899.71	3020.43
-901.119	1907.89	3029.32
-819.113	434.177	2834.18
-770.206	460.049	2843.33
-809.779	589.344	3018.39
-809.779	589.344	3018.39
-864.189	2119.96	3467.43
-826.712	1449.58	3385.37
-928.726	2547.68	3788.41
-865.147	1671.23	3567.44
-1551.97	-3101.37	7005.33
-1649.51	-3454.89	7466
-1922.52	-4519.7	8787.78
-769.163	1631.67	3603.11
-1592.75	-5053.53	10168.4
-607.683	1576.59	4648.34
878.828	-2183.55	6245.23
701.843	62.8848	4854.04
701.843	62.8848	4854.04
1978.32	-2438.75	8430.07
1554.48	-3159.02	6093.98
2879.5	-4018.24	9794.73
1281.55	2096.94	4450.54
2844.34	-4580.92	8785.12
2888.69	-2478.73	8593.46
2695.86	-3721.75	7740
1750.71	1801.57	4646.59
1750.71	1801.57	4646.59
2128.5	1572.39	4922.05
2168.53	1609.01	4848.46
2895.08	-2390.97	6287.22
3011.97	-3607.9	6495.52
2908.87	-2247.73	6082.57
2104.82	2139.51	4450.44
2881.72	-1559.71	5807.86
2754.75	-910.801	5420.72
2217.24	2019.03	4396.69
2898.29	-1284.57	5580.84
2737.71	1355.54	5287.64
2116.18	2634	4024.5
2740.6	-386.849	4810.01
2865.01	-2981.29	4977.76
2788.39	-872.388	4847.82
2680.06	-218.654	4660.7
2253.35	2472.33	3869.85
3199.2	-2698.66	5202.35
2756.7	187.826	4347.71
2338.3	2296.28	3687.63
2795.78	96.0838	4317.77
2346.54	1945	3522.87
2536.06	1283.59	3789.73
2848.8	377.428	4219.52
2698.79	946.325	3947.12
2765.53	-1455.43	3867.5
2724.49	762.04	3809.44
2408	1549.09	3354.14
2765.32	653.11	3761.25
3330.05	-424.901	4406.78
2754.57	-1464.26	3560.99
2390.5	1964.34	3120.79
3314.41	-360.82	4260.44
2826.9	-1010.83	3570.15
2826.9	-1010.83	3570.15
2505.25	1632.17	3021.54
2737.87	545.172	3216.67
2656.82	445.145	3111.48
2841.98	2031.78	3304.58
5628.79	-3948.44	6453.33
2846.9	-1121.06	3209.41
3377.85	-965.775	3794.37
2628.08	703.661	2936.15
2628.08	703.661	2936.15
3581.27	-648.915	3872.92
3581.27	-648.915	3872.92
3420.92	-1641.09	3446.3
-1848.13	1224.1	2004.49
-1815.05	978.877	1991.29
-2168.8	369.804	2441.14
-2120.32	306.158	2427.9
-1878.23	888.59	2175.62
-1830.67	1312.8	2117.82
-2225.38	530.668	2616.4
-1920.87	-851.223	2281.27
-1886.3	-26.2807	2244.62
-1857.25	807.085	2231.45
-1990.44	-1276.72	2498.14
-1879.14	-771.474	2367.15
-1857.23	-707.474	2362.9
-1909.66	314.021	2484.16
-1860.01	1473.82	2425.41
-1887.62	190.19	2495.51
-1944.3	-1236.09	2667.31
-1864.38	-220.33	2602.52
-1882.36	-506.169	2649
-1829.46	808.859	2569.29
-1855.97	751.252	2662.74
-1873.78	-399.383	2758.98
-1874.23	1694.48	2782.49
-1918.32	-812.526	2963.4
-1885.43	1815.94	2917.78
-1902.22	-699.111	3064.17
-1922.88	586.398	3169.59
-1903.73	188.965	3157.79
-1902.1	-84.3091	3170.01
-1915.9	636.902	3222.63
-1751.56	1576.92	2946.79
-1547.96	1028.28	2642.27
-1905.97	18.8995	3296.25
-1889.87	2303.94	3450.96
-2116.4	-906.268	4246.89
-2137.75	-836.404	4397.11
-1462.68	458.939	3010.72
-2575.87	-2840.63	5505.78
-2575.87	-2840.63	5505.78
-1962.25	-1462.76	4544.13
-1996.69	-757.504	4664.92
-1440.82	2001.52	3406.45
-2130.85	-2867.2	5330.68
-1934.29	-2461.01	5058.53
-1765.09	-2354.34	5100.46
-1852.59	-625.164	5436.77
-1060.02	124.153	3214.24
-826.951	1268.37	2522.44
-960.421	1902.82	3026.07
-856.998	1638.79	3023.55
-769.923	460.119	2844.85
-769.923	460.119	2844.85
-810.092	589.498	3019.92
-810.092	589.498	3019.92
-875.58	2144.43	3507.67
-822.495	1443.96	3373.03
-1648.74	-3452.27	7458.88
-1922.37	-4521.07	8789.45
-1707.83	-3919.38	8300.98
-771.111	1635.3	3611.69
-738.993	2026.48	3443.17
-695.393	1692.02	3509.86
-1575.94	-5005.31	10074.5
-621.082	1446.98	4488.92
671.255	48.8098	4666.69
1194.64	2036.03	4469.14
2850.85	-3979.98	9696.07
2778.87	-4770.77	8768.78
2849.35	-4586.34	8799.78
2724.36	-2236.02	8433.37
2820.76	-2416.19	8380.71
2755.38	-3805.43	7914.84
1788.53	1675.79	4961.31
2834.54	-3066.37	7148.03
2834.54	-3066.37	7148.03
2126.82	1571.09	4917.51
2124.42	1416.36	4875.69
2163.21	1604.58	4834.87
2941.13	-3518.75	6334.59
2954.4	-3657.19	6226.28
2121.48	2158.06	4489.16
2801.95	-1275.97	5606.97
2801.95	-1275.97	5606.97
2371.08	1702.83	4770.81
2767.01	-913.712	5442.93
2797.54	-939.095	5322.51
2120.46	2639.91	4033.19
2678.09	-218.492	4657.1
2268.87	2490.56	3896.52
2729.22	-126.671	4546.73
3182.18	-2682.81	5172.36
2680.16	529.235	4345.05
2749.68	-411.143	4428.58
2815.58	-77.3013	4510.21
2314.91	2273.56	3650.71
2773.88	-1282.1	4151.89
2389.5	1982.84	3592.09
2592.88	1312.76	3875.27
2833.97	375.368	4197.17
2860.41	-406.789	4117.24
2762.93	-1454.64	3864.24
2706.15	757.062	3782.97
2417.85	1554.93	3368.68
2644.01	844.393	3584.03
2760.25	-1467.48	3568.79
2366.68	1943.45	3087.09
2457.59	1523.71	3181.29
2835.8	-1013.95	3580.88
2517.72	1640.08	3036.59
2721.59	541.221	3196.06
2724.59	601.034	3170.97
2857.58	2044.53	3325.13
5698.43	-3996.89	6536.39
5698.43	-3996.89	6536.39
3424.96	-676.629	3903.99
3266.73	-1000.68	3633.97
2640.95	706.957	2951.35
2640.95	706.957	2951.35
2423.17	1669.09	2710.06
3884.81	-369.471	4284.4
3343.37	-1124.22	3611.97
3326.96	-1583.45	3450.25
-1857.46	1229.69	2014.14
-1888.81	1015.27	2065.4
-2195.4	374.632	2471.86
-2161.18	312.658	2474.6
-2018.9	-1410.88	2415
-1882.26	-397.065	2239.62
-1870.85	-25.8054	2226.99
-1860.85	1474.58	2426.27
-1892.41	189.954	2502.4
-1893.43	-618.442	2536.99
-2023.53	540.167	2687.46
-1944.97	-1235.47	2669.36
-1821.67	626.86	2477.96
-1886.91	-877.689	2655.6
-1836.44	812.141	2578.18
-1836.44	812.141	2578.18
-1896.1	-1135.45	2722.92
-1880.45	1602.38	2663.82
-1899.63	405.928	2752.5
-1894.07	-510.682	2781.35
-1899.02	-23.7741	2806.72
-1925.59	-815.6	2974.67
-1935.82	-939.225	3017.03
-1917.46	616.35	3018.59
-1922.05	732.665	3138.18
-1879.08	187.003	3118.4
-1889.43	2025.92	3171.5
-1902.71	-85.9244	3281.31
-1833.43	1667.55	3154.19
-1904.09	2060.53	3280.21
-2086.62	-780.83	3889.12
-1903.42	-169.885	3683.51
-2144.02	-916.777	4296.77
-1466.58	459.767	3017.53
-1996.15	-758.886	4666.75
-1676.59	-1085.91	3955.81
-1915.68	-2136.9	4648.91
-2113.6	-2843.65	5284.05
-1167.9	452.007	2848.93
-1845.96	-2131.97	4726.94
-1399.64	2535.22	3779.21
-1865.43	-2828.92	5508.05
-1853.12	-625.504	5436.21
-1062.78	124.885	3219
-1112.86	1020.51	3471.95
-894.919	1899.02	3014.52
-1621.98	-2067.56	5923.14
-772.995	461.498	2855.36
-1573.64	-1520.08	6300.02
-855.05	2092.86	3423.2
-849.084	2045.29	3491.87
-1639.16	-3432.2	7414.06
-747.074	1265.99	3355.64
-1779.76	-4080.83	8637.71
-774.344	1642.83	3627.36
-1599.78	-4987.01	8490.17
-1599.78	-4987.01	8490.17
-687.284	1675.05	3474.38
-617.655	1439.98	4469.86
884.838	-2359.79	6443.02
689.161	33.2576	4996.97
689.161	33.2576	4996.97
1109.64	-1427.44	7276.66
2813.06	-5493.86	10994.8
2994.28	-4179.78	10187.5
1271.68	2079.84	4414.74
1351.02	2004.24	4354.18
2653.1	-2174.95	8201.22
1939.49	583.69	5774.15
1939.49	583.69	5774.15
2779.01	-2042.83	8083.01
1808.54	1163.83	5211.1
2740.36	-3233.6	7395.53
2849.32	-2936.18	7031.55
2028.21	1521.83	4922.5
2816.76	-2158.64	6366.71
3031.33	-3628.07	6530.07
2920.96	-2376.37	6194.64
2124.98	1907.57	4547.86
2108.33	2145.47	4463.29
2908.95	-1818.93	5969.39
2735.47	1355.23	5283.99
2108.6	2624.46	4008.56
2266.63	2123.34	4248.52
2602.96	1727.88	4753.42
2962.64	-3086.94	5155.22
2758.36	-624.854	4829.02
2758.36	-624.854	4829.02
2653.2	-216.836	4613.49
2757.08	-248.91	4730.92
3130.42	-3024.09	5227.76
2691.78	-123.098	4479.38
3336.47	-3279.21	5318.94
2356.11	2526.79	3677.03
2638.09	562.767	4040.78
2771.03	-1204.39	4150.7
2648.17	453.294	4006.08
2363.99	1194.35	3528.67
3016.47	-326.963	4452.54
2758.6	-994.18	3873.38
2748.06	-1447.07	3842.93
2421.16	1930.27	3455.52
2714.7	953.265	3703.55
2714.7	953.265	3703.55
2376.45	1952.14	3101.13
2421.2	1500.76	3133.17
3243.86	-677.906	4136.39
2948.67	-776.203	3730.62
2802.62	-1346.61	3528.43
3211.61	-640.438	3943.43
2678.35	670.016	3248.86
2565.74	701.712	3084.07
5792.6	-4065.2	6646.44
5792.6	-4065.2	6646.44
3332.44	-918.406	3845.74
2759.59	608.881	3212.65
2880.04	2060.68	3351.4
2768.41	255.818	3146.67
3893.02	-516.658	4305.5
3292.81	-1106.39	3555.27
3381.31	-1622.98	3407.58
-1856.38	1229.25	2012.86
-1860.16	1005.56	2040.6
-2041.29	205.838	2319.42
-2145.06	309.336	2455.08
-1870.39	885.993	2168.29
-2013.94	-1407.74	2408.08
-1883.22	-396.399	2239.97
-1873.9	1392.28	2304.76
-1868.56	-711.928	2376.73
-1892.79	189.629	2502.76
-2024.43	540.404	2689.38
-1902.19	295.091	2635.83
-1863.29	-219.409	2600.54
-1887.83	-878.632	2657.22
-1922.01	-1031.97	2718.49
-1906.14	-1141.14	2737.4
-1910.83	490.804	2715.2
-1878.62	1600.73	2661.31
-1880.34	-400.48	2767.83
-1923.52	-22.4171	2839.94
-1827.51	907.463	2689.3
-1916.93	-812.781	2961.93
-1951.81	-946.39	3039.56
-1898.19	-191.705	3041.18
-1909.86	166.873	3080.22
-1909.86	166.873	3080.22
-1919.64	732.348	3133.51
-1919.64	732.348	3133.51
-1882.1	1937.32	3132.16
-1787.36	1606.92	3002.2
-1889.93	-185.543	3245.74
-1468.2	1165.8	2495.41
-1900.56	2056.49	3274.63
-1914.11	-385.729	3459.42
-2138.72	-915.792	4289.77
-2535.35	-2790.54	5411.89
-2001.26	-813.848	4398.04
-1977.76	-751.215	4623.88
-1922.73	-2144.16	4663.89
-1746.55	-958.65	4246.4
-1746.55	-958.65	4246.4
-1237.84	476.967	3005.91
-1852.18	-2139.14	4746.43
-1394.65	2528.34	3768.97
-861.913	1200.85	2409.17
-1062.58	124.749	3222.23
-1125.81	1031.43	3499.49
-1118.84	994.551	3567.74
-985.316	1949.34	3099.89
-770.134	460.034	2843.15
-1587.89	-1535.1	6344.85
-868.236	2123.3	3473.18
-854.779	1653.58	3530.58
-1620.23	-3394.78	7334.38
-1881.85	-4430.1	8615.17
-1726.55	-3963.75	8389.07
-768.052	1628.77	3596.35
-668.002	1415.84	3406.38
-668.002	1415.84	3406.38
-710.969	579.014	4436.58
696.486	29.8318	5036.08
696.486	29.8318	5036.08
2004.67	-2473.93	8551.27
2718.3	-5327.93	10655.1
2933.73	-4095.79	9985.27
1286.46	2105.45	4468.72
1502.85	2094.41	4592.49
2790.71	-2050.27	8113.3
2750.54	-3799.19	7900.76
1822.62	1172.38	5261.8
1835.9	1723.01	5099.98
2700.94	-2752.49	6825.96
2861	-2948.54	7061.27
2123.43	1567.38	4907.9
2895.54	-2114.39	6437.88
1956.71	2183.02	4473.25
3003.59	-3595.26	6473.17
2850.56	-1182.32	5636.16
2850.56	-1182.32	5636.16
2878.8	-1275.09	5541.39
2498.4	1122.04	4779.31
2100.07	2613.17	3990.76
2901.53	-3020.65	5045.47
2267.7	1954.88	4013.44
2747.02	1773.15	4839.19
2515.24	1778.81	4404.82
3156.57	-3048.58	5270.47
2757	-928.465	4482.16
3254.8	-3191.54	5179.5
2713.26	227.384	4344.18
2620.58	678.145	4038.48
2898.19	-205.97	4396.07
2357.04	1190.46	3518.19
2747.64	-1299.84	4024.18
2764.09	-1455.55	3866.02
2653.81	350.102	3709.69
2707.15	758.015	3783.31
2698.77	2676.65	3812.78
2380.36	1529.1	3323.11
3030.71	-629.076	4097.88
2742.59	-1584.85	3671.73
2424.99	1848.43	3279.68
2892.06	-815.278	3727.66
2391.14	1964.66	3121.5
2455.13	1522.54	3179.44
2585.62	800.134	3243.19
2659.42	729.581	3204.42
2659.42	729.581	3204.42
2497.79	1627.14	3011.29
2746.27	546.472	3226.57
5684.77	-3987.56	6520.32
3337.99	-848.207	3854.61
2748.33	605.446	3198.06
3448.86	-681.651	3932.26
2869.82	-1131.31	3235.18
3414.83	-794.35	3828.82
-2192.1	270.229	2344.27
-1846.28	1222.85	2001.79
-1814.65	978.591	1991.16
-1884.84	-470.823	2118.33
-2188.35	372.987	2463.5
-1916.74	-528.785	2190.46
-1821.78	861.048	2111.03
-2007.91	-1404.1	2399.78
-1879.86	-396.584	2236.86
-1881.07	-25.942	2238.38
-1978.35	-1269.48	2483.72
-1863.85	-710.733	2372.26
-1863.85	-710.733	2372.26
-1892.62	189.498	2502.87
-2011.56	537.024	2672.73
-1939.49	-1232.56	2661.1
-1824.99	628.056	2482.3
-1901.84	295.215	2635.15
-1866.64	-220.277	2605.72
-1898.11	-1137.04	2724.99
-1885.15	1605.77	2670.57
-1884.09	-505.549	2765.18
-1836.08	911.994	2701.12
-1875.1	1695.46	2783.64
-1913.17	-810.265	2955.49
-1899.8	-697.851	3059.97
-1906.93	-201.067	3175.01
-1906.93	-201.067	3175.01
-1892.53	187.757	3141.37
-1924.97	639.656	3237.67
-1890.9	1945.63	3146.22
-1913.78	723.377	3255.7
-1524.36	1205.8	2582.47
-1570.1	1042.41	2677.15
-1895.86	-482.433	3290
-1898.83	1988.69	3232.82
-1917.86	-386.859	3466.66
-1452.08	455.621	2989.58
-2548.21	-2806.58	5442.4
-2548.21	-2806.58	5442.4
-2020.55	-820.968	4438.34
-2088.8	-1554.47	4847.41
-1936.54	-2160.31	4699.13
-1190.2	459.679	2894.9
-1821.65	-2106.12	4671.93
-1674.27	-1228.72	4719.09
-1395.81	2529.46	3770.5
-1854	-623.705	5438.12
-1056.07	123.921	3200.55
-1135.04	1037.76	3517.34
-839.445	1315.74	2652.77
-956.384	1897.05	3017.13
-808.757	588.563	3015.09
-1624.62	-1565.84	6493.75
-901.408	2194.86	3590.3
-1256.21	-1384.06	5485.66
-850.573	2049.37	3498.97
-1551.98	-3100.83	7005.42
-1612.6	-3383.41	7313.77
-1921.64	-4516.76	8782.5
-670.568	1422.93	3422.36
-670.568	1422.93	3422.36
-707.392	577.323	4422.45
-1544.8	-5316.21	10691.6
988.353	-1730.73	7711.52
686.729	40.5831	4954.64
1113.37	-1325.28	7533.7
2030.23	-5229	10967.1
2030.23	-5229	10967.1
1281.52	2097.18	4450.89
2737.52	-4692.62	8627.38
3014.87	-4854.81	9321.91
3013.95	-2829.41	8808.02
1830.15	1177.64	5280.59
2783.15	-1690.34	7615.34
1699.71	1893.03	4719.18
1878.96	1751.58	5182.15
1909.71	1548.32	4886.21
2852.77	-2938.43	7037.07
2905.07	-2121.26	6463.5
2978.86	-3704.14	6477.38
2044.26	1652.1	4551.66
2937.87	-2389.82	6230.49
2953.5	-3421	6061.9
2110.44	2145.99	4466.6
2885.28	-1561.95	5815.12
2472.97	1349.93	4886.83
2358.3	1834.31	4545.55
2099.29	2611.9	3991.13
2752.04	-622.765	4818.6
2692.55	-220.296	4682.33
2273.28	1960.73	4018.73
2745.68	-725.509	4688.01
3219.29	-2709.73	5230.43
3205.75	1931.25	5315.32
2303.7	2261.74	3632.1
2904.69	-206.562	4410.95
2910.47	-345.649	4390.7
2657.03	455.43	4020.03
2700.6	494.285	4024.92
2758.59	-939.838	3902.92
2758.59	-939.838	3902.92
2681.48	948.159	3778.81
2679.9	1732.87	3737.94
2761.41	-1597.09	3699.19
2761.41	-1597.09	3699.19
2710.33	866.564	3677.79
2415.56	1841.45	3267.63
3018.17	-706.577	3925.75
2389.1	1963.84	3119.89
2451.81	1521.66	3176.73
3467.38	-359.001	4326.83
2610.42	765.421	3215.43
2624.16	719.011	3157.75
2464.93	1604.77	2970.98
2721.03	540.865	3195.03
5647.51	-3961.3	6475.2
2734.07	602.527	3181.63
3247.1	-894.117	3742.18
2747.02	1962.97	3193.92
3436.95	-679.204	3918.39
3560.34	-696.811	3917.78
3245.93	-1188.4	3382.45
3214.09	-1531.84	3336.57
3412.68	-1636.81	3437.3
