-2184.26	270.554	2338.09
-1860.91	1232.57	2018.17
-1812.32	978.587	1989.4
-2203.15	375.975	2479.94
-1949.72	-534.474	2225.84
-1893.93	888.875	2188.27
-2031.45	-1420.75	2426.54
-1904.62	-399.921	2265.51
-1886.04	-25.4858	2244.93
-1886.04	-25.4858	2244.93
-1863.38	809.491	2240.82
-1901.92	-623.037	2375.77
-1881.97	1398.53	2314.93
-1905.66	82.8908	2392.84
-1910.01	191.405	2526.1
-2011.72	537.863	2673.98
-1838.81	633.391	2501.17
-1937.97	-1039.94	2741.24
-1913.33	-1144.85	2748.33
-1892.18	1612.5	2680.26
-1896.84	-403.691	2792.64
-1967.92	-1059.67	2954.61
-1848.25	918.028	2718.71
-1977.86	-957.898	3078.61
-1914.35	34.8191	2996.07
-1912.29	-702.693	3080.81
-1918.7	731.93	3133.18
-1918.7	731.93	3133.18
-1910.35	189.253	3169.6
-1886.37	1942.62	3138.27
-1526.02	1208.74	2587.47
-1570.77	1043.21	2679.7
-1906.42	20.0168	3297.72
-1907.78	2065.96	3285.67
-1903.73	-872.967	3620.51
-2103.61	-765.35	4228.13
-1465.27	460.441	3017.97
-2570.89	-2837.25	5496.58
-2006.55	-816.596	4409.55
-2006.55	-816.596	4409.55
-1725.77	-1114.99	4059.49
-1911.26	-2133.59	4642.32
-2113.32	-2844.42	5286.09
-1224.21	123.564	3313.53
-1636.16	-1206.17	4620.86
-1402.25	2541.62	3788.43
-1069.03	125.688	3245.81
-834.884	1280.83	2546.41
-1150.4	1051.6	3557.48
-997.231	1969.17	3131.06
-864.122	1650.84	3046.26
-1755.78	-2731.34	6659.2
-846.661	1294.09	3393.03
-889.24	2173.74	3555.68
-1578.68	-3152.58	7119.94
-1639.08	-3436.84	7425.03
-1929.83	-4538.47	8821.56
-774.913	1642.64	3627.07
-1602.11	-5080.5	10208.7
-626.537	1682.66	3610.25
-706.784	576.911	4419.16
-600.741	1652.82	4578.82
722.28	100.347	5250.31
722.28	100.347	5250.31
2024.22	-2728.35	8824.05
2024.22	-2728.35	8824.05
1187.12	2014.56	4417.8
2792.22	-4787.38	8803.09
1978.93	593.047	5898.52
1978.93	593.047	5898.52
2747.01	-3796.55	7888.72
1826.43	1175.59	5269.35
2735.79	-3221.52	7372.07
1817.79	1707.75	5037.24
1958.74	1214.14	5312.07
1922.84	1558.55	4918.02
3082.1	-3308.89	6537.98
2936.64	-2270.97	6141.92
2927.56	-2410.62	6012.09
2908.71	-1574.87	5861.76
2377.63	1708.02	4783.84
2376.34	1694.35	4774.08
2907.96	-1289.89	5599.8
2492.33	1117.9	4764.02
2128.2	2648.13	4048.2
2268.87	2125.03	4247.99
2769.25	-627.197	4849.33
2693.9	-218.681	4683.79
2287.85	1975.19	4042.59
3185.46	-3066.54	5309.87
2738.86	-398.52	4638.79
2782.59	-37.9886	4597.8
3387.74	-3305.43	5375.43
2745.43	231.944	4396.8
2339.75	2299.67	3687.53
2348.9	1187.84	3507.55
2784.58	-1004.12	3910.76
2776.88	-1462.49	3884.64
3006.96	-518.115	4191.42
2681.96	946.834	3777.85
2722.61	1762.88	3794.87
2670.42	283.964	3615.2
2785.15	-1193.66	3680.46
2470.16	1885.69	3342.21
2674.43	868.273	3530.52
2384.43	1959.83	3113.38
2442.78	1517.15	3159.97
2787.99	-1338.18	3509.56
2685.86	504.455	3400.73
3324.05	-626.342	4159.79
2675.75	670.437	3246.1
2509.47	1634.89	3023.18
2688.46	534.439	3155.28
5767.4	-4047.35	6616.6
2738.94	603.55	3186.84
2852.54	2040.28	3318.57
3452.33	-596.101	3935.82
2884.02	-1135.59	3251.45
2618.46	617.654	2982.05
3590.66	-648.337	3882.44
3236.59	-1184.31	3373
3342.68	-1591.99	3470.07
3410.86	-1002.53	3500.48
-1873.3	1240.73	2031.33
-1834.4	989.302	2012.45
-1882.69	1205.74	2060.24
-1890.68	-521.101	2162.15
-2170.87	370.871	2445.47
-2059.15	207.715	2339.45
-2029.63	-1420.22	2423.4
-1957.56	-866.199	2323.11
-1884.92	893.655	2183.9
-1921.34	-403.651	2284.24
-2225.35	528.817	2614.14
-1888.61	-26.118	2248.15
-1911.67	-646.723	2338.63
-1892.29	-620.221	2364.1
-1909.15	83.2743	2397.36
-2003.06	-1299.8	2660.91
-1908.67	192.455	2523.27
-2026	541.032	2691.63
-1871.69	1483.34	2440.6
-1939.57	-1041.05	2743.44
-1923.65	-641.72	2707.65
-1888.2	764.545	2708.53
-1885.07	1606.9	2670.55
-1842.12	914.71	2710.38
-1939.7	-821.448	2996.31
-1913.61	-702.552	3082.56
-1922.92	165.307	3103.56
-1880.44	1889.84	2957.5
-1917.09	190.477	3180
-1939.43	590.566	3197.17
-1927.04	-188.065	3306.31
-1923.37	-88.6052	3316.82
-1902.08	1958.28	3162.36
-1560.7	1036.45	2663.17
-1791.69	851.279	3281.52
-2147.29	-722.665	4373.22
-2550.09	-2811.05	5447.83
-2550.09	-2811.05	5447.83
-1735.16	-1120.98	4080.02
-1985.87	-757.275	4648.37
-1931.09	-2154.33	4686.78
-2096.74	-2823.6	5246.8
-1837.83	-2124.37	4713.86
-1656.94	-1219.04	4675.93
-1066.53	125.142	3231.1
-1117.16	1028.15	3482.55
-833.34	1278.11	2541.32
-833.34	1278.11	2541.32
-995.374	1963.14	3122.27
-781.279	466.223	2885.06
-817.496	595.347	3046.19
-817.496	595.347	3046.19
-1615.51	-3387.39	7317.67
-1883.32	-4433.85	8617.13
-875.139	1690.36	3608.72
-1719.14	-3951.39	8360.34
-854.672	2059.53	3516.36
-835.539	1700.19	3565.56
-672.039	1426.19	3429.39
-1522.96	-4843.46	9731.93
-701.058	573.315	4390.97
-606.865	1573.9	4641.25
643.995	75.5986	4707.03
643.995	75.5986	4707.03
1181.67	2006.58	4399.1
2801.32	-4806.49	8835.89
2958.02	-2544.4	8800.36
2777.76	-3833.62	7976.59
1952.41	587.572	5812.67
1952.41	587.572	5812.67
1497.98	2075.95	4552.22
2791.69	-2205.78	7466.69
2742.26	-2795.58	6929.94
2870.97	-2903.44	6851.04
3122.03	-3583.37	7172.1
2905.99	-2122.81	6466.63
3010	-3728.06	6346.39
2156.41	2195.71	4568.29
2908.77	-1502.14	5732.13
2776.9	-918.598	5465.98
2395.6	1720.91	4821.36
2520.58	1377.34	4981.36
2729.35	-561.558	5024.26
2774.52	1258.38	5172.92
2104.43	2618.29	4001.05
2271.14	2128.93	4252.77
2695.58	-221.342	4686.86
2795.79	1805.19	4926.08
2746.78	-832.353	4576.5
3197.97	-2690.73	5190.86
3197.97	-2690.73	5190.86
2777.51	-37.2793	4588.78
2260.29	2487.14	3875.35
3327.56	2014.06	5521.88
2821.26	-77.4826	4519.06
2355.98	2769.39	3883.52
2746.27	-1192.24	4112.33
2918.37	-344.876	4407.76
2373.57	1970.71	3563.96
2745.14	-894.543	3943.4
2738.42	336.872	3945.39
2752.03	-1512.14	3791.9
2752.03	-1512.14	3791.9
2734.21	472.251	3852.14
2475.64	1595.75	3453.49
2721.11	956.873	3711.19
2716.55	871.197	3689.06
2720.07	114.598	3388.97
3399.95	-729.356	4112.04
3091.55	2644.46	3856.98
2631.98	720.867	3166.48
2990.25	-1091.65	3510.95
2530.73	1650.01	3050.5
2720.09	541.707	3194.68
2747.24	605.852	3197.21
3519.37	-608.434	4017.1
2876.16	2057.75	3346.69
3340.5	-1215.03	3679.68
2638.37	708.266	2946.64
3262.19	-1193.76	3399.55
3455.45	-1656.78	3481.74
-2234.01	276.364	2388.89
-1873.38	1240.06	2030.66
-1884.82	1019.25	2066.71
-1908.24	-476.065	2144.48
-2220.42	378.572	2498.48
-2054.3	207.12	2334.13
-1898.37	891.434	2192.3
-1945.92	-861.078	2309.53
-1913.8	-402.506	2276.26
-1899.01	-25.7443	2259.83
-1909.03	-645.228	2336.12
-1873.09	813.83	2251.04
-2005.7	-1285.71	2517.09
-1881.13	-615.894	2351.57
-1914.52	83.6859	2403.73
-2009.32	-1178.53	2646.64
-1998.67	-1296.65	2655.41
-1906.48	191.289	2520.86
-1872.78	1484.18	2441.67
-1872.78	1484.18	2441.67
-1837.39	632.808	2499.71
-1882.75	-221.486	2627.67
-1904.43	491.301	2709.01
-1918.44	-516.634	2816.21
-1839.13	913.081	2706.17
-1921.51	-567.683	3079.82
-1908.21	-192.682	3057.42
-1935.07	737.783	3158.69
-1935.07	737.783	3158.69
-1914.53	189.905	3176.27
-1921.68	-187.415	3297.6
-1890.55	1947.19	3144.89
-1900.17	2058.3	3272.08
-1991.1	-912.618	3784.73
-1901.35	-879.459	3674.56
-1528.08	449.694	2919.02
-1874.53	1948	3521.73
-2166.13	-723.545	4410.03
-2592.55	-2858.39	5537.34
-1727.27	-1116.9	4065.38
-1993.82	-755.797	4657.43
-1922.71	-2146.13	4669.67
-2141.6	-2878.39	5347.17
-2141.6	-2878.39	5347.17
-1230.15	473.551	2985.17
-1615.17	-1005.63	4078.6
-1752.6	-2341.58	5199.19
-1874.32	-629.921	5494.04
-834.646	1280.08	2545.46
-1002.01	1975.79	3141.89
-868.814	1658.7	3059.17
-816.208	594.472	3041.94
-816.208	594.472	3041.94
-849.585	1296.93	3400.56
-1619.89	-3395.91	7334.83
-870.283	1681.75	3591
-852.434	2053.86	3506.92
-1810.75	-4800.06	8836.55
-1732	-3978.27	8420.08
-794.721	2166.25	3687.75
-688.118	1827.03	3550.63
-1547.78	-5317.81	10692.8
-710.532	579.269	4437.66
-621.39	1447.08	4491.94
693.797	96.8375	4982.02
693.797	96.8375	4982.02
2063.81	-5321.51	11153.4
2063.81	-5321.51	11153.4
2014.47	-2722.28	8788.56
2906.3	-5674.51	11352.5
2775	-4756.3	8746.98
1441.74	2121.43	4609.57
2981.24	-2562.04	8868.06
1967.19	589.929	5859.59
1967.19	589.929	5859.59
1843.96	1184.94	5318.72
1864.93	1752.46	5160.92
2862.88	-2950.23	7063.7
3111.2	-3574.13	7143.03
2027.83	1527.74	4917.83
2927.2	-2137.86	6510.52
2944.29	-2276.89	6158.36
2121.23	2157.36	4485.66
2717.38	-1016.91	5504.91
2905.46	-1641.2	5797.38
2523.87	1379.26	4989.31
2898.23	-973.572	5521.76
2113.75	2630.67	4018.99
2331.17	2004.51	4327.43
2951.28	-3084.88	5146.62
2681.03	-218.681	4661.41
3036.46	531.853	5293.27
2781	1800.04	4904.02
2270.54	1953.6	4020.76
3257.72	-2742.26	5293.21
2273.95	2502.21	3899.92
2752.5	-926.786	4473.83
2731.44	232.061	4370.52
2621.11	-1959.72	4012.57
2754.06	-1175.08	4203.03
2731.93	199.187	4170.04
2673.52	458.302	4045.35
2386.68	1981.96	3584.38
2748.28	-820.762	3985.98
2751.83	-897.193	3953.95
2455.83	1416.42	3564.96
2708.27	358.562	3789.89
2669.11	863.508	3679.27
2489.5	1605.37	3464.62
2721.88	-1574.07	3645.53
2721.88	-1574.07	3645.53
2710.37	952.941	3695.33
2433.66	1857.02	3291.27
2419.53	1989.46	3158.91
2634.87	721.481	3169.96
2510	1635.31	3024.84
3566.88	-508.87	4188.49
2717.16	540.295	3190.07
2740.34	604.446	3189.11
3460.72	-597.477	3946.14
2804.97	2006.17	3263.7
2641.48	707.523	2951.67
3223.04	-1534.27	3343.14
3505.14	-1031.17	3602.62
3476.42	-959.39	3519.6
-1865.37	1235.46	2023.2
-1880.37	1015.45	2063.5
-2188.59	373.555	2464.73
-2064.14	208.066	2344.72
-2035.81	-1424.03	2430.3
-1944.07	-860.349	2307.64
-1891.53	896.334	2191.61
-1916.92	-402.719	2279.45
-1916.92	-402.719	2279.45
-1903.56	-643.91	2329.89
-1907.65	83.7474	2394.75
-1879.35	1396.99	2311.72
-2070.55	414.752	2595.45
-2005.97	-1177.23	2642.63
-2007.3	-1302.26	2666.38
-1904.67	191.2	2518.88
-1834.5	631.853	2495.88
-1919.77	-891.017	2699.93
-1886.73	-222.803	2633.76
-1847.15	817.437	2592.79
-1864.97	756.113	2676.82
-1887.04	1608.6	2673.35
-1895.88	-23.1287	2803.05
-1939.49	-820.971	2995.47
-1979.37	-958.766	3081.46
-1872.48	-104.949	2911.9
-1908.72	-565.186	3061.08
-1918.13	190.386	3182.15
-1932.18	588.912	3185.07
-1908.02	1943.84	3089.98
-1938.44	643.793	3259.02
-1930.17	-187.581	3310.77
-1892.09	1947.49	3147.41
-1766.1	1590.29	2969.26
-1470.11	1167.26	2498.16
-2129.41	-795.917	3966.37
-1516.92	430.025	2980.57
-2542.16	-2805.18	5436.03
-2026.31	-771.926	4737.25
-1919.69	-2143.29	4661.59
-2123.04	-2854.49	5303.99
-1838.04	-2124.69	4713.07
-1822.84	-1732.06	4837.89
-1402.67	2541.49	3788.21
-1402.67	2541.49	3788.21
-1853.65	-623.725	5437.29
-1061.57	125.116	3217.56
-845.208	1228.27	2478.14
-780.538	466.177	2879.94
-1580.16	-1526.4	6317.16
-1608.71	-3375.81	7292.71
-1894.75	-4457.18	8663.62
-869.061	1680.08	3587.56
-850.69	2049.09	3498.65
-1674.76	-3845.12	8140.06
-752.241	2056.93	3500.13
-671.803	1425.67	3428.88
-671.803	1425.67	3428.88
-1493.65	-4763.15	9576.84
-629.523	1690.46	3624.98
-707.452	577.485	4422.76
2026.53	-3070	9131.41
2009.04	-2709.43	8758.94
2850.81	-3972.92	9683.31
2767.41	-4749.75	8727.55
1294.21	2112.26	4480.32
2836.7	-4550.9	8744.95
3140.01	-3432.89	9851.42
1423.44	2076.39	4516.46
1965.19	591.587	5852.43
1965.19	591.587	5852.43
1481.72	2047.11	4489.99
3113.63	-3344.95	7578.99
2845.99	-2497.31	6661.77
3010.51	-3601.82	6479.71
1986.46	2220.51	4548.58
2740.13	-1334.9	5778.04
2846.09	-1071.82	5494.83
2875.3	-1277.11	5537.05
2515.34	1374.38	4971.16
2112.06	2629.42	4015.56
2848.91	1199.29	5169.8
2387.43	1881.38	4381.05
2748.63	-623.16	4811.6
2651.83	-218.109	4610.39
3273.62	-3125.16	5440.35
2279.98	1966.39	4032.26
2526.44	1788.04	4423.66
2724.11	-396.978	4612.65
3245.26	-2731.28	5272.31
3245.26	-2731.28	5272.31
2726.2	230.475	4363.75
2731.4	-1110.37	4214.79
2851.83	-369.705	4405.22
2327.05	2286.65	3666.02
2915.01	-207.092	4427.61
2368.49	2540.53	3696.01
2720.85	582.625	4022.33
2362.25	1960.61	3545.44
2758.98	-897.26	3961.61
2731.48	333.721	3935.52
2686.22	949.778	3785.82
2421.26	1931.61	3452.49
2747.34	-1382.8	3713.63
2368.14	1523.51	3300.11
2720.9	956.897	3710.64
2764.86	-1469.16	3572.93
2593.06	1613.33	3356.72
2612.29	765.547	3217.88
2652.54	664.057	3216.47
2478.05	1614.24	2984.23
2706.86	538.728	3178.13
2837.57	-1116.03	3196.34
2837.57	-1116.03	3196.34
2798.11	2000.86	3252.62
3758.81	-682.563	4070.2
3758.81	-682.563	4070.2
3706.2	-933.958	3898.46
3393.28	-1628.35	3421.25
3544.78	-978.118	3589.81
-2214.79	274.355	2370.23
-1869.71	1238.07	2026.65
-1876.96	1014.16	2058.12
-1861.48	-464.201	2094.03
-2210.24	376.897	2487.72
-2055.43	207.612	2335.77
-2058.02	-1279.63	2422.67
-2019.82	-1414.02	2412.03
-1938.46	-858.25	2301.83
-1867.09	884.672	2163.43
-1904.82	-401.971	2266.85
-1902.42	-25.9751	2263.98
-1909.09	-645.395	2335.32
-2002.24	-1284.09	2513.85
-1913.52	-782.359	2407.48
-1915.94	83.5146	2405.22
-1914.5	316.565	2493.68
-1900.34	-440.756	2550.28
-1874.3	1485.24	2443.8
-1966.85	-1029.94	2671.4
-1841.7	634.807	2505.45
-1841.7	634.807	2505.45
-1933.11	-1038.36	2735.78
-1935.17	-25.555	2859.29
-1841.17	913.877	2710.01
-1881.79	1702.23	2792.99
-1966.56	-953.051	3063.13
-1892.19	-106.567	2941.4
-1918.07	-297.825	3062.03
-1884.43	1815.15	2915.97
-1909.54	-701.021	3075.8
-1912.07	189.601	3172.32
-1928.25	640.946	3242.9
-1892.28	1948.38	3147.35
-1935.95	731.332	3293.11
-2090	-782.24	3896.53
-1739.02	-802.687	3335.36
-1444.08	454.339	2977.29
-1964.13	-1465.49	4563.11
-1737.21	-1121.67	4086.93
-2028.32	-770.979	4738.85
-1935.9	-2159.79	4698.94
-2133.74	-2869.11	5332.07
-1868.74	-2157.98	4785.74
-1393.77	2525.69	3764.25
-1854.48	-623.923	5439.29
-1076.62	126.2	3262.63
-832.245	441.446	2880.15
-814.041	592.781	3034.28
-838.951	1692.63	3136.59
-851.161	1299.38	3406.5
-1581.51	-3157.97	7124.58
-1631.62	-3422.22	7392.27
-1931.95	-4540.99	8826.41
-889.519	2168.92	3547.59
-889.519	2168.92	3547.59
-865.017	1671.76	3568.71
-835.537	1699.64	3564.03
-746.716	1264.49	3354.11
-712.389	580.699	4448.05
637.448	77.4953	4507.89
637.448	77.4953	4507.89
1997.62	-2693.44	8707.31
2913.74	-4880.21	10623.2
2763.11	-4738.44	8711.22
2982.83	-4808.26	9219.65
1405.28	2060.45	4478.74
2769.35	-2087.95	7348.64
1899.75	1777.95	5239.82
3012.72	-1665.3	7827.16
2694.88	-2746.4	6807.16
2860.62	-2946.35	7054.69
3149.7	-3383.92	7662.44
2846.32	-2182.86	6434.49
2982.94	-3693.35	6286.63
2742.92	-1337.4	5785.44
2113.44	2150.64	4470.5
2466.07	1670.43	4669.89
2713.34	-557.611	4994.77
2789.75	1265.33	5201.22
2121.53	2640.56	4033.2
2908.41	-3039.07	5071.97
2888.1	1213.6	5239.83
2689.89	-220.348	4677.34
3129.63	548.516	5457
2750.56	1775.34	4844.39
2199.11	1889.48	3892.74
2748.78	-725.499	4691.95
2271.17	2499.43	3894.88
2642.35	221.324	4229.07
2574.31	-1915.21	3932.35
2748.07	-1116.52	4240.53
2634.65	682.055	4060.42
2945.73	-208.409	4475.04
2714.8	580.874	4012.12
2382.28	1977.48	3576.83
2725.35	-887.635	3913.62
2415.87	1929.25	3446.59
2757.78	-1291.96	3752.51
2754.91	-1386.8	3724.26
2419.36	1558.73	3364.93
2764.37	886.593	3755.62
2749.7	794.518	3613.63
3199.14	-668.302	4077.12
2385.49	1960.41	3113.95
3358.1	-668.582	4124.9
2969.54	-1084.3	3486.68
2969.54	-1084.3	3486.68
2542.64	1657.78	3065.99
2727	542.309	3201.79
2723.8	600.787	3169.48
2806.19	2006.72	3261.55
5648.24	-3420.07	6231.4
3903.34	-518.36	4317.01
2625.28	705.471	2931.35
2625.28	705.471	2931.35
3553.44	-695.007	3910.39
