-2235.26	276.159	2391.71
-1906.93	1262.55	2067.69
-1916.69	1035.8	2102.32
-1946.56	-536.813	2224.03
-2183.42	315.837	2500.67
-1909.31	904.268	2213
-1897.5	1358.98	2193.8
-1904.27	-25.8045	2266.44
-1904.27	-25.8045	2266.44
-1910.72	829.724	2296.23
-1998.06	-1282.27	2507.27
-1920.82	1521.43	2504.93
-1928.61	193.402	2550.6
-2074.03	554.012	2755.17
-1955.15	-1242.87	2682.03
-1877.28	645.069	2551.86
-1906.18	-634.48	2683.32
-1906.18	-634.48	2683.32
-1909.96	-513.831	2688.62
-1909.96	-513.831	2688.62
-1941.15	415.349	2812.74
-1870.87	929.082	2753.44
-1969.11	-1060.45	2957.2
-1941.13	1756.12	2880.66
-1968.36	-954.234	3066.46
-1927.42	-193.116	3088.1
-1916.85	-704.193	3088.83
-1973.02	751.775	3221.82
-1942.08	192.484	3222.54
-1981.94	748.721	3370.64
-1594.34	1058.47	2720.7
-1963.02	2056.69	3342.99
-1973.61	2218.19	3426.51
-1953.99	-604.379	3461.06
-1937.7	-290.851	3634.8
-1956.48	2031.99	3674.16
-1464.83	459.721	3017.19
-2575.72	-2842.08	5506.6
-2575.72	-2842.08	5506.6
-2029.56	-824.758	4458.76
-2030	-770.54	4744.29
-1746.79	-1131.27	4117.82
-1963.65	-2190.66	4764.34
-1188.23	459.665	2899.13
-2145.9	-2888.14	5367.07
-1854.74	-2142.68	4753.67
-878.392	1223.35	2454.76
-1690.15	-1228.59	5749.9
-784.35	468.753	2895.49
-1623.26	-2118.75	6193.5
-822.552	598.828	3065.91
-822.552	598.828	3065.91
-1574.61	-3145.89	7108.24
-1927.68	-4532.46	8811.29
-1734.5	-3984.36	8433.2
-782.523	1662.92	3674.16
-791.738	-184.836	3855.19
-713.254	1730.86	3591.43
-1574.76	-4997.56	10064.4
-621.211	1613.68	4754.28
431.024	-2506.15	8522.13
392.939	-3323.39	7330.04
552.496	-3501.64	7156.12
567.006	13.2568	4254.4
567.006	13.2568	4254.4
2013.68	-2206.15	8351.72
2013.68	-2206.15	8351.72
2937	-4108.98	10002.5
1299.67	2115	4481.39
2787.67	-4777.73	8785.86
2952.14	-4742.01	9111.92
1419.03	2057.67	4472.54
1966.84	590.314	5858.2
1966.84	590.314	5858.2
2789.04	-3854.32	8013.03
1848.86	1191.14	5332.53
1663.34	1848.87	4591.85
1647.77	1529.35	4481.14
2997.62	-1651.2	7784.4
2907.25	-2944.24	6942.05
2716.18	-2320.55	6463.68
2145.53	1594.55	4952.65
3070.11	-3664.67	6823.85
2196.49	1638.98	4903.4
2170.93	2208.86	4589.28
2810.13	-1389.56	5762.94
2810.13	-1389.56	5762.94
2723.96	-597.18	5386.35
2488.54	1115.28	4755.38
2449.2	1660.54	4639.1
2327.89	2002.05	4316.36
2947.35	-3069.31	5123.71
2753.49	-389.001	4832.26
2765.81	-250.769	4746.79
2248.61	2469.93	3855.38
2248.61	2469.93	3855.38
2751.86	-314.512	4572.82
3241.96	-2733.57	5269.44
2329.23	2290.35	3667.51
2843.01	376.029	4209.36
2907.53	-413.85	4186.26
2390.84	1908.51	3405.74
3309.21	-217.299	4658.33
2476.38	1597.97	3443.44
3007.72	-624.507	4066.23
2666.66	283.793	3610.57
2678.78	869.685	3536.91
2823.67	-1727.1	3673.59
2393.27	1967.53	3125.43
2479.15	1540.21	3181.27
2866.49	-1024.17	3619.57
2866.49	-1024.17	3619.57
2845.84	-1367.77	3582.65
2590.74	801.413	3249.12
2510.92	1635.94	3022.88
2752.14	547.816	3232.96
5829.03	-4092.53	6683.94
5829.03	-4092.53	6683.94
2854.61	2043.11	3321.26
2728.8	555.818	3105.73
3386.99	-966.807	3801.03
2636.7	708.037	2943.86
2636.7	708.037	2943.86
3884.91	-369.173	4283
3328.86	-863.429	3649.4
3725.86	-675.128	4030.72
3154.35	-1503.79	3272.04
-1904.7	1261.11	2064.81
-1912.7	1032.66	2098.15
-2232.57	380.227	2511.87
-1899.87	-522.897	2171.28
-2178.49	314.554	2494.16
-1909.29	904.07	2212.98
-1910.77	1368.82	2208.43
-1912	-403.374	2274.94
-1901.61	-25.6707	2263.45
-1901.61	-25.6707	2263.45
-1996.54	-1280.88	2505.17
-1895.99	-777.563	2387.3
-1943.32	320.448	2530.44
-1919.62	1520.54	2503.41
-1930.11	193.711	2552.52
-1954.24	-1242.51	2681.39
-1876.05	644.876	2550.35
-1894.17	-881.19	2666.24
-1906.46	-513.164	2683.9
-1874.88	829.497	2632.69
-1874.88	829.497	2632.69
-1983.34	-1068.07	2976.39
-1942.86	1757.68	2883.12
-1955.12	524.068	2959.55
-1972.19	-956.043	3071.92
-1949.45	1876.94	3016.75
-1928.74	-193.306	3090.17
-1926.66	-707.178	3103.15
-1972.89	751.959	3221.17
-1956.4	596.438	3226.64
-1932.75	191.384	3207.95
-1912.74	-590.75	3204.4
-1937.34	-187.493	3324.51
-1593.23	1057.84	2719.78
-1973.98	2218.75	3427.28
-1946.24	-392.61	3518.7
-1955.66	2031.46	3673.49
-1470.68	461.897	3030.44
-2582.39	-2848.96	5520.93
-2582.39	-2848.96	5520.93
-1993.94	-757.877	4664.76
-1927.01	-2151.16	4676.37
-1204.82	465.703	2938.43
-2111.37	-2842.34	5282.84
-1848.05	-2136.29	4738.74
-1448.57	2623.47	3912.08
-1092.28	127.622	3309.43
-1686.72	-1226.35	5737.78
-1573.29	-1405.18	5515.76
-787.61	470.574	2905.9
-823.668	599.674	3069.89
-1612.03	-1559.43	6428.87
-867.25	1323.62	3471.08
-1314.44	-584.194	5501.65
-875.277	1694.11	3618.03
-1654.03	-3465.48	7487.23
-1948.46	-4580.18	8904.58
-763.036	1293.19	3428.21
-1734.66	-3985.46	8433.59
-1438.06	-1034.28	7161.35
-637.337	1712.25	3673.91
-1545.36	-4915.96	9885.09
-723.069	590.181	4518.79
405.148	-3287.17	7320.57
534.985	-3275.96	7023.6
562.898	10.5865	4223.22
562.898	10.5865	4223.22
1201.33	2032.71	4451.88
2917.59	-4076.97	9928.78
1287.66	2094.38	4436.26
3025.57	-4874.23	9352.14
3115.18	-3194.48	9343.43
2825.79	-2432.99	8405.86
1310.03	1811.11	3960.05
2788.16	-3851.19	8008.19
1653.96	1536.09	4501.61
2044.78	1544.67	4954.32
3064.59	-3516.79	7014.27
2148.14	1596.97	4959.81
2853.85	-2187.69	6452.23
2853.85	-2187.69	6452.23
2928	-2419.32	6357.78
2957.56	-2407.13	6271.96
2173.02	2115.7	4416.31
2716.13	-595.33	5369.75
2452.69	1663.51	4646.52
2092.88	2602.25	3977.61
2345.59	2016.66	4349.76
2899.95	-3019.79	5040.02
2741.02	1773.47	4829.88
2680.1	-219.569	4658.46
2771.88	-251.04	4757.4
2792.55	-819.579	4745.56
2255.55	2477.88	3867.58
2759.79	-127.834	4598.36
3236.27	-2727.96	5258.43
2758.51	-809.81	4354.73
2341.07	2303.31	3688.98
2390.53	1987	3588.07
2857.47	378.143	4231.1
2403.29	1918.6	3424.83
3312.8	-218.167	4665.07
2783.86	-1467.02	3893.08
2668.21	940.747	3756.48
2503.88	1616.44	3482.93
2641.37	280.891	3574.72
2414.35	1985.72	3154.15
3368.54	-367.174	4330.67
2869.97	-1025.74	3624.97
2869.97	-1025.74	3624.97
2831.71	-1360.85	3564.96
2617.9	811.12	3284.91
2519.48	1641.91	3034.02
2748.84	547.077	3228.65
5893.16	-4139.35	6759.27
5893.16	-4139.35	6759.27
2854.21	2043.24	3322.04
3444.95	-681.336	3927.26
3506.82	-606.84	3997.59
2731.16	555.972	3107.9
2891.64	-1139.58	3260.61
2645.29	709.681	2954.24
2645.29	709.681	2954.24
3398.5	-998.113	3583.95
3175.74	-1510.47	3288.07
-2274.3	281.545	2433.62
-1897.1	1255.97	2057.37
-1908.73	1030.68	2093.13
-1861.22	-466.819	2094.93
-2257.05	385.121	2539.95
-1929.28	912.053	2235.71
-1889.21	1354.07	2185.65
-1915.04	-403.995	2278.04
-1911.61	-26.3767	2275.13
-1911.61	-26.3767	2275.13
-1997.44	-1281.86	2506.6
-1905.44	-781.603	2398.91
-1929.9	194.045	2552.08
-1929.9	194.045	2552.08
-2072.48	553.501	2753.22
-1948.23	-1238.57	2673.54
-1904.98	-634.732	2682.18
-1884.59	833.393	2646.22
-1884.59	833.393	2646.22
-1909.59	773.114	2739.85
-1946.86	1734.2	2797.05
-1913.2	-407.322	2816.43
-1974.21	-1063.4	2963.71
-1945.01	1759.81	2885.89
-1958.18	-949.547	3050.9
-1959.57	630.135	3085.26
-1940.05	93.525	3087.81
-1921.81	-705.206	3095.54
-1938.88	192.842	3216.98
-1969.11	743.67	3349.97
-1955.82	2242.35	3375.65
-1952.09	2345.12	3446.63
-1935.72	-390.73	3501.04
-1943.77	-173.846	3762.98
-2136.72	-777.08	4294.61
-1494.42	469.481	3079.16
-2609.76	-2876.52	5574.43
-1750.18	-1132.44	4123.08
-1243.76	479.499	3021.08
-2125.52	-2861.83	5318.81
-1847.17	-2134.98	4734.03
-1447.96	2622.26	3909.95
-1678.51	-1236.52	4735.43
-1862.12	-2827.37	5503.64
-1785.9	-2383.81	5295.06
-1894.37	-635.451	5558.94
-845.798	1297.08	2579.69
-1683.18	-1224.34	5727.65
-942.249	1997.19	3172.49
-878.915	1678.57	3096.86
-780.972	466.602	2885.01
-822.642	598.832	3066.39
-921.321	2249.18	3680.2
-881.651	1531.02	3575.43
-874.581	2106.07	3597.88
-846.279	1723.82	3617.1
-1579.29	-3153.07	7119.04
-1926.72	-4533.27	8813.14
-1721.7	-3955.38	8373.38
-780.636	1657.45	3661.34
-1634.72	-5097.41	8658.64
-619.077	1607.72	4737.94
521.719	-3194.27	6897.19
549.137	-3331.99	6921.36
561.849	8.2749	4193.91
561.849	8.2749	4193.91
2953.55	-4111.84	10026.3
1306.81	2127.64	4507.21
2816.67	-4831.67	8883.37
1398.44	2064.55	4477.37
2890.02	-4645.15	8918.24
3096.93	-3174.98	9288.04
1962.71	591.545	5844.63
2759.86	-3817.38	7928.99
2817.31	-2228.94	7544.32
2871.68	-2774.57	6942.67
2931.77	-2977.54	7004.38
2853.91	-2318.03	6528.34
2852.04	-2186.44	6449.57
2128.37	1423.35	4868.86
2128.37	1423.35	4868.86
1953.3	2178.73	4457.53
2948.17	-3651.43	6204.97
2128.22	2165.59	4497.69
2999.77	-3468.1	6153.28
2766.07	-1034.75	5604.9
2364.7	1684.31	4747.1
2107.73	2622.43	4006.26
2495.92	1793.18	4596.39
2729.88	-488.793	4897.41
2725.26	-223.217	4740.93
2243.68	2464.99	3847.35
2811.11	-39.4918	4646.27
3247.07	-2738.42	5278.65
2841.49	-77.6161	4551.93
2320.46	2281.8	3654.41
2852.62	-373.318	4402.18
2363.37	2534.37	3688.3
2840.04	-1236.89	4256.82
2420.48	1228.27	3623.59
2838.3	375.536	4201.9
2401.01	1915.99	3419.97
2742.67	768.459	3833.3
2516.13	1625.39	3499.8
2819.53	-1631.93	3777.28
2884.53	-789.38	3874.82
2798.37	-1200.33	3697.24
2799.81	-1489.49	3618.63
2433.01	1512.62	3139
2607.27	813.445	3273.73
2736.07	211.472	3423.91
2707.81	677.345	3284.02
2676.31	733.194	3222.01
2491.78	1622.86	2996.95
2740.88	545.097	3218.87
5796.65	-4069.81	6647.4
5796.65	-4069.81	6647.4
2865.85	2051.59	3335.57
2794.26	257.536	3176.96
3996.52	-531.527	4423.28
3843.57	-365.975	4236.61
3385.7	-878.652	3713.17
3522.89	-1228.88	3725.65
-1909.74	1263.98	2070.38
-1914.02	1035.16	2098.68
-2213.86	377.378	2492.78
-2190.1	315.796	2506.69
-1914.92	906.474	2218.13
-1905.11	1364.61	2203.13
-1906.75	-26.7191	2269.84
-1903.98	827.11	2287.89
-1994.19	-1279.61	2502.72
-1889.34	-775.31	2379.67
-1906.37	-879.774	2480.62
-1975.83	325.534	2569.43
-1922.01	192.869	2541.92
-2072.27	554.38	2754.73
-1948.8	-1238.92	2674.15
-1934.37	1619.91	2650.2
-1903.63	-513.273	2680.36
-1903.63	-513.273	2680.36
-1867.13	826.029	2622.69
-1939.25	1801.3	2832.44
-1921.31	-22.7206	2839.48
-1971.24	-1061.64	2959.89
-1952.06	523.463	2954.84
-1921.26	-302.845	2959.88
-1928.17	-707.741	3105.45
-1958.21	746.508	3198.37
-1958.21	746.508	3198.37
-1938.45	-85.8175	3230.72
-1959.38	2142.96	3251.9
-1544.19	1223.69	2619.33
-1599.45	1061.01	2728.83
-1940.29	20.1542	3356.21
-1958.76	2387.31	3577.44
-2039.47	-933.047	3868.88
-2150.29	-781.823	4319.41
-1941.49	-2166.19	4711.34
-1793.64	-985.2	4352.31
-2119.09	-2850.63	5298.41
-1898.53	-636.734	5569.17
-1754.76	-2330.6	5317.57
-1080.71	127.129	3273.31
-1150.36	1055.12	3583.88
-1605.31	-1431.62	5617.69
-833.143	442.277	2885.32
-781.393	467.008	2884.24
-824.599	600.295	3072.84
-859.969	1734.04	3215.98
-897.879	2196.49	3593.58
-854.344	1487.53	3473.82
-1595.81	-3185.21	7190.56
-1653.91	-3465.16	7486.78
-1879.38	-4972.95	9153.67
-764.459	2097.02	3564.86
-709.089	1726.6	3581.88
-639.684	1717.85	3687.23
-1518.28	-5219.94	10500.9
-615.578	1600.29	4718.35
505.605	-3108.7	6789.64
538.704	-3254.97	6835.47
551.316	9.16567	4075.55
551.316	9.16567	4075.55
1215.7	2056.82	4505.49
1215.7	2056.82	4505.49
2852.65	-3985.8	9705.88
2855.04	-4903.5	9009.84
2938.01	-4718.99	9063.46
3126.25	-3207.08	9378.75
2742.06	-3783.37	7870.45
1879.53	1207.38	5430.56
1728.5	1928.11	4785.72
1728.5	1928.11	4785.72
2805.56	-2218.27	7508.45
2869.85	-2770.8	6936.31
2866.06	-2330.35	6556.21
2162.91	1447.03	4951.54
2162.91	1447.03	4951.54
3050.48	-3641.03	6778.91
2931.09	-2372.83	6433.5
3017.77	-3754.46	6551.96
2148.29	2185.28	4539.7
2842.73	-1295.76	5689.75
2721.62	-597.321	5381.79
2251.57	2108.28	4212.68
2507.3	1801.08	4617.42
2308.47	1816.83	4223.68
2816.4	-880.78	4895.56
2701.1	-220.391	4696.65
2249.74	2468.71	3860.57
2249.74	2468.71	3860.57
3232.13	-2724.97	5252.54
2785.58	96.1195	4302.29
2791.98	-1292.18	4179.19
2567.15	1303.02	3839.49
2388.77	1985.54	3584
2719.25	954.406	3977.68
2799.17	-1008.58	3929.6
2790.31	-1470.29	3902.48
2731.8	676.485	3849.57
2726.03	761.639	3811.69
2409.32	1553.01	3348.72
2444.86	2256.08	3374.39
2784.4	657.471	3787.69
2809.55	-1495.72	3632.26
2402.16	1975.11	3137.59
3336.21	-363.322	4288.02
3336.21	-363.322	4288.02
2471.36	1538.54	3191.76
2713.36	113.934	3378.88
2614.46	715.055	3144.22
2614.46	715.055	3144.22
2533.34	1650.83	3048.9
2731.66	543.506	3207.87
2793.54	1998.16	3251.53
3315.33	-913.077	3820.62
5736.08	-4026.3	6576.58
5736.08	-4026.3	6576.58
3570.3	-617.851	4070.49
2811.44	258.025	3199.12
2537.38	1748.61	2840.4
3917.74	-372.375	4321.4
3325.07	-1118.42	3590.23
3456.77	-1658.93	3481.86
-2250.87	278.488	2408.58
-1908.99	1222.24	2089.99
-1921.96	1038.59	2107.44
-1907.35	-135.838	2145.67
-2247.85	383.266	2529.01
-1934.81	915.546	2240.76
-1888.13	1353.68	2184.22
-2021.1	-1414.43	2414.59
-1908.43	-25.1135	2270.58
-1908.43	-25.1135	2270.58
-1992.94	-1278.16	2500.45
-1892.71	-775.384	2382.95
-2062.35	551.134	2740.53
-1912.5	-623.964	2562.56
-1955.21	-1242.15	2683.22
-1904.76	-511.895	2680.91
-1883.88	833.657	2644.42
-1883.88	833.657	2644.42
-1903.79	771.401	2732.16
-1936.33	414.363	2805.9
-1936.33	414.363	2805.9
-1904.53	-405.947	2804.54
-1945.23	1807.03	2841.77
-1945.23	1807.03	2841.77
-1976.46	-1064.99	2966.34
-1949.04	1922.23	2990.94
-1972.18	-956.281	3072.47
-1953.29	627.193	3076.93
-1926.71	-706.972	3102.61
-1952.54	193.683	3239.57
-1957.17	2140.63	3249.29
-1969.97	744.337	3351.05
-1586.26	1052.94	2707.64
-1938.18	-86.4168	3341.85
-1938.18	-86.4168	3341.85
-1975.31	2051.95	3710.19
-2132	-912.778	4279.54
-2133.37	-775.985	4287.9
-1472.3	462.901	3033.33
-2536.91	-2794.34	5418.52
-2141.49	-1591.88	4965.58
-2044.81	-774.222	4774.01
-1236.54	478.031	3010.83
-2099.17	-2826.86	5255.18
-1859.19	-2148.53	4764.38
-1669.86	-1229.81	4709.94
-1890.08	-634.647	5545.13
-1074.45	126.21	3258.31
-1169.09	1071.14	3628.62
-1027.39	2029.86	3229.58
-864.383	1656.25	3055.79
-786.93	470.414	2903.23
-821.654	598.593	3063.53
-1682.51	-2628.2	6407.12
-907.319	2209.64	3615.68
-1660.07	-3477.68	7513.67
-818.296	2235.53	3798.65
-1743.1	-3997.84	8466.16
-1848.23	-4891.52	9005.81
-705.797	1719.51	3567.28
-639.139	1716.91	3683.39
-720.132	588.09	4501.7
-1469.61	-5048.63	10161.7
-604.894	1667.95	4618.04
-613.425	1595.17	4701.82
403.211	-2270.97	7630.7
403.211	-2270.97	7630.7
496.482	-3054.81	6800.42
529.958	-3193.45	6828.16
550.78	13.0896	4012.27
550.78	13.0896	4012.27
2037.63	-3085.58	9181.7
2037.63	-3085.58	9181.7
2882.2	-5628.21	11254.9
2800.56	-3898.37	9495.59
2803.26	-4811.04	8842
1400.88	2044.64	4440.52
1475.46	2041.57	4470.06
1966.54	590.812	5856.86
1966.54	590.812	5856.86
2784.71	-3846.92	7997.82
1855.45	1744.3	5119.43
1745.37	1736.14	4521.76
2860.15	-3095.54	7212.48
2860.15	-3095.54	7212.48
1940.45	1575.05	4960.4
2867.54	-2093.29	6377.37
3005.78	-3740	6523.27
2967.03	-3548.28	6375.74
2145.46	2097.04	4569.68
2145.46	2097.04	4569.68
2255.49	1232.2	4696.66
2929.62	-1585.89	5903.2
2732.94	-601.668	5405.09
2475.89	1778.31	4558.03
2323.67	1830.2	4254.01
2756.32	-389.154	4836.76
2819.88	-882.895	4901.88
2784.48	-252.775	4779.63
2247.85	2465.76	3859.78
2247.85	2465.76	3859.78
2805.6	-38.6237	4636.32
3247.39	-2735.82	5276.26
2850.66	-371.813	4401.69
2814.81	-1303.83	4214.93
2370.9	1970.03	3555.27
2715.79	952.056	3972.42
2406.88	1921.67	3429.59
2821.9	-877.985	3926.45
2726.53	763.099	3810.8
2623.77	278.591	3549.36
2799.8	-1489.62	3618.27
2397.69	1971.23	3130.99
3062.23	-651.87	3902
3062.23	-651.87	3902
2851.88	-1370.85	3590.4
2716.47	208.895	3398.28
2693.04	674.394	3267.71
2488.23	1621.01	2994.15
2736.5	544.883	3214.23
2867.69	2051.49	3337.23
5863.84	-4117.69	6725.87
5863.84	-4117.69	6725.87
2724.33	554.358	3099.76
2643.19	710.114	2951.26
3345.05	-867.269	3665.95
3660.37	-663.141	3960.06
3660.37	-663.141	3960.06
3348.44	-1126.59	3617.11
