-1893.35	1023.17	2076.22
-1907.66	1221.2	2087.97
-2273.66	387.162	2557.39
-2175.71	313.535	2490.36
-1926.48	-957.946	2280.18
-1867.27	1337.48	2159.43
-2038.44	-1426.53	2432.53
-1913.55	-402.051	2276.12
-1919.32	-26.1288	2284.27
-1919.32	-26.1288	2284.27
-1979.86	-1270.4	2486.78
-1916.69	-785.601	2413.2
-1929.85	193.907	2552.21
-1929.85	193.907	2552.21
-2048.09	547.431	2721.46
-1959.64	-1245.91	2688.64
-1919.81	1607.92	2630.38
-1915.86	-635.978	2696.28
-1942.33	-1041.98	2746.9
-1869.65	827.175	2624.16
-1869.65	827.175	2624.16
-1890.56	766.663	2713.9
-1915.96	1780.22	2798.18
-1922.26	-302.439	2961.34
-1958.45	631.249	3082.53
-1930.59	2013.43	3096.87
-1933.25	192.047	3208.21
-1931.93	-84.4821	3219.74
-1955.7	650.199	3290.44
-1925.78	-488.981	3340.79
-1943.28	-599.793	3443.16
-1935.14	2255.72	3415.36
-1985.92	-911.917	3770.78
-1898.73	1958.01	3570.31
-1943.01	-173.187	3759.98
-1480.64	464.821	3048.27
-1755.65	-1135.26	4135.4
-1905.88	-2128.11	4628.55
-1767.6	-969.116	4297.09
-1767.6	-969.116	4297.09
-1828.91	-2414.71	5122.56
-1136.15	1010.14	3622.33
-778.463	465.472	2874.12
-778.463	465.472	2874.12
-818.729	595.128	3051.62
-847.604	1709.01	3169.4
-847.604	1709.01	3169.4
-1575.06	-1528.77	6296.13
-879.499	2147.13	3511.73
-1577.52	-3150.96	7112.14
-1720.53	-3955.11	8368.21
-1590.92	-4960.53	8421.83
-702.214	1709.85	3545.2
-632.14	1699.16	3641.96
-709.474	578.958	4436.44
-1538.98	-5275.31	10616.1
592.373	61.2955	4105.69
592.373	61.2955	4105.69
2106.01	-6868.32	12603.9
2106.01	-6868.32	12603.9
1178.25	1983.78	4343.82
2974.56	-4142.39	10111.7
2758.51	-4730.78	8700.73
2881.38	-4632.41	8892.9
2872.71	-2469.61	8541.28
1447.65	2034.72	4438.88
1956.7	585.927	5830.86
1956.7	585.927	5830.86
1814.06	1165.33	5235.13
2735.44	-2161.36	7315.42
1670.16	1858.12	4606.78
2960.3	-1635.32	7689.07
2690.51	-2743.02	6799.66
2862.91	-2951.35	7066.29
2854.64	-3134.27	6962.62
2109.82	1573.2	4867.12
2735.29	-1335.12	5772.38
2882.29	-1561.53	5810.24
2407.37	1635.38	4562.59
2697.7	1412.82	5075.95
2712.74	-689.612	4915.73
2294.27	1974.23	4251.96
2450.6	1762.55	4513.93
2304.11	2138.68	4144.89
2715.89	854.319	4812.39
2665.75	-215.579	4635.23
3216.17	-3082.21	5348.55
3216.17	-3082.21	5348.55
2680.18	-388.592	4534.96
2751.3	-37.9714	4545.92
2749.14	-925.244	4468.85
2255.78	2196.61	3721.08
2789.1	-76.317	4467.92
2778.85	-2060.09	4248.97
2741.63	-1169.55	4184.53
2592.99	673.023	3996.48
2745.18	-636.093	4124.82
2319.32	2299.45	3501.34
2319.32	2299.45	3501.34
3228.26	-211.757	4545.69
2472.16	1617.01	3471.32
2745.39	-1587.08	3676.34
2745.39	-1587.08	3676.34
2647.92	860.246	3496.22
2336.3	1459.95	3040.47
2662.55	498.418	3369.2
2518.23	786.036	3159.21
2875.99	-1011.98	3517.13
2698.14	536.761	3168.51
2618.26	702.932	3074.67
5739.25	-4028.94	6583.58
5739.25	-4028.94	6583.58
2707.57	596.425	3149.17
3430.64	-593.597	3912.8
2865.43	-1130.12	3232.54
2612.78	701.847	2916.99
3787.67	-502.575	4188.55
3363.91	-871.946	3688.82
3456.61	-870.183	3627.98
3249.13	-1188.43	3385.91
-2178.7	270.445	2334.09
-1877.19	1242.62	2035.27
-1891.28	1015.35	2068.86
-1886.56	1017.87	2068.76
-1884.31	-474.765	2120.14
-2237.94	381.454	2518.68
-1873.46	-516.588	2141.03
-2084.26	208.514	2366.73
-1900.78	893.449	2196.29
-2014.11	-1409.76	2404.36
-1881.83	892.892	2181.39
-2004.01	-1285.49	2514.52
-1905.9	-780.697	2398.83
-1865.81	-710.189	2373.24
-1935.35	320.14	2519.51
-1911.75	191.861	2528.03
-2045.5	546.839	2717.04
-1856.59	639.156	2523.88
-1870.5	-221.984	2611.08
-1934.93	-1038.11	2736.42
-1897.26	-509.774	2670.58
-1911.77	-1144.54	2745.83
-1899.48	-510.484	2789.1
-1888.42	-115.63	2765.57
-1914.96	1706.54	2751.03
-1855.05	920.25	2730.23
-1910.51	1730.12	2834.09
-1942.18	-820.979	2999.24
-1931.76	621.207	3042.09
-1918.16	-192.487	3073.01
-1954.72	652.029	3286.22
-1922.49	-186.289	3298.99
-1579.1	1050.05	2693.87
-1930.56	-596.15	3421.55
-1941.68	2104.84	3339.12
-1929.26	2169.12	3348.16
-2018.67	-928.266	3834.74
-1881.22	1938.69	3535.92
-2120.33	-771.426	4261.7
-2536.53	-2795.34	5425.38
-1459.19	459.464	3008.97
-1521.44	110.916	3236.57
-2011.81	-764.175	4705.78
-1943.23	-2167.99	4711.88
-1861.52	-2151.2	4770.66
-1425.8	2583.59	3850.01
-1878.7	-631.013	5507.25
-1743.82	-1570.3	5315.75
-1077.05	126.388	3262.6
-854.302	1240.54	2503.82
-972.146	1925.24	3062.47
-1760.2	-2234.83	6386.13
-781.207	467.516	2881.98
-1309.7	-585.078	5485.65
-851.208	1301.21	3411.35
-1170.44	-1285.32	5113.1
-1617.55	-3393.26	7335.52
-1863.82	-4931.43	9089.91
-1760.29	-4044.54	8558.37
-776.922	1651.17	3646.17
-699.131	1703.74	3532.84
-1474.97	-5073.1	10193.7
-707.473	578.011	4428.68
687.866	73.3872	4927.83
687.866	73.3872	4927.83
2039.96	-3086.95	9188.16
3011.31	-5901.11	11800.6
2987.36	-4178.34	10176.4
1196.63	2018.49	4417.04
2762.84	-4743.22	8716.17
3055.72	-2872.93	8935.06
2746.23	-3787.52	7885.12
1968.74	590.277	5864.65
1968.74	590.277	5864.65
1817.77	1169.51	5244.62
1634.93	1523.04	4446.58
2882.66	-3165.85	7031.48
2865.25	-2766.76	6926.45
2854.26	-2187.52	6454.92
2900.89	-2119.73	6458.75
2116.61	2155.17	4472.69
2357.55	1375.75	4871.64
2818.98	-1168.93	5553.07
2444.5	1660.73	4633.95
2691.18	1409.51	5060.5
2323.66	2157.82	4177.45
2697.17	-220.753	4691.24
2979.8	505.478	5191.22
2723.71	1759.61	4795.22
3274.35	-3138.81	5447.34
3274.35	-3138.81	5447.34
2727.51	-395.382	4616.92
2738.06	-311.954	4549.57
3241.76	-2734.72	5268.23
2769.13	-932.123	4501.13
2222.85	2161.83	3661.75
2882.07	-2142.61	4412.38
2785.56	-1189.51	4252.55
2916.08	-206.79	4427.18
2760.89	-638.802	4147.57
2743.91	588.419	4057.63
2773.27	-1403.39	3928.31
2661.08	351.622	3718.72
2450.94	1603.3	3438.83
2418.9	2294.84	3392.36
2767.91	-1600.22	3706.68
2680.75	859.108	3637.01
2432.83	2179.32	3330.68
2664.76	865.592	3518.16
2446.72	1524.43	3155.82
2924.57	-1029.4	3579.46
2693.71	674.582	3269.2
2497.74	1627.86	3004.62
5824.58	-4088.25	6680.06
2701.04	535.447	3169.26
3478.1	-687.413	3965.68
2827.1	2023.91	3291.9
5769.63	-3496.09	6366.88
2620.08	704.376	2924.97
2620.08	704.376	2924.97
3559.17	-695.744	3915.68
3290.91	-1204.91	3429.88
4038.36	-858.076	4114.41
3406.68	-1633.48	3430.41
3903.21	-848.817	3878.76
-2219.95	275.171	2376.74
-1882.94	1246.21	2041.24
-1888.01	1021.43	2070.13
-1883.75	-474.568	2119.5
-2266.61	385.613	2548.42
-1911.2	-526.801	2183.61
-2167.15	311.935	2480.54
-2020.73	-1414.3	2412.34
-1918.86	833.826	2304.47
-1985.54	-1274.05	2492.7
-1863.43	-709.428	2370.6
-1929.26	319.232	2511.86
-1915.28	192.412	2532.75
-1906.46	-622.383	2554.78
-2042.16	545.351	2712.31
-1850.91	637.286	2516.43
-1885.28	-223.627	2631.93
-1936.46	-1038.44	2738.72
-1903.15	-510.878	2678.32
-1912.13	-1144.79	2746.26
-1911.53	1630.54	2707.84
-1885.37	-115.813	2761.9
-1894.47	-402.721	2789.09
-1861.61	924.727	2738.43
-1910.1	1729.93	2833.48
-1946.14	626.791	3063.33
-1912.84	-192.424	3064.83
-1948.77	649.099	3276.81
-1925.77	2165.3	3342.69
-1921.38	2239.77	3391.17
-2101.09	-786.484	3916.84
-1993.59	-916.633	3787.89
-1531.87	450.474	2926.57
-1941.09	-172.64	3754.92
-1880.77	1939.35	3535.83
-2120.49	-771.315	4261.85
-1485.96	467.343	3060.1
-2013.67	-765.288	4710.56
-1946.41	-2171.18	4720.05
-1911.01	-2363.15	5153.32
-1418.66	2571.26	3831.48
-1886.06	-633.856	5528.35
-1744.49	-1567.69	5315.56
-1072.46	126.195	3249.24
-855.549	1242.41	2507.55
-780.192	467.039	2880.59
-1608.1	-1561.95	6433.92
-846.242	1705.47	3164.44
-1295.32	-578.368	5426.76
-1572.54	-3141.89	7088.83
-1652.23	-3463.15	7479.38
-869.388	1682.6	3590.19
-1859.23	-4914.56	9061.82
-785.214	2146.95	3658.12
-695.225	1467.85	3526.09
-631.307	1696.26	3636.76
-1487.6	-5113.28	10272.7
-706.619	576.508	4418.02
-580.859	256.994	4188.62
-623.431	1452.49	4512.39
702.676	73.7425	5027.79
702.676	73.7425	5027.79
2019.16	-2729.44	8810.59
2851.86	-5576.08	11155.9
2899.91	-4049.44	9863.16
2783.51	-4770.78	8776.64
3039.35	-2850.99	8883.69
2751.66	-3799.72	7905.19
1958.05	588.539	5832.15
1958.05	588.539	5832.15
1597.56	2239.05	4886.21
1832.11	1179.05	5288.44
1647.63	1535.9	4482.42
2880.89	-3163.41	7027.66
2025.8	1540.19	4905.79
2843.03	-2179.17	6430.57
2941.83	-2276.54	6152.58
2141.14	2180.91	4526.08
2765.5	-914.703	5444.22
2898.51	-1284.13	5580.14
2441.77	1658.73	4628.41
2699.38	1414.14	5077.55
2103.44	2616.25	4000.73
2314.96	2151.12	4156.2
2711.85	-221.189	4718.1
2984.76	506.257	5199.65
2724.9	1760.79	4797.1
3278.46	-3143.95	5455.47
3278.46	-3143.95	5455.47
2722.76	-395.499	4610.19
2771.38	-839.629	4618.07
3231.16	-2726.58	5251.83
2222.22	2161.72	3660.36
2807.83	29.3979	4459.98
2884.9	-2143.57	4415.63
2620.33	681.906	4039.53
2918.66	-206.903	4431.07
2820.34	-410.968	4255.24
2250.67	2345.53	3469.58
2250.67	2345.53	3469.58
2628.77	1333.81	3937.86
2765.3	-1398.76	3916.12
2791.45	-1470.11	3903.74
2677.55	355.616	3744.46
2780.45	-1302.62	3783.57
2780.45	-1302.62	3783.57
2484.81	1626.74	3486.5
2685.33	860.739	3644.68
2652.64	861.205	3500.6
2451.09	1526.28	3159.59
2508.11	1635.07	3017.07
5803.72	-4074.1	6655.3
5803.72	-4074.1	6655.3
2690.24	533.794	3157.55
2808.62	2009.29	3268.7
2757.55	250.525	3138.5
2625.57	705.584	2930.92
2625.57	705.584	2930.92
3669.23	-663.361	3969.36
3669.23	-663.361	3969.36
3374.36	-1175.04	3565.66
3497.98	-880.258	3671.68
3276.44	-1199.05	3413.53
3486.76	-1673.04	3513.4
-1879.23	1243.22	2037.05
-1886.05	1017.98	2068.79
-2227.63	378.544	2505.49
-2072.77	207.619	2354.21
-2168.69	312.187	2482.46
-1902.71	893.545	2198.53
-2009.87	-1406.65	2399.37
-1909.78	-401.424	2271.24
-1909.78	-401.424	2271.24
-1890.45	819.76	2272.41
-2002.67	-1285.03	2513.36
-1888.07	-774.49	2377.6
-1860.79	-708.279	2366.73
-1987.7	-1290.9	2641.53
-1921.48	317.749	2501.84
-1910.92	192.119	2527.29
-1892.92	1500.46	2468.37
-2048.41	547.161	2720.61
-1947.56	-1238.69	2671.65
-1850.27	637.157	2515.28
-1882.96	-223.67	2628.78
-1881.65	-115.328	2756.01
-1849.33	918.054	2721.3
-1912.69	1732.23	2837.02
-1930.59	-816.755	2982.22
-1939.98	624.491	3054.4
-1913.34	-192.27	3065.33
-1956.77	653.062	3289.22
-1925.89	1985.22	3199.59
-1930.45	2170.37	3350.23
-1918.23	-386.882	3469.83
-1930.4	-171.357	3735.48
-1888.29	1947.75	3550.19
-2116.61	-769.692	4254.24
-1457.6	459.018	3005.24
-1982.38	-1020.37	4280.61
-1514.94	110.651	3221.77
-2022.58	-769.852	4732.19
-1945.39	-2170.74	4718.79
-2133.15	-2872.15	5335.67
-1798.66	-2108.47	4843.73
-1530.45	2591.8	3878.86
-1423.49	2579.51	3844.02
-1890.79	-635.413	5540.5
-1068.38	125.26	3236
-852.812	1237.97	2499.84
-1678.42	-2136.92	6114.82
-1678.42	-2136.92	6114.82
-774.479	463.533	2861.2
-816.717	594.204	3044.69
-852.248	1302.73	3415.27
-870.697	1511.83	3528.33
-1634.93	-3426.8	7401.82
-1839.99	-4865.59	8966.15
-1760.43	-4044.3	8558.31
-778.407	1653.46	3650.78
-631.568	1697.07	3638.87
-1463.99	-5029.95	10107.8
-712.084	580.481	4450.69
-574.414	259.324	4154.09
690.888	74.6136	4943.03
690.888	74.6136	4943.03
2077.14	-5353.94	11223
2926.56	-5725.43	11451.7
1199.04	2022.72	4426.07
2805.24	-4818.47	8851.13
2644.09	-2138.01	8151.15
3091.99	-3169.43	9272.29
2836.61	-3920.7	8153.73
1951.59	587.002	5810.97
1951.59	587.002	5810.97
1827.88	1177.35	5278.46
1642.71	1529.88	4466.32
2906.83	-2947.46	6943
2822.92	-2164.47	6382.91
2822.92	-2164.47	6382.91
2946.79	-2280.27	6162.09
2105.58	2143.3	4448.5
2475.27	1355.44	4883.18
2782.67	1380.42	5378
2148.25	2155.03	4150.35
2427.87	1648.26	4600.52
2086.4	2595.07	3965.39
2334.73	2010.2	4328.16
2756.34	-623.177	4823.19
2707.27	-222.649	4709.38
2975.67	506.254	5182.79
3251.89	-3116.44	5408.58
3251.89	-3116.44	5408.58
2720.33	-394.858	4604.88
3238.94	-2731.67	5262.97
2774.9	-933.879	4510.48
2706.23	233.598	4322.18
2895.26	-2152.82	4433.35
2623.67	683.013	4044.63
2279.56	1751.33	3538.45
2785.11	-1466.28	3894.82
2636.77	933.759	3717.23
2693.03	357.765	3766.43
2755.33	-1010.73	3782.69
2692.72	873.964	3712.25
2911.74	-695.295	3942.95
2435	2180.79	3334.02
2749.58	-1679.39	3574.28
2712.79	208.431	3553.58
3037.51	-799.278	3840.89
2393.17	1972.24	3106.38
2394.15	1490.82	3085.45
5862.82	-4116.14	6725.17
2755.55	607.671	3206.09
2711.05	550.392	3084.74
3316.33	-946.812	3721.81
2620.23	703.907	2925.26
2620.23	703.907	2925.26
3704.18	-670.087	4007.81
3704.18	-670.087	4007.81
3663.19	-923.178	3850.42
3354.46	-1229.39	3498.35
3487.23	-1672.67	3513.3
-1880.58	1244.25	2038.82
-1894.06	1017.13	2071.73
-1888.91	1019.98	2071.27
-2228.59	379.615	2508.53
-2064.1	206.969	2344.57
-2182.59	313.756	2497.47
-2012.67	-1408.7	2402.58
-1885.07	893.121	2184.16
-1991.41	-1277.39	2499.28
-1900.95	-778.853	2392.66
-1932.58	319.507	2516.21
-1912.05	192.167	2528.7
-1899.5	1505.42	2476.67
-2051.9	548.005	2725.1
-1950.11	-1240.28	2675.84
-1853.6	638.527	2519.99
-1885.07	-223.582	2631.54
-1933.52	-1037.35	2734.73
-1903.62	-511.547	2679.18
-1890.97	774.016	2645.51
-1913.67	1631.99	2710.97
-1890.77	-402.345	2784.02
-1907.09	-24.77	2819.3
-1980.01	-1066.27	2971.14
-1913.17	35.5042	2994.3
-1927.84	619.934	3035.92
-1914.34	93.1721	3046.96
-1918.15	-192.953	3073.3
-1956.95	652.67	3290.12
-1921.76	2064.78	3222.49
-1573.45	1046.13	2684.4
-1933.63	-597.303	3425.98
-1924.12	2163.45	3339.86
-1922.08	-387.688	3475.67
-1915.04	-879.455	3637.8
-1891.41	1949	3554.51
-1475.93	464.508	3041.51
-1986.54	-1022.71	4291.1
-1964.61	-749.109	4600.13
-1955.71	-2181.67	4742.71
-1832.89	-2118.91	4698.73
-1422.69	2577.55	3841.21
-1422.69	2577.55	3841.21
-873.88	1216.81	2442.19
-1882.58	-632.497	5517.81
-1072.11	125.513	3248.51
-1121.66	998.302	3578.76
-1731.5	-2200.2	6290.02
-777.65	465.739	2872.34
-1598.81	-1552	6400.9
-846.878	1706.76	3166.6
-852.065	1302.32	3414.39
-865.729	1504.07	3510.25
-929.407	2263.71	3700.45
-1651.49	-3460.05	7471.17
-1945.2	-4568.65	8879.72
-1765.02	-4054.31	8581.84
-775.573	1648.26	3639.28
-631.849	1698.53	3640.09
-1534.21	-5253.75	10554.2
-708.477	577.811	4430.8
682.15	74.2628	4869.18
682.15	74.2628	4869.18
2010.31	-2707.78	8764.69
2905.08	-5700.88	11413.3
2872.68	-4009.99	9773.6
2804.49	-4812.04	8845.32
3038.95	-2617.93	9048.92
2759.14	-3809.91	7926.23
1838.91	1182.78	5307.78
1725.15	1923.01	4763.83
1945.19	1202.99	5275.52
1655.66	1543.49	4506.91
2946.65	-1625.26	7648.36
2874.7	-2337.38	6577.99
2850.93	-2185.98	6446.93
1932.39	2156.55	4408.22
2935.32	-2417.83	6026.1
2932.38	-1654.28	5849.23
2773.01	-916.974	5458.72
2780.55	1378.94	5372.91
2150.62	2160.43	4149.38
2448.21	1663.11	4640.53
2711.24	1420.19	5100.61
2334.87	1844.11	4273.99
2688.32	-220.223	4676.01
2983.12	506.168	5196.94
3252.89	-3117.25	5409.56
3252.89	-3117.25	5409.56
2776.26	-841.878	4626.84
2727.42	-310.971	4531.47
3236.48	-2730.96	5260.41
2769.95	-36.361	4575.81
2768.42	-932.568	4500.81
2873.57	-2135.17	4398.33
2342.73	1900.32	3720.69
2620.05	682.358	4039.11
2322.12	2423.18	3590.55
2548.85	1292.32	3814.25
2783.57	-1003.66	3908.27
2671.45	945.554	3766.1
2481.62	1625.14	3479.02
2780.93	-1608.55	3725.7
2780.93	-1608.55	3725.7
2667.53	284.217	3612.08
2656.3	862.66	3505.97
2999.86	-845.477	3871.4
2398.7	1976.18	3111.73
2421.99	1508.52	3123
2602.09	761.757	3204.21
3308.57	-708.857	3999.2
2700.82	676.372	3277.95
2953.11	-1077.79	3463.33
2489.8	1622.83	2994.75
5766.52	-4048.14	6611.91
2699.75	535.426	3167.87
2630.42	706.007	2937
3698.85	-668.512	4001.07
3244.63	-1187.08	3379.49
3445.11	-1652.72	3470.72
3879.5	-843.172	3853.12
