-2283.45	282.505	2443.06
-1947.8	-406.531	2113.84
-1931.98	1278.13	2093.54
-1923.81	1038.61	2108.58
-1949.76	-138.726	2193.75
-2261.35	385.464	2544.72
-1939.4	916.179	2245.9
-1913.81	1370.9	2211.78
-1948.98	-410.088	2318.79
-1960.4	-661.094	2398.34
-1955.3	86.6646	2454.84
-2045.56	-1201.81	2696.66
-1996.08	1660.7	2570.76
-2035.07	-1319.72	2708.86
-2099.45	561.635	2791.35
-1919.09	1570.92	2560.04
-1959.05	305.028	2714.45
-1934.25	-644.075	2723.32
-1876.02	827.833	2636.15
-1876.02	827.833	2636.15
-1984	-950.695	2931
-1955.57	-21.3936	2888.2
-1928.09	-106.847	2997.55
-1954.29	627.559	3078.43
-1958.57	-827.531	3196.21
-1937.27	192.132	3215.82
-1948.22	-601.818	3262.85
-1964.12	653.631	3304.06
-1960.11	741.954	3335.62
-1932.62	-186.999	3317.21
-1515.78	1199.62	2575.62
-1922.54	2012.73	3277.53
-1864.4	1876.45	3243.86
-1949.44	-393.227	3525.16
-1923.93	2241.28	3397.85
-1954.67	-173.138	3781.68
-1468.72	462.713	3030.62
-2540.3	-2797.68	5434.91
-1734.47	-1120.89	4087.21
-1934.76	-2159.17	4696.04
-2100.05	-2827.63	5253.3
-1673.96	-1237.09	4723.99
-1178.69	1087.09	3649.25
-1599.52	-988.969	5219.85
-965.37	1912.77	3041.77
-1635.33	-1190.25	5564.68
-1038.51	2092.35	3488.47
-813.856	591.776	3034.87
-843.896	1701.87	3156.15
-843.896	1701.87	3156.15
-1597.59	-1549.74	6386.28
-1547.24	-3089.55	6973.69
-1605.74	-3367.14	7273.33
-1834.33	-4843.75	8929.57
-774.632	-193.324	3829.09
-774.632	-193.324	3829.09
-703.04	1709.7	3545.25
-676.313	1432.07	3442.42
-676.313	1432.07	3442.42
-1520.25	-4777.25	9587.38
582.769	56.6421	3917.11
582.769	56.6421	3917.11
1908.65	-4892.41	10291.3
1908.65	-4892.41	10291.3
1926.66	-2917.46	8679.65
1916.27	-2584.79	8357.45
1904.75	-2083.27	7898.76
2740.78	-5357.15	10714.5
2628.02	-4514.08	8294.78
1376.47	1908.62	4192.8
1867.89	561.941	5562.94
1867.89	561.941	5562.94
1748.19	1636.56	4854.63
2815.26	-1552.02	7311.28
2574.17	-2622.06	6506.42
2699.05	-2779.14	6657.78
2709.82	-1469.56	6709.37
1943.44	1456.16	4719.99
2027.38	1495.76	4690.13
2013.01	1339.25	4628.92
2071.09	1535.88	4633.11
2746.67	-1577.75	5815.56
2788.96	-2156.78	5833.98
2786.62	-2294.18	5723.6
2024.44	2057.55	4284.57
2578.98	1342.94	4852.92
1997.99	2484.81	3798.53
2551.06	-519.329	4697.03
2372.87	1701.1	4368.9
2694.58	-869.097	4865.78
2191.28	1885.87	3896.86
2544.71	-206.99	4426.33
2734.6	456.998	4766.75
3013.27	-2889.24	5014.91
3013.27	-2889.24	5014.91
2153.08	2360.89	3700.58
2600.62	-969.689	4116.61
2616.02	178.617	4128.04
2478.23	641.712	3819.04
2620.83	196.09	4005.37
2730.61	-193.396	4147.09
2585.64	-598.632	3884.84
2243.71	1859.43	3372.04
2607.37	-1318.87	3692.39
2546.9	-864.711	3599.07
2546.9	-864.711	3599.07
2513.54	332.7	3514.73
2586.86	-1422.21	3565.45
2556.4	715.6	3573.22
2257.98	1855.9	2946.98
2337.08	1450.22	3026.85
2383.37	679.624	2957.39
3111.02	-619.318	3821.22
3136.55	-796.538	3622.55
2566.26	567.744	2987.75
2586.35	1848.51	3006.24
3279.46	-647.383	3738.14
2693.12	-1061.95	3038.5
2469.9	661.633	2759.03
3123.39	-809.969	3429.21
2538.19	562.065	2776.05
3424.32	-617.94	3699.01
3120.46	-1258.21	3158.19
-2282.75	282.037	2440.6
-1936.13	1045.04	2122.11
-1951.53	-138.726	2195.54
-2215.81	320.319	2535.88
-1952.3	922.708	2260.13
-1918.39	1373.99	2215.92
-1930.49	1334.08	2240.47
-1963.02	-412.897	2334.22
-1935.43	-27.8067	2304.75
-1926.3	836.475	2313.22
-1955.57	-659.857	2392.32
-2038.77	-1308.63	2560.45
-1969.88	324.623	2562.51
-2042.32	-1200.35	2692.62
-1996.26	1660.7	2570.79
-2076.15	555.983	2761.26
-1920.04	1572.05	2560.97
-1956.69	305.176	2710.62
-1926.67	-519.009	2712.84
-1879.28	829.527	2640.4
-1918.51	776.078	2750.95
-1962.15	-831.369	3032.92
-1924.55	-106.301	2993.06
-1943.88	-195.126	3114.42
-1954.86	-826.011	3190.77
-1939.22	192.252	3219.1
-1949.77	648.903	3280.31
-1918.81	2099.61	3186.17
-1957.24	741.6	3329.96
-1934.89	-187.569	3321.21
-1521.77	1203.61	2585.46
-1849.06	1860.88	3218.69
-1928.33	2317.27	3412.35
-2124.87	-772.534	4271.22
-2130.66	-831.316	4385.32
-1468.82	462.849	3031.71
-2569.86	-2828.15	5495.78
-1756.6	-1137.51	4139.47
-1900.46	-2121.05	4614.84
-1745.7	-2045.85	4705.62
-1261.36	126.589	3407.89
-1421.19	2574.77	3837.28
-1663.57	-1227.91	4695.87
-1178.08	1087.43	3648.4
-1602.77	-991.989	5230.21
-1659.29	-1206.64	5642.19
-1471.8	-1329.54	5545.78
-779.227	466.558	2877.44
-844.103	1702.38	3156.87
-1545.28	-3086.91	6967.71
-1786.7	-4729.83	8719.1
-761.829	2080.16	3538.68
-704.718	1711.92	3549.8
-675.974	1431.35	3440.81
-696.166	568.785	4353.89
-614.341	1434.01	4445.18
581.844	57.253	3911.9
581.844	57.253	3911.9
1916.81	-2903.21	8638.84
1916.81	-2903.21	8638.84
1900.38	-2079.09	7881.06
2688.7	-5258.41	10512.2
2720.53	-3792	9245.46
2634.22	-4517.15	8308.27
1345.26	1981.9	4312.88
1375.36	1905.2	4185.59
2837.41	-2662.64	8292.02
2583.65	-3042.3	6969.25
1747.43	1635.37	4850.88
2823.59	-1555.8	7333.77
1943.58	1456.23	4720.71
2029.89	1497.41	4696.31
1996.79	1328.7	4589.98
1996.79	1328.7	4589.98
2795.29	-2274.59	5929.65
2584.54	-1257.61	5448.8
2776.04	-2147.09	5808.62
2011.78	1963.39	4296.16
2011.78	1963.39	4296.16
1999.26	2034.45	4232.47
2553.06	-560.843	5048.15
2012.86	2503.54	3826.83
2534.89	-515.988	4666.45
2184.88	2045.65	4098.3
2548.88	-207.729	4434.61
2735.4	457.344	4768.12
3020.42	-2895.15	5024.42
3020.42	-2895.15	5024.42
2143.94	2351.26	3685.5
2626.13	-35.5833	4339.47
2549.6	-1033.91	3932.05
2588.19	-1100.48	3947.41
2588.19	-1100.48	3947.41
2479.64	642.334	3821.19
2794.23	-197.663	4245.93
2675.92	-388.994	4038.89
2230.23	1847.44	3350.2
2603.17	-1316.04	3685.78
2541.95	711.67	3553.97
2600.35	-1382.62	3360.81
2248.59	1846.96	2933.7
3351.26	-191.393	4280.69
2840.03	-747.758	3599.64
2300.14	1422.13	2952.2
2555.02	639.178	3099.21
2561.67	508.987	3007.97
3112.69	-790.724	3594.41
2581.1	570.808	3004.94
2586.11	1848.21	3005.94
2481.7	664.051	2772.84
2481.7	664.051	2772.84
3666.72	-346.865	4047.75
3197.08	-577.895	3454.47
3262.3	-729.001	3497.99
3050.9	-1116.89	3178.92
-1952.18	-407.242	2118.38
-2197.98	198.945	2373.05
-1923.98	1272.89	2085.31
-1943.32	1050.2	2130.49
-1947.8	-138.639	2191.56
-1955.89	-540.229	2237.31
-2208.41	319.415	2527.94
-1949.37	921.785	2256.93
-1919.62	1375.39	2218.28
-1976.67	-980.719	2337.82
-1999.09	-883.677	2371.56
-1959.26	-412.357	2331.52
-1912.83	831.241	2296.7
-1959.4	-661.258	2396.59
-1943.69	85.9806	2440.33
-2044.14	-1200.94	2694.84
-1991.41	1657.45	2565.12
-1961.66	-638.986	2627.65
-2083.68	557.715	2770.6
-1992.87	-1041.05	2705.87
-1919.73	1572.84	2560.54
-1955.47	304.696	2709.04
-1878.77	828.961	2640.26
-1904.88	770.696	2732.02
-1928.34	-517.989	2831.51
-1962.1	-22.6995	2898.07
-1932.24	-106.976	3003.79
-1943.24	-570.672	3112.94
-1940.91	-194.579	3109.95
-1964.86	-830.45	3206.15
-1958.98	746.971	3199.55
-1958.98	746.971	3199.55
-1954.3	-204.798	3253.76
-1941.83	192.689	3223.7
-1932.77	2114.73	3207.86
-1508.47	1194.49	2563.67
-1842.7	1854.75	3208.41
-1904.53	2233.87	3336.42
-2143.2	-836.343	4410.76
-1495.06	470.661	3082.84
-2525.12	-2779.99	5402.46
-2525.12	-2779.99	5402.46
-1735.73	-1121.27	4088.23
-1923.8	-2146.45	4668.22
-1475.44	2053.45	3493.86
-1248.39	125.47	3375.79
-1652.11	-1217.89	4663.68
-3914.09	453.013	11885.4
-1177.23	1086	3647.03
-1616.69	-999.925	5272.93
-981.298	1944.33	3092.76
-1638.6	-1192.7	5575.42
-1037.07	2089.8	3484.08
-816.028	593.779	3042.72
-1627.14	-1579.75	6493.87
-1540.72	-3147.57	6554.42
-859.868	1661.9	3547.27
-1543.74	-3083.5	6953.87
-1786.95	-4727.25	8715.23
-698.864	1700.17	3525.59
-676.76	1432.91	3444.42
-1561.85	-4908.2	9858.2
-707.429	576.779	4417.15
-588.567	1618.28	4488.91
583.27	56.9222	3925.5
583.27	56.9222	3925.5
1909.25	-2890.5	8602.42
1909.25	-2890.5	8602.42
1894.9	-2073.06	7859.33
1894.9	-2073.06	7859.33
2716.13	-5311.41	10622.2
2724.37	-3796.15	9260.68
2624.73	-4495.18	8274.7
1334.53	1962.74	4271.98
1380.59	1914.69	4205.81
1857.56	560.21	5530.36
1857.56	560.21	5530.36
2588.8	-3570.27	7432.97
1731.91	1620.64	4805.38
2813.45	-1552.38	7306.65
1833.84	1486.92	4693.02
2028.9	1497.06	4693.98
2002.1	1331.81	4601.54
2073.39	1537.36	4637.67
2592.4	-1261.01	5468.04
2783.14	-2151.24	5821.94
2779.37	-2285.89	5710.66
1994.24	2029.2	4221.88
2726.63	-1537.75	5438.42
2549.73	-559.26	5040.7
2568.31	1337.15	4831.03
2006.05	2497.14	3812.5
2548.48	-519.461	4692.94
2189.96	2048.41	4105.93
2369.89	1698.58	4363.17
2552.17	-208.082	4440.04
2728.23	455.827	4755.39
3021.4	-2896.54	5027.05
3021.4	-2896.54	5027.05
2146.8	2353.91	3690.76
2629.51	179.752	4148.87
2605.71	-1109.05	3975.09
2479.53	641.809	3820.88
2236.82	2400.15	3491.55
2741.19	-194.147	4163.4
2770.48	-326.479	4184.66
2600.94	-603.624	3909.54
2250.25	1864.44	3382.05
2609.06	-1319.7	3694.99
2537.99	337.262	3550.84
2569.56	-941.083	3526.93
2297.53	1479.52	3200.46
2259.88	2083.76	3117.35
2589.6	-1496.05	3467.38
2286.67	1413.63	2934.47
3040.58	-604.986	3733.45
2447.22	670.621	2944.7
2447.22	670.621	2944.7
2577.45	570.296	3001.24
3128.44	-793.99	3612.15
3120.83	-859.103	3597.48
2588.53	1849.38	3008.58
2762.03	-1090.54	3121.41
2475.37	662.284	2766.06
3344.51	-654.699	3682.28
2539.56	562.504	2777.31
3460.39	-625.344	3739.77
3052.64	-1118.05	3180.27
-2299.78	284.721	2459.77
-1939.74	-405.985	2105.6
-1936.28	1281.25	2098.43
-1944.35	1048.87	2132.39
-1944.62	-138.53	2187.96
-2219.24	320.423	2539.78
-1956.42	924.42	2264.01
-1913.6	1371.47	2211.41
-1961.42	-973.688	2320.54
-1980.61	-876.171	2350.46
-1954.92	-411.334	2326.17
-1941.01	-796.869	2445.07
-1954.08	86.1883	2453.53
-2045.08	-1200.99	2695.73
-2002.13	1665.81	2578.85
-2101.5	562.275	2793.55
-2010.67	-1049.89	2729.36
-1920.87	1573.04	2562.22
-1953.1	304.204	2706.24
-1969.7	-915.038	2771.11
-1872.82	826.184	2631.77
-1872.82	826.184	2631.77
-1928.91	-408.763	2839.51
-1951.76	-23.7594	2884.82
-1954.88	525.501	2959.36
-1926.22	-106.86	2994.37
-1940.21	-194.456	3108.73
-1962.21	-829.373	3201.69
-1932.21	191.044	3208.14
-1947.99	798.09	3260.96
-1964.03	744.364	3341.01
-1513.94	1198.47	2572.77
-1930.51	2088.62	3328.66
-1853.75	1864.7	3226.42
-1927.72	2246.25	3403.8
-1944.98	-172.522	3764.15
-2125.53	-772.906	4272.39
-2110.88	-823.536	4345.62
-1475.81	464.668	3042.51
-2507.94	-2763.11	5367.74
-1745.05	-1127.8	4113.64
-1897.83	-2119.71	4610.61
-1784.25	-1699.19	4742.57
-1645.11	-1212.37	4646.57
-1169.18	1078.81	3623.07
-1614.96	-999.691	5267.52
-962.753	1908.58	3037.29
-1655.79	-1205.15	5629.67
-843.435	1700.65	3154.77
-843.435	1700.65	3154.77
-1550.67	-3167.06	6594.44
-884.334	2162.76	3537.85
-1537.33	-3070.87	6933.91
-1765.85	-4672.92	8614.94
-693.043	1686.8	3497.88
-676.324	1431.99	3442.25
-676.324	1431.99	3442.25
583.109	57.9308	3918.77
583.109	57.9308	3918.77
1931.38	-4965.99	10428.6
1931.38	-4965.99	10428.6
1904.27	-2886.76	8581.81
1904.27	-2886.76	8581.81
1907.74	-2088.15	7914.08
1907.74	-2088.15	7914.08
2683.9	-3737.73	9117.03
1231.61	2020.04	4288.21
2644.06	-4536.58	8342.06
2793.49	-1538.15	7250.39
1690.64	1738.04	4489.81
1690.64	1738.04	4489.81
2676.46	-2347.97	6264.41
2029.04	1496.88	4693.83
1991.44	1325.08	4576.25
1991.44	1325.08	4576.25
2576.07	-1252.98	5431.15
2779.07	-2148	5814.5
2781.75	-2288.83	5713.24
1967.11	1997.66	4159.38
2241.48	1598.47	4503.83
2000.19	2486.33	3802.05
2548.91	-519.716	4692.69
2181.93	1720.04	4009.62
2186.6	1882.19	3887.36
2540.33	-207.092	4419.14
2730.71	456.249	4759.58
2982.19	-2857.8	4959.54
2982.19	-2857.8	4959.54
2149.27	2357.18	3694.39
2561.28	-827.101	4225.72
2622.44	-35.0736	4333.11
2631.7	-981.924	4166.54
2472.8	640.128	3810.31
2234.33	2397.07	3487.41
2590.39	194.628	3956.13
2799.36	-198.325	4253.83
2750.54	-324.733	4152.94
2251.88	1865.45	3384.13
2576.14	-836.067	3698.4
2576.14	-836.067	3698.4
2605.32	-1317.51	3689.06
2557.64	715.811	3576.51
2595.58	-1500.37	3476.51
2249.8	1848.1	2935.61
2278.25	1410.96	2942.98
2555.15	196.255	3197.53
2428.08	756.702	3047.93
3033.26	-602.914	3721.66
3095.45	-786.098	3574.18
2579.34	570.316	3002.97
2585.14	1848.93	3006.89
2480.06	663.936	2770.97
2480.06	663.936	2770.97
3663	-485.69	4051.72
3483.17	-628.658	3763.02
3003.98	-1098.75	3127.7
3073.11	-1239.2	3109.12
3296.55	-910.186	3339.34
-2192.03	198.132	2365.95
-1937.96	1282.45	2099.99
-1941.53	-138.779	2184.87
-2277.54	388.732	2563.71
-1946.6	919.872	2253.14
-1927.63	1381.53	2228.89
-1953.49	-410.699	2324.12
-1923.35	834.505	2310.74
-1962.01	-662.338	2399.67
-1953.24	86.4059	2452.54
-2044.33	-1200.63	2694.64
-2082.84	557.932	2770.39
-2041.25	-1063.6	2768.87
-1921.15	1572.58	2562.54
-1954.67	304.016	2708.38
-1868.44	824.946	2625.32
-1940.6	500.877	2759.98
-1936.07	-517.398	2841.23
-1979.84	-948.937	2924.91
-1959.19	-24.4814	2895.83
-1928.78	1791.83	2815.45
-1939.23	-107.477	3015.05
-1943.68	-195.36	3114.39
-1955.69	-825.922	3191.84
-1925.46	190.546	3196.78
-1963.21	743.485	3339.92
-1515.06	1199.08	2574.89
-1929.71	21.4258	3338.73
-1914.43	2005.63	3262.84
-1860.54	1872.24	3238.48
-1955.98	-394.297	3536.25
-1931.29	2320.85	3416.36
-1621.61	803.277	3114.78
-2149.32	-840.34	4422.16
-1485.33	467.247	3061.38
-1750.23	-1132.87	4123.05
-1907.19	-2130.51	4633.95
-2091.71	-2816.51	5232.15
-1196.53	461.955	2914.7
-1668.83	-1229.05	4708.5
-1716.3	-1544.05	5235.01
-1172.09	1080.81	3631.02
-1599.39	-989.857	5219.4
-1640.04	-1193.17	5580.58
-1037.94	2091.95	3487.76
-780.108	466.745	2879.2
-816.274	593.626	3042.99
-844.068	1701.77	3156.52
-875.872	2140.88	3502.05
-1558.56	-3113.34	7023.03
-1602.07	-3361.34	7262.53
-1833.66	-4845.74	8932.14
-767.661	2093.08	3563.25
-704.034	1710.19	3546.6
-675.599	1430.77	3439.35
-675.599	1430.77	3439.35
-708.995	579.101	4431.38
580.915	57.3121	3905.27
580.915	57.3121	3905.27
1956.07	-5040.2	10568.7
1956.07	-5040.2	10568.7
1941.25	-2944.04	8750.07
1885.89	-2538	8217.34
2777.83	-5435.22	10866.4
1144.42	1950.16	4285.73
2698.27	-3756.86	9167.98
1228.34	2013.91	4277.06
2618.91	-4493.31	8262.91
2677.67	-2922.52	8381.84
1370.61	1899.14	4172.01
1860.69	561.632	5539.22
1860.69	561.632	5539.22
1725.35	1113.08	4971.81
2597.11	-3069.58	7015.59
2616.73	-1969.1	6943.1
2804.32	-1544.62	7280.4
2030.82	1498.33	4698.4
1995.53	1327.74	4586.63
1995.53	1327.74	4586.63
2077.4	1541.19	4647.55
2715.8	-2243.51	5894.55
2718.46	-1561.29	5755.84
2577.05	-1252.64	5433.44
2772	-2143.79	5799.17
2009.95	2043.88	4255.72
2586.32	-852.883	5088.79
2115.7	1914.54	4190.3
2000.04	2488.78	3802.44
2541.99	-516.889	4679.86
2184.59	2044.21	4093.52
2537.7	-206.904	4413.64
2729.6	456.98	4757.34
3004.23	-2879.07	4996.57
3004.23	-2879.07	4996.57
2149.49	2357.38	3694.86
2629.93	-36.0547	4346.69
2480.11	642.555	3821.83
2230.84	2393.74	3482.54
2784.73	-197.928	4231.38
2239.29	1855.2	3365.43
2559.04	-830.984	3674.41
2559.04	-830.984	3674.41
2344.79	1349.84	3405.58
2584.9	-1306.67	3659.77
3047.01	-199.543	4284.38
2547.08	713.293	3560.52
2602.04	-1504.2	3485.23
2265.18	1861.43	2956.57
2940.49	-625.137	3750.29
2940.49	-625.137	3750.29
2330.55	1440.46	2992.86
2388.57	681.239	2964.09
2565.24	509.893	3012.48
3141.1	-797.635	3628.04
2572.79	568.874	2995.34
2606.03	1862.61	3029.42
3272.4	-565.549	3736.57
3260.5	-643.579	3715.48
2730.93	-1076.55	3082.06
2448.55	577.185	2790.94
2560.07	518.602	2914
2470.11	661.514	2759.59
3057.93	-1119.33	3186.18
3532.93	-834.974	3507.91
