-1876.29	1241.67	2033.76
-1893.3	1023.62	2075.75
-1896.78	-133.763	2132.46
-2238.74	381.4	2518
-2170.49	313.834	2484.46
-1903.6	901.107	2204.53
-2267.1	540.579	2663.44
-2021.5	-1414.93	2415.04
-1886.04	-26.3933	2245.07
-1886.04	-26.3933	2245.07
-2069.38	309.607	2476.43
-1889.97	820.67	2270.39
-1881.36	1398.9	2314.29
-1998.66	-1281.24	2507.76
-1866.33	-419.555	2348.16
-1886.35	-718.804	2399.51
-1914.79	-883.162	2491
-1931.4	318.983	2512.88
-1891.91	-327.03	2515.68
-1941.02	-1233.19	2664.02
-1848.93	816.618	2597.1
-1897.77	1716.22	2817.19
-1925.6	517.718	2914.6
-1957	-948.141	3048.25
-1904.14	-295.303	3040.44
-1909.41	-192.355	3059.37
-1912.94	-701.431	3080.78
-1928.01	168.973	3109.29
-1957.24	747.653	3194.88
-1933.45	590.549	3187.08
-1917	-592.738	3211.16
-1506.55	1191.49	2557.52
-1568.59	1045.27	2675.24
-1919.29	2261.09	3469.91
-1862.66	1923.32	3500.78
-1900.56	2426.92	3602.34
-1929.09	-170.725	3731.75
-1473.22	462.444	3031.16
-2524.21	-2773.58	5391.93
-2019.46	-764.376	4716.15
-1919.98	-2143	4660.5
-2050.34	-2764.94	5137.61
-1840.98	-2127.82	4718.32
-1417.51	2568.52	3828.46
-1417.51	2568.52	3828.46
-1660.05	-1223.8	4686.09
-1854.33	-626.066	5441.05
-848.839	1233.01	2488.3
-1068.26	125.267	3234.59
-1139.83	1044.73	3543.77
-774.52	463.37	2859.37
-774.52	463.37	2859.37
-812.185	590.102	3027.23
-829.312	1757.98	3212.91
-1575.91	-1530.47	6302.94
-884.105	2164.9	3540.69
-839.269	1468.96	3431.67
-866.739	1676.08	3576.52
-1552.39	-3100.46	6996.51
-1862.3	-4915.91	9058.5
-1734.52	-3973.99	8420.9
-1419.39	-1018.41	7059.53
-1550.17	-4830.59	8214.37
-628.873	1689.88	3623.37
-707.905	578.039	4426.56
603.178	38.8889	4271.71
603.178	38.8889	4271.71
2067.48	-6716.26	12351.5
2067.48	-6716.26	12351.5
1989.32	-2688.36	8681.23
1989.32	-2688.36	8681.23
2783.09	-5441.43	10887.9
2937.06	-4929.82	10725.6
1187.03	2021.28	4436.16
2826.07	-3943.46	9610.26
1266.4	2070.97	4393.67
1936.32	783.981	5588.63
1936.32	783.981	5588.63
1824.58	1713.87	5064.05
2915.39	-1605.67	7567.33
2830.53	-2918.8	6987.21
2009.63	1510.37	4876.95
2812.61	-2468.15	6584.71
3014.19	-3454.45	6945.11
1970.1	2202.12	4509.58
2803.92	-1610.24	5930.94
2104.63	2049.54	4458.34
2877.12	-1623.25	5740.69
2331.89	1659.89	4681.75
2506.89	1372	4960.14
2466.8	1769.24	4540.47
2896.84	-3016.16	5038.06
2743.66	-621.9	4804.92
2641.19	-212.75	4591.02
2233.99	2451.17	3836.95
2233.99	2451.17	3836.95
2716.49	-821.633	4524.54
2733.05	-35.6844	4514.79
3162.82	-2664.68	5135.92
2624.9	516.436	4255.06
2322.37	2491.29	3622.96
2878.98	-203.831	4369.57
2539.34	1283.03	3801.09
2792.28	368.425	4133.88
2726.73	-1380.22	3863.34
2387.63	1902.94	3406.48
2668.81	2647.09	3774.86
2649.22	849.42	3595.56
2643.53	858.902	3490.57
2819.69	-870.224	3665.11
2946.45	-688.79	3830.34
2429.62	1507.32	3144.65
2735.38	-1312.92	3442.04
3279.58	-653.06	4028.1
2872.98	-1011.34	3515.38
2624.8	655.696	3182.48
2533.38	693.176	3047.24
2476.96	1612.77	2986.13
3221.52	-794.35	3801.24
2673.08	531.209	3138.18
2697.47	595.411	3139
5678.33	-3986.34	6513.78
5678.33	-3986.34	6513.78
2704.22	1934.05	3145.84
3372.67	-785.516	3779.04
3412.31	-858.776	3580.8
3221.42	-1535.85	3343.92
3374.39	-931.176	3413.86
3382.27	-1622.66	3407.72
-1871.34	1238.24	2028.71
-2221.55	378.304	2498.13
-2050.41	205.802	2329.68
-1877.78	888.571	2175.9
-1856.51	1329.71	2146.82
-2004.25	-1403.34	2395.49
-1878.71	-26.1966	2236.34
-1878.71	-26.1966	2236.34
-1990.05	-1276.43	2496.91
-1895.29	-777.008	2385.98
-1883.92	1493.28	2456.1
-1898.88	190.442	2511.24
-2023.11	540.876	2688.42
-1919.74	299.137	2660.06
-1892.61	-629.086	2663.69
-1891.93	-508.952	2662.7
-1891.93	-508.952	2662.7
-1840.46	813.299	2584.67
-1840.46	813.299	2584.67
-1904.31	-1140.64	2735.73
-1905.92	491.466	2710.91
-1956.95	-1054.47	2937.48
-1895.93	1714.85	2814.53
-1924.34	618.773	3030.3
-1906.56	-191.361	3054.01
-1902.13	-698.012	3063.75
-1914.26	190.064	3175.55
-1900.88	-587.514	3183.64
-1904.84	2043.17	3197.39
-1937.36	733.591	3294.07
-1479.9	1171.42	2514.87
-1834.9	1662.66	3157.97
-1922.67	2311.2	3398.09
-1906.58	-286.039	3576.66
-2125.27	-831.554	4371.46
-1471.12	461.55	3028.84
-2522.54	-2780.38	5397.57
-2522.54	-2780.38	5397.57
-1934.14	-995.076	4177.21
-1998.92	-758.743	4673.63
-1743.65	-1126.37	4102.91
-1894.25	-2116.07	4601.32
-1188.64	459.318	2895.48
-2121.32	-2855.96	5305.9
-1849.52	-2137.42	4740.39
-1406.73	2549.47	3800.28
-1689.01	-1247.17	4761.7
-1862.44	-628.572	5463.45
-1054.47	123.52	3195
-987.501	1951.47	3104.16
-1120.64	996.671	3574.14
-860.473	1645.55	3032.82
-767.936	459.298	2837.65
-812.412	590.302	3027.42
-838.514	1691.66	3135.29
-850.497	1298.11	3404.14
-839.063	2061.34	3370.02
-839.063	2061.34	3370.02
-1553.37	-3101.27	7000.73
-1623.11	-3403.88	7353.71
-1895.32	-4457.29	8668.67
-692.048	1683.22	3490.64
-626.958	1684.92	3613.84
-1557.5	-5324.45	10705.4
-574.441	387.852	4965.09
628.171	41.0383	4497.69
628.171	41.0383	4497.69
1981.28	-2673.55	8639.32
2811.53	-5500.84	10997.1
2922.19	-4914.12	10678.4
2993.34	-4175.09	10177
1281.88	2096.09	4450.11
2767.33	-4752.47	8732.43
1404.77	2057.11	4475.24
3000.32	-3074.7	8993.73
1938	580.86	5773.36
1938	580.86	5773.36
2858.19	-3139.83	6975.74
2814.29	-2469.14	6587.68
2080.74	1388.47	4773.54
2080.74	1388.47	4773.54
2874.36	-2100.35	6400.53
3006.78	-3600.32	6477.48
2075.18	2112.31	4390.99
2709.37	-1013.68	5491.78
2906.17	-1643.79	5802.58
2087.55	2596.46	3968.54
2335.42	2011.25	4340.09
2463.71	1767.58	4534.52
2728.11	-693.854	4943.49
2903.02	-3026.02	5053.9
2726.47	-386.841	4785.1
2721.6	1759.99	4795.49
2684.78	-217.414	4670.16
2881.82	478.716	5024.03
2220.7	2438.56	3809.06
3153.61	-2658.16	5122.04
2639.01	519.969	4279.4
3317.74	-3255.31	5281.91
2742.05	187.181	4325.45
2757.45	-1119.74	4254.92
2600.25	674.278	4006.98
2364.01	1960	3551.34
2311.25	1167.52	3454.64
2952.97	-319.833	4355.82
2375.82	1377.29	3454.63
2760.19	-995.656	3876.12
2927.69	-504.01	4081.27
2689.74	2667.65	3802.24
2699.73	756.123	3772.86
2621.99	851.585	3460.04
2728.35	-1450.33	3524.81
2728.35	-1450.33	3524.81
2364.3	1943.14	3084.6
2431.36	1504.65	3119.33
3324.39	-662.579	4084.95
2652.58	663.013	3216.51
2468.46	1607.57	2976.03
2711.27	539.336	3184.35
2721.59	600.673	3167.05
5599.36	-3929.15	6420.28
5599.36	-3929.15	6420.28
3251.19	-895.077	3747.62
2778.49	1988.7	3231.76
3408.32	-673.569	3883.86
3257.13	-930.128	3654.85
3361.45	-782.381	3765.98
2650.13	708.594	2961.23
3324.67	-1592.63	3345.25
-1869.75	1237.29	2027.13
-1883.21	1017.82	2064.92
-1883.77	-134.879	2119.49
-2209.76	377.064	2487.29
-2144.69	309.766	2455.05
-1882.13	890.977	2181.35
-1864.88	1336.63	2156.54
-2012.43	-1408.66	2404.24
-1905.37	-400.353	2265.95
-1891.43	-26.1234	2251.02
-1891.43	-26.1234	2251.02
-1897.64	-777.713	2388.69
-1899.26	-723.28	2414.67
-1928.09	317.691	2508.76
-1905.8	191.29	2520.27
-1890.79	-327.411	2515.04
-2033.18	543.534	2701.99
-1838.11	633.677	2500.61
-1929.88	-1035.98	2730.13
-1836.18	811.39	2578.21
-1906.65	-1142.21	2738.41
-1901.93	1621.27	2694.19
-1837.25	910.709	2703.7
-1895.98	1714.91	2814.28
-1927.59	-815.476	2977.11
-1910.63	-701.602	3077.49
-1886.19	186.213	3131.54
-1912.27	-458.596	3192.04
-1919.74	-84.8028	3198.76
-1922.57	788.071	3217.6
-1945.31	647.829	3271.33
-1913.05	2051.67	3210.5
-1530.38	1207.16	2592.1
-1562.29	1038.64	2667.3
-1918.33	2158.41	3333.59
-1922.04	-170.239	3718.59
-2119.55	-770.71	4257.98
-1472.76	462.458	3032.08
-2523.44	-2770.91	5386.62
-2069.98	-779.214	4825.99
-1928.39	-2152.09	4678.87
-1154.5	447.24	2819.84
-2139.38	-2879.74	5348.38
-1635.93	-1206.13	4620.58
-1754.51	-2342.27	5204.05
-1862.58	-628.212	5464.32
-821.805	435.426	2844.08
-865.321	1657.74	3053.16
-817.024	594.182	3043.56
-1592.26	-1548.26	6357.93
-887.267	2163.27	3538.45
-887.267	2163.27	3538.45
-1569.64	-3133.65	7074.35
-1621.08	-3398.71	7343.53
-772.493	1639.42	3619.99
-1611.73	-5024.76	8545.17
-1611.73	-5024.76	8545.17
-712.284	1727.64	3582.88
-705.658	576.09	4409.82
-600.112	1651.13	4577.53
618.78	39.4098	4419.28
618.78	39.4098	4419.28
2053.11	-5289.54	11093.9
1962.03	-2632.61	8540.46
2801.94	-3913.77	9519.7
1267.21	2071.83	4396.69
2729	-4676.09	8603.18
2960.71	-4789.02	9152.53
1309.76	1911.79	4161.2
2838.15	-2438.08	8437.96
1926.73	582.967	5734.96
1926.73	582.967	5734.96
1689.19	1883.32	4689.35
1689.19	1883.32	4689.35
1916.53	1185.69	5196.77
1916.53	1185.69	5196.77
1908.77	1548.05	4886.48
2847.95	-2935.4	7027.94
2848.56	-3127.86	6950.15
2125.48	1418.77	4876.1
2159.91	1605.41	4830.21
2997.2	-3588.13	6458.28
2997.2	-3588.13	6458.28
2817.07	-1618.4	5972.16
2094.1	2131.1	4430.85
2890.62	-1495.61	5698.35
2791.63	-936.892	5308.95
2434.89	1649.41	4608.85
2098.89	2612.26	3990.7
2274.4	1963.91	4025.07
2686.49	-218.117	4672.14
2697.43	-390.853	4566.14
2219.64	2437.67	3806.87
2741.68	-36.3455	4528.96
3193.76	-2693.13	5188.35
3271.6	-3198.64	5195.59
2727.56	-496.223	4278.76
2714.29	-669.507	4219.89
2327.56	2496.65	3631.15
2605.92	676.083	4016.08
2477.12	1252.51	3703.48
2753.75	-1450.44	3852.04
2687.2	751.995	3757.5
2763.53	-1295.25	3761.88
2763.53	-1295.25	3761.88
2630.03	280.81	3561.98
2647.2	859.755	3495.17
2764.55	-1689.5	3595.89
2364.13	1943.47	3083.31
2481.69	1540.11	3213.41
3450.13	-196.386	4401.09
2411.75	1492.28	3093.32
2686.94	534.14	3155.2
2662.83	716.086	3128.9
2723.09	601.954	3169.76
5606.35	-3934.79	6428.57
5606.35	-3934.79	6428.57
2835.28	2025.87	3297.6
3341.08	-953.801	3751.69
2602.89	697.203	2907.57
3397.01	-881.15	3730.09
3636.25	-658.983	3934.56
3636.25	-658.983	3934.56
3447.17	-1642.85	3578.78
3353.22	-1607.78	3375.83
-2170.77	268.977	2324.22
-1870.91	1237.87	2028.23
-1876.81	1015.79	2058.56
-2161.92	311.636	2473.34
-1879.11	889.959	2176.55
-1954.87	-863.796	2318.07
-2020.72	-1414.21	2413.4
-1890.97	-25.7053	2250.51
-1890.97	-25.7053	2250.51
-1878.99	815.464	2258.95
-1870.35	-712.787	2378.82
-1870.35	-712.787	2378.82
-1916.9	316.806	2495.57
-1883.35	1492.75	2455.85
-1904.72	191.391	2518.68
-1888.32	-327.129	2511.5
-2020.53	540.455	2685.73
-1939.44	-1231.89	2663.19
-1836.75	633.494	2498.74
-1882.31	-506.212	2649.89
-1901.24	1620.71	2693.41
-1848.45	916.66	2720.63
-1900.59	-558.331	3044.44
-1900.59	-558.331	3044.44
-1909.09	-191.322	3058.48
-1907.08	-700.286	3071.49
-1933.09	737.231	3156.73
-1933.09	737.231	3156.73
-1528.41	1206.53	2589.49
-1560.91	1038.68	2663.37
-1918.93	2011.05	3267.34
-1917.14	20.4004	3315.52
-1921.74	2162.35	3339.32
-1985.62	-912.04	3770.29
-1522.19	447.706	2908.18
-1522.19	447.706	2908.18
-2515.44	-2762.47	5370.98
-2041.53	-771.89	4766.69
-1742.6	-1126.55	4098.68
-1944.38	-2168.93	4716.51
-1184.6	458.786	2890.64
-2054.49	-2769.96	5146.06
-1667.57	-1231.56	4705.76
-1752.27	-2341.36	5201.02
-1862.81	-627.57	5464.17
-1116.85	993.441	3562.48
-858.261	1644.26	3028.73
-814.621	592.74	3035.16
-1578.29	-3151	7112.77
-833.269	1696.76	3557.47
-1897.51	-4465.74	8682.27
-801.16	2196.72	3732.27
-694.353	1690.59	3505.7
-1771.69	-4981.98	10236.9
-713.674	581.835	4455.6
-1435.24	-4969.75	9981.97
-594.855	1636.52	4538.71
613.991	38.8018	4396.56
613.991	38.8018	4396.56
2011.24	-2490.25	8588.39
2011.24	-2490.25	8588.39
1183.65	2012.94	4418.68
2889.81	-4036.19	9831.03
1265.6	2069.34	4391.18
2785.01	-4784.79	8789.19
1939.98	586.287	5775.49
1939.98	586.287	5775.49
2770.25	-3831.88	7963.12
1817.1	1169.74	5246.52
1684.48	1878.26	4676.29
1684.48	1878.26	4676.29
1922.68	1189.31	5214.7
1914.07	1552.8	4898.15
2844.22	-2930.9	7017.73
2809.24	-2154.43	6351.95
2968.04	-3796.19	6632.55
2970.75	-3554.15	6391.88
2902.76	-2244.75	6070.3
2084.15	2120.62	4409.58
2211.45	1206.99	4600.06
2864.11	-1617.14	5712.36
2360.44	1694.35	4747.37
2830.24	-950.109	5382.78
2437.97	1651.28	4614.31
2095.93	2605.42	3985.63
2747.48	-622.776	4811.36
2282.9	1971.55	4041.61
2677.06	-217.371	4655.42
2220.61	2439.51	3808.42
3178.87	-2678.83	5162.35
2465.87	606.873	4028.43
3279.81	-3205.15	5206.61
2698.71	229.356	4319.16
2726.61	-672.099	4238.58
2300.18	2258.98	3627.7
2732.66	-1264.58	4089.79
2348.23	1946.55	3525.83
2509.94	1267.69	3751.1
2748.87	-989.945	3858.89
2758.98	-1453.2	3859.46
2637.74	349.212	3687.15
2701.85	756.25	3777.09
2391.22	1540.38	3329.73
2649.52	860.774	3497.95
2954.28	-691.037	3837.71
2373.72	1951.8	3097.34
3457.54	-196.802	4413.55
2445.36	1512.58	3135.06
2791.7	-1341.14	3514.34
3327.49	-714.098	4025.34
2668.23	667.438	3237.67
2627.08	718.976	3163.58
2461.6	1602.48	2968
2693.76	536.275	3164.02
2706.35	597.988	3149.93
3309.39	-840.762	3821.82
5675.93	-3982.99	6509.04
5675.93	-3982.99	6509.04
3459.07	-772.914	3712.97
3133.14	-1488.49	3244.3
3352.7	-985.735	3440.5
3388.77	-1625.5	3414.42
-2191.67	271.12	2344.46
-1870.95	1238.19	2028.71
-1861.27	1005.45	2042.69
-2169.87	313.517	2483.48
-1824.14	862.853	2113.79
-1961.25	-866.721	2325.71
-2018.83	-1413.01	2411.12
-1902.32	-400.431	2263.31
-1882.4	-26.0451	2240.67
-1882.4	-26.0451	2240.67
-1997.5	-1282.03	2507.98
-1905.23	-780.448	2397.78
-1874.65	-714.294	2384.33
-1920.72	317.405	2500.71
-1904.39	190.708	2518.89
-1880.62	-325.932	2502.04
-2021.43	540.556	2687.04
-1929.6	-1035.87	2729.6
-1844.29	815.43	2589.61
-1904.14	1623.29	2697.52
-1839.81	912.493	2707.72
-1897.69	1716.26	2816.56
-1923.87	516.273	2912.27
-1924.05	-814.499	2972.24
-1905.52	-700.122	3069.62
-1933.65	738.071	3157.3
-1905.67	2021.98	3118.96
-1945.41	647.199	3271.56
-1529.87	1207.38	2592.07
-1917.78	-88.0825	3308.14
-1930.71	-596.888	3419.55
-2120.09	-792.319	3948.93
-1911.46	-286.928	3585.38
-1519.66	446.933	2903.08
-1914.43	2443.57	3627.52
-1481.79	464.489	3047.4
-2498.6	-2745.68	5336
-1986.34	-754.876	4646.31
-1929.84	-2152.84	4682.31
-1771.7	-974.238	4301.69
-1171.5	452.667	2852.61
-2089.93	-2816.18	5232.27
-1959.65	-1933.16	4957.74
-1869.44	-629.741	5483
-1013.94	2003.17	3185.84
-858.745	1645.33	3029.75
-779.146	466.546	2873.24
-1469.63	-1327.7	5543.39
-879.839	2150.67	3515.62
-879.839	2150.67	3515.62
-1561.37	-3117.38	7034.97
-1645.12	-3447.11	7444.19
-1829.76	-4841.02	8919.6
-698.11	1699.5	3524.35
-627.245	1686.05	3614.12
-706.777	576.384	4414.22
-1507.75	-5199.5	10447.2
-592.681	1633.27	4526.81
615.306	40.012	4398.24
615.306	40.012	4398.24
2054.85	-5301.77	11106.8
1998.32	-2189.73	8294.71
1184.36	2014.69	4422.33
2838.46	-3960.98	9643.75
1266.58	2071.18	4394.42
2977.99	-4813.66	9204.46
2850.27	-2449.03	8476.38
1930.12	587.191	5742.55
1930.12	587.191	5742.55
1812.8	1166.94	5236.32
1693.3	1886.52	4699.27
1693.3	1886.52	4699.27
2954.55	-1631.04	7672.63
1817.32	1805.06	4726.16
1904.75	1543.71	4874.52
2818.75	-3094.09	6873.81
2617.27	-2234.57	6216.31
2155.04	1324.39	4715.01
2956.32	-3664.61	6232.09
2072.7	2107.63	4382.77
2884.51	-1806.26	5921.64
2354.31	1690.14	4735.22
2880.61	-1488.88	5677.13
2083.93	2590.79	3961.35
2270.72	1961.25	4017.6
2674.59	-217.318	4651.04
2715.78	-249.055	4661.63
2705.16	-392.564	4579.27
3188.13	-3079.43	5327.77
2230.47	2449.65	3826.9
2742.31	-830.634	4569.68
3196.32	-2695.18	5192.33
3249.49	-3174.42	5156.48
2294.39	2254.04	3617.56
2774.39	-1185.73	4237.32
2609.76	676.759	4022.1
2720.03	-776	4124.9
2903.08	-204.955	4411.12
2344.76	1943.33	3521.54
2478.49	1251.06	3701.9
2738.77	-1386.54	3880.25
3248.04	-212.968	4572.61
2672.2	747.888	3735.74
2646.93	282.248	3583.87
2739.68	-1585.35	3670.4
2661.34	864.907	3513.99
2848.8	-879.9	3704.44
2361.41	1941.39	3080.02
2430.25	1504.16	3117.52
2928.46	-770.679	3705.04
2473.42	1609.87	2981.91
2706.67	538.348	3178.85
2724.41	602.417	3171.44
3322.89	-843.837	3837.01
5646.45	-3962.74	6474.74
5646.45	-3962.74	6474.74
2798.28	2003.29	3254.21
3433.6	-678.288	3913.01
2601.08	696.839	2905.17
2601.08	696.839	2905.17
3277.2	-1101.19	3537.56
3271.4	-1618.96	3394.1
3966.74	-844.472	4045.13
3392.71	-1627.68	3418.44
