-2286.64	282.088	2445.02
-1931.16	1043.58	2117.98
-1934.19	1238.72	2117.51
-1902	-480.045	2141.27
-2231.71	322.539	2554.58
-1936.13	918.212	2243.37
-1905.46	1365.35	2203.71
-2007.7	-887.954	2382.3
-2073.51	-1451.75	2474.88
-1954.4	-659.868	2390.77
-2053.59	-1317.24	2577.94
-1926.64	-734.604	2452.3
-1932.97	999.359	2470.36
-1932.97	999.359	2470.36
-1941.74	1539.18	2531.63
-1949.52	-450.809	2615.61
-2079.4	556.843	2763.91
-2004.91	-1273.59	2750.98
-1974.04	307.915	2734.98
-1974.04	307.915	2734.98
-1925.54	-228.692	2688.25
-1984.12	-1065.26	2806.82
-1943.27	501.867	2763.91
-1952.5	1666.25	2766.14
-1952.68	-20.2005	2989.77
-1952.81	-307.439	3008.52
-1964.87	-304.841	3137.89
-1964.87	-304.841	3137.89
-1997.54	762.42	3261.45
-1988.59	754.079	3381.98
-1955.09	2101.66	3278.45
-1605.75	1067.88	2740.38
-1976.59	-610.243	3502.75
-2173.74	-812.122	4048.32
-2037.72	-938.516	3879.92
-1956.77	2498.02	3708.6
-1532.54	478.399	3060.69
-1483.34	466.88	3058.63
-1918.5	-1436	4468.24
-2028.19	-772.256	4745.57
-1749.75	-1131.7	4125.97
-2014.63	-2246.64	4883.02
-1799.19	-986.569	4375.7
-2194.73	-2952.14	5482.22
-1242.75	479.378	3023.69
-855.598	1312.62	2609.22
-855.598	1312.62	2609.22
-1189.52	1088.15	3675.5
-1139.51	1013.82	3634.98
-1708.45	-2667.47	6491.38
-797.354	477.302	2943.14
-901.735	2209.45	3612.09
-953.592	2617.1	3891.49
-1574.46	-3146.85	7100.1
-1638.56	-3437.05	7427.27
-1906.73	-4489.34	8728.36
-713.314	1733.55	3595.07
-1617.31	-5135.77	10322
-641.82	1725.03	3697.28
-566.626	256.1	4104.71
-642.962	943.554	4665.72
-604.636	1664.06	4615.35
601.535	67.3124	4112.39
601.535	67.3124	4112.39
2034.5	-5235.64	10992
2034.5	-5235.64	10992
2880.42	-5629.73	11260.2
2920.26	-4910.96	10668
1216.3	2046.1	4474.62
1216.3	2046.1	4474.62
2785.84	-4782.35	8790.47
2786.35	-3046.4	8728.05
2974.73	-2789.76	8691.29
1953.6	587.15	5819.47
2757.41	-3810.06	7923.09
1814.68	1170.54	5235.73
1930.43	1377.49	5084.2
1765.41	1809.83	4641.52
1765.41	1809.83	4641.52
2803.81	-1519.58	6939.65
2819.44	-2473.71	6599.88
2025.66	1546.77	4901.11
3027.95	-3620.83	6505.11
2711.22	-1321	5718.89
2936.08	-2270.45	6143.14
2171.94	2118.12	4408.67
2770.07	1373.97	5351.21
2737.28	-563.746	5042.46
2348.45	1856.45	4296.27
2979.95	-3113.74	5195.16
2794.18	882.51	4960.96
2668.27	-216.89	4638.81
2301.95	1990.5	4073.91
2720.08	1758.28	4788.08
2251.09	2472.45	3861.17
2251.09	2472.45	3861.17
2763.41	-37.1708	4565.13
2737.71	-920.705	4449.35
2630.15	518.736	4264.84
2739.59	-580.832	4364.52
2678.4	226.668	4287.85
2764.64	-2053.47	4231.03
2871.94	-373.502	4436.52
2619.79	679.706	4037.28
2927.56	-206.695	4447.83
2737.62	-1188.55	4100.19
2493.71	1264.11	3729.2
2764.59	-1399.46	3917.15
2386.64	1909.59	3397.08
2386.64	1909.59	3397.08
2716.87	-994.134	3728.22
2406.51	1557.35	3330.12
2746.19	-1587.17	3677.55
2680.68	861.111	3640.17
2419.06	2167.08	3312.75
2718.66	786.728	3572.24
2388.25	1965.1	3118.62
2676.37	669.162	3245.86
2487.41	1621.33	2989.32
2726.19	541.684	3200.85
2637.55	709.409	3096.12
2753.28	606.577	3202.29
2771.72	1986.22	3227.79
3475.43	-601.102	3964.55
2903	-1144.03	3274.7
3788.67	-503.302	4194.52
3216.74	-1118.76	3398.24
3399.16	-1631.39	3425.62
3502.06	-1065.57	3465.07
-1935.99	1280.15	2098.49
-1938.84	1046.46	2126.27
-1935.51	1239.42	2118.97
-2291.4	390.741	2578.56
-2219.28	320.917	2540.14
-1929.28	914.266	2235.45
-2019.38	-1002.01	2388.45
-2007.26	-887.982	2381.88
-2077.66	-1454.8	2479.73
-1962.72	-413.868	2335.33
-1936.65	-26.5886	2305.22
-1950.64	-658.446	2386.74
-2057.27	-1319.74	2582.59
-1939.33	1537.2	2528.74
-1989.86	-1042.17	2703.99
-1972.81	306.712	2733.55
-1972.81	306.712	2733.55
-1981.22	-1063.48	2802.85
-1899.71	839.665	2667.83
-1949.82	503.351	2773.53
-1949.82	503.351	2773.53
-1955.09	1668.12	2769.77
-1906.5	946.374	2805.3
-1956.67	-20.0272	2995.27
-1962.67	-429.867	3019.65
-1981.06	-838.844	3060.91
-1929.85	-106.829	3001.5
-1984.72	757.425	3241.22
-1961.83	194.713	3256.14
-1983.41	660.047	3335.94
-1958.7	2105.08	3284.16
-1600.16	1064.7	2731.25
-1978.06	-610.963	3505.43
-1965.52	2209.67	3412.75
-2141.9	-800.536	3992.01
-1954.31	-291.793	3664.58
-2024.26	-932.042	3853.32
-1492.54	468.758	3074.47
-2029.7	-1043.89	4381.15
-1973.65	-1476.81	4590.26
-2055.32	-781.956	4807.33
-1972.22	-2201.73	4788.11
-2144.6	-2886.55	5360.43
-1899.05	-2361.55	5153.36
-1695.43	-1249.87	4785.22
-1109.47	129.335	3356.1
-856.167	1313.06	2610.9
-1189.27	1089.18	3674.61
-793.472	474.804	2929.1
-833.18	606.07	3104.99
-869.572	1327.71	3481.03
-903.343	2205.76	3606.59
-903.343	2205.76	3606.59
-883.936	1709.88	3649.29
-1551.2	-3098.65	6995.63
-1650.92	-3460.17	7474.31
-808.396	2218.62	3769.62
-1583.89	-4938.28	8381.66
-718.755	1744.29	3617.74
-1631.48	-5169.06	10385.1
-640.961	1723.33	3693.23
-646.393	948.458	4684.49
-633.388	1478.64	4579.95
597.948	68.6719	4083.8
597.948	68.6719	4083.8
2896.76	-5669.67	11332.8
1216.13	2046.39	4474.56
2807.36	-3066.66	8790.57
2783.97	-4457.08	8574.93
1424.36	2096.36	4539.9
1936.18	584.892	5764.81
2752.09	-2072.48	7301.44
2958.05	-1631.92	7683.01
2732.19	-2785.69	6909.34
2809.18	-2839.06	7025.8
2869.3	-2650.13	6861.62
2832.1	-2484.7	6629.89
2025.43	1546.32	4899.76
2946.88	-3771.15	6588.96
2724.48	-1327.32	5746.63
2107.91	2144.36	4445.74
2707.89	-1011.59	5485.52
2861.22	-1268.49	5509.48
2808.61	1392.99	5426.12
2344.1	1853.89	4289.02
2948.24	-3078.11	5136.38
2793.27	881.387	4958.95
2673.8	-217.384	4648.53
2307.49	1994.52	4084.09
2728.34	-719.573	4658.05
2485.27	1757.19	4323.13
2243.57	2463.54	3847.84
2243.57	2463.54	3847.84
2753.69	-122.313	4573.56
2508.13	617.593	4095.51
2647.21	522.566	4292.49
2684.64	226.519	4299.59
2743.97	-2036.04	4197.67
2861.4	-371.995	4420.93
2741.11	-1167.01	4181.51
2740.21	-1190.11	4104.29
2504.01	1270.27	3747.49
2734.75	-1382.22	3872.13
3186.51	-208.345	4479.13
2700.21	755.602	3774.72
2732.55	-1375.05	3692.75
2409.67	1559.61	3334.52
2430.35	2178.11	3329.54
2429.79	1858.38	3279.61
2677.3	869.765	3534.85
2375.97	1955.1	3102.92
2954.45	-777.343	3740.55
2464.96	1537.48	3177.1
2492.58	1624.65	2996.36
2677.19	531.205	3142.26
5607.44	-3935.84	6430.45
5607.44	-3935.84	6430.45
2731.98	601.128	3176.85
2761.21	1978.63	3214.76
3430.14	-677.339	3911.25
2921.46	-1151.37	3296.93
4059.07	-540.223	4500.48
3285.64	-1195.02	3620.34
2615.35	702.889	2919.46
2615.35	702.889	2919.46
3757.64	-864.596	3894.66
3297.92	-1329.39	3337.56
-2279.06	282.296	2437.9
-1945.54	1287.32	2108.98
-1944.3	1051.1	2132.7
-2296.48	392.127	2583.95
-1958.88	927.981	2268.54
-1932.61	1384.22	2234.14
-2009.64	-888.928	2384.42
-2073.85	-1452.32	2475.66
-1946.94	-27.0069	2317.82
-1972.01	87.5118	2475.72
-1951.61	-742.193	2481.73
-1946.41	-337.241	2589.26
-2089.43	558.984	2776.56
-2003.32	-1274.41	2749.04
-1987.12	-1066.79	2811.36
-1901.86	840.351	2671.34
-1901.86	840.351	2671.34
-1971.75	421.789	2857.07
-1953.54	1741.61	2807.08
-2006.85	-1080.97	3014.03
-1955.92	1771.69	2900.99
-1971.72	529.798	2984.82
-1959.22	-429.242	3013.76
-1947.81	-108.72	3028.36
-1955.81	1884.21	3028.43
-1984.28	-838.324	3237.2
-1994.7	761.029	3256.92
-1965.3	194.937	3261.65
-1963.46	-85.9325	3273.32
-1978.25	658.374	3328.04
-1961.54	2181.79	3327.45
-1972.69	-609.717	3494.83
-2150.16	-803.555	4007.72
-1912.14	-880.49	3643.22
-1966.51	-174.581	3804.91
-1925.51	-1441.01	4487.79
-2170.45	-2921.06	5424.81
-1694.36	-1251.63	4782.49
-1441.99	2612.27	3893.9
-1088.43	128.13	3301.66
-1140.25	1014.32	3636.5
-870.009	1328.08	3482.75
-882.638	2164.14	3539.07
-885.096	1711.6	3652.4
-1554.91	-3107.04	7018.32
-1656.05	-3469.61	7492.61
-1656.32	-3811	8061.69
-793.878	1684.74	3719.6
-1542.66	-4812.8	8170.68
-1542.66	-4812.8	8170.68
-713.749	1735.01	3598.41
-720.286	588.435	4502.01
-616.603	1604.15	4721.66
-600.92	1655.33	4588.97
586.092	66.0451	3966.6
1973.59	-2658.76	8602.63
2839.63	-6325.47	11787
1989.9	-2180.68	8256.64
1219.5	2053.01	4488.31
2762.73	-4737.57	8715
2720.3	-3759.6	7816.32
1473.64	598	4252.21
1924.61	1189.34	5220.24
2930.88	-1616.81	7609.04
2715.53	-2769.32	6865.1
1920.79	1561.69	4902.45
2672.05	-2282.31	6355.38
2032.48	1554.44	4918.85
2818.35	-2473.72	6599.17
2129.33	1591.38	4909.04
2067.93	1685.17	4591.21
2123.68	2161.84	4485.22
2822.69	-1394.95	5795.59
2235.64	1223.01	4653.94
2852.65	-1605.82	5685.92
2728.58	-903.793	5372.34
2095.94	2607.29	3984.42
2302.64	1982.71	4265.98
2762.29	871.928	4901.89
2671.2	-216.603	4645.09
2991.03	501.85	5210.81
2720.36	-247.881	4669.54
3181.16	-3047.66	5291.15
3181.16	-3047.66	5291.15
2245.53	2464.08	3856.28
2719.77	-915.057	4420.63
2742.68	187.015	4326.44
2722.33	-544.257	4222.76
2737.78	-2030.97	4187.77
2303.81	2267.66	3623.21
2605.91	675.186	4016.33
2885.66	-204.248	4378.82
2773.48	-404.222	4181.98
2358.02	1962.3	3532.86
2733.39	-1383.05	3870.74
2716.12	-1493.42	3743.39
2720.94	-995.188	3733.79
2749.6	-1287.25	3742.38
2465.39	1594.99	3418.86
2697.89	948.077	3682.06
2630.65	280.689	3561.91
2384.84	2131.11	3261.87
2647.67	859.139	3494.75
2582.41	706.378	3104.1
2673.55	530.091	3137.42
2712.76	596.169	3153.2
2883.49	-1137.29	3255.87
2612.23	700.786	2917.43
3637.39	-658.42	3939.81
3637.39	-658.42	3939.81
3343.58	-980.04	3527.46
3210.89	-1532.78	3337.68
3435.78	-1044.87	3396.08
-2303.16	285.269	2464.27
-1940.43	1283.74	2103.13
-1959.52	1058.2	2148.21
-2279.92	389.199	2566.49
-1950.95	923.977	2259.72
-1913.42	1370.11	2212.97
-1989.39	-880.698	2361.93
-2067.55	-1447.7	2468.41
-1969.36	-414.932	2342.87
-1948.19	-27.5792	2319.71
-1926.87	836.316	2315.7
-1965.32	86.8337	2467.93
-1947.27	-740.576	2476.15
-2046.55	-1203.05	2698.46
-1956.71	-338.606	2602.25
-2089.83	558.983	2777.38
-1988.87	-1067.43	2813.51
-1925.16	779.819	2762.39
-1975.63	422.737	2862.33
-1956.63	1744.04	2810.98
-1956.63	1744.04	2810.98
-1887.04	934.02	2778.84
-1993.46	-964.843	3108.69
-1950.87	-108.931	3032.56
-1988.51	-840.027	3244.68
-1982.91	755.749	3238.81
-1973.93	196.25	3274.94
-1978.51	658.552	3328.33
-1966.31	-191.894	3375.76
-1610.95	1071.42	2749.79
-1968.45	2064.12	3350.91
-1895.06	1717.46	3260.89
-1968.19	2136.12	3384.93
-1906.12	-878.547	3633.12
-1937.62	2000.22	3640.48
-2169.65	-928.591	4352.36
-2166.34	-847.124	4457.95
-1513.73	476.435	3117.34
-1562.85	114.007	3323.85
-1941.22	-1452.42	4522.63
-2047.72	-777.327	4787.9
-1944.5	-2170.64	4721.26
-2140.28	-2882.05	5350.96
-1684.88	-1243.51	4757.4
-1097.81	128.892	3325.97
-1147.77	1019.78	3660.69
-1002.23	1984.11	3156.5
-834.256	606.75	3109.68
-870.333	1328.47	3483.88
-1320.29	-589.921	5533.7
-939.217	2287.45	3740.64
-885.905	1712.35	3654.4
-1574.43	-3146.66	7104.1
-1651.08	-3797.02	8035.04
-823.171	2240.47	3804.74
-789.605	1676.95	3702.65
-1568.81	-4894.35	8311.4
-1568.81	-4894.35	8311.4
-723.543	1755.28	3640.3
-721.888	589.711	4515.48
-604.265	1662.83	4609.44
-613.315	1596.47	4699.49
588.122	66.1872	3979.45
1213.87	2041.53	4464.63
1289.03	2087.68	4417.41
2786.77	-4784.09	8795.27
2946.63	-4773.35	9119.1
2948.01	-2773.96	8619.62
2752.75	-3801.41	7907.68
1078.91	1202.19	2974.67
1078.91	1202.19	2974.67
2904.42	-1824.15	7759.3
1921.11	1186.85	5210.41
2947.66	-1627.07	7653.54
1923.48	1564.07	4909.69
2817.64	-2902.75	6952.26
2028.23	1550.46	4908.32
2800.35	-2456.96	6555.6
2818.41	-1618.35	5962.97
2710.64	-1320.09	5717.62
2915.04	-2254.98	6099.94
2110	2146	4454.4
2231.58	1219.64	4643.91
2348.69	1689.77	4725.06
2856.49	-958.505	5430.06
2112.12	2626.98	4017.2
2319.72	1997.8	4298.17
2314.38	1826.57	4229.89
2917.3	-3045.5	5079.52
2762.35	870.963	4901.62
2676.76	-217.637	4655.53
2989.97	501.485	5208.84
3205.23	-3070.34	5330.16
2246.81	2466.08	3857.33
2681.03	-123.81	4463.8
2720.11	-915.637	4421.61
2714.87	-2010.86	4149.86
2302.28	2264.8	3618.17
2608.83	675.98	4021.08
2789.59	-406.712	4206.12
2710.65	-920.883	3831.24
2710.65	-920.883	3831.24
2404.01	1922.68	3421.09
2654.79	352.357	3713.06
2748.58	-1513.82	3791.48
2675.51	748.266	3740.46
2442.03	1580.09	3384.93
2714.65	-1568.3	3634.84
2660.12	205.544	3486.02
2660.12	205.544	3486.02
2656.34	768.954	3489.99
2369.18	1948.98	3091.87
2991.82	-788.317	3791.95
2897.08	-1056.5	3393.47
2704.65	537.066	3175.36
2718.85	597.075	3159.8
2618.67	701.75	2924.85
2618.67	701.75	2924.85
3854.56	-368.036	4248.46
3490.45	-878.92	3667.39
3705.04	-674.013	3830.83
-1944.79	1286.17	2107.8
-1943.59	1050.53	2131.73
-2276.53	388.55	2562.21
-2220.18	320.588	2541.23
-1958.39	927.01	2268.96
-1927.53	1379.93	2228.24
-2029.03	-1005.81	2399.14
-2011.15	-889.512	2386.54
-2074.58	-1452.64	2476.31
-1965.6	-414.001	2338.43
-1946.99	-27.1065	2317.82
-1922.4	835.244	2310.12
-1972.63	87.7345	2476.41
-1972.63	87.7345	2476.41
-1962.21	-746.304	2494.85
-2081.74	556.739	2766.37
-2003.68	-1274.57	2748.82
-1988.69	-1067.57	2813.39
-1956.72	1744.11	2811.26
-1956.72	1744.11	2811.26
-1904.73	944.972	2802.98
-1974.83	530.522	2989.32
-1983.47	-839.795	3064.21
-1955.28	-307.659	3012.67
-1954.06	-109.175	3037.34
-1987.5	-840.133	3242.43
-1989.2	759.831	3247.6
-1960.58	194.14	3254.2
-1962	-86.7482	3270.64
-1998.63	665.962	3360.12
-1964.92	19.2979	3398.41
-1894.89	1717.84	3260.14
-1977.93	-611.014	3503.26
-1962.42	2206.76	3407.66
-1958.15	2354.1	3452.04
-1927.66	-887.7	3672.77
-1929.53	1994.55	3628.28
-2162.66	-845.214	4450.57
-1518.69	477.974	3125.51
-1909.63	-1428.95	4452.12
-2029.38	-770.488	4744.73
-1983.86	-2212.55	4812.11
-2145.36	-2885.45	5359.3
-1846.7	-2136.31	4740.48
-1866.61	-1780.29	4953.2
-1094.41	128.816	3317.07
-1145.36	1018.72	3652.84
-832.709	605.788	3104.5
-869.525	1327.31	3480.78
-860.055	2115.05	3458.87
-890.305	1720.74	3670.76
-854.374	1738.74	3646.41
-1660.02	-3817.92	8077.88
-833.361	2266.33	3844.42
-1573.2	-4907.31	8324.47
-717.292	1743.79	3617.05
-1655.09	-5244.89	10534.5
-607.906	1668.86	4630.66
586.794	65.5342	3972.07
2046.82	-5276.62	11060.9
2046.82	-5276.62	11060.9
1217.9	2049.75	4481.76
1301.45	2107.33	4460.93
2758.8	-4744.77	8713.26
2845.91	-4565.39	8771.6
1948.38	586.114	5802.65
1948.38	586.114	5802.65
2703.89	-1985.82	7862.83
2703.89	-1985.82	7862.83
2709.56	-3735.83	7778.08
1919.48	1188.34	5204.78
2950.66	-1627.37	7663.61
1788.84	1794.18	4644.36
1923.23	1563.89	4909.44
2819.06	-2904.43	6956.04
2654.54	-2265.72	6312.33
2826.69	-2480.25	6617.69
1947.01	2169.54	4433.4
2066.18	1683.42	4587.55
2705.6	-1320.76	5706.29
2279.11	1363.96	4837.23
2243.5	1226.3	4669.56
2849.62	-1262.8	5486.01
2410.33	1637.92	4568.8
2112.97	2629.29	4018.49
2309.11	1987.85	4277.65
2770.8	875.344	4917.86
2658.89	-216.416	4622.9
2993.47	501.959	5215.39
2726.62	-719.813	4654.88
3199.71	-3064.88	5320.21
3199.71	-3064.88	5320.21
2240.77	2458.94	3846.35
2713.02	-125.824	4521.02
2724.21	-917.039	4428.87
2742.64	187.383	4326.89
2704.97	-2001.51	4133.11
2306.8	2270.21	3626.16
2611.49	676.974	4025.45
2881.86	-203.995	4371.73
2735.35	-890.227	3929.66
2374.83	1899.55	3377.75
2630.48	348.933	3678.85
2749.04	-1514.21	3791.84
2708.64	-989.81	3715.38
2423.63	1569.8	3344.5
2727.11	-1577.07	3653.36
2658.7	854.831	3612.38
2374.55	1953.6	3099.34
3100.63	-661.13	3950.55
3100.63	-661.13	3950.55
2575.43	798.932	3230.29
2684.67	532.823	3151.19
2692.5	591.819	3129.89
3285.45	-936.26	3687.79
2611.2	700.705	2915.97
2611.2	700.705	2915.97
3598.93	-650.916	3896.98
3598.93	-650.916	3896.98
3292.11	-1145.95	3478.84
