-1951.07	1248.74	2136.08
-1929.27	-136.573	2170.12
-2261.23	385.94	2546.16
-2226.03	321.62	2547.84
-1957.13	925.484	2266.15
-2040.91	-1266.89	2401.9
-1931.8	1383.25	2233.03
-2054.21	-1437.91	2451.93
-1953.94	-412.422	2324.59
-1934.33	839.969	2324.79
-1942.26	-656.161	2377.24
-2039.72	-1308.87	2561.04
-1942.85	1003.95	2481.99
-2034.19	-1194.64	2681.16
-2096.66	560.78	2786.78
-1944.35	1552.81	2632.26
-1964.31	306.098	2721.75
-1951.59	-1167.33	2802.87
-1967.21	420.701	2851
-1976.8	530.685	2991.96
-1974.54	-835.762	3049.88
-1947.2	-306.226	2999.71
-1977.72	2015.4	3012.35
-1920.63	-107.428	2987.5
-1939.29	36.2613	3035.73
-1981.13	-840.805	3231.04
-1953.96	2038.01	3135.72
-1977.46	754.632	3228.67
-1977.46	754.632	3228.67
-1961.15	196.062	3250.34
-1549.12	1230.74	2633
-1961.7	-91.5143	3382.94
-1964.83	18.657	3396.43
-1966.51	-607.502	3483.73
-1884.73	1896.7	3279.61
-1964.48	2290.56	3468.22
-1546.31	439.154	3038.01
-2156.46	-842.895	4438.75
-2570.25	-2835.02	5496.43
-1771.63	-1145.04	4171.51
-1767.05	-970.587	4294.47
-1767.05	-970.587	4294.47
-1508.19	2097.25	3568.4
-1225.04	473.746	2986.44
-2101.72	-2830.33	5259.09
-1719.22	-1539.48	5233.26
-999.887	1977.26	3145.25
-787.741	470.963	2905.68
-1546.79	-1498.3	6201.31
-859.334	1491.49	3482.94
-1544.2	-3087.7	6969.3
-1627.34	-3409.32	7364.02
-852.292	1733.16	3635.71
-852.292	1733.16	3635.71
-1743.07	-3993.02	8461.1
-777.46	1650.51	3644.86
-845.015	-205.174	4109.03
-639.113	1716.75	3682.75
-1574.42	-4994.74	10044
-715.079	584.136	4473.01
-586.692	248.91	4212.08
-628.807	1466.99	4549.74
-606.412	1669.94	4622.23
-185.118	872.234	4294.14
-185.118	872.234	4294.14
209.235	1050.71	4185.53
567.342	1625.39	4677.21
480.607	388.364	3526.78
476.708	474.246	3486.78
642.022	1564.7	4656.63
2031.24	-5228.7	10976.7
2031.24	-5228.7	10976.7
748.885	905.472	4231.86
1193.31	2014.48	4413.01
2812.26	-3927.48	9560.92
2879.37	-4638.24	8899.28
1393.23	2060.91	4468.17
1926.19	581.268	5734.28
1926.19	581.268	5734.28
2717.88	-1997.83	7910.43
2717.88	-1997.83	7910.43
1959.67	1838.02	5384.56
2917.4	-1610.14	7577.11
1905.1	1355.11	5017.13
2694.35	-2748.55	6811.58
1898.82	1543.18	4850.84
1928.79	1984.98	4778.86
2802.74	-2460.72	6562.06
2969.89	-3552.13	6382.43
2873.31	-2337.28	6092.05
2170.16	2122.33	4617.07
2114.64	2151.94	4468.97
2827.98	-1399.59	5817.76
2786.36	-1155.57	5502.7
2685.86	-887.242	5284.73
2721.95	1349.06	5259.02
2388.21	1619.17	4523.16
2678.06	1400.15	5037.65
2423.79	1741.49	4463.29
2833.18	485.855	4938.13
2219.96	2435.74	3813.11
3163.93	-3041.36	5270.07
2727.41	-37.3788	4507.08
2674.7	226.798	4283.23
2709.03	-1015.07	4292.68
2278.73	2241.2	3590.53
2701.14	-1098.11	4168.5
2281.14	2239.12	3580.34
2736.01	94.6286	4228.18
2511.89	1274.65	3757.31
2681.54	-1266.01	3924.29
2856.79	117.439	4197.71
2330.17	1860.84	3318.1
2597.22	343.322	3631.63
2658.59	743.879	3716.57
2678.01	-1348.56	3619.52
2594.68	276.221	3512.99
2704.22	-1564	3621.94
2568.78	819.637	3480.62
2862.2	-784.937	3843.08
2382.15	1818.66	3216.63
3298.26	-708.979	3993.33
2651.35	526.778	3112.62
3334.75	-848.559	3855.44
5596.15	-3928.45	6418.91
5596.15	-3928.45	6418.91
2697.32	1929.75	3140.21
3433.99	-594.246	3919.4
3362.85	-664.157	3829.98
2568.69	689.038	2869.4
2664.75	594.079	2915.8
3223.35	-1122.37	3405.37
3282.16	-1323.73	3320.98
-2285.28	282.893	2444.04
-1948.79	1289.66	2112.81
-1936.6	1046.28	2123.69
-1950.38	-138.702	2193.33
-1950.38	-138.702	2193.33
-2241.73	323.796	2564.94
-1958.65	926.252	2268.3
-1936.83	1386.74	2238.74
-2000.3	-884.897	2373.32
-2289.99	550.121	2697.74
-2053.7	-1437.68	2451.51
-1945	-26.7054	2314.98
-1954.4	847.983	2347.25
-2037.77	-1307.99	2559.34
-1951.99	87.225	2449.92
-1951.99	87.225	2449.92
-2040.18	-1198.17	2688.68
-2100.72	561.722	2791.55
-1953.44	1635.92	2677.03
-1888.71	834.84	2653.92
-1945.85	1704.23	2720.17
-1937.09	-519.197	2843.45
-1936.24	-412.567	2850.64
-1963.84	-22.7988	2900.82
-1967.89	-833.892	3040.96
-1977.37	-958.586	3083.02
-1952.49	-196.157	3128.26
-1953	-716.633	3145.67
-1961.7	2045.58	3146.61
-1979.05	754.939	3230.5
-1956.13	195.344	3242.02
-1994.54	663.368	3352.88
-1949.05	-190.979	3346.47
-1479.44	1177.45	2515.1
-1965.23	-499.504	3409.28
-1906.25	1733.62	3279.79
-1962.57	2287.65	3464.74
-1999.29	-916.805	3799.63
-1487.61	468.23	3067.31
-2555.33	-2814.57	5460.08
-1748.68	-1131.84	4119.43
-1244.74	480.641	3029.54
-2147.09	-2886.75	5364.03
-1440.79	2610.99	3893.18
-864.346	1254.46	2534.43
-996.33	1972.31	3137.6
-1631.27	-1010.45	5318.59
-829.409	440.681	2874.77
-1746.42	-2217.34	6349.91
-825.581	602.054	3079.18
-825.581	602.054	3079.18
-856.748	1726.8	3204.41
-1592.47	-1540.09	6371.08
-1325.43	-597.824	5521.31
-1568.43	-3132.64	7072.03
-1626.74	-3410.38	7369.06
-1889.32	-4449.44	8647.94
-1832.64	-4855.6	8940.26
-1430.46	-1025.21	7115.75
-714.588	1737.13	3604.09
-686.736	1454.96	3498.28
-686.736	1454.96	3498.28
-713.919	580.703	4461.36
-1465.33	-5034.89	10132.1
-584.924	248.868	4198.43
202.387	1131.89	4105.48
568.301	1764.65	4489.28
488.973	778.933	3777.54
503.577	574.994	3567.65
501.983	616.24	3540.31
640.267	1694.81	4498.52
2019.05	-5197.98	10911.1
2019.05	-5197.98	10911.1
844.302	888.844	4149.66
1990.58	-2684.6	8681.38
1990.58	-2684.6	8681.38
1195.18	2018.36	4420.52
1195.18	2018.36	4420.52
2769.85	-4757.15	8742.31
1814.53	1166.38	5236.89
1958.73	1832.75	5370.61
2929.6	-1618.4	7610.82
2816.34	-2902.58	6951.03
3088.6	-3317.07	7512.34
1895.83	1951.4	4696.36
2798.02	-2455.64	6549.29
2101.85	1564.1	4851.3
2890.07	-2351.36	6128.75
2705.79	-1319.06	5709.25
2088.81	2125.54	4414.88
2128.1	2070.26	4323.55
2867.09	-1482.09	5652.7
2741.85	1360.61	5301.84
2080.79	2589.15	3956.8
2674.66	1399.07	5032.28
2429.44	1745.05	4473.15
2716.3	-614.947	4754.88
2211.33	2424.77	3801.19
3138.98	-3017.12	5227.34
3138.98	-3017.12	5227.34
2728.76	-36.8697	4508.37
2508.35	615.989	4097.36
2610.53	514.305	4230.21
2759.39	-75.1944	4419.83
2684.43	-568.849	4274.91
2719.03	-1159.9	4149.17
2719.03	-1159.9	4149.17
2332.36	1182.38	3491.79
2338.04	1943.67	3507.13
2732.99	-1382.88	3871.26
2716.03	-1430.25	3798.68
3191.76	-209.579	4488.87
3233.04	-238.93	4404.89
2607.77	276.412	3529.65
2607.77	276.412	3529.65
2322.63	1909.29	3031.35
2977.27	-784.458	3773.77
2427.97	1506.95	3106.11
2513.81	782.348	3154.49
3162	-677.911	3820.43
2648.28	661.991	3212.13
3113.78	-766.927	3672.77
2665.9	530.138	3130.68
5546.47	-3893.48	6360.97
3474.26	-601.831	3966.5
2727.3	249.792	3103.75
2577.02	691.315	2878.55
2577.02	691.315	2878.55
3224.37	-1083.6	3481.2
3190.28	-1167.59	3323.18
3307.44	-1586.92	3332.14
3402.12	-1036.25	3364.91
-1951.37	1290.83	2115.12
-1946.67	1246.17	2131.3
-1962.7	1059.37	2151.98
-1899.14	-473.975	2136.64
-2284.47	389.762	2570.38
-2225.12	321.143	2546.42
-1955.38	924.614	2264.59
-1970.74	-870.689	2338.02
-1945.86	-27.1389	2316.23
-2031.35	-1303.23	2550.8
-1951.37	87.3463	2448.92
-1951.37	87.3463	2448.92
-1928.63	-733.284	2452.44
-2103.19	561.98	2794.36
-1944.58	1552.31	2632.9
-1944.58	1552.31	2632.9
-1901.91	840.947	2671.08
-1901.91	840.947	2671.08
-1950.89	-1167.02	2801.83
-1930.95	-516.489	2834.11
-1932.81	-411.499	2845.9
-1963.91	-22.6918	2901.15
-1981.14	613.93	3023.42
-1967.26	-833.466	3039.87
-1953.84	-716.956	3146.41
-1954.52	-829.409	3190.46
-1989.46	605.803	3280.23
-1965.95	195.978	3259.43
-1963.6	-85.7201	3271.56
-1993.45	661.971	3352.62
-1963.41	2182.84	3330.72
-1963.41	2182.84	3330.72
-1965.14	20.6684	3397.42
-1907.8	1735.9	3281.44
-2051.91	-938.368	3889.23
-1499.32	471	3089.22
-2055.68	-837.103	4517
-1720.99	-1115.38	4062.2
-1778.34	-977	4320.31
-1213.82	468.971	2955.13
-2116.45	-2848.31	5290.95
-1830.59	-2118.42	4701.87
-1684.22	-1237.36	4748.25
-1002.8	1983.52	3155.64
-939.421	1990.88	3161.99
-787.607	471.059	2907.48
-824.683	600.447	3074.97
-824.683	600.447	3074.97
-1332.36	-597.919	5537.35
-851.385	1481.39	3458.91
-885.29	1709.12	3649.49
-847.234	1724.15	3615.8
-1623.23	-3405.51	7358.85
-1826.6	-4839.98	8906.23
-1676.8	-3853.31	8160.55
-790.294	1674.43	3697.36
-786.868	2144.91	3657.4
-705.158	1715.86	3559.69
-716.465	583.062	4479.2
-1467.25	-5052.4	10163.9
-593.552	250.309	4249.57
-611.013	1589.65	4681.97
-206.803	989.643	4622.65
-206.803	989.643	4622.65
79.4614	1037.47	4156.97
200.526	1222.24	4110.46
549.629	1856.05	4499.32
614.627	1782.81	4477.09
509.931	547.841	3404.85
509.931	547.841	3404.85
2056.22	-5296.68	11118.6
2056.22	-5296.68	11118.6
1988.29	-2679.63	8669.34
1988.29	-2679.63	8669.34
2951.91	-4759.55	9128.23
1362.88	2011.58	4361.03
1425.13	1969.6	4311.33
1826.7	1175.12	5275.39
2937.78	-1624.51	7634.45
2780.06	-3102.47	7110.76
1893.54	1537.76	4837.74
2805.78	-2891.78	6923.46
1789.93	1837.16	4416.88
2003.16	1511.86	4851.06
2789.61	-2447.95	6529.77
2703.22	-1320.55	5704.15
2874.92	-2223.86	6014.56
2065.59	2101.14	4363.37
2858.12	-1478.35	5634.57
2192.47	2004.49	4342.52
2737.22	1358.15	5292.72
2073.86	2578.83	3941.39
2701.06	-639.717	4945.67
2420.72	1738.3	4455.68
2278.82	1794.38	4169.62
2619.37	-213.258	4553.59
2203.86	2415.62	3787.46
3150.73	-3026.54	5244.89
3150.73	-3026.54	5244.89
2741.9	-37.055	4530.43
2735.3	-686.21	4433.66
2695.99	-768.887	4087.77
2344.48	1190.07	3512.71
2321.11	1928.76	3480.8
2732.7	-1383.52	3871.92
3246.81	-212.901	4569.25
2601.6	919.43	3665.37
2702.24	-1487.2	3725.52
3217.37	-238.275	4383.35
2925.51	-607.483	3956.38
2378.54	2127.67	3255.84
2380.81	1818.55	3217.3
2342	1925.21	3055.46
2792.08	-1007.33	3518.4
2658.67	204.675	3326.81
2658.67	204.675	3326.81
2800.72	-985.356	3423.49
2615.21	653.78	3170.32
2670.38	530.837	3135.91
3250.83	-826.149	3754.15
5585.92	-3921.24	6407.73
5585.92	-3921.24	6407.73
3323.8	-656.217	3787.41
3382.55	-584.05	3853.95
2717.39	250.429	3090.72
2607.63	701.267	2912.11
3196.77	-1162.75	3522.66
3243.46	-1187.83	3380.82
3425.16	-1643.75	3450.93
-2293.36	283.701	2452.9
-1944.27	1244.93	2127.94
-1938.97	1047.77	2126.94
-1920.54	-482.996	2162.41
-2280.68	388.622	2565.27
-1947.58	1393.45	2249.91
-1939.14	917.744	2247.77
-2067.79	-1287.03	2435.69
-2002.92	-885.52	2375.73
-2305.26	552.661	2712.45
-1946.76	-409.536	2315.79
-1945.39	85.568	2442.9
-1945.39	85.568	2442.9
-1896.01	-722.709	2414.05
-1896.01	-722.709	2414.05
-2128.58	569.029	2828.68
-1945.55	1553.3	2633.95
-1945.55	1553.3	2633.95
-1904.79	842.583	2674.28
-1904.51	946.216	2801.35
-1947.1	-19.9639	2981.57
-1940.92	-305.132	2990.35
-1950.25	-109.449	3030.34
-1975.94	555.275	3085.55
-1952.97	-196.418	3129.19
-1995	-846.21	3253.53
-1956.96	2040.9	3138.95
-1951.16	192.975	3239.19
-1971.97	655.387	3317.27
-1561.04	1237.3	2648.38
-1601.89	1064.51	2733.67
-1960.4	20.0642	3390.6
-1950.49	2237.95	3368.62
-1945.07	-894.264	3706.31
-2138.85	-917.302	4296.78
-2142.01	-779.148	4305.22
-1497.46	470.825	3085.84
-2571.21	-2836.59	5497.24
-1984.59	-766.805	4663.59
-1958.03	-2184.86	4750.87
-1785.33	-981.189	4334.7
-1823.26	-1734.34	4841.08
-1783.39	-2378.57	5152.54
-1724.61	-1548.75	5252.36
-1032.66	2039.82	3245.21
-882.094	1685.28	3107.54
-787.647	470.28	2908.69
-787.647	470.28	2908.69
-828.627	603.185	3088.33
-828.627	603.185	3088.33
-861.083	1736.81	3220.22
-875.865	2108.38	3603.15
-847.583	1725.75	3619.51
-1643.57	-3443.27	7438.35
-1680.13	-3863.9	8178.33
-820.834	2240.58	3805.92
-638.822	1715.63	3682.14
-1511.3	-4820.25	9691.45
-583.418	246.877	4187.67
-629.213	1467.95	4549.97
-602.393	1662.39	4604.21
471.008	1214.77	3952.25
548.426	1880.38	4489.68
586.683	1533.76	4221.1
496.307	794.129	3430.22
593.429	604.744	3420.07
2011.35	-5183.6	10865.9
2011.35	-5183.6	10865.9
764.811	1162.8	4051.97
1971.65	-2659.25	8596.67
1194.88	2019.07	4421.88
1223.93	1409.65	4391.2
2722.48	-4673.96	8588.7
2784.69	-4483.77	8599.47
1370.09	2021.42	4382.73
2791.22	-2401.34	8299.78
2752.23	-3806.22	7911.13
2918.71	-1613.66	7582.57
1900.39	1542.62	4855.94
2820.97	-2906.92	6959.93
1816.87	1871.45	4500.22
2602.59	-2222.8	6175.74
2832.15	-2069.27	6300.61
1927.57	2143.66	4391.19
2872.44	-2365.18	5894.49
2211.83	1208.76	4604.2
2845.58	-1540.93	5734.84
2311.95	1649.04	4642.99
2066.72	2571.46	3928.02
2671.12	1396.89	5024.26
2230.55	2089.22	4177.22
2907.29	-3033.61	5062.42
2707.42	-714.179	4621
2699.35	-391.39	4570.09
2219.24	2433.93	3813.29
3126.81	-3003.87	5204.36
2691.24	-121.014	4472.27
2724.58	-36.8555	4501.9
3229.56	-3143.71	5113.65
2454.83	1246.7	3674.38
2824.88	-305.598	4163.97
2723.58	-981.48	3823.95
2342.44	1869.99	3335.97
2664.65	658.94	3754.39
2656.98	2634.23	3763.69
2653.26	742.242	3709.14
3221.74	-238.101	4388.81
2703.17	638.619	3677.35
2884.52	-598.398	3897.61
2732.49	-1581.07	3661.42
2732.49	-1581.07	3661.42
2889.32	-676.009	3755.36
2351.22	1933.44	3071.53
2423.94	1508.65	3124.65
2487.87	709.422	3088.88
2847.58	-1002.24	3482.76
2443.97	1592.31	2942.39
2647.75	527.176	3109.53
2678.57	589.526	3116.44
3273.8	-832.088	3782.31
5551.94	-3896.91	6367.9
5551.94	-3896.91	6367.9
3230.94	-889.643	3726.95
2722.9	1946.01	3167.21
3415.05	-590.947	3900.49
2577.73	692.353	2877.59
2577.73	692.353	2877.59
3678.97	-489.354	4074.31
2451.99	1688.52	2743.89
3310.23	-1587.56	3333.48
-1944.73	1286.75	2108.2
-1952.68	1054.09	2141.89
-2268.03	386.146	2552.09
-2221.31	320.848	2543.08
-1949.56	922.915	2257.86
-1924.36	1378.5	2225.14
-1997.02	-882.843	2369.01
-1942.67	-26.7392	2312.34
-1898.87	-723.619	2417.31
-1996.54	327.514	2595.45
-1951.51	196.416	2580.96
-2074.11	554.281	2756.51
-1949.35	-636.253	2611.9
-1944.95	1592.61	2594.27
-1937.17	-520.064	2726.13
-1968.1	-1056.43	2783.95
-1899.27	839.673	2667.09
-1899.27	839.673	2667.09
-1946.72	1704.28	2720.78
-1925.56	778.311	2759.64
-1959.92	-19.6913	3000.57
-1946.54	-306.346	2998.6
-1973.93	553.054	3084.85
-1953.36	94.7398	3108.97
-1971.3	2055.3	3161.45
-1994.84	-846.36	3254.37
-1988.82	758.174	3246.65
-1956.97	194.533	3246.86
-1889.37	1696.97	3170.74
-1561.35	1237.69	2649.72
-1602.09	1064.4	2734.8
-1935.8	2221.79	3345.47
-1975.9	-609.969	3500.4
-1953.29	-898.508	3725.15
-1963.5	-175.168	3800.11
-1504.8	472.115	3096.43
-2556.93	-2823.19	5469.6
-2054.88	-836.469	4515.46
-1948.88	-2173.33	4727.09
-1785.79	-981.168	4335.99
-2123.92	-2857.17	5310.11
-1829.48	-1739.1	4858.61
-1920.12	-2369.02	5175.63
-1917.48	-636.065	5581.87
-850.693	1304.6	2595.07
-909.188	2079.93	3304.59
-829.56	604.283	3091.99
-829.56	604.283	3091.99
-927.975	2264.23	3703.94
-869.362	1507.06	3518.87
-889.882	1718.04	3669.11
-1261.66	-1313.41	5419.46
-1654.17	-3465.16	7486.47
-1890.9	-4449.3	8648.55
-1497.52	-3429.13	7166.73
-813.612	2217.18	3773.21
-699.602	1703.85	3534.84
-637.938	1713.94	3676.72
-715.034	582.117	4471.98
-588.847	247.751	4220.92
-628.888	1464.47	4548.4
424.645	933.303	3527.26
471.755	1252	3802.79
591.453	1593.77	4211.11
541.52	886.177	3348.68
771.378	1255.74	3979.74
1976.21	-2668.21	8619.45
1194.05	2018.68	4420.09
1194.05	2018.68	4420.09
1708.79	1907.85	4732.25
1708.79	1907.85	4732.25
2708.51	-2139.75	7240.12
2908.55	-1605.47	7556.23
2699.98	-2753.71	6823.2
1897.72	1542.2	4846.71
2830.76	-2917.25	6984.26
1812.32	1866.93	4487.47
2855.62	-2359.23	6203.57
2876.74	-2341.08	6101.07
2134.7	2090.49	4559.54
2081.7	2118.51	4399.22
2326.59	1550.89	4815.66
2849.51	-1542.48	5742.61
2781.53	-1266.78	5568.24
2744.95	1362.04	5308.08
2075.02	2581.58	3945.15
2685.41	1405.06	5054.57
2689.55	-481.606	4826.73
2745.93	-804.35	4665.07
2215.31	2429.11	3808.27
3143.73	-3022.3	5234.81
3143.73	-3022.3	5234.81
2680.36	-305.978	4453.08
2730.15	-36.8545	4511.39
2292.26	2253.46	3608.15
2813.19	-333.338	4243.99
2432.53	1234.37	3639.19
2318.76	1926.54	3477.18
2776.72	367.523	4110.76
2793.48	-396.962	4022.3
2716.81	-978.942	3813.86
2601.55	918.5	3664.02
2723.19	-1663.84	3541.32
2724.98	-1448.6	3522.13
2869.31	-808.66	3701.42
2342.06	1925.43	3058.93
3000.45	-635.294	3831.46
2449.03	1520.54	3135.2
2655.76	204.793	3322.38
2710.5	113.622	3378.22
2539.53	743.902	3127.09
2605.55	651.218	3157.99
2787.7	-1016.91	3267.77
2635.55	524.325	3094.35
5503.04	-3862.08	6309.18
2726.49	1949.17	3172.55
2735.56	250.728	3112.99
3310.75	-770.055	3710.19
2580.16	693.253	2881.04
3777.31	-359.284	4164.48
3216.91	-1081.03	3473.28
