-2181.91	270.615	2337.12
-1890.89	1251.42	2049.97
-1841.51	996.856	2019.03
-1865.6	-471.115	2100.12
-2226.58	379.167	2506.44
-2179.38	313.881	2494.84
-2013.3	-1409.15	2403.74
-1887.45	893.888	2187.23
-1908.99	-24.6862	2270.97
-2004.5	-1285.57	2515.4
-1875.2	-714.502	2385.19
-1995.96	-1295.67	2651.68
-1941.66	321.134	2527.59
-1921.82	193.291	2541.42
-1864.94	641.212	2534.59
-1891.02	-223.351	2638.98
-1941.61	-1041.65	2746.38
-1912.66	-514.514	2691.99
-1862.97	823.788	2615.05
-1898.2	-510.823	2788.2
-1916.7	1708.38	2753.62
-1914.39	1733.65	2839.83
-1937.31	520.128	2932.45
-1940.06	-820.72	2996.53
-1936.44	36.1812	3029.35
-1926.64	-706.38	3102.5
-1946.7	796.463	3258.1
-1953.6	738.668	3323
-1922.03	2064.94	3222.71
-1852.46	1677.68	3187.43
-1940.12	2180.72	3366.64
-1929.62	-893.842	3724.63
-1935.86	-171.879	3746.07
-1866.17	1923.68	3507.65
-1529.7	436.195	3005.5
-2132.82	-776.059	4284.64
-1484.12	466.502	3056.32
-1941.94	-999.646	4194.5
-1956.25	-2182.37	4745.08
-1773.05	-973.665	4303.04
-2124.46	-2861.56	5314.09
-2124.46	-2861.56	5314.09
-2013.48	-1984.55	5088.67
-1675.09	-1238.17	4729.74
-1422.59	2576.8	3840.99
-876.018	1219.68	2448.1
-1069.81	125.723	3244
-1128.94	1004.63	3602.6
-1676.26	-1217.51	5700.77
-1643.94	-1466.59	5747.93
-819.451	434.941	2841.58
-822.161	597.576	3063.43
-857.709	1309.41	3433.05
-893.66	2178.93	3563.9
-893.66	2178.93	3563.9
-1616.7	-3391.99	7330.5
-873.279	1689.29	3604.68
-844.596	1719.51	3605.31
-1728.77	-3976.39	8411.21
-755.801	1279.62	3392.96
-1621.2	-5057.88	8594.43
-1484.55	-5112.77	10280.6
-709.65	579.47	4439.38
694.097	74.6376	4941.94
2020.45	-2722.4	8808.55
2020.45	-2722.4	8808.55
2834.86	-5536.89	11077.4
3113.21	-5244.49	11387
2876.39	-4012.46	9783.36
2748.51	-4706.63	8661.86
1275.02	2064.08	4376.4
1943.65	587.238	5787
1760.03	1968.87	4868.96
1760.03	1968.87	4868.96
3016.21	-1661.8	7837.57
2890.42	-3174.79	7053.25
3047.71	-3646.21	6555.46
2961.63	-2447.95	6433.33
2931.78	-1838.11	6021.26
2116.39	2153.89	4470.79
2756.84	-1030.78	5587.55
2889.68	-1563.43	5823.19
2376.41	1711.38	4781.53
2517.68	1380.55	4971.01
2173.9	2185.18	4190.65
2690.98	1410.46	5060.48
2103.97	2616.12	4002.46
2948.3	-3078.78	5137
2351.43	1858.42	4305.08
2700.59	-219.399	4696.63
2962.85	504.028	5160.78
2753.45	-834.512	4587.58
3244.86	-2735.68	5271.22
2754.81	-926.498	4477.6
2359.75	2088.38	3918.9
2927.61	-206.825	4441.81
2346.4	2310.01	3554.42
2739.09	588.105	4048.76
2674.16	354.38	3739.48
2458.41	1606.32	3445.02
2666.03	864.536	3675.13
3275.07	-241.166	4459.62
2778.18	-1606.63	3721.24
2778.18	-1606.63	3721.24
2659.09	863.205	3509.01
2968.58	-836.53	3833.05
2412.1	1986.69	3135.64
2447.8	1524.91	3158.81
2947.24	-1036.87	3606.32
3318.82	-659.308	4071.02
2683.22	670.56	3254.73
5775.02	-4052.86	6623.36
2741.5	604.246	3188.71
3356.54	-1028.6	3736.02
3356.54	-1028.6	3736.02
3863.26	-513.4	4273.36
2662.86	716.001	2972.21
2662.86	716.001	2972.21
3916.33	-627.859	4198.51
3139.06	-1491.59	3251.3
3513.01	-1685.48	3540.34
-1887.54	1248.35	2046.91
-1887.19	1021.25	2068.8
-1858.66	-469.154	2092.2
-2055.14	206.27	2335.1
-1922.15	902.362	2218.82
-2009.92	-1407.07	2399.6
-1897.84	899.689	2198.13
-1891.26	-530.043	2255.56
-1897.35	-26.4959	2258.47
-1987.64	-1275.34	2495.2
-1917.44	84.648	2407.62
-1872.94	-713.136	2381.78
-1872.94	-713.136	2381.78
-1980.08	-1162.42	2608.86
-1909.36	317.797	2488.35
-1895.6	1502.7	2471.17
-1845.75	728.769	2469.15
-1852.83	638.912	2519.78
-1902.63	1519.36	2575.26
-1941.08	-1041.24	2744.99
-1906.99	-511.421	2799.76
-1932.13	-22.266	2853.59
-1860.83	923.573	2738.33
-1952.56	631.457	2931.97
-1942.66	-821.85	3000.88
-1924.47	-296.423	3070.65
-1916.52	-702.841	3087.19
-1919.76	191	3185.15
-1923.61	1961.19	3117.01
-1956.24	652.013	3288.59
-1923.12	1984.17	3194.29
-1914.38	-186.785	3286.94
-1571.5	1045.47	2681.24
-1807	860.399	3306.07
-1542.95	453.637	2945.14
-1882.57	1939.76	3537.86
-2111.67	-905.318	4243.72
-2553.7	-2809.86	5458.94
-1967.82	-1010.54	4248.7
-2022.16	-1514.4	4696.98
-2011.15	-766.724	4709.56
-1932.51	-2157.38	4691.42
-1776.18	-974.28	4317.27
-2121.19	-2855.02	5303.33
-1872.05	-2163.01	4794.07
-1413.41	2561.2	3818.22
-1164.62	1067.31	3593.88
-988.718	1954.71	3109.35
-842.425	445.857	2913.3
-856.665	1307.49	3428.65
-1174.7	-1291.71	5124.83
-1563.06	-3121.46	7050.55
-1650.21	-3458.95	7469.91
-892.725	2181.9	3568.26
-892.725	2181.9	3568.26
-874.173	1691.79	3610.32
-1653.41	-5152.57	8760.35
-1558.23	-5365.97	10784.3
-583.08	260.543	4208.68
-625.964	1458.82	4523.41
728.91	80.5396	5232.93
728.91	80.5396	5232.93
2018.39	-2717.17	8795.47
2892.78	-5642.96	11280.6
3014.24	-5064.92	11008.8
1196.18	2015.13	4410.25
2800.12	-4809.41	8834.27
3032.19	-2844.84	8861.05
1954.36	587.309	5820.3
2847.17	-3359.92	7686.65
2988.44	-1648.69	7760.2
2914.03	-3201.47	7112.63
3085.42	-3539.44	7058.33
2950.67	-2282.23	6170.41
2166.47	2206.04	4579.97
2921.54	-1651.82	5829.44
2891.57	-1198.58	5718.88
2911.66	-1506.26	5738.21
2164.68	2109.65	4396.83
2380.91	1714.75	4791.14
2501.66	1371.33	4935.7
2483.96	1112.75	4744.78
2096.97	2607.67	3986.11
2339.56	2017.44	4338.5
2712.93	-220.726	4718.94
3061.84	517.88	5334.32
3247.2	-3107.86	5395.75
2777.55	-841.321	4627.77
3265.71	-2754.29	5306.96
2780.32	-37.0537	4593.4
2241.87	2188.16	3701.98
2745.12	231.941	4396.8
2864.13	-2128.77	4384
2793	-1135.22	4311.33
2713.25	500.812	4044.29
2348.69	2312.15	3556.6
2770.45	-1013.62	3801.99
2480.09	1620.9	3477.08
2687.58	872.834	3707.66
2798.11	-1617.63	3747.41
2798.11	-1617.63	3747.41
2678.04	286.062	3627.02
2719.87	957.478	3710.06
3163.79	-678.779	4128.7
2439.25	2008.96	3171.34
2443.22	1521.75	3144.26
2715.64	679.138	3293.78
2667.75	729.941	3208.48
2667.75	729.941	3208.48
2521.86	1643.61	3032.93
5802.44	-4072.07	6654.38
5802.44	-4072.07	6654.38
3333.37	-917.698	3843.6
2765.45	609.508	3216.61
2926.17	-1151.54	3297.41
3366.2	-1223.49	3708.5
2540.61	1751.82	2838.25
3768.7	-685.053	3899.12
3768.7	-685.053	3899.12
3496.73	-1678.57	3524.26
-1878.99	1243.41	2037.75
-1884.49	1018.69	2065.93
-2208.93	376.401	2486.68
-2078.98	208.025	2360.97
-1915.23	900.032	2211.66
-2014.72	-1410.48	2405.31
-1948.35	-861.186	2311.32
-1893.76	898.099	2194.15
-1881.4	-527.455	2244.29
-1893.26	-26.6478	2253.64
-1893.26	-26.6478	2253.64
-1920.07	-648.35	2345.5
-2001.99	-1284.29	2512.52
-2082.55	415.401	2609.99
-1914.56	318.568	2494.69
-1908.47	-741.684	2558.37
-1913.03	192.625	2529.42
-1897.02	1503.76	2473.17
-1849.49	730.731	2473.82
-1852.82	638.987	2519.83
-1935.78	-1038.34	2737.56
-1918.65	-514.286	2815.89
-1912.96	1704.97	2748.25
-1867.43	926.796	2747.7
-1954.85	-946.846	3046.7
-1912.52	92.7612	3043.18
-1922.52	-704.969	3095.8
-1944.26	741.946	3174.48
-1931.35	-204.05	3215.86
-1917.32	190.151	3181.01
-1945.27	647.545	3270.89
-1927.03	1987.97	3200.5
-1563.93	1040.98	2668.32
-1925	2243.06	3397.87
-1921.55	-170.992	3719.25
-2119.45	-771.297	4259.75
-2538.12	-2795.2	5427.04
-1967.3	-1011.12	4247.55
-2020.37	-768.652	4726.3
-1940.77	-2166.31	4709.22
-2128.99	-2866.13	5321.29
-1816.51	-2100.66	4662.64
-1660.78	-1226.03	4686.47
-1408.15	2552.04	3804.52
-1408.15	2552.04	3804.52
-1887.16	-633.976	5532.5
-1161.77	1064.64	3585.86
-1782.33	-2261.82	6466.37
-836.039	442.656	2891.49
-820.043	596.068	3056.59
-1303.06	-580.87	5453.08
-856.345	1307.17	3427.83
-1174.34	-1290.17	5119.34
-1658.69	-3475.21	7504.82
-1543.18	-3085.6	6972.95
-906.854	2205.38	3607.63
-1913.49	-4499.72	8749.37
-857.618	2064.03	3523.85
-1605.96	-5104.36	10259.9
-723.59	589.295	4516.06
-575.7	257.932	4159.19
-641.516	942.02	4647.15
-628.494	1465.86	4541.28
747.368	79.6355	5363.3
747.368	79.6355	5363.3
2019.81	-2719.7	8802.19
2007.66	-2200.65	8328.7
2931.44	-4084.84	9952.59
1195.33	2012.45	4405.17
2854.24	-4903.27	9010.32
1413.28	2080.14	4509
2838.39	-3926.12	8160.64
3044.16	913.494	9067.98
3044.16	913.494	9067.98
1875.91	1206.25	5417.39
2892.8	-3177.25	7058.89
2874.38	-2522.62	6728.55
2934.19	-2144.55	6532.51
2044.78	2280.19	4668.89
2162.52	2109.75	4393.63
2381.77	1714.43	4792.19
2908.91	-1288.7	5600.42
2521.17	1382.41	4975.99
2504.37	1122.63	4784.54
2098.21	2608.91	3988.74
2955.93	-3085.29	5147.91
2780.96	-629.055	4867.78
2780.96	-629.055	4867.78
2717	-221.473	4725.82
3060.03	517.685	5331.37
2777.61	1797.84	4893.12
3255.2	-3117.4	5412.37
3260.09	-2748.88	5297.33
2785.96	-37.1495	4602.45
2350.93	2080.84	3898.41
2790.55	-260.516	4432.34
2892.19	-2152.8	4430.01
2781.24	-1130.95	4293.68
2806.84	-1218.5	4203.61
2699.74	465.11	4086.46
3022.11	-326.89	4458.81
2756.9	437.245	4098.33
2379.64	2344.21	3605.15
2379.64	2344.21	3605.15
2470.39	1614.83	3462.34
2742.35	-1381.5	3704.14
2956.22	-612.832	3996.61
2450.53	1789.23	3403.43
2712.17	954.501	3698.76
2712.17	954.501	3698.76
2806.33	-1715.21	3650.42
2440.06	1526.13	3178.77
2692.39	672.849	3264.75
2686.5	735.733	3234.2
2686.5	735.733	3234.2
5848.75	-4103.85	6708.19
5848.75	-4103.85	6708.19
2785.15	613.984	3239.62
2775.02	1987.12	3230.85
4019.92	-380.764	4435.77
2417.07	1664.69	2698.36
3312.64	-1155.01	3503.04
3289.19	-1564.89	3409.85
3667.6	-666.093	3790.2
3505.63	-1682.59	3533.72
3528.1	-973.489	3572.18
-2234.4	275.171	2387.7
-1883.65	1246.44	2042.81
-1872.11	-472.084	2106.78
-2216.13	377.403	2492.74
-1937.36	-533.689	2213.61
-2064.41	207.311	2345.45
-1924.08	901.749	2221.66
-2018.1	-1412.4	2408.69
-1893.7	897.089	2194.45
-1894.46	-398.741	2253.74
-1893.84	-26.2165	2254.2
-1998.71	-1282.44	2508.58
-1918.59	84.9146	2408.73
-1875.69	-714.264	2385.39
-1905.08	317.027	2482.55
-1898.18	1504.42	2474.71
-1898.18	1504.42	2474.71
-2048.03	547.473	2722.85
-1850.32	637.979	2516.37
-1904.05	-883.942	2679.03
-1883.78	-222.753	2628.44
-1939.02	-1040.39	2742.45
-1908.82	-1142.65	2741.54
-1917.76	785.397	2680.48
-1910.14	-513.108	2804.36
-1854.89	920.858	2729.37
-1930.83	517.669	2923.07
-1953.81	-946.333	3045.54
-1919.66	35.2313	3005.52
-1913.56	-701.63	3081.91
-1918.23	190.291	3183
-1937.87	644.553	3259.59
-1922.04	1982.03	3192.97
-1572.29	1046.18	2682.7
-1923.88	2163.53	3339.04
-2140.65	-800.671	3988.02
-1936.35	-172.007	3746.92
-1878.17	1935.45	3530.3
-2568.96	-2826.26	5489.93
-1964.3	-1009.7	4242.43
-1786.29	-979.642	4340.91
-1786.29	-979.642	4340.91
-1870.61	-2161.76	4792.95
-1672.68	-1234.73	4716.68
-1802.84	-2403.1	5202.83
-1412.77	2559.88	3816.4
-1076.68	126.042	3261.81
-1153.65	1058.25	3563.21
-989.919	1954.06	3108.2
-836.253	442.806	2893.04
-821.852	597.762	3063.19
-1564.76	-1516.89	6272.03
-857.75	1308.83	3432.36
-1167.11	-1283.4	5094.21
-1590.11	-3175.15	7164.18
-1669.55	-3497.02	7550.4
-1920.36	-4518.14	8784.92
-912.187	2226.47	3641.36
-871.75	1686.23	3598.91
-708.458	1722.06	3571.34
-1539.97	-5289.6	10636.2
-720.361	587.443	4497.35
-582.442	260.113	4203.66
-626.445	1459.57	4529.26
748.111	82.7446	5368.53
748.111	82.7446	5368.53
2029.27	-3071.19	9140.38
2029.27	-3071.19	9140.38
2875.57	-5601.1	11209.3
2920.48	-4898.26	10655.8
2760	-4729.24	8701.08
1412.6	2077.46	4504.07
2829.06	-3908.43	8129.68
3041.1	912.216	9059.57
3041.1	912.216	9059.57
1719.16	1916.13	4745.92
2985.58	-1649.47	7752.08
2907.45	-3192.81	7094.34
2878.73	-2780.88	6958.25
2038.12	1554.97	4934.81
2875.06	-2204.55	6502.76
1973.11	2194.65	4493.35
2726.79	-598.153	5391.92
2163.33	2109.82	4395.15
2902.78	-1284.89	5587.06
2508.9	1125.27	4794.25
2109.37	2623.77	4012.02
2598.56	1727.98	4746.24
2706.15	-219.758	4706.18
3057.42	517.967	5325.92
2772.45	1795.11	4884.48
3312.71	-3174.37	5510.14
3312.71	-3174.37	5510.14
3241.08	-2733.71	5266.67
2788.73	-37.7604	4607
2336.65	2064.11	3871.54
2734.02	231.683	4378.73
2846.09	-2114.19	4354.69
2715.48	501.371	4047.41
2693.03	426.401	4001.24
2380.26	2345.65	3605.59
2697.56	954.359	3802.32
2800.43	-1309.87	3810.29
2800.43	-1309.87	3810.29
2476.41	1618.84	3471.26
2713.77	881.756	3745.01
2942.15	-804.821	3954.02
2502.87	2242.6	3427.72
3060.79	-806.389	3879.31
2415.39	1504.25	3107.87
2952.06	-1039	3612.09
3326.31	-662.023	4083.27
2509.66	1635.7	3017.7
5812.61	-4080.28	6665.46
5812.61	-4080.28	6665.46
2741.87	545.493	3220.04
2781.82	612.646	3235.24
3468.29	-684.62	3952.79
3302.8	-1200.92	3639.52
2624.69	705.815	2929.81
2624.69	705.815	2929.81
3562.73	-696.634	3918.81
3317.64	-1214.47	3456.58
3122.91	-1485.26	3236.02
3590.7	-991.488	3638.59
-1894.94	1253.03	2053.81
-1872.63	1012.53	2053.73
-2193.93	374.32	2470.66
-2061.26	206.661	2341.46
-2021.13	-1414.19	2412.16
-1908.98	896.059	2204.71
-1889.86	895.754	2189.62
-1912.8	-401.458	2274.66
-1897.13	-26.3767	2258.25
-1900.06	826.243	2281.44
-1992.58	-1278.46	2501.25
-1876.2	-714.238	2386.02
-1876.2	-714.238	2386.02
-1902.67	316.27	2478.95
-1907.13	191.416	2522.03
-2040.25	545.018	2711.94
-1839.71	726.289	2461.55
-1854.28	639.233	2521.66
-1883.83	-223.112	2628.98
-1936.07	-1038.58	2738.16
-1915.85	-1146.95	2751.43
-1907.1	-512.909	2800.54
-1915.42	1645.68	2810.58
-1915.42	1645.68	2810.58
-1918.08	-703.798	3089.65
-1946.5	743.272	3177.63
-1926.63	191.922	3195.58
-1924.21	1984.91	3196.86
-1918.31	-186.927	3293.3
-1953.68	738.674	3323.22
-1561.56	1039.34	2665.13
-1936.62	-598.097	3430.45
-1938.42	2179.94	3362.89
-2032.88	-933.043	3855.8
-1927	-171.101	3729.74
-2561.65	-2819.78	5474.97
-1981.86	-1017.74	4278.97
-1987.25	-1488.34	4619.17
-2005.11	-764.18	4695.02
-1783.09	-977.684	4333.56
-1833.46	-2119.94	4701.11
-1564.38	1123.19	3868.16
-1520.97	2574.23	3855.07
-1858.4	-2452.01	5200.7
-1411.21	2557.35	3812.3
-1163.31	1065.66	3591.04
-1712.74	-2178.02	6235.47
-828.679	439.718	2872.08
-856.589	1307.31	3428.18
-1172.9	-1286.42	5116.08
-1585.08	-3165.33	7142.65
-1651.33	-3461.07	7475.19
-1933.05	-4545.03	8836.78
-895.299	2188.62	3579.85
-879.188	1701.87	3631.83
-783.592	2132.3	3652.69
-1580.75	-5021.3	10097.7
-718.47	585.377	4485.85
-580.903	259.354	4193.24
-644.139	944.697	4660.11
-629.811	1467.63	4549.73
731.234	79.8574	5247.14
731.234	79.8574	5247.14
2016.62	-2712.41	8785.75
2875.05	-5602.08	11206.7
2989.79	-5020.85	10914.9
2941.18	-4099.23	9988.14
1198.3	2018.73	4418.21
2811.72	-4829.48	8874.52
2879.89	-2475.71	8565.92
3025.37	911.238	9007.93
3025.37	911.238	9007.93
1707.58	1902.91	4714.36
2903.94	-2992.28	7166.44
2889.4	-3173.15	7049.61
2854.95	-2188.34	6454.88
2927.62	-2138.89	6517.28
1948.13	2168.08	4438.77
2189.02	2132.01	4444.08
2385.87	1718.34	4801.82
2522.65	1383.4	4978.43
2878.5	-966.359	5474.42
2495.79	1118.29	4767.53
2114.54	2630.03	4021.28
3024.6	-3159.82	5271.82
2776.14	-627.524	4860.17
2709.6	-219.719	4712.05
3059.04	518.051	5329.49
2761.9	1786.57	4863.59
3300.45	-3160.76	5487.35
3245.86	-2738.08	5274.08
2790.35	-37.3102	4609.69
2348.45	2077.43	3891.22
2745.72	232.405	4398.11
2855.16	-2122.92	4370.8
2372.09	1928.7	3788.88
2683.54	461.881	4059.97
3050.41	-329.919	4500.61
2369.79	2334.6	3587.28
2796.22	-1472.52	3910.61
2790.14	484.544	3930.82
2798.43	-1539.45	3857.61
2766.49	-1013.14	3796.85
2484.03	1623.69	3481.2
2702.51	878.041	3729.81
2711.41	953.94	3697.95
2447.43	2190.62	3349.88
3224.55	-673.282	4108.71
2330.71	1457.54	3036.38
3033.4	-798.771	3845.79
2739.16	685.342	3322.92
2679.26	733.727	3226.74
2499.47	1629.27	3004.39
5881.58	-4128.51	6745.75
5881.58	-4128.51	6745.75
2678.41	718.865	3144.02
2765.49	608.496	3215.47
2838.75	2033.22	3305.82
3835.48	-509.745	4246.13
3567.38	-697.211	3921.13
3326.97	-1158.59	3516
3450.94	-1010.62	3642.56
3288.82	-1203.14	3424.92
3328.12	-1585	3452.57
