-1886.01	1248.4	2044.8
-1907.19	1029.04	2090.47
-1891.04	1211.07	2070.35
-1891.78	-476.547	2129.09
-1901.34	-135.584	2138.82
-2206.76	376.784	2483.57
-2172.24	313.538	2486.23
-1888.7	895.106	2188.9
-2225.15	531.561	2615.93
-1968.84	-870.947	2336.03
-1887.79	-530.28	2253.68
-1899.1	-26.2873	2260.63
-1845.04	800.28	2218.17
-2003.58	-1285.48	2514.76
-1905.67	-724.685	2422.79
-1890.95	1498.73	2465.68
-1912.89	191.674	2529.77
-1912.89	191.674	2529.77
-1917.02	-331.466	2549.06
-1942.32	-1042.3	2747.42
-1913.82	493.409	2721.87
-1863.81	-115.717	2730.96
-1849.73	918.108	2722.28
-1902.67	1720.12	2824.75
-1911.95	-300.73	2945.02
-1918.46	-704.212	3090.06
-1930.54	735.987	3153.17
-1918.02	190.06	3183.38
-1918.85	-85.0191	3197.53
-1929.2	791.674	3228.45
-1909.2	1964.75	3177.56
-1584.49	1054.8	2701.83
-1913.41	-486.582	3320.74
-1919.3	2158.83	3335.64
-1934.32	-598.422	3427.63
-1846.61	-851.758	3525.74
-1872.48	1935.19	3520.44
-1931.98	-171.835	3740
-1475.19	463.468	3038.08
-1974.61	-751.266	4620.5
-1752.78	-1134.36	4125.61
-1923.48	-2145.74	4668.6
-1758.89	-965.808	4273.55
-1833.02	-2119.52	4701.67
-851.258	1236.1	2494.46
-1687.65	-1520.65	5155.56
-1082.67	126.9	3276.83
-833.959	1279.86	2543.64
-1160.99	1063.49	3592.85
-815.751	431.838	2822.05
-813.134	591.211	3031.31
-900.982	2200.23	3597.68
-845.772	1479.77	3457.2
-868.901	1680.06	3586.54
-859.391	2068.45	3534.25
-1508.63	-3015.08	6817.24
-1597.13	-3346.7	7230.01
-1784.57	-4714.09	8693.06
-772.55	1638.78	3617.81
-746.521	2042.86	3476.6
-702.449	572.979	4389.94
-1449.62	-4990.5	10029
-618.521	1444.13	4477.05
1085.57	-834.88	6100.39
894.983	-1062.6	4890.43
1942.27	-2611.93	8460.23
1956.03	-2139.74	8111.37
2846.15	-5553.71	11117
1257.99	2058.38	4368.4
2680.59	-4593.07	8449.68
1374.85	2040.9	4436.47
1921.24	578.23	5722.38
1921.24	578.23	5722.38
2709.04	-3740.38	7782.67
1829.46	1717.46	5078.47
2891.48	-1591.34	7504.48
2649.24	-2698.51	6693.18
2790.94	-2873.46	6884.82
1997.11	1499.54	4846.87
2774.01	-2433.68	6494.52
2073.36	2108.48	4385.04
2838.52	-1604	5663.88
2321.88	1653.97	4662.69
2826.9	-1461.92	5571.6
2463.24	1346.58	4870.82
2823.45	-947.847	5366.3
2079.28	2588.08	3954.65
2180.48	2042.4	4081.3
2524.62	1677.48	4610.55
2843.42	-2962.73	4943.93
2849.55	474.064	4969.16
2620.37	-212.504	4554.93
2697.92	-245.833	4630.46
2688.03	-710.614	4589.38
2213.79	2427.96	3802.42
3113.42	-2998.72	5190.95
3144.96	-2650.1	5106.51
2687.6	-902.441	4366.27
3257.95	-3179.51	5168.6
2682.68	226.83	4299.46
2574.46	666.945	3967.2
2337.75	1937.7	3512.95
2488.88	1257.45	3719.7
2706.98	-1369.95	3834.75
2697.36	-1419.93	3771.95
2680.04	663.876	3777.44
2425.18	1562.02	3381.45
2681.3	-982.022	3680.1
2579.13	835.526	3552.76
2658.99	935.527	3626.96
2697.6	-1155.05	3563.34
2334.12	1919.69	3044.03
2371.88	1470.93	3066.32
3414.57	-193.566	4356.12
2951.6	-777.094	3738.98
2690.98	594.703	3132.68
5524.83	-3877.57	6337.27
2806.71	2006.67	3265.1
2715.27	250.388	3086.81
2568.41	688.708	2868.55
2568.41	688.708	2868.55
3251.96	-1182.41	3582.42
5396.01	-3292.67	5919.72
3837.21	-363.259	4234.96
3515.42	-885.547	3695.63
3205.33	-1525.76	3325.71
3585.68	-651.833	3708.55
3317.85	-1591.61	3343.04
-1880.95	1244.18	2038.84
-1874.62	1013.62	2057.6
-1857.77	-470.14	2092.58
-2200.94	375.148	2476.8
-2154.84	310.678	2465.79
-1875.12	888.574	2173.45
-1975.8	-1231.73	2330.05
-1975.8	-1231.73	2330.05
-1959.56	-867.437	2324.67
-2007.45	-1405.29	2397.52
-1873.79	-26.0891	2230.6
-1873.79	-26.0891	2230.6
-1876.77	816.687	2255.06
-1988.01	-1275.2	2495.29
-1900.92	-780.544	2393.9
-1855.08	-706.606	2359.85
-1915.95	316.572	2494.23
-1880.23	1490.29	2451.61
-1907.12	192.072	2521.43
-2022.15	540.403	2687.69
-1841.69	635.379	2505.48
-1929.93	-1035.92	2729.99
-1846.93	816.635	2593.17
-1893.9	-508.676	2780.32
-1886.42	-401.564	2776.82
-1893.89	1712.54	2811.35
-1927.01	-815.55	2976.26
-1941.99	-940.369	3025.15
-1932.68	589.537	3186.76
-1914.96	191.035	3176.11
-1944.22	647.92	3268.62
-1898.11	1952.73	3159.79
-1567.35	1042.62	2674.74
-1912.07	-88.3711	3298.03
-1934.69	-598.54	3427.46
-1915.12	2232.07	3379.4
-1908.15	-385.362	3451.33
-1917.91	-171.179	3712.21
-2515.9	-2766.3	5373.77
-1435.41	395.151	3064.24
-2029.22	-765.528	4734.5
-1752.11	-1132.17	4122.57
-1926.58	-2148.88	4674.42
-1777.98	-976.015	4316.71
-2116.02	-2848.44	5289.39
-1607.73	-1000.08	4056.71
-1879.51	-2862.53	5550.41
-1734.96	-2305.18	5255.35
-939.216	127.873	3245.8
-779.345	466.759	2874.49
-847.511	1294.75	3395.39
-858.978	2101.84	3435.53
-861.738	1499.48	3502.28
-1629.13	-3412.17	7368.4
-1836.63	-4847.86	8936.86
-1747.82	-4008.65	8486.35
-1593.51	-4963.78	8442.27
-693.787	1689.23	3502.94
-691.243	1831.66	3561.08
1103.74	-995.89	6202.49
2834.78	-3952.44	9643.53
1254.27	2052.71	4353.53
2692.29	-4605.06	8481.05
2837.51	-3105.77	8892.96
2812.04	-4534.89	8692.05
1378.91	2023.94	4403.6
1919.26	580.125	5713.12
1919.26	580.125	5713.12
2753.7	-2023.14	8008.13
2776.27	-3844.88	7987.6
1813.68	1166.38	5234.78
1684.81	1878.31	4679.07
1684.81	1878.31	4679.07
1916.48	1187.15	5195.84
2915.64	-1608.47	7569.96
2679.84	-2730.92	6774.89
1893.48	1534.03	4845.46
2825.95	-2913.27	6974.91
2111.05	2149.08	4472.24
2672.37	-997.828	5411.85
2869.36	-1551.83	5781.4
2840.44	-1602.74	5664.01
2335.64	1676.85	4698.67
2765.86	-1146.23	5465.37
2468.38	1349.93	4880.75
2432.07	1647.17	4603.14
2084.85	2592.86	3963.52
2858.86	-2977.61	4968.49
2262.94	1955.34	4004.48
2639.82	-216.786	4590.94
3176.22	-3062.27	5298.2
2215.23	2432.73	3800.56
2740.26	-37.146	4527.69
3208.41	-2704.98	5211.67
3269.19	-3192.58	5187.76
2304.07	2261.85	3634.15
2589.2	671.099	3989.87
2727.04	-631.187	4097.05
2492.23	1259.12	3723.78
2721.15	-1433.65	3805.93
2713.69	-995.32	3725.91
2686.11	944.738	3664.36
2623.57	277.481	3549.18
2396.1	2143.1	3278.35
2380.08	1813.27	3219.5
2648.86	861.116	3497.94
2462.08	1527.83	3192.75
2889.47	-759.891	3653.85
2741.65	-1316.13	3449.77
3464.91	-304.286	4297.72
2839.05	-999.042	3473.55
3288.04	-705.785	3978.76
2590.02	708.903	3116.38
2578.22	704.88	3101.09
3239.41	-797.837	3821.86
2697.45	536.211	3167.79
5621.16	-3945.22	6446.01
3269.25	-900.045	3769.91
2683.1	544.051	3053.44
3460.88	-871.286	3633.81
3360.14	-1612.26	3385.85
-1891.49	1251.46	2049.69
-1880.16	-134.206	2115.02
-2200.31	374.892	2475.32
-2145.8	309.642	2455.34
-1893.64	896.437	2193.74
-1860.46	1331.91	2150.62
-2009.92	-1407.27	2402.32
-1982.82	-1272.24	2488.63
-1901.54	-877.243	2473.77
-1896.13	190.382	2507.57
-2015.47	538.59	2677.88
-1943.83	-1236.21	2666.51
-1913.39	297.882	2651.38
-1884.12	-627.427	2652.35
-1884.34	-507.272	2652.37
-1828.71	807.51	2568.79
-1828.71	807.51	2568.79
-1909.92	491.239	2715.44
-1905.69	-1141.33	2737.38
-1886.63	-401.665	2777.56
-1893.04	1711.94	2810.17
-1893.04	1711.94	2810.17
-1895.67	-298.564	2920.32
-1944.99	-943.26	3029.82
-1937.79	739.273	3163.47
-1937.79	739.273	3163.47
-1906.37	189.26	3164.08
-1909.04	-84.2901	3181.32
-1907.06	2045.4	3201.04
-1913.42	-86.4574	3299.63
-1830.83	1659.03	3150.52
-1831.27	1842.86	3184.55
-1921.32	-594.414	3404.03
-1839.14	-847.732	3510.7
-1464.87	459.911	3017.44
-2552.47	-2808.6	5456.89
-2552.47	-2808.6	5456.89
-1996.25	-756.286	4665.05
-1908.02	-2129.13	4631.56
-1425.36	1982.27	3372.84
-1761.03	-967.257	4276.78
-1198.7	463.227	2923.62
-2131.07	-2867.73	5326.73
-1637.02	-1016.59	4133.36
-1802.36	-2084.38	4624.91
-1853.79	-625.848	5440.19
-1061.18	124.101	3217.08
-1009.86	1992.85	3169.46
-1119.88	995.662	3571.18
-862.588	1650.05	3039.42
-771.662	461.633	2849.06
-809.874	589.053	3019.16
-849.128	1296.01	3398.61
-882.52	2154.96	3524.64
-882.52	2154.96	3524.64
-1561.43	-3117.27	7037.37
-1623.12	-3404.25	7356.16
-1601.21	-4988.87	8477.51
-707.551	1716.13	3559.17
-626.635	1684.34	3610.47
-708.769	577.795	4428.61
-1405.91	-4847.67	9747.74
-590.105	1620.94	4495.06
2808.81	-5491.16	10980.3
2918.11	-4060.71	9915.55
1277.47	2091.18	4438.94
2734.98	-4686.66	8623.18
1337.45	1952.44	4250.52
1471.58	2036.53	4471.68
1935.76	582.097	5765.16
1935.76	582.097	5765.16
2721.24	-3756.25	7815.13
1757.29	1648.21	4871.28
2720.5	-2149.64	7275.28
2725.41	-2050.67	7232.57
2688.92	-2741.13	6795.99
2829.61	-2916.15	6982.66
2014.73	1513.39	4892.13
2108.85	1558.28	4877.39
2129.17	1582.05	4760.49
2963.47	-3670.43	6250.85
2057.69	2091.59	4350.35
2865.56	-1550.83	5775.26
2849.03	-1471.62	5613.57
2812.01	-943.442	5354.93
2411.88	1632.16	4562.72
2078	2585.73	3950.67
2320.71	1996.72	4311.67
2738.5	-619.778	4795.97
2677.29	-217.252	4657.84
2736.9	-247.934	4697.08
2222.76	2441.23	3812.82
3192.45	-3085.64	5332.39
3172.33	-2673.92	5153.19
2358.69	579.559	3846.28
2633	519.576	4268.94
3306.61	-3245.37	5265.56
2736.73	-255.896	4349.28
2785.1	28.9857	4423.21
2320.79	2489.88	3620.84
2300.16	1161.7	3437.61
2750.8	-898.602	3955.69
2750.8	-898.602	3955.69
2748.48	-1448.13	3844.61
2628.67	927.273	3700.87
2949.75	-507.874	4111.77
2682.79	751.169	3749.63
2870.24	-809.104	3702.1
2356.5	1937.23	3074.47
2456.81	1524.11	3179.47
2399.22	1483.98	3077.91
2744.27	-1317.6	3453.67
3302.15	-709.126	3994.03
2464.59	1604.15	2972.08
2699.11	536.882	3170.11
2646.45	710.198	3107.82
2718.1	600.246	3163.53
5651.76	-3966.77	6483.79
5651.76	-3966.77	6483.79
2803.16	2005.14	3258.75
3187.65	-976.022	3544.22
3187.65	-976.022	3544.22
2604.19	696.442	2910.19
3506.98	-685.734	3858.81
-1860.5	1230.84	2017.31
-1895.96	1025.81	2078.02
-2213.71	377.306	2491.42
-2134.28	308.436	2443.22
-1873.26	887.69	2170.18
-1862.06	1333.9	2153.84
-1885.72	-25.6062	2243.97
-1885.72	-25.6062	2243.97
-1875.3	1486.17	2445.21
-1892.88	190.367	2502.94
-1871.34	-323.013	2487.29
-2033.62	543.323	2701.89
-1889.99	-617.084	2532.19
-1922.55	-1222.73	2638.28
-1875.34	-871.635	2638.39
-1836.05	811.406	2578.31
-1836.05	811.406	2578.31
-1894.44	-1134.54	2721.59
-1859.77	753.007	2668.68
-1907.12	408.252	2763.27
-1873.1	-398.736	2758.24
-1888.81	1707.58	2804.4
-1950.67	-945.209	3039.16
-1889.71	1820.82	2924.86
-1913.71	-702.282	3082.29
-1932.2	591.751	3184.11
-1892.74	188.364	3140.15
-1905.92	-84.7065	3176.64
-1931.03	730.022	3284.78
-1539.9	1024.58	2628.59
-1898.76	1989.17	3235.24
-1904.36	-87.5601	3284.55
-1895.53	-482.601	3289.73
-2096.68	-763.236	4214.65
-1450.42	455.863	2988
-2523.78	-2781.61	5397.23
-2523.78	-2781.61	5397.23
-2006.99	-758.589	4686.14
-1717.7	-1112.15	4048.7
-1906.44	-2127.56	4629.12
-1745.3	-958.207	4236.54
-2108.79	-2839.31	5272.89
-1793.77	-2075.23	4604.6
-1839.24	-2803.44	5434.12
-1850.36	-625.011	5429.5
-1061.36	124.818	3218.66
-832.784	1277.88	2539.73
-832.784	1277.88	2539.73
-1118.57	994.849	3568.22
-811.081	589.725	3023.48
-1018.69	2548.57	3798.14
-896.163	2188.56	3579.52
-849.62	1487.88	3474.64
-859.167	2068.12	3531.77
-1615.53	-3388.33	7321
-1865.8	-4391.94	8541.85
-1709.5	-3919.11	8300.54
-1409.06	-1011.52	7012.7
-627.552	1686.84	3616.31
-707.825	576.822	4419.01
-1474.28	-5093.28	10231.3
-591.017	1626.61	4510.5
2020.49	-5198.27	10910.7
2020.49	-5198.27	10910.7
2765.37	-4755.17	8730.87
2837.88	-3106.34	8897.43
1356.18	1988.7	4327.01
2825.06	-4549.16	8726.96
1929.51	583.841	5743.8
1929.51	583.841	5743.8
1828	1173.57	5283.32
2803.65	-1704	7680.08
2803.65	-1704	7680.08
2710.64	-2140.77	7246.28
2936.95	-1617.7	7625.65
2836.71	-3072	7159.22
2836.71	-3072	7159.22
2052.31	1367.67	4704.57
2052.31	1367.67	4704.57
2813.44	-2054.4	6255.35
2922.34	-3496.79	6292.84
2044.77	2077.51	4321.01
2783.32	-1267.95	5569.42
2349.26	1673.97	4719.48
2673.23	-585.013	5284.91
2094.59	2607.65	3982.76
2341	1845.88	4300.56
2276.18	1962.23	4032.67
2677.54	-218.624	4656.88
2726.28	-248.556	4678.92
2234.98	2454.38	3835.2
3180.66	-3075.13	5313.79
3178.39	-2684.72	5167.4
3331.63	-3277.69	5313.23
2807.35	-364.507	4335.9
2333.32	2502.93	3639.91
2383.67	1974.94	3579.84
2342.53	1182.2	3497.23
2754.2	-818.685	3991.56
2743.02	-1444.82	3836.74
2956.12	-509.537	4120.15
2705.6	756.577	3782.06
2624.35	278.121	3550.82
2624.35	278.121	3550.82
2428.14	1850.78	3285.8
2637.84	857.061	3482.18
2369.25	1947.9	3091.81
3440.97	-196.382	4393.24
2806.93	-1003.96	3544.55
2806.93	-1003.96	3544.55
2761.9	-1325.11	3474.33
2575	704.25	3095.83
2474.07	1609.99	2983.21
2660.42	716.39	3125.53
2680.98	531.559	3146.85
5744.87	-4031.58	6591.23
2822.81	2019.81	3282.78
3517.63	-609.001	4015.68
3374.99	-666.89	3845.94
3214.58	-985.45	3577.07
3214.58	-985.45	3577.07
3403.53	-1632.51	3428.98
-1878.06	1203.24	2055.59
-1865.87	1009.06	2046.48
-2201.42	375.916	2478
-2142.28	310.274	2453.48
-1895.46	895.966	2196.11
-1846.94	1323.68	2137.33
-2002.57	-1401.31	2393.36
-1890.76	-25.3023	2249.71
-1890.76	-25.3023	2249.71
-1972.91	-1266.58	2477.19
-1874.46	-769.542	2360.61
-1922.75	316.597	2500.68
-1893.9	190.704	2504.25
-2040.51	546.16	2712.95
-1939.31	-1234	2660.98
-1879.69	-874.713	2645.73
-1883.3	-505.929	2650.26
-1843.64	814.628	2589.5
-1874.38	758.762	2689.03
-1897.22	1690.2	2726.56
-1876.82	-399.32	2763.29
-1842.64	914.174	2711.7
-1937.12	-1044.38	2909.91
-1893.41	1711.97	2810.64
-1911.13	-808.792	2952.42
-1882.21	-555.302	3016.7
-1882.21	-555.302	3016.7
-1900.85	-697.994	3061.59
-1922.44	733.591	3139.89
-1898.73	188.623	3150.5
-1896.57	-84.2037	3161.75
-1940.19	646.895	3262.24
-1771.82	1590.43	2982.17
-1910.68	2067.87	3293.22
-1907.16	2223.01	3366.32
-1893.67	-285.122	3553.61
-1459.63	458.367	3006.24
-2520.18	-2776.1	5390.23
-2520.18	-2776.1	5390.23
-1998.08	-757.189	4666.98
-1706	-1104.14	4021.82
-1927.35	-2151.39	4676.27
-2131.84	-2868.41	5327.53
-1815.67	-2766.89	5369
-1850.55	-625.501	5430.89
-1061.53	124.292	3214.82
-1706.32	-2244.56	5284.21
-829.314	1272.71	2529.89
-980.615	1938.42	3083.42
-908.267	1929.43	3062.26
-823.891	436.271	2850.36
-1531.44	-1367.94	5373.45
-768.57	460.213	2839.97
-809.273	588.871	3016.94
-809.273	588.871	3016.94
-898.606	2195.75	3591.45
-867.413	1677.28	3579.58
-1557.57	-3111.92	7028.64
-1913.83	-4498.85	8747.96
-1703.61	-3909.94	8277.91
-740.278	2025.56	3445.49
-767.528	1629.69	3598.49
-1604.52	-5084.62	10229.4
-621.686	1448.15	4493.59
-606.209	1575.39	4641.08
769.46	122.667	5145.59
769.46	122.667	5145.59
1545.07	-3033.23	6061.21
2845.82	-3969.22	9682.87
1274.46	2086.12	4426.45
1368.8	2033.09	4416.09
2780.95	-3031.28	8698.57
2833.19	-4571.84	8758.1
2811.18	-2415.06	8356.37
2722.09	-3759.5	7821.55
1470.04	594.956	4243.08
1668.55	1860.71	4635.35
1668.55	1860.71	4635.35
2718.73	-2772.72	6873.85
2844.52	-3123.59	6940.04
2113.6	1561.74	4887.47
2153.88	1598.62	4815.55
2087.67	2122.24	4416.64
2712.18	-1014.13	5494.43
2866.58	-1554.51	5779.18
2910.3	-1645.88	5809.63
2202.13	2005.65	4367.33
2098.88	2611.22	3990.13
2677.58	1395.67	5041.07
2307.62	2162.35	4331.42
2715.21	-384.631	4765.17
2860.89	-2977.55	4971.45
2773.61	-869.313	4821.41
2659.58	-216.56	4624.56
2249.95	2467.6	3863.84
3138.79	-3033.71	5242.67
3196.14	-2700.47	5197.26
2400.3	589.223	3912.34
3258.48	-3204.85	5194.98
2735.36	186.533	4314.23
2775.76	95.6299	4288.04
2352.28	1949.83	3534
2526.95	1275.63	3776.34
2819.4	373.56	4175.69
2740.37	-1295.72	4012.45
2381.44	1897.49	3398.35
2746.41	-1445.69	3840.61
2621.11	924.993	3690.6
2741.04	-853.183	3812.2
2673.45	747.927	3737.83
2376.83	1531.25	3310.43
2409.17	2156.39	3298.46
3310.19	-422.857	4380.58
2365.63	1943.02	3087.34
2819.19	-794.744	3633.36
2793.37	-1342.74	3516.97
2632.19	658.6	3193.66
2480.51	1615.19	2991.16
2689.46	534.212	3157.72
2687.83	592.275	3126.31
3278.89	-903.561	3781.95
2800.78	2002.08	3256.72
5679.38	-3986.2	6514.49
2614.41	699.892	2921.01
3720.93	-494.972	4122.98
3871.91	-368.984	4269.89
3375.86	-876.068	3703.95
3439.19	-1649.87	3465.07
