-1882.81	1247.52	2041.86
-1951.88	-535.905	2228.33
-2096.86	211.532	2381.87
-2212.84	318.777	2533.49
-2073.59	-1450.27	2474.73
-2009.46	-887.522	2382.31
-1917.92	908.627	2220.75
-1909.4	1318.57	2216.05
-1946.2	-658.07	2380.77
-2048.48	-1313.52	2570.9
-1899.29	1505.14	2476.49
-1873.29	644.67	2548.57
-1978.9	-1061.53	2798.86
-1954.55	303.917	2707.71
-1954.55	303.917	2707.71
-1944.16	-521.492	2735.15
-1961.67	-1173.82	2816.66
-1870	827.79	2624.93
-1927.07	-410.594	2837.52
-1948.47	-23.8721	2878.92
-1867.89	926.809	2749.57
-1968.47	-832.918	3040.24
-1955.73	524.913	2959.61
-1945.85	-19.2527	2977.62
-1997.43	-967.967	3111.6
-1959.82	747.156	3198.55
-1958.21	-204.346	3258.44
-1950.03	193.694	3234.64
-1968.34	654.11	3309.91
-1950.2	-191.13	3347.1
-1919.42	2061.83	3218.24
-1584.54	1051.62	2704.17
-1864.76	1877.43	3235.7
-1772.87	-818.586	3397.31
-1504.83	472.084	3097.26
-2035.9	-829.592	4475.88
-2035.9	-829.592	4475.88
-1918.43	-1434.47	4480
-1760.53	-1138.29	4144.41
-2024.8	-776.202	4745.7
-1962.13	-2190.7	4763.91
-1762.66	-968.747	4283.18
-2120.4	-2854.58	5304.9
-1452.55	2018.12	3434.61
-1852.35	-2143.99	4757.29
-846.577	1298.47	2581.95
-875.248	1672.54	3084.64
-792.538	473.401	2922.49
-824.986	600.702	3075.17
-1609.32	-3214.64	7253.7
-1915.9	-4513.12	8770.86
-907.317	2215.88	3623.49
-907.317	2215.88	3623.49
-891.051	1719.65	3673.11
-1691.5	-3887.42	8231.13
-716.695	1740.12	3609.8
-1515.58	-5210.64	10481.5
-626.662	1461.85	4530.65
-605.241	1666.07	4614.67
670.075	85.7163	4777.87
670.075	85.7163	4777.87
2072.36	-5339.58	11196.4
2072.36	-5339.58	11196.4
2021.94	-3065.49	9110.76
2021.94	-3065.49	9110.76
2998.29	-5864.43	11729.6
2780.35	-4771.55	8769.26
1291.14	2089	4430.19
1407.02	2071.48	4486.64
1966.17	591.025	5855.68
1966.17	591.025	5855.68
1834.23	1176.83	5296.75
2872.05	-2960.1	7087.8
2864.89	-2514.92	6707.48
2869.13	-2200.11	6490.61
2958.48	-3533.19	6347.46
1947.44	2168.12	4436.57
2900.72	-1570.93	5846.14
2123.43	2159.95	4482.2
2510.19	1373.97	4951.43
2788.91	1274.5	5192.82
2108.64	2624.78	4008.78
2363.26	1865.63	4323.43
2803.9	878.301	4975.68
2727.59	-223.285	4745.54
2975.8	522.427	5185.11
2765.36	1789.79	4872.21
3217.17	-3065.3	5340.72
2758.39	-837.461	4597.6
2758.39	-837.461	4597.6
3198.24	-2689.26	5190.64
3198.24	-2689.26	5190.64
2697.83	-125.196	4491.94
2732.08	229.222	4378.14
2848.17	-373.39	4397.55
2754.93	-638.887	4138.89
2733.11	-1293.25	4002.37
2762.14	590.495	4083.26
2740.39	-816.033	3971.41
2393.65	1992.73	3587.97
2770.58	-1401.05	3924.3
2738.02	336.999	3945.72
2769.01	-1458.35	3873.09
2703.12	956.042	3810.38
2426.64	1941.27	3455.49
2723.2	2700.39	3835.96
2470.81	1597.19	3427.83
2709.33	951.596	3695.25
2430.24	2000.33	3175.41
2666.33	667.449	3233.64
2660.98	728.576	3202.62
2660.98	728.576	3202.62
2495.77	1626.88	2999.36
2761.66	606.809	3211.23
3487.98	-689.858	3977.16
2912.58	-1147.31	3286.03
2812.13	2012.04	3273.64
3275.42	-1190.13	3608.91
3916.99	-520.983	4340.78
3228.94	-1119.94	3406.46
3133.76	-1489.02	3246.36
3508.03	-1683.41	3537.14
-2219.68	275.011	2377.39
-1892.65	1253.35	2052.2
-1894.36	1024.58	2078.15
-2236.82	380.699	2516.44
-2085.62	210.651	2370.07
-2022.58	-1258.13	2382.74
-2066.53	-1446.03	2467.04
-1975.3	-874.33	2345.19
-1903.77	901.803	2206
-1948.56	-409.826	2317.84
-1930.06	-26.6149	2297.38
-1930.06	-26.6149	2297.38
-1952.72	-660.135	2388.36
-2051.39	-1315.78	2574.49
-1950.82	321.308	2541.55
-1941.21	194.947	2566.94
-1901.99	1507.09	2480.1
-1878.14	646.308	2553.77
-1878.14	646.308	2553.77
-1945.81	-904.471	2738.31
-1984.88	-1064.4	2806.82
-1953.18	-1168.59	2805.12
-1867.5	826.232	2622.39
-1867.5	826.232	2622.39
-1917.94	1736.84	2844.7
-1941.85	-425.2	2987.13
-1917.34	-109.382	2978.09
-1958.44	546.6	3061.42
-1950.17	-715.515	3141.15
-1939.29	192.918	3217.69
-1956.11	650.631	3290.1
-1913.58	2055.69	3208.8
-1950	19.3466	3372.72
-1527.47	1208.37	2584.55
-1591.87	1056.69	2716.02
-1925.37	2088.51	3312.69
-2052.76	-939.785	3892.63
-1483.61	466.534	3056.95
-2074.56	-844.555	4558.98
-1996.66	-1490.46	4653.29
-2018.38	-772.243	4728.42
-2007.49	-2239.39	4871.5
-1785.56	-980.893	4335.7
-1817.18	-2128.04	4890.75
-1685.63	-1239.76	4759.09
-1424.2	2580.23	3845.99
-872.043	1666.49	3072.44
-789.47	471.574	2913.76
-789.47	471.574	2913.76
-1654.38	-3470.4	7497.58
-1940.75	-4565	8872.78
-881.065	1702.03	3634.24
-839.829	1710.2	3586.49
-1785.81	-4102.37	8681.11
-680.174	1443.64	3470.58
-1641.38	-5202.66	10458.7
-722.514	588.707	4509.79
-629.332	1465.88	4549.76
633.598	74.7264	4457.94
633.598	74.7264	4457.94
2032.43	-3073.72	9152.89
2848.85	-3973.63	9676.59
2768.97	-4751.88	8733.46
2811.56	-4517.98	8669.31
1422.77	2094.43	4536.83
1838.38	1180.71	5301.71
2785.72	-2201.92	7453.12
1698.67	1890.5	4682.74
1698.67	1890.5	4682.74
2737.24	-2791.04	6918.35
2893.73	-2982.27	7139.99
2146.2	1601.94	4949.18
3033.09	-3627.34	6518.74
2962.55	-2448.39	6437.2
2081.41	1694.66	4622.65
2842.68	-1634.34	6022.42
2922.2	-1512.16	5759.81
2820.41	-1169.53	5574.97
2506.08	1371.94	4945.32
2109.15	2626.19	4009.55
2354.72	1857.03	4304.74
3062.32	535.538	5338.72
2318.96	2004.24	4102.54
2739.82	-723.957	4675.96
3220.89	-3072.66	5348.97
2747.02	-314.866	4564.74
2743.26	-123.597	4555.9
2260.39	2485.96	3876.55
2755.15	-1027.28	4360.42
2789.06	-260.893	4431.57
2324.41	2288.73	3658.02
2798.83	208.693	4275.25
2325.44	2285.29	3644.95
2560.85	1302.25	3835.35
2706.15	578.983	3998.62
2369.89	1971.81	3549.75
2756.8	-898.345	3959.95
2776.39	-1405.42	3933.85
2764.97	-1520.73	3811.86
2689.88	949.347	3788.9
2672.37	353.188	3736.99
2428.68	1942.67	3457.31
2721.3	881.978	3754.58
2429.58	1570.22	3371.04
3571.45	-313.962	4433.97
3321.06	-661.714	4080.56
2677.86	670.21	3248.48
3715.21	-530.885	4363.93
2491.54	1623.95	2994.21
2723.59	542.139	3198.28
2678.31	721.942	3147.43
2785.34	1992.4	3241.18
3326.93	-1208.6	3665.66
4005.61	-533.532	4442.28
2628.1	706.315	2933.56
3396.59	-995.881	3585.1
3288.9	-1203.96	3428.76
3417.49	-1637.61	3441.91
-2237.59	276.579	2394.83
-1903.72	1029.81	2087.52
-1906.96	1222.06	2086.62
-2098.88	211.746	2384.92
-2062.97	-1443.74	2462.9
-1968.34	-871.402	2337.43
-1906.14	903.194	2208.46
-1926.98	-405.756	2293.31
-1932.61	-26.4943	2299.97
-1962.52	-663.38	2399.87
-2044.2	-1310.44	2565.63
-1937.3	85.5126	2431.86
-1944.58	194.842	2571.33
-1950.41	-636.371	2613.49
-1981.78	-1063.73	2803.23
-1932.15	-643.093	2720.12
-1962.27	-1173.87	2817.8
-1874.58	829.352	2632.23
-1916.81	493.927	2727.18
-1916.81	493.927	2727.18
-1913.97	1632.17	2711.66
-1880.89	933.428	2767.93
-1914.4	1733.74	2839.95
-1941.22	-306.195	2990.79
-1941.91	-573.676	3113.32
-1947.2	-714.944	3136.46
-1956.04	746.053	3192.97
-1945.71	193.874	3227.76
-1952.28	-86.6698	3253.22
-1958.07	650.752	3292.73
-1935.15	2116.08	3211.68
-1814.19	1632.35	3045.43
-1592.79	1057.5	2717.01
-1867.7	1699.67	3212.57
-1927.62	2091.2	3316.08
-1791.64	-827.076	3433.74
-1949.54	-175.162	3774.33
-1536.92	435.269	3020.18
-1783.94	-1152.45	4191.16
-2010.21	-767.914	4707.62
-1969.81	-2197.81	4779.95
-1801	-989.408	4375.58
-1868.91	-2160	4790.41
-1012.52	1997.7	3177.37
-1762.82	-2206.66	6509.38
-873.305	1669.19	3077.77
-788.886	471.063	2911.31
-788.886	471.063	2911.31
-862.8	1316.91	3452.66
-1678.72	-3516.98	7596.11
-927.194	2261.93	3699.3
-927.194	2261.93	3699.3
-1588.23	-3175.05	7169.24
-1937.38	-4561.61	8866.02
-875.389	1692.88	3614.31
-697.884	1852.95	3600.39
-630.437	1465.73	4555.79
639.396	79.2668	4497.71
639.396	79.2668	4497.71
2044.54	-3100.41	9218.12
2044.54	-3100.41	9218.12
2755.08	-3830.78	9333.42
1221.09	2055.23	4495.8
1221.09	2055.23	4495.8
2791.76	-4786.67	8803.07
1304.34	2114.07	4473.94
2824.1	-4545.92	8714.87
1957.9	589.366	5830.48
2762.34	-2817.99	6986.45
2884.59	-3167.32	7037.92
2860.09	-2510.02	6695.42
3059.13	-3508.25	6997.05
2144.47	1600.43	4944.49
2754.97	-1342.67	5811.31
2167.09	2206.28	4578
2885.38	-1562.5	5814.51
2863.23	-1187.65	5661.86
2513.04	1375.8	4959.76
2448.65	1662.57	4640.63
2755.23	-652.534	5043.61
2111.92	2629.59	4014.5
2328.66	2003.01	4313.77
2954.83	-3086.63	5151.43
2789.25	874.42	4948.65
3053.84	534.103	5323.73
2295.52	1982.65	4059.68
2722.61	-126.059	4533.37
2289.99	2520.06	3929.63
2757.91	-1121.96	4257.11
2600.49	-1934.91	3973.38
2758.37	-553.671	4280.62
2330.66	2294.98	3667.32
2773.54	204.293	4234.55
2915.06	-205.93	4422
2686.86	459.395	4065.51
2744.58	-1295.98	4017.33
2500.65	1270.95	3742.4
2373.59	1974.22	3555.96
2769	-1400.93	3922.82
2687.11	355.155	3758.13
2447.51	1958.37	3485.38
2776.49	-1605.07	3718.91
2389.69	1543.24	3312.87
2710.52	953.554	3697.16
2388.85	2138.01	3269.32
2673.2	868.055	3529.05
3291.96	-549.481	4125.74
2621.34	718.34	3154.96
2528.43	1647.89	3039.16
2737.09	544.205	3213.6
2687	722.306	3157.02
2764.27	607.43	3214.43
2774.66	1984.35	3228.34
2861.54	-1126.35	3226.32
3312.86	-943.823	3716.99
5536.97	-3352.16	6106.32
3568.34	-698.367	3928.32
3401.05	-881.271	3731.92
3234.72	-1182.86	3370.32
3821.31	-696.087	3955.57
3383.52	-1622.29	3409.23
-2279.78	282.449	2439.69
-1914.85	1034.75	2099.15
-2208.76	376.503	2486.39
-2100.71	211.707	2386.35
-2067.03	-1446.55	2467.01
-1908.31	903.199	2211.26
-1968.31	-871.871	2337.66
-2040.92	-1308.85	2561.94
-1939.47	85.5938	2434.11
-1934.21	-334.254	2571.99
-1939.58	194.55	2564.93
-1904.61	1509.04	2483.18
-1904.61	1509.04	2483.18
-1868.15	738.092	2499.63
-1868.15	738.092	2499.63
-1948.55	-647.008	2741.55
-1982.88	-1064.91	2805.21
-1958.05	-1171.45	2811.71
-1920.95	495.8	2734.02
-1920.95	495.8	2734.02
-1995.23	-1074.34	2997.03
-1966.26	-832.48	3037.17
-1932.89	-19.9275	2960.11
-1946.31	-196.093	3118.33
-1966.68	749.484	3210.56
-1943.2	-85.6132	3238.71
-1944.78	796.792	3255.52
-1842.26	1655.05	3088.35
-1918.99	2061.27	3217.32
-1566.02	1238.75	2650.69
-1585.37	1052.78	2704.91
-1845.91	1857.55	3208.27
-2174.65	-813.564	4051.62
-1535.02	434.926	3016.94
-2086.91	-848.348	4580.98
-2002.26	-1494.61	4659.45
-1982.46	-758.593	4647.88
-1984.59	-2213.5	4812.82
-2120.18	-2855.17	5304.85
-1835.6	-1746.45	4874.29
-1891.59	-634.676	5552.6
-1656.9	-2583.11	6304.51
-877.24	1676.81	3090.94
-796.793	475.344	2937.18
-796.793	475.344	2937.18
-825.842	601.544	3078.91
-825.842	601.544	3078.91
-861.749	1315.39	3448.78
-883.451	2165.72	3541.37
-1918.54	-4517.09	8779.85
-1777.03	-4082.39	8637.53
-784.723	1663.93	3673.92
-1856.53	-5186.48	10590.5
-709.442	1723.86	3576.28
-611.57	1587.92	4680.49
638.022	78.7482	4482.25
638.022	78.7482	4482.25
2058.1	-5301.1	11120.9
2058.1	-5301.1	11120.9
2009.88	-2707.28	8758.1
2750.92	-3827.12	9324.54
2788.09	-4786.62	8795.32
3001.56	-2824.53	8775.01
1849.59	1189.58	5342.63
1732.74	1927.34	4777.24
1732.74	1927.34	4777.24
2983.37	-1647.82	7745.76
2746.89	-2801.5	6945.49
2884.64	-2973.81	7120.51
2856.33	-2506.32	6686.33
2042.25	1557.1	4941.28
3066.99	-3518.41	7015.83
2907.99	-1821.54	5969.7
2154.97	2193.54	4551.48
2876.47	-1556.19	5794.64
2753.06	-910.986	5418.78
2873.46	-1082.48	5546.08
2526.51	1382.95	4985.16
2094.55	2608.1	3982.43
2332.75	2005.04	4323.15
2971.67	-3105.77	5181.63
2800.4	877.408	4969.03
2649.98	-216.499	4608.45
3060.86	535.352	5336.69
2736.24	1768.3	4818.44
2311.69	1998.18	4086.64
2288.21	2517.39	3924.25
2727.66	-578.504	4344.12
2778.48	-1131.4	4290.66
2750.74	-2043.33	4202.11
2743.45	-548.032	4254.17
2335.41	2295.15	3660.12
2915.61	-206.335	4421.25
2785.53	-1209.3	4171.39
2537.79	1289.9	3798.75
2395.56	1994.17	3590.65
2779.06	-1406.31	3937.73
2712.01	358.804	3794.47
2689.71	751.834	3758.52
2407.16	1555.32	3339.09
2768.89	-1600.08	3708.05
2693.64	862.707	3655.68
2740.18	792.001	3601.16
3555.7	-203.161	4541.9
2442.9	2012.71	3192.35
3463.02	-396.206	4179.25
2683.85	671.365	3254.32
2613.56	716.365	3145.52
3220.32	-793.077	3798.17
2732.98	543.516	3208.82
2761.31	605.679	3209.37
3069.57	-1212.17	3475.98
2807.02	2008.41	3268.21
3355.02	-954.894	3763.59
3920.73	-521.125	4340.32
3063.64	-1454.1	3169.92
-1892.56	1253.5	2051.8
-1915.69	1035.37	2099.95
-2239.88	381.637	2519.99
-2090.14	210.892	2374.79
-2034.58	-1266.94	2397.97
-2067.96	-1447.11	2468.52
-1986.04	-878.807	2357.47
-1901.04	900.872	2202.94
-1955.97	-411.635	2326.05
-1913.01	-25.7547	2277.14
-1949.98	-659.283	2385.47
-1910.19	829.701	2294.85
-2047.3	-1312.48	2569.38
-1938.26	318.201	2523.91
-1936.36	194.216	2560.72
-1901.94	1507.27	2479.52
-1865.11	642.535	2537.68
-1865.11	642.535	2537.68
-1985.44	-1065.48	2807.99
-1936.65	-644.081	2725.88
-1955.95	-1170.46	2809.05
-1869.18	826.595	2625.13
-1913.77	1733.18	2839.1
-1973.76	-835.947	3048.61
-1938.34	-305.367	2986.07
-1946.06	-196.29	3117.76
-1980.46	-840.884	3229.2
-1956.28	744.853	3194.79
-1925.46	191.363	3195.88
-1948.48	-86.7604	3247.27
-1910.81	2027.92	3127.15
-1951.49	648.617	3282.53
-1859.78	1669.96	3116.68
-1919.72	2062.41	3218.67
-1560.51	1233.97	2642.26
-1590.71	1055.63	2714.43
-2048.1	-937.841	3885.53
-2165.92	-847.906	4456.74
-2051.75	-835.585	4510.51
-2008.05	-1498.08	4669.23
-2017.18	-771.908	4726.94
-2005.17	-2234.53	4860.27
-2165.34	-2911.19	5409.68
-1220.02	470.875	2971.46
-2008.35	-1974.98	5078.67
-1684.37	-1239.68	4753.71
-1410.4	2556.08	3809.42
-1095.44	128.492	3316.71
-826.203	601.685	3080.46
-836.436	1773.56	3243.24
-1327.34	-592.13	5556.56
-893.724	2181.59	3568.59
-1667.82	-3497.71	7556.8
-1937.33	-4557.57	8857.69
-1761.04	-4048.03	8565.06
-1603.3	-5010.18	8495.4
-789.643	2153.56	3667.74
-704.141	1713.65	3555.28
-634.481	1704.3	3657.55
-715.438	583.668	4472.27
-628.693	1463.98	4546.66
640.529	79.5686	4485.72
640.529	79.5686	4485.72
2902.63	-5683.61	11361
2905.16	-4060.76	9883.82
1217.74	2049.71	4483.31
2862.88	-4610.98	8840.71
2811.22	-2067.88	8179.76
1858.72	1192.79	5365.32
2750.49	-2172.63	7352.12
1694.5	1581.64	4605.19
2967.6	-1637.52	7705.87
2750.22	-2804.72	6951.8
2878.46	-2966.39	7103.08
2864.7	-2514.79	6707.57
2029.2	1546.62	4909.41
1990.46	2221.29	4540.65
2901.34	-1571.88	5847.78
2739.1	-906.926	5389.04
2397.12	1724.93	4824.93
2889.8	-1280.41	5562.22
2486.94	1360.67	4904.42
2117.84	2636.2	4025.99
2948.84	-3079.98	5140.37
2365.64	1868.52	4328.41
2809.63	881.371	4986.68
2703.04	-221.442	4700.54
3035.01	530.518	5291.13
2315.31	2000.82	4092.97
2768.88	-251.815	4752.11
2752.69	-726.401	4697.9
3283.49	-3136.45	5455.94
2280.2	2508.3	3909.34
2762.75	-929.321	4490.42
2738.43	230.617	4384.84
2773.12	-2059.58	4236.68
2740.97	-547.358	4249.29
2319.61	2282.87	3649.83
2634.76	681.415	4060.23
2719.93	198.961	4152.84
2750.56	-1194.13	4118.12
2376.6	1207.13	3558.11
2763.42	-1397.77	3914.2
2700.33	954.122	3805.77
2682.08	354.717	3751.4
2401.43	1919.73	3416.43
2723.46	-1370.51	3680.33
2450.23	1583.91	3386.87
2721.65	-1098.76	3627.56
2718.87	870.129	3690.63
2446.83	2015.34	3198.24
2361.75	1474.95	3063.11
2698.79	674.488	3271.76
2590.37	709.664	3118.65
2953.24	-1077.45	3462.63
2953.24	-1077.45	3462.63
2719.48	540.124	3191.58
2787.29	1994.18	3244.38
2871.41	-1129.76	3235.77
3860.07	-512.96	4272.45
3522.6	-689.411	3876.11
2631.06	1814.82	2943.23
2733.86	610.102	2989.96
3068.85	-1457.17	3176.61
