-2210.52	273.664	2364.94
-1869.31	1236.87	2026.97
-1867.24	1009.12	2049.38
-2135.14	308.982	2445.18
-1894.15	888.19	2188.22
-2009.02	-1406.32	2399.37
-1869.49	-26.2579	2225.22
-1869.49	-26.2579	2225.22
-1898.91	-778.384	2390.41
-1866.57	965.021	2385.72
-1858.6	960.176	2376.42
-1883.54	1492.85	2455.98
-1900.28	190.733	2513.24
-1898.74	-619.567	2543.6
-2020.73	539.353	2684.91
-1843.62	635.682	2507.48
-1918.68	298.789	2658.26
-1920.46	-1030.6	2716.57
-1887.93	-507.954	2657.14
-1898.41	-1137.17	2726.15
-1907.06	1625.94	2701.32
-1878.93	-400.635	2766.88
-1917	514.799	2901.71
-1965.19	-951.607	3059.33
-1930.58	620.811	3039.69
-1910.62	-701.525	3076.65
-1896.44	187.491	3148.32
-1909.25	1965.7	3176.09
-1801.31	1614.16	3025.94
-1489.08	1178.53	2530.98
-1568.6	1044	2676.17
-1914.25	20.6741	3310.57
-1916.68	2234.92	3382.36
-1839.49	-847.906	3508.88
-1922.47	-170.903	3719.64
-2107.59	-902.488	4230.12
-1491.96	468.396	3070.6
-2565.41	-2823.85	5484.58
-2004.38	-815.752	4404.43
-2004.38	-815.752	4404.43
-1964.44	-2189.35	4761.83
-2094.99	-2821.29	5240.46
-1736.05	-2032.99	4675.53
-1652.49	-1216.06	4667.31
-1702	-1531.83	5192.52
-1071.44	125.308	3244.8
-834.308	1280.46	2545.03
-834.308	1280.46	2545.03
-1148.21	1050.57	3552.76
-1121.26	997.438	3575.5
-825.102	437.391	2856.67
-1603.33	-1558.66	6405.69
-893.575	2181.6	3568.63
-1579.79	-3153.41	7118.38
-1888.4	-4441.85	8637.32
-833.789	1697.72	3559.82
-1849.01	-4888.74	9011.89
-1713.65	-3937.33	8333.42
-774.407	1643.12	3627.09
-672.231	1426.4	3428.71
-704.854	575.897	4411.07
726.205	75.3969	5267.41
726.205	75.3969	5267.41
2042.27	-3725.46	9736.06
1181.2	2003.66	4396.29
2713.06	-3773.53	9202.6
2920.56	-4705.37	9016.69
2648.15	-2149.55	8168.4
2896.51	-2492.23	8616.57
1967.86	589.292	5864.12
1967.86	589.292	5864.12
1835.67	1181.15	5300.12
1818.55	1710.77	5041.16
1916.58	1555.17	4902.16
2010.32	2246.85	4601.07
2915.17	-2361.4	6399.69
2944.79	-3525.27	6341.17
2920.63	-2258.38	6107.04
2888.27	-1564.41	5820.91
2363.59	1685.51	4748.26
2895.3	-1286.65	5578.21
2696.82	991.461	5213.32
2476.42	1111.5	4733.56
2113.11	2628.45	4018.34
2281.45	2137.56	4276.92
2349.66	2022.49	4364.19
2752.66	-699.543	4989.43
2941.9	-3066.49	5115.28
2678.29	-217.771	4655.56
2778.91	-813.584	4719.76
2725.57	-121.757	4528.01
3378.87	-3295.32	5357.18
2332.03	2291.39	3676.18
2928.05	-206.296	4443.88
2327.62	1176.13	3475.28
2378.5	1973.1	3571.87
2649.66	934.238	3729.88
2646.32	350.755	3700.12
2646.32	350.755	3700.12
2681.54	1728.47	3736.68
3027.1	-628.161	4092.95
2759.15	-1594.92	3695.14
2670.35	866.635	3523.92
2380.63	1957.08	3108.06
3211.62	-670.71	4089.51
2444.86	1517.92	3162.64
2809.23	-1350.75	3537.79
2837.46	-1024.1	3574.71
2864.27	-1008.03	3502.91
2667.71	666.928	3235.37
2501.99	1629.19	3014.22
2692.08	533.67	3158.75
5867.15	-4118.76	6731.99
2767.95	611.312	3221.24
2835.82	2029.2	3299.74
3410.41	-793.586	3822.96
3333.88	-1022.02	3708.42
3333.88	-1022.02	3708.42
2658.5	712.331	2970.25
3805.3	-505.401	4207.03
3250.38	-1189.73	3388.08
3406.8	-1635.04	3433.14
-2178.78	269.984	2332.81
-1871.09	1237.44	2028.58
-1824.62	986.348	2002.18
-2132.35	308.028	2441.36
-1886.85	886.394	2180.08
-1948.74	-861.023	2310.86
-2003.98	-1402.5	2393.44
-1869.85	-25.7362	2225.6
-1869.85	-25.7362	2225.6
-1885.52	-773.342	2374.15
-1900.01	190.717	2512.78
-2016.94	538.796	2680.13
-1842.94	635.675	2506.66
-1919.6	298.989	2659.45
-1884.05	-506.658	2651.91
-1836.73	811.319	2579.58
-1900.99	-1138.45	2730.17
-1902.52	1622.32	2695.06
-1930.01	-924.991	2851.26
-1882.91	-400.911	2772.04
-1845.58	915.745	2715.55
-1901.25	1720.21	2821.61
-1920.4	-813.256	2966.88
-1954.75	-947.347	3043.62
-1931.19	621.603	3040.32
-1905.85	-699.575	3069.25
-1932.59	736.406	3156.27
-1902	187.865	3157.46
-1804.16	1616.31	3030.23
-1903.3	-185.551	3267.49
-1496.04	1183.53	2542.1
-1552.1	1032.39	2649.44
-1910.5	2001.99	3254.47
-1929.79	2090.84	3323.67
-1905.27	-285.588	3573.81
-2086.8	-896.508	4193.93
-1441.94	453.766	2972.58
-2579.63	-2839.75	5515.75
-1998.86	-813.165	4392.81
-1998.86	-813.165	4392.81
-1723.53	-1111.91	4055.7
-1940.06	-2165.32	4705.02
-2144.43	-2883.15	5355.65
-1795	-2077.14	4609
-1418.22	2569.77	3831.27
-835.348	1281.11	2547.87
-835.348	1281.11	2547.87
-1149.35	1052.08	3555.89
-833.12	440.881	2879.25
-1487	-1344.2	5604.92
-1594.17	-1550.98	6360.1
-912.799	2219.86	3630.66
-868.298	1680.01	3586.62
-1645.6	-3448.83	7448.81
-1901.74	-4471.89	8695.43
-1725.14	-3961.99	8386.36
-778.413	1651.64	3645.79
-672.493	1426.7	3430.03
-705.419	576.48	4416.91
-1460.18	-5045.26	10136.7
-623.581	1455.96	4507.3
720.032	74.4704	5226.71
720.032	74.4704	5226.71
2064.04	-4376.16	10370.7
1612.99	-3180.27	7907.88
2012.71	-2717.57	8779.11
1184.52	2009.86	4409.44
3046.02	-3338.55	9561.78
1937.11	586.365	5765.24
1937.11	586.365	5765.24
1824.81	1174.1	5266.17
1642.4	1824.51	4545.29
1909.11	1550.57	4881.89
2830.54	-2169.41	6399.94
1986.11	2219.71	4544.56
2904.76	-2353.77	6377.02
3086.45	-3318.52	6546.7
2906.01	-2247.58	6076.95
2809.86	-1281.83	5625.33
2365.16	1699.85	4758.92
2796.61	-937.63	5327.99
2441.78	1653.43	4620.51
2112.83	2628.2	4018.42
2851.55	1200.23	5173.73
2936.34	-3060.29	5104.95
2689.56	-217.025	4676.95
2329.88	2012.66	4122.28
2721.15	-395.987	4608.91
2243.62	2466.06	3848.25
3340.27	-3259.31	5298.44
2804.12	29.8422	4453.76
2322.45	2283.12	3662.52
2948.17	-208.06	4473.67
2343.08	1184.61	3500.99
2369.8	1966.96	3558.41
2788.83	-1005.68	3916.05
2978.76	-513.013	4151.91
2687.1	1732.57	3742.67
2676.96	284.697	3623.1
2656.16	851.582	3604.53
2668.34	867.409	3522.73
2782.65	-1479.73	3595.79
2986.12	-698.791	3882.57
2491.43	1547.8	3226.36
2811.01	-1351	3539.13
2831.75	-1021.55	3567.99
2687.22	505.28	3402.59
2668.94	668.179	3238.7
2586.83	707.057	3112.08
2521.97	1642.94	3039.42
2720.71	540.782	3194.84
5725.62	-4019.24	6565.9
5725.62	-4019.24	6565.9
2761.84	610.145	3214.53
2804.83	2005.24	3260.68
3305.04	-1110.83	3568.28
3611.34	-653.806	3906.35
3611.34	-653.806	3906.35
3328.51	-1218.64	3470.26
3468.45	-1020.56	3560.49
3400.37	-1631.19	3425.56
-2175.5	269.639	2329.4
-1872.87	1239.61	2031.12
-1851.33	-467.581	2084.07
-2131.14	308.215	2440.97
-1887.06	884.799	2181.25
-1997.86	-1398.19	2386.47
-1878.2	-25.8832	2235.2
-1904.2	-643.928	2328.09
-1893.65	1408.39	2329.11
-1885.49	-773.535	2374.71
-1866.22	964.789	2385.23
-1858.37	960.021	2376.07
-1898.17	190.637	2510.53
-2013.12	537.771	2675.48
-1837.35	633.605	2499.18
-1910.86	297.466	2647.77
-1871.25	-221.799	2611.98
-1923.15	-1032.2	2720.12
-1885.62	-506.64	2653.91
-1902.82	-1140.15	2732.61
-1907.7	1626.63	2701.95
-1883.94	-401.019	2773.57
-1915.59	513.767	2899.5
-1965.65	-953.23	3059.93
-1909.05	-701.042	3074.18
-1922.44	190.831	3189.75
-1923.42	639.78	3235.29
-1496.73	1183.41	2543.09
-1548.47	1030.24	2644.18
-1921.85	2015.02	3272.19
-1922.21	2082.15	3311.21
-1910.36	-286.86	3583.76
-1875.73	-863.186	3570.93
-1893.71	1955.39	3558.49
-1922.76	-170.201	3720.1
-2104.89	-765.965	4230.59
-1463.73	459.813	3015.77
-2572.1	-2829.63	5496.85
-1995.15	-811.62	4385.66
-1995.15	-811.62	4385.66
-1712.95	-1106.77	4030.96
-1931.99	-2156.71	4687.98
-2105.89	-2836	5268.48
-1668.87	-1231.81	4707.4
-1739.75	-2279.58	5358.55
-1068.49	124.921	3240.3
-835.236	1281.3	2547.48
-835.236	1281.3	2547.48
-1155.09	1056.95	3571.12
-1003.19	1979.48	3147.21
-833.231	441.44	2882.71
-883.428	2159.17	3531.65
-1568.58	-3132.76	7073.15
-1637.4	-3430.26	7406.51
-1898.76	-4461.98	8675.89
-834.551	1698.75	3563.36
-773.313	1641.24	3622.99
-697.986	571.34	4374.3
-1472	-5088.6	10219.4
-599.171	1648.94	4574.1
713.1	73.0322	5172.41
713.1	73.0322	5172.41
3025.24	-3303.26	9482.09
2889.62	-4668.81	8932.53
1955.94	587.581	5826.19
1955.94	587.581	5826.19
2749.64	-3800.27	7900.87
1828.5	1175.26	5277.65
1810.01	1702.52	5017.89
2943.33	-1847.71	7859.72
1681.47	1869.99	4656.4
1941.85	1202.09	5265.03
2888.43	-2922.59	6895.29
2839.8	-2623.47	6790.64
1969.34	2200.68	4506.36
2983.91	-3573.86	6426.48
2879.51	-1558.32	5801.67
2895.63	-1497.57	5707.8
2752.2	-907.883	5413.07
2364.24	1686.93	4750.01
2474.64	1110.62	4729.98
2122.6	2640.53	4037.19
2334.84	2008.69	4334.27
2837.8	1193.9	5148.2
2683.27	-216.332	4665.73
2301.43	1988.13	4069.25
2767.33	-731.235	4725.1
3207.04	-3089.32	5345.87
2229.09	2450.04	3822.68
2781.41	-697.202	4510.63
3319.12	-3233.63	5257.69
2310.89	2270.51	3642.2
2352.14	1189.63	3515.65
2936.73	-317.97	4328.4
2371.99	1968.34	3561.35
2784.12	-1467.27	3894.91
2677	945.452	3770.51
2690.12	1734.11	3748.97
2905.95	-601.963	3923.94
2665.33	283.919	3608.42
2781.24	-1192.17	3673.81
2781.24	-1192.17	3673.81
2659.34	863.775	3510.14
2770.76	-1472.54	3580.15
2467.6	1532.78	3193.57
3443.9	-196.035	4392.06
2692.72	506.464	3409.81
2653.35	663.578	3217.65
2653.36	725.783	3193.75
2487.49	1620.46	2995.18
3501.51	-499.504	4105
2719.96	540.199	3193.23
5774.47	-4052.47	6622.9
3357.33	-852.692	3877.78
2749.12	607.253	3199.56
2866.89	2051.4	3336.93
3766.08	-499.867	4164.18
3226.18	-1533.63	3341.28
3438.39	-1649.38	3463.75
3473.47	-958.181	3512.96
-1873.94	1239.31	2031.78
-1882.31	1018.55	2064.83
-2221.15	377.944	2497.62
-1911.13	-523.579	2182.52
-2135	308.618	2445.08
-1997.57	-1398.43	2386.16
-1866.64	-26.1889	2221.89
-1892.42	1407.38	2327.64
-1877.23	-770.847	2364.64
-1899.79	83.5967	2385.06
-1860.91	-708.42	2366.26
-1899.93	191.031	2512.56
-2008.24	536.919	2669.45
-1836.22	633.542	2498.09
-1930.1	-1035.8	2729.64
-1886.82	-507.887	2655.51
-1845.27	815.804	2590.67
-1845.27	815.804	2590.67
-1901.06	-1138.49	2730.33
-1906.83	1625.92	2701.11
-1880.32	-400.731	2768.8
-1914.53	-810.196	2957.45
-1902.68	-423.363	2931.62
-1902.68	-423.363	2931.62
-1961.91	-950.581	3054.55
-1933.86	622.911	3044.16
-1902.78	-191.574	3048.5
-1930.14	736.311	3151.97
-1907.66	188.408	3166.51
-1918.77	2099.78	3184.89
-1912.72	1969.44	3181.3
-1907.45	-186.504	3274.51
-1529.88	1207.93	2593.96
-1556.82	1036.05	2656.69
-1476.4	463.287	3039.98
-2549.92	-2808.62	5452.21
-1992.12	-810.576	4379.6
-1992.12	-810.576	4379.6
-1772.36	-1144.87	4169.68
-1904.19	-2126.75	4625.22
-2092.68	-2816.05	5232.14
-1770.51	-2073.22	4763.96
-1063.95	124.189	3224.74
-834.228	1279.75	2544.64
-1158.26	1058.91	3580.6
-831.798	440.21	2875.38
-869.212	1661.64	3060.18
-1580.08	-1532.83	6318.69
-876.874	2145.54	3509.08
-858.742	1662.23	3548.31
-1654.42	-3465.91	7484.62
-1718.18	-3945.02	8352.79
-779.169	1652.1	3646.56
-673.193	1428.23	3433.42
-1586.22	-5037.69	10123.3
-707.712	577.236	4422.33
-1507.64	-5201.16	10446.1
-555.8	251.521	4026.57
-622.008	1452.41	4498.79
719.261	73.7141	5219.21
719.261	73.7141	5219.21
2006.37	-2709.01	8751.63
2749.05	-3820.56	9325.13
1268.27	2065.08	4388.66
2746.52	-4711.22	8664.23
3012.52	-3298.95	9451.13
2943.34	-4747.66	9090.75
1958.48	586.842	5834.25
1958.48	586.842	5834.25
2773.67	-3834.53	7969.78
1836.81	1182.57	5303.24
1689.86	1880.73	4681.62
1656.37	1542.38	4542.79
1934.83	1199.44	5244.07
2131.19	1423.73	4885.88
1991.57	2223.92	4553.98
2905.81	-2354.7	6378.76
2913.71	-2252.62	6092.27
2808.42	-1279.69	5620.57
2910.61	-1640.47	5805.03
2361.56	1696.51	4750.94
2487.7	1117.15	4755.9
2445.62	1656.03	4627.58
2103.44	2617.82	3998.13
2953.5	-3077.91	5135.3
2702.72	-218.562	4701.6
2285.83	1976.12	4040.14
2774.31	-733.123	4737.34
3201	-3083.15	5336.7
2737.93	-399.359	4639.64
2236.25	2457.61	3834.92
2773.53	-37.4641	4582.46
3347.03	-3265.8	5309.11
2819.53	-411.208	4252.15
2769.29	-1280.65	4144.32
2751.48	-1297.84	4026.09
2326.09	1175.51	3474.95
2352.68	1952.69	3532.48
2636.06	348.441	3683.81
2704.27	1742.99	3768.51
2696.35	871.717	3711.81
2757.29	-1594.63	3692.48
2671.59	868.253	3526.76
2385.93	1960.57	3116.55
3192.68	-667.13	4067
3510.68	-199.993	4482.08
2425.97	1506.55	3139.33
2810.72	-1351.05	3538.43
2686.54	505.05	3401.84
2647.07	661.849	3209.85
2492.59	1623.78	3002.57
2704.37	536.544	3174.32
5728.69	-4019.32	6569.14
5728.69	-4019.32	6569.14
2736.29	603.761	3183.81
2799.44	2002.05	3254.73
3494.29	-690.194	3982.26
2825.23	-1112.31	3181.03
3405.14	-792.676	3815.48
2654.08	711.512	2964.78
3322.24	-1216.35	3463.2
3356.09	-1599.65	3483.92
3409.65	-1002.7	3498.7
-2233.66	276.145	2388.28
-1842.71	-466.271	2075.13
-2118.45	306.972	2427.15
-1887.95	887.035	2181.24
-1928.83	-853.822	2288.39
-2006.25	-1404.23	2395.8
-1886.31	-396.386	2243.82
-1876.56	-25.5664	2233.03
-1896.97	1410.96	2332.72
-1881.83	-772.134	2369.8
-1901.34	83.7171	2386.98
-1898.62	190.798	2511.3
-2009.87	537.196	2671.66
-1842.62	635.32	2506.2
-1878.93	-873.837	2644.37
-1852.32	818.737	2600.36
-1900.75	-1138.66	2730.01
-1879.71	-400.576	2767.85
-1905.82	-22.3406	2815.51
-1858.4	922.598	2733.88
-1897.41	1716.49	2816.2
-1912.84	-809.549	2955.3
-1927.55	620.022	3034.93
-1909.23	-701.238	3074.67
-1905.65	-192.004	3052.97
-1906.95	189.377	3164.44
-1938.16	645.147	3259.6
-1496.78	1183.12	2543.22
-1914.62	20.7599	3311.27
-1553.34	1033.3	2651.58
-1928.48	2089.52	3320.48
-1914.95	2232.86	3380.49
-1871.51	-861.681	3564.13
-1887.84	1949.45	3547.13
-2129.34	-832.971	4382.15
-1462.47	459.634	3012.83
-2508.11	-2766.43	5368.43
-2508.11	-2766.43	5368.43
-1991.94	-810.062	4378.4
-1991.94	-810.062	4378.4
-1726.45	-1115.4	4063.34
-1941.85	-2165.55	4708.12
-2127	-2862.51	5316.29
-1791.73	-2098.47	4822.55
-1065.47	124.707	3228.81
-834.755	1280.43	2546.25
-834.755	1280.43	2546.25
-1155.42	1056.8	3572.34
-829.946	440.082	2874.29
-1651.98	-2069.71	6104.61
-929.007	2261.66	3697.93
-867.805	1679.02	3584.21
-854.806	2059.17	3515.88
-1561.56	-3117.95	7040.27
-1641.73	-3441.13	7431.9
-1915.25	-4501.69	8752.27
-779.07	1652.27	3646.3
-671.955	1425.79	3427.57
-704.693	575.683	4408.93
-1515.07	-5224.72	10500.1
-620.408	1447.36	4488.86
724.497	72.509	5261.71
724.497	72.509	5261.71
2011.52	-2713.89	8771.04
2011.52	-2713.89	8771.04
3031.62	-5098.63	11071.4
1184.81	2010.12	4409.97
1955.38	588.55	5823.37
2737.23	-3780.59	7862.7
1660.86	1546.29	4555.19
1931.9	1196.83	5237.08
1931.9	1196.83	5237.08
2753.58	-2810.56	6964.38
1970.71	2199.43	4505.24
2924.27	-3499.44	6290.06
2189.72	1629.55	4893.55
2908.83	-2394.25	5971.05
2817.5	-1284.57	5639.3
2817.5	-1284.57	5639.3
2481.07	1113.79	4742.55
2448.74	1658.83	4634.33
2104.1	2616.74	4001.12
2749.59	-699.078	4983
2843.08	1195.93	5157.43
2938.1	-3062.52	5109.01
2680.87	-216.537	4660.01
2323.44	2005.79	4111.43
2765.94	-730.843	4722.02
2233.42	2455	3829.63
2782.84	-697.736	4512.72
3312.54	-3229.18	5250.66
2725.67	230.896	4363.66
2291.2	2250.24	3608.34
2623.29	680.759	4042.97
2385.05	1206.47	3565.32
2766.32	-1303.57	4047.58
2366.39	1964.09	3553.12
2676.28	945.647	3769.97
2664.45	1717.75	3710.82
2666.57	866.054	3520.51
2786.09	-1481.51	3600.48
2786.09	-1481.51	3600.48
3263.34	-682.254	4158.25
3458.86	-196.642	4412.94
2429.76	1508.81	3144.42
2847.09	-1027.44	3587.42
2678.97	503.298	3391.36
3364.34	-721.559	4067.44
2663.87	666.373	3230.73
2585.03	707.528	3111.08
2507.03	1632.17	3020.5
2706.49	537.058	3177.24
5721.52	-4014.44	6562.22
3346.23	-849.756	3863.99
2748.64	606.529	3198.04
2823.52	2019.11	3283.3
2874.43	-1133.51	3242.62
3401.3	-791.575	3811.16
3258.12	-1192.65	3394.48
3401.36	-1632.2	3428.26
