-1882.67	1246.27	2040.6
-1873.09	1200.27	2050.13
-1868.37	1009.86	2049.34
-2204.72	375.658	2480.19
-2147.75	310.272	2458.96
-1870.32	886.153	2167.95
-1960.13	-867.4	2326.02
-2024.09	-1416.77	2415.99
-1897.47	-400.334	2258.11
-1894.37	-26.1762	2254.47
-1894.37	-26.1762	2254.47
-1990.53	-1277	2498.94
-1865.78	-711.525	2375.64
-1865.78	-711.525	2375.64
-1908.51	191.227	2524.02
-1908.51	191.227	2524.02
-2016.73	539.112	2680.15
-1831.92	724.743	2450.5
-1883.3	1578.12	2579.74
-1938.71	-1040.61	2742.33
-1842.52	814.5	2587.9
-1888.55	1754.58	2758.93
-1934.36	626.011	2906.22
-1901.55	-299.348	2929.06
-1890.58	1864.03	2898.27
-1920.02	537.363	3000.56
-1908.37	-191.924	3057.39
-1922.59	-817.059	3135.26
-1905.28	189.066	3160.55
-1904.95	-589.53	3191.96
-1908.07	-88.5191	3291.89
-1567.92	1040.93	2675.35
-1892.07	2101.55	3210.51
-1944.48	-891.031	3692.09
-1606.37	793.754	3081.04
-2099.5	-764.423	4220.32
-1476.6	463.067	3038.64
-1937.49	-2160.62	4696.56
-1750.15	-962.396	4249.18
-2127.16	-2863.42	5320.35
-1211.21	467.221	2944.18
-1843.49	-2130.43	4724.02
-1590.69	1149.98	3926.19
-1639.3	-1207.21	4630.69
-1146.5	1049.79	3550.75
-1000.82	1977.5	3146.49
-933.079	127.317	3225.44
-835.877	1685.54	3125.81
-1508.4	-1461.35	6054.71
-842.496	1472.47	3440.44
-846.492	1639.76	3501.75
-1554.62	-3104.35	7007.04
-1660.32	-3474.77	7505.91
-830.626	1688.93	3542.86
-1578.93	-5009.43	10068.3
-696.674	567.905	4356.85
-1551.46	-5326.19	10710.5
-570.285	241.408	4096.97
-584.602	1610.51	4461.92
583.108	-148.253	4472.91
1971.45	-5071.83	10645.2
1971.45	-5071.83	10645.2
1972.37	-2983.84	8887.06
826.996	648.974	3568.04
1158.47	1981.95	4346.52
1027.4	664.817	3561.09
1027.4	664.817	3561.09
2709.47	-4649.88	8546.04
1443.41	2001.97	4395.89
1479.04	1474.6	4411.58
2733.96	-3229.94	7384.47
2719.01	-2152.35	7281.66
2889.2	-1597.97	7509.95
2758.46	-3077.8	7053.71
2815.61	-3092.19	6871.21
2777.43	-2029.54	6182.37
2184.65	601.622	4858.12
2863.17	-2329.28	6072.23
2681.25	-1325.27	5510.67
2055.39	2091.71	4351.62
2161.04	1921.44	4269.37
2615.72	1294.33	5049.56
2642.85	1376.1	4973.89
2075.7	2583.04	3946.42
2240.9	2098.87	4201.94
2268.36	1786.5	4166.45
2701.42	-612.124	4730.96
2617.22	-214.645	4550.01
2665.87	-389.447	4514.86
3132.74	-3002.34	5211.94
3132.74	-3002.34	5211.94
2204.38	2420.41	3783.37
2712.12	-37.696	4482.45
2698.07	184.088	4257.41
2683.35	-537.64	4162.98
2749.86	-2043.65	4205.44
2791.41	-330.003	4212.21
2753.39	364.059	4075.92
2630.72	922.539	3846.26
2408.94	1388.38	3497.85
2700.79	-1366.09	3824.81
2676.97	-910.24	3784.07
2676.97	-910.24	3784.07
2687.35	-1478.59	3705.17
2627.14	2605.44	3715.49
2381.78	1534.35	3310.26
2649.99	663.848	3608.96
2384.45	1817.22	3227.91
2597.28	842.737	3428.53
2315.3	1901.56	3019.84
2402.48	1489.45	3107.98
3384.08	-297.496	4196.71
2632.92	659.583	3195.21
2641.85	525.607	3102.14
5504.95	-3862.45	6314.94
5504.95	-3862.45	6314.94
3220.06	-817.423	3716.98
2708.42	252.184	3077.88
2577.1	690.702	2878.96
3409.07	-666.303	3749.4
3344.44	-867.197	3670.58
3194.15	-1522.6	3317.35
3521.39	-640.117	3641.27
-2250.97	278.19	2406.92
-1885.12	1247.87	2043.11
-1875.94	1201.8	2053.46
-1869.03	1008.73	2050.3
-2190	373.557	2466.33
-1878.19	890.004	2177.23
-1945.07	-965.584	2300.7
-2014.9	-1410.67	2405.65
-1887.38	-26.391	2246.66
-1887.38	-26.391	2246.66
-1871.09	-713.259	2381.32
-1906.94	191.245	2521.97
-1906.94	191.245	2521.97
-2032.32	543.477	2700.97
-1839.72	727.989	2460.17
-1884.21	1578.57	2580.94
-1940.48	-1041.93	2745.07
-1891.27	-508.9	2662.52
-1911.56	-1144.2	2745.4
-1854.56	750.3	2659.48
-1846.11	917.418	2715.27
-1963.56	-1057.55	2949.39
-1897.75	1762.82	2771.68
-1905.99	-299.639	2935.59
-1918.9	92.2772	3053.67
-1918.9	92.2772	3053.67
-1963.36	-832.628	3201.59
-1882.41	1963.32	3016.77
-1933.04	588.652	3186.83
-1906.95	189.311	3162.18
-1928.97	640.475	3244.12
-1559.28	1035.53	2661.74
-1898.46	2108.23	3220.78
-1933.33	-597.685	3424.43
-1959.77	-897.355	3720.83
-2035.48	-872.736	4091.32
-1459.37	458.564	3006.19
-1916.85	-1430.05	4432.91
-2010.65	-756.846	4681.42
-1231.71	474.039	2988.2
-1840.29	-2126.89	4716.43
-1636.42	-1204.05	4623.91
-1789.8	-2385.35	5164.87
-1152.6	1054.79	3566.54
-986.53	1947.75	3098.76
-817.178	433.388	2828.54
-883.582	1881.39	2987.87
-811.74	590.851	3025.34
-835.297	1684.44	3123.43
-857.878	1659.21	3543.95
-1616.32	-3386.56	7314.67
-1846.78	-4349.49	8452.01
-834.294	1696.71	3559.35
-1674.67	-3850.68	8151.4
-700.116	570.326	4375.17
-1485.85	-5127.91	10315
-560.928	236.784	4036.91
-630.124	922.354	4562.8
-613.072	1427.34	4438.03
195.07	790.187	4381.57
1974.68	-5085.7	10666.6
1974.68	-5085.7	10666.6
705.036	790.67	3771.19
947.357	1113.85	4087.61
1162.46	1979.07	4347.3
988.257	591.5	3555.11
1252.11	2050.73	4353.47
2720.79	-4671.78	8584.45
2913.28	-3194.44	9145.47
2733.3	-4388.96	8429.42
1444.26	2001.06	4394.82
2675.98	-2116.02	7158.51
2887.25	-1596.57	7503.89
2772.61	-3002.32	6992.84
2772.61	-3002.32	6992.84
2794.71	-3068.76	6818.98
2777.82	-2029.46	6178.66
2857.03	-2324.94	6059.27
2063.33	2098.72	4367.57
2665.74	-999.691	5406.44
2829.39	-1464.91	5576.45
2628.63	1300.98	5075.78
2373.95	1606.67	4493.83
2635.97	1372.64	4960.71
2267.33	1786.31	4165.96
2913.58	-3041.45	5074.97
2237.04	1926.48	3965.55
2640.53	-384.921	4470.2
3137.33	-3006.88	5219.83
2207.83	2424.89	3790.55
2207.83	2424.89	3790.55
2662.09	-119.395	4420.35
2716.31	-37.5823	4489.63
2694.47	-908.368	4381.59
2746.19	-74.5981	4399.44
2746.02	-2040.52	4199.11
2253.79	2211.44	3553.95
2680.88	-1239.46	4011.64
2591.94	1324.48	3928
2747.44	363.351	4066.96
2701.06	-918.221	3818.78
2335.84	1861.72	3333.17
2335.84	1861.72	3333.17
2646.93	740.184	3700.83
2385.74	1537	3313.62
2702.56	-1563.19	3620.95
2682.09	-1636.58	3485.99
2598.53	842.399	3431.03
2894.27	-676.928	3761.51
2338.71	1921.93	3051.42
3320.4	-189.837	4238.07
2619.37	489.527	3311.73
2663.59	528.932	3126.91
2597.45	693.517	3046.67
5494.52	-3855.51	6303.03
5494.52	-3855.51	6303.03
3226.06	-819.617	3726.51
2679.27	590.964	3118.64
3402.63	-588.064	3881.23
2668.09	1905.5	3099.92
3327.57	-773.916	3729.75
2587.29	692.069	2892.66
3305.24	-857.528	3626.52
-2237.67	275.693	2391.85
-1882.44	1017.53	2064.36
-1877.14	1202.67	2054.67
-2170.53	313.583	2484.03
-1892.01	894.488	2191.3
-1876.17	1344.7	2169.28
-2021.22	-1415.18	2413.13
-1899.48	-399.486	2259.12
-1891.57	-25.8285	2251.38
-1891.57	-25.8285	2251.38
-1993.73	-1279.37	2502.75
-1908.92	191.268	2524.6
-1908.92	191.268	2524.6
-1906.61	-621.847	2554.25
-2039.67	545.174	2710.34
-1956.42	-1243.36	2684.07
-1881	1501.7	2546.72
-1940.63	-1041.9	2745.28
-1897.58	-511.023	2671
-1851.05	818.618	2599.04
-1851.05	818.618	2599.04
-1973.86	-1062.58	2964.37
-1892.97	1758.57	2765.25
-1945.51	629.414	2922.29
-1898.21	35.51	2970.03
-1959.09	-831.068	3195.48
-1883.74	1964.61	3019.17
-1941.51	593.512	3197.88
-1921.13	192.268	3181.34
-1568.4	1041.74	2675.5
-1821.45	1831.48	3168.77
-1896.49	-285.012	3557.79
-1949.49	-892.44	3701.96
-1519.54	431.156	2984.78
-2100.88	-764.728	4223.45
-1609.05	623.867	3308.45
-2014.16	-819.172	4423.76
-1913.9	-1427.09	4421.93
-1981.1	-747.355	4623.63
-1729.4	-1119.4	4072.3
-1903.37	-2124.38	4620.31
-1196.35	463.613	2919.28
-1837.65	-2123.93	4710.72
-1147.98	1050.65	3546.67
-988.288	1953.64	3108.04
-771.379	460.942	2849.7
-837.305	1688.45	3131.41
-837.305	1688.45	3131.41
-853.112	1651.26	3526.44
-847.569	2041.8	3487.15
-1637.97	-3428.22	7403.48
-1864.43	-4389.66	8530.88
-1677.67	-3861.77	8168.96
-696.636	1693.3	3513.42
-1479.99	-5103.96	10261.3
161.297	813.776	4509.41
1994.71	-5141.11	10782.7
1994.71	-5141.11	10782.7
2006.45	-4247.38	10082.8
760.301	801.511	3937.57
760.301	801.511	3937.57
849.306	487.448	3917.51
971.284	499.402	3598.32
1160.32	1975.22	4338.3
1249.88	2046.57	4344.26
2691.91	-4619.56	8490.36
2925.38	-4724.28	9058.1
2705.36	-2328.5	8037.42
1458.89	2021.6	4440.4
2661.37	-3680.58	7646.26
2679.2	-2119.35	7169.37
2847.66	-1572.13	7395.36
2065.45	1376.4	4746.65
2065.45	1376.4	4746.65
2856.92	-2324.09	6058.16
2845.44	-2200.94	5951.77
2826.89	-1770.9	5802.15
2063.59	2099.52	4369.61
2834.39	-1599.07	5653.66
2049.31	2548.45	3895.38
2646.22	-698.647	4802.43
2646.22	-698.647	4802.43
2412.7	1728.72	4439.77
2250.62	1772.23	4132.43
2816.79	-2939.5	4904.67
2623.96	-211.732	4561.93
2238.2	1928.32	3965.62
2800.03	472.718	4884.54
3139.56	-3009.22	5223.42
2200.17	2416.11	3776.47
2631.15	-117.797	4367.69
2719.13	185.428	4291.45
2767.65	-2058.43	4234.57
2697.78	-1248.25	4038.84
2380.05	1204.13	3566.8
2314.61	1918.79	3477.53
2744.79	363.247	4062.51
3133.23	-205.619	4408.47
2638.19	653.424	3717.23
2640.58	738.551	3691.91
2629.06	2608.23	3718.15
2686.3	-985.804	3689.18
2382.78	1534.73	3311.58
2710.43	-1655.02	3524.63
2600.66	842.955	3437.31
2696.06	-1432.19	3484.36
2326.09	1911.42	3034.66
3122.37	-651.916	3978.68
3122.37	-651.916	3978.68
2405.41	1491.51	3112.92
2541.21	697.309	3061.23
2628.98	523.014	3086.53
5534.69	-3883.62	6348.94
5534.69	-3883.62	6348.94
3215.02	-815.833	3711.64
2661.22	586.962	3097.29
2753.2	1968.44	3202.35
3381.51	-667.84	3855.61
3213.35	-916.565	3605.35
3330.37	-774.174	3733.85
2576.31	690.751	2878.97
-2223.71	274.818	2378.5
-1875.54	1242.39	2033.79
-1873.74	1012.95	2055.16
-1875.2	1201.35	2052.67
-2170.24	313.8	2484.16
-1874.37	888.125	2172.53
-1956.02	-864.709	2320.22
-2019.42	-1413.92	2411.3
-1905.16	-778.918	2396.29
-1907.89	191.158	2523.2
-1907.89	191.158	2523.2
-2049.84	547.462	2723.22
-1957.07	-1243.19	2686.21
-1881.31	1576.31	2577.14
-1897.19	-883.244	2670.36
-1843.35	815.132	2588.93
-1874.57	758.96	2688.86
-1898.18	-509.577	2786.02
-1935.1	-22.7343	2857.11
-1842.15	914.595	2710.79
-1897.97	1763.02	2772.14
-1918.06	-19.5824	2935.72
-1901.4	-298.925	2928.69
-1882.14	1856.2	2886.6
-1907.77	91.412	3036.36
-1936.51	737.919	3160.43
-1910.77	190.681	3165.97
-1924.68	639.921	3236.68
-1566.96	1040.41	2673.98
-1887.08	2199.69	3331.89
-1897.12	-285.609	3559.64
-1972.73	-904.148	3748.48
-1475.85	462.992	3037.41
-2012.27	-818.159	4420.86
-2012.27	-818.159	4420.86
-1916.9	-1429.06	4429.22
-1975.03	-749.772	4620.93
-1919.09	-2141.79	4657
-1229.11	473.963	2984.93
-1784.86	-2065.69	4582.62
-1876.49	-632.086	5465.66
-1678.43	-1505.85	5120.71
-1149.78	1052.18	3553.21
-820.16	435.379	2840.41
-835.356	1684.53	3123.9
-848.286	2042.92	3491.85
-1617.62	-3388.85	7319.99
-1691.6	-3891.6	8229.86
-1404.07	-1009.09	6983.01
-1533.55	-4794.67	8127.08
-1533.55	-4794.67	8127.08
-694.535	1688.52	3503.85
-687.271	1823.32	3542.92
-697.072	569.013	4364.37
-614.448	1432.86	4444.03
141.778	812.233	4613.49
1975.1	-5087.85	10670.7
1975.1	-5087.85	10670.7
801.138	851.151	4156.87
1121.93	1124.97	4383.94
965.725	422.372	3679.46
2807.2	-4701.12	10231.6
1158.96	1972.03	4331.79
1048.58	445.91	3654.07
1248.12	2043.03	4338.14
2716.4	-4659.29	8568.55
1325.71	1942.04	4226.63
1442.32	1997.57	4387.33
2729.5	-2006.8	7936.29
2672.93	-2112.66	7147.48
2865.99	-1583.56	7445.94
2765.66	-2993.77	6974.45
1817.9	1864.54	4508.32
2759.02	-2422.73	6459.78
2072.99	1381.47	4764.64
2072.99	1381.47	4764.64
2854.08	-2321.66	6052.09
2055.46	2090.43	4350.43
2798.71	-1515.74	5640.14
2643.45	-580.403	5220.97
2816.84	-1252.69	5426.23
2036.22	2532.41	3869.49
2194.15	2053.23	4109.62
2272.07	1789.63	4173.48
2886.24	-3013.52	5027.64
2627.05	-212.037	4567.67
2830.89	472.859	4944.23
2682.52	-390.507	4544.49
3108.13	-2977.78	5169.05
2196.01	2411.53	3769.07
2712.05	-37.4996	4482.63
2697.29	-675.825	4373.6
2726.57	-255.323	4336.83
2658.85	-1984.25	4069.37
2701.47	-1250.12	4044.5
2359.31	1193.91	3538.66
2303.26	1909.07	3459.88
2756.85	364.726	4081.54
2724.68	-889.465	3917.73
2382.42	1372.96	3454.88
3132.87	-205.389	4408.69
2658.08	743.723	3716.58
2625.84	2604.02	3712.68
2697.33	-1559.58	3613.45
2570.47	273.168	3478.74
2710.97	-1655.04	3526.17
2606.63	845.889	3446.79
2929.06	-685.096	3810.09
2333.63	1917.27	3044.7
2401.52	1488.91	3106.61
2576.35	645.225	3127.76
2542.17	698.566	3070.38
3194.3	-787.829	3771.5
2647.65	526.751	3109.25
5523.87	-3876.58	6336.08
5523.87	-3876.58	6336.08
3220.9	-818.222	3720.11
2653.5	584.38	3087.6
2721.34	1944.96	3164.41
3420.87	-591.639	3903.91
3200.69	-911.93	3589.92
2836.11	-1213.78	3048.59
3313.91	-1588.67	3337.85
-2237.8	276.551	2393.19
-1878.64	1244.07	2036.6
-1870.5	1010.2	2051.45
-1878.24	1203.1	2055.89
-2150.19	310.138	2461.5
-1882.27	891.378	2179.97
-2022.92	-1416.17	2414.93
-1957.47	-866.207	2322.85
-1887.66	-25.6939	2246.87
-1888.83	820.9	2270.12
-1929.57	85.0296	2421.07
-1873.18	-713.853	2382.71
-1873.18	-713.853	2382.71
-1944.91	-1234.91	2670.17
-1839.19	633.221	2501.8
-1912.3	-635.764	2689.88
-1937.69	-1039.73	2740.73
-1901.07	-510.938	2675.1
-1845.56	816.258	2591.6
-1894.8	1687.6	2723.11
-1888.09	1706.7	2803.19
-1921.3	514.705	2908.39
-1902.09	-298.947	2929.96
-1905.81	-192.339	3053.84
-1920.92	732.361	3136.15
-1917.34	-84.6292	3193.96
-1923.35	639.942	3235.01
-1891.81	1946.41	3148.86
-1535.98	1215.39	2602.38
-1552.26	1031.76	2649.66
-1816.47	1826.87	3159.63
-2099.3	-785.203	3912.31
-1991.26	-910.052	3778.22
-1473.99	462.281	3033.58
-1440.6	395.703	3074.78
-2014.43	-819.737	4426.55
-1919.72	-2141.61	4658.77
-2091.77	-2815.89	5231.83
-1644.52	-1210.65	4645.29
-1786.95	-2382.29	5158.54
-1399.59	2535.05	3779.29
-1872.05	-604.256	5407.26
-1058.35	124.606	3210.67
-1132.96	1038.53	3516.17
-1715.2	-2148.41	6339.49
-865.512	1655.5	3054.48
-772.553	461.993	2852.18
-806.081	587.647	3006.94
-835.075	1684.36	3122.94
-1273.21	-569.064	5345.18
-867.601	2122.01	3470.36
-867.601	2122.01	3470.36
-1549.61	-3095.44	6983.65
-1624.87	-3403.15	7351.06
-838.578	1705.06	3577.58
-1551.07	-4847.35	8216.41
-677.795	1433.22	3446.9
-677.795	1433.22	3446.9
-694.909	1690.06	3506.6
-1481.52	-5083.15	10215.7
-698.01	569.44	4365.41
-568.455	243.013	4096.83
119.743	800.761	4782.47
1952.85	-5032.37	10546.3
1952.85	-5032.37	10546.3
871.703	1385.1	4638.68
787.123	294.715	3829.75
992.731	1583.14	4601.49
2796.75	-5478.66	10954.2
1055.52	917.424	4366.35
2819.06	-3942.17	9598.74
2707.63	-4647.69	8542.28
2816.25	-3087.41	8838.74
1364.94	2030.35	4413.72
2941.65	-3010.47	8815.23
1929.12	1799.94	5322.93
2860.27	-1582.36	7430.87
2618.17	-2669.93	6616.05
2777.46	-2861.21	6851.49
2767.09	-2429.36	6479.3
1977.48	1481.18	4799.91
2762.25	-2117.49	6250.97
2063.04	2097.71	4365.63
2653.2	-992.914	5378.49
2811.73	-1590.28	5609.84
2787.57	-1157.97	5507.1
2625.57	1367.22	4941.47
2062.32	2567.35	3921.84
2419.28	1734.08	4453.63
2274.13	1792.03	4178.43
2603.42	-211.828	4527.57
2246.02	1936.15	3977.63
3168.35	-3032.83	5269.92
3168.35	-3032.83	5269.92
2188.94	2405.52	3751.52
2643.01	-118.752	4391.55
2654.01	226.024	4246.54
2733.06	-2033.48	4180.54
2694.65	-1149.78	4113.13
2551.61	660.266	3931.74
2867.1	-203.483	4351.27
2374.46	1203.23	3561.5
2306.38	1911.07	3463.67
2693.32	-1361.94	3813.79
2609.9	344.567	3649.82
2666.57	-976.352	3659.62
2642.39	1709.72	3684.09
2668.35	-1542.54	3573.18
2620.07	838.715	3558.26
2647.22	761.835	3479.26
2318.66	1904.43	3025.3
2357.31	1457.44	3025.23
3106.94	-519.137	3893.58
3186.63	-635.135	3915.15
2632.63	660.015	3199.7
2440.77	1588.73	2943.65
2638.37	524.218	3097.13
2755.28	1968.94	3201.98
2639.66	536.76	3003.17
3637.44	-659.316	3937.77
3637.44	-659.316	3937.77
3162.16	-1102.5	3343.67
3198.71	-1170.21	3333.19
3428.07	-1008.65	3520.49
