-1917.67	1268.6	2079.27
-1914.3	1033.24	2099.96
-1923.76	-483.364	2164.96
-2304.43	392.008	2590.76
-2206.69	319.114	2526.36
-2038.1	-1266.45	2399.58
-2038.1	-1266.45	2399.58
-1940.52	919.785	2248.41
-1908.72	1367.75	2207.26
-1993.48	-882.034	2364.41
-1918.11	-786.844	2415.29
-1899.25	-426.95	2388.98
-1909.01	-330.005	2538.62
-1933.74	-632.174	2591.19
-1970.32	-1253.14	2704.03
-1930.68	1540.99	2614
-1878.78	830.127	2638.63
-1925.27	779.201	2761.96
-1956.2	418.919	2833.95
-1956.2	418.919	2833.95
-1895.88	-117.164	2777.98
-1948.21	1810	2843.9
-1893.78	939.6	2786.41
-1966	527.445	2975.67
-1962.94	-830.62	3032.31
-1940.67	-305.478	2989.77
-1974.01	-955.835	3076.12
-1941.33	36.0076	3037.41
-1984.32	605.62	3270.76
-1962.82	195.578	3255.32
-1951.54	2134.94	3240.93
-1978.3	748.839	3365.81
-1551.28	1226.82	2630.79
-1606.33	1069.19	2740.6
-1948.45	19.5686	3370.71
-1957.84	2282.23	3455.46
-1914.75	1978.35	3598.96
-2155.46	-925.437	4328.34
-1470.98	462.809	3029.92
-2540.17	-2795.18	5429.84
-2032.79	-774.151	4758.76
-1222.43	472.224	2976.68
-1860.04	-2152.92	4772.67
-1436.27	2603.29	3881.66
-1668.34	-1227.01	4709.95
-1732.3	-1558.92	5281.88
-1159.95	1063.33	3616.33
-855.112	452.74	2955.18
-1631.83	-2547.01	6207.11
-826.987	601.672	3084.22
-869.406	1327.22	3479.77
-875.117	2108.65	3600.41
-1646.21	-3451.15	7457.58
-1765.07	-4056.27	8584.43
-785.802	1670.47	3689.76
-794.603	2185.49	3710.93
-710.161	1727.25	3582.93
-719.588	588.168	4501.53
-568.492	258.069	4123.79
673.653	74.4837	4760.42
3141.22	-5289.82	11490.9
1217.82	2047.02	4475.57
2847.73	-4894.55	8988.79
2819.71	-4518.66	8683.49
2871.4	-2467.86	8534.1
1485.01	2094.9	4562.55
1985.81	595.495	5915.75
1985.81	595.495	5915.75
2782.21	-3841.81	7989.77
2757.29	-2176.57	7369.61
1912.99	1791.03	5205.94
2998.06	-1652.47	7783.75
2950.12	-2999.86	7049.25
2049.02	1561.39	4955.02
3048.33	-3644.21	6767.59
3048.33	-3644.21	6767.59
2162.83	1450.25	4940.89
1982.64	2212.17	4520.53
2916.89	-2412.66	6331.99
3173.32	-2245.83	6358.24
2972.15	-1684.53	5936.41
2823.38	-1062.13	5444.44
2447.56	1662.09	4638.03
2128.8	2647.46	4046.59
2336.67	2011.12	4329.78
2474.19	1778.93	4554.96
2820.76	890.05	5006.52
2814.03	-880.643	4891.68
2709.13	-222.128	4711.34
3084.36	515.347	5375.57
2785.17	-252.903	4780.53
2255.05	2477.74	3865.49
3243.81	-2733.45	5267.47
3373.26	-3294.06	5352.79
2815.45	-1053.39	4459.73
2796.77	28.9797	4442.37
2788.3	-508.109	4374.73
2335.81	2300.54	3674.54
2646.41	685.277	4078.86
2828.44	-1309.23	4234.96
2767.98	-682.683	4102.15
2409.33	1223.11	3606.59
2437.37	1950.53	3468.71
2740.81	679.415	3863.13
2681.74	947.51	3777.38
2722.4	762.163	3804.78
2517.83	1628.67	3492.34
2804.56	-1623.01	3757.74
2405.01	1979.87	3139.65
2437.75	1519.67	3139.23
2836.15	-1362.67	3570.16
2738.18	114.091	3410.27
2693.16	673.301	3265.83
2543.5	1657.78	3057.54
2746.07	544.924	3223.44
5713.93	-4010.41	6551.79
3480.57	-688.037	3967.18
2791.41	253.552	3177.19
2654.21	712.795	2962.73
3929.33	-374.535	4333.7
3373.32	-874.612	3699.38
3348.36	-1125.87	3615.31
3257.32	-1609.74	3375.92
3428.39	-1645.47	3454.46
-1902.19	1258.69	2063.06
-1917.18	1227.94	2097.85
-1928.13	1042.1	2115.39
-2226.67	380.066	2506.03
-2199.33	317.075	2516.34
-1928.02	913.357	2234.15
-2044.17	-1430.92	2441.02
-1942.28	-407.332	2309.15
-1942.28	-407.332	2309.15
-1916.47	-26.7404	2281.65
-1916.47	-26.7404	2281.65
-1930.64	839.266	2318.44
-2015.17	-1293.51	2529.56
-1894.05	-721.672	2409.69
-1894.05	-721.672	2409.69
-1971.26	324.894	2564.63
-1937.85	194.637	2562.95
-2075.26	554.677	2756.78
-1978.03	-1258.11	2713.48
-1945.49	-1165.51	2794.11
-1945.75	501.092	2766.76
-1939.75	1655.39	2748.01
-1895.85	941.644	2788.83
-1943.34	1760.85	2882.41
-1960.73	-829.743	3028.56
-1943.47	-195.591	3113.74
-1951.05	2035.48	3130.18
-1977.64	755.455	3228.82
-1936.13	191.012	3213.57
-1953.03	2098.9	3274.51
-1980.47	747.936	3369.22
-1957.12	-89.2984	3375.12
-2002.41	-920.054	3802.78
-2148.15	-922.995	4316.4
-2161.07	-785.979	4341.79
-1521.59	476.924	3128.14
-2537.45	-2791.83	5424.66
-2114.78	-2850.11	5294.26
-1190.68	461.281	2908.2
-1856.57	-2146.56	4761.01
-1833.12	-1748.72	4867.79
-1918.75	-2377.2	5178.34
-1906.21	-638.256	5592.61
-1764.97	-1585.56	5379.46
-1096.17	128.297	3319.33
-1147.92	1020.37	3661.13
-1020.67	2013.57	3203.18
-793.443	474.648	2926.66
-832.454	605.647	3102.16
-857.221	1729.17	3205.01
-1037.66	2598.27	3872.27
-906.681	2211.8	3617.67
-1557.14	-3111.93	7027.35
-1691.57	-3543.9	7653.72
-1865.34	-4935.88	9100.56
-790.725	1677.51	3702.92
-711.93	1731.47	3590.88
-710.824	581.731	4451.08
-1497.92	-5151.31	10359.6
-611.978	1678.15	4658.15
-617.299	1605.37	4727.76
707.211	78.273	5022.98
2091.33	-5381.91	11295.7
2091.33	-5381.91	11295.7
2777.97	-4770.41	8765.67
3121.7	-3411.01	9784.42
3033.39	-2609.12	9026.69
1842.45	1185.08	5323.29
1696.29	1888.99	4674.25
1920.32	1794.9	5219.19
3026.5	-1667.6	7860.15
2880.9	-2663.26	6890.78
2051.84	1568.14	4963.63
3060.61	-3512.43	6993.69
3060.61	-3512.43	6993.69
2959.73	-2398.94	6498.37
1943.25	2159.75	4416.9
2150.56	2187.6	4538.85
2857.55	-1302.37	5719.52
2857.55	-1302.37	5719.52
2388.76	1701.29	4794.1
2808.81	1394.09	5429.29
2801.41	-665.211	5131.09
2766.78	-497.308	4963.76
2845.79	898.307	5052.48
2769.6	1792	4877.61
2938.34	489.924	5122.24
2800.32	-253.765	4806.06
2278.41	2503.42	3903.44
2278.41	2503.42	3903.44
2838.8	-1118.72	4697.69
3267.51	-2754.96	5307.7
2693.08	529.638	4368.38
3396.49	-3310.94	5383.54
2321.78	2285.43	3649.48
2804.05	206.976	4285.94
2818.66	-805.224	4276.71
2591.36	1314.7	3879.6
2967.69	-321.468	4370.2
2392.29	1990.94	3583.37
2701.17	954.166	3804.77
2969.96	-511.825	4139.71
2448.12	1584.59	3388.24
2678.85	283.533	3624.38
2703.32	877.425	3567.61
2804.97	-1492.42	3624.21
2939.59	-828.997	3790.02
2425.63	1995.05	3168.05
2821.84	-1354.8	3550.07
2481.61	1544.13	3172.77
3489.76	-399.44	4209.68
2681.48	669.793	3249.95
2665.04	729.66	3207.19
2517.94	1641.82	3025.16
2773.12	551.461	3256.6
5936.83	-4166.39	6810.58
2879.99	2062.51	3352.28
3465.67	-685.11	3949.54
2802.54	255.355	3189.43
3335.61	-864.595	3656.72
3365.55	-1233.46	3510.89
3443.58	-1013.22	3533.55
3545.04	-1702.23	3574.94
-1902.71	1259.15	2063.96
-1916.72	1227.75	2097.69
-1920.91	1039.42	2107
-2241.7	382.373	2522.8
-2192.48	316.94	2509.89
-1919.82	910.581	2225.14
-2046.9	-1432.96	2444.09
-1949.04	-409.553	2317.9
-1916.4	-26.6385	2281.48
-1916.4	-26.6385	2281.48
-1914.4	831.76	2300.01
-2019.89	-1295.61	2535.19
-1918.61	-788.008	2417.11
-1890.01	-720.872	2405.94
-1976.89	325.922	2572.31
-1941.17	194.765	2567.2
-1920.84	-331.972	2553.97
-2079.83	556.297	2763.72
-1972.65	-1254.47	2706.54
-1961.5	-1052.91	2775.14
-1947.23	500.813	2768.3
-1943.19	1732.36	2791.32
-1902.23	944.68	2797.83
-1940.71	1758.51	2878.97
-1959.92	-829.889	3028.21
-1994.56	-966.622	3107.67
-1940.36	1869.12	3004.78
-1952.91	-717.167	3145.39
-1986.76	758.92	3242.92
-1956.88	-85.953	3260.82
-1977.91	658.696	3326.63
-1954.5	2100.62	3276.95
-2158.94	-806.682	4021.9
-1966.6	-174.574	3804.75
-1526.58	435.258	2999.41
-1498.07	470.173	3081.89
-2552.64	-2809.98	5458.4
-1769.36	-1144.86	4168.2
-1931.78	-2156.61	4692.81
-2158.09	-2903.88	5393.45
-1247.7	481.66	3034.83
-1874.32	-2167.78	4805.74
-1898.23	-636.102	5572.1
-1740.51	-1566.69	5309.41
-1082.86	127.097	3281.52
-1146.4	1018.34	3655.72
-1030.76	2035.56	3237.92
-791.02	473.441	2921.3
-829.994	603.764	3094.39
-931.521	1327.09	3489.42
-857.656	1730.36	3206.83
-907.662	2220.22	3631.75
-874.505	1692.7	3613.33
-1669.13	-3497.94	7554.28
-1551.68	-3102.4	7013.58
-1849.41	-4899.81	9031.3
-718.337	1744.75	3618.15
-634.176	1480.16	4585.92
-607.201	1668.11	4626.77
710.401	77.6607	5053.78
2085.15	-5367.02	11265.3
2085.15	-5367.02	11265.3
3163.38	-3242.82	9485.94
1421.49	1996.34	4349.9
1850.28	1190.22	5343.9
2857.65	-2258.5	7644.22
1740.96	1947.39	4809.64
1972.87	1219.33	5351.45
1938.48	1813.61	5271.37
3035.21	-1673.46	7880.04
2874.38	-2655.43	6873.6
2874.38	-2655.43	6873.6
2164.07	1617.73	4988.45
1970.72	2193.16	4486.33
2120.2	2155.84	4472.18
2936.58	-1590.67	5919.17
2961.07	-1673.65	5908.93
2387.82	1699.94	4791.88
2813.32	1396.01	5437.76
2469.71	1678.56	4681.42
3001.66	-3130.9	5223.53
2730.01	-222.107	4747.79
2937.34	489.326	5120.46
2812.59	-744.206	4802.48
2818.81	-825.547	4788.47
3221.22	-3101.37	5368.14
2278.73	2503.32	3904.88
2278.73	2503.32	3904.88
3293.21	-2782.25	5353.98
3293.21	-2782.25	5353.98
2707.17	532.134	4391.69
2795.39	-507.436	4385.32
2363.64	2328.11	3718.75
2956.58	-209.228	4485.85
2399.59	1996.82	3594.59
2828.83	-1020.4	3972.99
2811.08	-1480.79	3931.32
2689.94	951.237	3789.82
2750.92	770.863	3844.43
2446.81	1583.89	3385.87
3028.56	-628.919	4096.06
2674.38	283.634	3618.21
2798.84	-1488.49	3615.49
2919.58	-823.03	3764.35
3566.13	-203.646	4551.69
2444.36	1520.08	3123.58
2530.58	1648.51	3040.3
3275.22	-807.013	3862.33
2887.61	-1053.15	3380.9
2887.61	-1053.15	3380.9
2765.56	549.568	3247.03
2727.15	734.093	3204.27
2699.29	452.486	3158.36
5866.03	-4116.9	6728.95
5866.03	-4116.9	6728.95
2830.78	2025.99	3292.29
2660.15	713.475	2970.7
4027.9	-535.842	4458.65
3428.03	-1256.62	3575.21
3621.26	-1739.94	3653.16
-2241.13	277.569	2398.52
-1894.09	1253.5	2054.54
-1911.32	1032.29	2096.19
-1863.02	-470.724	2097.71
-2162.82	312.756	2476.83
-1955.76	-866.073	2322.12
-2042.88	-1429.9	2440.37
-1911.64	-26.7777	2275.71
-2021.35	-1297.1	2537.31
-1935.96	-792.73	2436.37
-1937.31	195.405	2561.48
-2069.89	553.167	2749.56
-1878.93	647.71	2555.42
-1952.72	304.678	2704.97
-1879.82	830.006	2640.76
-1931.84	-1156.75	2774.44
-1930.57	1647.25	2735.4
-1928.14	-517.561	2830.95
-1914.13	-408.069	2818.44
-1943.91	-22.868	2871.78
-1889.86	937.69	2781.24
-1996.98	-1076.12	2998.51
-1936.03	1754.43	2871.3
-1951.4	523.37	2954.47
-1972.76	-956.052	3075.44
-1942.06	1871.49	3006.34
-1950.2	-85.8583	3249.88
-1970.42	656.17	3314.31
-1949.35	2095.03	3268.14
-1512.95	1198.46	2573.79
-1878.31	1702.35	3232.11
-1887.67	-868.755	3595.63
-2608.68	-2870.38	5576.6
-2608.68	-2870.38	5576.6
-1539.81	112.586	3274.67
-1470.87	405.547	3138.85
-1506.29	141.743	3249.79
-2049.04	-833.529	4502.06
-2049.04	-833.529	4502.06
-1797.48	-1160.53	4226.24
-1980.37	-2209.55	4805.97
-1781.67	-977.979	4329.65
-1781.67	-977.979	4329.65
-2095.79	-2825.16	5248.09
-1867.12	-2158.77	4788.51
-1762.97	-1585.44	5375.08
-861.595	1251.81	2526.13
-1082.21	127.367	3281.74
-870.464	1667.88	3075.08
-783.597	468.842	2897.1
-830.12	603.74	3094.04
-1616.18	-1568.51	6468.72
-903.869	2209.41	3612.09
-1605.48	-3205.41	7236.33
-1953.14	-4591.8	8928.19
-1761.67	-4054.27	8574.8
-788.651	1674.85	3696.93
-721.252	1750.66	3630.88
-1621.41	-5151.99	10353.8
-605.541	1664.97	4619.01
789.68	85.4571	5677.98
2121.97	-5464.69	11465.9
2121.97	-5464.69	11465.9
2050.92	-2761.49	8936.92
1231.24	2071.28	4527.6
1231.24	2071.28	4527.6
2893.57	-4966.85	9128.54
1463.14	2054.86	4477.84
1980.97	600.848	5895.44
1980.97	600.848	5895.44
1461.68	2002.99	4384.71
2807.18	-2217.4	7506.49
3043.02	-1678.77	7903
2927.77	-3171.19	7382.6
2908.06	-2687.57	6949.61
2895.83	-2221.38	6545.84
2172.84	1624.14	5008.75
3094.51	-3700.09	6870.27
2958.28	-1603.09	5963.71
2510.54	1122.88	4791.68
2149.65	2673.42	4087.85
2348.76	2022.51	4349.39
2952.04	-3075.79	5131.31
2850.88	898.953	5059.45
2727.54	-223.671	4743.07
2822.9	1824.93	4970.34
2331.77	2022.84	4114.81
2817.83	-257.332	4836.75
2774.68	-403.448	4697.96
3292.15	-2776.86	5347.77
3410.85	-3331.7	5412.73
2784.26	-686.181	4326.87
2675.7	693.881	4123.87
2801.28	206.221	4277.97
2682.23	1361.72	4019.34
3008.53	-325.701	4435.47
2419.17	2013.74	3625.03
2832.08	-1491.56	3961.68
2455.78	1964.17	3495.6
2743.24	2718.1	3863.13
2752.63	882.85	3735.79
2948.68	-831.699	3799.19
2467.98	2030.66	3224.32
2860.84	-1372.64	3598.65
2900.27	-1047.46	3654.52
2737.34	513.362	3464.31
2614.73	814.639	3281.34
3408.17	-678.932	4184.35
3365.79	-722.175	4068.99
2637.61	722.168	3171.84
2637.61	722.168	3171.84
2543.01	1657.66	3054.77
2775.77	551.543	3258.88
5898.17	-4140.21	6765.33
2759.21	559.866	3139.56
3647.82	-713.66	4014.98
3400.25	-881.148	3728.25
3366.37	-1132.17	3636.67
3291.69	-1570	3418.83
3534.34	-1696.32	3561.86
-2263.2	279.713	2420.02
-1908.94	1262.62	2069.67
-1921.55	1039.57	2106.38
-1919.38	-135.902	2158.3
-2168.04	313.444	2483
-1912.09	906.424	2215.14
-1987.98	-879.54	2357.96
-2038.79	-1426.89	2435.7
-2022.25	-1297.6	2538.82
-1916.01	-786.759	2412.96
-1917.49	1519.74	2500.48
-1869.76	644.661	2544.17
-1869.76	644.661	2544.17
-1946.78	303.615	2697
-1946.78	303.615	2697
-1915.32	-227.224	2672.99
-1924.46	-517.349	2708.46
-1941.25	-1162.12	2787.48
-1933.38	1649.66	2739.29
-1929.8	-519.156	2833.51
-1893.51	940.379	2785.22
-1985.35	-1069.54	2981.71
-1969.25	-954.769	3069.19
-1968.5	600.278	3245.79
-1946.69	193.877	3229.11
-1942.31	-599.84	3253.31
-1970.25	655.345	3314.93
-1872.83	1677.69	3143.71
-1519.65	1202.76	2582.9
-1951.87	19.8348	3376.35
-1958.02	2125.06	3368.14
-1962.51	2206.8	3407.35
-1906.27	-877.025	3630.13
-1955.01	-174.123	3784.11
-1504.94	471.904	3095.97
-2612.06	-2879.35	5587.65
-2055.9	-836.02	4515.47
-1793.76	-1158.23	4217.07
-1970.86	-2197.41	4779.44
-1793.77	-984.682	4358.01
-1793.77	-984.682	4358.01
-2148.28	-2892.54	5372.83
-1232.02	475.744	3000.01
-1873.7	-2166.07	4804.09
-1706.23	-1259.7	4810.28
-1445.41	2616.95	3901.44
-1092.79	128.305	3310.75
-978.435	1937.85	3083.75
-878.295	1678.7	3096.01
-785.01	469.742	2899.25
-1685.19	-3533.58	7633.16
-1949.75	-4586.34	8917.83
-1779.69	-4093.37	8658.37
-786.195	1669.38	3683.55
-641.105	1722.1	3693.41
-1538.45	-5294.7	10643.5
-610.471	1675.54	4649.35
793.642	85.289	5713.05
2104.02	-5421.11	11368.1
2873.7	-4932.93	9066.49
3099.74	-3386.28	9714.62
2958.87	-2542.34	8796.01
1977.12	598.985	5884.62
1977.12	598.985	5884.62
2891.58	-3419.7	7810.81
1762.63	1966.86	4862.19
1762.63	1966.86	4862.19
1981.97	1223.42	5377.9
1981.97	1223.42	5377.9
1839.71	1889.43	4840.91
2069.82	1581.68	5006.65
2912.67	-2366.73	6663.97
3095.52	-3701.2	6872.4
3095.52	-3701.2	6872.4
1985.18	2212.42	4522
2979.59	-2304.47	6230.67
2960.38	-1603.22	5967.75
2231.08	2179.88	4530.91
2954.58	-1312.59	5690.73
2521.54	1128.84	4814.55
2149.74	2675.2	4087.29
2797.82	-711.586	5070.96
2849.57	899.025	5057.43
2794.35	-631.877	4890.2
2717.73	-222.41	4725.2
2806.36	1817.66	4943.9
2843.12	-862.191	4739.21
2843.12	-862.191	4739.21
3312.2	-2794.06	5379.98
3392.84	-3314.5	5385.43
2880.71	-78.8455	4614.24
2926.57	-345.082	4419.14
2435.36	2207.42	3736.36
2435.36	2207.42	3736.36
2602.78	1321.18	3894.3
2834.37	-1492.79	3964.67
2723.19	964.586	3837.84
2746.86	769.17	3837.99
2437.76	2247.46	3360.96
2707.73	288.583	3666.19
2476.38	2212.4	3386.7
2961.15	-834.567	3817.5
2961.15	-834.567	3817.5
2836.42	-1361.55	3568.48
2735.63	512.974	3461.67
2725.96	681.299	3305.51
2685.13	734.779	3231.44
2562.98	1670.46	3080.46
3600.61	-513.992	4228.57
2793.63	555.812	3280.77
5857.54	-4110.24	6717.55
3470.14	-882.236	4008.32
3415.91	-941.931	3941.11
3547.03	-701.141	4043.81
2758.88	559.755	3139.12
3248.4	-1544.23	3365.8
