-2259.88	279.304	2417.16
-1912.11	1265.56	2072.97
-1915.06	1033.94	2100.27
-1930.93	-136.779	2171.05
-2244.07	382.349	2524.19
-1926.17	911.808	2230.9
-2004.18	-885.297	2376.19
-1900.42	1361.02	2196.14
-1917.48	-405.376	2283.16
-1931.79	-26.274	2299.17
-1928.91	-652.082	2359.47
-1932.44	85.1616	2426.21
-1967.37	323.488	2558.76
-1912.16	1515.13	2493.34
-2023.13	-1055.81	2743.72
-1879.35	647.057	2555.94
-1928.87	-641.312	2714.94
-1966.64	-1055.5	2782.3
-1878.38	830.907	2637.63
-1878.38	830.907	2637.63
-1936.79	1724.89	2782.97
-1953.1	524.186	2956.81
-1960.52	-829.948	3028.69
-1935.44	-107.653	3010.39
-1960.69	630.972	3086.93
-1927.05	3.16562	3106.76
-1996.03	-845.923	3253.55
-1966.31	749.902	3211
-1953.45	194.405	3241.26
-1519.37	1203.91	2575.29
-1576.7	1047.2	2693.35
-1939.83	2155.31	3290.71
-1939.83	2155.31	3290.71
-2156.45	-804.795	4014.06
-1797.65	-828.202	3443.03
-1939.2	-171.225	3751.63
-1460.28	458.901	3009.02
-2576.67	-2838.64	5507.05
-2058.17	-836.039	4522.58
-1746.22	-1129.23	4113.61
-1928.34	-2152.7	4683.72
-1750.54	-961.427	4254.84
-2150.71	-2892.73	5379.69
-1446.36	2012.54	3424.47
-1245.08	480.362	3025.93
-1676.45	-1233.05	4729.9
-4158.65	488.995	12630.9
-841.089	1290.35	2565.67
-1633.31	-1009.93	5327.66
-1004.87	1983.76	3155.77
-818.99	596.52	3053.18
-857.623	1310.04	3434.95
-858.848	1498	3497.89
-1569.52	-3133.19	7076.14
-864.484	1671.11	3567.94
-1921.41	-4519.12	8789.28
-1819.91	-4819.66	8880.96
-1567.56	-4895.15	8293.23
-808.64	2201.64	3742.97
-679.51	1440.8	3462.27
-679.51	1440.8	3462.27
-630.378	1693.32	3633.27
540.945	52.6626	3630.83
1956.64	-2145.08	8122.21
2789.06	-5454.91	10911.3
1254.11	2047.73	4341.41
2741.65	-4698.42	8646.56
2832.26	-2433.65	8422.2
2712.16	-3753.58	7799.26
1929.09	581.178	5747.18
1929.09	581.178	5747.18
1449.72	2003.67	4395.23
1816.97	1168.68	5247.12
1915.53	1185.47	5197.89
2655.77	-2704.73	6710.4
2653.01	-2265.74	6308.75
2775.04	-2433.64	6497.46
1991.12	1499.55	4828.98
3005.27	-3450.62	6894.66
2789.79	-2137.21	6310.68
2596.73	-840.417	5370.13
2794.99	-1381.54	5733.4
2429.43	1328.15	4801.92
2048.16	2548.01	3893.27
2200.15	2060.37	4118.68
2283.65	1965.04	4240.66
2614.65	-212.906	4549.78
2231.95	1922.4	3959.05
2657.22	1716.21	4680.7
2685.57	-708.64	4584.48
3148.96	-3007.33	5233.04
2210.46	2427.37	3795.05
2712.46	-36.2425	4481.37
2679.03	226.539	4293.24
2703.17	-1013.26	4284.5
2575.41	-1921.38	3939.38
2786.61	-364.275	4302.32
2561.09	663.465	3946.16
2656.11	200.342	4057.57
2684.78	-1167.93	4022.38
2674.25	-618.646	4016.9
2180.3	2270.44	3365.36
2668.67	327.736	3845.86
2315.3	1845.55	3300.22
2616.19	924.214	3685.63
2364.16	1523.54	3284.78
2713.29	-1365.92	3667.46
2632.99	926.174	3590.81
2336.45	1921.23	3050.22
2398.86	1486.26	3075.14
2479.1	1616.02	2992.63
3193.91	-786.118	3768.74
2677.94	533.782	3146.02
2687.56	592.397	3127.59
2656.8	1898.85	3087.18
2952.09	-1164.88	3338.18
3352.18	-779.099	3757.97
2558.38	685.934	2857.85
2558.38	685.934	2857.85
3508.29	-685.775	3860.63
3512.27	-635.116	3800.22
3078.46	-1461.56	3185.63
-2240.22	277.156	2396.78
-1907.15	1262.13	2067.19
-1907.88	1221.52	2088.99
-1903.23	-476.644	2141.42
-2239.73	381.922	2520.95
-2044.62	-1430.91	2440.68
-1914.71	906.629	2218.43
-1905.12	-643.959	2333.71
-2003.22	-1285.64	2515.53
-1935.62	86.6854	2428.6
-1935.62	86.6854	2428.6
-2016.95	-1053.97	2737.3
-1877	646.255	2553.57
-1877	646.255	2553.57
-1973.31	-1059.52	2791.57
-1877.24	830.817	2635.42
-1877.24	830.817	2635.42
-1937.09	1650.58	2743.93
-1922.39	-515.321	2822.48
-1922.39	-515.321	2822.48
-1931.85	1720.67	2776.23
-1957.51	-828.614	3024.25
-1931.28	-303.39	2975.11
-1918.11	-107.315	2982.82
-1965.33	631.838	3094.29
-1928.66	5.05486	3112.05
-1967.5	-203.8	3272
-1920.41	-593.513	3217.95
-1932.32	2049.86	3162.84
-1967.88	805.596	3293.32
-1571.76	1044.47	2683.8
-1877.76	1708.09	3230.77
-1946.7	2188.94	3381.8
-1851.38	-852.314	3540.04
-1524.76	433.13	2996.07
-2560.05	-2823.33	5475.55
-1519.33	141.925	3277.71
-2037.52	-827.762	4478.54
-2111.16	-1569.43	4895.19
-2019.94	-764.25	4716.53
-1776.68	-1148.11	4180.25
-1773.96	-973.009	4312.1
-2168.29	-2915.94	5421.48
-1188.6	460.387	2900.22
-1682.48	-1235.36	4747.82
-1424.15	2580.24	3846.75
-880.761	1683.35	3104.28
-782.544	467.839	2888.93
-819.75	596.921	3055.55
-1559.22	-3115.19	7046.66
-1611.64	-3378.53	7303.31
-873.418	2143.37	3505.92
-1908.46	-4490.85	8732.92
-872.353	1685.92	3600.16
-1891.04	-4995.73	9204.91
-1712.76	-3934.63	8336.85
-830.707	-204.186	4054.74
-1421.87	-1023.61	7082.29
-678.187	1436.67	3455.32
-690.885	1683.03	3491.72
-1635.96	-5189.4	10445.1
-631.956	1697.21	3640.88
-610.092	1585.43	4672.92
539.062	53.4247	3611.84
539.062	53.4247	3611.84
2021.11	-4274.82	10154.9
1605.93	-3238.01	7871.56
1973.56	-2993.26	8897.56
1954.86	-2638.32	8525.67
2871.11	-5610.08	11223.5
2804	-3908.13	9530.99
1268.91	2071.87	4392.98
2698.87	-4630.21	8512.58
1904.31	575.229	5668.17
1430.81	1983.37	4347.45
1772.65	1140.54	5111.36
2660.17	-3136.2	7176.77
1876.94	1757.53	5180.27
2907.35	-1602.38	7549.05
1883.39	1528.2	4818.25
2776.64	-2434.58	6499.26
3051.11	-3501.17	7011.79
2085.9	1546.13	4820.4
2135.65	1589.65	4772.5
2882.3	-2374.27	5919.85
2039.24	2073.64	4310.57
2830.15	-1530.57	5703.66
2871.25	-1190.84	5682.13
2820.47	-1456	5558.35
2455.45	1343.4	4856.87
2395.9	1623.81	4537.17
2642.08	-541.077	4865.17
2207.75	2068.7	4138.72
2805.84	482.75	4887.76
2666.78	-240.105	4575.5
3185.48	-3037.21	5291.82
2187.56	2402.1	3750.94
2187.56	2402.1	3750.94
2714.88	-36.5509	4485.81
2603.26	223.097	4161.78
2697.84	184.761	4256.27
2623.1	-1960.78	4017.06
2566.98	664.974	3956.02
2646.5	-1146.03	3958.32
2306.73	1168.63	3449.98
2667.26	571.4	3945.47
2664.33	-791.358	3859.09
2664.33	-791.358	3859.09
2354.28	1879.81	3358.06
2354.28	1879.81	3358.06
2650.34	-969.687	3636.26
2710.47	-1269.03	3688.67
2710.47	-1269.03	3688.67
2632.2	850.731	3627.36
2385.43	1537.26	3313.53
2665.29	769.914	3501.79
2358.64	1939.61	3078.85
2896.1	-1057.08	3401.61
2444.19	1592.5	2945.83
2619.68	520.336	3073.43
2680.88	592.194	3121.24
2688.08	1922.1	3126.57
3110.81	-1130.09	3425.96
3771.76	-500.259	4173.38
2568.22	688.033	2869.7
2568.22	688.033	2869.7
3828.67	-362.831	4224.74
3235.95	-1184.86	3373.78
-1901.63	1259.05	2062.25
-1915.47	1226.22	2096.98
-1913.88	-480.13	2153.84
-1923.77	-136.68	2164.17
-2253.52	384.367	2535.42
-2207.01	318.533	2525.59
-1906.5	902.643	2209.28
-1963.68	-868.33	2330.09
-2035.92	-1424.78	2430.4
-1907.92	-534.948	2277.15
-1916.01	-26.083	2281.15
-2109.05	316.565	2524.2
-1895.47	824.092	2279.55
-1913.97	-627.417	2391.05
-1930.03	318.373	2514.01
-1913.7	1516.05	2495.37
-2069.2	553.222	2749.74
-1974.62	-1254.46	2710.04
-1957.6	-1050.99	2770.01
-1928.21	1688.44	2694.66
-1894.69	767.23	2718.53
-1879.91	933.145	2766.63
-1956.73	-828.403	3023.21
-1934.07	-303.784	2979
-1921.48	-107.974	2987.37
-1913.03	4.98754	3086.27
-1955.67	-829.499	3190.18
-1960.36	597.937	3232.76
-1933.46	192.281	3209.07
-1943.4	-468.91	3247.24
-1983.21	660.005	3332.81
-1549.57	1227.6	2629.35
-1606.3	1067.01	2739.24
-1935.14	2028.01	3294.54
-1878.54	1708.95	3231.82
-1927	2315.91	3406.34
-1752.42	-808.633	3363.49
-2154.66	-842.314	4433.19
-2571.1	-2829.43	5491.24
-1546.86	112.516	3288.65
-1780.1	-1149.31	4184.38
-1963.98	-2190.48	4763.58
-1781.03	-977.188	4327.46
-1812.4	-1722.28	4810.36
-1079.09	127.366	3268.96
-1157.14	1061.35	3599.72
-1619.12	-1000.84	5283.57
-1015.38	2004.46	3189.24
-782.906	468.126	2890.08
-862.386	1501.5	3506.72
-841.427	2069.52	3385.53
-876.314	1693.64	3615.97
-1554.45	-3104.91	7014.02
-1918.84	-4513.02	8775.99
-847.634	1723.38	3615.12
-1838.44	-4871.92	8974.14
-776.84	1648.13	3639.07
-776.198	2115.45	3604.02
-1621.5	-5054.33	8564.46
-716.203	1737.52	3604.5
-685.235	1446.45	3479.06
-712.275	582.012	4454.65
-624.044	1453.44	4514.67
537.457	51.2989	3593.15
2027.06	-5216.28	10952.2
2027.06	-5216.28	10952.2
1952.25	-2629.6	8508.39
2797.51	-5459.21	10927.9
1267.02	2068.32	4387.33
2762.34	-4440.04	8521.95
1787.53	1151.41	5158.28
1949.99	1827.42	5376.58
2737.57	-2061.42	7265.47
2896.68	-1595.83	7521.07
2733.88	-2761.1	6834.48
1889.95	1533.08	4834.46
2789.09	-2871.49	6880.26
2086.53	1546.61	4821.87
2131.45	1586.87	4763.57
2679.63	-1307.45	5653.22
2882.65	-2227.26	6033.95
2862.27	-2354.53	5879.57
2092.43	2129.64	4427.81
2800.52	-1581.84	5586.95
2451.79	1341.03	4847.5
2071.34	2577.94	3940.27
2670.95	-547.292	4919.51
2273.05	1791.61	4169.58
2252.45	1940.86	3992.73
2620.32	-213.065	4555.82
2828.34	486.014	4930.16
2627.12	-382.367	4446.23
3125.46	-2992.54	5197.39
3125.46	-2992.54	5197.39
2216.46	2434.3	3808.34
2652.44	-121.555	4416.53
2710.52	185.424	4275.93
2684.42	-534.562	4161.86
2696.81	-1096.02	4162.72
2759	-2048.82	4218.08
2568.04	665.225	3957.53
2784.69	-196.164	4225.5
2295.01	1162.98	3433.05
2335.67	1863.53	3330.16
2609.54	921.398	3675.84
2627.57	348.192	3676.17
2666.43	-976.15	3659.51
2354.98	1517.74	3270.33
2691.59	-1353.77	3638.29
2693.66	-1555.91	3606.6
2623.06	851.726	3463.37
2330.18	1915.33	3038.86
2391.75	1485.04	3088.68
3063.41	-607.106	3753.13
2891.61	-1055.31	3395.39
2891.61	-1055.31	3395.39
2654.59	527.867	3116.58
2788.61	1996.92	3244.48
2720.59	251.962	3094.26
2576.16	691.464	2877.65
2576.16	691.464	2877.65
3697.03	-490.146	4089.31
3760.72	-356.461	4147.08
3263.65	-1315.68	3303.37
3305.95	-1583.46	3327.91
-1911.57	1223.98	2092.83
-1912.15	1033.33	2097.7
-1922.66	-136.769	2163.04
-2217.78	378.308	2496.75
-2198.09	317.561	2516.07
-1904.19	901.286	2205.96
-1910.29	1368.62	2208.69
-1968.52	-870.042	2334.98
-2047.29	-1432.97	2443.72
-1915.06	-26.5607	2280.68
-1881.85	817.749	2263.18
-1903.05	-623.573	2377.87
-2128.86	426.782	2667.88
-2017.39	-1185.47	2659.48
-1928.99	318.464	2512.59
-2062.4	551.051	2740.69
-1920.43	-514.871	2702.4
-1962.84	-1053.69	2776.97
-1895.94	767.732	2720.07
-1934.13	1722.62	2779.58
-1940.18	1801.77	2832.46
-1954.86	-827.602	3020.63
-1932.08	-303.554	2975.96
-1904.78	-106.868	2963.14
-1925.17	1934.27	3028.51
-1927.68	4.73099	3109.3
-1953.33	-828.477	3186.6
-1968.7	599.229	3246.74
-1933.16	191.557	3209.48
-1963.96	652.506	3303.75
-1552.28	1230.12	2633.73
-1582.37	1052.35	2699.6
-1882.15	1712.67	3237.41
-1947.76	-602.565	3451.48
-1936.58	2361	3537.88
-1931.57	-290.099	3624.24
-1457.57	458.528	3004.97
-2553.09	-2812.16	5456.91
-2049.85	-832.555	4503.35
-1931.72	-1441.1	4484.09
-2023.47	-767.414	4731.05
-1822.12	-1175.67	4284.72
-1188.39	460.808	2899.73
-1648.23	-1025.7	4157.7
-1079.07	127.037	3267.87
-1156.76	1060.86	3600.68
-1622.01	-1002.59	5292.34
-872.682	1669.62	3078.52
-787.509	470.793	2905.39
-820.382	597.54	3057.69
-846.44	1707.37	3165.07
-895.975	2187.09	3578.05
-864.457	1504.95	3515.08
-863.586	2079.58	3552.59
-1564.07	-3123.38	7057.12
-1638.65	-3432.19	7417.6
-1893.87	-4457.06	8668
-775.936	1646.23	3634.74
-772.163	2106.29	3586.36
-709.047	1721.41	3571.62
-684.26	1444.5	3474.36
-1643.24	-5211.46	10496.3
-709.109	579.394	4434.89
-1581.62	-5367.69	10808.2
-607.101	1668.83	4623.46
537.184	50.1718	3584.85
537.184	50.1718	3584.85
2019.48	-5200.69	10913
2019.48	-5200.69	10913
1955.28	-2634.87	8523.76
2883.42	-5643.56	11287.6
1267.86	2069.7	4390.93
2640.33	-4513.79	8314.76
1346.35	1994.41	4329.11
1813.87	1170.48	5239.06
1945.63	1824.61	5366.63
2919.75	-1608.91	7583.07
2748.7	-2779.05	6876.62
1883.63	1527.29	4820.09
2785.92	-1512.97	6897.55
2816.98	-3092.57	6873.29
2789.67	-2447.48	6532.36
3030.01	-3479.06	6951.66
2764.59	-2116.87	6253.26
2088.76	1548.36	4827.24
2851.18	-2353.89	6195.05
2053.77	2088.45	4342.56
2643.32	-986.723	5352.48
2810.89	-1451.72	5539.33
2449.29	1339.44	4842.61
2397.34	1623.82	4537.35
2296.02	1810.82	4213.41
2257.21	1944.96	4002.68
2617.09	-213.083	4551.21
2824.29	484.38	4923.63
2680.31	-705.623	4574.41
3118.99	-2986.27	5186.78
2193.08	2407.26	3764.59
2193.08	2407.26	3764.59
2620.68	-120.243	4364.7
2668	228.519	4268.7
2778.48	-2064.47	4249.44
2280.59	2241.07	3595.13
2567.71	665.085	3956.9
2771.81	-195.138	4204.91
2706.17	-627.218	4067.19
2294.82	1162.16	3430.46
2679.75	-871.229	3847.76
2342.95	1869.9	3341.23
2353.11	1516.84	3268.02
2500.65	809.198	3441.52
2681.74	-1549.69	3591.39
2681.74	-1549.69	3591.39
2600.57	277.335	3520.7
2590.95	829.076	3513.69
2652.29	-1132.49	3499.13
2323.27	1909.7	3029.53
2420.03	1504.1	3129.45
3400.31	-351.004	4245.76
2535.79	694.958	3053.68
3111.81	-765.069	3668.21
2655.3	528.439	3117.74
3289.94	-834.818	3800
2712.18	598.655	3157.93
2688.58	1921.15	3125.72
2582.21	693.191	2884.78
3612.07	-653.454	3912.9
3325.19	-974.771	3508.89
3269.67	-1317.87	3309.34
3359.85	-1612.25	3387.64
-2258.88	279.072	2414.58
-1915.03	1267.6	2076.35
-1915.99	1034.51	2100.25
-2268.01	387.047	2553.08
-1915.88	906.904	2219.05
-1883.28	1350.42	2179.39
-1993.5	-881.03	2364.56
-1922.76	-26.9105	2289.07
-2014.47	-1292.64	2529.85
-1933.32	194.416	2557.12
-1932.15	-753.237	2592.15
-2066.77	551.598	2745.37
-1972.88	-1253.43	2707.48
-1917.78	-637.722	2699.73
-1923.43	-517.054	2707.61
-1887.54	834.554	2650.22
-1887.54	834.554	2650.22
-1907.12	772.488	2736.77
-1943.54	415.619	2816.54
-1930.64	1719.54	2774.39
-1930.64	1719.54	2774.39
-1942.08	-19.2273	2973.18
-1930.89	-303.393	2974.66
-1930.25	1858.82	2987.15
-1965.97	750.003	3209.65
-1957.27	195.185	3246.23
-1950.23	-203.819	3245.88
-1942.16	-85.361	3237.37
-1949.59	798.648	3263.73
-1814.52	1632.28	3050.35
-1936.43	-492.277	3360.59
-1880.09	1710.11	3234.75
-1936.66	2256.68	3419.13
-1968.91	-903.494	3749.61
-2169.27	-847.026	4463.85
-1477.58	464.011	3041.78
-2599.19	-2864.29	5556.89
-2022.09	-769.013	4730.75
-1759.06	-1138.06	4144.09
-1933.29	-2156.45	4692.31
-1787.95	-980.85	4342.7
-2102.2	-2828.57	5256.38
-1766.92	-2359.63	5245.46
-1082.86	127.56	3279.13
-840.365	1288.91	2563.41
-1141.3	1014.51	3639.54
-975.988	1934.15	3076.77
-1566.16	-1397.06	5488.55
-843.218	447.484	2917.58
-783.822	468.609	2893.32
-817.28	595.924	3047.38
-857.376	1308.82	3432.2
-875.142	2148.43	3514.52
-856.63	1496.85	3496.1
-1586.43	-3166.63	7155.47
-1641.8	-3441.38	7440.89
-1915.76	-4505.28	8762.63
-766.003	2097.8	3566.56
-1592	-4966.26	8420.36
-703.06	1707.28	3541.88
-679.669	1440.44	3461.68
-679.669	1440.44	3461.68
-630.076	1692.92	3632.05
-714.219	582.769	4460.81
573.28	58.3627	3941.69
573.28	58.3627	3941.69
1999.44	-5138.97	10797.6
1999.44	-5138.97	10797.6
1977.95	-2990.42	8909.49
1967.75	-2649.94	8577.1
1185.7	2014.71	4417.46
1266.03	2067.11	4382.39
2720.66	-4666.84	8583
1919.59	578.127	5716.18
1919.59	578.127	5716.18
2696.19	-3728.5	7749.06
1935.41	1813.1	5335.67
1899.67	1175.24	5151.64
2902.49	-1599.73	7537.65
1769.15	1814.67	4680.34
1888.64	1532.95	4830.34
2813.89	-2898.37	6943.98
2803.3	-2458.37	6563.91
2089.47	1548.74	4828.28
2843.23	-2074.68	6324.05
2877.1	-2339.69	6102.2
2082.76	2120.51	4409.38
2759.23	-1363.27	5659.95
2667.7	-878.988	5246.44
2689.63	1334.38	5198.99
2819.5	-946.184	5364.03
2377.78	1611.26	4502.49
2377.78	1611.26	4502.49
2058.49	2560.2	3913.94
2232.84	2093.13	4189.61
2623.92	-214.397	4563.33
3081.02	-2953.44	5123.95
3081.02	-2953.44	5123.95
2197.75	2411.14	3774.45
2680.88	-306.859	4456.67
2688.79	-904.751	4370.9
2259.31	2220.09	3561.15
2562.88	664.32	3949.32
2786.47	-197.123	4227.29
2735.85	-398.573	4125.51
2833.68	-335.783	4274.37
2598.22	445.709	3931.26
2715.74	-1177.28	4065.55
2718.64	-1375.76	3852.43
2414.6	1557.42	3360.29
2694.87	-1557.52	3609.06
2602.46	833.766	3531.6
2706.15	-1159.43	3574.87
2618.5	850.352	3457.57
2337.03	1921.36	3050.75
2414.15	1499.96	3122.8
2433.84	1585.36	2931.89
2871.11	-1047.64	3367.87
2871.11	-1047.64	3367.87
2642.48	526.303	3103.05
2628.31	706.524	3088.74
5533.37	-3882.14	6347.27
5533.37	-3882.14	6347.27
2666.25	588.9	3103.27
2664.23	1903.39	3097.48
3398.73	-670.49	3875.91
3312.2	-769.99	3711.41
2607.85	700.61	2914.11
