-2262.34	279.565	2419.25
-1900.4	1257.13	2060.74
-1936.39	1047.59	2122.85
-1918.35	-137.546	2157.74
-1902.55	-523.685	2174.01
-2203.66	318.347	2522.87
-1981.7	-876.943	2350.69
-1912.48	-404.677	2276.63
-1915.23	-26.8448	2279.69
-1915.23	-26.8448	2279.69
-2019.57	-1295.96	2535.62
-1921.35	-629.758	2400.15
-1898.53	980.659	2426.79
-1898.53	980.659	2426.79
-1920.07	1522.01	2503.56
-1941.07	195.488	2566.36
-2061.27	551.009	2738.39
-1884.33	649.48	2562.58
-1944.62	302.733	2694.31
-1938.04	-1160.53	2783.21
-1933.39	1649.74	2739.2
-1920.37	-409.345	2827.22
-2001.4	-1078.37	3004.73
-1964.66	-952.2	3063.13
-1951.6	-306.96	3118.18
-1951.6	-306.96	3118.18
-1965.81	750.991	3209.08
-1965.81	750.991	3209.08
-1933.93	191.139	3209.24
-1945.01	2090.32	3261.26
-1523.91	1204.71	2590.06
-1891.57	1714.52	3254.36
-1951.38	2379.28	3564.45
-1941.9	-290.725	3641.77
-1910.23	-878.73	3637.57
-1948.57	-174.088	3771.43
-1485.87	466.009	3056.71
-2572.15	-2838.64	5505.81
-1993.98	-761.699	4669.82
-1762.05	-1140.68	4150.48
-1944.11	-2169.14	4717.88
-2131.28	-2870.94	5332.61
-1216.08	469.881	2962.47
-1961.23	-2427.81	5298.32
-1725.02	-1274.73	4857.8
-1903.14	-639.054	5584.59
-861.517	1251.29	2525.78
-1073.57	125.985	3257.33
-980.502	1944.03	3092.87
-874.388	1674.01	3085.67
-788.328	471.768	2911.39
-827.682	602.356	3085.89
-1638.21	-1588.1	6547.32
-894.837	2191.07	3583.21
-884.159	1710.05	3650
-1685.8	-3534.16	7633.86
-1920.48	-4519.34	8789.19
-1758.89	-4045.85	8556.39
-793.543	1682.73	3713.86
-1674.32	-5217.98	8872.91
-714.704	584.479	4474.19
793.068	87.4622	5702.16
2061.26	-4073.24	10112
1228.75	2066.4	4517.27
1228.75	2066.4	4517.27
2829.16	-4853.89	8924.23
3053.25	-2630.09	9087.55
1466.22	2055.67	4480.45
2836.46	-3920.56	8150.35
1896.31	1216.17	5475.51
2821.26	-2229.07	7545.5
1777.52	1987.51	4909.56
1978.29	1221.77	5366.71
2062.92	1142.97	5301.61
2902.03	-2357.72	6639.18
3095.21	-3700.86	6872.28
1967.78	2191.01	4477.44
2975.54	-2301.34	6221.96
2966.94	-1675.02	5918.43
2212.73	2161.06	4492.07
2964.2	-1533.41	5841.29
2509.56	1122.42	4789.95
2154.28	2680.53	4096.35
2371.49	2042.15	4393.77
2958.2	-3083.75	5144.23
2844.76	896.006	5047.98
2722.47	-222.883	4733.96
2805.86	1813.17	4938.83
3049.7	513.067	5312.12
2816.34	-826.662	4785.6
2792.29	-405.984	4728.07
3283.64	-2768.13	5331.89
3330.26	-3252.49	5284.81
2805.3	-420.091	4520.5
2874.12	29.7772	4565.88
2854.93	-1216.73	4356.12
2675.96	694.239	4124.48
2934.6	-207.353	4450.3
2809.62	-1326.83	4112.72
2450.62	1959.76	3485.09
2450.62	1959.76	3485.09
2758.5	771.686	3854.74
2517.63	2395.28	3543.72
2848.9	-1649.78	3818.15
2950	-808.483	3960.12
2703.54	877.492	3567.93
2453.52	2018.92	3205.34
2851.96	-1370.03	3588.82
2738.8	513.998	3466.36
2647.67	774.792	3260.39
2700.17	674.183	3272.79
3386.3	-836.161	4001.28
2551.54	1663.06	3065.72
2780.7	552.824	3265.1
5882.18	-4128.31	6746.25
2959.09	2119.16	3446.94
2755.89	559.346	3135.75
3852.52	-510.73	4256.49
3417.83	-886.42	3747.35
3388.61	-1139.88	3658.36
3339.43	-1587.21	3458.24
3580.63	-1718.16	3609.31
-2237.52	277.056	2394.49
-1901.39	1257.79	2062.22
-1907.81	1032.71	2092.66
-2186.81	316.567	2504.21
-1963.36	-869.861	2331.3
-2036.53	-1425.56	2433.25
-1934.26	-405.975	2300.13
-1916.14	-26.4595	2280.84
-1916.14	-26.4595	2280.84
-1926.72	-789.419	2425.41
-2057.49	549.759	2734.38
-1870.43	737.737	2503.73
-1876.68	647.126	2552.7
-1948.54	303.599	2699.65
-1948.54	303.599	2699.65
-1942.78	-1163.62	2790.12
-1936.36	1652.41	2743.24
-1918.96	-408.663	2825.45
-1883.84	933.563	2772.13
-1994.06	-1074.45	2993.46
-1937.64	1755.72	2873.82
-1956.54	524.699	2961.67
-1956.54	524.699	2961.67
-1976.21	-958.5	3080.19
-1936.08	1865.81	2997.41
-1945.92	191.94	3230.19
-1941.18	-599.402	3251.02
-1864.83	1670.91	3131.05
-1948.9	2094.51	3267.32
-1952.8	-85.2737	3365.9
-1525.36	1207.48	2592.74
-1596.35	1061.98	2723.1
-1953.74	-603.951	3462.68
-1883.21	-866.985	3589.14
-1953.62	-174.638	3781.73
-1491.77	467.987	3070.63
-2633.49	-2897.07	5627.99
-2633.49	-2897.07	5627.99
-2074.51	-788.881	4850.71
-1761.7	-1137.2	4143.79
-1954.88	-2180.91	4743.13
-2146.26	-2888.4	5364.49
-1214.91	470.287	2963.59
-1942.38	-2404.51	5247.17
-1720.08	-1271.54	4847.3
-1440.54	2609.77	3889.88
-1900.66	-638.345	5577.83
-1085.12	127.362	3289.94
-1138.51	1012.47	3632.89
-878.73	1680.42	3096.56
-785.464	470.176	2902.71
-1613.23	-3221.38	7273.52
-1677.72	-3516.05	7592.21
-1947.71	-4579.26	8904.7
-1876.53	-4964.77	9155.46
-790.913	1678.13	3703.66
-720.023	1748.94	3627.24
-606.334	1662.51	4613.18
786.786	84.2969	5650.38
2083.93	-4398.73	10455.2
1226.55	2061.98	4508.14
1322.2	2138.4	4530.9
2830.1	-4850.58	8922.88
2944.06	-2532.92	8765.5
1463.53	2052.2	4472.73
3100.97	-2915.69	9067.81
1455.41	1992.87	4362.75
2853.35	-3364	7699.02
1971.15	1217.48	5347.15
1971.15	1217.48	5347.15
2936.92	-2982.77	7013.98
2171.88	1623.56	5006.21
3092.82	-3697.6	6866.82
1959.56	2181.72	4457.83
2963.59	-2293.34	6196.08
2960.34	-1604.24	5968.28
2950.65	-1306.55	5679.48
2517.95	1126.92	4806.91
2164.37	2692.02	4117.32
2293.49	2149.42	4293.42
2356.49	1858.4	4303.7
3011.18	-3139.56	5238.49
2849.71	898.889	5057.42
2790.34	-394.65	4896.56
2823.36	-882.598	4905.94
2728.42	-223.31	4744.08
2811.1	1819.25	4950.73
3271.85	-2758.01	5312.95
3360.02	-3281.43	5331.96
2874.35	-78.4819	4603.71
2351.35	2314.29	3695.67
2671.03	692.706	4116.64
2826.27	-1488.71	3953.45
2439.2	1950.67	3469.73
2439.2	1950.67	3469.73
2952.23	-808.402	3965.41
2730.75	875.777	3706.13
2809.66	-1715.65	3652.23
2458.49	2022.79	3212.03
3590.19	-204.686	4581.28
2915.35	-1042.23	3683.83
2915.35	-1042.23	3683.83
2732.52	512.42	3457.53
3415.85	-645.385	4280.95
2621.03	818.514	3289.92
2678.19	733.815	3221.9
2678.19	733.815	3221.9
2537.11	1654.21	3047.67
2774.99	551.366	3257.65
5909.11	-4146.31	6778.63
2752.4	558.714	3131.37
3398.61	-1041.34	3781.97
3843.93	-510.474	4253.88
3546.77	-693.061	3899.84
3445.19	-894.152	3780.72
3304.29	-1575.79	3430.02
-1905.47	1260.84	2066.17
-1921.2	1038.28	2106.65
-1908.82	-480.261	2147.85
-2249.7	383.635	2531.35
-2185.93	315.66	2502.27
-1929.03	913.605	2235.33
-1978.34	-875.419	2346.73
-2041.94	-1428.97	2439.06
-1922.35	-405.059	2287.7
-1922.76	-26.526	2288.46
-1922.76	-26.526	2288.46
-2020.54	-1296.29	2536.5
-1932.93	-791.191	2432
-1919.79	1521.49	2503.07
-1936.49	194.864	2560.68
-2069.73	553.244	2748.96
-1944.73	302.722	2694.75
-1936.16	-898.948	2723.6
-1867.34	824.728	2623.16
-1938.75	-1160.98	2783.92
-1948.22	501.139	2769.38
-1919.76	-408.875	2826.66
-1935.62	1753.87	2870.92
-1955.93	524.306	2960.94
-1980.49	-960.127	3086.55
-1939.98	-194.722	3107.8
-1969.78	600.851	3247.57
-1950.88	193.63	3236.51
-1943.52	-600.486	3255.58
-1861.47	1668.79	3127
-1948.88	2094.36	3267.26
-1513.95	1198.38	2574.2
-1956.64	-604.988	3467.07
-1951.43	2194.07	3388.36
-1907.15	-878.008	3630.57
-1956.54	-174.431	3787.16
-1496.54	469.483	3079.38
-2038.09	-829.228	4479.98
-2038.09	-829.228	4479.98
-1753.56	-1132.93	4127.73
-1951.52	-2177.44	4736.69
-2160.32	-2908.89	5402.57
-1837.42	-2150.35	4945.4
-1697.34	-1255.16	4788.3
-1097.54	128.931	3324
-837.162	442.919	2895.02
-876.01	1677.13	3090.92
-787.946	471.432	2909.4
-829.387	603.336	3091.44
-1045.82	2616.03	3897.81
-1672.27	-3507.07	7575.53
-1967.66	-4623.33	8989.56
-1767.28	-4065.96	8599.48
-718.714	1744.02	3616.72
-1640.69	-5203.55	10460.8
-640.525	1721.32	3690.92
-605.755	1663.68	4614.28
780.617	82.9613	5617.14
2082.76	-4392.75	10442.9
2068.28	-3136.71	9322.41
2068.28	-3136.71	9322.41
1229.96	2068.28	4521.51
1229.96	2068.28	4521.51
2806.72	-4805.93	8846.41
1468.3	2060.41	4490.12
1981.8	597.905	5900.78
1981.8	597.905	5900.78
2815.31	-3895.78	8094.33
1972.21	1217.2	5350.45
1972.21	1217.2	5350.45
1907.89	1781.73	5180.02
2939.19	-3028.61	7252.08
2898.46	-2355.49	6631.51
2169.97	1622.06	5001.82
3092.2	-3696.83	6865.51
1960.05	2182.99	4460.59
2170.59	2208.71	4581.86
3236.08	-2290.18	6485.36
2888.18	-1315.3	5779.28
2503.33	1119.78	4777.81
2160.92	2689.37	4109.5
2370.44	2042.67	4391.24
2863.67	-921.534	5171.65
2964.47	-3087.54	5152.4
2857.01	901.107	5070.8
2730.92	-224.138	4749.46
2804.08	1814.57	4938.17
2807.45	-255.977	4818.58
2814.11	-823.535	4777.88
3266.66	-2754.03	5304.68
3332.6	-3254.84	5288.1
2790.41	-688.273	4337.66
2842.8	-1157.54	4390.88
2674.5	693.414	4122.16
2823.64	-654.787	4243.32
2596.91	1319.28	3886.46
2412.25	2007.72	3614.44
2827.79	-1489.97	3955.99
3364.03	-220.275	4737.28
2418.57	1933.37	3438.67
2754.44	770.513	3849.47
3378.91	-249.069	4602.9
2681.42	869.471	3537.38
2819.18	-1498.6	3643.03
2913.72	-821.189	3757.42
2464.33	2028.25	3220.53
2738.33	513.285	3465.05
2748.88	687.451	3334.55
2719.17	744.144	3273.02
2535.63	1652.63	3045.83
2761.36	548.801	3241.54
5881.14	-4126.95	6743.94
3690.19	-638.26	4214.83
2761.76	560.355	3142.72
3413.56	-1185.37	3832.42
3572.6	-698.798	3928.1
3378.69	-1136.21	3650.07
3514.89	-1685.76	3540.99
-2217.5	274.538	2373.61
-1901.21	1258.05	2062.12
-1917.78	1037.34	2103.16
-1887.25	-475.729	2124.41
-2195.78	317.344	2513.57
-1925.55	911.521	2230.16
-2018.26	-1295.16	2533.7
-1932.65	-792.023	2432.65
-1901.37	-426.908	2390.87
-2069.88	553.088	2749.62
-1878.31	647.682	2554.81
-1943.63	302.668	2693.09
-1943.63	302.668	2693.09
-1908.3	-226.736	2664.3
-1966.5	-1055.69	2781.32
-1872.34	827.149	2630.03
-1938.83	-1161.47	2783.94
-1934.87	1650.71	2741.2
-1931.36	-518.145	2835.24
-1992.8	-1073.7	2991.34
-1939.68	1757.65	2876.57
-1977.15	-958.755	3081.44
-1931.53	-709.172	3111.77
-1976.87	603.218	3259.64
-1949.03	-85.9338	3248.23
-1934.26	-597.516	3240.13
-1973.97	745.977	3357.65
-1519.5	1202.69	2583.34
-1880.95	1704.03	3236.31
-1954.55	2121.31	3361.96
-1948.88	2272.49	3440.33
-1907.16	-877.394	3631.23
-1952.79	-174.207	3780.8
-1496.73	469.486	3078.63
-2634.49	-2898.59	5630.5
-1469.41	405.538	3135.91
-2050.72	-834.676	4507.06
-2050.72	-834.676	4507.06
-1771.6	-1144.49	4165.68
-1966.21	-2192.03	4767.41
-2144.83	-2888.42	5366.84
-1212.84	468.413	2954.3
-1819.18	-2129.15	4896.24
-1683.11	-1243.07	4747.5
-1082.6	127.031	3279.81
-1137.32	1011.93	3629.9
-874.214	1673.23	3084.45
-783.046	468.654	2894.54
-828.772	602.737	3089.57
-1625.46	-1577.97	6505.83
-900.082	2200.47	3599.45
-1696.5	-3554.08	7674.42
-1959.67	-4605.85	8954.17
-1764.8	-4060.53	8586.45
-708.355	1722.07	3571.38
-641.204	1723.09	3694.65
-1518.1	-5238.95	10523.8
-608.422	1670.99	4636.13
781.525	84.4845	5614.53
2058.47	-4071.18	10101.3
2058.47	-4071.18	10101.3
2049.38	-2758.16	8931.28
1230.73	2069.39	4523.97
1230.73	2069.39	4523.97
2865.21	-4913.84	9038.84
1470.64	2064.03	4497.64
1856.77	1196.47	5363.73
2814.87	-2224.62	7527.88
1971.95	1217.28	5350.07
1913.33	1787.57	5196.01
2906.89	-2809.11	7024.91
2912.05	-2365.76	6662.26
3099.64	-3705.79	6881.98
1978.87	2205.98	4507.36
3024.01	-3616.37	6496.38
2949.07	-1597.47	5944.33
3210.33	-2272.91	6438.76
2776.69	-611.363	5492.12
2548.18	1396.65	5024.36
2510.44	1123.34	4792.43
2151.1	2676.27	4089.41
2364.72	2036.78	4380.29
2846.6	897.551	5051.71
2740.67	-224.151	4766.17
2806.82	1817.19	4943.64
2369.2	2051.85	4184.59
3061.47	514.806	5333.1
2773.39	-402.893	4694.88
3280.41	-2766.34	5327.81
3359.95	-3282.49	5332.41
2876.64	-78.637	4607.92
2777.62	235.561	4443.71
2809.86	-693.513	4369.28
2672.56	693.232	4119.28
2847.56	-415.593	4292.47
2417.85	2012.59	3621.67
2834.76	-1021.8	3980.47
2832.85	-1491.71	3962.31
2731.68	967.551	3850
2848.03	-1335.15	3876.98
2447.06	2256.65	3374.83
2718.4	871.749	3688.45
2474.48	1892.9	3338.25
2450.16	2015.82	3201.04
2850.38	-1371.17	3590.03
2742.28	514.293	3470.26
2749.46	687.526	3334.67
2555.29	1665.08	3070.32
2767.58	549.994	3249.35
5918.34	-4153.36	6788.56
3478.1	-884.491	4019.51
3460.44	-683.183	3941.25
2760.87	560.411	3141.5
3982.21	-376.65	4396.49
2784.61	618.159	3046.16
3446.64	-1011.41	3635.44
3568.4	-1711.41	3593.71
-2276.1	281.817	2435.32
-1906.65	1261.65	2067.38
-1923.98	1038.33	2110.28
-2253.73	384.508	2535.85
-2102	210.717	2387.82
-1938.96	918.261	2246.16
-1930.78	-25.9378	2297.59
-1940.07	-655.295	2374.89
-2028.89	-1301.39	2546.3
-1915.66	-627.626	2393.55
-1952.09	85.9119	2450.97
-2030.71	-1317.66	2697.85
-1977.92	325.927	2574.21
-2074.69	555.22	2757.56
-1883.29	744.547	2518.05
-1894.4	651.546	2575.44
-1971.45	-1058.18	2788.71
-1939.71	1655.37	2747.89
-1947.22	-522.899	2858.4
-1937.77	-412.532	2852.39
-1958.84	-23.3642	2894.24
-1944.1	1761.33	2883.44
-1925.96	-107.376	2994.46
-1957.02	-576.389	3136.12
-1989.94	759.621	3248.29
-1989.94	759.621	3248.29
-1939.21	2059.81	3173.31
-1959.74	-188.631	3362.33
-1952.26	2098.04	3273.3
-2046.6	-940.908	3891.78
-1545.63	440.343	3036.43
-2153.09	-840.907	4431.25
-2621.58	-2885.76	5603.41
-1507.73	473.931	3102.35
-2046.52	-778.782	4788.86
-1806.7	-992.142	4387.49
-1858.2	-1772.29	4932.49
-1815.6	-2126.76	4885.82
-1090.04	127.603	3300.27
-846.784	449.126	2934.04
-1746.86	-2728.21	6640.99
-1595.79	-1546.93	6388.66
-1685.37	-3531.22	7626.86
-1950.81	-4587.65	8919.81
-1743.08	-4013.61	8487.3
-1638.36	-5108.3	8688.22
-706.463	1873.15	3640.08
-608.814	1672.96	4639.96
736.964	86.5571	5233.89
736.964	86.5571	5233.89
2045.31	-3093.42	9209.48
2045.31	-3093.42	9209.48
3001.42	-4187.96	10195.1
2837.89	-4864.51	8949.24
2851.47	-3937	8191.95
1983.92	597.575	5907.44
1983.92	597.575	5907.44
1728.47	1926.43	4763.55
1728.47	1926.43	4763.55
3063.59	-1693.66	7958.5
3187.2	-3422.63	7751.95
2905.86	-2548.93	6801.35
2892.48	-2217.48	6539.58
3048.92	-3642.66	6542.7
1992	2221.81	4539.56
2945.83	-1663.49	5877.99
2417.82	1740.56	4864.97
2556.51	1401.99	5043.78
2928.58	-982.46	5573.65
2723.94	-558.559	5014.58
2764.92	1450.27	5198.23
2136.1	2657.7	4060.5
2861.8	904.974	5081.84
2734.42	-219.873	4754.64
3025.61	507.885	5272.4
2811.66	1817.93	4951.19
2383.38	2061.89	4212.8
2810.11	-255.189	4823.13
3279.84	-3136.8	5450.81
3284.74	-2769.27	5335.96
2801.18	-1045.89	4434.92
2679.8	-1991.81	4102.46
2666.68	692.243	4109.75
2364.02	2328.63	3719.37
2807.29	211.851	4288.85
2965.63	-208.788	4499.94
2841.37	-413.538	4285.49
3018.92	-326.722	4453.75
2773.16	595.476	4100.09
2421.74	2016.42	3629.54
2788.85	-1020.98	3827.53
2811.04	-1314.57	3824.17
2799.99	-1409.34	3783.42
2670.65	864.851	3675.03
2424.9	1568.77	3362.63
2734.61	877.378	3711.81
2413.06	1985.4	3150.73
2649.72	775.036	3263.88
2536.65	1653.95	3047.96
2743.91	544.71	3220.71
2698.85	725.003	3167.91
2814.93	618.585	3272.09
2851.97	2040.95	3319.34
2981.99	-1174.64	3359.04
3658.86	-715.577	4028.41
3764.73	-682.218	4079.17
3368.3	-1173.81	3559.8
3307.89	-1209.47	3444.3
3572.69	-1051.24	3669.01
