-2305.21	285.192	2466.48
-1940.13	1283.85	2102.77
-1958.59	1056.77	2147.27
-2280.17	388.853	2566.79
-1951.27	924.307	2260.08
-1912.49	1370.21	2211.83
-1999.2	-884.631	2373.58
-2079.49	-1455.14	2482.69
-1976.74	-416.737	2351.66
-1953.43	-27.3368	2325.95
-1928.01	837.849	2317
-1968.39	86.1847	2471.83
-1954.97	-743.491	2485.95
-2055.1	-1207.95	2709.73
-1961.1	-339.297	2608.08
-2087.83	558.099	2774.73
-1995.34	-1070.84	2822.66
-1922.76	778.697	2758.95
-1974.07	421.778	2860.11
-1948.4	1735.9	2799.23
-1948.4	1735.9	2799.23
-1885.33	935.174	2776.19
-1997.2	-966.881	3114.53
-1950.94	-110.388	3032.73
-1991.25	-843.69	3249.18
-1977.67	752.837	3230.31
-1971.35	195.757	3270.68
-1973.47	656.192	3319.9
-1964.9	-192.555	3373.37
-1607.5	1067.07	2744.07
-1956.56	2050.29	3330.82
-1892.11	1721.3	3255.22
-1956.09	2121.82	3364.26
-1905.88	-875.741	3632.6
-1936.14	2010.35	3636.54
-2165.97	-927.189	4344.98
-2161.97	-846.537	4449
-1512.18	475.622	3114.16
-1561.46	112.978	3320.96
-1938.94	-1447.72	4517.24
-2042.42	-776.522	4775.56
-1944.04	-2169.44	4720.12
-2138.57	-2877.45	5346.67
-1682.33	-1238.66	4750.1
-1097.3	128.815	3324.45
-1145.16	1016.88	3652.41
-999.655	1978.98	3148.39
-833.847	606.852	3108.12
-868.666	1325.66	3477.24
-1316.82	-588.166	5519.13
-935.948	2278.71	3727.75
-883.515	1706.67	3644.7
-1571.24	-3140.12	7089.71
-1646.56	-3780.31	8012.68
-820.749	2233.96	3793.53
-787.659	1671.82	3693.68
-1567.43	-4900.48	8304.74
-1567.43	-4900.48	8304.74
-721.864	1750.38	3632
-720.554	588.317	4507.19
-602.882	1660	4598.68
-611.666	1590.64	4687.19
588.19	65.799	3979.85
1215.8	2044.25	4471.7
1291.33	2090.58	4425.26
2790.12	-4790.68	8805.74
2959.48	-4780.98	9160.45
2955.19	-2782.45	8640.46
2756.81	-3806.33	7919.4
1076.32	1226.68	2968.15
1076.32	1226.68	2968.15
2912.13	-1830.23	7779.8
1925.92	1189.1	5223.41
2956.52	-1631.44	7676.58
1928.63	1567.81	4922.84
2820.94	-2906.21	6960.42
2034.04	1554.09	4922.36
2803.56	-2459.84	6563.13
2821.79	-1620.91	5970.06
2713.83	-1322.4	5724.3
2917.58	-2256.67	6105.28
2116.99	2152.89	4469.15
2237.44	1222.11	4656.09
2356.88	1694.31	4741.53
2860.04	-960.529	5436.76
2119.35	2636.5	4030.95
2328.38	2003.16	4314.21
2321.94	1831.24	4243.71
2913.4	-3039.96	5072.87
2771.21	868.749	4917.22
2679.67	-218.385	4660.57
2998.35	524.964	5224.09
3201.61	-3065.41	5324.27
2254.64	2474.62	3870.76
2683.51	-124.003	4467.94
2719.03	-915.972	4419.83
2700.68	-2007.81	4127.56
2310.1	2271.38	3630.49
2612.46	676.042	4026.67
2789.45	-407	4205.9
2705.82	-919.552	3824.39
2705.82	-919.552	3824.39
2410.13	1926.81	3429.81
2655.35	350.81	3713.8
2741.29	-1509.09	3781.47
2678.17	748.106	3744.17
2446.56	1582.26	3391.22
2705.68	-1562.72	3622.86
2658.36	205.015	3483.7
2658.36	205.015	3483.7
2657.67	768.369	3491.73
2374.06	1952.25	3098.28
2985.91	-786.792	3784.45
2886.83	-1052	3381.51
2701.97	536.649	3172.21
2716.69	595.472	3157.28
2614.67	701.622	2920.38
2614.67	701.622	2920.38
3852.43	-368.011	4246.1
3478.79	-875.685	3655.16
3695.54	-672.105	3821.01
-1944.9	1286.88	2107.86
-1942.39	1048.55	2130.52
-2276.89	388.334	2562.62
-2221.27	320.425	2542.49
-1958.56	927.208	2269.15
-1925.76	1378.98	2226.16
-2040.54	-1012.69	2412.73
-2021.19	-894.042	2398.44
-2086.24	-1459.64	2490.27
-1973.02	-415.879	2347.27
-1952.25	-26.8402	2324.07
-1923.02	835.875	2310.85
-1975.61	86.9649	2480.19
-1975.61	86.9649	2480.19
-1969.84	-749.183	2504.55
-2079.76	555.685	2763.76
-2011.27	-1278.39	2759.25
-1995.05	-1070.69	2822.38
-1948.53	1736.05	2799.56
-1948.53	1736.05	2799.56
-1901.57	943.498	2798.31
-1971.98	529.009	2985.05
-1986.9	-841.442	3069.51
-1956.51	-307.958	3014.57
-1954.11	-110.528	3037.46
-1990.22	-843.685	3246.9
-1983.55	756.049	3238.47
-1958.25	194.067	3250.31
-1960.77	-86.3718	3268.58
-1992.97	662.556	3350.7
-1962.57	19.338	3394.35
-1891.79	1721.35	3254.23
-1977.65	-611.373	3502.78
-1950.26	2192.14	3386.66
-1945.55	2338.21	3429.92
-1927.25	-884.953	3671.94
-1927.8	2003.99	3623.92
-2158.38	-845.128	4441.79
-1517.04	476.914	3122.16
-1907.79	-1425.49	4447.77
-2024.3	-769.131	4732.86
-1983.27	-2211.75	4810.68
-2144.07	-2882.57	5356.06
-1846.34	-2135.71	4739.53
-1863.64	-1772.12	4945.18
-1093.92	128.597	3315.57
-1142.72	1015.54	3644.5
-832.327	606.048	3103.01
-867.857	1324.44	3474.14
-857.513	2107.75	3448.81
-887.795	1714.42	3660.62
-852.145	1733.32	3637.03
-1655.37	-3800.33	8054.83
-830.507	2256.99	3831.52
-1571.62	-4911.05	8316.63
-715.645	1738.88	3608.9
-1649.32	-5220.96	10497.2
-606.584	1667.15	4620.17
586.859	64.388	3972.34
2050.95	-5282.69	11084
2050.95	-5282.69	11084
1219.87	2052.28	4489.01
1303.72	2111.15	4468.68
2761.63	-4751.12	8722.01
2852.55	-4572.05	8792.55
1952.95	587.966	5816.27
1952.95	587.966	5816.27
2710.49	-1991.5	7881.96
2710.49	-1991.5	7881.96
2712.33	-3740.87	7785.91
1924.36	1189.57	5217.93
2958.78	-1633.51	7684.57
1793.32	1798.53	4655.99
1928.42	1567.37	4922.68
2822.63	-2907.74	6964.87
2656.98	-2268.47	6318.07
2830.29	-2483.11	6626.14
1953.14	2175.46	4447.36
2072.26	1687.1	4601.03
2709.23	-1322.05	5713.98
2286.07	1366.72	4851.98
2249.5	1228.79	4682.03
2852.43	-1264.57	5491.39
2418.6	1641.98	4584.46
2120.94	2638.54	4033.66
2317.72	1992.96	4293.6
2779.89	872.431	4933.86
2661.64	-217.15	4627.66
3001.88	525.666	5230.7
2727.61	-720.669	4656.53
3196.17	-3059.95	5314.48
3196.17	-3059.95	5314.48
2248.69	2467.35	3859.95
2715.81	-125.893	4525.68
2723.16	-917.367	4427.14
2745.77	187.257	4331.81
2690.28	-1998.63	4110
2314.29	2276.96	3637.95
2615.18	676.871	4031.12
2883.65	-204.117	4374.43
2731.18	-889.399	3923.63
2380.95	1903.23	3386.48
2630.79	348.003	3679.27
2741.72	-1509.51	3781.79
2702.59	-987.861	3707.07
2428.94	1570.96	3351.87
2718.28	-1571.46	3641.57
2661.27	854.493	3615.87
2379.38	1956.94	3105.67
3096.3	-660.39	3945.02
3096.3	-660.39	3945.02
2575.29	797.996	3230.1
2681.75	532.69	3147.77
2689.95	590.786	3126.91
3275.19	-933.396	3676.27
2607.45	699.906	2911.79
2607.45	699.906	2911.79
3590.71	-650.124	3888.06
3590.71	-650.124	3888.06
3277.92	-1140.54	3463.88
-1942.55	1285.72	2105.47
-1949.31	1052.14	2137.81
-2261.67	385.776	2545.94
-2234.91	322.514	2557.64
-1958.98	926.777	2268.94
-1912.84	1370.33	2211.73
-2019.14	-892.799	2395.82
-2087	-1460.22	2491.07
-1977.47	-415.422	2351.22
-1926.82	837.303	2316.29
-1937.05	1439.77	2382.61
-1962.42	-746.401	2495.27
-2055.51	-1207.96	2710.05
-1972.68	325.571	2569.38
-1948.04	-522.303	2741.67
-1992.2	-1069.44	2818.94
-1965.64	420.006	2848.76
-1946.89	1735.04	2797.21
-1891.56	939.233	2784.23
-1972.71	529.409	2986.3
-1972.71	529.409	2986.3
-1949.74	-19.3937	2985.2
-1979.71	-838.413	3058.95
-1939.64	-109.307	3015.47
-1941.72	1869.74	3006.88
-1971.03	-578.013	3155.29
-1986.95	-842.796	3241.47
-1975.05	602.539	3256.79
-1975	-205.981	3286.24
-1975	-205.981	3286.24
-1960.54	194.716	3253.4
-1979.38	657.862	3329.97
-1947.44	2340.41	3433.37
-1922.9	-883.004	3664.12
-1947.36	2022.75	3658.1
-1529.99	480.45	3148.18
-2060.59	-838.384	4529.39
-1925.56	-1438.31	4488.19
-2037.62	-775.072	4764.82
-1754.66	-1136.3	4138.81
-1954.29	-2181.71	4745.27
-1797.13	-985.726	4364.29
-2156.64	-2900.25	5389.25
-1084.07	127.508	3288.43
-855.465	1311.69	2609.21
-831.504	605.437	3100.48
-868.054	1324.79	3474.98
-921.807	2244.94	3672.96
-875.036	2106.5	3598.35
-1643.98	-3445.4	7443.51
-1650	-3788.42	8028.99
-785.297	1667.54	3684.27
-1566.66	-4897.31	8299.76
-1566.66	-4897.31	8299.76
-719.095	1743.86	3618.76
-720.532	588.197	4505.46
-615.754	1599.17	4712.35
-600.494	1653.43	4582.05
592.554	66.5767	4013.77
1976.73	-2166.53	8198.85
1976.73	-2166.53	8198.85
1218.62	2049.53	4483.3
1297.31	2099.8	4445.96
2752.89	-4726	8684.48
1954.83	587.12	5823.27
1954.83	587.12	5823.27
2740.41	-3788.91	7877.51
1927.01	1191.29	5225.13
2945.97	-1624.69	7651.83
1925.16	1565.11	4913.74
2817.01	-2901.23	6948.71
2661.57	-2272.81	6329.2
2037.58	1556.18	4930.39
2823.14	-2477.59	6610.08
1987.92	2215.48	4529.58
2121	2156.94	4477.07
2240.05	1223.55	4661.43
2863.14	-1549.47	5770.49
2839.63	-1467.92	5594.2
2729.92	-903.506	5374
2819.58	-1128.98	5312.35
2423.97	1645.74	4595.17
2423.97	1645.74	4595.17
2105.8	2617.53	4003.82
2940.78	-3069.62	5123.67
2778.62	871.387	4930.93
2666.22	-216.968	4636.17
3004.13	525.546	5234.94
2709.76	-247.63	4650.81
3171.49	-3036.55	5274.71
2254.05	2473.83	3870.61
2762.47	188.191	4358.38
2728.65	-544.607	4230.99
2722.15	-1106.52	4201.57
2741.55	-2042.49	4195.26
2345.64	2310.48	3692.96
2613.68	676.451	4028.52
2881.8	-204.327	4372.54
2855.57	-339.243	4305.28
2743.05	-1387.25	3885.37
2645.61	348.993	3698.99
2708.7	-1489.3	3733.56
2425.84	1568.63	3359.46
2639.6	856	3484.06
2941.8	-829.126	3795.54
2385.3	1962.36	3113.56
2447.38	1524.91	3149.89
2563.98	794.516	3216.02
2925.71	-1067.43	3433.11
2680.54	531.913	3145.74
2714.07	596.336	3156.18
2749.84	1966.67	3198.74
3462.08	-598.446	3950.4
3410.13	-673.556	3888.29
2601.09	698.313	2904.45
2601.09	698.313	2904.45
3439.62	-949.071	3484.1
3401.37	-1630.29	3426.45
-2245.01	277.824	2403.23
-1939.51	1283.64	2102.39
-1953.18	1054.36	2140.96
-2265	385.831	2548.85
-1941.68	918.405	2250
-1919.14	1375.05	2219.1
-2021.89	-893.823	2398.58
-2092.32	-1464	2497.29
-1975.51	-415.772	2349.64
-1951.2	-26.8069	2322.81
-1937.82	840.869	2329.88
-1954.61	-640.781	2441.38
-1976.48	87.2583	2480.84
-1976.48	87.2583	2480.84
-1961.06	-746.188	2494.06
-2060.51	-1210.88	2716.24
-1956.95	-338.521	2602.76
-2084.48	556.76	2769.66
-2010.22	-1277.19	2758.42
-1945.08	1733.46	2794.86
-1899.47	942.686	2795.12
-1948.54	1764.17	2889.94
-1973.59	529.178	2987.84
-1938.27	-109.582	3014.13
-1981.57	-840.686	3233.26
-1980.12	754.242	3233.79
-1963.06	194.822	3256.98
-1986.27	660.636	3339.49
-1965.88	-192.732	3374.95
-1608.3	1068.2	2744.85
-1889.28	1718.73	3250.8
-1976.5	-611.433	3501.39
-1951.82	2193.82	3389.38
-1944.84	2371.03	3553.06
-1900.96	-873.8	3624.86
-1963.8	-175.163	3800.06
-2260.4	-759.057	4600.17
-1531.83	481.325	3151.7
-1919.61	-1434.15	4473.64
-2044.74	-777.961	4781.68
-1767.1	-1143.22	4166.17
-1888.26	-2182.62	4844.09
-1433.18	2596.36	3871.29
-1083.47	127.61	3285.34
-1142.76	1015.33	3644.7
-1692.19	-1231.51	5750.49
-831.769	605.579	3101.14
-868.006	1324.72	3474.87
-900.317	2196.68	3593.83
-1650.91	-3459.52	7474.18
-1647.82	-3783.78	8019.68
-788.712	1674	3698.94
-1554.72	-4860.84	8231.08
-1554.72	-4860.84	8231.08
-723.295	1752.69	3636.93
-716.123	584.593	4479.77
-615.561	1599.14	4710.44
-606.008	1669.9	4629.17
590.131	65.1472	3994.59
1992.1	-2689.95	8689.82
2797.57	-6234.92	11613.8
1216.57	2046.04	4475.29
2786.96	-4784.34	8796.29
1951.38	586.424	5812.53
1951.38	586.424	5812.53
2713.85	-3746.62	7793.22
1406.1	1943.41	4244.6
1816.91	1167.78	5244.42
2901.33	-1822.74	7747.89
1924.74	1188.76	5219.97
1789.59	1826.01	4693.97
1789.59	1826.01	4693.97
2838.19	-2924.09	7004.05
2039.27	1557.75	4934.71
2808.51	-2464.42	6574.45
2831.92	-2169.63	6407.59
1983.09	2211.71	4521.76
2783.21	-1597.97	5886.21
2907.38	-2248.18	6082.11
2107.49	2143.86	4449.93
2243.02	1226.02	4669.32
2715.89	-898.606	5345.1
2408.79	1635.07	4565.28
2408.79	1635.07	4565.28
2127.09	2645.86	4044.45
2937.93	-3067.43	5120.39
2781.76	872.968	4937
2669.12	-217.195	4640.64
2995.32	524.299	5218.76
3229.97	-3093.88	5373.04
2254.98	2475.03	3871.84
2707.07	-124.807	4509.24
2714.55	-914.623	4412.12
2709.37	-2015.44	4142.09
2299.41	2262.82	3617.35
2307.08	2265.47	3613.48
2610.22	675.464	4023.1
2884.6	-204.059	4377.68
2857.99	-338.708	4311.95
2741.72	-816.219	3974.55
2729.83	-1379.81	3864.83
3179.47	-208.086	4472.69
2383.28	1904.65	3390.98
2651.01	934.929	3733.92
2625.07	347.064	3670.5
2743.51	-1284.2	3733.35
2743.51	-1284.2	3733.35
2451.9	1586.34	3396.7
2729.22	-1577.25	3655.24
2652.16	860.126	3500.72
3184.45	-784.184	3755.96
2985	-1089.92	3506.22
2685.76	532.446	3151.32
5585.15	-3918.12	6405.63
5585.15	-3918.12	6405.63
2702.77	593.064	3141.66
2893.7	-1139.48	3265.96
2893.7	-1139.48	3265.96
2598.38	697.71	2900.92
2598.38	697.71	2900.92
3877.96	-369.256	4276.77
3244.91	-1130.13	3429.63
-1926.35	1275.21	2088.76
-1959.08	1057.84	2147.46
-1911.72	-481.036	2153.92
-2277.78	387.719	2562.55
-2228.57	321.866	2551.37
-1966.27	928.994	2276.28
-1909.31	1368.6	2208.7
-2015.07	-891.414	2391.17
-2088.19	-1461.03	2492.3
-1964.67	-412.914	2336.54
-1956.56	-27.2708	2329.31
-1974.57	-667.072	2415.34
-1935.3	1438.5	2380.5
-1968.71	86.9477	2471.47
-1968.71	86.9477	2471.47
-1959.34	-745.548	2491.73
-1930.07	997.199	2466.35
-1930.07	997.199	2466.35
-1952.36	-338.139	2597.17
-2100.03	560.5	2789.22
-2004.6	-1274.05	2750.76
-1991.19	-1068.4	2816.64
-1944.19	1760.34	2883.91
-1976.39	529.734	2991.64
-1950.97	-109.88	3033.86
-1942.62	1870.68	3008
-1989.47	640.022	3131.23
-1979.99	-840.034	3230.34
-1979.7	753.607	3233.58
-1955.08	193.763	3245.24
-1962.61	-86.6781	3271.54
-1604.59	1065.45	2739.07
-1970.52	-609.665	3491.4
-1950.34	2342.89	3437.45
-2161.06	-808.318	4026.18
-1905	-875.716	3633.45
-1529.73	480.292	3147.18
-1552.92	112.499	3303.28
-1927.31	-1439.5	4491.26
-1801.42	-986.679	4379.91
-2158.01	-2902.22	5395.33
-900.922	1212.92	2473.26
-1142.1	1014.75	3643.63
-1678.6	-1221.72	5708.35
-831.56	605.563	3100.56
-1601.5	-1547.02	6402.84
-867.996	1324.68	3474.76
-884.892	1710.14	3651.19
-878.852	2115.96	3613.87
-1558.01	-3114.8	7029.25
-1652.29	-3462.29	7480.63
-1647.95	-3782.04	8017.56
-827.529	2249.52	3820.05
-785.767	1667.37	3683.39
-1574.8	-4919.71	8344.12
-713.994	1733.15	3596.6
-719.083	586.661	4493.52
-1537.19	-5287.93	10641.3
-607.736	1670.08	4630.27
589.915	66.4246	3989.01
2042.04	-5261.32	11037.8
2042.04	-5261.32	11037.8
1983.67	-2673.55	8647.35
1218.39	2048.98	4481.86
1291.93	2091.53	4427.6
2780.81	-4773.73	8774.98
2971.34	-4794.34	9194.07
1944.72	583.581	5792.14
1944.72	583.581	5792.14
1927.61	1190.35	5227.97
2959.77	-1634.18	7687.04
2695.14	-2747.69	6812.36
1926.3	1565.6	4916.71
2826.86	-2913.16	6976.76
2795.44	-1518.28	6915.45
2651.64	-2262.88	6303.34
2809.77	-2466.17	6578.46
2132.57	1592.83	4916
1982.03	2211.53	4519.66
2872.06	-1420.83	5895.12
2252.38	1230.65	4688.59
2878.5	-1558.33	5801.81
2733.56	-905.013	5381.37
2425.24	1646.75	4597.84
2722.64	1427.06	5119.94
2106.85	2619.14	4004.64
2332.9	2006.96	4323.73
2914.13	-3040.23	5074.31
2781.4	872.788	4936
2725.88	-616.889	4771.39
2668.67	-216.822	4640.26
2996.09	524.342	5220.3
3175.33	-3040.71	5281.18
2235.78	2452.42	3837.67
2770.25	-37.3457	4577.37
2716.83	-1012.7	4299.08
2740.22	186.647	4322.86
2722.12	-545.896	4223.57
2717.89	-1104.52	4194.06
2707.45	-2013.99	4139.33
2292.08	2254.93	3603.11
2610.54	675.57	4023.62
2548.16	1296.43	3817.05
3253.43	-213.029	4578.51
2712.03	-1491.09	3738.13
2444.53	1581.18	3387.79
2734.82	-1580.29	3663.51
2650.71	282.781	3590.31
2662.07	863.601	3515.28
2380.45	1957.88	3107.17
2377.48	1479.82	3056.59
2562.6	793.998	3214.4
3173.26	-631.823	3895.04
2929.96	-1068.7	3437.04
2686.72	533.197	3153.02
2706.5	594.468	3146.81
2613.05	702.053	2917.84
2613.05	702.053	2917.84
3930.88	-522.229	4348.26
3920.37	-374.139	4324.35
3807.13	-825.693	3779.94
