-2268.05	280.109	2424.99
-1913.05	1266	2073.34
-1911.04	1031.86	2095.49
-1924.11	-136.512	2163.58
-2098.92	211.573	2384.71
-1929.36	913.272	2234
-2047.58	-1272.06	2409.28
-2047.58	-1272.06	2409.28
-1981.31	-876.251	2350.43
-2028.02	-1419.81	2421.02
-2010.48	-1289.78	2524.35
-1928.21	-788.966	2426.11
-2002.33	-1176.69	2639.93
-1915.22	-332.094	2548.38
-1919.73	1607.76	2629.94
-1912.65	1675.6	2672.97
-1871.14	827.534	2627.9
-1871.14	827.534	2627.9
-1903.56	770.282	2729.65
-1935.78	413.831	2805.45
-1935.78	413.831	2805.45
-1918.47	-408.778	2824.05
-1937.49	-23.4469	2863.25
-1946.3	-824.426	3007.19
-1928.35	-108.386	2997.14
-1932.4	538.736	3022.93
-1964.91	-833.717	3204.11
-1966.25	748.845	3210.55
-1923.54	191.149	3192.87
-1929.33	2110.53	3203.49
-1958.94	804.356	3276.45
-1928.87	-88.4153	3327.81
-1944.95	2278.79	3404.13
-1922.89	-388.382	3478.64
-1912.3	-879.605	3648.54
-1928	-172.042	3732.17
-2154.15	-841.837	4433.84
-1925.81	-2149.17	4673.91
-2127.33	-2862.16	5317.95
-1864.83	-627.712	5473.43
-1701.32	-1524.69	5188.98
-1082	126.758	3278.81
-972.726	1923.95	3061.02
-1639.2	-1015.74	5342.78
-864.437	1656.14	3052.13
-1652.46	-2074.16	6121.54
-778.467	464.943	2873.74
-778.467	464.943	2873.74
-845.435	1705.24	3161.47
-859.058	2104.06	3442.31
-880.626	1532	3579.36
-1600.05	-3360.08	7260.92
-1899.92	-4470.6	8690.5
-1831.94	-4853.31	8936.2
-1659.52	-3811.53	8077.65
-1553.78	-4854.5	8214.4
-698.13	1697.73	3523.17
-679.369	1438.6	3459.6
-629.526	1690.68	3629.06
-713.537	581.305	4456.25
-597.429	1645.1	4557.52
530.242	46.2201	3498.48
530.242	46.2201	3498.48
1967.57	-2652.02	8578.66
2783.65	-5442.6	10885
2909.17	-4887.9	10621.8
2754.43	-4729.14	8692.83
1349.11	1998.67	4341.88
3070.3	-3151.42	9214.38
1403.92	1943.67	4262.35
1917.91	575.521	5711.77
1917.91	575.521	5711.77
2904.84	-1601.99	7541.63
1732.37	1727.23	4507.64
2667.61	-2719.57	6742.86
1879.46	1524.46	4805.79
2762.48	-1495.96	6830.51
2764.54	-2425.76	6470.43
2824.77	-2063.16	6285.6
2867.1	-2217.1	5998.77
2198.83	1199.85	4575.68
2336.03	1549.73	4844.13
2769.19	-1263.46	5544.5
2304.08	1640.87	4626.15
2156.61	1958.74	4268.44
2762.9	-1039.35	5332.57
2681.93	1398.12	5048.6
2232.92	2091.3	4185.3
2723.15	-851.543	4732.86
2861.11	493.547	4987.5
2206.23	2417.59	3796.53
2206.23	2417.59	3796.53
3158.61	-3038.38	5262.26
3158.61	-3038.38	5262.26
2659.09	-122.74	4426.95
2712.69	-36.9715	4481.73
2721.11	229.393	4360.5
2708.23	28.4878	4301.65
2707.19	-668.436	4210.41
2321.67	1926.29	3486.08
2692.05	-1272.62	3941.13
2620.4	917.965	3830.84
2365.15	1371.47	3446.56
2732.9	-1384.2	3872.93
2656.95	2633.82	3770.28
3247.32	-239.933	4424.83
2715.01	-1443.46	3508.84
2333.6	1917.69	3046.55
2838.34	-800.15	3661.32
2438.63	1510.64	3129.17
2888.34	-761.131	3659.56
2590.58	484.705	3274.05
2497.3	776.26	3132.52
2640.37	202.746	3303.25
2657.64	528.054	3120.72
5502.51	-3862.27	6309.94
5502.51	-3862.27	6309.94
2660.95	1900.16	3091.94
3236.49	-923.902	3633
2552.61	684.624	2850.23
3728.46	-354.353	4111.66
3432.88	-671.943	3776.37
3202.43	-829.913	3513.5
2641.29	587.277	2888.84
-2246.03	278.003	2403.66
-1895.78	1254.55	2055.62
-1921.57	1037.09	2106.33
-2258.37	384.236	2539.67
-1912.76	905.436	2216.34
-1889.12	1353.12	2183.99
-1942.82	-858.946	2305.11
-1914.08	-26.2001	2278.31
-1914.08	-26.2001	2278.31
-2094.97	314.232	2507.11
-2015.57	-1293.83	2530.86
-1894.59	-721.778	2410.39
-1894.59	-721.778	2410.39
-1920.94	192.649	2540.44
-2056.21	549.72	2732.78
-1909.23	1563.43	2546.37
-1962.03	-1247.32	2693.17
-1910.08	1524.76	2586.26
-1868.88	826.636	2624.59
-1868.88	826.636	2624.59
-1927.23	-1153.33	2768.43
-1894.69	767.193	2718.65
-1916.18	-408.32	2820.87
-1924.07	-302.82	2963.84
-1936.91	-711.753	3120.21
-1953.08	-828.358	3185.83
-1945.04	193.591	3225.78
-1931.35	-596.805	3234.27
-1928.14	2108.65	3202.03
-1951.47	799.093	3265.86
-1470.41	1165.79	2497.22
-1580.13	1049.2	2697.8
-1934.59	-87.1987	3336.19
-1934.59	-87.1987	3336.19
-1931.41	2251.17	3409.29
-1830.3	-842.646	3496.94
-1524.37	432.777	2995.15
-1632.19	752.536	3228.95
-1735.25	-1123.37	4090.02
-2158.84	-2901.39	5391.4
-1886.62	-632.996	5531.83
-1747.94	-2335.61	5190.53
-862.081	1252.2	2525.99
-1069.39	125.612	3240.98
-816.538	594.898	3044.68
-816.538	594.898	3044.68
-1528.75	-1479.43	6124.4
-893.972	2184.99	3575.03
-879.085	1531.33	3578.08
-872.943	1687.73	3604.72
-1645.66	-3449.51	7454.45
-1705.72	-3914.05	8291.09
-785.594	2134.54	3640.44
-713.293	1728.1	3585.56
-705.995	576.527	4415.34
-602.454	1653.57	4583.28
547.602	51.3851	3673.44
547.602	51.3851	3673.44
2040.63	-5256.34	11026.7
2010.25	-4251.58	10096
1978.2	-2672.99	8631
2713.73	-4655.53	8557.93
1379	2044.79	4441.73
2742.19	-4413.94	8462.58
1414.87	1955.05	4289.37
1911.12	576.201	5688.98
1911.12	576.201	5688.98
1791.09	1151.96	5171.59
1690.8	1581.73	4671.61
2699.81	-2133.18	7219.85
1800.54	1842.64	4761.79
2877.86	-1588.3	7470.76
2621.65	-2674.31	6625.83
1896.62	1537.68	4853.03
2800.74	-2886.13	6910.58
2750.36	-1494.84	6804.67
2771.75	-2125.19	6267.38
2097.34	1400.63	4819.39
2932.68	-3755.02	6554.47
2885.9	-2232.24	6039.91
2057.36	2090.86	4348.27
2864.21	-2360.03	5880.78
2197.79	1199.27	4573.98
2306.95	1641.13	4631.22
2813.81	-1454.18	5543.82
2066.6	2570.57	3928.14
2253.22	2111.12	4223.94
2437.57	1749.19	4488.28
2673.56	-479.719	4798.12
2634.32	-214.099	4580.84
2833.73	485.886	4938.28
2217.18	2430.02	3813.69
3139	-3015.7	5225.81
2720.47	-37.8623	4495.86
2720.17	-916.678	4423.76
2748.33	-74.7292	4402.8
2725.92	92.9405	4210.3
2336.71	1183.03	3496.39
2315.48	1920.71	3475.1
2772.26	366.469	4104.88
2633.06	922.928	3850.9
2701.96	-1368.19	3828.1
2708.3	-1490.55	3733.76
2355.86	2172.71	3250.09
2876.25	-687.752	3895.83
2735.99	646.198	3723.94
2764.34	-853.379	3592.52
2764.34	-853.379	3592.52
2345.1	1927.54	3060.84
3276.02	-357.164	4212.64
2395.85	1486.76	3097.36
2488.94	773.322	3121.69
2660.69	528.82	3124.58
2589.17	694.99	3040.19
2667.91	587.881	3104.92
5581.69	-3918.55	6402.21
5581.69	-3918.55	6402.21
3388.75	-585.856	3865.66
3316.9	-771.841	3717.29
2556.1	684.743	2855.21
2430.57	1673.67	2718.82
3293.69	-854.253	3613.87
3238.61	-1089.48	3498.89
-2267.89	280.324	2426.4
-1903.78	1260.17	2064.04
-1909.11	1030.7	2093.82
-2190.5	315.851	2506.48
-1913.92	905.472	2217.63
-1883.94	1349.81	2179.21
-1987.3	-1237.29	2342.46
-2369.86	559.382	2778.81
-2029.98	-1420.85	2423.3
-1915.35	-403.245	2278.62
-1914.39	-26.5318	2278.94
-1914.39	-26.5318	2278.94
-1909.4	-727.13	2428.53
-1909.4	-727.13	2428.53
-1929.74	193.518	2551.92
-1929.74	193.518	2551.92
-1909.9	1564.26	2547.41
-1874.49	828.948	2631.94
-1874.49	828.948	2631.94
-1914.68	1676.73	2676.4
-1909.79	-512.393	2803.9
-1965.98	637.273	2951.46
-1940.31	603.157	2959.85
-1929.33	35.0042	3020.72
-1955.34	-829.315	3188.47
-1949.94	744.409	3183.36
-1949.94	744.409	3183.36
-1925.4	191.343	3195.75
-1933.28	-597.105	3237.43
-1535.32	1217.08	2607.31
-1576	1046.48	2691.21
-1940.8	-88.9818	3346.9
-1865.05	1873.32	3243.22
-1937.88	2282.42	3503.53
-1870.73	-861.255	3574.82
-2125.52	-773.004	4272.05
-2607.48	-2872.48	5570.33
-1977.08	-751.472	4625.48
-1765.53	-1139.05	4150.76
-1957.85	-2183.27	4749.41
-1763.33	-968.776	4283.79
-1064.64	124.543	3230.55
-1057.72	2131.92	3553.38
-1636.74	-2086.14	5973.46
-781.433	466.346	2884.58
-818.403	595.803	3050.26
-845.791	1704.99	3163.17
-845.791	1704.99	3163.17
-857.108	1308.77	3431.87
-854.045	2090.11	3419.34
-844.184	1472.93	3440.6
-1630.53	-3418.25	7385.43
-1648.68	-3784.72	8020.22
-775.77	1645.49	3634.55
-753.829	2063.32	3507.54
-1425.67	-1027.92	7096.73
-1571.47	-4909.06	8322.85
-700.742	1703.11	3533.24
-703.043	574.251	4399.13
-1464.7	-5039.74	10142.6
-625.219	1454.95	4521.11
559.803	54.2411	3788.97
559.803	54.2411	3788.97
1268.02	2071.43	4393.71
2794.84	-4795.17	8820.01
2788.6	-4488.22	8609.38
1292.3	1898.91	4126.77
2857.22	-2454.74	8492.28
2700.74	-3740.35	7765.15
1917.14	775.907	5533.17
1917.14	775.907	5533.17
1806.54	1162.25	5212.63
1943.19	1812.25	5348.22
2699.96	-2132.89	7220.1
2897.14	-1598.01	7521.27
1890.5	1532.14	4835.93
2831.48	-2918.98	6987.34
2824.98	-2871.75	6751.36
1981.23	1625.84	4662.12
2856.88	-3653.91	6376.32
2879.75	-2226.99	6025.04
2203.91	1202.99	4587.88
2331.33	1546.46	4833.65
2834.11	-1535.57	5713.04
2814.51	-1456.2	5546.16
2652.83	-581.683	5246.06
2771.69	-1043.03	5348.44
2237.88	2096.19	4196.49
2261.99	1779.87	4147.45
2855.77	-2978.2	4968.47
2262.48	1950.33	4009.88
2203.85	2415.17	3791.76
2203.85	2415.17	3791.76
2678.95	-306.056	4451.97
2730.05	-37.59	4512.04
2435.17	598.794	3976.8
2759.16	-75.167	4420.45
2739.47	94.0268	4233.17
2707.12	-1253.48	4052.96
2312.41	1918.36	3471.61
2438.66	1234.23	3645.09
2761.16	365.67	4089.23
2352.27	1875.84	3356
2728.73	-1437.27	3817.38
2648.66	655.968	3732.48
2651.94	742.62	3705.88
2356.81	2173.94	3252.13
2836.33	-677.976	3840.99
2650.12	771.534	3607.36
2728.78	-1168.42	3604.98
2340.71	1923.83	3054.14
2764.08	-1328.29	3480.78
3221.7	-608.338	4035.77
2649.36	526.161	3111.02
2721.09	250.466	3095.38
2821.38	-1112.24	3182.97
2566.18	687.729	2866.59
2566.18	687.729	2866.59
3776.71	-360.507	4162.92
3335.33	-745.551	3580.87
3169.55	-1160.8	3302.38
3204.81	-1526.66	3323.93
3309.12	-1006.52	3271.55
-2260.97	280.022	2419.25
-1902.66	1259.56	2062.71
-1916.7	1035.4	2102.09
-1913.99	-136.174	2152.78
-2202.3	318.152	2520.65
-1911.45	904.921	2215.05
-1899.41	1360.45	2196
-2235	535.214	2629.9
-2034.04	-1423.78	2428.48
-1908.88	-534.904	2277.45
-1916.39	-26.7961	2281.28
-1916.39	-26.7961	2281.28
-1907.85	828.844	2292.14
-1999.53	-1282.52	2510.26
-1911.42	84.8468	2399.72
-1911.42	84.8468	2399.72
-1924.98	-642.64	2710.86
-1948.58	-1046.19	2756.76
-1868.69	826.254	2624.46
-1931.51	-1155.93	2773.62
-1895.82	767.648	2720.21
-1908.61	-511.996	2802.18
-1926.52	1789.51	2814.28
-1926.52	1789.51	2814.28
-1919.01	-301.697	2955.89
-1935.62	35.8544	3028.28
-1944.83	-824.889	3171.77
-1952.21	743.258	3188.64
-1931.12	191.889	3204.69
-1931.47	2112.56	3205.02
-1551.11	1227.6	2628.21
-1590.79	1056.44	2713.45
-1933.96	2149.05	3281.15
-1937.08	19.96	3350.28
-1923.79	-489.669	3339.37
-1983.69	-909.794	3771.98
-2121.58	-771.776	4264.79
-1468.53	461.945	3028.43
-1994.81	-1488.84	4643.96
-2050.54	-779.996	4793.21
-1756.24	-1133.64	4129.35
-1941.21	-2165.39	4709.38
-1839.31	-2126.32	4715.69
-1262.23	126.74	3413.18
-1410.62	2556.93	3812.18
-1865.58	-627.708	5474.27
-775.948	463.454	2865.28
-816.02	593.979	3042.35
-816.02	593.979	3042.35
-847.627	1709.96	3169.99
-847.627	1709.96	3169.99
-828.982	1449.59	3385.63
-828.982	1449.59	3385.63
-1586.22	-3167.7	7161.69
-1909.35	-4492.6	8732.43
-1694.66	-3890.83	8240.85
-775.564	1644.65	3632.44
-832.243	-204.768	4064.55
-696.262	1694.71	3515.97
-707.006	577.002	4418.53
-1483.69	-5089.09	10237
-607.46	1670.83	4629.11
-606.836	1577.65	4647.61
575.293	56.7872	3960.68
575.293	56.7872	3960.68
2022.36	-5205.85	10931.3
2855.68	-5581.41	11166
2831.97	-4746.79	10327.9
2766.29	-4455.18	8539.71
1381.38	2025.1	4403.46
1444.34	2005.46	4397.14
1913.74	577.448	5697.72
2940.12	-2763.78	8594.56
1800.18	1157.46	5195.12
1909.5	1784.48	5260.57
2684.18	-2119.25	7174.44
2925.25	-1613.55	7597.21
2638.37	-2688.97	6664.32
1902.78	1544.1	4869.51
2035.04	1355.66	4661.7
2035.04	1355.66	4661.7
2797.85	-2043.79	6229.6
2140.93	1591.91	4784.57
2886.6	-2385.73	6270.61
2880.99	-2344.49	6111.51
2936.13	-3639.44	6189.61
2077.6	2113.75	4397.01
2809.73	-1453.14	5536.55
2381.54	1610.8	4505.67
2057.65	2560.39	3912.16
2232.09	2089.86	4184.85
2684.34	-683.889	4866.38
2615.79	-213.616	4548.9
2744.13	-963.414	4655.2
2208.5	2421.84	3794.8
3154.51	-3034.28	5254.42
2718.17	-37.6308	4491.83
2728.35	93.151	4214.26
2749.9	-1173.44	4199.33
2749.9	-1173.44	4199.33
2634.63	923.017	3852.25
3182.77	-209.277	4480.77
2644.55	739.124	3696.83
2584.04	274.331	3497.53
2584.04	274.331	3497.53
2303.86	2056.12	3147.4
2379.51	1814.59	3219.27
2701.04	-1436.3	3490.27
2338.18	1921.14	3052.18
3097.09	-646.794	3943.71
2415.1	1496.46	3103.39
2873.78	-757.396	3642.81
2773.04	-1333.55	3492.78
2584.93	645.694	3133.75
2451.09	1596.35	2954.37
3405.94	-486.301	3995.83
2642.15	525.101	3102.05
2685.86	590.948	3124.84
5549.24	-3895.33	6364.65
2684.36	1918.08	3120.89
2436.03	1677.2	2724.55
3451.12	-675.822	3798.47
2633.79	586.423	2880.23
3204.65	-1077.58	3460.34
3267.86	-1139.69	3454.78
3244.69	-1189.08	3383.36
3312.91	-1589.57	3337.75
-2237.49	276.496	2394.67
-1906.65	1261.73	2066.76
-1914.91	1033.95	2099.78
-2286.41	389.489	2571.16
-1941.7	918.148	2248.13
-1886.83	1351.73	2181.45
-2251.58	538.885	2648.98
-2036.4	-1425.6	2431.46
-1914.5	-26.1637	2278.84
-1914.5	-26.1637	2278.84
-1990.88	-1277.54	2500.17
-1920.64	-786.277	2417.07
-1888.34	-423.705	2375.59
-1931.76	193.476	2555.08
-1931.76	193.476	2555.08
-1956.57	-1244.06	2684.83
-1945.8	-1044.86	2753.22
-1872.6	827.922	2629.72
-1908.03	1671.11	2668.16
-1908.03	1671.11	2668.16
-1874.78	931.351	2758.17
-1968.67	-1060.61	2956.13
-1947.82	521.78	2948.9
-1921.91	-303.165	2961.22
-1990.13	-964.214	3099.4
-1929.01	-194.073	3090.65
-1916.58	-704.455	3088.74
-1921.49	2003.63	3080.88
-1921.49	2003.63	3080.88
-1963.81	749.478	3205.89
-1926.8	190.941	3198.14
-1948.98	648.575	3278.04
-1936.36	20.0902	3349.48
-1918.22	-488.271	3330.07
-2004.39	-918.621	3809.09
-1478.49	464.121	3045.04
-1952.46	-2177.43	4733.68
-1771.65	-972.263	4305.61
-1771.65	-972.263	4305.61
-1223.13	472.317	2976.16
-2087.07	-2811.61	5226.37
-1856.7	-2144.27	4757.56
-1527.11	2585.18	3870.78
-1723.46	-1547.89	5253.46
-824.201	437.172	2853.02
-1632.48	-2080.91	5959.22
-862.936	1652.33	3045.75
-818.246	595.472	3049.36
-818.246	595.472	3049.36
-869.963	2134.09	3491.2
-820.28	1437.13	3357.53
-878.95	1696.92	3623.57
-1647.28	-3452.27	7459.3
-1725.25	-3959.41	8385.11
-759.203	2079.46	3536.85
-1627.2	-5070.96	8609.97
-701.857	1706	3539.74
-629.885	1691.36	3629.77
583.659	58.5103	4039.79
583.659	58.5103	4039.79
2004.67	-5159.84	10826.4
2004.67	-5159.84	10826.4
2853.87	-5575.06	11156.2
1258	2053.98	4356.87
2806.16	-4516.95	8666.47
2605.24	-2112.03	8033
1310.49	1912.42	4158.66
1642.41	1825.23	4546.88
1642.41	1825.23	4546.88
2678.7	-2114.58	7157.64
2919.31	-1610.73	7582.04
2771.08	-2998.17	6989.81
2771.08	-2998.17	6989.81
1879.7	1521.46	4808.66
2824.08	-3101.68	6892.23
1908.06	1963.03	4737.52
2766.33	-2120.86	6253.79
2766.33	-2120.86	6253.79
2085.25	1391.99	4783.94
2085.25	1391.99	4783.94
2019.56	2052.07	4267.03
2853.77	-2351.05	5859.32
2650.32	-586.079	5244.3
2168.89	1978.64	4299.5
2404.44	1627.5	4550.79
2917.89	-3044.96	5081.04
2730.81	-854.018	4747.21
2835.67	486.17	4943.83
2219.95	2436.07	3814.7
3155.77	-3037.05	5258.77
2669.47	-305.168	4435.24
2729.41	-37.4379	4510.7
2268.95	2228.9	3577.54
2737.62	94.0509	4229.71
2569.78	664.373	3960.16
2713.45	-1155.9	4139.51
2693.5	-392.962	4059.29
2311.98	1918.11	3471.16
2726.46	-1436.33	3813.96
2662.69	744.449	3723.08
2426.05	1563.8	3378.87
2737.91	-1672.28	3560.85
2808.48	-791.495	3620.03
2332.97	1916.79	3044.36
2814.68	-740.471	3559.48
2632.16	201.628	3292.53
3261.55	-286.385	4042.52
2534.92	742.491	3122.01
2632.29	658.59	3194.23
2524.4	691.158	3038.18
2672.21	531.48	3139
5589.1	-3923.42	6411.19
5589.1	-3923.42	6411.19
2669.09	1907.16	3103.15
2711.4	250.882	3082.68
2791.06	-1099.67	3144.55
3113.05	-1080.64	3493.11
3767.9	-360.47	4151.68
3576.46	-649.994	3873.43
3375.03	-1620.32	3401.22
