-2224.17	275.497	2382.2
-1895.98	1255.45	2055.83
-1898.18	1026.53	2082.36
-2240.38	381.249	2520.45
-2090.19	211.041	2375.27
-2030.19	-1262.8	2391.7
-2074.18	-1451.3	2476.17
-1982.21	-877.378	2353.39
-1907.35	903.395	2210.16
-1954.62	-411.139	2325.04
-1935.39	-26.7587	2303.71
-1935.39	-26.7587	2303.71
-1958.94	-662.25	2395.97
-2058.17	-1320.06	2582.99
-1954.57	321.867	2546.43
-1945.01	195.276	2571.96
-1903.77	1508.46	2482.42
-1881.22	647.308	2557.97
-1881.22	647.308	2557.97
-1950.86	-906.788	2745.41
-1989.97	-1067.09	2814.02
-1958.38	-1171.64	2812.59
-1869.87	827.233	2625.73
-1869.87	827.233	2625.73
-1918.44	1737.32	2845.44
-1945.23	-425.928	2992.31
-1920.29	-109.553	2982.67
-1960.09	547.059	3063.98
-1953.4	-716.664	3146.35
-1940.91	193.095	3220.38
-1956.96	650.941	3291.51
-1912.82	2054.98	3207.52
-1951.45	19.3934	3375.22
-1528.9	1209.48	2587.04
-1594.07	1058.09	2719.75
-1924.36	2087.53	3310.93
-2053.8	-940.17	3894.61
-1485.44	467.098	3060.71
-2073.8	-844.101	4557.29
-1996.33	-1490.05	4652.53
-2017.3	-771.672	4725.87
-2007.51	-2239.21	4871.56
-1785.89	-980.942	4336.49
-1817.24	-2127.9	4890.91
-1685.31	-1239.35	4758.18
-1423.19	2578.6	3843.24
-872.819	1667.96	3075.17
-790.759	472.301	2918.5
-790.759	472.301	2918.5
-1650.87	-3462.63	7481.67
-1934.47	-4549.73	8844.04
-881.384	1702.71	3635.52
-840.184	1710.97	3587.97
-1780.28	-4089.18	8654.2
-680.667	1444.69	3473.06
-1634.38	-5179.85	10414.1
-722.474	588.807	4509.5
-629.205	1465.73	4548.76
633.478	74.8343	4456.94
633.478	74.8343	4456.94
2026.9	-3064.77	9128.07
2839.58	-3960.01	9645.17
2760.35	-4736.39	8706.35
2802.92	-4503.41	8642.75
1422.7	2094.42	4536.61
1837.66	1180.44	5299.7
2779.15	-2196.25	7435.58
1698.26	1890.15	4681.63
1698.26	1890.15	4681.63
2730.67	-2783.84	6901.78
2886.21	-2974	7121.5
2144.92	1601.11	4946.24
3024.2	-3616.11	6499.69
2955.03	-2441.71	6420.9
2080.37	1693.9	4620.37
2836.4	-1630.35	6009.13
2915.47	-1508.32	5746.57
2814.45	-1166.75	5563.22
2503.89	1370.85	4941.02
2108.59	2625.47	4008.47
2353.14	1855.8	4301.85
3053.88	534.224	5323.85
2317.46	2002.92	4099.88
2733.98	-722.2	4665.99
3209.84	-3061.56	5330.66
2741.5	-314.071	4555.59
2737.88	-123.211	4546.98
2259.22	2484.61	3874.53
2748.32	-1024.5	4349.62
2783.05	-260.184	4422.03
2322.85	2287.09	3655.56
2793.24	208.363	4266.73
2323.84	2283.61	3642.44
2556.74	1300.1	3829.16
2701.24	577.959	3991.39
2367.56	1969.75	3546.26
2749.18	-895.66	3949
2767.82	-1400.8	3921.73
2755.99	-1515.48	3799.49
2685.15	947.647	3782.25
2666.61	352.442	3728.93
2426.08	1940.46	3453.62
2716.2	880.291	3747.55
2426.5	1568.09	3366.77
3558.74	-312.686	4418.2
3308.78	-659.086	4065.48
2670.85	668.371	3239.96
3699.99	-528.526	4346.07
2487.07	1620.82	2988.84
2715.79	540.512	3189.12
2671.15	719.909	3139.02
2780.36	1988.63	3235.4
3311.27	-1202.64	3648.42
3987.06	-530.868	4421.72
2620.53	704.148	2925.11
3379.87	-990.755	3567.47
3272.18	-1197.57	3411.35
3398.05	-1627.93	3422.36
-2241.97	277.052	2399.53
-1907.37	1031.68	2091.55
-1910.43	1224.16	2090.42
-2103.34	212.126	2389.99
-2070.63	-1449.02	2472.05
-1975.25	-874.452	2345.64
-1909.88	904.861	2212.8
-1933.05	-407.077	2300.54
-1937.94	-26.6376	2306.32
-1968.72	-665.485	2407.45
-2050.99	-1314.73	2574.16
-1941.85	85.651	2437.58
-1948.37	195.169	2576.34
-1955.53	-638.044	2620.36
-1986.88	-1066.42	2810.44
-1936.77	-644.625	2726.62
-1967.43	-1176.9	2825.22
-1876.95	830.353	2635.56
-1919.57	494.6	2731.11
-1919.57	494.6	2731.11
-1914.92	1632.98	2713
-1882.77	934.334	2770.7
-1914.86	1734.18	2840.63
-1944.3	-306.677	2995.55
-1945.03	-574.571	3118.32
-1950.44	-716.095	3141.67
-1957.02	746.445	3194.55
-1947.3	194.049	3230.39
-1954.31	-86.7373	3256.59
-1958.89	651.052	3294.1
-1934.32	2115.27	3210.28
-1813.69	1631.98	3044.65
-1594.95	1058.89	2720.68
-1866.4	1698.6	3210.4
-1926.65	2090.26	3314.39
-1793.96	-828.087	3438.2
-1950.19	-175.149	3775.57
-1539.01	435.845	3024.27
-1784.74	-1152.83	4193.03
-2009.17	-767.361	4705.17
-1970.06	-2197.89	4780.57
-1801.21	-989.385	4376.07
-1869.19	-2160.12	4791.14
-1013.06	1998.8	3179.06
-1759.85	-2202.64	6498.41
-874.096	1670.69	3080.55
-790.182	471.793	2916.08
-790.182	471.793	2916.08
-863.347	1317.77	3454.84
-1675	-3508.78	7579.26
-927.297	2262.27	3699.66
-927.297	2262.27	3699.66
-1585.28	-3168.76	7155.88
-1931.13	-4546.38	8837.37
-875.69	1693.52	3615.54
-698.099	1853.59	3601.52
-630.401	1465.76	4555.36
639.265	79.3762	4496.65
639.265	79.3762	4496.65
2038.93	-3091.31	9192.9
2038.93	-3091.31	9192.9
2746.58	-3818.31	9304.71
1221.1	2055.36	4495.85
1221.1	2055.36	4495.85
2782.98	-4770.9	8775.44
1304.32	2114.14	4473.88
2815.35	-4531.16	8687.96
1956.15	589.083	5825.32
2755.6	-2810.61	6969.45
2877	-3158.44	7019.44
2853.12	-2503.43	6679.14
3050.31	-3497.55	6976.92
2143.22	1599.62	4941.62
2749.32	-1339.58	5799.43
2166.13	2205.36	4575.95
2878.84	-1558.6	5801.35
2857.11	-1184.79	5649.78
2510.83	1374.71	4955.43
2446.72	1661.33	4636.97
2749.8	-651.021	5033.7
2111.41	2628.94	4013.54
2327.45	2001.99	4311.54
2945.68	-3076.52	5135.52
2785.66	873.416	4942.3
3045.48	532.801	5309
2294.35	1981.63	4057.64
2717.31	-125.671	4524.54
2288.53	2518.39	3927.09
2750.7	-1118.78	4245.99
2592.99	-1928.96	3961.95
2751.94	-552.21	4270.64
2329.17	2293.42	3664.98
2767.95	203.964	4226.03
2908.27	-205.308	4411.7
2682.01	458.609	4058.18
2736.68	-1291.99	4005.78
2496.68	1268.86	3736.42
2371.25	1972.15	3552.46
2760.47	-1396.33	3910.76
2681.34	354.41	3750.07
2444.75	1956.02	3481.45
2766.97	-1599.24	3706.18
2386.9	1541.3	3309.03
2705.47	951.73	3690.28
2386.38	2135.62	3265.95
2667.73	866.212	3521.82
3280.39	-547.383	4111.25
2614.57	716.381	3146.8
2523.74	1644.63	3033.53
2729.29	542.582	3204.44
2679.85	720.281	3148.62
2756.52	605.645	3205.41
2769.71	1980.61	3222.6
2849.49	-1121.37	3212.75
3298.22	-939.437	3700.57
5496.66	-3327.06	6061.93
3552.14	-695.013	3910.5
3385.47	-877.025	3714.83
3218.44	-1176.64	3353.37
3801.7	-692.324	3935.28
3364.4	-1612.76	3389.99
-2283.86	282.891	2444.05
-1918.69	1036.71	2103.37
-2212.51	377.082	2490.61
-2105.13	212.083	2391.38
-2074.69	-1451.83	2476.15
-1912	904.84	2215.54
-1975.22	-874.925	2345.87
-2047.72	-1313.14	2570.47
-1944.05	85.7333	2439.86
-1938.9	-335.093	2578.24
-1943.38	194.879	2569.96
-1906.38	1510.4	2485.48
-1906.38	1510.4	2485.48
-1871.09	739.191	2503.59
-1871.09	739.191	2503.59
-1953.18	-648.538	2748.05
-1987.98	-1067.61	2812.42
-1963.22	-1174.49	2819.15
-1923.68	496.468	2737.91
-1923.68	496.468	2737.91
-1999.58	-1076.63	3003.56
-1970.05	-834.048	3043.02
-1935.53	-19.9615	2964.16
-1948.88	-196.34	3122.45
-1967.66	749.878	3212.14
-1945.2	-85.6802	3242.03
-1945.4	797.078	3256.56
-1841.62	1654.56	3087.33
-1918.22	2060.55	3216.01
-1567.34	1239.77	2652.99
-1587.53	1054.16	2708.58
-1845.57	1857.28	3207.66
-2175.05	-813.612	4052.35
-1537.15	435.513	3021.11
-2086.04	-847.852	4579.07
-2001.91	-1494.19	4658.64
-1981.52	-758.085	4645.67
-1984.76	-2213.48	4813.24
-2119.58	-2854.11	5303.36
-1835.3	-1745.98	4873.52
-1888.84	-633.527	5544.51
-1654.77	-2579.48	6296.39
-878.01	1678.27	3093.64
-798.081	476.071	2941.91
-798.081	476.071	2941.91
-826.906	602.298	3082.9
-826.906	602.298	3082.9
-862.301	1316.26	3450.98
-883.692	2166.38	3542.31
-1912.49	-4502.36	8752.15
-1771.59	-4069.42	8611.08
-785.018	1664.62	3675.27
-1848.14	-5162.44	10542.6
-709.793	1724.76	3578.01
-611.384	1587.59	4678.96
637.874	78.8537	4481.04
637.874	78.8537	4481.04
2050.24	-5280.1	11078.6
2050.24	-5280.1	11078.6
2004.88	-2700	8736.38
2742.44	-3814.67	9295.87
2779.34	-4770.88	8767.77
2992.97	-2815.86	8749.95
1848.82	1189.28	5340.46
1732.43	1927.13	4776.43
1732.43	1927.13	4776.43
2976.3	-1643.44	7727.45
2740.26	-2794.23	6928.76
2877.19	-2965.59	7102.16
2849.38	-2499.75	6670.1
2041.21	1556.43	4938.78
3058.12	-3507.64	6995.58
2901.17	-1816.88	5955.73
2153.98	2192.59	4549.39
2870	-1552.34	5781.65
2747.67	-908.925	5408.18
2867.34	-1079.87	5534.29
2524.29	1381.86	4980.82
2094.13	2607.56	3981.63
2331.56	2004.05	4320.97
2962.4	-3095.53	5165.52
2796.9	876.438	4962.86
2645	-215.935	4599.79
3052.36	534.028	5321.73
2733.62	1766.68	4813.83
2310.35	1997.01	4084.3
2286.88	2515.87	3921.95
2721.52	-577.028	4334.36
2771.16	-1128.17	4279.37
2742.4	-2036.75	4189.41
2737.09	-546.596	4244.33
2333.86	2293.53	3657.69
2908.77	-205.709	4410.89
2777.79	-1205.69	4159.8
2533.8	1287.81	3792.75
2393.18	1992.07	3587.09
2770.47	-1401.68	3925.58
2706.25	358.064	3786.42
2684.51	750.359	3751.26
2404.23	1553.29	3335.05
2759.41	-1594.28	3695.38
2688.4	860.982	3648.57
2734.37	790.276	3593.54
3543.76	-202.325	4526.66
2439.65	2009.82	3188.09
3450.11	-394.579	4163.68
2676.88	669.54	3245.87
2606.88	714.429	3137.47
3207.59	-789.755	3783.17
2725.21	541.897	3199.69
2753.56	603.898	3200.36
3056.19	-1206.63	3460.85
2802.06	2004.66	3262.44
3340.09	-950.426	3746.86
3902.76	-518.552	4320.43
3047.96	-1446.34	3153.72
-1895.92	1255.61	2055.46
-1919.46	1037.29	2104.09
-2243.42	382.186	2523.98
-2094.65	211.276	2379.93
-2042.16	-1271.6	2406.91
-2075.62	-1452.38	2477.66
-1992.92	-881.84	2365.64
-1904.75	902.528	2207.26
-1962.02	-412.948	2333.25
-1918.32	-25.8983	2283.46
-1956.21	-661.401	2393.1
-1913.66	831.118	2299.03
-2054.08	-1316.76	2577.89
-1942.13	318.775	2528.94
-1940.17	194.545	2565.76
-1903.74	1508.66	2481.87
-1868.26	643.558	2541.97
-1868.26	643.558	2541.97
-1990.53	-1068.17	2815.2
-1941.29	-645.62	2732.42
-1961.14	-1173.51	2816.51
-1871.51	827.58	2628.42
-1914.24	1733.63	2839.79
-1977.53	-837.505	3054.43
-1941.44	-305.852	2990.86
-1948.59	-196.533	3121.81
-1983.66	-842.196	3234.42
-1957.22	745.231	3196.32
-1927.09	191.539	3198.59
-1950.47	-86.8274	3250.59
-1910.31	2027.47	3126.3
-1952.35	648.931	3283.97
-1859.05	1669.39	3115.51
-1919	2061.73	3217.44
-1561.87	1235.02	2644.62
-1592.93	1057.06	2718.21
-2049.15	-938.234	3887.55
-2165.25	-847.512	4455.36
-2051.12	-835.19	4509.12
-2007.67	-1497.63	4668.35
-2016.08	-771.333	4724.35
-2005.22	-2234.38	4860.39
-2164.46	-2909.74	5407.48
-1221.79	471.532	2975.76
-2007.51	-1973.95	5076.54
-1684.1	-1239.31	4752.94
-1409.45	2554.56	3806.85
-1096.77	128.667	3320.73
-827.264	602.437	3084.43
-836.92	1774.62	3245.15
-1326.01	-591.305	5550.97
-893.901	2182.11	3569.28
-1664.19	-3489.68	7540.33
-1931.08	-4542.39	8829.12
-1755.77	-4035.44	8539.4
-1599.07	-4996.48	8473.03
-789.846	2154.18	3668.64
-704.512	1714.59	3557.12
-634.815	1705.23	3659.41
-715.422	583.784	4472.14
-628.641	1463.98	4546.13
640.404	79.6776	4484.71
640.404	79.6776	4484.71
2890.64	-5659.31	11314.2
2895.36	-4046.36	9850.54
1217.73	2049.81	4483.3
2853.85	-4595.75	8812.9
2804.27	-2062.25	8159.59
1857.27	1192.04	5361.1
2744.12	-2167.12	7335.13
1694.14	1581.41	4604.26
2960.5	-1633.13	7687.46
2743.55	-2797.42	6934.99
2871.04	-2958.22	7084.82
2857.7	-2508.16	6691.21
2028.24	1546.02	4907.11
1989.88	2220.72	4539.33
2894.71	-1567.93	5834.46
2733.78	-904.89	5378.59
2395.67	1724	4822.05
2883.39	-1277.25	5549.91
2484.87	1359.65	4900.36
2117.16	2635.32	4024.68
2939.71	-3069.9	5124.5
2364.12	1867.35	4325.64
2806.12	880.4	4980.5
2697.92	-220.858	4691.65
3026.73	529.228	5276.55
2313.99	1999.67	4090.65
2763.34	-251.138	4742.6
2746.8	-724.634	4687.88
3272.01	-3124.92	5436.9
2278.94	2506.86	3907.17
2756.2	-926.889	4479.78
2733.34	230.285	4376.7
2764.66	-2052.91	4223.79
2734.64	-545.928	4239.48
2318.14	2281.33	3647.53
2630.38	680.308	4053.5
2714.64	198.65	4144.77
2743.02	-1190.61	4106.85
2373.2	1205.32	3553.01
2754.92	-1393.19	3902.18
2695.6	952.421	3799.12
2676.33	353.973	3743.35
2398.69	1917.39	3412.53
2714.62	-1365.78	3668.41
2447.13	1581.77	3382.61
2713.02	-1095.05	3616.07
2713.57	868.391	3683.44
2443.69	2012.56	3194.14
2358.2	1472.55	3058.52
2691.8	672.659	3263.28
2583.73	707.739	3110.65
2941.44	-1072.91	3448.8
2941.44	-1072.91	3448.8
2711.75	538.514	3182.5
2782.32	1990.42	3238.61
2859.28	-1124.76	3222.12
3842.5	-510.445	4253
3506.69	-686.117	3858.61
2625.43	1810.68	2936.93
2724.94	607.996	2980.18
3053.14	-1449.39	3160.37
-1901.46	1259.01	2061.09
-1915.33	1035.7	2099.49
-1910.5	1223.53	2091.04
-1930.1	-483.718	2171.31
-2262.9	385.355	2545.19
-2194.75	316.775	2512.88
-2082.15	-1456.79	2485.43
-2001.24	-884.105	2373.33
-1931.51	915.278	2236.66
-1965.83	-413.477	2337.39
-1947.79	-658.85	2384.12
-1889.86	822.314	2271.41
-2051.16	-1315.15	2573.79
-2051.16	-1315.15	2573.79
-1963.8	323.402	2556.79
-1869.41	643.876	2543.53
-1956.84	304.241	2711.03
-1983.74	-1064.9	2806.29
-1964.04	-1175.5	2820.17
-1866.79	826.071	2621.68
-1941.89	500.359	2761.67
-1915.28	1633.68	2713.26
-1967.26	-529.893	2887.6
-1990.01	-1071.99	2989.71
-1914.1	1733.47	2839.49
-1941.07	-305.226	2990.5
-1941.07	-305.226	2990.5
-1946.06	-301.411	3106.76
-1951.72	94.9255	3105.58
-1946.67	-714.203	3135.7
-1986.59	-842.978	3238.45
-1917.78	4.21975	3093.61
-1953.49	745.031	3189.75
-1953.49	745.031	3189.75
-1914.97	2032.67	3133.4
-1555.42	1232.17	2638.88
-1922.12	2161.03	3337.29
-1987.35	-913.098	3786.6
-2154.51	-843.988	4433.59
-2658.92	-2934.36	5684.87
-1950.89	-1456.32	4535.51
-2018.22	-771.325	4726.87
-1974.37	-2203.99	4793.36
-1802.57	-988.246	4379.65
-1882.57	-2176.66	4829.5
-1836.26	-1746.81	4877.89
-1516.42	2566.91	3845.62
-1418.81	2570.72	3831.32
-1092.89	128.008	3310.51
-855.37	1242.66	2507.19
-1161.95	1064.68	3603.86
-873.436	1670.24	3079.21
-827.369	602.33	3084.53
-862.219	1316.13	3451.08
-909.831	2212.51	3618.1
-1572.75	-3143.8	7096.32
-1657.1	-3472.75	7501.45
-1912.28	-4501.59	8748.47
-883.737	1707.6	3646.8
-710.436	1723.24	3575.02
-1623.92	-5152.18	10359
-717.321	585.25	4482.66
-624.275	1456.25	4519.25
-603.437	1659.53	4598.03
618.505	76.3137	4274.32
618.505	76.3137	4274.32
2055.83	-5284.89	11094.1
2055.83	-5284.89	11094.1
1987.51	-2178.11	8244.11
1987.51	-2178.11	8244.11
2870.58	-4002.75	9754.1
1209.34	2035.6	4451.95
2782.01	-4776.86	8779.32
2811.64	-4521.33	8675.57
1450.73	2041.48	4447.97
1875	1204.34	5419.24
2958.08	-1630.28	7678.25
2755.85	-2810.74	6967.6
3119.09	-3350.1	7588.85
2840.64	-2622.78	6795.32
2041.26	1555.77	4939.11
2857.43	-2192.03	6461.91
2161.19	1704.46	4963.01
3165.4	-3788.57	6807.58
2733.77	-1331.9	5766.21
2133.75	2170.41	4504.95
2715.68	-1018.13	5501.97
2506.85	1372.54	4947.87
2709.86	-556.709	4989.96
2111.54	2626.35	4014.07
2336.05	2008.59	4327.56
2794.66	875.989	4958.97
2910.97	497.499	5074.05
2335.32	2021.52	4128.78
3211.13	-3061.01	5332.18
2723.89	-125.774	4536.18
2245.48	2469.38	3846.43
2771.87	-37.6529	4579.47
2821.96	-77.1682	4521.34
2746.2	-582.642	4375.68
2700.54	-2019.77	4137.55
2755.97	-1174.22	4204.97
2793.4	205.773	4270.05
2920.23	-346.582	4405.87
2508.11	1275.06	3755.51
2697.86	955.852	3805
2693.62	356.211	3767.61
2693.62	356.211	3767.61
2420.67	1936.43	3445.26
2714.16	-993.426	3723.76
2767.39	-1295.67	3766.63
2736.38	-1376.66	3697.94
2436.14	2313.36	3416.79
2521.11	1631.54	3492.27
2713.63	953.368	3701.34
2406.81	1980.55	3143.11
2429.14	1514.37	3132.03
2678.28	670.872	3249.74
2645.83	724.994	3184.79
2532.47	1650.64	3045.3
2740.28	544.394	3217.19
2953.42	-1163.28	3333.28
2570.49	607.675	2927.99
3322.99	-1208.14	3661.92
3562.92	-696.259	3920.08
2621.43	1807.06	2930.33
3569.05	-646.085	3864.5
3171.34	-1508.37	3288.71
3479.35	-959.968	3524.51
