-2256.59	279.044	2412.92
-1894.82	1213.66	2074.47
-2082.07	208.923	2365.76
-1909.5	901.722	2212.32
-1879.82	1346.73	2173.42
-1956.69	-866.07	2322.38
-2029.3	-1421.11	2422.65
-1911.08	-26.0312	2274.7
-1892.38	821.494	2275.66
-1945.34	-657.897	2377.33
-2007.8	-1288.15	2520.58
-1899.53	1412.38	2336.66
-1940.48	321.189	2526.97
-1920.35	193.368	2539.08
-2043.89	546.008	2715.6
-1909.11	-514.112	2687.52
-1951.87	-1047.97	2761.23
-1890.91	766.057	2713.24
-1913.02	-406.833	2815.48
-1870.43	927.991	2752.77
-1957	-1054.75	2938.3
-1919.39	1736.35	2848.82
-1919.07	-20.7461	2938.26
-1923.29	1852.79	2975.95
-1938.78	624.094	3052.58
-1967.16	-833.347	3206.86
-1928.2	191.266	3199.87
-1936.81	-85.6032	3227.06
-1923.25	-186.56	3300.98
-1589.5	1057	2711.41
-1928.46	-490.234	3345.62
-1933.05	2384.74	3623.88
-1901.78	-881.827	3677.74
-1623.22	802.713	3114.13
-1522.47	433.857	2991.42
-2159.39	-923.253	4326.93
-2634.18	-2896.56	5625.42
-1892.65	-1417.39	4418.32
-1960.04	-748.133	4591.57
-1946.58	-2171.87	4723.44
-1772.74	-972.472	4306.7
-1833.16	-2118.18	4697.83
-1413.04	2561.29	3817.75
-1056.86	123.48	3207.6
-1160.33	1062.81	3598.54
-1698.49	-2160.23	6183.95
-861.796	1649.46	3039.29
-783.177	468.912	2889.93
-817.005	595.162	3046.86
-885.361	2166.58	3543.2
-866.397	1507.27	3520.61
-1573.69	-3144.16	7099.72
-1650.03	-3457.87	7468.64
-1900.76	-4471.55	8696.94
-1882.14	-4973.83	9166.83
-774.651	1646.44	3636.43
-706.805	1718.5	3564.59
-678.524	1437.19	3456.78
-704.357	575.776	4409.66
598.259	60.1563	4178.58
598.259	60.1563	4178.58
2050.95	-5285.48	11083
2050.95	-5285.48	11083
2021.76	-4272.95	10147.7
1265.84	2060.14	4376.08
2808.77	-4827.02	8865.99
2903.29	-4677.03	8960.81
1407.73	2064.42	4485.8
2950.36	-2541.7	8785.64
1937.55	584.975	5768.15
1937.55	584.975	5768.15
1800.84	1160.9	5200.78
2744.59	-2168.55	7343.29
2909.15	-1601.74	7550.98
1790.26	1840.59	4739.94
1790.26	1840.59	4739.94
2715.84	-2770.75	6866.93
2832.34	-3109.1	6907.14
2016.79	1520.26	4889.45
2817.76	-2472.8	6598.1
2111.88	1566.12	4879.31
2734.19	-1243.82	5725.48
2863.31	-1550.24	5770.69
2767.46	-928.716	5259.74
2409.87	1632.45	4561.09
2072.16	2577.01	3938.87
2238.31	2096.14	4192.62
2709.37	-641.538	4959.43
2318	1993.59	4302.03
2467.51	1770.96	4542.76
2667.64	-217.735	4640.18
2955.62	498.265	5149.04
3181.51	-3058.72	5297.89
3181.51	-3058.72	5297.89
2237.92	2456.74	3842.37
2762.98	-37.5821	4566.18
2716.06	-669.116	4221.2
2300.73	2262.13	3626.66
2747.01	-1172.27	4193.22
2596.27	673.473	4001.01
2865.29	-203.54	4351.74
2846.42	-336.888	4295.07
2769.68	-403.379	4176.96
2494.14	1261.28	3729.55
2348.52	1949.45	3524.71
2673.32	748.895	3734.78
2379.82	1535.33	3305.41
2689.59	946.417	3669.68
2628.68	279.952	3559.17
2922.03	-903.224	3804.76
2738.16	-1456.17	3536.92
2738.16	-1456.17	3536.92
2363.79	1942.88	3085.02
2401.97	1489.16	3083.8
2645.58	661.841	3208.61
2502.14	1630.09	3016.11
2692.5	535.168	3161.61
5655.96	-3968.93	6488.14
2719.11	599.663	3163.58
3234.61	-889.181	3726.22
2780.9	1989.29	3234.04
3441.12	-595.001	3928.17
2627.95	703.414	2936.32
3226.24	-1173.52	3553.94
3496.34	-684.241	3847.46
3277.79	-1200.67	3416.81
-2266.05	280.146	2422.82
-1908.87	1032.23	2092.73
-1898.94	1216.2	2078.6
-2221.58	379.137	2500.54
-1904.65	902.171	2206.74
-1879.45	1346.12	2172.81
-1942.86	-861.804	2307.7
-2029.8	-1421.12	2423.03
-1909.83	-26.4019	2273.33
-1907.7	828.829	2291.34
-1901.76	1414.06	2339.31
-1922.4	84.8492	2413.94
-1922.4	84.8492	2413.94
-1887.99	976.631	2412.29
-2033.65	543.873	2702.54
-1907.4	-513.211	2684.9
-1952.11	-1048.1	2761.52
-1900.02	769.601	2725.87
-1911.68	-406.496	2813.8
-1927.13	-23.5181	2848.01
-1922.93	1786.55	2807.35
-1963.92	-1058.11	2949.3
-1947.04	-823.958	3007.22
-1968.79	-953.496	3068.08
-1920.03	-193.013	3076.61
-1930.44	2012.98	3093.76
-1930.44	2012.98	3093.76
-1935.33	192.217	3211.52
-1929.24	-85.0168	3215.39
-1951.1	649.667	3281.66
-1956.07	738.76	3327.59
-1582.74	1053.26	2700.52
-1931.86	-389.495	3492.31
-2107.43	-788.398	3928.58
-1874.94	-869.602	3626.46
-2639.24	-2897.04	5632.98
-1903.95	-1426.02	4443.85
-2002.95	-759.653	4684.04
-1933.12	-2156.27	4691.04
-1814.4	-2098.06	4653.06
-1078.56	126.358	3269.36
-1157.29	1060.21	3589.85
-1018.71	2009.07	3194.7
-1641.5	-1466.26	5734.39
-787.413	470.957	2903.62
-818.363	595.652	3051.59
-846.352	1707.1	3164.86
-846.352	1707.1	3164.86
-1286.16	-575.183	5396.99
-880.546	2151.89	3520.01
-861.696	1501.36	3506.6
-1571.58	-3143.21	7086.07
-1644.29	-3446.47	7443.89
-1855.54	-4908.1	9045.08
-709.873	1724.17	3575.98
-685.515	1820.42	3536.58
-700.362	573.206	4387.8
-1465.12	-5056.17	10162.2
-618.824	1446.27	4478.48
594.885	58.8654	4159.98
594.885	58.8654	4159.98
2011.83	-5162.87	10849.9
2011.83	-5162.87	10849.9
2003.69	-3034.51	9027.4
2777.72	-4771.14	8766.58
2920.66	-4705.74	9015.89
1404.19	2057.84	4472.08
1443.77	2034.73	4446.42
1935.33	584.411	5762.1
1935.33	584.411	5762.1
1832.66	1179.09	5298.34
1952.42	1831.72	5384.71
2731.29	-2156.51	7301.33
2717.55	-2771.8	6872.75
1906.45	1547.27	4874.72
2820.07	-2163.26	6374.67
2820.07	-2163.26	6374.67
2944.54	-3769.82	6580.16
2113.1	1567.58	4882.57
3031.61	-3628.93	6523.21
2904.95	-2246.51	6075.01
2895.45	-2383.76	5944.43
2063.71	2097.34	4359.69
2695.17	-1009.31	5461.54
2424.79	1643.88	4591.01
2080.86	2589.87	3954.33
2186.96	2048.21	4095.43
2728.62	-693.706	4946.66
2461.81	1767.24	4532.8
2667.1	-217.857	4639.86
2954.18	498.36	5145.91
2230.57	2448.54	3829.06
2762.61	-37.6571	4565.24
2285.89	2245.94	3602.14
2594.4	672.689	3997.7
2456.73	1242.31	3671.84
2355.53	1954.96	3536.26
2629.73	929.136	3704.77
2726.02	-999.461	3742.62
2382.29	1536.68	3310.43
3260.5	-240.928	4442.81
2712.7	-1568.61	3633.11
2712.7	-1568.61	3633.11
2644.33	846.176	3586.24
2349.92	1931.56	3066.7
3179.85	-663.862	4051.47
2463.55	1527.56	3164.25
2664.14	500.042	3369.68
3237.32	-610.988	4055.08
3478.73	-305.184	4315.96
2892.59	-1017.84	3540.21
2643.68	661.057	3206.2
2592.22	709.168	3121.01
2483.5	1618.6	2993.8
2685.05	533.502	3153.03
5657.98	-3971.16	6488.64
5657.98	-3971.16	6488.64
3367.44	-856.604	3892.16
2718.54	599.705	3162.75
2792.34	1998.11	3247.4
3409.64	-588.944	3888.76
2810.94	-1105.89	3163.6
3790.64	-503.495	4196.67
3427.33	-945.745	3470.62
-2245.19	277.164	2400.71
-1894.96	1213.73	2074.62
-1887.96	1022.36	2071.2
-1900.13	-474.547	2136.12
-1911.28	-135.765	2149.53
-2220.98	378.989	2499.9
-1926.3	-531.85	2202.72
-2044.03	-1269.42	2406.24
-1910.67	903.639	2213.43
-1897.41	1359.26	2193.74
-1961.67	-869.308	2328.94
-2025.91	-1418.5	2418.74
-1910.53	-26.4622	2274.15
-2005.81	-1286.76	2518.41
-1898.9	1412.06	2335.65
-1927.47	84.9172	2419.91
-1902.25	-724.646	2419.09
-1902.25	-724.646	2419.09
-1896.23	981.047	2422.67
-1952.75	323.111	2542.23
-2035.92	544.725	2705.96
-1956.13	-1050.22	2767.21
-1889.07	765.064	2710.33
-1924.19	1714.56	2765.07
-1917.33	-513.865	2813.94
-1917.33	-513.865	2813.94
-1864.95	925.56	2744.01
-1916.09	-20.1094	2933.42
-1971.43	-955.289	3071.88
-1939.57	622.628	3054.94
-1922.24	-193.058	3079.91
-1915.35	-703.509	3086.03
-1948.91	744.241	3181.7
-1924.73	190.67	3194.09
-1931.78	-84.254	3218.79
-1932.95	2323.04	3414.3
-1866.96	-865.584	3612.91
-1922.54	2454	3644.34
-2131.36	-774.731	4282.14
-2594.06	-2850.7	5539.27
-1900.4	-1423.07	4435.17
-1981.88	-751.635	4635.86
-1750.9	-1132.84	4123.88
-1929.99	-2154.28	4684.45
-1773.74	-974.186	4308.71
-1835.69	-2120.69	4704.54
-1419.87	2573.05	3835.01
-1073.16	125.917	3249.34
-1160.08	1063.26	3597.95
-911.527	1942.38	3082.87
-783.427	468.671	2889.39
-815.536	593.642	3041.94
-845.902	1706.15	3163.25
-845.902	1706.15	3163.25
-878.332	1526.87	3566.38
-1581.32	-3161.69	7126.74
-1651.38	-3460.81	7473.68
-1905.14	-4482.07	8714.22
-846.464	1721.78	3611.16
-772.017	1641.25	3624.54
-1503.34	-4786.55	9631.12
-709.008	579.062	4436.92
-601.21	1653.61	4585.01
596.403	60.4846	4168.82
596.403	60.4846	4168.82
2015.52	-5190.54	10887.9
2015.52	-5190.54	10887.9
2750.72	-3822.71	9326.88
2797.99	-4805.28	8830.87
2945.94	-4759.36	9103.32
1375.26	2005.21	4360.67
3023.42	-3095.54	9060.67
1441.56	2033.13	4442.03
1929.74	583.599	5744.49
1929.74	583.599	5744.49
1804.66	1166.79	5207.43
1880.24	1764.84	5187.4
2722.37	-2149.7	7277.08
2917.75	-1606.42	7573.02
2701.21	-2753.75	6830.41
2845.39	-3124.55	6941.48
2841.36	-2623.18	6797.35
2019.37	1521.79	4896.04
2798.09	-2146.16	6324.88
2798.09	-2146.16	6324.88
2112.16	1566.7	4879.72
2094.82	2132.42	4432.57
2426.07	1643.43	4591.6
2697.48	-554.203	4967.39
2213.3	2073.78	4148.32
2463.89	1768.31	4536.07
2957.03	498.094	5151.38
2724.29	-247.138	4675.83
3197.18	-3075.12	5326.08
3197.18	-3075.12	5326.08
2224.49	2442.5	3817.13
2224.49	2442.5	3817.13
2739.53	-829.288	4564.15
2714.35	-125.201	4519.61
2738.72	-549.515	4250.41
2316.59	2278.17	3653.63
2879.96	-204.668	4374.97
2534.82	1283.22	3793.41
2357.44	1957.24	3541.05
2774.53	-1405.77	3932.38
2727.33	-1498.75	3757.7
2673.39	749.084	3734.72
2384.57	1538.76	3312.84
2999.57	-622.758	4055.21
2624.42	280.334	3554.06
2624.42	280.334	3554.06
2728.8	-1170.01	3604.87
2728.8	-1170.01	3604.87
2625.49	852.81	3465.05
2351.83	1932.56	3068.9
3522.4	-201.01	4495.73
2418.99	1500.22	3105.11
2621.68	655.067	3178.35
2633.5	720.847	3169.39
2486.69	1620.56	2997.19
2844.24	-1037.23	3330.41
3512.54	-501.187	4124.33
5655.15	-3969.08	6487.19
5655.15	-3969.08	6487.19
2695.17	594.156	3135.46
3257.16	-896.428	3753.97
2806.04	2007.4	3262.93
2869.25	-1130.88	3236.28
2869.25	-1130.88	3236.28
2740.37	251.911	3116.67
3359.34	-781.557	3764.05
-2269	280.815	2427.05
-1903.28	1259.29	2063.73
-1921.3	1036.61	2106.37
-2255.59	384.759	2538.75
-1921.98	909.654	2225.65
-1874.15	1343.53	2168.01
-1989.9	-880.018	2360.78
-2044.45	-1431.78	2440.49
-1948.17	-409.91	2317.39
-1923.36	-26.627	2289.92
-1939.68	-654.575	2373.78
-1908.17	1419.03	2347.31
-2020.16	-1187.41	2663.43
-1944.01	195.669	2570.57
-1976.7	-1255.84	2713.19
-1885.34	648.686	2562.88
-1922.44	-516.387	2706.13
-1879.38	830.56	2639.23
-1879.38	830.56	2639.23
-1943.18	415.648	2815.65
-1942.29	1804.44	2835.92
-1952.72	525.506	2955.57
-1925.95	-21.4064	2949.76
-1953.04	-827.4	3017.96
-1926.66	1856.28	2981.62
-1953.47	627.406	3077.03
-1941.78	-193.776	3110.44
-1966.11	-831.937	3205.21
-1963.74	599.236	3237.9
-1954.45	-199.783	3249.89
-1929.93	191.61	3203.01
-1932.73	-596.495	3236.59
-1927.35	2068.82	3234.47
-1518.6	1197.46	2572.54
-1948.44	-603.295	3453.37
-1914.66	-882.585	3651.23
-1894.39	-1418.11	4414.5
-2046.8	-771.445	4775.63
-1942.22	-2168.46	4715.22
-2153.06	-2897.97	5382.12
-1182.89	457.109	2882.98
-1834.43	-2150.13	4939.72
-1083.7	127.424	3283.36
-843.282	1294.25	2571.91
-843.282	1294.25	2571.91
-971.481	1921.34	3055.72
-1681.9	-1223.74	5721.88
-785.688	470.142	2897.83
-818.517	595.903	3052.44
-818.517	595.903	3052.44
-1541.51	-1497.32	6176.65
-881.871	2155.36	3524.56
-861.205	1502.99	3509.1
-1590.37	-3176.13	7165.75
-1651.96	-3462.65	7477.44
-774.814	1644.63	3632.12
-709.064	1721.58	3570.24
-1610.14	-5114.21	10287.2
-1504.89	-5164.25	10376.7
-622.479	1453.27	4503.47
-600.627	1652.89	4583.48
571.993	60.4564	3909.75
1979.55	-2165.96	8210.92
2817.46	-5504.47	11002.8
1193.62	2027.22	4443.94
1193.62	2027.22	4443.94
2767.14	-4750.24	8733.18
2848.99	-2447.93	8471.35
1917.45	580.269	5707.41
1917.45	580.269	5707.41
2713.7	-3748	7795.55
2927.4	-1618.41	7602.51
1777.46	1824.73	4702
1777.46	1824.73	4702
1911.35	1551.18	4889.08
2800.86	-2884.71	6909.89
2831.55	-2824.25	6780.53
2015.85	1519.09	4888.88
2797.88	-2454.83	6550.09
2946.26	-3523.25	6334.4
2097.5	2132.28	4434.17
2842.4	-1404.99	5841.04
2842.4	-1404.99	5841.04
2712.33	-894.059	5336.78
2472.68	1354.24	4887.53
2402.78	1627.3	4547.43
2245.17	2102.62	4206.98
2655.5	-215.492	4619.38
2716.75	1757.02	4787.65
3008.46	504.035	5242.67
3136.42	-3004.75	5214.12
2203.39	2418.35	3781.42
2690.98	-815.372	4484.42
2741.21	-37.3754	4529.91
2676.92	-1983.92	4093.22
2295.37	2255.66	3618.94
2579.94	668.738	3975.64
2325.38	1176.72	3479.08
2360.14	1959.1	3543.15
2694.8	-800.39	3905.2
2694.8	-800.39	3905.2
2677.19	663.969	3773.21
2720.14	-1497.93	3752.24
2684.09	-982.141	3683.2
2468.74	1592.34	3435.71
2718.56	-1367.91	3675.89
2620.94	851.367	3460.14
2655.03	204.303	3478.34
2655.03	204.303	3478.34
2679.73	775.62	3520.98
2647.75	-1178.56	3421.64
2357.77	1937.46	3077.67
2381.57	1479.81	3078.13
2597.47	649.242	3149.77
2455.76	1599.72	2957.93
2894.21	-1055.32	3393.97
2894.21	-1055.32	3393.97
2670.81	530.628	3135.81
2624.45	706.379	3083.68
5610.77	-3938.61	6436.24
5610.77	-3938.61	6436.24
2729.7	1952.54	3175.73
2731.78	250.153	3108.31
3588	-648.953	3883.15
3588	-648.953	3883.15
-2282.24	282.385	2440.81
-1920.22	1037.06	2105.65
-1920.69	1230.59	2102.46
-2210.45	319.839	2531.04
-1924.93	909.729	2230.16
-1915.09	1371.67	2213.82
-2055.61	-1439.52	2454.25
-1956.86	-412.62	2328.07
-1956.86	-412.62	2328.07
-1926.79	836.783	2315.77
-1954.91	-660.028	2391.27
-1919.37	1427.7	2360.75
-1945.4	87.1719	2441.27
-2032.03	-1194.75	2679.18
-2032.03	-1194.75	2679.18
-1951.16	195.86	2580.29
-1888.8	835.756	2651.55
-1899.72	-118.249	2783.71
-1956.74	525.813	2962.08
-1956.74	525.813	2962.08
-1971.33	-834.231	3044.81
-1913.58	-105.636	2975.41
-1909.59	1942.93	2914.49
-1944.09	4.91129	3134.85
-1963.8	-830.432	3204.41
-1978.12	756.112	3229.18
-1956.51	651.26	3291.71
-1948.83	-188.671	3344.08
-1933.73	2075.98	3245.28
-1551.78	1225.55	2632.35
-1608.81	1070.86	2744.48
-1933.95	-596.91	3427.73
-1931.17	2355.02	3526.27
-1752.31	-810.434	3364.56
-2145.67	-838.844	4414.49
-2551.94	-2806.33	5454.44
-2068.03	-781.526	4829.16
-844.523	1295.18	2575.24
-844.523	1295.18	2575.24
-1157.12	1061.13	3602.42
-1619.31	-1000.52	5285.2
-1042.85	2099.17	3502.74
-786.086	470.525	2900.68
-820.158	596.86	3057.89
-1568.87	-1526.2	6280.68
-890.342	2175.25	3556.88
-851.394	1480.08	3458.08
-1209.96	-1323.76	5324.33
-1552.24	-3101.76	7004.39
-1617.45	-3391.85	7328.41
-1906.62	-4488.35	8725.52
-1836.12	-4853.19	8946.73
-801.099	2185.3	3717.46
-1618.65	-5043.21	8549.43
-702.165	1709.53	3544.88
-633.343	1702.9	3649.94
-717.444	584.898	4481.63
-600.602	1648.01	4572.58
-607.63	1580.82	4656.08
539.39	56.8544	3610.42
2818.1	-5520.08	11030.1
1181.67	2005.01	4396.35
2717.23	-4658.01	8569.14
2702.4	-2956.13	8470.72
2860	864.653	8512.84
2860	864.653	8512.84
2709.28	-3742.06	7782.61
1759.83	1136.64	5072.76
2713.94	-2041.2	7199.48
2917.8	-1607.96	7576.45
2821.92	-2906.93	6962.61
1898.33	1541	4853.91
2787.69	-2573.36	6667.12
2802.11	-2458.76	6559.93
2772.97	-2126.73	6268.35
2092.46	1398.61	4791.59
2844.66	-1634.1	6023.5
2607.25	-844.398	5394.52
2079.73	2115.77	4397.77
2641.75	-983.759	5348.48
2719.45	1347.95	5253.54
2396.05	1623.44	4535.53
2065.89	2569.55	3926.31
2235.16	2095.15	4185.81
2646.19	-214.761	4603.21
2677	1732.26	4716.61
2838.2	473.507	4947.65
3104.21	-2969.97	5158.31
3104.21	-2969.97	5158.31
2221.36	2437.59	3814.16
2728.46	-37.3282	4509.24
2739.29	-2029.6	4187.59
2777.8	-362.827	4288.01
2572.33	667.031	3964.21
2845.78	-200.371	4317.75
2672.68	-1157.42	3999.73
2304.94	1165.57	3445.71
2293.73	1903.43	3440.94
2664.15	-790.949	3860.07
2699.05	-1366.75	3824.63
2694.86	467.707	3798.37
2628.94	930.857	3705.39
2677.63	-978.112	3673.43
2380.94	1536.49	3307.33
2711.85	-1569.83	3633.91
2620.37	838.462	3553.62
2382.11	2133.87	3261.94
2333.61	1917.93	3046.01
3390.27	-193.242	4327.62
2424.51	1506.74	3135.2
2447.47	1595.32	2949.28
2663.41	529.902	3128.48
2581.91	694.869	3031.79
2655.85	585.283	3089.13
2699.64	1930.35	3140.28
3283.73	-566.856	3740.09
3244.3	-925.529	3641.93
2609.1	696.549	2916.82
3828.54	-508.373	4239.06
3258.64	-1614.46	3384.41
3063.44	-1456.79	3175.17
3366.42	-1024.26	3328.65
