-1903.79	1027.79	2087.3
-1898.03	1215.22	2078.13
-2243.88	382.533	2524.37
-2171.24	313.678	2485.17
-1893.05	896.477	2193.66
-1879.58	1346.88	2173.46
-1924.92	-851.677	2284.43
-1913.38	-402.327	2275.51
-1913.38	-402.327	2275.51
-1998.73	-1282.48	2508.66
-1875.91	-714.388	2387.3
-1918.54	192.117	2537.39
-1858.93	639.956	2528.47
-1912.23	1601.8	2619.25
-1925.14	-1034.4	2724.48
-1854.37	819.562	2605.31
-1922.75	411.174	2786.44
-1885.31	-114.521	2761.49
-1864.3	925.025	2743.77
-1952.72	-1051.97	2933.08
-1911.98	1728.4	2838.63
-1915.15	-18.5552	2931.52
-1948.72	626.31	3068.02
-1920.12	-298.154	3065.41
-1920.12	-298.154	3065.41
-1914.9	-192.84	3068.25
-1930.39	-819.557	3149.75
-1911.47	189.991	3172.9
-1938.85	794.37	3245.28
-1917.76	2097.95	3185.08
-1542.83	1221.36	2614.12
-1574.99	1045.99	2687.66
-1927.25	19.9299	3333.87
-1927.58	2246.44	3402.15
-1936.51	-889.762	3687.91
-1453.74	456.778	2996.47
-2529.53	-2788.54	5405.92
-1983.81	-755.029	4642.19
-1721.32	-1115.25	4058.43
-1945.26	-2170.16	4718.92
-2083.28	-2805.69	5215.24
-1817.92	-2102.14	4662.29
-1860.82	-626.451	5460.53
-851.692	1237.55	2496.35
-1658.77	-2113.08	6053.33
-781.417	466.694	2884.08
-781.417	466.694	2884.08
-815.064	593.701	3038.31
-898.207	2191.9	3585.92
-841.53	1475.68	3446.5
-852.163	1716.4	3506.42
-1610.13	-3210.92	7246.66
-1886.57	-4440.1	8630.25
-1862.4	-4922.3	9067.34
-1678.72	-3853.13	8162.42
-774.667	1642.93	3628.56
-697.258	1698.78	3524.28
-714.695	583.341	4464.85
-594.26	1637.13	4533.97
564.373	38.2653	3882.22
564.373	38.2653	3882.22
2004.14	-5162.42	10825.5
2004.14	-5162.42	10825.5
1173.26	1996.59	4381.9
1173.26	1996.59	4381.9
2733.45	-4692.76	8623.33
2858.63	-4597.53	8822.92
2858.21	-2456.96	8502.09
1920.22	577.575	5719.11
1920.22	577.575	5719.11
2802.85	-1703.73	7679.69
2724.54	-3219.72	7358.97
2940.84	-1624.57	7637.46
2685	-2738.72	6791.03
1757.76	1746.06	4569.83
1898.27	1539.5	4858.28
2816.14	-2901.69	6947.41
2000.13	1501.69	4853.63
2897.85	-2240.72	6061.87
2074.03	2109.32	4388.59
2746.46	-1357.74	5642.08
2825.84	-1598.54	5639.4
2697.06	1335.66	5207.72
2327.26	1809.06	4491.34
2072.51	2578.4	3941.46
2236.23	2093.65	4190.14
2718.61	-615.455	4760.25
2718.61	-615.455	4760.25
2657.59	1717.28	4681.78
2629.68	-216.364	4572.55
2238.36	2456.37	3849.96
3129.38	-3009.31	5213.98
3129.38	-3009.31	5213.98
2724.49	-36.4813	4500.89
2714.12	-913.822	4412.18
2262.93	2222.93	3570.8
2707.68	-1099.54	4177.5
2574.56	667.332	3967.46
2885.41	-206.456	4385.83
2702.34	-627.049	4060.76
2337.34	1939.37	3512.38
2410.85	1395.07	3505.42
2711.47	-1372.31	3840.11
2709.54	-923.127	3833.05
2662.71	746.159	3720.99
2707.99	-1491.06	3734.31
2387.91	1537.22	3327.05
2590.36	276.324	3507.29
2604.31	845.199	3437.99
2339.47	1922.27	3052.22
2420.36	1502.39	3135.46
3415.36	-195.002	4360.74
2603.62	650.719	3155.46
2575.02	705.021	3098.01
2442.5	1591.39	2942.96
2659.29	529.126	3123.13
2679.95	591.628	3119.78
5525.95	-3877.99	6336.68
5525.95	-3877.99	6336.68
2780.24	1987.7	3231.88
3866.47	-368.324	4265.29
3488.84	-878.85	3667.57
3226.21	-1181.96	3364.17
3576.74	-651.365	3700.16
3360.62	-988.276	3449.08
3444.6	-1654.83	3475.26
-2220.11	274.815	2376.02
-1898.37	1256.15	2057.6
-1900.34	1027.2	2084.01
-2206.32	376.716	2484.41
-1895.49	897.392	2195.67
-1866.42	1337.83	2158.45
-1956.1	-865.335	2320.34
-1901.15	-26.1994	2262.97
-1901.15	-26.1994	2262.97
-1879.8	817.047	2259.66
-1998.03	-1282.18	2508.18
-1905.13	83.8856	2392.25
-1921.89	192.539	2541.57
-2043.13	545.744	2715.01
-1906.18	1522.01	2580.3
-1906.58	-884.892	2682.11
-1912.82	-1145.13	2747.43
-1923.14	1712.79	2763.11
-1896.16	-403.811	2792.19
-1863.39	925.468	2741.59
-1935.42	518.786	2929.87
-1933.09	-818.938	2986.69
-1912.79	-300.264	2946.3
-1964.02	-951.811	3060.03
-1924.02	534.551	3011.52
-1921.95	-705.896	3095.6
-1925.9	2007.66	3085.47
-1919.83	-84.385	3199.18
-1936.35	643.742	3257.31
-1775.32	1598.93	2987.6
-1926.92	19.4142	3333.46
-1871.88	1702.41	3219.67
-1916.76	2247.6	3357.91
-1975.42	-905.474	3753.73
-1527.82	449.456	2918.13
-2135.39	-836.154	4393.48
-1471.73	461.696	3029.91
-2512.26	-2768.02	5369.01
-1706.7	-1102.75	4018.49
-1934.07	-2157.84	4693.54
-1203.03	465.965	2935.52
-2002.62	-1966.55	5057.01
-1420.79	2574.17	3838.84
-1750.51	-1568.99	5328.37
-1168.75	1069.12	3613.81
-832.378	441.553	2880.35
-896.785	2197.5	3594.48
-858.28	1501.55	3506.87
-861.518	2074.18	3543.66
-1615.58	-3390.4	7327.56
-1902.71	-4473	8695.2
-1691.33	-3882.99	8223.16
-748.97	2056.5	3493.15
-700.865	1702.88	3532.14
-676.033	1432.94	3445.3
-676.033	1432.94	3445.3
-628.396	1688.05	3621.16
-706.34	577.308	4417.13
-1513.34	-5193.68	10449.9
566.086	38.8226	3920.33
566.086	38.8226	3920.33
2826.62	-5518.56	11050.5
2923.8	-4915.29	10679.5
1179.19	2008.87	4407.97
1179.19	2008.87	4407.97
2810.05	-4526.12	8677.7
1928.81	580.548	5745.03
1928.81	580.548	5745.03
1697.54	1893.17	4716.24
1697.54	1893.17	4716.24
2705.08	-2136.22	7231.71
2739.42	-2065.04	7271.09
2952.95	-1630.98	7671.6
2653.88	-2705.13	6707.52
1891.15	1532.84	4838.71
2807.08	-2463.74	6571.29
2094.69	1548.51	4842.23
2094.08	1398.01	4808.39
1967.86	2197.5	4501.69
2889.65	-2351.08	6128.99
2091.19	2128.07	4427.33
2752.87	-1361.06	5648.3
2752.87	-1361.06	5648.3
2681.21	-1002.95	5433.39
2326.03	1669.76	4680.09
2391.99	1621.14	4530.09
2060.04	2563.93	3914.63
2699.1	-484.03	4843.71
2651.58	-216.806	4611.55
2842.11	486.489	4953.83
3104.56	-2987.79	5175.03
3104.56	-2987.79	5175.03
2199.96	2415.16	3777.55
2675.07	-119.712	4442.24
2769.55	-259.82	4403.98
2738.13	95.3909	4232.41
2719.66	-1161.87	4152.27
2581.13	666.373	3978.24
2701.38	-626.094	4059.14
2332.51	1935.1	3504.54
2702.22	-1276.8	3956.54
2414.17	1391.97	3504.62
2717.19	-1430.78	3800.03
2667.9	747.385	3729.27
2410.54	1552.87	3357.97
2584.44	838.626	3409.73
2726.04	-1448.8	3522.43
2354.94	1935.64	3074.23
2439.19	1513.94	3156.97
2659.48	205.126	3327.73
3296.82	-708.366	3991.97
2883.04	-951.739	3452.96
2601.2	713.67	3134.64
2446.85	1593.85	2949.54
2435.35	1590.49	2932.15
2680.53	534.036	3149.46
2623.25	703.231	3079.83
2691.21	593.199	3132.07
5571.44	-3911.08	6389.42
2712.23	1939.11	3156.07
3317.47	-740.744	3557.01
3317.47	-740.744	3557.01
3220.16	-1178.76	3356.7
3158.28	-1503.08	3274.17
3631.62	-835.786	3763.33
-2236.3	276.68	2392.66
-1892.18	1252.6	2051.28
-1904.4	1029.77	2087.2
-1886.3	1207.99	2064.77
-1906.52	-525.598	2180.05
-2179.77	315.277	2496.18
-1901.51	900.477	2202.94
-1962.1	-868.029	2327.13
-1898.45	-26.2583	2260.04
-1898.45	-26.2583	2260.04
-1904.04	827.186	2286.45
-1979.96	-1271.05	2486.36
-1899.51	83.4957	2385.33
-1884.53	-717.708	2397.41
-1884.53	-717.708	2397.41
-1894.29	-326.873	2518.97
-2047.87	547.084	2720.85
-1906.95	1597.74	2612.01
-1906.95	1597.74	2612.01
-1929.91	-1037.05	2730.98
-1863.5	824.111	2616.89
-1890.55	765.295	2711.91
-1924.27	411.886	2788.02
-1910.62	-300.521	2943.19
-1954.73	-947.466	3046.45
-1922.04	1894.91	2946.4
-1915.43	-295.089	3056.86
-1915.43	-295.089	3056.86
-1954	595.596	3221.12
-1917.09	190.531	3182.01
-1921.53	2101.61	3189.55
-1950.54	648.048	3280.61
-1566.95	1041.14	2675.13
-1922.77	-489.159	3336.45
-1987.56	-910.443	3775.05
-1459.03	459.167	3008.15
-2494.1	-2751.14	5334.99
-2019.65	-822.095	4439.74
-1902.36	-2124.25	4618.63
-1752.14	-962.568	4256.57
-1752.14	-962.568	4256.57
-2102.1	-2829.37	5258.91
-1069.89	126.185	3240.39
-837.078	1284.26	2553.55
-1159.56	1061.55	3590.14
-968.971	1917.73	3050.5
-1594.95	-1421.59	5583.39
-1689.64	-2148.9	6152.54
-1623.21	-2531.78	6173.21
-780.925	466.651	2879.18
-813.898	593.064	3033.62
-833.095	1764.19	3224.19
-886.399	2166.95	3544.18
-863.651	1507.19	3520.07
-870.561	1682.45	3591.27
-1618.51	-3394.89	7337.29
-1903.03	-4478.1	8705.21
-1697.45	-3894.27	8248.28
-776.079	1645.28	3634.55
-750.991	2059.23	3501.01
-673.575	1426.65	3430.1
-673.575	1426.65	3430.1
-716.431	585.025	4477.46
570.794	38.7091	3979.65
570.794	38.7091	3979.65
1996.14	-5131.11	10773.6
1996.14	-5131.11	10773.6
1975.48	-2989.06	8895.29
1975.48	-2989.06	8895.29
2943.26	-4953.93	10756.1
1186.68	2019.46	4432.78
2729.59	-4684.3	8607.76
2807.41	-4522.17	8668.33
1410.44	2067.62	4498.99
1919.47	579.373	5715.21
1919.47	579.373	5715.21
1804.36	1159.4	5210.74
1785.17	1674.39	4950.74
2910.47	-1603.55	7557.76
2644.55	-2698.19	6686.77
2839.77	-2926.44	7007.64
1997.78	1501.27	4849.13
2872.54	-2373.37	6237.11
2123.13	1304.51	4645
2087.07	2123.32	4417.04
2871.2	-1798.73	5896.59
2843.53	-1539.44	5729.94
2733.46	-1132.84	5402.28
2446.23	1754.27	4503.25
2283.08	1798.99	4191.91
2671.2	-377.95	4687.37
2257.47	1944.93	4001.67
2844.52	486.435	4958.46
2691.14	-243.768	4618.55
3136.07	-3017.22	5227.26
3136.07	-3017.22	5227.26
2206.8	2422.33	3789.3
2206.8	2422.33	3789.3
2684.18	-306.634	4460.39
2721.05	-681.156	4413.92
2265.96	2225.09	3573.38
2898.4	-205.698	4401.56
2330.94	1178.6	3483.41
2719.88	-1432.8	3804.46
2348.11	1872.39	3351.27
2598.77	918.268	3661.01
2648.47	741.114	3701.15
2450.9	1579.55	3415.36
2944.63	-611.484	3982.63
2589.13	275.032	3503.26
2837.31	-876.175	3691.13
2722.2	-1446.21	3516.07
2861.66	-806.582	3690.32
2342.88	1925.54	3058.04
2388.53	1481.8	3084.38
2634.73	493.788	3331.95
3422.23	-300.667	4251.23
2429.47	1581.56	2927.71
2671.52	531.017	3136.87
5585.3	-3919.43	6405.94
5585.3	-3919.43	6405.94
2671.86	590.025	3110.36
3198.57	-880.009	3684.85
2723.28	1946.81	3168.02
3339.66	-777.272	3742.08
2576.23	690.252	2877.54
2576.23	690.252	2877.54
2460.48	1694.18	2751.12
3498.31	-684.965	3850.65
3274.11	-1199.02	3413.58
3404.97	-940.108	3446.03
3355.26	-1610.36	3381.59
-1899.7	1256.87	2059.2
-1898.71	1025.06	2082.42
-2237.9	381.453	2517.25
-1908.5	-525.613	2181.97
-2184.27	316.039	2501.16
-1903.38	901.049	2205.01
-1877.6	1345.29	2170.94
-1903.74	-401.165	2265.13
-1903.02	-26.1862	2264.99
-1903.02	-26.1862	2264.99
-1896.09	823.82	2278.3
-1986.69	-1275.04	2494.24
-1907.54	84.0879	2394.97
-1907.54	84.0879	2394.97
-1893.97	-721.198	2409.14
-1893.97	-721.198	2409.14
-1873.71	968.425	2395.45
-1939.87	-1233.03	2663.03
-1901.76	1518.15	2574.95
-1901.76	1518.15	2574.95
-1922.32	-1033.24	2720.71
-1931.08	498.313	2746.6
-1931.08	498.313	2746.6
-1897	-403.813	2793.35
-1944.6	-943.106	3030.5
-1934.01	93.3437	3077.95
-1934.01	93.3437	3077.95
-1916.38	-703.739	3086.95
-1922.9	167.592	3102.74
-1940.09	-823.158	3164.41
-1951.97	743.417	3187.77
-1927.99	2108.67	3201.08
-1948.31	647.629	3277.34
-1556.57	1034.74	2657.89
-1871.28	1701.79	3218.82
-1917.42	2337.67	3502.91
-2152.26	-841.644	4427.3
-1475.53	463.001	3036.52
-2524.95	-2780.85	5395.9
-1770.75	-1143.83	4163.03
-1937.06	-2161.18	4698.57
-1763.63	-968.204	4284.01
-1763.63	-968.204	4284.01
-2093.04	-2817.69	5237.19
-1940.78	-1908.98	4910.93
-1419.95	2572.6	3835.47
-1722.73	-1546.16	5250.05
-1066.29	125.388	3234.84
-1166.51	1066.69	3607.44
-776.478	464.113	2863.96
-812.463	591.635	3029.26
-881.944	2160.18	3533.65
-850.36	1489.02	3478.25
-870.718	1683.13	3594.02
-941.764	2582.08	3840.41
-1647.25	-3451.18	7455.88
-1877.85	-4420.23	8592.91
-1705.36	-3912.94	8286.67
-768.732	1633.02	3606.99
-788.008	2160.51	3673.26
-1413.37	-1013.51	7033.46
-700.267	1701.94	3530.71
-707.036	577.446	4418.34
-1502.45	-5145.45	10345.7
-596.472	1639.86	4541.58
564.785	38.0454	3936.6
564.785	38.0454	3936.6
1978.53	-2669.32	8629.81
1169.44	1987.87	4363.19
2808.84	-4513.73	8666.09
1385.01	2054.06	4462.57
1941.7	584.621	5784.73
1941.7	584.621	5784.73
2771.71	-3838.64	7971.99
1801.18	1687.2	4987.61
2718.02	-2146.54	7266.35
1906.68	1178.5	5170.81
1906.68	1178.5	5170.81
2655.87	-2709.25	6715.59
3036.49	-3267.66	7408.68
2091.88	1546.43	4836.36
2082.98	1389.83	4777.75
1954.16	2182.74	4471.21
2144.48	1593.88	4796.18
2899.03	-2358.98	6149.78
2107.58	2144.79	4460.15
2847.12	-1542.93	5739.34
2824.47	-1460.22	5565.65
2311.34	1729.9	4613.65
2773.5	-1042.76	5351.53
2060.4	2562.15	3914.82
2876.98	-3002.6	5010.49
2637.13	-216.009	4585.85
2841.97	485.982	4954.09
2675.44	-388.915	4531.5
3141.43	-3023.47	5237.23
2200.46	2414.8	3777.83
2748.27	-37.9974	4542.7
2685.81	227.782	4300.01
2571.99	665.171	3963.54
2817.26	-335.314	4245.42
2316.96	1171.66	3461.95
2874.74	-408.97	4141.25
2725.07	-982.068	3825.74
2716.56	-1430.57	3799.35
2341.98	1867.45	3340.59
2641.1	2619.06	3735.81
2655.96	742.776	3712.45
2710.01	-992.862	3720.38
2433.73	1568.43	3389.45
2872.74	-685.54	3890.91
2614.7	848.348	3451.5
2349.53	1931.21	3068.38
2390.49	1482.01	3091.89
2745.27	-1319.75	3457.03
2637.87	494.466	3334.87
2610.09	653.488	3166.58
2449.24	1595.73	2953.31
2431.57	1587.78	2927.17
2859.78	-1043.01	3350.32
3469.27	-495.25	4072.23
2674.26	531.847	3140.37
2566.98	688.801	3011.84
2699.69	596.139	3143.57
5479.28	-3844.4	6281.84
5479.28	-3844.4	6281.84
2665.97	1904.22	3099.06
3320.51	-773.069	3720.22
3117.01	-1485.61	3234.97
3380.53	-932.869	3421.16
3361.07	-1612.44	3385.85
-1892.33	1252.77	2051.19
-1904.31	1028.09	2088.63
-1849.56	-464.267	2082.56
-2216.96	378.654	2495.66
-2171.29	314.377	2485.56
-1884.38	892.819	2183.73
-1876.58	1344.63	2169.74
-1934.2	-856.843	2296.38
-2010.05	-1406.93	2399.62
-1905.25	-26.118	2267.6
-1913.72	193.113	2530.39
-2026.92	542.292	2693.94
-1900.12	-633.742	2675.82
-1900.12	-633.742	2675.82
-1899.62	-511.56	2674.15
-1899.62	-511.56	2674.15
-1868.73	826.338	2623.49
-1868.73	826.338	2623.49
-1922.96	411.243	2786.64
-1922.2	624.619	2890.07
-1918.96	1817.71	2884.45
-1918.96	1817.71	2884.45
-1903.84	-18.4932	2914.56
-1945.75	742.679	3176.83
-1930.19	-200.436	3211.16
-1919.58	190.645	3185.29
-1919.13	2035.78	3141.54
-1949.26	736.51	3315.02
-1924.2	-88.3613	3319.2
-1581.08	1050.36	2696.56
-1929.85	2022	3286.21
-1914.69	-386.076	3462.07
-1895.18	-869.967	3607.76
-1902.8	-883.1	3674.11
-1522.2	431.356	2991.5
-2566.32	-2830.19	5485.47
-2029.81	-825.338	4457.78
-2034.56	-770.71	4749.49
-1748.67	-1130.94	4115.83
-1910.76	-2132.63	4639.34
-1869.8	-629.036	5486.49
-1066.27	125.648	3229.67
-1150.05	1053.69	3572.04
-994.169	1968.4	3131.44
-1556.19	-1390.82	5458.4
-1721.22	-2675.57	6523.31
-777.937	464.861	2869.51
-846.161	1706.92	3164.8
-846.161	1706.92	3164.8
-1293.72	-576.396	5421.14
-877.453	2149.02	3515.27
-877.453	2149.02	3515.27
-856.922	1494.92	3492.45
-868.669	1679.74	3586.81
-1573.3	-3141.23	7094.16
-1610.14	-3377.34	7295.91
-1923.94	-4523.68	8794.48
-772.47	1640.13	3623.78
-707.195	578.208	4424.98
-1477.28	-5088.53	10222.8
-595.143	1641.28	4545.4
581.708	42.8596	4114.89
581.708	42.8596	4114.89
1984.98	-2679.86	8659.09
1984.98	-2679.86	8659.09
3039.52	-5970.05	11941.7
2856.62	-4787.44	10412.7
1173.64	1995.05	4379.48
1258.13	2056.33	4363.25
2807.04	-4512.79	8660.36
1295.5	1890.56	4112.12
1480	2050.79	4500.89
1803.29	1160.22	5204.16
2930.63	-1614.72	7611.71
2656.46	-2709.08	6715.04
2829.1	-2916.36	6980.85
2811.09	-2466.97	6582.32
2782.11	-2132.07	6290.02
2782.11	-2132.07	6290.02
2092.29	1546.61	4836.2
2137.22	1587.62	4777.77
2960.71	-3434.38	6088.59
2088.86	2125.94	4421.73
2693.34	-1006.62	5457.18
2649.84	-581.712	5240.2
2386.94	1615.11	4516.74
2673.02	1394.35	5033.31
2228.93	2087.07	4179.33
2644.26	-216.306	4597.86
2716.56	-246.827	4662.28
3107.9	-2990.44	5178.66
2220.86	2438.86	3813.61
2220.86	2438.86	3813.61
3141.46	-2657.28	5113.93
2718.24	185.425	4288.12
2706.72	-667.152	4207.21
2297.77	2257.64	3624.96
2715.91	-1256.23	4064.96
2466.43	1248.16	3685.63
2312.94	1918.4	3473.77
2770.33	366.767	4100.47
2729.42	-983.672	3832.31
2730.64	-1437.91	3818.9
2575.37	339.169	3596.86
2650.76	741.38	3705.92
2634.84	2612.8	3725.44
2406.98	1550.22	3348.65
3243.22	-239.195	4418.17
2934.22	-608.832	3968.32
2709.86	-1566.89	3628.98
2608.1	846.862	3443.68
2425.81	1505.72	3140.2
2596.27	649.505	3147.87
2660.91	529.62	3125.04
5669.21	-3979.83	6503.02
5669.21	-3979.83	6503.02
2691.28	593.787	3133.05
2580.46	691.047	2883.13
3278.43	-849.59	3596.39
3676.23	-666.131	3980.56
3676.23	-666.131	3980.56
3231.64	-1182.7	3367.94
3369.22	-1616.23	3393.42
3930.52	-854.439	3905.76
