-2188.65	271.05	2343.44
-1862.04	1233.01	2018.73
-1870.67	1010.76	2052.56
-1861.12	-465.074	2093.82
-2121.63	306.879	2430.04
-1873.31	886.563	2170.93
-2016.94	-1411.2	2409.77
-1890.42	-398.606	2250.21
-1883.12	-25.5901	2241.18
-1883.12	-25.5901	2241.18
-1882.48	817.506	2262.48
-1918.61	-649.37	2347.13
-1998.27	-1281.41	2508.16
-1870.4	1482.51	2438.63
-1904.05	191.308	2517.4
-1836.24	632.348	2498.01
-1916.82	297.546	2655.58
-1887.49	-878.11	2657.1
-1937.8	-1039.99	2740.65
-1907.23	-1141.88	2739.44
-1887.54	1608.89	2673.86
-1853.43	750.41	2659.96
-1886.2	-401.785	2777.22
-1929.87	-817.081	2981.18
-1904.48	-698.912	3067.59
-1926.01	734.058	3144.81
-1889.97	187.75	3137.26
-1911.11	-84.2219	3184.85
-1936.15	643.373	3255.66
-1886.9	1941.65	3140.23
-1895.75	2033.31	3181.5
-1874.08	-860.811	3571.51
-1932.06	-173.088	3739.2
-2192.14	-731.759	4461.76
-1451.35	455.803	2991.02
-2559.55	-2824.69	5473.14
-2018.15	-766.476	4715.35
-1735.16	-1121.75	4081.81
-1932.02	-2155.65	4687.67
-1762.73	-969.272	4278.57
-2117.79	-2849.79	5295.48
-1219.04	470.197	2961.91
-1830.65	-2416.12	5125.47
-1863.31	-627.912	5467.05
-1077.24	126.158	3262.66
-855.687	1636.58	3017.86
-774.932	462.922	2861.7
-838.605	1691.81	3135.48
-875.601	2146.91	3510.89
-875.601	2146.91	3510.89
-858.014	1659.74	3543.04
-1567.36	-3130.94	7064.22
-1655.27	-3468.68	7494.28
-1906.45	-4485.02	8718.67
-625.671	1681.12	3606.39
-703.974	574.274	4398.46
-1542.39	-5283.6	10627.3
-623.271	1451.3	4504.32
-604.776	1569.66	4629.09
673.96	84.2379	4888.66
673.96	84.2379	4888.66
2034.01	-4304.38	10212.2
1998.34	-2695.43	8711.73
2867.9	-3999.43	9747.11
2779.45	-4776.06	8773.26
2844.62	-4583.22	8784.72
1392.68	2063.57	4481.15
2870.49	-2466.36	8535.58
1933.27	583.876	5752.65
1933.27	583.876	5752.65
1676.18	1868.57	4650.66
1676.18	1868.57	4650.66
2859.2	-2947.29	7056.94
1921.84	1975.51	4771.16
2023.18	1521.82	4908.19
2841.93	-2494.93	6654.12
2102.7	2138.26	4446.86
2763.64	-1366.45	5672.67
2898.67	-1636.19	5782.37
2743.58	-908.14	5400.18
2470.54	1108.29	4722.24
2459.76	1665.76	4657.04
2112.37	2628.6	4015.28
2910.69	-3034.33	5063.67
2352.95	2032.87	4168.29
2690.47	-220.873	4678.64
2715.48	-394.344	4597.33
3156.59	-3040.04	5261.63
2262.62	2486.92	3881.11
2724.32	-311.919	4527.85
3210.96	-2703	5215.8
3374.53	-3298.56	5359.65
2308.53	2263.01	3625.13
2928.39	-208.69	4448.94
2782.97	-405.98	4196.52
2576.85	1305.43	3852.58
2748.84	-1447.54	3844.03
2638.96	931.688	3716.3
2462.39	1585.92	3440.82
2770.75	-1603.99	3714.18
2654.31	281.014	3591.74
2654.31	281.014	3591.74
2660.23	863.382	3511.9
2910.04	-820.124	3755.78
2910.04	-820.124	3755.78
2376.44	1953.56	3101.3
2384.92	1478.82	3077.27
2975.35	-783.904	3769.36
2425.63	1501	3110.14
2663.46	667.677	3232.21
2478.34	1613.99	2986
2896.12	-1056.87	3394.71
3549.93	-507.055	4168.17
2700.26	726.182	3174.34
2707.22	537.701	3178.02
5635.17	-3953	6462.16
3337.08	-848.082	3853.82
2727.64	600.64	3173.31
2868.54	2053.24	3337.89
3416.81	-675.732	3894.83
3314.67	-1578.75	3438.78
3333.06	-1598.17	3356.42
-2205.25	272.764	2359.99
-1853.07	1227.64	2010.24
-1869.73	-470.066	2104.78
-2128.75	307.435	2437.85
-1881.84	891.23	2180.16
-1960.52	-867.553	2325.61
-2020.51	-1413.67	2413.74
-1885.15	-25.7625	2243.65
-1885.15	-25.7625	2243.65
-1997.41	-1281.31	2507.62
-1895.56	-621.425	2367.83
-1897.32	-777.98	2388.97
-1837.03	632.628	2499.3
-1916.36	297.215	2655.12
-1916.36	297.215	2655.12
-1934.95	-1038.71	2736.68
-1838.96	813.218	2582.34
-1838.96	813.218	2582.34
-1882.93	485.411	2678.82
-1889.25	1610.27	2676.31
-1898.57	-511.527	2788.28
-1887.82	-402.235	2779.5
-1888.56	1707.59	2802.83
-1934.04	-819.581	2987.95
-1934.04	-819.581	2987.95
-1906.55	-191.843	3054.33
-1902.82	-698.561	3065.36
-1937.31	738.129	3162.88
-1936.55	643.558	3256.55
-1893.98	1949.32	3150.87
-1893.49	2031.06	3177.8
-1906.99	-185.326	3272.47
-2107.83	-904.833	4237.5
-1435.86	451.243	2961.28
-2582.49	-2847.65	5518.71
-2035.2	-771.744	4751.58
-1730.06	-1117.62	4070.4
-1953.23	-2178.4	4738.59
-1761.95	-968.294	4277.72
-2099.83	-2827.97	5256.19
-1209.26	467.302	2944.88
-1822.96	-2107.84	4674.14
-1722.73	-1547.34	5250.97
-1056.2	123.945	3203.72
-774.834	462.85	2862.36
-812.329	591.794	3028.73
-838.086	1690.86	3133.54
-838.086	1690.86	3133.54
-873.589	2131.19	3485.31
-873.589	2131.19	3485.31
-837.498	1468.85	3430.45
-857.389	1659.09	3542.31
-1571.65	-3138.38	7081.79
-1647.08	-3451.54	7456.15
-1930.94	-4539.79	8824.38
-701.391	1704.5	3536.03
-706.932	576.659	4416.08
-1536.15	-5263.31	10591.1
-597.98	1642.32	4548.33
672.249	84.3147	4878.93
672.249	84.3147	4878.93
2009.23	-3050.07	9057.89
2009.23	-3050.07	9057.89
1193.23	2029.63	4452.29
1193.23	2029.63	4452.29
1282.39	2095.23	4446.73
2795.06	-4802.43	8823.69
2865.77	-4630.36	8860.83
1394.57	2066.92	4488.56
1946.23	588.015	5792.49
1946.23	588.015	5792.49
2845.32	-2932.75	7021.03
2838.35	-3116.93	6926.32
1922.46	1976.21	4772.75
2024.98	1522.69	4912.12
2986.73	-3572.02	6424.74
2986.73	-3572.02	6424.74
2076.18	2110.27	4387.71
2790.77	-1271.41	5585.95
2735.44	-903.548	5381.86
2874.96	-1274.9	5535.19
2765.85	1371.41	5347.44
2449.38	1658.15	4636.17
2113.78	2631.16	4019.49
2342.92	2022.96	4152.14
2678.37	-219.502	4657.16
2712.85	-394.926	4594.47
2255.03	2477.59	3867.71
3200.13	-2693.32	5197.26
2765.28	-933.529	4498.02
3312.64	-3239.07	5262.02
2810.68	28.6238	4464.6
2326.85	2286.08	3668.97
2912.95	-207.076	4424.24
2548.5	1290.82	3809.96
2364.41	1962.16	3551.39
2768.32	-1458.15	3872.33
2660.69	941.294	3749.76
2640.26	348.575	3690.68
2438.33	1570.29	3403.62
2657.09	862.065	3507.32
2860.65	-883.162	3717.83
2860.65	-883.162	3717.83
2957.75	-692.271	3846.24
2759.32	-1466.79	3566.57
2379.53	1955.71	3104.45
2411.52	1496.46	3114.67
2685.89	503.642	3399.14
2488.81	1620.67	2998.81
3557.93	-508.026	4174.72
2708	538.601	3179.74
2683.44	720.571	3153.22
5595.17	-3924.95	6416.2
3347.42	-849.946	3865.05
2741.83	604.861	3191.59
2809.37	2008.3	3264.91
2700.24	601.572	2952.69
3509.24	-884.141	3683.19
3177.57	-1513.3	3297.33
3818.7	-695.763	3951.77
3435.59	-1649	3463.01
-2227.94	275.487	2383.15
-1863.51	1234.14	2020.61
-1880.11	1015.38	2061.31
-1892.44	-476.589	2129.87
-2156.12	310.731	2466.54
-1922.98	-851.988	2284.09
-2023.57	-1415.49	2416.68
-1887.39	-398.467	2247.08
-1884.4	-25.7119	2242.82
-1884.4	-25.7119	2242.82
-2002.17	-1284.35	2513.1
-1902.87	-779.29	2394.72
-1901.53	191.218	2514.18
-2010.16	537.157	2671.49
-1833	631.309	2494.12
-1916.16	297.497	2654.64
-1889.99	-880.954	2661.86
-1836.56	812.108	2579.34
-1909.68	-1143.2	2742.86
-1885.35	-401.479	2775.97
-1835.73	911.538	2701.44
-1891.03	1618.34	2779.47
-1891.03	1618.34	2779.47
-1935.28	-819.812	2989.66
-1907.54	-700.449	3072.82
-1914.96	636.837	3221.35
-1894.28	2031.82	3179.2
-1908.8	-185.833	3275.71
-1920.6	19.359	3321.64
-1899.06	2055.35	3272.3
-2114.63	-790.752	3940.05
-2027.76	-926.113	3838.52
-1521.4	447.295	2906.23
-1457.91	457.695	3002.04
-2649.47	-2919.96	5658.16
-1984.7	-756.943	4644.14
-1740.28	-1123.34	4091.62
-1900.11	-2122.61	4614.69
-1755.75	-964.909	4264.26
-2134.45	-2870.58	5334.82
-1247.85	480.031	3028.49
-1836.39	-2122.79	4707.28
-1493.65	2529.8	3788.53
-1062.19	124.898	3219.41
-987.705	1949	3098.87
-780.066	465.796	2879.23
-812.874	592.239	3030.66
-838.759	1692.31	3135.81
-1577.19	-1526.9	6298.77
-883.331	2155.95	3526.18
-883.331	2155.95	3526.18
-847.768	1484.67	3467.34
-1557.08	-3111.31	7022.79
-1652.61	-3462.2	7478.08
-1903.96	-4480.83	8710.11
-1605.35	-5008.96	8516.34
-688.074	1677.66	3479.98
-625.7	1681.32	3606.15
-703.37	574.492	4398.91
-606.476	1574.21	4638.88
664.927	84.111	4811.01
664.927	84.111	4811.01
2068.25	-5327.59	11177.5
1196.41	2034.52	4463.27
1196.41	2034.52	4463.27
2851.92	-3985.19	9698.87
2795.71	-4799.06	8821.11
2791.87	-4492.3	8613.65
1388.25	2056	4465.12
1936.08	582.441	5763.76
1936.08	582.441	5763.76
2869.64	-1747.28	7871.19
2869.64	-1747.28	7871.19
2860.14	-2949.48	7061.24
2841.79	-3120.36	6933.95
2025.81	1524.22	4914.95
2861.75	-2091.17	6371.83
3008.7	-3602.84	6481.33
2749.03	-1340.85	5798.43
2064.83	2097.62	4361.8
2149.88	2094.91	4378.45
2473.08	1109.58	4727.57
2455.37	1662.53	4648.18
2338.51	2011.7	4343.5
2748.55	-622.52	4811.99
2697.24	-221.404	4691.05
2753.11	-727.459	4700.51
3190.44	-3073.67	5319.55
2250.34	2473.17	3861.15
2250.34	2473.17	3861.15
2765.11	-37.643	4568.47
3227.63	-2717.29	5243.84
3353.88	-3276.39	5323.69
2814.83	29.0876	4472.17
2845.63	-369.802	4395.62
2745.33	-636.621	4125.58
2366.59	1963.29	3552.64
2455.98	1581.7	3430.83
2775.76	-1299.73	3778.14
2775.76	-1299.73	3778.14
2697.51	948.256	3677.68
2663.69	282.119	3605.16
2663.69	282.119	3605.16
2670.17	866.384	3525.01
2729.71	-1450.59	3527.69
2729.71	-1450.59	3527.69
2394.29	1968.18	3124.6
2399.73	1488.48	3097.17
2465.08	1604.67	2968.28
2718	540.168	3191.18
2659.8	713.327	3123.4
5723.65	-4015.98	6565.68
5723.65	-4015.98	6565.68
3339.04	-847.503	3854.46
2725.57	600.41	3170.98
2826.87	2023.27	3288.09
3452.21	-597.714	3939.95
3446.72	-681.716	3929.31
2639.22	708.213	2948.45
3386.67	-1179.25	3579.84
3318.55	-1590.88	3341.15
-1859.82	1231.78	2016.33
-1861.42	1006.08	2041.44
-1864.67	-468.464	2099.27
-2162.6	368.952	2434.98
-2138.56	308.565	2447.94
-1872.73	886.754	2170.29
-1964.22	-869.544	2330.1
-2017.25	-1411.41	2409.73
-1884.81	-25.8688	2243.18
-1884.81	-25.8688	2243.18
-1996.79	-1280.89	2506.8
-1893.92	-721.515	2408.89
-1869.54	1481.76	2437.55
-1901.53	191.135	2514.26
-1904.65	-621.466	2551.86
-2020.41	539.705	2684.68
-1836.53	632.482	2498.25
-1916.42	297.442	2654.94
-1926.67	-1034.38	2725.48
-1838.38	813.11	2581.57
-1886.24	1607.61	2672.31
-1891.06	-509.566	2777.32
-1891.06	-509.566	2777.32
-1923.91	-815.086	2972.81
-1906.97	-699.795	3071.52
-1928.84	735.352	3149.52
-1894.19	188.62	3143.3
-1922.98	639.416	3234.6
-1894.97	2032.62	3180.22
-1921.54	-187.026	3296.62
-1907.73	1998.92	3247.81
-2028.78	-926.74	3842.19
-1908.64	-171.802	3696.67
-2098.42	-899.065	4211.02
-1441.81	452.598	2969.8
-2596.93	-2861.06	5544.57
-1982.48	-754.276	4637.08
-1721.13	-1111.98	4049.31
-1764.28	-970.177	4282.85
-2162.11	-2905.39	5398.69
-1191.02	460.524	2901.77
-1841.9	-2128.55	4718.79
-1490.56	2524.5	3780.86
-1807.45	-2409.15	5217.32
-1858.5	-626.198	5453.37
-1075.07	126.21	3256.34
-776.77	463.749	2868.01
-813.944	592.912	3034.16
-837.911	1690.45	3132.98
-837.911	1690.45	3132.98
-874.377	2138.24	3496.8
-874.377	2138.24	3496.8
-825.542	1449.16	3384.64
-1558.29	-3112.22	7025.2
-1650.42	-3457.17	7467.36
-693.243	1687.29	3499.91
-1569.03	-4928.82	9890.04
-1624.58	-5138.53	10315.1
-626.07	1681.66	3608.01
-703.955	574.64	4400.85
-623.004	1449.38	4503.44
668.177	82.6907	4846.8
668.177	82.6907	4846.8
2015.89	-3057.95	9087.95
2015.89	-3057.95	9087.95
1195.96	2033.47	4460.99
1195.96	2033.47	4460.99
2799.12	-3900.69	9505.79
1283.8	2098.29	4451.81
2794.54	-4803.7	8822.63
2760.67	-4442.46	8515.25
1400.03	2075.07	4506.3
1945.57	586.756	5791.87
1945.57	586.756	5791.87
2810.47	-3892.67	8083.88
2980.49	-1644.65	7742.01
2036.86	1127.48	5240.34
2851.89	-2939.8	7038.04
2847.59	-2630.43	6809.31
2837.08	-2176.44	6415.37
2167.18	1611.08	4843.19
2102.83	2139.28	4449.84
2892.62	-1283.46	5570.77
2470.45	1107.86	4721.9
2451.73	1660.39	4641.68
2106.78	2622.74	4006.13
2210.42	2069.12	4137.72
2898.83	-3018.23	5038.93
2691.66	-221.386	4681.28
2713.19	-393.434	4591.64
3157.73	-3041.3	5263.7
2275.36	2501.41	3904.23
3203.31	-2695.99	5202.96
2763.31	-931.846	4493.75
3316.75	-3239.25	5263.71
2796.7	29.1507	4443.08
2767.45	-1126.33	4273.15
2338.61	2298.58	3688.61
2842.6	-369.052	4390.81
2916.52	-207.484	4429.62
2550.05	1291.63	3812.33
2386.15	1980.35	3583.96
2768.4	-997.908	3887.34
2764.03	-1455.48	3865.73
2671.48	942.987	3762.95
2643.28	348.158	3693.89
2643.28	348.158	3693.89
2438.64	1570.09	3405.43
2682.74	859.42	3641.59
2728.34	-1449.84	3525.19
2372.38	1949.84	3095
2424.01	1504.12	3130.76
2494.53	1624.84	3005.74
2701.94	536.559	3171.51
2696.19	724.323	3168.44
5653.75	-3966.6	6483.57
3312.94	-841.202	3824.47
2744.66	605.269	3194.77
2824.37	2020.57	3283.84
3661.67	-634.812	4183.78
2642.96	709.183	2952.87
3638.39	-659.023	3935.23
3356.28	-984.892	3539.77
3123.86	-1485.67	3237.54
3415.91	-1638.38	3440.36
-1871.25	1238.67	2028.08
-1879.44	1015.59	2060.38
-2220.41	378.705	2498.34
-2150.93	310.87	2461.77
-1874.85	888.113	2172.4
-1944.02	-860.024	2306.78
-2017.41	-1411.99	2408.56
-1900.26	-399.454	2259.95
-1894.27	-25.5473	2254.02
-2058.64	308.972	2463.58
-1996.83	-1281.27	2507.14
-1918.99	-785.657	2414.28
-1869.54	1390.27	2299.35
-1858.95	961.994	2374.81
-1858.95	961.994	2374.81
-1931.26	318.196	2512.17
-1874.75	1485.6	2444.33
-1888.52	-438.098	2533.98
-1830.22	630.213	2490.12
-1830.22	630.213	2490.12
-1868.1	-220.488	2608.01
-1934.2	-1038.68	2736.41
-1951.43	-1051.26	2931.94
-1922.39	-814.363	2970.2
-1961.97	-951.472	3056.67
-1879.86	-106.35	2921.76
-1917.65	-564.641	3071.44
-1931.26	735.944	3152.81
-1896.49	1933.49	3071.53
-1927.2	588.019	3176.95
-1911.05	-184.758	3278.53
-1890.99	2028.19	3173.7
-1544.52	1026.54	2637.93
-2121.51	-793.464	3953.28
-1453.64	456.388	2995.38
-1486.26	139.936	3204.92
-2010.13	-762.77	4695.51
-1929.48	-2154	4684.56
-1652.32	-1215.57	4664.27
-1791.54	-2350.8	5534.45
-4044.11	472.159	12283
-1573.74	-1405.02	5511.2
-811.879	591.214	3026.46
-811.879	591.214	3026.46
-838.333	1690.94	3134.87
-910.505	2225.97	3640.1
-1549.33	-3096.77	6996.06
-1905.94	-4485.52	8718.78
-939.36	2576.39	3831.39
-1734.39	-3981.77	8429.27
-770.351	1633.92	3607.26
-625.973	1681.18	3607.15
-709.661	578.634	4434.19
-1529.11	-5260.43	10578.8
-594.875	1635.7	4531.75
-601.121	1563.11	4606
642.746	79.5092	4600.22
2995.47	-4177.67	10181.4
1282.25	2095.7	4446.46
2795.21	-4796.26	8819.15
2828.18	-4540.76	8723.18
1390.3	2062.02	4477.04
2752.48	-3812.04	7914.99
1953.62	585.875	5820.66
1953.62	585.875	5820.66
1457.69	2027.47	4443
1807.16	1161.34	5215.59
2802.78	-1703.48	7675.36
2727.93	-2153.26	7289.47
1937.27	1200.74	5252.82
2953.63	-1629.71	7665.72
1825.55	1875.26	4839.82
1825.55	1875.26	4839.82
2846.62	-2933.28	7022.4
2844.17	-2497.79	6659.38
3112.35	-3573.43	7148.09
2969.66	-3553.37	6390.19
2706.85	-881.243	5603.58
2877.63	-1622.53	5736.64
2869.27	-1482.47	5653.98
2697.84	-896.324	5311.15
2479.02	1354.55	4900.22
2473.45	1109.96	4728.81
2113.54	2630.89	4019.26
2261.6	2118.89	4240.98
2705.17	-223.156	4706.59
2269.9	1957.11	4019.22
2253.46	2477.38	3865.4
3190.32	-2690.07	5187.3
2728.44	-918.32	4433.23
2717.83	230.056	4349.5
2743.29	-2049.71	4201.53
2737.85	-1112.46	4224.13
2328.92	2288.44	3672.72
2728.88	199.707	4168.74
2742.74	-634.073	4119.05
2711.97	428.193	4030.37
2717.62	-1283.19	3977.28
2344.81	1185.75	3504.23
2425.2	2013.16	3642.26
2682.44	573.768	3963.76
2691.94	753.13	3761.54
2478.34	1596.84	3459.41
2722.4	957.032	3713.72
2732.36	-1669.52	3553.13
2732.36	-1669.52	3553.13
2400.21	1973.91	3133.11
3404	-731.551	4120.01
2667.03	668.288	3236.38
2500.4	1628.79	3013.83
2731.18	543.432	3208.27
2671.32	717.753	3138.2
5633.69	-3954.03	6461.91
2783.29	1989.03	3236.29
3258.31	-998.574	3624.06
5517.57	-3345.56	6079.18
3891.71	-517.534	4305.74
2707.91	603.248	2961.31
3268.59	-1197.13	3406.68
3812.09	-878.305	3953.05
3382.11	-1622.53	3407.14
