-1906.18	1261.96	2067.11
-1909.81	1031.74	2094.07
-2228.66	380.212	2508.8
-2196.28	316.775	2513.25
-1910.07	904.395	2213.32
-1881.85	1349.01	2176.83
-2036.6	-1425.6	2434.37
-1902.37	-401.721	2264.83
-1909.18	-26.2964	2272.61
-1909.18	-26.2964	2272.61
-1880.66	817.437	2261.21
-2012.24	-1291.26	2525.23
-1898.49	-426.42	2388.58
-1941.09	319.542	2527.28
-1931.1	193.899	2553.73
-2051	548.023	2725.54
-1962.75	-1248	2693.17
-1912.62	1527.67	2588.97
-1912.62	1527.67	2588.97
-1909.03	-635.332	2687.27
-1909.03	-635.332	2687.27
-1897.73	769.497	2724.28
-1966.4	-1059.19	2953.25
-1973.3	-956.55	3074.31
-1921.18	-705.244	3094.78
-1953.64	649.966	3285.35
-1958.31	740.354	3330.84
-1606.2	1066.1	2738.77
-1933.54	2149.48	3279.98
-1942.56	2333.14	3428.52
-1921.95	-288.731	3605.75
-1545.33	454.039	2952.18
-1924.81	-172.243	3727.69
-2144.55	-918.753	4303.45
-2216.92	-742.135	4512.08
-1482.75	465.639	3054.83
-2552.87	-2818.86	5461.18
-2552.87	-2818.86	5461.18
-2040.26	-773.921	4766.04
-1950.74	-2176.59	4732.37
-2148.07	-2891.37	5373.27
-1849.05	-2137.92	4741.18
-1430.77	2592.86	3865.71
-1668.79	-1227.79	4709.39
-1874.55	-629.685	5501.68
-1731.66	-1556.14	5279.05
-790.983	472.254	2917.72
-884.322	1709.6	3649.75
-1636.88	-3432.59	7417.68
-1899.74	-4470.64	8691.27
-1708.55	-3919.82	8302.34
-637.116	1710.99	3671.42
-1502.24	-5167.53	10403.8
-626.696	1462.51	4533.75
-601.679	1654.86	4583.59
409.812	-2084.17	7590.06
462.146	-2882.97	6719.23
489.419	-2970.48	6635.96
585.113	19.2933	4362.24
2918.69	-5718.14	11430.7
1204.27	2034.87	4458.25
2952.48	-4118.89	10038.2
2925.44	-4690.81	9021.32
1394.1	2058.29	4462.64
2684.35	-2178.52	8279.42
2875.96	-2468.28	8548.99
1965.73	593.004	5852.51
1965.73	593.004	5852.51
1951.23	1207.82	5291.51
1951.23	1207.82	5291.51
2875.79	-2775.06	6952.43
1852.34	1905.84	4586.97
2938.3	-2986.78	7024.65
2786.67	-1826.25	6558.98
3004.58	-3738.04	6522.22
2127.38	2164	4495.64
2254.56	1231.69	4692.84
2355.31	1567.14	4872.13
3163.73	-2238.83	6338.73
2465.05	1671.46	4668.04
2107.36	2620.86	4004.59
2301.88	2158.11	4313.37
2941.87	-3064.57	5115.58
2760.13	-392.404	4846.86
2797.43	-874.75	4861.74
2706.63	-221.773	4706.16
2806.05	-822.879	4768.85
2250.7	2472.33	3859.34
2838.39	-78.195	4546.75
2788.13	-1043.45	4416.07
2753.3	-808.622	4344.92
2807.52	96.8084	4337.53
2383.37	1980.01	3574.4
2809.31	371.762	4158.16
2816.13	-1329.45	4123.15
2711.21	950.117	3964.79
2410.31	1925.15	3435.44
2776.76	-1462.48	3883.19
2729.11	676.187	3846.21
2740.41	2717.72	3873.64
2719.74	760.41	3801.84
2489.7	1606.99	3461.17
3359.4	-429.619	4449.3
2358.8	1938.05	3076.97
2845.08	-1368.42	3584.15
2605.04	712.521	3131.39
2550.19	1662.13	3071.47
2724.2	541.349	3198.37
2759.33	607.003	3210.25
5759.84	-4043.62	6604.7
5759.84	-4043.62	6604.7
3421.38	-676.648	3899.37
3391.45	-789.749	3799.59
2636.09	707.371	2943.72
3148.7	-1143.97	3459.34
3315.19	-859.849	3634.26
3271.22	-1562.06	3397.63
-1890.91	1252.05	2050.82
-1902.22	1027.35	2087.29
-2245.67	382.435	2527.18
-2178.79	314.363	2494.11
-1931.99	914.313	2237.7
-1890.14	1354.11	2185.48
-2037.69	-1426.19	2435.05
-1897.93	-532.318	2264.73
-1917.14	-26.6531	2281.86
-1917.14	-26.6531	2281.86
-1922.05	834.319	2309.44
-1907.39	1417.93	2346.27
-2009.13	-1289.23	2521.33
-1928.55	193.318	2550.34
-1928.55	193.318	2550.34
-2063.64	551.375	2742.07
-1927.29	-629.571	2582.63
-1862.99	736.367	2492.74
-1967.82	-1251.07	2699.95
-1913.37	-515.036	2693.53
-1936.1	-1040.16	2739.57
-1871.14	827.925	2627.18
-1910.17	-407.667	2812.63
-1929.71	1792.86	2818.37
-1945.96	625.844	3064.32
-1926.04	-707.404	3102.96
-1942.22	2025.21	3113.97
-1969.4	750.611	3215.22
-1936.83	192.237	3213.89
-1581.95	1049.87	2701.25
-1933.22	20.1042	3344.15
-1934.92	2358.91	3533.96
-1932.6	-289.629	3624.26
-2129.08	-774.323	4278.83
-1495.74	469.665	3079.52
-2592.44	-2862.87	5542.6
-2015.02	-1035.59	4346.44
-2029.51	-825.848	4461.81
-2017.44	-767.839	4718.47
-1964.77	-2189.94	4762.51
-1778.36	-976.134	4321.21
-1221.74	471.242	2968.8
-2103.39	-2830.61	5261.56
-1809.27	-2093.4	4642.26
-1885.31	-632.658	5531
-845.493	1296.54	2578.84
-825.955	600.967	3077.49
-825.955	600.967	3077.49
-843.62	2083.56	3407.53
-838.542	1709.17	3585.54
-838.542	1709.17	3585.54
-1584.77	-3164.47	7144.22
-1672.97	-3503.8	7570.5
-1841.14	-4871.61	8964.82
-806.167	2213.8	3758.4
-719.429	586.566	4489.59
-1451.44	-5002.61	10061.4
-603.987	1662.65	4604.77
449.685	-2803.6	6647.76
475.386	-2899.51	6572.42
578	19.1616	4284.48
578	19.1616	4284.48
2837.19	-5532.5	11063.4
1209.42	2047.63	4483.54
2735.05	-3806.42	9269.97
1394.33	2056.66	4460.7
3134.27	-3209.83	9397.45
2999.67	-2581.96	8924.33
1954.23	589.38	5815.65
1954.23	589.38	5815.65
2748.17	-3796.42	7892.11
2991.63	-1649.62	7765.89
2870.32	-2771.96	6940.62
2150.87	1439.01	4923.13
2150.87	1439.01	4923.13
1955.52	2180.8	4460.43
2988.39	-3716.55	6485.76
2928.56	-2419.81	6358.42
2126.91	2163.41	4494.85
3004.83	-3473.09	6162.42
3156.95	-2237.39	6332.79
2925.6	-1512.92	5768.33
2126.72	2646.48	4043.35
2520.47	1811.87	4644.19
2356.23	1859.17	4317.9
2705.37	-221.111	4705.42
2765.55	-249.629	4745.58
2806.25	-822.724	4769.2
2789.07	-979.19	4729.68
2809.37	-38.5232	4641.96
3241.21	-2731.41	5267.62
2345.24	2306.23	3693.19
2386.83	2345.13	3748.99
2804.58	96.0478	4332.86
2787.88	-1290.34	4172.9
2765.16	-682.152	4098.61
2836.18	374.82	4198.81
2406.38	1920.82	3427.84
2788.28	-1469.15	3900.27
2783.37	-863.809	3872.03
2711.93	758.516	3790.28
2488.41	1606.58	3458.51
2629.59	279.248	3558.03
2862.86	-784.102	3843.68
2457.97	1528.31	3172.94
2857.1	-1375.08	3599.98
2598.85	802.251	3258.68
2494.87	1625.02	3001.33
2731.79	542.191	3207.26
5816.83	-4082.87	6673.73
5816.83	-4082.87	6673.73
2836.02	2029.21	3299
3483.02	-689.66	3971.26
2792.55	257.315	3175.04
3385.84	-967.565	3800.68
3400.39	-792.019	3810.12
2634.33	705.483	2942.75
2634.33	705.483	2942.75
3350.73	-868.871	3675.19
3187.04	-1517.43	3302.76
3366.79	-1615.64	3390.52
-2228.83	276.218	2386.13
-1906.98	1262.13	2067.09
-1890.97	1022.4	2075.31
-1872.97	-472.457	2110.29
-2239.98	381.675	2520.6
-1912.66	906.05	2216.47
-1892.88	-531.066	2259.13
-1908.11	-26.3613	2271.56
-1908.11	-26.3613	2271.56
-2016.65	-1293.98	2530.62
-2109.21	422.272	2643.56
-1920.57	-884.742	2498.38
-1926.99	193.362	2548.24
-1898.46	-328.868	2525.44
-2077.12	554.501	2758.79
-1969.07	-1251.69	2701.62
-1916.28	-515.432	2696.95
-1871.57	826.914	2628.68
-1871.57	826.914	2628.68
-1902.36	770.408	2729.45
-1989.28	-1071.5	2985.22
-1929.04	1745.59	2862.03
-1929.04	1745.59	2862.03
-1968.29	-954.969	3066.37
-1919.61	34.8463	3005.5
-1919.04	-704.54	3091.8
-1960.86	747.354	3201.68
-1936.49	192.122	3213.51
-1961.33	741.165	3336.46
-1937.47	2154.19	3286.25
-1581.85	1050.83	2700.19
-1940.31	2330.97	3424.64
-1923.02	-288.531	3607.39
-1541.7	453.789	2945.59
-2109.07	-905.766	4239.27
-2130.89	-775.071	4282.76
-2563.26	-2829.61	5481.51
-2563.26	-2829.61	5481.51
-2026.16	-767.944	4733.76
-1788.69	-1155.75	4206.88
-1906.62	-2129.56	4628.77
-1779.5	-976.196	4325.66
-2122.18	-2857.14	5309.19
-1859.26	-2148.76	4765.87
-1433.85	2597.67	3872.01
-1876.08	-630.074	5505.68
-1076.34	126.348	3263.82
-1134.44	1008.42	3618.42
-868.76	1662.54	3065.2
-790.817	472.087	2916.58
-821.047	597.949	3061.83
-863.732	1318.65	3457.39
-921.403	2237.64	3660.86
-873.679	1512.33	3532.78
-872.944	2102.99	3591.4
-1639.68	-3437.76	7427.6
-1906.65	-4485.97	8718.56
-1732.15	-3971.57	8413.48
-779.777	1657.43	3661.56
-694.582	1844.57	3583.48
-717.28	585.933	4484.05
-1437.93	-4963.46	9978.98
454.259	-2742.96	6601.19
470.876	-2827.95	6489.25
620.63	-1982.31	7362.8
587.974	22.148	4396.56
587.974	22.148	4396.56
2043.73	-5256.41	11033.8
2043.73	-5256.41	11033.8
1201.87	2031.63	4449.58
1290.29	2098.11	4442.98
2947.93	-4747.67	9108.48
3109.85	-3185.59	9322.46
2874.26	-2470.78	8546.15
1956.92	588.17	5826.69
1956.92	588.17	5826.69
1860.78	1198.65	5369.24
1652.68	1537.12	4502.45
1963.84	1216.29	5325.91
2884.46	-3123.63	7277.65
2884.46	-3123.63	7277.65
1943.28	1577.55	4968.55
1863.46	1917.54	4615.63
2980.65	-3706.64	6468.37
3009.27	-3485.58	6179.86
2131.37	2167.63	4502.44
2833.18	-1290.69	5670.96
2833.18	-1290.69	5670.96
2758.22	1369.31	5335.58
2114.07	2629.28	4019.04
2349.33	2020.97	4357.81
2494.09	1791.19	4591.77
2742.35	-492.313	4920.81
2760.36	-390.419	4844.68
2799.01	-875.533	4864.86
2688.75	-220.396	4674.79
2272.94	2497.39	3897.7
3246.13	-2736.04	5275.52
2758.66	-810.047	4353.7
2346.06	2307.19	3695.28
2803.31	97.1064	4330.91
2428.08	1938.2	3460.84
2789.26	-1470.4	3902.23
2733.57	764.536	3821.33
2499.75	1613.46	3476.34
2443.61	1866.02	3301.75
2418.74	1989.15	3159.51
3350.77	-365.089	4307.82
2839.33	-1015.01	3584.48
2839.33	-1015.01	3584.48
2797.51	-1344.95	3521.88
2721.48	208.826	3404.84
2721.48	208.826	3404.84
2570.93	794.99	3223.15
2731.51	114.349	3402.1
2698.13	674.861	3273.46
2502.74	1630.5	3013.03
2744.32	545.238	3222.69
5742.33	-4030.37	6583.74
5742.33	-4030.37	6583.74
2739.31	1955.91	3184.09
2714.75	551.956	3088.69
3428.19	-798.512	3841.68
2645.71	709.252	2954.96
3947.96	-525.602	4371.05
2630.35	1814.41	2944.35
3305.32	-1112.17	3569.73
3382.19	-993.062	3566.95
3111.19	-1481.53	3224.98
-1904.83	1260.46	2064.74
-1915.45	1035.52	2100.94
-2086.96	210.094	2370.79
-1914.61	906.281	2218.79
-1878.34	1346.24	2172.64
-2033.61	-1422.77	2430.18
-1911.36	-26.4146	2275.08
-1911.36	-26.4146	2275.08
-2010.34	-1290.05	2523.11
-1902.32	-426.948	2392.47
-1880.03	-717.147	2393.48
-1919.78	-885.868	2498.35
-1929.39	193.467	2551.4
-1900.54	-328.494	2526.99
-2064.04	551.557	2742.34
-1974.68	-1255.13	2708.72
-1916.5	1530.75	2593.6
-1916.5	1530.75	2593.6
-1867.74	825.854	2623.33
-1895.53	768.441	2721.15
-1936.54	413.994	2806.12
-1882.25	933.698	2769.68
-1981.39	-1067.85	2975.11
-1980.46	-959.815	3085.38
-1926.44	35.0525	3015.82
-1924.57	-706.703	3100.43
-1926.74	191.196	3197.74
-1938.42	-85.5156	3230.2
-1966.63	653.633	3306.53
-1939.44	2180.96	3367.76
-1938.86	2329.59	3422.4
-1812.35	860.505	3314.12
-2131.89	-775.519	4284.15
-2166.08	-847.512	4455.56
-1478.02	463.716	3043.64
-2570.88	-2835.47	5495.67
-2570.88	-2835.47	5495.67
-2013.91	-765.641	4709.5
-1764.66	-968.911	4291.03
-1209.36	467.882	2948.85
-2148.41	-2890.68	5371.85
-1869.38	-2159.95	4789.3
-1947.62	-2478.87	5092.81
-1879.78	-631.27	5515.43
-844.362	1294.89	2575.61
-1620.25	-1444.08	5662.9
-849.116	449.276	2931.84
-845.142	1789.56	3268.85
-891.242	1543.25	3604.39
-953.074	2615.94	3889.83
-871.066	1685.76	3598.39
-1573.69	-3142.55	7096.68
-1654.98	-3468.87	7496.32
-1928.47	-4533.56	8810.76
-1428.11	-1028.74	7113.21
-692.208	1837.18	3569.85
-715.574	584.717	4473.48
-1484.42	-5122.21	10300.7
-601.815	1656.06	4585.54
458.246	-2643.64	6455.89
475.999	-2750	6395.42
591.739	25.3439	4412.31
2051.27	-5281.45	11079.3
2051.27	-5281.45	11079.3
2028.3	-2736.08	8844.78
2020.41	-2213.85	8381.36
2767.38	-4743.79	8722.62
1401.75	2070.89	4489.86
1981.47	594.774	5904.12
1981.47	594.774	5904.12
1949.77	1204.71	5288.84
1936.01	1571.73	4948.24
2867.39	-2769.17	6933.94
2904.76	-2937.63	6932.18
2046.37	1548.04	4957.45
1983.18	2212.25	4527
3106.99	-3337.91	6585.49
2151.09	2189.58	4547.75
3131.73	-2214.57	6272.45
2836.42	-1292.83	5678.7
2375.39	1705.98	4776.64
2780.59	-1046.8	5358.47
2107.32	2620.4	4004.14
2341.54	1846.14	4289.01
3022.75	-3153.59	5263.54
2810.46	-878.828	4885.54
2700.09	-221.187	4694.22
2252.17	2474.47	3861.09
3222.34	-2716.23	5236.5
2775.64	-414.638	4470.91
3326.51	-3263.81	5294.49
2843.89	-78.47	4555.95
2636.92	683.24	4063.87
2371	1201.2	3543.71
2380.98	1977.99	3570.12
2715.83	951.778	3971.46
2755.11	2732.28	3895.35
2781.1	-863.498	3868.79
2742.19	766.921	3834.4
3362.43	-248.959	4580.25
2643.93	280.43	3577.49
2784.79	-1196.16	3680.49
3319.41	-423.002	4390.76
2816.52	-1723.02	3665.58
2434.5	2003.11	3181.1
2654.59	1657.86	3450.33
2778.11	-1334.11	3495.48
2697.06	674.584	3272.1
2544.61	1658.43	3063.92
2736.18	542.897	3212.1
2676.79	448.673	3131.98
3417.49	-869.163	3947.91
5728.64	-4021.58	6568.52
5728.64	-4021.58	6568.52
2841.5	2033.05	3306.62
3435.11	-678.872	3913.97
3356.45	-959.411	3768.21
3930.9	-374.802	4334.95
2718.09	605.275	2972.85
3518.58	-1690.73	3548.63
-2234.53	276.068	2390.64
-1898.2	1256.95	2057.66
-1899.86	1216.24	2079.6
-1887.26	1021.06	2071.31
-1933.26	-485.128	2174.16
-1912.88	-135.949	2151.92
-2195.88	317.478	2514.22
-1895.59	897.654	2197.05
-2244.8	537.729	2643.2
-1918.8	-404.296	2282.49
-2031.73	-1422.01	2427.31
-1918.87	-26.2058	2283.5
-1941.9	-637.21	2422.86
-1981.76	-1272.49	2488.82
-1926.25	-789.898	2424.86
-2104.19	421.71	2638.36
-1929.2	193.161	2551.56
-1915.58	1529.63	2592.89
-1915.58	1529.63	2592.89
-1909.9	-513.908	2688.2
-1867.98	825.963	2623.77
-1917.14	-1148.95	2754.43
-1900.96	769.274	2726.71
-1877.58	931.7	2763.15
-1981.32	-1067.32	2974.13
-1924.46	-19.2849	2946.92
-1977.99	-958.766	3081.94
-1956.18	629.606	3079.34
-1926.99	-193.827	3087.5
-1926.35	-707.855	3103.64
-1926.34	190.735	3198.01
-1932.15	-85.1081	3220.83
-1922.87	-594.137	3220.68
-1970.32	653.78	3314.36
-1583.09	1050.73	2703.27
-1930.39	-490.568	3349.04
-1858.6	1870.99	3231.73
-1703.1	1950.95	3197.6
-1501.16	471.311	3090.34
-2546.04	-2809.14	5444.2
-2546.04	-2809.14	5444.2
-2024.07	-769.244	4731.45
-1754.12	-1134.97	4132.15
-1199.13	463.36	2919.71
-2124.95	-2858.84	5312.13
-1858.08	-2147.37	4762.52
-1777.74	-2082.06	4784.68
-1429.46	2590.23	3860.94
-1866.92	-2837.1	5511.59
-1879.89	-631.789	5517.32
-844.415	1295.52	2576.12
-844.415	1295.52	2576.12
-1170.44	1071.98	3626.45
-1132.6	1007.12	3613.25
-1571.67	-1403.24	5508.7
-788.986	471.144	2910.52
-896.961	2195.43	3591.26
-846.532	1722.16	3612.17
-1585.67	-3166.09	7145.66
-1649.12	-3455.9	7464.7
-808.593	2207.28	3757
-782.885	1660.77	3667.26
-1816.81	-4809.53	8853.89
-1630.32	-5164.31	10379.7
-717.451	586.597	4488.7
-630.611	1470.12	4557.04
-611.931	1591.02	4687.24
536.852	-1455.98	7585.92
469.617	-2589.01	6451.68
483.115	-2672.97	6340.52
572.928	29.384	4144.77
572.928	29.384	4144.77
2020.09	-2723.42	8805.22
1213.38	2051.87	4494.97
2891.18	-4034.81	9831.63
1399.74	2068.94	4486.05
3045.91	-4916.89	9423.9
3103.94	-3179.91	9304.1
1971.06	594.917	5868.81
1971.06	594.917	5868.81
2836.09	-3927.71	8156.65
1720.82	1611.9	4730.3
1954.36	1209.32	5299.2
2983.65	-1645.97	7746.05
2066.51	1145.44	5318.31
1940.95	1575.29	4960.36
2892.38	-3177.04	7058.17
2662.54	-2272.81	6322.43
2145.14	1595.04	4952.64
2172.32	2210.84	4593.2
3018.33	-3489.77	6192.59
2919.55	-1580.59	5884.54
2730.48	-600.859	5400.18
2927.7	-1514.52	5772.58
2773.02	1375.32	5359.96
2118.1	2636.15	4027.17
2490.34	1788.39	4584.8
2323.4	2006	4109.77
2944	-3067.2	5118.33
2928.05	501.089	5103.64
2702.69	-221.411	4699.52
2257.25	2476.47	3877.48
2766.28	-587.281	4579.91
2787.6	-38.2896	4605.26
3226.65	-2716.8	5241.08
2777.89	-695.62	4505.44
2832.34	-78.3587	4536.95
3338.32	-3263.52	5298.75
2340.36	2302.69	3688.13
2776.32	-643.658	4171.31
2359.74	1195.6	3528.33
2777.51	-1313.93	4067.36
2405.8	1921.37	3427.98
2405.8	1921.37	3427.98
2800.52	-1009.56	3932.12
2736.47	677.975	3856.98
2734.78	765.138	3822.77
2659.75	282.613	3600.83
2803.2	-1714.62	3647.06
2399.75	1972.53	3134.07
2840.6	-1364.84	3576.6
2570.07	800.678	3225.24
2729.38	113.496	3398.97
3338.95	-716.824	4036.54
2685.63	670.982	3256.87
2514.17	1637.46	3025.4
2840.41	-1036.14	3325.66
2716.3	539.947	3189.13
2751.93	605.712	3202.18
2804.66	2005.27	3262.19
5740.22	-4029.63	6582.89
5740.22	-4029.63	6582.89
2678.1	719.897	2991.23
2432.96	1673.88	2719.26
3896.67	-372.112	4295.25
3325.61	-1119.09	3592.4
3165.64	-1509.69	3284
3395.44	-1629.89	3420.71
