-2207.31	273.782	2363.55
-1880.48	1244.89	2039.17
-1882.42	1019.09	2064.19
-1893.79	1212.79	2072.91
-2229.2	379.797	2508.24
-1914.37	-525.559	2187
-1880.84	890.326	2179.19
-2018.49	-1412.27	2409.69
-1884.97	-527.877	2247.93
-1903.21	-25.6357	2264.74
-1903.21	-25.6357	2264.74
-1995.04	-1279.12	2502.91
-1869.45	-420.697	2352.3
-1914.29	192.484	2531.3
-1914.29	192.484	2531.3
-1889.88	-326.561	2512.93
-1906.93	-622.645	2555.08
-2045.59	546.292	2717.03
-1950.36	-1240.93	2674.83
-1878.1	646.038	2552.25
-1914.54	-1145.98	2750.32
-1915.96	1633.95	2714.32
-1870.34	929.284	2750.76
-1913.79	1732.54	2839.45
-1919.53	1818.66	2883.55
-1914.43	592.56	2923.34
-1921.25	191.563	3187.42
-1914.84	-591.451	3206.58
-1924.39	-85.3214	3206.95
-1926.25	2069.22	3230.05
-1942.81	734.109	3305.06
-1923.56	19.3973	3327.69
-1914.3	-385.506	3460.91
-1996.8	-916.164	3785.23
-1477.88	464.086	3043.33
-2541.71	-2791.59	5427.44
-1987.13	-757.107	4651.87
-1916.9	-2142.25	4657.58
-1781.27	-977.134	4328.34
-2092.99	-2819.56	5237.5
-1839.01	-2126.94	4716.96
-1697.29	-1254.82	4785.66
-1134.58	1007.52	3615.13
-981.454	1943.11	3091.71
-779.84	466.414	2878.71
-779.84	466.414	2878.71
-817.495	594.374	3047.22
-850.44	1714.42	3179.43
-850.44	1714.42	3179.43
-1614.84	-1569.95	6456.35
-1298.24	-579.549	5439.01
-888.95	2168.66	3545.45
-888.95	2168.66	3545.45
-884.133	1533.52	3578.84
-861.305	1669	3562.24
-1649.88	-3456.49	7463.74
-1687.82	-3878.59	8204.7
-711.766	1727.52	3582.4
-1741.64	-5079.37	10267.3
-1483.01	-5108.93	10270.5
-572.275	259.421	4141.82
-599.455	1648.11	4574.02
663.649	63.3202	4754.66
663.649	63.3202	4754.66
2902.09	-5662.5	11331.4
2950.21	-4950.24	10768.7
1202.81	2029.26	4443.66
1202.81	2029.26	4443.66
2777.99	-3865.19	9428.98
1292.57	2099.97	4448.04
2965.53	-4794.22	9167.64
2857.42	-2456.24	8489.19
1951.93	584.696	5814.41
1951.93	584.696	5814.41
2812.57	-2223.69	7525.27
1938.54	1198.87	5257.51
1938.54	1198.87	5257.51
2024.04	1537.78	4902.41
2973.81	-3555.16	6380.78
2957.97	-2407.82	6274.01
3023.71	-3495.1	6202.17
2937.27	-2419.82	6031.76
2137.96	2178.43	4520.64
2818.35	-1284.79	5640.34
2818.35	-1284.79	5640.34
2724.8	1426.67	5127.9
2470.54	1775.84	4548.69
2308.4	1819.32	4223.7
2348.05	1999.14	4207.62
2740.54	-384.746	4807.59
2787.72	-871.908	4844.59
2687.43	-219.347	4672.93
3019.14	515.951	5254.95
3255.28	-2746.62	5289.43
3255.28	-2746.62	5289.43
2264.73	2184.71	3793.1
2780.45	189.567	4386.49
2624.04	681.562	4044.8
2355.26	2317.17	3586.45
2545.33	1288.73	3807.98
2797.29	-1008.78	3927.83
2777.69	-1462.94	3885.48
3270.23	-214.427	4603.12
2485.68	1623.13	3523.18
2655.3	350.867	3711.93
2723.75	761.208	3808.24
2898.38	-693.086	3925.79
2961.68	-614.614	4001.06
2392.89	2134.5	3268.19
2794.85	-1199.81	3693.91
2671.23	867.682	3527.3
2415.19	1503.87	3116.59
2788.4	-1337.79	3508.27
2604.18	712.02	3130.05
2520.16	1642.98	3033.32
2649.84	711.096	3109.72
5802.68	-4071.35	6655.76
2806.55	2007.52	3265.55
3516.54	-608.41	4011.03
2764.95	252.473	3145.34
2729.01	554.335	3106.58
3895.87	-371.167	4292.11
3303.18	-856.123	3619.49
3271.77	-1099.63	3531.22
3312.42	-1211.92	3450.84
3225.76	-1531.76	3339.01
-2208.87	273.668	2364.91
-1882.84	1246	2041.73
-1859.59	1004.11	2038.47
-1894.35	1213.19	2073.32
-2215	377.391	2492.77
-1904.98	-523.594	2176.11
-1888.68	894.325	2187.06
-2020.32	-1413.53	2412.1
-1902.33	-402.428	2264.55
-1897.76	-26.3139	2259.1
-1897.76	-26.3139	2259.1
-1881.52	816.901	2261.01
-1986.65	-1274.15	2493.39
-1896.95	-776.884	2386.92
-1873.71	-421.007	2357.06
-1915.19	192.514	2532.86
-1915.19	192.514	2532.86
-1902.86	-621.254	2549.8
-2055.8	548.624	2730.05
-1944.44	-1236.54	2667.54
-1881.15	646.464	2555.87
-1909.23	-1142.71	2742.81
-1917.23	1634.98	2716.01
-1854.01	921.107	2726.86
-1917.26	1735.69	2844.47
-1921.63	1820.44	2886.94
-1914.85	190.204	3177.17
-1925.23	-85.7885	3208.58
-1944.6	794.808	3255.53
-1944.6	794.808	3255.53
-1927.09	2069.93	3231.35
-1921.08	-386.921	3472.84
-1916.34	-288.356	3595.84
-2005.4	-921.103	3802.23
-1894.5	1950.81	3557.43
-2122.03	-772.162	4264.2
-1467.69	461.26	3023.81
-2520.67	-2770.26	5383.33
-1931.98	-2157.01	4691.65
-1767.96	-969.765	4297.26
-2127.23	-2863.18	5316.47
-1854.21	-2143.95	4752.79
-1704.91	-1259.34	4806.43
-1879.67	-632.839	5512.63
-1723.69	-1551.31	5258.73
-777.732	465.348	2873.77
-817.754	594.752	3048.12
-848.803	1711.43	3174.2
-848.803	1711.43	3174.2
-1173.2	-1289.62	5121.67
-1641.61	-3441.46	7434.61
-1811.44	-4792.99	8835.4
-1680.78	-3863.94	8173.57
-774.293	1645.32	3630.97
-707.337	1718.04	3562.49
-712.822	581.612	4458.59
-1507.13	-5177.21	10410.2
-576.995	256.292	4162.37
-599.151	1644.8	4563.5
671.556	65.7319	4803.64
671.556	65.7319	4803.64
2902.39	-6488.96	12076.2
2875.82	-5610.32	11230.1
1206.72	2036.97	4459.83
1206.72	2036.97	4459.83
2862.04	-2460.58	8503.15
3000.46	-2811.52	8763.44
1940.4	586.241	5777.18
2772.48	-3836.05	7971.54
1937.71	1199.97	5254.67
1937.71	1199.97	5254.67
2843.92	-3079.72	7168.66
2843.92	-3079.72	7168.66
1918.94	1558.78	4903.59
1938.76	1993.09	4793.6
2030.07	1540.57	4916.18
3051.68	-3644.52	6780.38
3020.32	-3758.33	6555.58
2095.36	2131.74	4425.83
2811.52	-1281.89	5627.39
2811.52	-1281.89	5627.39
2702.16	-593.41	5344.09
2094.44	2602.15	3982.18
2339.8	1845.13	4282.27
2359.44	2013.26	4229.26
2684.79	-218.468	4667.89
3018.48	516.228	5253.9
2786.84	-817.511	4735.23
2318.97	2025.98	3954.71
3236.65	-2730.57	5258.9
3236.65	-2730.57	5258.9
2756.44	-411.731	4440.08
2624.12	681.372	4044.87
2807.93	-1224.17	4210.33
2605.61	1321.3	3901.83
2844.02	376.751	4210.84
2786.65	-1467.99	3898.17
3303.17	-216.719	4650.86
2505.67	1634.71	3550.52
2708.27	757.496	3785.74
2945.63	-611.231	3980.19
2650.07	860.407	3497.09
2846.31	-878.39	3697.93
3533.39	-202.102	4509.72
2406.19	1498.73	3105.35
2821.03	-1355.15	3550.65
2595.09	759.725	3195.75
2512.26	1637.98	3024.04
5817.53	-4082.7	6673.39
2746.38	606.277	3195.69
2865.67	2050.87	3336.26
3506.76	-606.915	3999.34
2771.06	252.372	3153.42
2635.37	706.977	2943.61
3350.73	-1127.13	3619.24
3961.44	-634.452	4245.3
3506.52	-1224.23	3710.67
3323.77	-1217.73	3465.5
3477.92	-1668.87	3505.21
-1885.25	1247.29	2043.91
-2267.96	385.701	2550.42
-2159.45	310.709	2471.29
-1898.12	898.194	2198.74
-2014.68	-1409.87	2405.82
-1900.82	-400.368	2261.4
-1900.84	-25.8122	2262.54
-1900.84	-25.8122	2262.54
-1882.45	817.003	2263.21
-1985.92	-1273.86	2492.41
-1865.51	-711.336	2374.62
-1865.51	-711.336	2374.62
-1956.34	322.048	2544.16
-1890.12	-326.607	2513.56
-2046.83	546.472	2718.56
-1950.52	-1240.54	2676.13
-1880.21	646.648	2555.06
-1912.93	-1144.7	2747.91
-1914.02	1632.41	2711.44
-1927.09	412.107	2792.19
-1912.68	1731.72	2838
-1931.41	622.148	3040.71
-1945.95	594.314	3208.1
-1915.27	190.48	3177.43
-1904.06	-588.313	3189.78
-1928.98	2071.51	3234.52
-1933.6	2217.57	3338.53
-1918.58	-287.845	3598.37
-1984.53	-911.541	3764.81
-1920.85	-171.421	3718.2
-2120.9	-771.64	4262.63
-1473.98	463.254	3035.94
-2525.26	-2775.13	5392.68
-2007.32	-763.675	4697.61
-1909.98	-2131.42	4638.57
-2130.07	-2867.91	5327.29
-1671.31	-1040.03	4212.57
-1864.49	-2154.61	4776.8
-1814.21	-1727.94	4816.5
-1878.66	-632.705	5509.54
-979.739	1940.04	3086.13
-869.946	1663.08	3066.52
-777.286	464.524	2870.38
-777.286	464.524	2870.38
-818.539	595.225	3050.97
-849.819	1713.61	3177.58
-1304.05	-582.112	5461.5
-882.302	1530.84	3573.06
-900.4	2201.05	3598.74
-900.4	2201.05	3598.74
-1644.12	-3446.7	7446.99
-1830.24	-4842.38	8929.13
-1685.84	-3873.9	8196.84
-782.346	1659.78	3663.49
-714.404	1734.15	3595.99
-713.287	581.616	4456.83
-1464.8	-5050.53	10151.2
-605.339	1575.01	4642.71
668.994	61.0588	4797.25
668.994	61.0588	4797.25
2012.76	-4246.5	10097.6
2862.27	-5577.32	11163.7
1205.48	2034.69	4454.82
1205.48	2034.69	4454.82
2887.57	-4030.42	9821.46
1300.56	2106.64	4479.17
2791.52	-4788.51	8807.51
2835.91	-2437.21	8426.16
3020.25	-2837.48	8828.35
1944.65	586.57	5790.7
1814.47	1163.61	5237.59
2884.04	-2871.98	6906.52
3047.42	-3639.36	6770.03
2829.04	-2065.25	6285.93
2103.76	1408.72	4804.01
2103.76	1408.72	4804.01
2945.25	-3522.03	6326.7
2959.98	-2409.42	6278.21
2918.77	-1582.65	5885.28
2222.12	2032.31	4399.78
2096.78	2606.46	3986.03
2292.4	2133.29	4243.23
2292.4	2133.29	4243.23
2352.45	1856.49	4307.25
2736.52	-384.633	4800.51
2775.95	-867.679	4824.19
2680.37	-218.385	4660.3
3010.31	515.261	5239.34
3247.68	-2740.97	5277.65
3247.68	-2740.97	5277.65
3367.64	2052.45	5584.33
2825.1	-77.1168	4525.77
2785.07	190.26	4393.73
2797.53	-690.168	4350.76
2625.69	682.047	4047.41
2335.16	2279.44	3562.99
2335.16	2279.44	3562.99
2843.38	376.035	4210.35
2780.44	-1465.37	3889.61
2501.91	1632.09	3540.96
2722.18	761.074	3805.06
2468.34	1783.77	3420.73
2958.93	-614.434	4000.64
2669.37	866.954	3523.22
2813.92	-867.969	3654.96
2882.89	-812.684	3717.72
2411.6	1501.95	3113.26
2791.69	-1340.11	3511.92
3431.84	-738.143	4155.89
2582.8	706.113	3105.11
2582.8	706.113	3105.11
2522.13	1644.27	3035.92
2728.21	543.269	3204.58
5839.98	-4099	6700.22
3452.82	-682.912	3936.61
2771.05	252.704	3152.86
3326.62	-862.895	3647.16
3373.63	-990.708	3557.21
3410.54	-1630.1	3547.85
3285.03	-1202.05	3422.36
-1882.88	1245.86	2041.24
-1910.88	1032.39	2094.58
-2209.93	376.314	2487.01
-2158.96	310.628	2471.06
-1892.96	897.454	2192.78
-2014.06	-1409.44	2405.05
-1905.7	-400.414	2266.43
-1895.95	-26.2107	2256.67
-1895.95	-26.2107	2256.67
-1995.84	-1279.96	2504.4
-1869.9	-420.236	2352.4
-1864.61	-710.95	2373.17
-1947.42	321.054	2532.97
-1917.68	192.768	2535.8
-2048.1	546.675	2720.28
-1950.12	-1240.47	2674.84
-1898.06	-628.81	2669.54
-1860.89	823.362	2611.65
-1910.65	-1143.91	2744.69
-1914.83	1632.98	2712.76
-1884.43	764.712	2705.86
-1915.04	1733.77	2841.21
-1937.91	539.742	3031.25
-1913.09	-294.794	3052.93
-1923.37	192.175	3189.64
-1937.7	792.496	3244.56
-1579.63	1050.97	2694.3
-1932.12	2093.91	3324.27
-1910.83	-385.929	3456.24
-1931.24	2353.29	3525.8
-1999.67	-918.154	3792.82
-1875.87	1932.43	3525.51
-1918.64	-171.664	3713.71
-2154.94	-923.516	4322.96
-1469.37	461.722	3026.4
-2496.29	-2743.88	5333.31
-1785.87	-980.57	4339.35
-2111.01	-2843.87	5282.12
-1850.23	-2138.54	4738.64
-1750.54	-2339.16	5195.91
-1871.47	-629.7	5489.39
-854.732	1241.83	2504.64
-777.896	465.222	2872.44
-777.896	465.222	2872.44
-819.373	595.828	3054.13
-849.75	1713.29	3177.35
-1551.37	-1506	6217.07
-882.757	2163.51	3537.75
-882.757	2163.51	3537.75
-1168.99	-1286.17	5105.41
-1647.69	-3452.7	7457.72
-1824.78	-4822.4	8891.92
-1680.35	-3864.45	8175.35
-779.801	1655.3	3653.97
-708.877	1722.59	3572.11
-708.268	579.045	4436.12
-1473.62	-5084.08	10223
-600.521	1647.69	4573.47
-604.136	1572	4634.63
659.386	64.4281	4726.12
659.386	64.4281	4726.12
2806.94	-6272.39	11673
1205.9	2035.02	4455.82
1205.9	2035.02	4455.82
2862.1	-3993.21	9735.33
1291.79	2097.19	4442.91
2900.42	-4676.19	8959.45
3093.7	-3168.94	9273.44
2827.42	-2427.28	8396.74
1935.37	587.618	5760.37
2789.59	-3854.14	8015.77
1818.41	1169.92	5249.03
1952.08	1206.17	5295.32
2024.88	1537.98	4904.34
3046.26	-3637.91	6768.27
2929.58	-2380.65	6436.61
2959.05	-2408.95	6275.76
3007.28	-3476.21	6166.81
2828	-1289.65	5661.06
2828	-1289.65	5661.06
2734.26	1431.17	5145.35
2111.38	2624.7	4015.5
2763.4	-703.508	5009.06
2465.28	1771.25	4538.52
2283.55	2123.69	4221.13
2326.27	1835.13	4257.8
2363.01	2022.38	4238.12
2786.41	-871.042	4842.91
2691.27	-219.829	4680.19
3020.53	516.523	5257.7
2724.04	-122.88	4525.68
3233.11	-2727.45	5252.77
3233.11	-2727.45	5252.77
2759.89	-810.443	4356.31
2778.36	189.561	4382.88
2631.45	683.488	4056.52
2331.43	2276.08	3571.29
2537.4	1284.68	3795.47
2716.32	335.439	3914.34
2478.12	1616.91	3505.5
2709.71	757.659	3788.33
2447.61	1786.59	3404.49
2883.47	-689.403	3904.92
2415.63	2156.07	3301.09
2649.44	859.808	3495.72
2779.98	-1478.2	3592.8
2408.38	1499.76	3108.81
2837.74	-1366.03	3574.52
2863.79	-1023.07	3616.56
2863.79	-1023.07	3616.56
2590.13	758.55	3189.24
2696.48	675.227	3272.87
2526.3	1646.07	3040.45
2734.4	543.965	3211.35
5699.75	-4000.47	6534.47
3486.16	-603.137	3974.77
2772.32	252.64	3154.24
3871.76	-368.958	4263.86
3347.35	-868.258	3668.02
3279.52	-1102.94	3541.03
3249.92	-1188.5	3384.58
3181.17	-1511.25	3292.72
-2232.32	276.493	2388.59
-1891.03	1250.81	2049.4
-1866.86	1009.45	2046.35
-2184.62	372.424	2459.71
-1899.03	899.492	2199.86
-2016.27	-1410.76	2407.56
-1897.86	-399.833	2258.1
-1898.88	-25.4606	2259.74
-1898.88	-25.4606	2259.74
-1995.34	-1279.46	2503.9
-1899.13	1412.58	2335.44
-1865.43	-711.175	2374.04
-1865.43	-711.175	2374.04
-1912.9	192.53	2529.87
-1889.9	-326.407	2512.72
-2040.93	544.835	2710.67
-1954.96	-1243.51	2681.35
-1878.81	645.818	2552.87
-1912.81	-1145.25	2747.61
-1912.59	1631.31	2709.64
-1927.42	412.64	2792.6
-1849.57	916.889	2722.17
-1936.38	-819.423	2990.4
-1937.17	591.402	3193.84
-1916.41	190.46	3179.63
-1921.82	2102.96	3190.09
-1925.19	2067.67	3228.61
-1951.12	738.183	3318.7
-1906.97	-186.766	3275.03
-1912.4	-287.477	3588.21
-1995.1	-915.769	3784.87
-1866.71	1923.05	3508.32
-2124.17	-772.86	4268.85
-2153.71	-842.428	4431.54
-1467.55	461.316	3022.08
-2533.53	-2783.09	5410.69
-1776.47	-975.585	4316.86
-2098.17	-2824.57	5246.78
-1866.56	-2156.89	4782.38
-1687.86	-1246.85	4758.89
-1767.14	-2360.76	5241.34
-1877.08	-632.011	5505.43
-1686.58	-1461	5471.24
-774.971	463.323	2863.91
-774.971	463.323	2863.91
-817.229	594.559	3046.7
-849.407	1712.67	3176.28
-849.407	1712.67	3176.28
-876.376	1521.96	3552.16
-882.186	2159.93	3531.26
-882.186	2159.93	3531.26
-1636.88	-3430.66	7409.05
-1687.18	-3878.37	8204.71
-779.855	1655.81	3655.15
-710.262	1726.93	3581.23
-1699.2	-4955.06	10015.7
-1631.52	-5158.75	10345.6
-711.347	581.422	4453.45
-577.483	254.623	4160.24
-599.862	1649.84	4575.88
673.613	65.1923	4828.12
673.613	65.1923	4828.12
1612.18	-3185.99	7908.8
2922.46	-6529.14	12155
2877.66	-5603.8	11224.8
1199.61	2023.39	4430.85
1199.61	2023.39	4430.85
2803.36	-3902.51	9516.5
1294.6	2103.26	4454.37
2832.24	-2436.52	8414.36
3034.55	-2853.81	8873.14
1936.74	585.294	5765.55
1828.13	1172.63	5279.56
1958.18	1209.83	5312.31
1803.24	1799.98	4679.16
2885.83	-2924.31	6889.62
3046.84	-3638.54	6769.6
2109.32	1412.37	4816.32
2109.32	1412.37	4816.32
3005.98	-3473.94	6163.55
3134.04	-2222.84	6290.15
2837.02	-1293.48	5678.92
2837.02	-1293.48	5678.92
2782.44	-934.463	5287.65
2196.75	2187.08	4287.57
2336.6	1843.13	4277.09
2381.35	2042.65	4269.31
2786.34	-871.521	4842.54
2684.7	-219.048	4668.61
3015.18	515.659	5248.02
2752.4	-251.402	4724.4
3221.11	-2716.47	5232.65
3221.11	-2716.47	5232.65
2256.9	2183.05	3790.25
3372.25	2054.19	5591.22
2807.61	28.5446	4459.69
2381.39	1900.46	3842.61
2749	-499.767	4312.04
2622.33	681.21	4042.19
2372.3	2322.48	3640.38
2819.61	372.983	4173.17
2805.11	-1011.78	3939.1
2785.65	-1467.73	3897.14
2468.88	1609.96	3489.87
2705.48	756.987	3781.85
3327.75	-245.482	4532.26
2877.84	-688.126	3897.45
2642.56	857.821	3486.56
2821.73	-870.454	3666.19
2837.67	-1363.84	3572.44
2676.45	669.471	3246.86
2520.09	1643.33	3033.4
5727.88	-4019.71	6567.87
2739.02	604.485	3186.4
3383.45	-668.79	3856.87
2768.37	252.212	3149.7
2627.86	705.713	2933.9
3820.96	-508.522	4227.26
3342.45	-866.792	3664.79
3288.55	-1105.82	3550.44
3330.74	-1219.34	3471.85
3389.13	-1616.74	3520.11
