-2323.79	287.349	2486.24
-1985.77	1313.57	2152.06
-1994.5	1075.73	2186.49
-1996.54	-142.139	2246.45
-2313.18	394.67	2602.84
-1988.91	1423.22	2296.7
-1937.65	920.055	2247.7
-2115.97	-1482.06	2526.01
-1982.92	-27.745	2361.28
-1958.17	850.192	2352.99
-1994.64	-672.661	2440.34
-2077.37	-1220.82	2738.72
-1984.56	-457.42	2663.03
-2048.07	-1070.94	2781.64
-2013.29	314.074	2789.12
-2013.29	314.074	2789.12
-1976.82	1655.47	2709.54
-2001.48	-929.984	2816.24
-1970.25	1724.74	2754.03
-2003.85	516.053	2849.46
-2003.85	516.053	2849.46
-1979.37	-531.906	2906.18
-1956.86	-108.221	3043.04
-1992.41	-200.025	3192.53
-1981.24	6.60508	3196.2
-2034.32	-861.078	3317.73
-2016.66	672.177	3392.14
-2010.3	761.045	3420.07
-1563	1234.63	2650.59
-1995.36	-507.339	3463.32
-1977.3	2198.97	3354.31
-1916.84	1737.38	3298.21
-1977.16	2304.45	3489.97
-1963.13	-906.397	3756.81
-1562.06	445.5	3070.33
-2196.7	-859.24	4519.6
-1507.7	474.923	3108.49
-1648.89	-1020.07	5377.37
-1696.09	-1235.02	5768.89
-1060.42	2139.09	3567.93
-839.283	610.533	3128.98
-839.283	610.533	3128.98
-864.731	1743.38	3234.27
-864.731	1743.38	3234.27
-1551.39	-3170.82	6606.81
-878.375	2161.85	3534.27
-1783.55	-4726.39	8711.4
-1713.38	-3933.73	8333.26
-1433.95	-1029.12	7133.58
-1548.81	-4832.33	8193.64
-717.751	1744.57	3618.26
-695.808	1472.7	3540.18
-695.808	1472.7	3540.18
-643.246	1728.16	3706.8
571.958	74.3372	3785.36
571.958	74.3372	3785.36
2022.7	-5220.36	10937.4
2022.7	-5220.36	10937.4
1958.18	-2637.16	8535.55
2803.92	-5485.84	10961.8
1200.51	2018.33	4413.82
1200.51	2018.33	4413.82
1291.57	2093.19	4428.16
2709.39	-4639.44	8540.88
1913.17	776.563	5520.01
1913.17	776.563	5520.01
2660.65	-3142.38	7184.72
2884.42	-1589.71	7487.44
2011.05	1114.14	5178.08
2744.41	-2770.38	6862.41
2736.18	-1485.25	6770.46
1998.88	1524.68	4835.22
2093.3	1564.39	4825.18
2939.39	-3514.66	6524.12
1913.1	2133.55	4359.53
2859.37	-3417.8	6136.77
2862.38	-2329.8	6069.86
2677.65	-1302.94	5648.03
3095.03	-2196.44	6213.35
2428.19	1086.51	4636.5
2375.6	1612.79	4500.94
2072.54	2578.59	3939.59
2636.93	-540.342	4857.69
2757.85	-888.84	4979.01
2728.36	862.631	4842.79
2612.11	-212.286	4543.15
2681.93	1734.31	4723.25
2198.28	2414.04	3771.48
2485.81	613.526	4059.67
2284.79	2075.83	3747.26
2644.33	226.34	4231.14
2695.95	-1009.36	4271.65
2567.17	665.428	3956.29
2731.12	-398.382	4118.31
2687.28	-621.722	4037
2451.8	1244.85	3673.1
2316.28	1927.47	3469.2
2667.95	-868.392	3832.51
2667.95	-868.392	3832.51
2708.13	-1370.78	3836.7
2584.63	341.875	3613.12
2669.47	-1468.14	3679.61
2639.92	738.277	3691.35
2637.06	2613.73	3733.29
2516.52	814.644	3465.21
2379.47	1819.67	3211.24
2635.81	203.749	3454.92
2635.81	203.749	3454.92
2341.29	1925.88	3056.94
2619.88	519.53	3074.45
2625.14	439.48	3070.41
3240.45	-823.582	3743.35
2669.22	1910.54	3105.7
3343.04	-577.355	3812.98
3354.14	-662.527	3823.55
2568.97	689.488	2868.76
2568.97	689.488	2868.76
3377.97	-850.549	3548.87
3180.3	-1164.49	3314.68
3203.31	-1290.98	3241.3
-2324.51	288.011	2487.75
-1965.8	1300.61	2130.88
-1999.91	1079.9	2191.82
-1997.41	-141.892	2246.88
-2267.65	327.364	2595.05
-2133.14	-1322.79	2509.73
-2133.14	-1322.79	2509.73
-1977.56	934.473	2289.98
-1956.08	1401.7	2261.71
-2109.79	-1478.29	2519.11
-2007.68	-423.173	2388.73
-1983.77	-28.0762	2362.44
-1967.43	854.056	2364.52
-1993.92	-672.633	2439.51
-2086.18	-1225.93	2750.16
-2147.38	574.506	2853.21
-2049.63	-1069.51	2782.62
-2006.73	312.647	2780.54
-1974.98	1653.89	2707.15
-2013.11	-935.606	2832.14
-1971.99	1725.92	2756.45
-2003.57	428.409	2903.41
-1982.57	-530.667	2909.72
-2012.75	-24.5107	2974.24
-2025.57	656.656	3041.83
-1976.59	6.49811	3188.94
-2021.02	-855.258	3295.75
-2011.01	669.457	3382.4
-2005.14	759.564	3411.17
-1558.2	1231.1	2643.16
-1977.01	2199.14	3353.58
-1997.37	-617.021	3539.54
-1912.64	1926.59	3328.62
-1982.82	2311.3	3499.74
-1585.64	466.846	3029.59
-1997.25	-177.617	3864.57
-2195.87	-860.429	4515.09
-1516.99	476.934	3125.71
-1776.86	-1149.25	4185.92
-1983.47	-2214.47	4816.56
-1248.2	482.352	3037.88
-1913.68	-644.818	5618.86
-1238.59	1136.54	3820.56
-1657.97	-1025.56	5407.54
-1066.79	2151.21	3586.23
-801.84	480.204	2959.45
-838.89	609.943	3127.5
-865.677	1745.16	3237.34
-865.677	1745.16	3237.34
-1607.9	-1561.67	6427.17
-904.116	2218.26	3627.45
-1591.4	-3180.55	7182.24
-1654.33	-3468.6	7491.11
-1914.99	-4505.35	8758.34
-1861.53	-4927.89	9077.86
-1438.35	-1030.12	7151.72
-1585.66	-4940.72	8365.96
-714.954	1740.22	3608.62
-695.656	1472.32	3539.13
-695.656	1472.32	3539.13
-1639.27	-5196.06	10433.6
-643.9	1729.79	3709.54
573.803	74.2695	3799.62
573.803	74.2695	3799.62
1997.36	-4221.43	10031.3
1981.02	-3003.88	8926.97
1981.02	-3003.88	8926.97
1956.96	-2635.22	8530.58
1200.53	2018.71	4414.41
1200.53	2018.71	4414.41
2725.51	-4672.78	8596.33
2710.83	-4341.09	8350.7
1928.73	580.574	5744.84
1928.73	580.574	5744.84
2694.42	-3716.67	7736.87
2696.84	-3189.63	7288.81
2684.33	-2020.76	7122.39
2895.93	-1596.13	7520.92
1900.82	1546.09	4852.39
1998.86	1524.66	4834.81
2093.71	1564.5	4825.95
1905.17	2122.8	4335.71
2863.49	-2330.62	6072.47
2663.7	-1296.37	5618.02
2866.02	-2216.07	5995.99
2841.32	-1467.36	5600.14
2670.45	-880.497	5255.59
2418.96	1081.86	4617.63
2380.61	1616.82	4511.07
2623.2	-537.935	4831.98
2731	864.135	4847.95
2645.1	1709.14	4657.09
2823.45	470.337	4921.09
3137.63	-3011.82	5224.82
3137.63	-3011.82	5224.82
2197.48	2412.68	3770.43
2197.48	2412.68	3770.43
2287.96	2078.66	3752.84
2661.34	227.524	4259.19
2705.01	184.664	4267.99
2641.17	-1953.78	4034.96
2641.17	-1953.78	4034.96
2567.75	665.486	3957.13
2783.93	-196.695	4224.27
2460.21	1248.52	3685.23
2347.54	1953.96	3518.1
2673.8	-1352.73	3786.98
2701.27	-1421.96	3778.16
2607.17	345.454	3645.83
2643.85	739.217	3697.14
2632.45	2610.75	3727.58
2698.47	-1262.28	3672.09
2698.47	-1262.28	3672.09
2354.53	2171.21	3248.16
2383.55	1823.51	3218.62
2608.85	847.398	3444.64
3461.74	-303.629	4298.88
3194.19	-635.226	3923.62
3469.47	-495.275	4076.92
2628.55	521.78	3085.31
3200.55	-812.394	3695.61
2738.83	1961	3187.55
2632.37	533.311	2996.49
2559.71	687.198	2858.09
2559.71	687.198	2858.09
3394.76	-854.581	3566.64
3147.67	-1151.09	3276.79
3563.46	-646.42	3679.7
3563.46	-646.42	3679.7
3202.05	-1291.71	3241.04
-1970.95	1304	2136.35
-1999.19	1079.47	2190.37
-1996.41	-142.046	2246.28
-2345.5	400.644	2639.14
-2273.2	328.192	2600.99
-2109.36	-1310.61	2483.72
-1971.6	1411.81	2278.15
-2114.38	-1481.41	2524.24
-2333.77	558.982	2742.88
-1992.98	-419.673	2372.05
-1986.91	-27.8271	2365.79
-1977.81	859.388	2375.17
-1995.56	-673.281	2441.39
-2088.5	-1227.16	2753.09
-2088.5	-1227.16	2753.09
-2006.72	200.832	2654.11
-2006.72	200.832	2654.11
-2008.99	-932.078	2825.59
-1984.56	-532.947	2793.25
-1970.76	1725.7	2754.3
-2012.2	517.737	2860.54
-2000.1	-24.8352	2955.94
-1996.82	1970.01	3063.37
-2011.61	648.058	3167.03
-1982.02	6.81392	3196.66
-2027.24	-857.248	3306.31
-1987.87	197.043	3299.38
-1997.58	-617.517	3346.16
-1970.41	2155.58	3271.87
-2016.02	765.013	3428.76
-1557.42	1230.04	2642.04
-1987.46	21.9506	3438.23
-1980.1	2202.42	3358.95
-1917.44	1737.39	3299.26
-2178.24	-813.311	4056.96
-1545.42	485.493	3181.97
-1833.14	-1183.88	4310.67
-1994.67	-2226.51	4843.37
-1256.93	485.2	3059.13
-1900.51	-2198.21	4876.36
-1694.48	-1248.99	4781.67
-883.133	1281.73	2588.7
-1644.6	-1017.75	5365.39
-1155.23	1026.74	3685.38
-1037.29	2047.89	3257.28
-1688.92	-1229.36	5746.5
-861.295	455.79	2976.54
-838.588	609.735	3126.35
-1631.9	-1588.76	6506.25
-898.776	2202.83	3602.81
-893.609	1726.27	3685.51
-1805.28	-4778.35	8806.25
-1699.64	-3903.37	8270.49
-1578.78	-4924.44	8340.7
-716.705	1741.91	3612.88
-696.227	1473.4	3542.11
-643.187	1728.39	3706.61
-716.769	586.77	4488.54
-631.793	1473.56	4572.86
571.91	75.3373	3784.23
571.91	75.3373	3784.23
1981.3	-5096.3	10698.4
1981.3	-5096.3	10698.4
1975.28	-2997.41	8902.15
1960.48	-2644.06	8548.82
2826.36	-5529.49	11052.4
1204.34	2025.98	4429.62
1204.34	2025.98	4429.62
2910.72	-4062.45	9897.89
2779.3	-4775.35	8774.13
2901.1	-2722.23	8476.9
1910	576.178	5686.04
1910	576.178	5686.04
2652.78	-2704.79	6707.32
1885.54	1534.47	4811.01
2000.88	1527.46	4840.03
2095.34	1566.29	4830.31
2857.98	-2324.28	6058.57
2666.37	-1296.65	5622.68
2872.22	-2221.1	6008.89
2228.95	1333.54	4732.1
2079.14	2115.41	4386.87
2327.4	1673.38	4681.29
2380.64	1617.48	4511.95
2079.23	2585.93	3953.35
2619.72	-535.996	4824.62
2730.39	863.425	4846.68
2625.09	-214.338	4566.46
2664.18	-701.998	4547.43
3095.99	-2968.29	5149.61
3095.99	-2968.29	5149.61
2200.55	2415.65	3776.38
2410.97	593.284	3931.21
2276.62	2068.48	3733.44
2695.89	184.18	4253.54
2664.39	-1082.29	4110.89
2626.67	-1941.98	4011.57
2626.67	-1941.98	4011.57
2678.03	-1140.46	4085.44
2678.03	-1140.46	4085.44
2570.38	666.503	3961.52
2720.33	-396.699	4101.34
2505.61	1272.3	3753.65
2324.23	1934.63	3483.76
2688.2	-1359.7	3806.95
2623.33	2600.01	3713.57
2509.3	812.809	3456.4
2672.66	-1544.91	3579.23
2581.93	837.833	3407.27
2629.02	202.27	3444.34
2629.02	202.27	3444.34
2328.13	1914.83	3039.41
2644.29	204.293	3308.95
2431.5	1585.01	2923.81
3169.26	-780.799	3739.99
2612.77	517.962	3065.67
2622.26	438.949	3067.67
3223.41	-818.26	3721.45
2666.29	1909.34	3103.26
3375.28	-667.153	3846.49
2847.98	-1123.37	3214.41
2568.53	689.421	2868.17
2568.53	689.421	2868.17
3384.88	-661.945	3725.45
3428.81	-863.185	3603.79
3201.87	-1290.21	3239.86
-2293.74	285.218	2456.84
-1976.23	1307.14	2142.24
-1998.57	-142.409	2248.54
-2351.17	401.682	2645.28
-2123.31	-1316.89	2498.49
-1999.82	946.933	2315.63
-1988.91	1423.65	2297.35
-2112.14	-1479.49	2521.66
-1984.69	-416.996	2361.29
-1990.58	-28.1132	2370.29
-1981.02	859.419	2380.86
-1999.39	-674.46	2445.66
-2074.16	-1219.65	2735.13
-2004.32	200.705	2650.97
-2004.32	200.705	2650.97
-2134.02	571.223	2836.46
-1978.28	-456.044	2654.68
-2029.07	-1060.33	2755.24
-1967.64	1611.27	2624.65
-1965.84	1720.94	2748.25
-2021.09	-24.0289	2986.05
-2017.76	-854.353	3117.1
-2003.36	623.289	3055.36
-2012.64	647.988	3169.23
-2007.96	6.01849	3237.66
-2014.54	-851.638	3286.2
-1982.16	2067.65	3179.88
-2007.88	767.066	3279.12
-1992.85	198.394	3306.69
-1996.79	-193.55	3426.7
-1557.92	1230.52	2642.6
-1980.04	2202.42	3358.64
-1916.49	1737.97	3297.42
-2168.2	-810.036	4040.47
-2189.76	-855.951	4506.23
-1504.91	474.147	3104.16
-1857.19	-1200.44	4366.65
-1992.21	-2221.44	4831.64
-1713.73	-1269.38	4837.35
-1233.24	1130.63	3806.76
-1647.23	-1019.37	5373.61
-1703.04	-1239.45	5790.87
-838.306	609.645	3125.57
-865.199	1744.59	3236
-1631.95	-1583.38	6516.76
-904.216	2215.74	3623.45
-884.873	1711.52	3653.72
-1631.54	-3423.19	7396.76
-1911.33	-4497.39	8743.65
-1813.85	-4797.93	8843.36
-1708.71	-3924.4	8313.87
-1435.84	-1031.54	7141.97
-1548.42	-4829.4	8189.9
-715.039	1737.94	3604.46
-695.757	1472.64	3539.95
-1556.71	-4898.72	9857.91
-643	1727.77	3705.55
-629.015	1467.46	4552.7
572.086	76.623	3778.35
572.086	76.623	3778.35
1978.61	-2998.96	8917.95
1978.61	-2998.96	8917.95
1951.73	-2138.92	8098.31
1951.73	-2138.92	8098.31
2831.86	-5532.92	11060.7
1201.18	2019.7	4416.54
1201.18	2019.7	4416.54
2905.66	-4053.91	9880.3
2719.74	-4351.42	8373.72
1909.15	577.304	5682.73
1909.15	577.304	5682.73
2880.44	-1589.15	7478.29
2640.37	-2690.71	6673.82
1895.76	1542.3	4837.3
2003.14	1527.76	4845.07
2098.04	1568.42	4836.69
2061.35	1620.5	4721.25
1923.79	2144.44	4380.93
2928.93	-3498.28	6281.83
2863.84	-2329.53	6072.02
2877.52	-2224.07	6020.58
2854.98	-1787.15	5863.05
2072.73	2108.43	4373.73
2420.29	1082.76	4621.01
2075.24	2579.54	3944.25
2624.48	-537.654	4834.26
2880.15	-3007.91	5017.29
2735.09	864.99	4855.43
2672.87	1727.25	4706.44
2817.77	469.963	4911.24
2664.18	-701.795	4546.81
2219.69	2436.68	3810.01
2634.63	225.895	4215.86
2709.14	185.33	4274.75
2673.23	-1086.03	4124.87
2698.57	-1150.36	4118.66
2779.65	-196.692	4218.57
2691.93	-623.745	4045.34
2462.42	1250.07	3688.48
2328.53	1938.17	3488.09
2686.33	-1359.21	3805.01
2656.6	-903.229	3754.88
3159.21	-207.27	4445.47
2512.49	813.562	3459.25
2670.45	-1342.83	3610.04
2952.25	-612.743	3995.66
2354.79	2171.9	3248.99
2594.33	277.658	3514.21
2594.33	277.658	3514.21
2361.29	1806.02	3186.94
2586.47	839.359	3413.51
2342.84	1927.17	3058.99
2623.22	520.391	3078.61
3233.45	-821.272	3734.47
2618.37	575.521	3043.98
2741.69	1963.22	3191.67
3407.08	-588.9	3890.32
3221.17	-986.575	3584.92
2565.35	688.715	2864.56
2565.35	688.715	2864.56
3820.93	-508.412	4234.92
3187.62	-1167.59	3323.22
3174.39	-1279.38	3211.02
-2255.07	203.702	2433.15
-1977.96	1308.42	2143.83
-1998.73	1078.51	2190.87
-2004.57	-142.54	2255.05
-2268.36	327.466	2596.22
-2119.03	-1315.25	2494.49
-2008.74	950.26	2325.4
-1970.98	1411.49	2277.81
-2110.48	-1478.48	2519.75
-1995.75	-421.078	2374.73
-1995.23	-27.6031	2375.21
-1995.23	-27.6031	2375.21
-1957.89	849.441	2353.73
-2002.35	-675.516	2449.88
-2077.02	-1220.96	2738.57
-2077.02	-1220.96	2738.57
-2001.55	200.72	2647.29
-2001.55	200.72	2647.29
-2131.69	569.805	2832.31
-1984.55	-456.847	2663.53
-1978.22	1656.6	2711.3
-1969.34	1724.09	2752.88
-1947.32	788.912	2793.77
-2033.94	-1095.37	3053.63
-1993.19	-200.218	3193.75
-2017.65	-853.702	3291.51
-1986.12	197.25	3295.97
-2028.36	676.157	3410.11
-2013.83	764.153	3425.13
-1562.94	1234.07	2650.43
-1990.47	-505.856	3454.17
-1911.96	1924.82	3326.64
-1978.16	2377.48	3487.04
-1982.71	-401.091	3588.08
-1980.41	2308.34	3496.17
-2002.62	-178.372	3874.96
-1511.57	475.603	3115.08
-1787.9	-1155.99	4211.55
-1822.76	-1001.07	4427.99
-1259.94	485.772	3063.09
-1693.1	-1249.77	4780.2
-1247.26	1143.95	3844.77
-1647.88	-1019.29	5375.84
-1069.91	2159.07	3601
-838.224	609.375	3125.1
-865.973	1745.49	3238.42
-865.973	1745.49	3238.42
-1623.44	-1574.36	6499.44
-908.892	2230.12	3646.23
-1576.36	-3150.95	7121.79
-1894.15	-4461.21	8674.78
-1701.76	-3909.46	8281.22
-1433.42	-1028.55	7131.33
-711.908	1735.23	3598.54
-695.423	1472.01	3538.39
-695.423	1472.01	3538.39
-643.617	1729.2	3708.39
571.675	75.3381	3780.73
571.675	75.3381	3780.73
1946.99	-3838.42	9544.2
1989.45	-3014.43	8962.38
1989.45	-3014.43	8962.38
1954.96	-2137.94	8108.77
1954.96	-2137.94	8108.77
2849.53	-5565.31	11134.2
1198.45	2015.29	4406.54
1198.45	2015.29	4406.54
2912.08	-4063.79	9905.58
1290.85	2090.39	4423.46
2716.85	-4664.65	8575.13
2700.6	-3736.26	7764.11
2863.53	-1575.37	7430.15
1897.94	1543.21	4845.32
1997.5	1523.42	4831.04
2094.3	1565.37	4827.49
2953.03	-3530.99	6555.57
2873.43	-3434.33	6168.21
2857.18	-2325.01	6058.08
2859.67	-2211.71	5980.75
2070.64	2107.01	4370.88
2796.09	-1445.48	5508.66
2325.8	1671.95	4677.98
2643.99	1385.5	4968.88
2070.52	2577.09	3935.46
2634.14	-540.062	4852.66
2411.13	1733.23	4440.62
2727.37	863.481	4841.41
2994.07	498.722	5218.47
2669.23	-702.626	4555.39
2222.77	2441.51	3815.91
2616.06	-118.467	4353.97
2282.45	2074.04	3742.57
2739.89	28.5741	4351.62
2663.09	-1081.31	4108.9
2641.31	-1952.88	4034.05
2641.31	-1952.88	4034.05
2565.74	664.95	3953.96
2772.47	-195.925	4207.89
2692.72	-622.991	4045.46
2660.56	-1152.3	3981.41
2494.53	1266.91	3737.8
2636.65	-1246.13	3860.79
2332.44	1941.56	3494.35
2687.91	-1358.99	3806.43
3193.87	-208.623	4493.17
2593.1	343.777	3626.49
2518.98	816.3	3469.28
2679.29	-1347.53	3621.81
2356.05	2172.69	3250.33
2398.28	1836.06	3239.04
2331.88	1918.33	3044.8
3167.56	-629.933	3887.74
2590.51	709.693	3119.58
2611.48	517.698	3064.02
3192.74	-810.028	3684.58
2722.83	1948.28	3167.45
3349.4	-579.278	3823.09
3318.61	-654.85	3779.6
2635.95	533.981	3000.4
2562.69	688.293	2861.22
2562.69	688.293	2861.22
3297.3	-854.763	3620.76
3180.87	-1164.99	3315.74
3198.34	-1289.17	3236.62
