-2282.54	281.879	2440.99
-1947.66	1288.86	2111.49
-1952.05	1053.92	2140.28
-1888.78	-475.326	2126.96
-2250.5	383.305	2532.89
-1934.97	-532.631	2211.1
-2059.82	-1279.91	2423.02
-1934.23	915.653	2241.64
-1936.88	1386.56	2238.84
-1931.58	-26.7013	2298.99
-1994.37	-1280.97	2504
-1922.18	-788.154	2419.39
-1935.88	85.2289	2430.49
-1941.65	195.153	2567.8
-1914.67	-331.092	2546.68
-1960.58	-1247.1	2690.09
-1908.13	-634.802	2686.33
-1899.86	840.081	2668.46
-1952.4	1709.3	2729.24
-1935.05	-1158.6	2778.81
-1973.74	508.494	2805.92
-1973.74	508.494	2805.92
-1965.67	1826.48	2869.67
-1909.18	947.226	2809.21
-1926.75	-19.527	2951.04
-1925.1	-303.201	2966.51
-1967.48	-954.499	3065.7
-1928.06	36.0696	3016.58
-1976.15	2060.09	3168.83
-1949.22	193.766	3234.61
-1946.17	-85.3244	3243.35
-1965.69	805.331	3290.69
-1972.11	2156.61	3273.4
-1975.54	656.995	3322.91
-1931.15	-491.134	3351.8
-1914.39	1741.87	3292.94
-1935.71	-390.168	3499.95
-1983.05	-909.767	3769.45
-1487.97	468.131	3067.76
-1764.17	-1138.75	4146.7
-1936.29	-2160.94	4698.22
-1777.91	-975.012	4322.34
-2110.73	-2839.64	5276.54
-1859.58	-2148.89	4764.81
-1672.67	-1228.04	4722.88
-1075.27	126.674	3260.62
-852.584	1307.6	2600.57
-1182.07	1081.75	3658.75
-1008.73	1995.14	3174.25
-879.244	1681.69	3101.74
-787.977	470.936	2906.87
-828.3	603.119	3087.07
-865.747	1322.95	3469.04
-882.262	2155.89	3527.02
-966.091	2649.87	3941.71
-877.485	2112.57	3608.79
-1627.37	-3409.77	7364.11
-1875.7	-4412.9	8576.1
-1802.24	-4768.64	8781.29
-1685.39	-3868.33	8191.46
-716.783	1743.96	3618.28
-715.544	584.725	4471.74
-591.351	1633.83	4522.2
526.348	27.0533	3788.2
526.348	27.0533	3788.2
2804.56	-6281.86	11686.7
2932.12	-5724.16	11453.9
3023.18	-5081.25	11049
1285.33	2091.76	4434.15
2615.99	-2119.54	8063.95
1356.35	2003.13	4344.1
2867.67	-2459.78	8520.56
2794.25	-3874.72	8041.62
2954.81	-1628.58	7672.67
1928.2	1566.41	4931.72
2814.04	-2714.28	6801.18
1893.73	1947.09	4690.64
2967.16	-3743.71	6251.49
2155.7	2104.68	4568.83
2155.7	2104.68	4568.83
2230.51	1219.36	4643.01
2868.68	-1554.51	5781.33
3118.77	-2207.52	6247.24
2786.1	-1269.72	5576.04
2709.08	-596.991	5360.32
2776.4	-1043.3	5354.12
2296.63	1811.65	4208.45
2937.07	-3062.32	5107.34
2675.11	-218.053	4651.72
2867.14	490.422	4998.14
2221.35	2438.27	3812.47
2221.35	2438.27	3812.47
2770.51	-37.5233	4578.99
2786.12	-1044.5	4415.97
2787.84	96.6045	4306.61
2771.59	-791.416	4205.83
2822.75	-334.343	4257.07
2478.86	1256.8	3706.84
2354.11	1955.55	3531.49
2667.1	935.445	3901.38
2715.92	585.782	3869.68
2782.61	-1466.12	3892.91
2683.24	750.786	3750.39
2695.17	2673.4	3812.26
2476.9	1599.31	3445.79
2765.97	-1600.53	3704.81
2888.87	-814.344	3723.88
2361.97	1941.27	3084.98
2477.09	1542.08	3199.62
2625.76	492.208	3318.78
2692.67	113.149	3353.81
2480.44	1615.85	2987.74
2696.21	536.098	3166.42
5716.76	-4013.77	6556.49
5716.76	-4013.77	6556.49
3280.57	-904.017	3783.88
2721.19	598.672	3165.54
2729.04	1951.32	3175.37
3446.92	-681.807	3930.48
2615.06	701.789	2920.51
2615.06	701.789	2920.51
3864.2	-367.163	4259.95
3350.95	-982.396	3535.18
3271.83	-1559.37	3394.85
-2268.58	280.077	2425.78
-1951.52	1290.73	2114.8
-1953.31	1054.73	2142.53
-1920.72	-528.176	2195.36
-2216.41	320.349	2537.8
-1945.88	920.61	2254.44
-1925.91	1379.11	2226.87
-1921.89	-26.9488	2288.22
-1997.83	-1282.99	2508.06
-1932.44	85.1193	2426.25
-1944.17	195.213	2570.97
-1912.4	-330.824	2543.89
-2071.7	553.436	2753.41
-1950.55	1596.48	2601.63
-1956.4	-1244.45	2684.69
-1962.27	1642.97	2687.96
-1910.39	-635.275	2689.11
-1936.12	-1159.55	2780.34
-1925.35	779.388	2762.06
-1892.3	939.851	2784.65
-1988.34	-1071.19	2984.37
-1929.27	-19.6892	2954.72
-1930.5	-303.853	2974.2
-1967.27	-954.341	3065.55
-1966.2	1938.6	3016.29
-1979.59	754.638	3232.12
-1931.08	192.185	3205.52
-1940.05	-85.6212	3233.72
-1932.43	-597.119	3236.9
-1987.12	660.904	3341.23
-1973.46	2158	3275.38
-1933.83	-188.101	3319.28
-1602.07	1063.32	2735.66
-1920.52	-488.558	3333.95
-1901.28	1729.75	3272.24
-2019.27	-926.142	3834.54
-1754.98	-1132.63	4127.37
-1927.77	-2152.93	4679.07
-1778.77	-976.18	4321.63
-2136.72	-2873.71	5339.29
-1840.42	-2126.85	4717.31
-1449.97	2626.69	3917.38
-902.212	1213.43	2476
-1087.14	127.751	3291.92
-853.99	1309.49	2604.65
-1191.69	1089.81	3685.29
-999.799	1978.44	3147.76
-789.477	471.821	2912.38
-826.574	602.193	3081.74
-1556.9	-1505.25	6231.18
-865.627	1322.66	3468.32
-1630.44	-3416.41	7379.08
-1892.38	-4450.69	8649.06
-1697.5	-3894.86	8247.16
-786.91	1670.01	3689.19
-767.477	2100.68	3573.13
-716.816	1743.62	3617.06
-1500.1	-5138.2	10335.2
-599.56	1652.85	4575.62
430.313	-4996.41	9664.25
531.31	28.4373	3831.85
531.31	28.4373	3831.85
2007.1	-2707.17	8755.83
2907.61	-5679.16	11358.5
2985.42	-5014.65	10904.2
1197.49	2029.12	4443.61
2726.73	-4668.87	8589.2
1361.8	2010.53	4361.01
2863.44	-2458.85	8508.12
1507.93	525.606	4354.66
1507.93	525.606	4354.66
1937.55	1199.81	5254.85
1937.55	1199.81	5254.85
2923.19	-1609.2	7588.58
2698.32	-2751.11	6817.69
1894.59	1947.97	4692.8
2789.72	-2576.23	6663.84
2957.77	-3680	6419.61
2913.49	-2409.13	6328.98
2058.41	1672.72	4576.47
2964.25	-3429.44	6081.18
2099.36	2135.16	4437.52
2231.13	1220.12	4644.93
2793.01	-1273.38	5589.27
2793.01	-1273.38	5589.27
2696.13	-592.923	5333.35
2197.43	2007.79	4352.74
2700.08	1411.12	5080.37
2766.23	-702.249	5015.37
2675.69	-218.521	4653.04
2861.71	490.134	4988.2
2222.97	2440.48	3814.99
2222.97	2440.48	3814.99
2773.77	-37.4009	4583.98
2744.09	-806.977	4331.59
2765.68	-557.837	4295.69
2787.02	96.0784	4304.94
2793.11	-1191.27	4263.76
3291.77	-2539.98	4889.78
2489.91	1263.79	3726.69
2349.26	1951.45	3524.83
2757.62	-1302.64	4037.08
2710.03	584.391	3860.94
2710.66	759.302	3789.54
2690.35	2667.62	3804.75
2743.99	-1587.76	3675.21
2776.3	-1476	3587.15
2354.77	1935.47	3074.57
2463.56	1532.75	3182.04
2633.5	493.658	3329.49
2534.03	787.147	3178.36
2681.77	112.11	3339.74
2612.97	715.845	3147.74
2462.56	1603.82	2963.69
3233.68	-797.155	3815.07
2697.81	535.758	3166.98
5697.45	-4000.74	6534.7
2721.03	1945.32	3165.56
3535.2	-611.815	4033.22
2689.53	547.29	3060.54
2606.87	700.203	2910.38
3291.66	-853.329	3607.28
3482.15	-1216.45	3687.54
3260.43	-1193.99	3397.16
-2280.2	281.571	2438.28
-1930.61	1277.99	2093.41
-1939.77	1241.53	2123.24
-1957.57	1057.1	2146.73
-1882.14	-472.291	2118.9
-2104.58	212.376	2391.69
-1944.41	919.998	2252.43
-1959.72	-867.804	2326.46
-2027.86	-1420.33	2420.67
-1897.49	-532.818	2264.98
-1930.23	-26.8983	2297.85
-1930.23	-26.8983	2297.85
-1993.88	-1280.42	2503.44
-1932.43	85.308	2426.2
-1932.43	85.308	2426.2
-2075.71	554.838	2758.95
-1962.71	-1248.15	2693.04
-1948.04	1555.22	2637.49
-1962.12	1642.99	2687.84
-1926.3	-640.705	2710.8
-1896.35	838.363	2663.42
-1930.94	781.804	2769.64
-1919.86	-515.068	2818.48
-1919.86	-515.068	2818.48
-1905.82	946.091	2804.17
-1961.34	-951.491	3056.94
-1951.3	94.321	3106.18
-1982.87	756.253	3237.34
-1957.53	194.034	3248.34
-1919.83	-593.61	3216.64
-1994.1	663.287	3352.83
-1970.33	2155.09	3270.93
-1599.95	1062.33	2731.56
-1944.64	21.3552	3364.49
-1977.88	2071.99	3367.74
-1905.18	1733.51	3277.73
-1931.57	-389.454	3492.97
-2005.31	-918.653	3807.96
-1533.92	435.611	3014.7
-1723.49	-1117.43	4061.15
-1777.86	-975.841	4319.86
-1777.86	-975.841	4319.86
-2082.68	-2803.34	5208.13
-1845.08	-2133.22	4731.56
-1769.27	-2073.14	4760.79
-1087.57	128.043	3294.52
-1186.66	1085.48	3670.52
-940.746	1996.87	3171.28
-789.127	471.491	2911.54
-827.129	602.412	3083.52
-1561.71	-1509.98	6254.78
-865.482	1322.66	3468.17
-901.59	2205.18	3607.35
-891.137	1720.62	3673.71
-963.78	2643.56	3932.5
-1627.5	-3412.51	7373.89
-1866.72	-4394.17	8540.49
-1697.02	-3893.47	8244.67
-766.369	2100.26	3567.18
-1556.94	-4863.89	8238.36
-717.383	1744.37	3618.8
-717.074	586.538	4485.76
-608.651	1675.44	4637.89
528.036	27.145	3796.51
528.036	27.145	3796.51
2826.37	-5512.21	11029.3
1289.01	2098.38	4446.98
2838.16	-4555.15	8750.06
1351.03	1994.65	4325.64
2837.66	-2437.3	8433.37
1955.57	588.664	5826.79
1955.57	588.664	5826.79
2737.64	-2160.58	7319.08
1932.45	1197.24	5240.16
1932.45	1197.24	5240.16
2923.79	-1610.67	7589.95
2822.54	-3055.25	7115.7
2822.54	-3055.25	7115.7
2808.05	-2709.84	6784.53
1891.72	1944.96	4685.24
2795.16	-2141	6320.02
2042.78	1606.04	4693.54
2132.15	1404.98	4784.57
2939.38	-3516.34	6320.37
2912.94	-2370.19	6176.94
2735.8	-1332.9	5771
2974.71	-3439.94	6103.36
2149.17	2098.11	4554.34
2225.41	1216.73	4632.46
2739.35	-1021.84	5548.8
2197.89	2007.45	4353.48
2724.31	-384.152	4781.68
2688.88	-219.536	4676.73
2868.13	491.155	4999.74
2224.43	2442.49	3816.27
2224.43	2442.49	3816.27
2778.5	-37.4912	4592.11
2753.77	-689.542	4466.57
2300.03	2262.31	3626.39
2808.84	-364.194	4338.62
2456.45	1245.58	3672.98
2356.12	1957.52	3535.53
2763.46	-1304.62	4045.31
2678.34	939.377	3918.11
2714.01	585.231	3866.59
2696.67	755.725	3769.86
2494.49	1611.02	3470.81
3300.37	-243.567	4497.83
2748.36	-1590.3	3681.18
2758.04	-1465.88	3563.16
2859.38	-805.922	3685.45
2358.25	1938.24	3079.66
2439.92	1517.74	3151.47
2631.03	493.172	3325.84
2681.38	112.312	3340.14
2693.72	674.713	3269.3
2551.99	697.635	3065.97
2474.57	1612.53	2980.04
3278.8	-809.033	3871.98
2669.19	530.281	3132.94
2674.7	448.609	3131.32
5736.71	-4028.41	6580.85
2777.85	1985.97	3231.11
3314.08	-859.435	3631.29
3373.58	-753.639	3616.14
3391.26	-997.242	3477.07
-1951.04	1290.67	2115.21
-1937.14	1239.81	2120.33
-1931.12	1044	2118.53
-1891.75	-474.575	2128.62
-2103.33	212.22	2390.03
-2212.41	320.052	2533.69
-1929.6	913.366	2236.79
-2035.63	-1424.97	2431.33
-1893.54	-531.008	2259.66
-2114.95	317.143	2530.81
-1929.07	837.201	2317.08
-1983.15	-1274.15	2491.31
-2125.06	425.629	2664.03
-1908.25	-881.65	2484
-1903.12	-328.285	2530.67
-1907.97	-225.194	2663.46
-1917.7	-515.466	2698.7
-1956.3	1712.96	2733.89
-1899.77	839.717	2668.26
-1946.58	-1045.74	2754.29
-1924.19	779.76	2761.91
-1946.85	1809.34	2843.69
-1963.02	-1058.24	2947.35
-1962.41	526.058	2971.6
-1938.08	-19.1472	2967.23
-1938.59	-821.248	2995.14
-1967.49	632.002	3098.81
-1927.13	94.3292	3067.97
-1947.58	193.423	3232.14
-1916.34	-593.209	3211.63
-1958.46	2142.99	3252.56
-1970.04	744.61	3352
-1927.12	-489.621	3343.91
-1975.32	2373.06	3487.21
-1929.74	-288.683	3620.21
-1933.89	-889.782	3691.34
-1491.62	468.941	3073.03
-2531.61	-2789.53	5407.81
-2531.61	-2789.53	5407.81
-1938.53	-1445.35	4495.45
-2010.86	-762.388	4700.27
-1932.63	-2155.21	4686.57
-1203.6	465.474	2931.17
-2058.28	-2772.89	5150.23
-1910.82	-2364.47	5161.99
-1662.5	-1223.63	4692.29
-1873.07	-628.647	5496.33
-1184.99	1085.28	3673.67
-1024.36	2022.15	3217.12
-828.626	603.782	3089.34
-869.745	1327.84	3481.38
-886.448	2169.09	3548.76
-862.144	1499.76	3503.18
-1533.93	-3066.88	6923.95
-1635.98	-3428.69	7408.43
-1890.2	-4445.08	8639.62
-777.454	2121.75	3613.6
-715.512	1738.74	3607.62
-642.158	1724.95	3698.82
-711.284	581.425	4450.51
-1538.16	-5276.53	10615.1
-603.053	1664.79	4607.3
544.922	26.0999	3992.13
544.922	26.0999	3992.13
1996.48	-5142.93	10781.7
1996.48	-5142.93	10781.7
2004.31	-3030.9	9028.18
1391.25	2060.49	4467.45
2930.47	-2519.28	8719.54
1422.95	1960.96	4295.57
1946.26	587.084	5796.02
1946.26	587.084	5796.02
1865.8	1199.8	5396.68
1959.91	1840.05	5399.07
2956.2	-1630.36	7676.51
1736.31	1728.7	4500.51
2031.33	1127.85	5220.47
2817.26	-3048.53	7104.3
1806.36	1850.8	4453.04
1806.36	1850.8	4453.04
2832.66	-2734.67	6848.19
2130.33	1427.24	4876.76
2951.59	-3671.77	6406.02
2122.91	2160.5	4488.53
2968.97	-3434.33	6090.53
3137.88	-2224.42	6293.33
2964.41	-1672.98	5916.16
2709.82	-596.065	5361.39
2208.35	2017.16	4374.68
2744.32	-387.937	4818.83
2780.97	-869.708	4833.64
2680.12	-218.75	4660.17
2217.07	2432.17	3809.8
2217.07	2432.17	3809.8
3209.82	-2703.43	5214.55
3421.15	-3354.67	5442.11
2721.61	-798.606	4294.45
2280.47	2240.65	3590.13
2791.65	-362.716	4309.88
2798.7	-332.58	4214.14
2762.1	-1278.99	4135.18
2363.2	1197.34	3533.53
2664.89	934.469	3897.71
2702.05	582.331	3848.5
2775.22	-1462.15	3881.77
2780.73	-864.189	3868.34
2447.36	1579.43	3408.27
2715.76	679.958	3699.78
2879.99	-789.05	3868.2
2775.44	-1476.85	3588.04
2380.26	1957.15	3108.88
2441.57	1518.15	3150.59
2585.37	757.109	3184.65
2667.14	667.25	3235.47
2451.93	1597.66	2951.76
3395.04	-864.188	3924.29
2766.99	1978.12	3218.33
5719.88	-4017.27	6559.73
3405.66	-673.261	3881.47
2767.39	253.719	3149.06
2549.32	601.847	2902.25
2693.09	547.679	3064.79
3340.27	-953.951	3749.84
2409.51	1658.15	2694.07
3315.89	-1115.16	3581.05
-1942.05	1285.38	2106.15
-1951.3	1054.44	2139.56
-1916.14	-137.039	2155.67
-2108.59	212.639	2395.86
-2227.22	321.409	2547.91
-1945.68	1393.77	2250.1
-1949.1	922.912	2257.94
-2084.18	-1295.69	2451.7
-1921.85	-406.28	2287.56
-1924.22	-26.8095	2290.7
-1924.22	-26.8095	2290.7
-2118.96	317.695	2535.34
-1995.63	-1281.87	2505.62
-2120.89	425.212	2659.59
-1891.8	-424.594	2379.65
-1904.86	-781.809	2399.11
-1909.63	-880.875	2485.16
-1952.15	1598.67	2603.32
-1885.02	649.092	2564.73
-1965.27	-1249.79	2696.12
-1948.53	1706.78	2723.99
-1891.4	836.252	2656.56
-1891.4	836.252	2656.56
-1925.31	779.097	2761.8
-1977.22	-1065.68	2968.1
-1935.52	-19.1929	2963.37
-1967.21	1939.63	3017.23
-1927.47	35.1436	3017.55
-1938.08	-711.719	3120.96
-1938.87	192.914	3217.43
-1922.77	-595.279	3221.99
-1981.75	811.274	3317.12
-1969.55	655.215	3313.87
-1500.01	1188.33	2545.52
-1972.75	2137.38	3397.3
-2026	-928.931	3851.34
-1538.69	436.725	3023.64
-2180.54	-851.418	4485.33
-1947.74	-2173.58	4725.78
-2095.39	-2820.94	5239.2
-1904.23	-2359.1	5144.9
-1657.14	-1219.55	4679.64
-1874.99	-629.162	5500.7
-854.127	1309.22	2605.1
-1667.28	-2118.42	6056.65
-793.817	473.965	2926.9
-891.124	2179.05	3565.87
-962.045	2640.24	3926.86
-855.722	1741.37	3653.21
-1627.24	-3410.01	7365.67
-818.544	2229.06	3797.8
-1717.41	-3936.73	8336.56
-1787.96	-4734.43	8716.49
-714.672	1738.01	3605.54
-697.075	1473.24	3543.1
-604.973	1669.57	4620.88
333.079	-5154.9	8491.96
542.078	23.2338	3976.81
542.078	23.2338	3976.81
2793.03	-5457.2	10915.5
2962.77	-4966.65	10806.2
3106.37	-3416.19	9775.99
1344.64	1955.78	4247.69
2816.12	-4527.53	8688.66
1427.78	2007.68	4382.9
2909.17	-2502.1	8655.6
1963.07	592.646	5847.75
1963.07	592.646	5847.75
2788.24	-3861.75	8017.59
1834.77	1180.34	5300.82
1953.05	1832.99	5379.04
2938.55	-1618.51	7627.88
1738.7	1732.14	4508.44
1914.89	1554.36	4895.39
1806.05	1850.07	4451.77
1806.05	1850.07	4451.77
2781.15	-2567.07	6650.72
2899.77	-3116.64	6699.76
2809.03	-2280.24	6425.55
2979.69	-3555.25	6621.86
2983.8	-3713.12	6478.35
2113.75	2151.94	4472.16
2223.7	1214.44	4628.21
2928.77	-1654.05	5844.76
2090.76	2601.17	3975.14
2306.79	1992.62	4082.38
2783.57	-870.265	4839.4
2244.81	2463.6	3857.64
2767.32	-810.592	4701.47
2698.92	-391.99	4568.2
2752.23	-37.0663	4546.84
3224.34	-2721.4	5244.15
2728.49	-800.713	4306.27
2795.48	-364.681	4315.01
2746.6	-1270.48	4109.8
2365.25	1199.23	3538.75
2694.7	580.901	3837.21
2678.03	2655.44	3790.56
2772.28	-1460.59	3877.53
2771.14	-861.333	3855.03
2382.62	1535.93	3308.38
2712.57	679.678	3695.25
2752.59	-1698.15	3643.44
2367.63	1946.62	3091.46
2436.09	1514.5	3145.39
3307.81	-360.229	4251.45
2542.84	791.351	3190.67
2592.56	760.008	3193.87
2849.59	-1002.68	3484.82
2459.14	1601.93	2959.83
2716.42	1940.75	3159.55
5722.75	-4018.03	6561.49
5722.75	-4018.03	6561.49
2679.16	545.092	3048.33
2762.05	254.833	3140.47
3318.53	-947.728	3725.52
2626.63	705.045	2933.82
2626.63	705.045	2933.82
3889.49	-368.91	4291.96
3644.08	-659.857	3943.09
3644.08	-659.857	3943.09
3262.23	-1096.88	3522.41
3301.11	-1583.62	3323.21
