-1896.45	1214.4	2076.27
-1896.96	1025.17	2081.03
-1907.58	-135.923	2146.08
-2200.23	375.186	2476.99
-2180.82	314.923	2496.3
-1889.41	894.296	2188.84
-1895.66	1358.25	2191.76
-1953.75	-863.875	2317.46
-2032.24	-1422.86	2425.74
-1900.36	-26.5696	2263.17
-1867.46	811.474	2245.87
-1889.02	-619.306	2360.33
-2112.79	423.426	2647.75
-2002.98	-1177.42	2640.47
-1914.83	315.972	2494.15
-2047.38	546.924	2720.73
-1906.86	-511.562	2683.3
-1949.14	-1046.75	2757.58
-1882.77	762.33	2701.19
-1921.2	1711.25	2760.98
-1927.39	1790.06	2813.77
-1941.7	-822.432	3000.3
-1919.04	-301.813	2955.87
-1892.08	-106.428	2943.39
-1913.2	1922.42	3009.65
-1915.08	4.44103	3088.98
-1940.73	-823.537	3166.02
-1956.18	595.271	3226.08
-1920.69	190.093	3188.8
-1951.61	648.265	3282.98
-1542.67	1222.55	2617.43
-1572.59	1045.83	2682.9
-1870.97	1702.6	3218.18
-1935.66	-599.209	3430.03
-1926.2	2348.57	3518.88
-1920.03	-288.714	3602.6
-1449.4	455.777	2988.13
-2539.57	-2798	5427.96
-2038.98	-828.623	4479.46
-1921.44	-1434.03	4460.26
-2013.4	-764.084	4707.5
-1812.68	-1170.13	4262.54
-1182.35	458.283	2885.01
-1640.2	-1021.23	4137.42
-1074.3	126.182	3253.44
-1152.32	1056.69	3586.84
-1616.13	-999.548	5273.15
-869.679	1663.97	3067.9
-784.384	468.724	2893.88
-817.234	595.07	3045.98
-843.701	1701.94	3154.81
-893.661	2181.62	3568.77
-861.915	1500.54	3504.74
-861.359	2074.37	3543.4
-1560.3	-3116.86	7040.08
-1634.8	-3425.2	7400.16
-1890.28	-4449.85	8651.54
-774.034	1642.23	3625.82
-770.432	2101.72	3578.28
-707.427	1717.54	3563.44
-682.558	1440.91	3465.72
-1643.01	-5212.29	10494.9
-707.802	578.038	4426.76
-1582.01	-5370.57	10810.8
-606.626	1667.48	4619.86
537.677	49.7897	3588.18
537.677	49.7897	3588.18
2037	-5247.67	11007.5
2037	-5247.67	11007.5
1971.08	-2657.52	8592.6
2915.01	-5707.4	11411.1
1275.07	2081.51	4415.9
2663.23	-4554.69	8386.89
1354.28	2006.17	4354.61
1827.76	1179.11	5279.19
1962.79	1840.54	5413.94
2951.92	-1627.84	7666.57
2773.1	-2805.1	6937.62
1898.61	1539.25	4858.42
2814.18	-1529.45	6967.47
2841.62	-3121.05	6933.36
2814.63	-2470.68	6590.76
3057.74	-3512.42	7015.21
2789.28	-2136.99	6309.05
2107.17	1561.82	4869.81
2876.76	-2376.28	6250.57
2072.07	2107.09	4381.25
2667.04	-996.507	5400.48
2836.88	-1466.2	5590.52
2474.13	1352.75	4891.73
2421.45	1640	4582.97
2318.27	1828.32	4254.24
2278.87	1963.65	4041.09
2641.18	-215.739	4593.08
2854.37	488.989	4976.03
2704.34	-712.777	4615.39
3145.38	-3012.91	5230.59
2214.27	2430.75	3800.97
2214.27	2430.75	3800.97
2644.84	-122.012	4404.93
2694.05	230.191	4310.36
2800.25	-2081.78	4282.7
2303.21	2263.49	3630.79
2592.69	671.156	3995.38
2798.83	-197.722	4245.89
2730.36	-633.61	4103.52
2315.26	1172.34	3461.02
2702.59	-879.493	3880.54
2366.11	1888.49	3374.27
2375.73	1531.4	3299.45
2524.59	816.644	3474.46
2702.15	-1562.48	3618.68
2702.15	-1562.48	3618.68
2625.1	279.465	3553.9
2616.88	837.068	3548.85
2673.55	-1142.46	3527.15
2346.31	1928.8	3059.57
2444.16	1519.08	3160.65
3442.43	-356.124	4298.33
2560.41	701.4	3083.32
3144.62	-773.976	3706.87
2682.11	533.4	3149.21
3327.01	-845.103	3842.79
2740.62	604.58	3191.05
2720.37	1944.01	3162.68
2608.12	699.858	2913.72
3659.11	-662.822	3963.82
3362.75	-986.692	3548.5
3304.09	-1332.73	3344.13
3395.13	-1630.26	3423.16
-2240.57	276.67	2395.01
-1899.84	1257.65	2059.86
-1900.77	1026.34	2083.56
-2250.02	383.85	2532.83
-1901.02	899.873	2201.84
-1868.86	1340.19	2162.69
-1978.52	-874.771	2346.78
-1908.01	-26.917	2271.51
-1999.93	-1283.73	2511.57
-1919.19	192.811	2538.43
-1918.27	-748.191	2573.54
-2051.72	547.468	2725.39
-1958.94	-1245.01	2688.34
-1904.21	-633.561	2680.63
-1909.85	-513.733	2688.48
-1874.29	828.643	2631.61
-1874.29	828.643	2631.61
-1893.87	767.051	2717.76
-1930.02	412.574	2796.96
-1917.73	1708.19	2755.82
-1917.73	1708.19	2755.82
-1928.89	-19.3511	2953
-1917.82	-301.648	2954.54
-1918.05	1847.24	2968.25
-1953.38	745.093	3189.12
-1944.7	193.703	3225.4
-1937.66	-202.811	3224.97
-1929.68	-85.0961	3216.57
-1937.31	793.514	3243.18
-1803.51	1622.48	3031.84
-1924.2	-489.533	3339.37
-1868.92	1700.05	3215.53
-1925.88	2244.33	3400.06
-1956.98	-898.478	3726.91
-2157.2	-842.785	4439.01
-1469.31	461.231	3024.75
-2585.45	-2849.88	5527.45
-2012.06	-765.688	4707.29
-1749.96	-1132.71	4122.65
-1923.43	-2146.14	4668.36
-1778.98	-976.449	4320.92
-2091.59	-2815.09	5229.84
-1759.31	-2350.24	5222.85
-1078.07	126.703	3264.65
-836.792	1283.48	2552.5
-1136.99	1010.57	3625.82
-972.461	1927.33	3065.62
-1560.71	-1392.88	5469.47
-839.73	445.429	2905.54
-780.709	466.548	2881.84
-814.144	593.46	3035.71
-854.699	1304.7	3421.49
-872.847	2142.97	3505.27
-854.108	1492.46	3485.8
-1582.63	-3160.07	7138.31
-1637.96	-3434.4	7423.49
-1912.23	-4498.23	8746.44
-764.268	2093.2	3558.45
-1589.87	-4960.79	8408.82
-701.434	1703.39	3533.68
-677.98	1436.86	3453.07
-677.98	1436.86	3453.07
-628.829	1689.61	3624.85
-712.923	581.421	4452.75
574.023	57.9846	3946.76
574.023	57.9846	3946.76
2016.66	-5185.07	10890.4
2016.66	-5185.07	10890.4
1994.24	-3016.48	8982.78
1983.76	-2672.86	8646.83
1192.03	2025.49	4441.07
1273.21	2078.87	4407.25
2744.06	-4708.72	8656.71
1934.73	582.159	5761.25
1934.73	582.159	5761.25
2719.61	-3762.45	7816.3
1952.35	1828.8	5382.35
1914.74	1184.24	5192.51
2934.43	-1618.52	7620.55
1782.74	1828.52	4716.27
1903.75	1545.03	4868.98
2839.13	-2925.76	7006.19
2828.6	-2481.85	6623.08
2107.89	1562.21	4870.85
2869.72	-2095.23	6382.91
2902.94	-2361.97	6156.93
2101.69	2139.82	4449.46
2784.63	-1376.86	5712.02
2691.92	-887.869	5294.04
2719.98	1349.13	5257.66
2846.74	-956.262	5415.83
2401.44	1627.15	4547.29
2401.44	1627.15	4547.29
2077.45	2584.03	3949.99
2254.37	2113.37	4230
2648.14	-217.073	4605.43
3106.71	-2979.42	5166.59
3106.71	-2979.42	5166.59
2219.05	2434.74	3811.03
2705.84	-310.435	4498.13
2712.11	-913.462	4408.77
2281.44	2242.03	3596.03
2587.72	670.362	3987.6
2813.8	-199.74	4268.73
2761.41	-403.026	4164.04
2861.67	-339.827	4316.58
2623.27	449.541	3969.16
2738.42	-1188.03	4099.46
2740.5	-1387.78	3883.36
2438.58	1572.86	3393.66
2715.52	-1570.46	3636.68
2628.65	841.852	3567.15
2728.33	-1169.84	3604.13
2645.16	858.717	3492.77
2360.38	1940.72	3081.23
2438.13	1514.85	3153.83
2458.74	1601.63	2961.88
2897.15	-1058.03	3398.39
2897.15	-1058.03	3398.39
2668.96	531.205	3134.14
2655.11	713.422	3120.24
5628.38	-3950.64	6456.15
5628.38	-3950.64	6456.15
2693.57	594.583	3135.06
2695.39	1925.79	3133.7
3439.48	-679.373	3922.35
3350.16	-779.674	3753.92
2634.31	707.425	2943.66
-1888.7	1250.21	2047.85
-1892.75	1211.8	2072.15
-2241.19	382.074	2522.06
-2188.2	316.284	2505.4
-1906.8	894.425	2203.04
-1895.71	896.685	2197.1
-1956.47	-866.204	2322.23
-2021	-1415.02	2413.63
-1914.01	-25.9299	2277.61
-1914.01	-25.9299	2277.61
-1893.42	822.291	2274.8
-2013.47	-1291.23	2526.47
-1896.84	1410.11	2333.14
-1926.31	84.7211	2418.25
-1873.98	-714.659	2386.26
-1901.48	1506.29	2479.41
-2058.51	549.439	2734.3
-1932	-1156.07	2774.43
-1890.48	765.549	2712.39
-1929.79	413.326	2796.28
-1912.98	-515.317	2809.09
-1907.3	-405.737	2807.73
-1862.37	924.173	2740.96
-1978.95	-1065.84	2970.23
-1921.46	1850.22	2973.16
-1922.04	2003.65	3080.74
-1954.18	744.189	3191.92
-1938.33	192.195	3216.05
-1924.03	-186.504	3301.78
-1566.48	1041.1	2674.55
-1868.64	-859.219	3566.92
-1930.37	-171.866	3736.09
-1613.44	795.929	3097.11
-1480.43	465.123	3047.78
-2595.74	-2864.77	5551.49
-2024.77	-823.603	4450.17
-2024.77	-823.603	4450.17
-2054.84	-781.075	4801.45
-1795.28	-1158.84	4218.98
-1912.22	-2134.71	4641.55
-2137.22	-2873.39	5339.9
-1843.22	-2129.1	4722.76
-1874.01	-629.977	5498.89
-1726.62	-1553.03	5267.35
-1076.25	126.077	3261.26
-837.286	1283.91	2553.73
-1149.14	1053.63	3570.98
-941.229	128.338	3254.12
-843.9	446.654	2914.62
-780.158	466.646	2879.38
-851.064	1300.74	3410.86
-1629.36	-3417.21	7387.21
-835.395	1700.59	3567.78
-1477.07	-3394.92	7106.11
-775.887	1646.7	3637.32
-717.087	585.612	4481.95
-599.047	1651.44	4571.87
601.728	63.5096	4238.96
2868.7	-5609.14	11228.3
1266.03	2065.63	4378.94
2797.5	-4802.95	8830.57
2777.57	-2385.93	8254.45
1925.89	581.162	5734.61
1925.89	581.162	5734.61
2764.12	-3829.67	7952.84
1824.06	1172.48	5267.68
2716.91	-2144.58	7263.15
1924.24	1192.43	5218.22
2943.38	-1624.05	7644.16
2702.03	-2755.06	6831.18
2835.86	-2922.85	6999.7
2830.35	-3107.53	6906.57
2822.7	-2165.91	6383.2
2108.34	1562.79	4872.66
2845.14	-2078.4	6332.02
2983.55	-3571.46	6425.94
2119.82	1300.74	4628.03
2044.72	2078.22	4320.45
2418.48	1638.68	4579.12
2068.04	2573.93	3930.26
2454.07	1762.3	4518.9
2714.66	-486.395	4871.77
2250.17	1936.98	3993.06
2668.9	-218.641	4642.56
2681.02	-390.302	4541.09
3157.01	-3039.02	5262.18
2238.39	2458.82	3842.78
2696.76	-307.518	4479.76
3315.9	-3233.55	5257.78
2264.42	2224.67	3568.37
2857.24	-203.429	4337.48
2469.13	1251.06	3692.1
2717.09	-924.684	3842.42
2726.96	-1435.11	3813.3
2624.03	926.004	3695.17
2413.92	1555.77	3356.24
2692.23	-1354.95	3638.73
2405.53	1834.61	3251.1
2616.25	849.544	3453.19
2655.31	203.902	3478.63
2655.31	203.902	3478.63
2890.68	-814.62	3729.21
2341.78	1924.25	3055.68
3416.38	-194.694	4357.68
2913.33	-766.944	3686.79
3260.26	-649.787	4005.36
3269.49	-701.286	3952.66
2481.19	1616.98	2990.71
2694.23	534.781	3162.21
5552.99	-3896.07	6367.44
2698.21	595.429	3140.29
2796.93	2002.42	3254.41
3379.29	-667.068	3852.69
3194.43	-911.486	3582.91
5574.88	-3380.01	6145.07
2598.39	696.948	2902.19
2598.39	696.948	2902.19
3498.05	-881.547	3675.86
3371.34	-1620	3401.32
-2246.34	278.565	2403.96
-1914.31	1266.71	2075.07
-1863.78	-468.727	2099.29
-2177.71	314.36	2493.22
-1866.7	1338.08	2158.94
-1959.74	-867.027	2324.71
-2024.98	-1417.06	2418.38
-1898.68	1411.43	2335.2
-2013.94	-1291.41	2527.58
-1881.8	-716.052	2393.47
-1949.54	321.156	2537.47
-1927.43	193.519	2548.53
-1905.58	-328.503	2533.21
-1920.8	-627.302	2573.47
-2049.6	547.461	2723.78
-1887.22	-223.08	2634.99
-1950.63	-1047.33	2759.37
-1859.61	822.982	2610.94
-1889.33	764.762	2711.15
-1889.41	-114.751	2767.91
-1912.88	-407.465	2815.46
-1870.11	927.22	2752.2
-1916.44	1733.03	2844.2
-1924.23	-706.902	3100.39
-1979.28	753.39	3230.41
-1925.24	191.786	3194.19
-1913.77	2093.92	3177.57
-1947.97	647.379	3276.65
-1571.82	1043.55	2682.93
-1924.14	-490.042	3339.79
-1923.14	2241.46	3394.3
-1920.79	-289.062	3604.26
-1984.63	-909.649	3773.48
-1929.91	-172.161	3735.39
-2123.54	-772.653	4268.72
-1456.27	457.094	2998.47
-2561.86	-2822.41	5473.67
-2003	-760.728	4682.87
-1746.01	-1130.4	4112.48
-1957.35	-2183.4	4748.65
-2134.2	-2868.6	5330.82
-1176.39	455.628	2870.54
-1887.06	-2336.24	5096.7
-1145.14	1049.9	3569.55
-1006.96	1992.51	3169.68
-1674.29	-1216.57	5694.79
-775.832	463.998	2863.46
-813.834	592.808	3034.97
-868.014	1511.26	3530.15
-859.294	2070.2	3535.95
-1639.81	-3435.69	7423.52
-1768.9	-4056.64	8587.68
-1838.47	-4870.36	8970.6
-773.731	1642.89	3629.66
-799.33	2193.83	3729.26
-703.876	1708.03	3543.45
-717.753	585.387	4481.94
-1422.88	-4897.65	9854.1
-597.468	1647.51	4561.4
625.244	70.4089	4452.22
625.244	70.4089	4452.22
1983.4	-2450.77	8461.93
2923.41	-5722.57	11448.9
1182.8	2006.32	4400.26
2913.13	-4063.28	9906.97
1258.28	2051.98	4349.99
2813.41	-4827.02	8879.05
2809.14	-2414.28	8350.09
1939.97	583.587	5780.14
1939.97	583.587	5780.14
2665.75	-3679.24	7651.84
1902.43	1177.35	5156.91
1902.43	1177.35	5156.91
2928.45	-1615.07	7603.23
2819.49	-3094.85	6875.26
2104.2	1559.4	4861.96
2112.61	1412	4842
2143.63	1595.35	4788.77
2874.15	-2375.03	6241.89
2063.83	2098.39	4362.09
2721.95	-1018.23	5516.11
2872.79	-1555.79	5790.03
2847.61	-1605.68	5678.67
2726.39	-900.101	5362.15
2321.51	1995.74	4309.65
2305	1816.61	4227.99
2888.35	-3007.85	5021.83
2623.66	-214.748	4561.26
3174.4	-3060.36	5296.77
2219.01	2436.33	3806.24
2219.01	2436.33	3806.24
2691.18	-123.687	4481.5
3452.04	2098.03	5739.92
3170.39	-2668.23	5149
3278.11	-3205.53	5206.51
2738.28	-1168.51	4179.84
2589.15	670.469	3990.31
2727.21	-777.869	4136.75
2861.8	-204.292	4346.72
2514.08	1274.3	3758.38
2757.4	-994.149	3872.77
2742.06	-1444.33	3836.18
2335.94	1861.32	3329.35
2629.18	927.392	3702.22
2621.94	278.064	3547.9
2367.71	2114.49	3237.59
2382.8	1817.3	3220.67
2653.07	861.067	3502.72
2351.71	1933.8	3068.13
3146.63	-657.555	4011.01
3486.84	-199.404	4454.73
2716.67	-1302.15	3415.49
2656.28	665.429	3224.24
2577.43	706.04	3102.18
2433.88	1584.27	2930.24
2688.25	533.809	3155.57
3371.03	-856.537	3894.59
2685.5	591.893	3124.62
5631.29	-3952.72	6459.48
5631.29	-3952.72	6459.48
2798.24	2002.3	3256.13
3433.45	-593.049	3918.47
3444.25	-673.663	3790.48
3193.92	-1169.06	3327.66
3417.51	-1640.34	3443.97
-1892.06	1252.36	2051.28
-1905.56	1029.9	2089.49
-1909	-135.53	2147.03
-2230.55	379.784	2509.02
-2089.71	210.338	2373.88
-1897.76	899.669	2199.49
-1889.83	1353.93	2184.92
-2043.65	-1270	2405.38
-2043.65	-1270	2405.38
-2032.1	-1421.92	2426.16
-1902.57	-26.3596	2264.96
-1902.57	-26.3596	2264.96
-2005.67	-1287.25	2518.26
-1912.1	-784.011	2407.31
-1877.64	-421.028	2361.98
-1917.14	84.6267	2406.77
-1874.52	-713.676	2384.66
-1963.69	-1248.42	2694.83
-1911.93	-514.503	2691.5
-1871.64	827.821	2627.67
-1871.64	827.821	2627.67
-1932.49	-1157	2775.39
-1884.19	762.402	2702.97
-1934.46	413.197	2803.15
-1934.87	1797.16	2823.46
-1962.58	635.621	2946.73
-1918.45	1817.11	2883.37
-1939.72	-821.219	2996.61
-1939.53	541.654	3032.63
-1925.22	-193.826	3084.71
-1924.73	-706.792	3100.82
-1917.85	2034.38	3139.38
-1917.85	2034.38	3139.38
-1927.59	-595.923	3228.76
-1570.64	1043	2680.95
-1930.43	20.7893	3339.48
-1534.52	450.994	2930.79
-2089.99	-895.775	4198.11
-1478.12	463.814	3042.81
-1560.41	942.038	3204.29
-2551.28	-2813.66	5454.24
-2551.28	-2813.66	5454.24
-1791.23	-1157.09	4209.5
-1768.5	-970.432	4298.83
-1768.5	-970.432	4298.83
-1214.44	469.56	2957.77
-1865.25	-2156.12	4780.45
-1787.34	-2092.51	4812.01
-894.148	1202.4	2451.12
-1688.67	-1240.4	4761.28
-1145.29	1050.04	3562.03
-981.97	1941.8	3088.77
-862.743	1648.94	3041.34
-779.112	465.634	2876.09
-816.658	594.545	3044.23
-893.713	2182	3569.48
-859.888	1500.46	3504
-941.52	2583.54	3842.72
-1648.02	-3452.56	7460.75
-1862.85	-4927.91	9076.15
-1725.93	-3960.13	8389.19
-772.183	1638.91	3620.34
-837.747	-206.126	4091.16
-714.122	583.114	4462.35
-1475.34	-5076.61	10213.9
-604.514	1572.48	4633.43
613.46	66.8545	4340.77
613.46	66.8545	4340.77
1988.84	-4201.62	9978.4
1969.75	-2661.82	8592.47
2797.43	-5447.58	10903.9
2678.24	-3728.9	9080.6
1278.27	2087.35	4423.94
2787.97	-4790.39	8801.7
1388.28	2055.1	4461.71
2958.05	-2541.79	8804.21
1929.99	580.541	5748.44
1929.99	580.541	5748.44
1919.71	1185.74	5209.7
2924.02	-1610.07	7591.23
1766.25	1816.38	4679.02
1766.25	1816.38	4679.02
2004.62	1509.53	4861.38
2103.49	1559.25	4860.92
1934.24	2160	4422.08
2142.94	1595	4788.46
2872.1	-2372.63	6238.44
2912.33	-3482.81	6264.06
2889.98	-2350.3	6128.27
2088.03	2122.95	4413.1
2800.24	-1276.18	5606.58
2329.98	1659.43	4678.75
2857.49	-1476.47	5631.07
2813.05	-944.457	5347.77
2688.33	-482.823	4822.67
2712.68	-246.058	4655.53
2226.94	2445.15	3823.37
2226.94	2445.15	3823.37
3140.46	-3025.22	5235.96
2724.79	-122.455	4528.25
3191.7	-2684.7	5182.82
2626.95	518.094	4260.24
3306.18	-3229.59	5247.22
2779.46	-75.9868	4452.64
2732.01	-497.705	4286.23
2290.62	2251.84	3611.23
2724.88	-1261.7	4079.05
2353.84	1193.33	3523.89
2346.04	1947.51	3522.65
2885.74	-410.241	4158.49
2657.46	742.854	3715.75
2378.27	1531.81	3306.25
3271.42	-242.124	4458.17
2617.37	278.87	3543.77
2633.83	843.955	3574.75
2370.22	2116.75	3240.24
2757.13	-1684.68	3585.76
2757.13	-1684.68	3585.76
2770.25	-854.472	3598.15
2412.1	1498.63	3119.27
2610.09	715.196	3141.93
2472.49	1611.19	2979.68
3457.48	-493.468	4056.96
2647.73	713.129	3112.61
2695.68	536.297	3165.91
3301.35	-838.378	3812.24
5627.19	-3948.63	6453.2
2760.82	1974.77	3211.8
2722.78	248.622	3097.66
3359.99	-781.798	3764.75
2426.89	1671.58	2714.41
3333.32	-977.333	3516.89
