-2188.23	269.879	2341.05
-1882.27	1246.07	2040.58
-2177.37	370.996	2451.56
-1876.2	889.021	2173.91
-1900.32	-947.124	2249.95
-2007	-1402.89	2399.1
-1855.27	-519.194	2212.41
-2057.79	307.761	2461.13
-1889.13	1403.8	2323.38
-1874.13	-865.869	2439.25
-1967.57	-1279.06	2613.78
-1890.34	189.68	2499.62
-1885.13	1493.48	2457.89
-2022.84	539.02	2685.51
-1891.2	-509.289	2661.52
-1840.97	814.932	2584.38
-1891.52	-1132.69	2716.43
-1897.83	489.009	2699.12
-1873.36	-114.912	2744.72
-1879.42	-399.999	2766.39
-1858.57	923.159	2732.68
-1903.31	1722.16	2823.4
-1909.84	-809.237	2949.91
-1897.36	1827.2	2936.5
-1882.64	-294.291	3007.65
-1932.65	588.468	3186.17
-1905.07	190.059	3159.37
-1937.09	732.288	3294.07
-1933.39	-598.432	3423.04
-1893.08	-382.434	3423.52
-2035.15	-928.014	3842.65
-1916.28	1987.17	3595.54
-1908.87	-170.287	3693.13
-1457.06	457.052	3000.89
-2035.15	-775.8	4754.56
-1925.68	-2148.85	4670.53
-1231.39	474.939	2994.25
-1893.95	-2347.45	5127.67
-1669.46	-1229.05	4704.71
-1413.87	2560.99	3817.23
-1807.34	-2749.8	5343.77
-869.932	1212.18	2432.15
-1853.92	-630.961	5431.28
-1044.41	122.53	3171.85
-936.636	1982.88	3149.15
-1631.86	-2080.7	5958
-818.381	595.844	3050.48
-818.381	595.844	3050.48
-1572.59	-1523.35	6286.3
-847.52	1296.47	3398.82
-872.271	2122.92	3470.51
-864.768	1674.27	3574.3
-1545.99	-3091.5	6973.04
-1627.97	-3413.76	7371.3
-896.53	2421.22	3708.38
-722.404	1366.38	3384.1
-773.919	1645.56	3634.78
-1518.77	-4836.74	9728.77
-705.072	576.005	4413.23
-1493.11	-5110.09	10273.9
-576.347	246.218	4151.39
629.496	54.4687	4625.29
2038.86	-2755.62	8896.29
2038.86	-2755.62	8896.29
1214.86	2052.13	4492.47
1303.64	2114.47	4488.62
2856.18	-4911.34	9015.72
2873.41	-4630.9	8871.5
2785.05	-3855.33	8002.23
1841.87	1183.33	5320.57
2885.99	-3126.29	7274.46
3087.46	-3543.6	7061.92
2157.27	1604.91	4977.58
2165.12	1449.08	4950.73
2010.7	2236.88	4582.44
2920.52	-2412.16	6340.29
3038.87	-3510.97	6233.86
3015.01	-1891.52	6195.18
3270.49	-2317.6	6560.47
2387.94	1713.86	4801.31
2388.86	1701.74	4795.93
2825.84	-948.412	5382.13
2794.35	-710.734	5063.56
2717.04	-223.023	4723.73
3298.86	-2778.59	5358.48
3298.86	-2778.59	5358.48
2367.86	1632.1	3925.33
2716.94	546.814	4381.23
2801.98	29.4918	4449.61
2405.35	2203.25	3879.56
2405.35	2203.25	3879.56
2828.57	192.593	4460.6
2342.36	2304.95	3687.25
2456.4	1655.36	3725.38
2814.94	-693.879	4172.62
2852.97	-1028.02	4006.42
2828.06	-1490.46	3955.72
2810.74	-873.267	3909.54
2713.1	960.208	3824.13
2708.3	878.69	3573.87
3381.07	-367.825	4346.1
2397.32	1970.03	3130.75
2862.26	-1376.08	3603.82
2718.58	510.2	3440.3
2743.74	114.751	3417.08
2657.2	728.086	3197.69
2657.2	728.086	3197.69
2506.36	1633.02	3013.61
2762.81	548.851	3243.27
5965.29	-4187.84	6843.44
5965.29	-4187.84	6843.44
2788.21	613.309	3242.96
2844.98	2037.22	3312.62
3378.85	-965.614	3793.27
3472.32	-808.429	3891.65
3902.86	-371.97	4298
3415.71	-885.559	3744.11
3239.16	-1542.33	3357.85
3435.38	-1648.31	3459.53
-2242.2	276.451	2397.64
-1856.4	1229.77	2013.29
-1849.01	997.877	2026.47
-1912.63	-530.012	2186.16
-2162.69	310.599	2472.67
-2014.42	-1407.88	2407.63
-1868.18	-392.523	2222.43
-1864.1	-521.917	2222.74
-1877.35	-25.993	2234.2
-2067.86	309.43	2473.05
-1976.55	-1267.87	2480.14
-1886.71	1401.88	2320.5
-1875.93	-866.551	2441.17
-1868.18	-321.928	2483.62
-2020.33	538.751	2683.02
-1891.19	1509.69	2559.72
-1861.66	761.721	2604.98
-1839.96	814.564	2583.05
-1893.37	-1133.51	2718.7
-1889.8	487.667	2689.08
-1866.59	-113.937	2734.3
-1973.53	-1062.14	2959.1
-1902.63	-18.5674	2911.47
-1902.63	-18.5674	2911.47
-1913.8	-810.507	2955.73
-1876.72	-414.113	2889.6
-1876.72	-414.113	2889.6
-1945.29	-942.663	3028.35
-1920.84	585.827	3167.31
-1891.72	188.063	3139.38
-1917.44	637.62	3225.38
-1910.24	2051.15	3203.64
-1911.91	2226.86	3374.65
-1926.86	2000.71	3615.99
-1451.89	455.805	2992.06
-1188.94	459.281	2893.84
-1990.17	-2476.41	5021.13
-1876.63	-2326.69	5081.53
-1854.99	-629.843	5434.55
-1689.13	-1463.1	5484.89
-983.491	1943.94	3091.1
-1686.67	-2144.79	6138.93
-1619.75	-2528.07	6157.84
-819.325	596.305	3053.47
-819.325	596.305	3053.47
-1606.9	-1554.36	6411.03
-847.847	1296.97	3400.16
-899.167	2180.42	3565.39
-868.424	1680.4	3587.83
-1555.86	-3110.01	7011.79
-1617.69	-3393	7324.89
-1871.08	-4406.03	8558.9
-781.91	1661.47	3669.88
-708.315	578.102	4428.74
-1488.35	-5098.25	10246
-573.141	243.622	4127.42
-592.654	1630.71	4518.45
625.554	54.1264	4622.63
3076.06	-6023.47	12044.2
1213.34	2049.02	4485.57
2931.42	-4096.76	9971.6
2841.69	-4882.14	8965.2
2684.06	-2174.39	8277.43
2922.59	-2515.93	8695.92
1974.84	596.574	5878.82
1974.84	596.574	5878.82
1949.41	1581.29	4983.47
3107.82	-3567.14	7109.4
2897.81	-2354.57	6630.34
2155.71	1603.42	4973.83
2885.21	-2382.16	6260.39
3074.51	-3556.4	6310.51
2162.79	2202.22	4571.27
3307.39	-2345.37	6638.28
2905.06	-1324.17	5817.99
2759.84	-608.129	5459.17
2392.93	1704.74	4804.57
2284.05	2095.36	4421.57
2519.88	1811.83	4640.48
2838	-887.661	4932.35
2710.59	-223.611	4711.51
2587.98	1817.37	4535.44
3274.62	-2759.79	5320.04
3274.62	-2759.79	5320.04
2712.14	545.119	4373.69
2787.95	-818.619	4401.04
2388.4	2197.48	3822.91
2456.54	1719.4	3836.22
2834.23	-1337.56	4149.17
2390.67	1877.44	3501.22
2850.49	-1028.96	4004.36
2819.28	-1485.43	3943.15
2692.88	952.64	3794.93
2508.45	2238.34	3428.88
2688.87	872.041	3547.66
3389.38	-369.303	4356.45
2404.35	1975.92	3138.94
2847.18	-1368.51	3584.45
2718.86	510.318	3440.27
2739.68	211.174	3427.34
2739.68	211.174	3427.34
2593.55	808.276	3253.76
2740.7	114.752	3412.41
2706.12	677.315	3281.33
3372.51	-833.785	3988.53
2527.05	1645.69	3038.43
3003.49	-1096.63	3522.04
2789.07	468.689	3268.92
5987.29	-4203.57	6868.91
5987.29	-4203.57	6868.91
2788.23	613.436	3243.11
2830.87	2024.68	3292.9
3942.43	-376.308	4343.11
3424.61	-1005.75	3611.08
-1872.12	1239.35	2029.68
-1811.89	979.351	1988.18
-1843.09	-462.944	2074.34
-2189.57	372.431	2464.02
-1905.65	-527.835	2178.65
-2050.67	206.195	2328.56
-1820.13	859.769	2109.04
-1901.96	-843.216	2257.96
-2018.94	-1411.39	2413.4
-1853.33	-518.935	2210.45
-1880.09	-25.9848	2237.26
-2062.35	308.701	2466.53
-1974.39	-1266.83	2477.61
-1886.66	1401.83	2320.53
-1879.24	-868.355	2445.19
-1863.89	-321.156	2477.64
-2011.59	536.182	2671.56
-1843.85	633.845	2506.19
-1889.23	-1131.3	2712.88
-1870.51	-114.245	2739.83
-1881.15	-400.746	2769.04
-1839.13	913.485	2706.18
-1902.76	1632.63	2792.51
-1910.42	-809.035	2950.39
-1941.49	-941.077	3022.6
-1879.01	34.9044	2940.41
-1923.67	618.738	3028.06
-1897.8	188.988	3148.38
-1924.16	639.812	3236.15
-1910.96	1968.73	3175.25
-1912.65	2053.37	3206.76
-1924.5	-595.901	3407.2
-1885.06	-380.036	3408.57
-1898.11	-168.613	3672.49
-1462.7	458.674	3011.78
-2019.5	-765.457	4711.71
-1439.65	1992.57	3393.15
-2038.6	-2747.56	5101.45
-1226.44	473.126	2980.17
-1877.68	-2327.68	5082.66
-1665.13	-1226.04	4692.98
-1420.37	2571.64	3833.23
-1853.57	-2813.29	5467.71
-869.173	1211.14	2430.1
-1852.38	-627.653	5427.18
-1127.95	1002.83	3597.65
-1689.02	-2148.54	6147.21
-1625.41	-2537.01	6176.69
-864.729	1653.12	3050.26
-819.162	596.122	3052.47
-1585.63	-1533.3	6334.25
-846.608	1295.32	3395.9
-922.659	2237.16	3658.24
-1565.19	-3127.13	7051
-1649.4	-3457.01	7465.02
-1898	-4465.52	8675.01
-778.776	1655.46	3656.58
-631.443	1696.64	3638.5
-707.592	577.367	4424.84
-1471.12	-5047.14	10144.6
-571.205	246.986	4126.03
625.838	54.1773	4623.87
3161	-6195.85	12385.8
1212.84	2048.34	4484.07
1295.33	2101.58	4457.14
2885.64	-4651.45	8909.3
2694.75	-2185.14	8314.59
3162.9	-3242.64	9482.15
1462.57	2060.09	4493.62
1973.3	595.141	5874.33
1973.3	595.141	5874.33
1857.59	1194.55	5369.35
2051.94	1558.27	4970.05
2960.99	-3181.27	6838.17
2157.75	1605.22	4978.72
2915.39	-2408.13	6327.17
3043.54	-3516.31	6242.68
2166.52	2208.49	4583.94
3205.74	-2270.25	6428.45
2769.56	-609.065	5479.07
2981.54	-1324.13	5743.76
2269.49	2072.55	4361.85
2457.87	1666.8	4655.43
2457.87	1666.8	4655.43
2980.27	-3106.33	5183
2800.77	-397.993	4918.39
2713.41	-222.621	4715.99
2591.12	1824.68	4543.93
2302.82	2556.17	3916.14
3285.77	-2767.88	5336.99
3285.77	-2767.88	5336.99
2832.74	-38.379	4679.68
2837.3	98.0287	4382.97
2786.94	-686.825	4130.15
2559.27	1618.35	3808.95
2407.53	1998.03	3590.08
2816.63	-1484.43	3939.59
2827.51	-878.526	3933.1
2712.89	960.56	3824.97
2405.31	1919.63	3403.16
2834.52	669.546	3855.99
2711.2	879.976	3578.7
3389.72	-368.799	4357.59
2427.7	1996.22	3171.08
2894.31	-1034.23	3654.18
2852.64	-1371.29	3591.19
2700.64	506.781	3416.29
2587.37	805.411	3246.24
2760.37	115.849	3438.71
3440.23	-301.579	4268.09
2755.54	-1407.49	3345.53
2688.49	736.505	3234.33
2510.46	1635.25	3018.49
3458.48	-493.436	4052.66
2759.25	548.186	3238.78
5973.7	-4194.48	6853.21
5973.7	-4194.48	6853.21
3439.53	-874.754	3971.84
2857.01	2045.09	3325.42
2736.82	557.635	3113.89
3447.07	-802.443	3862.29
3526.37	-973.493	3567.75
-1868.04	1236.9	2025.36
-1841.98	994.099	2019.55
-1872.33	-471.353	2106.84
-2172.2	370.135	2445.97
-2150.95	308.895	2459.93
-2010.14	-1405.29	2403.23
-1876.05	-394.577	2231.61
-1876.05	-394.577	2231.61
-1878.43	-25.613	2235.23
-1878.43	-25.613	2235.23
-1912.02	-628.847	2381.9
-1889.56	1403.96	2323.88
-1874.59	-864.759	2438.63
-1879.39	1488.93	2450.81
-2021.68	538.489	2683.82
-1868.98	764.336	2614.51
-1848.05	817.843	2594.07
-1890.14	-1131.87	2714.43
-1900.46	490.318	2703.73
-1976.57	-1063.4	2963.48
-1906.58	-807.259	2944.49
-1877.45	-413.982	2890.56
-1904.85	1833.83	2947.63
-1923.43	733.163	3141.42
-1923.43	733.163	3141.42
-1897.73	189.319	3148.05
-1912.65	2053.45	3207.01
-1904.86	19.8695	3294.4
-2041.67	-930.378	3854.6
-1890.51	-283.682	3546.61
-2031.66	-871.108	4080.07
-1471.76	461.513	3029.45
-1957.09	-1009.09	4217.99
-1988.35	-809.637	4368.88
-1973	-1471.56	4562.5
-1922.07	-2144.54	4659
-2092.78	-2815.25	5227.07
-1210.97	467.638	2948.68
-1899.66	-2353.66	5139.79
-1846.8	-625.441	5413.37
-842.21	1290.28	2567.45
-1134.74	1008.25	3615.86
-876.118	1672.75	3084.7
-783.908	468.181	2891.76
-819.005	596.223	3052.6
-819.005	596.223	3052.6
-916.429	2087.62	3316.72
-1581.57	-1529.14	6320.13
-847.235	1296.33	3398.38
-872.801	2125.15	3474.61
-1566	-3128.14	7053.96
-1646.65	-3451.28	7452.5
-704.515	1714.89	3556.88
-1588.19	-5033.44	10112.4
-631.058	1695.58	3636.63
-708.929	578.687	4434.24
-1496.06	-5122.61	10295.6
-599.122	1645.98	4557.04
624.192	56.4382	4613.09
624.192	56.4382	4613.09
3021.76	-5917.03	11827.5
1305.8	2118.84	4495.59
2841.66	-4888.59	8969.49
3141	-3218.6	9413.67
2926.59	-2519.13	8706
1962.45	591.119	5841.34
1962.45	591.119	5841.34
1840.3	1181.18	5312.16
2110.28	1171.13	5433.02
2904.43	-2805.28	7020.24
3105.72	-3565.43	7105.11
2154.18	1602.52	4970.15
2891.91	-2388.44	6274.99
3025.05	-3496.08	6206.37
2151.43	2189.81	4545.87
3167.69	-2242.37	6349.78
2865.9	-1305.61	5737.81
2185.47	2132.98	4444.33
2393.02	1704.98	4804.69
2799.65	-712.382	5074.45
2799.65	-712.382	5074.45
2340.31	1999.62	4333.59
2716.42	-223.424	4722.11
2563.85	1813.56	4497.86
2876.77	-1133.89	4762.92
2277.2	2158.31	3880.37
3315.33	-2794.54	5387.76
3315.33	-2794.54	5387.76
2828.09	-38.1289	4671.96
2815.18	-704.815	4565.46
2798.2	-508.809	4389.98
2832.08	98.166	4375.65
2382.29	2322.62	3719.1
2820.03	-1486.41	3944.51
2755.11	682.61	3882.89
2679.21	948.641	3776.59
2485.08	1793.03	3449.27
2795.89	-1617.55	3744.46
2734.05	875.922	3711.82
2521.81	1621.89	3428.01
2928.17	-904.439	3806.89
2415.59	1985.88	3153.93
2711.51	509.066	3430.55
2760.08	116.033	3438.17
2649.25	725.923	3186.86
2649.25	725.923	3186.86
2494.38	1625.23	2998.99
3507.66	-500.668	4109.71
2738.08	459.286	3208.76
5888.69	-4133.14	6753.2
5888.69	-4133.14	6753.2
3430.47	-873.005	3962.5
2796.78	615.347	3253.53
2823.85	2020.31	3285.86
3375.25	-962.947	3787.58
3968.97	-377.81	4374.16
3480.39	-1670.23	3506.28
-2217.51	273.314	2371.36
-1869.56	1237.79	2026.7
-1890.25	1021.8	2072.63
-2147.28	308.065	2455.14
-1873.14	887.557	2170.63
-1893.78	-944.854	2243.14
-2016.73	-1409.76	2410.71
-1882.15	-395.292	2238.19
-1882.15	-395.292	2238.19
-1844.65	-516.722	2200.7
-1879.5	-25.8069	2236.56
-1879.5	-25.8069	2236.56
-1837.64	798.871	2207.52
-1886.41	1401.67	2320.25
-1867.44	-862.019	2430.33
-1967.4	-1278.74	2613.7
-1888.28	189.895	2496.96
-1884.33	1492.87	2456.84
-2016.26	537.505	2678.18
-1842.36	633.461	2504.48
-1890.24	-1131.73	2714.51
-1848.66	918.388	2719.1
-1915.34	513.817	2899.08
-1910.1	-809.153	2950.23
-1881.41	-415.855	2897.17
-1905.45	1834.34	2948.05
-1895.56	188.155	3145.72
-1921.92	639.069	3232.17
-1908.89	-88.478	3292.44
-1908.89	-88.478	3292.44
-1927.34	-596.274	3412.43
-1912.91	2150.27	3319.92
-2048.76	-933.613	3868.67
-1452.76	455.512	2991.52
-1980.94	-1477.4	4580.84
-1996.5	-759.034	4662.98
-1200.47	463.931	2926.06
-1882.14	-2332.9	5094.37
-1654.92	-1218.53	4667.09
-1422.93	2575.77	3839.17
-1836.01	-2787.03	5420.66
-1854.37	-627.178	5434.49
-1057.01	123.65	3208.82
-1125.7	1000.51	3589.21
-1614.56	-2519.85	6136.66
-818.499	595.958	3050.5
-818.499	595.958	3050.5
-1560.79	-1510.12	6248.37
-846.646	1295.36	3395.97
-892.95	2172.07	3552.63
-1551.36	-3100.48	6989.66
-863.68	2077.09	3539.67
-1633.06	-3424.23	7393.64
-1875.68	-4415.31	8576.58
-775.199	1648.77	3641.62
-704.91	1715.8	3559.17
-704.085	576.247	4413.58
-1493.1	-5118.59	10287.4
-590	1625.51	4502.06
621.205	56.4995	4591.26
621.205	56.4995	4591.26
2992.96	-5862.02	11714.7
1214.37	2050.89	4489.62
2867.01	-4611.3	8845.63
3277.94	-3376.33	9858.2
2921.08	-2515.41	8692.43
1974.64	594.095	5880.13
1974.64	594.095	5880.13
1854.6	1191.54	5358.4
2054.41	1560.66	4976.19
2976.15	-3197.08	6875.38
3100.62	-3558.87	7092.86
2158.34	1605.78	4980.27
2906.46	-2400.41	6307.95
3072.49	-3554.83	6309.11
3200.49	-2267.01	6419.32
2851.24	-1299.82	5706.43
2790.45	-710.665	5057.71
2521.52	1813.17	4644.42
2356.59	1856.76	4312.55
2402.49	2131.84	4360.39
2366.7	2093.52	4267.92
2805.35	-398.76	4925.94
2709.98	-222.929	4710.32
2877.89	-1133.7	4764.43
3274.04	-2758.03	5318.04
3274.04	-2758.03	5318.04
2800.11	-822.861	4421.34
2833.4	97.8087	4377.08
2587.06	1313.49	3867.2
2848.7	377.275	4216.99
2605.97	1684.01	3796.91
2816.75	-1484.42	3939.51
2818.91	-875.83	3921.65
2704.27	957.092	3812.6
2751.03	769.696	3845.19
2439.6	2316.99	3420.36
2485.19	1791.62	3435.07
2490.1	1778.03	3433.83
2706.9	867.056	3674.02
3400.84	-369.23	4372.72
2895.17	-1393.05	3647.34
2735.52	212.09	3422.37
2595.55	809.254	3257
2750.22	115.149	3425.56
3492.82	-306.496	4334.08
2713.14	680.041	3292.21
2518.77	1641.59	3028.57
2784.79	467.82	3264.13
5890.44	-4134.61	6755.4
3484.94	-887.023	4026.48
2785.49	612.806	3240.09
2862.82	2050.4	3334.13
3540.25	-699.886	4038.05
3927.8	-374.239	4327.48
3356.5	-870.235	3678.5
3135.99	-1492.96	3249.59
3533.42	-1696.14	3560.79
