-2208.57	272.96	2362.7
-1881.04	1204.44	2059.06
-1898.95	1026.64	2082.06
-2165.11	312.936	2478.81
-1888.18	894.457	2187.96
-1860.73	1333.8	2151.95
-2011.54	-1408.57	2402.12
-1902.66	-401.71	2264.3
-1900.65	-25.7244	2261.54
-1900.65	-25.7244	2261.54
-1866.52	812.194	2242.29
-1996.07	-1280.27	2504.53
-1900.58	-779.718	2393.41
-1908.02	84.0888	2395.38
-1908.02	84.0888	2395.38
-1866.66	-711.662	2376.12
-2033.15	543.159	2701.41
-1944.56	-1236.04	2668.42
-1870.74	642.899	2542.68
-1930.53	-1036.56	2730.81
-1890.66	-402.524	2783.43
-1854.26	920.633	2728.53
-1903.3	1720.3	2825.45
-1909.29	1808.2	2869.68
-1905.09	-699.296	3069.32
-1914.89	1996.39	3067.48
-1914.89	1996.39	3067.48
-1927.59	734.685	3148.11
-1908.04	189.749	3166.93
-1937.81	644.385	3259.57
-1909.31	-185.256	3276.6
-1908.53	-286.474	3579.83
-1851.41	-851.631	3532.97
-1475.68	463.202	3036.08
-2591.12	-2857.17	5537.09
-2030.75	-1041.1	4381.09
-2005.07	-816.122	4407.56
-2032.24	-769.308	4743.33
-1727.99	-1118.41	4071.64
-1913.36	-2135.1	4641.99
-2139.38	-2877.33	5347.14
-1833.97	-2119.37	4699.53
-1859.26	-626.509	5455.97
-834.468	1279.24	2544.58
-834.468	1279.24	2544.58
-1150.63	1054.16	3573.18
-836.781	443.228	2892.02
-772.941	462.165	2852.72
-808.2	588.735	3014.22
-1571.73	-1518.69	6281.63
-850.94	1299.28	3407.11
-883.442	2156.97	3528.5
-883.442	2156.97	3528.5
-1300.8	-579.029	5448.77
-841.906	1474.35	3443.68
-941.156	2579.64	3836.5
-1614.79	-3387.66	7321.78
-1883.59	-4434.82	8621.33
-1677.9	-3853.1	8161.23
-768.154	1630.66	3602.01
-682.935	1813.59	3523.94
-713.31	582.426	4457.83
-600.692	1651.48	4575.36
570.832	9.72823	3981.73
2876.26	-5623.39	11254.2
1163.49	1978.02	4342.24
2935.62	-4104.91	9991.35
2792.46	-4796.71	8815.92
1402.68	2060.66	4483.34
1928.3	581.796	5741.76
1928.3	581.796	5741.76
1792.07	1154.11	5169.49
2780.41	-1688.94	7609.9
2780.41	-1688.94	7609.9
2931.81	-1616.25	7612.18
2666.37	-2717.5	6737.67
2847.41	-3127.47	6950.6
2787.34	-2137.02	6299.51
2091.19	1395.32	4797.93
2091.19	1395.32	4797.93
2892.47	-2389.57	6279.85
2960.76	-3543.42	6377.47
2086.79	2123.37	4417.63
2719.93	-1343.98	5587.08
2333.95	1674.27	4693.75
2415.6	1634.73	4571.35
2074.17	2581.7	3943.47
2200.2	2058.45	4119.33
2754.61	-861.72	4788.26
2674.92	-218.81	4653.12
2705.79	-243.327	4641.5
2735.07	-801.968	4648.57
3149.84	-3032.45	5249.6
2228.75	2447.5	3826.33
3264.24	-3181.92	5173.1
2678.4	227.161	4286.15
2716.31	185.703	4283.54
2275.29	2234.33	3588.59
2587.78	669.318	3988.05
2714.88	-629.745	4079.89
2464.01	1247.04	3682.89
2325.36	1928.06	3492.34
2729.29	-1382.16	3867.52
2677.49	748.503	3744.26
2384.33	1534.82	3318.33
2685.77	944.079	3665.03
2873.65	-595.604	3881.42
2709.13	-1439.61	3499.81
2898.57	-817.143	3742.22
2346.8	1928.32	3062.57
2387.43	1477	3066.61
2637.49	495.499	3336.2
2862.99	-1007.37	3502.63
2630.45	658.798	3191.83
2576.08	705.127	3098.76
3184.9	-785.476	3758.56
2847.92	-1038.58	3337.49
2704.95	537.614	3176.94
5599.58	-3930	6423.61
3269.99	-900.685	3772.37
2755.42	1969.88	3203.3
3493.77	-605.18	3990.88
2669.71	543.874	3038.44
5640.87	-3421.73	6217.75
2461.71	1696.42	2753.43
3357.63	-1611.94	3384.8
-2219.6	274.768	2375.55
-1885.98	1247.77	2044.44
-1888.03	1020.87	2070.31
-1891.84	-133.849	2127.62
-2246.45	382.415	2525.24
-1902.87	901.289	2204.08
-1872.97	1341.73	2166.18
-2011.98	-1408.79	2401.9
-1906.47	-399.522	2266.37
-1895.48	-26.3424	2256.21
-1895.48	-26.3424	2256.21
-1906.7	83.482	2393.77
-1886.28	-718.716	2399.94
-1886.28	-718.716	2399.94
-1915.08	192.165	2532.18
-2044.89	546.783	2717.72
-1889.41	1548.19	2519.67
-1963.09	-1247.26	2693.15
-1894.27	1512.43	2564.36
-1896.79	-509.036	2669.08
-1944.13	-1043.39	2749.32
-1853.18	819.594	2602.3
-1853.18	819.594	2602.3
-1915.24	493.412	2723.53
-1957.49	-948.686	3049.73
-1921.59	-705.724	3095.12
-1900.28	1981.64	3045.32
-1940.87	740.133	3168.77
-1915.96	190.473	3179.42
-1927.84	790.267	3227.04
-1566.73	1039.78	2674.85
-1920.06	19.8974	3321.52
-1926.4	2268.24	3482.84
-1872.05	-860.427	3570.42
-1933.6	-172.167	3740.71
-1467.24	460.555	3022.18
-2013.78	-819.582	4427.15
-1805.41	-1165.44	4244.19
-1951.61	-2176.73	4733.36
-1763	-968.502	4278.89
-1750.48	-2050.92	4716.15
-1415.38	2562.94	3821.71
-1725.48	-1551.66	5263.02
-832.759	1277.11	2540.17
-832.759	1277.11	2540.17
-1161.07	1063.43	3594.61
-821.142	435.747	2842.61
-773.233	462.749	2852.12
-889.715	2178.35	3562.31
-853.824	1494.36	3490.41
-939.598	2577.5	3833.14
-1544.46	-3085.72	6975.79
-830.664	1691.85	3547.91
-1705.69	-3914.14	8289.57
-766.571	1627.52	3594.74
-747.311	2045.81	3479.08
-1593.86	-4972.11	8437.57
-703.028	574.6	4399.83
-597.01	1643.95	4552.66
1085.78	-1882.09	7844.43
561.907	10.0484	3878.13
1181.55	2014.33	4420.06
1369.65	2033.62	4418.88
3008.92	-3082.26	9019.42
2794.27	-2394.58	8300.69
1911.98	575.751	5691.72
1911.98	575.751	5691.72
1659.78	1853.15	4614.06
1659.78	1853.15	4614.06
2904.46	-1602.23	7536.63
2678.26	-2732.66	6772.25
2678.26	-2732.66	6772.25
2865.74	-3147.83	6992.49
2002.01	1504.4	4859.92
2106.64	1557.08	4872.56
1941.9	2170.92	4447.65
2892.39	-2237.04	6049.43
2065.31	2100.3	4369.51
2808.96	-1389.36	5772.87
2822.04	-1528.3	5686.97
2410	1629.9	4558.38
2683.94	-550.613	4942.29
2293.34	1808.02	4212.32
2855.53	488.03	4978.88
3195.57	-3074.61	5325.12
3195.57	-3074.61	5325.12
2200.5	2414.96	3777.5
2200.5	2414.96	3777.5
2706.14	-821.536	4510.56
2723.12	-36.8634	4498.71
2276.14	2234.42	3589.03
2585.16	670.172	3984.43
2708.61	-773.022	4107.67
2877.1	-205.179	4368.62
2342.43	1183.25	3498.83
2723.51	-1378.79	3858.26
2344.43	1868.62	3345.4
2966.25	-511.403	4137.83
2675.85	748.116	3742.07
2443.93	1574.59	3404.72
2629.83	853.986	3472.25
2816.3	-869.897	3662.45
2816.3	-869.897	3662.45
2355.38	1936.65	3075.7
2389.76	1481.03	3090.92
3385.5	-193.249	4319.96
2744.42	-1317.16	3453.08
2657.77	204.945	3324.85
2469.91	1608.88	2979.64
2655.37	528.647	3117.99
2618.11	702.351	3073.72
2695.77	594.652	3137.73
5653.38	-3968.44	6485.07
2696.02	1924.85	3132.38
3243.75	-925.967	3639.83
3348.1	-779.512	3750.34
2580.1	690.993	2882.24
3826.83	-508.362	4230.63
3319.01	-860.977	3641.63
3289.65	-1204.85	3429.22
-1888.33	1249.42	2047.01
-1886.81	1019.85	2068.48
-2231.36	380.461	2510.21
-2155.44	311.753	2468.12
-1872.33	1341.81	2165.14
-1959.33	-865.645	2322.77
-2016.41	-1411.78	2407.53
-1893.13	-26.0549	2253.21
-1893.13	-26.0549	2253.21
-1998.2	-1282.42	2508.93
-1908.19	83.3739	2395.69
-1883.45	-717.482	2395.85
-1997.23	-1174.27	2632.76
-1908.1	191.614	2523.2
-2040.23	544.904	2710.52
-1891.05	-507.543	2661.18
-1852.06	818.981	2601.06
-1852.06	818.981	2601.06
-1891.07	1656.92	2643.79
-1891.07	1656.92	2643.79
-1900.58	490.13	2703.82
-1885.68	-401.574	2776.94
-1945.18	-1048.22	2920.89
-1961.09	-950.487	3055.34
-1928.34	620.65	3036.04
-1914.83	-703.731	3084.72
-1950.36	-827.743	3179.66
-1922.63	-201.292	3200.09
-1922.63	-201.292	3200.09
-1906.77	189.565	3164.77
-1503.37	1193.65	2556.3
-1906.81	1998.24	3247.96
-1916.29	2155.61	3331.22
-1918.32	1991.26	3601.85
-1478.22	463.839	3042.57
-1517.37	914.561	3116.41
-2011.77	-818.379	4421.94
-1926.41	-2150.57	4677.49
-1205.57	465.83	2935.4
-1413.08	2559.33	3815.66
-1669.87	-1228.79	4711.92
-832.113	1276.65	2538.62
-1157.21	1059.28	3583.32
-1683.11	-2140.82	6130.67
-855.943	1638.06	3020.75
-1639.04	-2555.53	6234.95
-780.569	466.736	2877.72
-891.065	2181.75	3568.9
-845.313	1482.12	3461.89
-859.666	1662.01	3547.71
-940.907	2581.22	3839.13
-1726.9	-3961.17	8387.34
-771.338	1636.57	3614.63
-736.44	2021.37	3431.5
-1564.55	-4884.33	8279.54
-1798.53	-5020.68	10251.2
-704.045	574.955	4403.87
-619.477	1443.52	4483.58
-589.896	1627.97	4506.32
558.974	8.93482	3861.42
1993.95	-3023.41	8988.7
1993.95	-3023.41	8988.7
2810.82	-3923.12	9550.76
1274.04	2085.83	4425.34
1313.22	1936.82	4209.67
1920.33	579.486	5717.29
1920.33	579.486	5717.29
1686.25	1880.69	4685.74
1916.9	1185.24	5199.88
1916.9	1185.24	5199.88
2911.37	-1605.54	7557.81
1743.24	1790.28	4621.28
2661.29	-2714.58	6727.09
2848.2	-3128.01	6948.87
2001.48	1504.16	4859.52
2099.97	1551.84	4856.6
1935.18	2158.28	4422.24
2894.45	-2238.91	6054.82
2102.66	2138.81	4449.48
2874.94	-1803.43	5904.34
2849.14	-1541.11	5741.09
2308.65	1658.73	4644.81
2326.56	1657.47	4673.07
2664.09	-585.564	5268.97
2847.6	486.703	4964.85
2679.98	-390.292	4537.46
3143.62	-3021.48	5232.96
3143.62	-3021.48	5232.96
2215.16	2431.76	3803.92
2215.16	2431.76	3803.92
2723.91	-36.7362	4499.73
2717.44	-915.613	4417.72
2286.85	2246.09	3607.89
2321.93	2490.56	3623.82
2581.21	668.733	3977.82
2866.76	-204.544	4352.79
2317.02	1921.54	3479.93
2314.25	1170.05	3458.35
2615	922.497	3682.71
2665.39	745.708	3725.71
2443.58	1574.85	3406.3
2905.6	-694.257	3938.85
2730.8	-1451.96	3528.6
2730.8	-1451.96	3528.6
2866.59	-807.876	3697.33
2866.59	-807.876	3697.33
2409.69	1494.14	3118.68
3487.03	-199.079	4451.76
2636.29	493.993	3332.6
2901.6	-958.353	3476.7
2901.6	-958.353	3476.7
2443.66	1591.13	2946.39
2432.66	1587.94	2928.54
2603.61	698.305	3055.77
2696.68	595.353	3139.55
5671.5	-3981.69	6507.11
5671.5	-3981.69	6507.11
2707.15	1933.19	3146.13
2677.17	545.017	3047.53
3312.1	-770.916	3708.85
2578.21	690.984	2879.98
3689.74	-490.453	4079.93
-2234.72	276.258	2389.89
-1879.24	1243.95	2037.53
-1883.46	1017.23	2065.87
-1857.92	-465.521	2091.15
-2206.23	375.998	2482.52
-1889.48	894.444	2189.01
-1866.05	1336.93	2157.51
-2022	-1415.16	2413.24
-1896.8	-26.4776	2257.73
-1901.2	-779.775	2393.83
-1898.26	-723.072	2413.4
-1940.81	320.146	2525.93
-1906.81	192.337	2521.15
-1944.27	-1234.82	2667.99
-1902.74	1593.99	2605.73
-1902.74	1593.99	2605.73
-1895.33	-509.689	2667.98
-1938.54	-1041.34	2742.64
-1850.63	818.684	2598.99
-1865.94	755.914	2677.59
-1901.16	-404.685	2798.58
-1860.96	923.686	2738.19
-1928.82	516.944	2919.9
-1905.18	-19.3484	2917.12
-1927.05	35.2839	3015.22
-1905.46	1834.99	2949.23
-1895.53	-558.048	3038.08
-1895.53	-558.048	3038.08
-1928.69	735.857	3149.25
-1915.7	189.932	3179.69
-1946.08	734.867	3309.53
-1570.72	1043.7	2679.74
-1917.86	2337.25	3502.34
-1851	-850.594	3529.28
-1859.13	-862.977	3595.54
-1912.49	-171.32	3703.24
-1454.82	457.546	2999.11
-1755.47	-1133.2	4128.08
-1916.1	-2138.7	4652.44
-1402.1	2541.75	3789.97
-865.956	1206	2419.86
-1861.2	-625.918	5461.42
-1697.49	-1528.02	5181.24
-1065.78	125.427	3228.74
-1143.37	1048.4	3553.48
-881.375	1684.21	3104.58
-775.148	463.205	2860.94
-1304.08	-580.003	5459.66
-855.347	1492.13	3484.72
-869.673	1681.9	3591.69
-1582.28	-3158.47	7135.44
-1622.63	-3402.03	7350.85
-1907.74	-4485.57	8719.71
-699.197	1701.36	3529.89
-712.027	580.214	4443.5
-1514.86	-5188.37	10439.6
571.278	13.4102	4001.26
2852.52	-5570.28	11148.6
2917.02	-4896.94	10648.7
1174.08	1997.71	4385.45
1257.96	2057.63	4366.87
2764.5	-4439.42	8524.38
1309.68	1914.94	4165.38
3066.28	-3139.59	9191.65
2822.2	-2417.64	8381.64
1473.59	2039.13	4476.98
1805.09	1159.23	5213.15
2657.7	-2711.02	6715.69
2840.37	-3118.7	6928.3
2807.68	-2464.47	6574.39
2886.37	-2109.48	6425.25
2078.62	2113.71	4396.49
2829.44	-1531.82	5700.98
2694.62	-891.508	5302.21
2695.87	1335.77	5207.91
2396.39	1621.4	4534.29
2396.39	1621.4	4534.29
2658.12	1385.73	5002.85
2062.71	2565	3921.13
2184.07	2043.38	4084.31
2640.33	-215.167	4590.2
2697.01	-390.788	4566.02
3143.57	-3022.17	5234.87
3143.57	-3022.17	5234.87
2202.49	2417.45	3779.07
2645.56	-122.69	4406.94
3149.98	-2663.5	5126.65
2725.19	-578.904	4343.65
2767.36	28.873	4396.88
2282.1	2240.78	3597.5
2880.37	-204.131	4371.19
2713.6	-1255.81	4061.79
2495.71	1263.72	3732.71
2329.47	1932.47	3499.33
2796.32	370.411	4140.61
2722.21	-1433.45	3807.17
2676.89	748.954	3743.67
2403.33	1547.05	3343.32
2731.67	-1580.41	3659.63
2598.36	277.165	3518.12
2847.98	-779.507	3825.91
2642.53	847.245	3587.58
2877.3	-889.172	3744.27
2336.97	1920.07	3048.01
2405.17	1492.53	3115.65
3279.14	-704.096	3967.48
3253.26	-978.473	3817.05
2682.71	534.127	3151.35
5685.26	-3990.53	6522.05
5685.26	-3990.53	6522.05
2707.4	597.802	3152.41
2588.34	692.5	2892.4
2588.34	692.5	2892.4
3507.05	-686.632	3861.59
3213.47	-1175.76	3347.17
3456.96	-954.604	3499.36
3264.81	-1564.94	3285.7
-1873.87	1240.88	2032.33
-1880.63	1203.79	2058.39
-1881.34	1017.76	2063.32
-2231.32	380.317	2510.85
-2164.3	312.499	2477.06
-1904.31	901.809	2204.85
-1992.38	-1239.78	2347.07
-1992.38	-1239.78	2347.07
-1921.52	-851.217	2282.47
-1906.4	-402.003	2268.35
-1889.14	-25.9253	2248.76
-1889.14	-25.9253	2248.76
-1915.24	-627.338	2391.5
-1996.19	-1281.78	2505.96
-1887.14	1403.06	2321.19
-1872.89	-713.159	2382.51
-1862.97	963.621	2381.03
-1947.59	320.93	2534.05
-2030.17	543.063	2699.36
-1948.4	-1238.47	2673.44
-1893.57	-508.515	2664.73
-1917.5	409.762	2778.72
-1914.76	1705.03	2751.49
-1858.31	922.243	2734.02
-1944.29	629.192	2918.33
-1924.35	-814.745	2973.11
-1908.03	167.899	3078.2
-1933.86	590.351	3188.22
-1912.86	-198.183	3182.61
-1918.28	190.345	3182.92
-1938.94	732.574	3298.4
-1542.46	1220.52	2612.64
-1570.26	1041.56	2680.36
-1912.17	20.6352	3308.05
-1919.7	2076.85	3309.15
-1934.24	-597.664	3427
-1913.47	-386.052	3460.8
-1962.88	-900.911	3733.82
-1906.29	2432.83	3614.27
-2556.84	-2816.11	5460.88
-1996.38	-757.592	4665.51
-1714.85	-1107.31	4037.09
-1923.9	-2147.69	4671.67
-2089.89	-2813.21	5229.36
-1818.84	-2104.02	4666.28
-1643.75	-1208.84	4638.58
-866.777	1207.37	2422.52
-1065.24	124.951	3228.99
-1120.43	1028.74	3496.06
-862.643	1650.28	3042.73
-773.81	462.818	2855.44
-812.163	591.554	3027.4
-849.367	1297.83	3402.51
-878.75	2150.69	3518.95
-870.918	1683.16	3594.88
-1552.18	-3100.55	6996.27
-1602.5	-3361.47	7262.8
-1886.42	-4441.98	8634.9
-779.332	1650.76	3645.24
-707.813	578.219	4427.8
-593.936	1639.02	4538.63
585.359	15.4247	4161.59
585.359	15.4247	4161.59
2846.54	-5563.58	11133.6
2905.81	-4879.03	10608
1177.19	2004.14	4399.01
2806.45	-3915.31	9537.97
2728.46	-4686.24	8608.46
1313.84	1921.1	4179.06
2790.5	-2396.07	8290.19
1488.52	2061.04	4525.42
1928.58	583.578	5741.41
2790.37	-1697.03	7644.5
1902.95	1179.97	5156.94
1902.95	1179.97	5156.94
1895.91	1537.48	4850.34
2818.21	-2904.62	6954.37
2156.42	1601.47	4822.62
2984.91	-3573.11	6428.94
2885.84	-2347.73	6119.86
2090.43	2127.15	4425.89
2722.39	-1017.4	5516.18
2778.77	-1265.34	5561.83
2328.24	1671.2	4683.7
2854.48	-1266.6	5498.17
2677.56	1395.81	5041.65
2066.64	2573	3929.13
2256.54	1946.79	3991.59
2662.01	-218.413	4630.05
3156.71	-3041.48	5263.84
2212.06	2431.1	3793.55
2708.64	-821.421	4513.93
2726.84	-37.0329	4505.24
3195.68	-2691.28	5192.63
3141.23	1888.9	5203.45
3239.25	-3161.3	5136.97
2501.92	1266.26	3736.9
2901.08	-412.785	4180.36
2760.23	-835.967	3915.65
2733.54	-1440.21	3824.15
2631.75	928.451	3706.74
2607.17	277.149	3528.78
2607.17	277.149	3528.78
2640.47	844.679	3581.86
2382.2	1815.51	3222.55
2794.09	-862.261	3631.12
2794.09	-862.261	3631.12
2354.85	1935.51	3074.95
2404.39	1490.75	3108.33
3411.34	-194.564	4349.75
2759.42	-1326.04	3474.05
2639.79	660.934	3202.35
2456.59	1600.74	2962.96
3341.14	-476.719	3917.58
2696.45	536.793	3168.01
5603.88	-3931.38	6427.12
2701.78	595.995	3144.69
3289.4	-835.624	3798.08
2719.23	1943.61	3163.23
3427.88	-592.622	3908.04
2596.29	695.326	2901.14
2481.35	1708.66	2775.68
3414.27	-942.869	3456.67
