-2252.58	278.134	2409.17
-1883.62	1246.71	2042.89
-1856.34	1002.33	2034.71
-1907.03	1221.23	2087.24
-1912.76	-478.094	2150.37
-2214.38	377.941	2494.12
-1884.49	892.864	2183.65
-1961.67	-868.19	2328.18
-2023.08	-1416.12	2415.16
-1921.96	-404.238	2286.25
-1910.62	-25.7978	2273.69
-1910.5	-783.185	2404.69
-1909.9	1420.33	2348.9
-2034.73	543.947	2704.39
-1880.95	-223.654	2626.04
-1914.78	-637.187	2695.24
-1946.43	-1044.47	2752.74
-1905.46	-512.571	2682.67
-1872.37	827.806	2628.97
-1872.37	827.806	2628.97
-1903.08	772.741	2733.38
-1925	1743.48	2855.41
-1921.8	-302.663	2960.59
-1922.36	1851.71	2975.11
-1926.56	-193.957	3086.71
-1923.72	1933.51	3025.07
-1935.19	-85.1888	3224.84
-1959.36	652.445	3294.74
-1955.02	738.602	3326.34
-1584.73	1054.86	2704.19
-1943.77	-601.381	3444.37
-1900.86	-874.83	3614.93
-1870.52	1927.56	3513.75
-1533.69	437.229	3013.34
-1472.16	462.323	3032.05
-2018.6	-765.843	4718.83
-1743.91	-1128.91	4106.97
-1923.61	-2146.79	4669.45
-2121.8	-2855.33	5304.39
-1855.52	-2145.33	4755.99
-1737.32	-2208.01	6316.29
-786.875	470.96	2905.22
-786.875	470.96	2905.22
-822.501	597.898	3065.26
-851.203	1716.22	3182.59
-851.203	1716.22	3182.59
-875.86	1694.15	3615.22
-1637.79	-3432.4	7415.81
-1913.78	-4501.85	8753.08
-1757.63	-4042.04	8551.9
-778.728	1655.42	3653.81
-685.979	1448.96	3487.33
-685.979	1448.96	3487.33
-713.742	582.271	4462.1
-1498.59	-5151.37	10363.2
664.397	68.7752	4699.9
664.397	68.7752	4699.9
1215.66	2047.84	4480.73
3068.4	-4283.05	10437.1
1300.51	2107.67	4464.53
2862.47	-4918.69	9035.98
2883.21	-2480.23	8574.43
3061.42	-2875.12	8948.71
2763.71	-3814.3	7937.89
1985.02	592.445	5916.73
1985.02	592.445	5916.73
1421.29	1946.87	4265.4
1947.44	1206.92	5279.52
1947.44	1206.92	5279.52
2884.45	-2786.56	6972.36
3065.17	-3517.8	7005.44
1974.13	2203.94	4505.69
2946.41	-2398.42	6247.16
3024.1	-3493.86	6203.2
2184.78	2226.83	4622.87
2820.11	-1284.32	5643.92
2820.11	-1284.32	5643.92
2787.62	1382.07	5384.75
2449.87	1665	4644.77
2732.11	1431.82	5138.35
2473.74	1778.86	4555.53
2781.48	875.654	4932.89
2711.47	-220.903	4715.92
2740.98	-398.146	4641.08
2774.23	-840.527	4622.76
3247.52	-2741.85	5280.42
2356.73	2080.64	3915.05
2756.56	-679.164	4283.71
2197.99	2298.31	3414.8
2405.37	2372.9	3650.86
2387.24	1211.8	3572.96
3259.5	-213.754	4585.01
2665.84	352.869	3726.97
2735.03	764.445	3824.46
2651.9	281.18	3588.21
2796.91	-1199.31	3695.65
2796.91	-1199.31	3695.65
2654.99	861.876	3503.52
2769.14	-1472.47	3578.33
2769.14	-1472.47	3578.33
3560.5	-203.203	4544.04
2871.24	-755.104	3628.86
2402.6	1497.66	3097.01
2574.95	703.642	3092.59
2718.88	539.851	3191.37
2686.14	721.672	3155.43
5847.63	-4104.16	6706.47
2868.59	-1129.04	3230.49
2728.15	553.456	3104.41
3424.06	-796.429	3837.2
3944.2	-374.537	4350.7
3345.49	-1167.05	3537.11
3313.49	-1213.32	3454.01
4056.21	-861.837	4130.35
-2263.51	278.809	2419.22
-1885.14	1247.33	2043.94
-1872.81	-473.985	2109.16
-2167.56	312.087	2480.32
-1912.18	905.595	2214.67
-1935.88	-857.451	2297.78
-2029.64	-1420.03	2423.64
-1902.61	-398.728	2261.97
-1897.16	-26.1618	2258.14
-1897.16	-26.1618	2258.14
-1870.85	812.712	2250.52
-2002.51	-1282.91	2512.06
-1901.42	-779.611	2393.57
-1919.06	193.878	2537.18
-1912.79	-625.586	2563.39
-2056.53	549.453	2731.34
-1850.06	637.49	2516.61
-1929.46	299.45	2673.49
-1922.57	-1151.2	2761.15
-1916.54	1634.89	2714.81
-1902.43	-405.03	2800.56
-1917.93	1736.99	2844.9
-1961.92	-949.85	3056.47
-1916.46	-563.064	3069.8
-1916.46	-563.064	3069.8
-1927.86	-193.592	3088.6
-1947.05	742.061	3179.79
-1947.05	742.061	3179.79
-1924.34	190.588	3193.16
-1929.01	1989.35	3204.78
-1944.08	19.846	3361.72
-1944.88	2108.38	3343.87
-1903.31	1960.7	3573.67
-1493.86	468.635	3074.33
-2275.8	-2002.33	4886.9
-1999.22	-1028.74	4317.79
-2003.75	-762.789	4687.75
-1782.88	-979.122	4329.7
-2144.58	-2888.76	5363.89
-1843.25	-2131.14	4727.09
-1676.56	-1236.08	4731.85
-1431.91	2592.28	3864.41
-1751.8	-2341.84	5201.91
-1071.74	125.324	3246.5
-985.111	1948.24	3099.8
-877.779	1682.02	3095.13
-785.415	469.736	2896.95
-820.527	596.794	3058.21
-1306.64	-582.761	5469.28
-867.884	1505.96	3514.34
-886.049	2166.09	3540.43
-886.049	2166.09	3540.43
-1671.13	-3501.41	7562.47
-1913.45	-5054.07	9318.25
-1728.58	-3974.79	8406.21
-785.888	1667.83	3681.85
-634.346	1705.83	3655.29
-1556.19	-5346.61	10757.2
-703.832	575.525	4409.84
-577.55	256.48	4165.77
-631.102	1471	4561.32
743.191	78.109	5337.32
743.191	78.109	5337.32
2083.59	-5364.31	11254.9
2096.64	-4428.09	10522.9
2013.76	-2207.05	8350.46
2013.76	-2207.05	8350.46
1215.11	2048.6	4480.72
2852.25	-4899.78	9001.68
2886.45	-4636.05	8901.29
1962.99	593.943	5843.67
1962.99	593.943	5843.67
1695.21	1886.78	4673.47
1939.34	1576.29	4952.75
3073.19	-3526.72	7025.1
3073.19	-3526.72	7025.1
2945.62	-2451.11	6512.84
2936.29	-2425.75	6377.57
2931.47	-1587.81	5907.95
2842.9	-1295.64	5690.78
2842.56	-1178.61	5618.5
2187.63	2135.46	4443.9
2378.74	1709.19	4783.35
2207.63	2219.92	4254.42
2733.38	1432.06	5140.1
2621.24	1742.38	4786.53
3046.86	517.368	5307.29
2746.6	-400.808	4650.98
3265.4	-2761	5312.59
2345.81	2070.99	3895.34
2880.76	-2145.44	4413.8
2648.82	688.593	4083.09
2998.64	-213.863	4554.86
2356.84	2528.12	3677.5
2343.2	2305.49	3549.16
2382.7	1207.68	3563.08
2817.43	-1016.78	3956.99
2798.07	-1473.19	3912.56
2685.53	354.928	3754.74
2388.37	1544.64	3325.6
2719.9	882.253	3748.75
2963.88	-708.998	4016.7
2464.16	1771.32	3415.44
2932.75	-607.972	3961.2
2797.51	-1486.65	3616.34
2872.77	-887.196	3732.9
2691.38	874.163	3552.6
3479.54	-198.039	4439.03
3305.93	-708.984	3997.77
2496.66	1627.21	3000.19
5867.07	-4119.63	6727.45
5867.07	-4119.63	6727.45
3362.95	-853.659	3882.37
3509.93	-606.681	4002.67
2733.81	555.267	3110.87
2624.48	617.399	2988.6
3452.52	-804.154	3867.44
2654.43	712.993	2963.27
2654.43	712.993	2963.27
3352.09	-1227.86	3494.33
-2221.97	275.036	2377.91
-1880.27	1244.28	2038.92
-1905.21	1028.52	2088.81
-2219.46	378.188	2498.38
-1992.86	-1239.72	2347.63
-1992.86	-1239.72	2347.63
-1902.38	901.122	2204.12
-1931.72	-855.861	2293.4
-2013.51	-1409.2	2404.98
-1886.67	-528.939	2250.53
-1895.62	-26.1259	2256.65
-1895.62	-26.1259	2256.65
-1998.38	-1280.39	2506.95
-1901.76	-624.455	2372.66
-1915.43	193.259	2532.67
-2037.17	544.083	2706.26
-1849.26	729.95	2474.88
-1853.73	639.086	2521.64
-1933.19	300.125	2678.77
-1910.57	-635.38	2689.27
-1923.07	-1150.88	2761.77
-1916.69	1635.08	2715.06
-1916.21	-513.095	2812.02
-1918.04	1736.93	2845.35
-1937.03	520.285	2932.34
-1960.49	-949.834	3054.06
-1935.41	540.066	3026.96
-1932.78	193.147	3205.36
-1923.36	-187.184	3301.34
-1924.44	2068	3226.78
-1870.69	1694.43	3217.37
-1950.09	-602.57	3453.91
-1894.77	1952.02	3557.68
-1686.09	1931.88	3165.37
-1937.86	-172.436	3751.01
-2071.98	-886.923	4159.09
-1482.08	465.31	3049.55
-2539.6	-2794.04	5426.58
-2295.48	-2018.52	4929
-2022.18	-1040.79	4367.08
-2020.61	-767.327	4722.35
-1927.38	-2152.53	4682.65
-1797.98	-988.317	4364.25
-2098.4	-2828.78	5252.83
-1210.43	467.697	2948.17
-1865.68	-2157.17	4782.54
-1706.15	-1257.75	4812.66
-1605.85	-1434.37	5623.3
-786.799	470.92	2900.56
-1316.89	-587.262	5512.06
-859.042	1311.49	3438.18
-866.771	1502.66	3506.38
-907.681	2211.26	3615.43
-907.681	2211.26	3615.43
-1186.54	-1303.78	5174.14
-1687.02	-3533.27	7629.43
-1841.49	-4871.62	8979.31
-1724.42	-3964.79	8387.44
-1442.09	-1035.42	7177.01
-781.531	1660.57	3665.35
-635.549	1708.64	3660.82
-1544.98	-5311.56	10677
-584.395	257.433	4209.71
727.442	76.0061	5222.49
727.442	76.0061	5222.49
2087.28	-5370.53	11273
2101.17	-4440.74	10546
2910.01	-5685.68	11368.1
1214.8	2047.32	4478.05
1297.18	2101.52	4449.17
2970.51	-4773.17	9162.8
2975.83	-2559.21	8855.53
3074.55	-2880.43	8980.74
1972.83	594.805	5873.35
1972.83	594.805	5873.35
1500.86	2072.18	4532.16
1940.92	1578.22	4955.69
2754.95	-2355.13	6556.91
2042.27	1555.02	4942.22
3068.66	-3520.78	7014.74
3068.66	-3520.78	7014.74
2868.52	-2201.39	6481.24
2964.07	-2411.67	6284.03
2838.59	-1293.75	5680.86
2836.79	-1176.36	5608.45
2836.79	-1176.36	5608.45
2182.44	2130.18	4432.83
2206.2	2219.74	4251.5
2337.46	2012.15	4332.48
2730.55	-223.498	4750.49
3054.11	519.18	5319.69
2782.93	1800.54	4902.55
3274.49	-2769.31	5327.85
3649.73	2252.37	6066.28
2358.79	2085.06	3919.1
2851.93	-78.2459	4568.6
2883.53	-2147.74	4418.54
2644.16	687.117	4075.52
2360.29	2531.99	3682.96
2822.92	-1307.22	4226.74
2858.88	378.9	4233.87
2815.78	-1482.98	3938.35
2810.49	-1013.19	3946.13
2696.76	953.578	3800.36
2370.11	1532.61	3298.28
2467.83	1775.26	3419.88
2988.29	-618.942	4034.6
2912.66	-796.089	3914.07
2725.63	958.959	3717.37
2809.74	-1716.7	3653.76
3573.35	-203.987	4562.98
2404.53	1977.82	3136.43
2504.76	1632.12	3010.26
2773.76	551.519	3257.02
5901.42	-4142.16	6767.63
3397.64	-863.345	3924.27
2744.05	603.29	3190.21
3638.61	-629.917	4155.75
2816.87	2017.48	3277.99
2652.46	712.361	2961.47
2652.46	712.361	2961.47
3743.82	-678.581	4049.2
3494.84	-964.554	3534.29
-1883.03	1245.9	2041.82
-1842.25	997.177	2020.79
-1883.05	-473.621	2118.62
-2190.68	373.848	2466.49
-2078.85	208.302	2361.22
-2023.34	-1254.92	2380.97
-2021.42	-1414.6	2413.82
-1901.81	-400.244	2262.6
-1898.42	-25.7038	2259.58
-1898.42	-25.7038	2259.58
-1999.86	-1281.68	2509.24
-1905.72	-625.375	2376.79
-1909.87	-783.224	2404.44
-1918.74	193.546	2536.66
-1902.55	1507.95	2480.49
-2048.08	547.003	2720.31
-1952.15	-1241.6	2678.05
-1853.09	638.934	2520.79
-1930.03	299.939	2674.34
-1922.4	-1150.93	2761.26
-1863.45	824.088	2616.09
-1863.45	824.088	2616.09
-1915.65	1634.27	2713.57
-1905.33	-406.076	2804.64
-1936.34	520.289	2931.14
-1960.3	-949.621	3053.82
-1920.63	-192.854	3077.15
-1953.32	595.27	3220.87
-1916.2	189.383	3180.46
-1938.1	2120.32	3216.45
-1924.98	-187.376	3303.63
-1926.3	2069.83	3229.53
-1938.6	-599.053	3434.87
-1890.38	1948.59	3550.62
-2126.58	-774.078	4274.68
-1475.04	462.513	3036.16
-2547.13	-2800.6	5441.94
-2000.34	-1030.21	4317.83
-2121.66	-2856.99	5308.14
-1249.09	480.973	3032.55
-1678.2	-1044.15	4231.17
-1831.55	-2118.69	4700.24
-1692.75	-1248.68	4774.06
-1811.93	-2415.35	5229.31
-989.23	1958.77	3115.9
-871.826	1668.02	3073.87
-783.953	469.236	2891.89
-820.395	596.773	3056.99
-1312.69	-585.476	5492.69
-859.758	1312.42	3440.49
-870.665	1509.06	3521.15
-894.712	2183.78	3571.06
-894.712	2183.78	3571.06
-1181.34	-1296.34	5151.55
-1680.92	-3521.59	7603.12
-883.697	1706.25	3639.7
-1935.79	-5106.89	9412.19
-1724.18	-3965.23	8386.27
-779.737	1656.61	3657.19
-711.791	580	4448.19
-1534.31	-5276.77	10593.7
-574.951	259.376	4157.98
730.834	74.9333	5241.09
730.834	74.9333	5241.09
2088.71	-5373.54	11279
2110.69	-4473.59	10603.4
2056.21	-3117.2	9266.79
2056.21	-3117.2	9266.79
2899.24	-5656.28	11313.4
2863.9	-4591.1	8827.49
1968.1	594.334	5858.63
1968.1	594.334	5858.63
1511.79	2088.28	4566.83
1853.48	1733.5	5044.73
3026.9	-1672.65	7861.54
2891.83	-2791.95	6988.9
2046.49	1558.07	4952.96
3061.67	-3513.53	6997.77
3061.67	-3513.53	6997.77
2966.56	-2413.93	6289.3
2777.7	-1354.32	5859.84
2924.59	-1583.75	5892.78
2828.69	-1172.94	5590.77
2198.34	2147.33	4466.45
2382.03	1712.55	4790.24
2522.84	1382.51	4977.12
2123.73	2639.89	4038.82
2350.25	2024.68	4357.51
2815.15	886.179	4994.43
2746.25	-224.075	4777.88
2320.62	2161.2	4133.93
3048.92	517.921	5311.22
3249.26	-2747.49	5287.03
2380.14	2106.86	3959.77
2805.02	191.709	4424.53
2862.84	-2131.83	4386.29
2642.28	686.665	4072.69
2930.85	-208.997	4448.15
2364.92	2537.15	3690.59
2801.94	-1323.63	4102.51
2357.86	2322.45	3575.33
2388.18	1211.01	3571.56
2681.9	354.986	3750.85
2494.2	1612.76	3470.64
2706.15	876.61	3729.2
2898.05	-691.962	3923.03
2876.06	-887.91	3737.53
2784.53	-1479.99	3597.97
2784.53	-1479.99	3597.97
3317.51	-693.284	4227.35
2457.74	1528.76	3145.63
2625.69	816.332	3294.52
2711.97	679.486	3291.55
2638.43	722.617	3176.23
5901.74	-4142	6768.08
2735.55	601.421	3179.44
3525.84	-609.791	4021.47
2811.91	2013.73	3272.08
2798.03	257.06	3181.66
3350.29	-1126.94	3618.34
3422.75	-1194.61	3620.04
3309.69	-1211.23	3448.52
3369.33	-1604.17	3494.56
3872.28	-705.356	4009.52
-1883.15	1246.01	2041.75
-1880.36	1016.55	2062.97
-1843.1	-466.284	2075.54
-2221.39	378.473	2500.06
-2163.74	311.086	2476.03
-1918.86	898.796	2215.98
-2021.11	-1414.17	2413.23
-1895	-26.287	2255.88
-1895	-26.287	2255.88
-1885.2	819.012	2266.28
-1998.94	-1280.96	2507.89
-1891.5	-775.857	2381.91
-1916.25	84.2669	2406.35
-1919.84	193.8	2538.23
-1900.79	1506.41	2478.54
-1918.8	-626.263	2570.72
-2045.32	546.494	2717.01
-1851.9	731.344	2478.21
-1961.16	-1247.12	2689.99
-1853.74	639.211	2521.67
-1910.93	-512.469	2689.04
-1910.93	-512.469	2689.04
-1920.46	-1149.96	2758.59
-1917.11	1736.35	2843.98
-1934.35	519.768	2928.3
-1925.06	1823.95	2891.72
-1965.78	-952.349	3062.38
-1941.28	-203.85	3231.27
-1912.68	-590.365	3203.92
-1962.26	741.967	3337.09
-1926.51	2070.4	3229.96
-1507.47	1192.08	2560.19
-1941.57	-599.582	3439.57
-1919.22	-287.13	3600.08
-1879.03	1937.06	3529.2
-1498.88	470.774	3082.93
-2546.28	-2797.45	5439.32
-1998.14	-1028.82	4315.61
-1491.46	140.257	3218.05
-1991.48	-758.202	4659
-1782.66	-978.599	4329.83
-2137.52	-2877.39	5343.2
-1216.98	469.76	2963.38
-1880.27	-2173.17	4819.64
-1679.22	-1238.01	4739.62
-1760.73	-2353.74	5228.19
-840.914	1289.6	2564.36
-924.459	1959.81	3112.73
-870.541	1665.26	3070.3
-783.648	468.92	2890.98
-819.913	596.509	3055.89
-1576.34	-1526.33	6320.66
-1308.49	-584.352	5476.36
-858.916	1311.16	3437.1
-1186.55	-1303.58	5174.88
-865.895	2121.17	3468.6
-865.895	2121.17	3468.6
-1659.57	-3479.38	7516.72
-1846.39	-4882.87	9001.25
-1723.11	-3961.84	8380.7
-781.889	1661.32	3668.28
-695.573	1845.66	3587.78
-707.394	578.03	4428.49
-1468.56	-5068.26	10187.8
-581.802	257.603	4195.96
734.718	76.8041	5271.48
734.718	76.8041	5271.48
2097.36	-5405.46	11336.9
2948.67	-5751.6	11509.4
2844.98	-4561	8765.74
2981.15	-2567.89	8875.94
3099.11	-2903	9053.93
2835.49	-3921.1	8148.14
1965.9	592.229	5853.87
1965.9	592.229	5853.87
1506.01	2080.9	4550.46
1700.5	1892.12	4687.18
1936.63	1574.26	4945.61
2045.09	1558.6	4949.87
2098.33	1734.28	4929.67
2927.67	-2419.05	6357.85
3003.37	-3592.44	6453.26
2976.07	-2421.88	6309.45
2782.87	-1375.18	5707.57
2112.16	2149.07	4457.22
2927.17	-1586.94	5899.97
2217.92	2231.92	4273.26
2114.16	2629.27	4019.43
2949.43	-3074.21	5128.54
2788.14	-631.707	4880.64
2788.14	-631.707	4880.64
2785.16	1800.82	4904.58
3253.52	-2751.19	5293.71
2814.31	-37.9063	4650.23
2893.51	-2158.33	4436.4
2811.62	-1198.87	4291.12
2644.17	687.737	4075.81
2362.98	2326.09	3582.33
2374.56	1204.18	3550.7
2811.26	-1480.95	3931.83
2811.51	-1013.74	3947.83
2698.95	357.693	3774.88
2407.25	2085.16	3420.46
2379.04	1537.22	3311.27
2711.7	879.52	3737.27
2971.34	-710.214	4026.64
2379.71	2124.97	3251.82
2702.75	878.467	3568.07
2786.67	-1480.62	3601.04
3615.02	-206.369	4617.33
2426.04	1508.71	3103.9
3327.19	-627.215	4165.7
3422.98	-736.221	4148.76
2747.11	545.556	3225.03
5910.86	-4149.68	6779.21
2675.28	448.508	3129.02
3359.75	-852.909	3878.55
3575.21	-618.672	4078.77
3477.57	-810.166	3896.21
2657.39	713.254	2967.27
2657.39	713.254	2967.27
3439.29	-1649.74	3464.13
