-2190.46	271.598	2345.95
-1850.48	1226	2006.2
-1835.07	991.088	2011.51
-1947.18	-536.267	2223.61
-2162.57	310.998	2475.25
-2026.51	-1417.39	2419.78
-1898.07	-399.46	2257.94
-1890.65	-25.8869	2250.35
-1890.65	-25.8869	2250.35
-2005.32	-1285.8	2516.12
-1871.51	-713.149	2381.46
-1905.14	191.074	2519.48
-1879.62	-324.27	2499.17
-1917.18	-625.603	2568.43
-2041.54	544.614	2710.95
-1955.05	-1242.97	2682.06
-1863.42	640.128	2532.39
-1918.97	-1148.59	2756.79
-1889.3	1611.06	2676.51
-1911.39	407.927	2770.26
-1848.4	916.95	2720.34
-1891.09	1711.56	2805.97
-1931.19	-817.727	2983.16
-1937.13	623.237	3048.98
-1893.19	1902.2	2977.61
-1916.97	190.457	3180.09
-1919.29	-85.1046	3198.45
-1906.37	2046.95	3196.96
-1940.91	733.042	3301.5
-1916.71	-487.7	3325.93
-1924.33	-289.523	3609.49
-2011.3	-920.981	3813.85
-1873.29	1938.63	3520.88
-2129.27	-775.224	4279.41
-1453.41	456.191	2993.94
-2574.83	-2834.2	5498.22
-1799.21	-987.009	4370.85
-2171.59	-2921.48	5428.37
-1863.32	-2154.38	4778.97
-1809.78	-2119.53	4867.44
-1716.74	-1263.9	4838.65
-1888.77	-635.617	5540.3
-964.432	1911	3040.31
-942.92	128.357	3259.26
-861.075	1648.64	3038.33
-772.009	460.979	2851.75
-844.197	1702.25	3156.54
-1532.14	-1485.71	6141.05
-1300.25	-581.071	5446.2
-858.862	1492.63	3485.37
-1662.95	-3486.28	7530.82
-832.586	1694.34	3556.07
-1849.41	-4895.01	9010.22
-1713.32	-3935.33	8331.73
-709.337	1722.24	3573.07
-712.599	580.64	4457.63
-1555.17	-5343.79	10749
-603.122	1657.83	4595.99
677.412	83.7091	4854.27
677.412	83.7091	4854.27
2028.27	-5222.3	10952.8
2921.02	-6525.64	12152.1
2820.4	-5494.55	10999.3
1209.88	2042.5	4472.53
1209.88	2042.5	4472.53
1293.42	2100	4448.94
2985.91	-2801.18	8721.25
1941.98	583.055	5781.1
2756.89	-3812.14	7921.19
1835.78	1174.97	5300.61
2794.47	-2208.89	7476.19
1962.43	1213.11	5325.55
2852.53	-2634.86	6820.45
2852.53	-2634.86	6820.45
1946.66	2000.39	4814.08
3028.9	-3616.27	6729.33
2111.06	1411.97	4818.72
2111.06	1411.97	4818.72
2966	-3546.53	6371.67
2137.88	2174.7	4516.22
2802.53	-1277.83	5607.48
2802.53	-1277.83	5607.48
2163.5	2110.11	4397.73
2110.44	2624.5	4012.23
2779.41	-707.655	5038.23
2779.41	-707.655	5038.23
2510	1803.65	4623.24
2685.39	-220.862	4668.51
3038.07	540.075	5288.93
3246.66	-2735.81	5276.2
3246.66	-2735.81	5276.2
2807.16	-39.9705	4638.78
2840.81	-78.7665	4551.56
2352.29	1882.82	3783.14
2764.55	-504.199	4336.62
2784.22	-687.343	4329.22
2639.3	684.19	4067.91
2580.6	1310.82	3861.2
2864.35	378.245	4240.91
2497.54	1630.12	3525.12
2718.09	759.723	3799.38
2457.36	2193.08	3356.92
2787.71	-1195.33	3682.76
2787.71	-1195.33	3682.76
2798.97	-1710.53	3640.67
2677.78	868.366	3533.68
2485.98	1548.7	3209.43
2810.57	-1351	3538.22
2651.13	725.703	3189.89
2560.16	1670.19	3081.17
2749.28	547.595	3229.29
5790.96	-4065.37	6643.33
2896.77	-1141.56	3265.2
2792.18	254.594	3176.53
3397.67	-970.461	3814.45
2662.93	715.695	2973.3
3917.9	-372.979	4319.55
3886.63	-667.515	4109
3323.64	-1217.22	3463.75
3456.28	-1659.97	3484.73
-1865.07	1235.19	2021.78
-1877	1014.79	2056.71
-1868.66	1196.87	2045.2
-1885.75	-471.825	2120.2
-2193.87	373.614	2469.37
-2140.37	307.738	2449.92
-1876.54	887.845	2173.17
-2027.86	-1418.46	2421.4
-1902.06	-400.446	2262.67
-1893.09	-25.6641	2253.06
-1893.09	-25.6641	2253.06
-1856	805.578	2232.28
-2006.49	-1286.46	2518.3
-1903.02	-778.865	2394.32
-1872.84	-420.497	2356.16
-1931.55	318.395	2512.91
-1911.35	-623.715	2560.74
-2033.69	542.751	2701.12
-1958.91	-1245.54	2686.46
-1865.29	640.796	2534.84
-1882.97	1503.6	2548.55
-1921.63	-1149.65	2760.47
-1890.58	1611.92	2678.39
-1913.31	408.66	2772.58
-1840.71	913.688	2708.97
-1897.89	1797.53	2851.17
-1926.06	618.094	3033.92
-1915.25	-193.058	3068.75
-1936.88	193.422	3209.58
-1917.27	-592.605	3211.33
-1919.13	-84.7684	3198.5
-1934.52	731.647	3290.57
-1911.79	2148.58	3318.94
-2010.66	-919.983	3812.63
-1857.05	1921.13	3489.84
-2133.87	-776.778	4288.24
-1471.87	461.785	3030.06
-1787.65	-980.428	4344.43
-2133.02	-2870.54	5332.63
-1854.39	-2144.92	4755.86
-1692.16	-1244.7	4772.8
-1785.88	-2385.46	5297.26
-1881.98	-633.95	5521.54
-1072.45	125.499	3249.76
-1129.98	1003.91	3604.08
-867.093	1656.1	3054.86
-773.159	461.488	2855.14
-814.126	592.422	3035.05
-843.967	1701.63	3155.76
-1652.91	-1596.39	6589.25
-1304.22	-582.827	5463.98
-1681.97	-3524.74	7614.35
-1823.46	-4838.21	8907.74
-1707.28	-3922.33	8303.32
-766.99	1629.64	3598.86
-706.965	1716.02	3560.23
-1543.96	-5314.76	10689.4
-574.538	245.643	4142.86
-597.812	1645.2	4559.83
676.589	83.2974	4854.44
676.589	83.2974	4854.44
2881.79	-5625.55	11250.6
2962.96	-4977.3	10820.1
1208.36	2039.11	4465.3
2766.31	-4748.8	8726.69
2858.55	-2458.11	8492.81
1949.95	585.85	5805.86
2830.04	-3907.14	8130.98
1823.33	1172.05	5264.64
2780.69	-2196.79	7435.67
1681.79	1873.58	4646.12
1951.45	1206.57	5293.14
3032.57	-3620.6	6737.82
2102.26	1405.87	4798.91
2957.3	-3415.02	6061.45
2942.44	-2421.83	6042.57
2126.73	2162.93	4491.33
3071.53	-2176.16	6156.34
2834.55	-1292.96	5674.8
2834.55	-1292.96	5674.8
2436.66	1470.85	4966.64
2713.2	-594.969	5364.76
2811.52	-944.747	5347.03
2332.3	2005.73	4323.91
2480.28	1780.98	4565.78
2707.57	-222.34	4708.53
3036.24	539.575	5285.75
3281.32	-2765.93	5334.06
3281.32	-2765.93	5334.06
3424.3	2071.56	5678.75
2770.4	-415.532	4463.24
2380.48	1907.92	3824.21
2638.98	684.464	4067.48
2363.55	2323.6	3603.17
2363.55	2323.6	3603.17
2932.72	-318.397	4324.16
2860.06	378.609	4234.66
2799.67	-1475.52	3916.93
3270.01	-215.498	4603.54
2499.75	1631.2	3527.96
2714.37	758.684	3793.39
2675.19	867.756	3530.76
2928.08	-825.917	3778.02
3368.78	-367.269	4329.78
2457.07	1529.98	3170.46
2852.25	-1018.99	3600.32
2835.4	-1362.33	3568.95
2716.7	678.926	3294.83
2551.22	1663.73	3069.93
5731.53	-4024.57	6573.73
3403.79	-865.874	3932.38
3436.76	-679.554	3917.8
2797.56	254.722	3183.18
2755.29	561.439	3136.11
2663.58	715.625	2974.73
3314.37	-1114.15	3577.66
3954.12	-633.351	4235.13
3292.3	-1205.81	3430.98
3350.87	-1596.08	3475.77
-2192.45	272.075	2348.84
-1859.86	1231.69	2016.19
-1871	1011.18	2051.62
-1866.6	1195.66	2043.18
-2211.39	376.593	2487.91
-1885.15	892.716	2183.17
-2027.95	-1418.58	2421.29
-1891.26	-25.8847	2251.06
-1891.26	-25.8847	2251.06
-2005.47	-1285.95	2516.92
-1869.46	-419.787	2352.06
-1863.53	-710.083	2371.77
-1863.53	-710.083	2371.77
-1909.03	191.43	2524.46
-1880.38	-324.649	2500.59
-2033.09	542.38	2700.16
-1953.28	-1241.9	2679.91
-1864.87	640.658	2534.36
-1847.03	817.253	2592.78
-1847.03	817.253	2592.78
-1919.32	-1148.32	2757.22
-1890.4	1611.82	2678.13
-1917.22	409.57	2778.13
-1890.04	1710.7	2804.24
-1898.83	1798.35	2852.52
-1930.28	537.273	3018.61
-1932.17	-204.529	3216.77
-1916.16	190.259	3178.46
-1916.35	-592.323	3209.23
-1935.71	731.427	3293.08
-1910.1	2069.37	3286.94
-1921.45	-289.036	3604.47
-2027.17	-927.73	3842.14
-1877.91	1942.24	3528.14
-2133.16	-776.848	4286.96
-1469.01	460.567	3023.54
-2570.22	-2832.15	5489.59
-2011.48	-767.712	4708.41
-1938.72	-2165.21	4707.96
-2122	-2857.12	5308.08
-1868.73	-2160.52	4791.65
-1696.74	-1249.34	4787.53
-1887.59	-635.408	5536.92
-1127.49	1000.31	3595.14
-772.723	461.451	2854.66
-772.723	461.451	2854.66
-814.991	592.994	3038.08
-844.241	1702.18	3156.63
-844.241	1702.18	3156.63
-1584	-1530.99	6346.03
-1318.48	-589.093	5520.09
-1179.81	-1312.41	5156.47
-1678.35	-3516.53	7594.53
-1907.6	-5046.43	9290.42
-1711.57	-3933.14	8324.55
-773.606	1642.05	3626.75
-706.785	1717.67	3563.76
-709.617	578.359	4440.71
-1523.63	-5245.35	10549.5
-624.581	1456.72	4512
-604.59	1660.49	4604.62
671.142	81.6349	4810.57
671.142	81.6349	4810.57
2094.7	-6820.74	12526.8
2094.7	-6820.74	12526.8
2933.53	-6549.55	12196.6
2825.85	-5509.68	11021.9
2951.94	-4941.55	10760.1
1207.14	2036.72	4460.29
1207.14	2036.72	4460.29
1296.57	2105.42	4460.26
3027.03	-3102.4	9073.27
2866.49	-2464.74	8517.99
1958.2	588.5	5831.87
2775.98	-3833.96	7972.18
1825.09	1175.64	5272.42
1954.03	1207.63	5300.92
2818.15	-2602.33	6737.92
2818.15	-2602.33	6737.92
1944.06	1997.96	4808.23
3040.07	-3629.83	6754.95
2124.15	1421.13	4850.13
2124.15	1421.13	4850.13
2148.26	2187.15	4541.69
2816.7	-1284.43	5636.52
2816.7	-1284.43	5636.52
2449.05	1660.95	4640.65
2761.61	-703.116	5005.31
2761.61	-703.116	5005.31
2322.33	2147.21	4226.01
2930.68	-3053.99	5096.63
2700.85	-222.559	4696.1
3038.04	540.022	5289.33
2762.65	-251.286	4741.69
3255.35	-2743.49	5290.07
3255.35	-2743.49	5290.07
2804.97	-39.3531	4634.79
2354.01	2048.3	3959.07
3391.07	2054.33	5625.82
2765.23	-414.299	4454.21
2640.37	684.914	4069.94
2297.91	2396.86	3552.31
2788.23	-1469.32	3900.64
3275.69	-215.411	4609.53
2498.93	1629.67	3524.69
2726.38	762.223	3810.87
2398.55	2139.45	3274.97
2683.72	869.975	3541.13
2791.31	-1484.1	3607.01
3361.13	-365.666	4320.39
2424.25	1509.21	3127.57
2870.24	-1025.85	3624.97
2870.24	-1025.85	3624.97
2705.67	505.336	3424.44
2561.32	1670.43	3083.03
2683.92	719.278	3149.24
5708.63	-4007.4	6545.66
2882.09	2064.1	3354.83
3500.71	-606.554	3993.29
2794.26	254.194	3179.55
2758.08	561.8	3139.6
2668.01	717.403	2979.18
3129.65	-1138.69	3447.42
3942.48	-524.669	4356.96
3322.04	-1116.68	3586.78
3218.72	-1531.69	3335.65
3456.24	-1658.76	3481.69
-1847.96	1224.32	2003.87
-1851.4	1000.99	2030.36
-2225.41	378.818	2504.04
-1937.99	-532.215	2211.78
-2158.94	310.18	2470.61
-1865.78	883.75	2161.8
-2037.44	-1424.96	2432.39
-1909.87	-401.923	2271.41
-1877.73	-525.777	2239.67
-1890.8	-25.3752	2250
-1890.8	-25.3752	2250
-2006.55	-1286.76	2517.63
-1900	-876.781	2472.39
-1904.44	191.081	2518.5
-1889.34	-326.203	2512.22
-2039.69	544.058	2709.04
-1963.47	-1248.23	2693.19
-1882.97	1503.64	2548.46
-1919.39	-1148.83	2757.14
-1917.17	493.648	2725.68
-1916.07	409.513	2776.5
-1849.04	917.198	2721.25
-1891.43	1711.91	2806.39
-1941.06	-821.735	2997.81
-1931.15	621.093	3040.02
-1913.34	189.958	3174.53
-1920.68	-84.7839	3201.21
-1940.23	644.741	3262.69
-1903.12	2043.51	3191.38
-1915.34	-186.622	3287.65
-1913.93	-486.825	3321.34
-1917.93	2155.37	3329.08
-2028.22	-928.284	3844.52
-1876.07	1940.29	3524.35
-2131.32	-776.092	4283.38
-1473.51	462.069	3032.4
-2587.84	-2850.59	5527.35
-1773.83	-973.918	4311.52
-2154.07	-2899.72	5388.81
-1865.28	-2156.73	4782.31
-1403.41	2542.28	3790.21
-1403.41	2542.28	3790.21
-1770.7	-2365.32	5252.9
-1889.6	-635.952	5542.36
-1118.39	994.662	3569.72
-860.162	1644.57	3033.92
-774.276	462.236	2859.57
-774.276	462.236	2859.57
-813.641	591.961	3033.11
-842.982	1699.73	3152.33
-1583.98	-1532.85	6344.26
-875.147	2137.73	3497.16
-875.147	2137.73	3497.16
-1667.13	-3493.11	7544.46
-1826.94	-4840.91	8912.18
-1706.21	-3920.74	8298.51
-779.221	1653.34	3651.8
-705.378	1713.78	3556.22
-1523.77	-5240.07	10543.7
-604.209	1660.69	4602.92
669.003	82.3218	4794.66
669.003	82.3218	4794.66
2886.7	-6452.76	12010.4
2902.25	-5666.11	11329.2
2953.95	-4955.04	10780.3
1207.88	2037.55	4462.34
1207.88	2037.55	4462.34
2856.41	-3990.52	9713.88
3086.94	-3160.5	9250.41
1944.78	583.292	5791.05
2791.01	-2205.67	7464.86
1941.5	1200.08	5264.62
1941.5	1200.08	5264.62
2850.74	-2633.66	6818.99
1944.33	1998.6	4809.51
3034.07	-3623.02	6740.58
2117.67	1416.94	4836.47
2117.67	1416.94	4836.47
2941.96	-2395.12	6239.74
2988.73	-3452.07	6128.84
2114.1	2150	4465.29
2832.39	-1291.81	5669.61
2832.39	-1291.81	5669.61
2199.93	2145.31	4472.79
2764.78	-1146.92	5463.73
2335.67	2007.82	4328.75
2796.5	-875.648	4860.72
2699.99	-223.094	4694.38
3036	539.491	5285.73
2756.96	-316.895	4581.17
3240.58	-2729.63	5265.05
3240.58	-2729.63	5265.05
2767.6	-414.644	4457.97
2644.39	685.734	4076.23
2369.11	2330.61	3581.34
2369.11	2330.61	3581.34
2599.25	1320.4	3889.16
2879.05	380.183	4263.34
2931.79	-417.812	4222.61
3263.32	-214.909	4594.02
2509.81	1636.82	3539.64
2717.8	759.314	3799.13
2484.12	1794.25	3441.99
2674.37	867.39	3529.1
2851.91	-880.356	3705.75
2851.91	-880.356	3705.75
2774.5	-1475.24	3585.16
2435.73	1516.7	3142.18
2812.31	-1350.96	3539.83
2628.89	770.499	3237.48
2552.35	1664.66	3072.12
2761.91	549.584	3243.56
5756.97	-4041.25	6604.21
3455.58	-683.053	3937.83
3498.49	-605.545	3987.62
2804.4	255.256	3191.21
2665.34	716.116	2976.52
3109.75	-1130.38	3421.33
3349.39	-868.561	3670.73
3308.91	-1213.05	3450.74
3267.01	-1553.91	3383.04
-2198.6	271.623	2352.54
-1861.22	1232.82	2018
-1860.47	-467.27	2094.13
-1823.85	985.609	1999.43
-2189.94	372.967	2465.73
-2056.56	206.929	2335.95
-2027.83	-1418.4	2422.34
-1939.73	-858.373	2302.02
-1894.87	-25.5876	2254.49
-1894.87	-25.5876	2254.49
-1998.05	-1280.85	2507.74
-1907.32	82.7491	2394.85
-1997.82	-1171.89	2631.68
-1871.74	1483.17	2440.6
-1843.14	634.16	2506.68
-1843.14	634.16	2506.68
-1919.37	-891.306	2699.63
-1918.66	297.83	2658.02
-1836.33	812.935	2578.15
-1952.87	-935.034	2883.39
-1915.02	-515.347	2811.27
-1915.02	-515.347	2811.27
-1890.02	766.469	2713.66
-1890.28	1611.42	2678.19
-1930.27	167.928	3113.28
-1936.35	737.667	3162.03
-1924.3	-85.0105	3206.38
-1952.54	648.05	3284.01
-1924.38	-187.528	3302.03
-1909.07	1968.04	3171.18
-1929.54	-389.363	3487.61
-1913.23	2149.52	3320.87
-2052.35	-938.168	3890.98
-1516.72	429.378	2980.51
-2141.64	-838.735	4407.25
-2648.87	-2920.95	5659.2
-2648.87	-2920.95	5659.2
-2018.49	-822.247	4436.47
-1751.38	-1132.06	4124.1
-1766.05	-971.448	4289.3
-2178.91	-2929.66	5445.08
-1847.16	-2135.64	4736.38
-1874.76	-2845.75	5535.73
-1762.86	-2354.37	5229.35
-1080.59	126.63	3269.56
-832.229	1276.28	2538.06
-832.229	1276.28	2538.06
-1122.82	997.222	3581.63
-822.975	436.582	2850.04
-860.682	1646.9	3036.75
-814.699	593.016	3035.82
-1559.8	-1512.21	6248.07
-1659.12	-3476.85	7507.77
-894.754	2186.29	3576.72
-869.017	1678.11	3583.61
-1739.76	-4000.44	8455.29
-1438.29	-1035.42	7154.78
-674.159	1430.04	3441.07
-674.159	1430.04	3441.07
-1548.13	-5306.59	10669.1
609.629	67.9307	4491.42
609.629	67.9307	4491.42
2028.75	-3072.71	9143.25
2005.78	-2706.35	8745.82
2759.2	-4735.19	8701.88
2816.38	-4526.57	8687.76
2976.87	-3257.94	9335.51
1484.88	2160.23	4693.12
1956.46	586.923	5826.52
1956.46	586.923	5826.52
1464.64	2063.33	4500.65
1633.4	1517.45	4441.82
2866.95	-2955.58	7072.74
2037.43	1545.3	4934.25
2839.17	-2177.95	6420.74
3040.51	-3632.34	6755.92
3040.51	-3632.34	6755.92
2731.99	-1334.08	5762.31
3084.26	-2183.57	6177.98
2724.77	-1020.81	5520.32
2386.58	1713.07	4800.85
2827.1	-950.511	5371.26
2113.16	2629.2	4017.85
2914.64	1230.22	5293.03
2308.18	2133.57	4179.6
2308.18	2133.57	4179.6
2720.57	-225.02	4732.06
2784.63	1799.1	4904.68
2351.39	2022.43	4170.69
2760.62	-250.457	4736.97
3255.09	-3115.78	5412.41
2533.62	1794.92	4433.12
2683.77	-391.801	4541.32
3237.3	-2728.24	5262.21
2734.5	-883.754	4510.09
2781.71	-937.133	4521.8
2687.01	229.114	4290.76
2314.58	2720.25	3804.83
2773.8	-1206.52	4154.57
2675.77	457.64	4047.95
2355.91	2320.92	3552.61
2772.89	-1525.59	3821.32
2744.13	472.958	3863.63
2742.06	964.635	3739.35
2719.71	870.919	3692.29
2356.45	1797.67	3171.78
2791.4	-1342.09	3514.44
2720.09	210.549	3403.18
2720.09	210.549	3403.18
3328.64	-715.192	4025.6
3078.16	2630.44	3838.7
5775.16	-4054.56	6622.98
5775.16	-4054.56	6622.98
2748.05	546.436	3226.45
2763.92	608.488	3215.09
3285.89	-1194.73	3615.79
3752.02	-498.568	4146.5
2648.89	712.141	2956.41
2648.89	712.141	2956.41
3485.28	-1026.13	3582.73
