-2258.5	279.987	2417.88
-1908.11	1262.6	2069.12
-1928.49	1042.26	2115.3
-1917.02	1228.27	2098.14
-2252.31	383.763	2534.75
-1976.1	-542.207	2256.64
-2217.19	320.687	2538.9
-2069.24	-1448.7	2470
-2003.58	-885.947	2377.01
-1934.08	917.892	2240.51
-1963.43	-412.415	2334.68
-1942.3	-26.6313	2311.71
-1952.71	-659.699	2386.7
-2043.39	-1310.3	2564.18
-1926.91	-629.835	2408.45
-1930.5	1530	2517.35
-1988.49	-1263.9	2729.3
-1887.43	651.255	2568.04
-1887.43	651.255	2568.04
-1984.47	-1065.45	2807.09
-1923.76	-228.528	2686.24
-1970.51	306.828	2730.6
-1970.51	306.828	2730.6
-1893.83	837.163	2659.01
-1960.83	-526.207	2877.9
-1950.85	1739.3	2802.54
-1897.82	941.938	2792.59
-1968.14	-302.942	3140.75
-1968.14	-302.942	3140.75
-1992.69	662.914	3350.62
-1986.73	2156.81	3415.1
-1968.86	2214.21	3419.08
-1868.4	889.669	3418.01
-2032.86	-934.11	3859.96
-1555.31	443.54	3055.71
-2239.14	-746.564	4558.34
-2615.06	-2877.17	5590.08
-2615.06	-2877.17	5590.08
-1512.05	475.198	3113.99
-2066.48	-840.207	4543.98
-1771.61	-1146.58	4174.49
-1997.85	-2229.05	4844.97
-2143.79	-2888.04	5363.92
-1232.99	475.259	2997.4
-1827.22	-2139.83	4918.07
-1451.27	2629.16	3919.28
-1917.81	-642.644	5626.36
-1567.82	-1402.02	5508.33
-878.593	1680.83	3098.48
-787.571	470.885	2910.59
-832.197	605.372	3101.5
-1325.18	-591.59	5554.12
-1603.41	-3201.68	7230.69
-1955.86	-4600.69	8946.49
-910.192	2223.65	3636.12
-896.072	1729.98	3692.88
-876.447	2109.64	3603.04
-1540.15	-3530.76	7380.22
-709.887	1729.4	3586.2
-1573.55	-5384.37	10832.2
-725.999	593.422	4541.88
-633.746	1478.85	4586.76
-615.682	1693.24	4693.25
663.314	81.8294	4621.77
663.314	81.8294	4621.77
2125.07	-5480.73	11489.1
2125.07	-5480.73	11489.1
2048.81	-3095.47	9223.94
2048.81	-3095.47	9223.94
2957.81	-5772.26	11558.3
3010.11	-5054.37	10981.8
1229.19	2067.7	4519.5
1229.19	2067.7	4519.5
2794.28	-4791.74	8810.85
1979.47	595.935	5894.37
1979.47	595.935	5894.37
1851.81	1189.85	5346.31
2741.02	-2792.33	6923.46
2919.61	-3008.27	7206.58
2876.48	-2205.14	6503.04
3086.11	-3689.82	6851.75
2004.16	2238.63	4572
2215.82	1553.88	4896.34
2779.38	-1353.53	5864.69
2988.2	-2459.86	6137.9
2736.83	-1019.9	5541.51
2520.24	1382.54	4970.67
2116.74	2633.77	4022.81
2874.71	-927.614	5190.41
2340.38	2014.47	4333.8
2853.54	902.263	5068.37
2758.76	-224.011	4800.99
3111.81	520.167	5424
2431.71	2096.76	4313.78
2746.62	1775.3	4834.59
3278.12	-3120.45	5439.28
2779.18	-317.153	4619.48
2749.63	1113.33	4392.59
2801.45	-2097.08	4301.35
2801.45	-2097.08	4301.35
2764.46	-553.654	4288.56
2893.08	-377.212	4467.53
2357.24	2322	3709.23
2735.68	587.123	4040.77
2801	122.951	4092.71
2801	122.951	4092.71
2787.83	-907.767	4005.28
2763.11	341.617	3982.14
2755.85	-1706.1	3808.65
2732.86	-999.131	3749.49
2451.56	1961.06	3489.3
2782.62	-1608.98	3726.92
2415.28	1563.13	3347.24
2719.26	958.16	3707.66
2409.74	1983.48	3146.2
2473.26	1542.13	3180.26
2735.84	683.784	3317.93
2700.6	739.9	3252.92
3583.83	-510.879	4204.25
2740.72	544.175	3217.19
3503.83	-692.462	3994.71
3301.12	-940.816	3704.25
3401.34	-1237.79	3750.35
2690.08	722.696	3003.5
3303.56	-1209.11	3442.64
3144.42	-1492.17	3252.82
3456.38	-1657.95	3481.89
-1933.04	1279.09	2095.57
-1938.75	1045.23	2126.88
-1952.75	-491.067	2197.1
-2313.11	393.56	2600.24
-2138.27	214.794	2429.53
-2246.23	323.909	2570.12
-2091.81	-1464.34	2496.68
-1987.81	-880.526	2360.02
-1944.61	921.375	2252.52
-1986.38	-671.146	2428.62
-1922.42	835.209	2310.76
-1961.04	325.475	2554.74
-1970.88	197.637	2606.42
-1939.61	-446.447	2603.66
-1945.72	1542.22	2536.91
-1908.49	658.173	2595.69
-1908.49	658.173	2595.69
-1974.02	-916.442	2778.01
-1966.64	-654.77	2768.24
-1956.97	1744.53	2811.18
-1909.14	947.032	2809.01
-1963.06	-308.62	3024.44
-1963.06	-308.62	3024.44
-1987.8	639.935	3129.72
-1966.86	95.1273	3130.97
-1962.61	1891.26	3038.28
-1944.08	5.6853	3135.25
-1990.68	-205.187	3310.57
-2001.01	666.657	3364.99
-1966.42	2031.18	3265.41
-1856.26	1662.13	3113.91
-1563.67	1236.87	2655.41
-1621.25	1079.25	2765.1
-2149.97	-803.195	4006.74
-1862.78	-859.869	3558.93
-2178.12	-851.858	4481.42
-2586.54	-2843.56	5526.13
-1496.31	470.488	3083.3
-2018.61	-2250.26	4895.29
-1822.21	-1001	4423.45
-1908.5	-639.949	5602.77
-1745.68	-1571.2	5328.32
-4141.72	482.39	12578.9
-1196.22	1097.15	3700.61
-833.58	606.43	3107.92
-860.076	1733.79	3216.31
-872.685	1332.29	3492.58
-1202.55	-1311.05	5287.58
-1666.14	-3494.64	7551.11
-1948.96	-4585.28	8915.09
-890.322	2179.88	3564.11
-873.038	2103.27	3590.79
-1747.94	-4018.99	8503.61
-848.131	1727.02	3621.81
-1604.91	-5009.02	8506.61
-1604.91	-5009.02	8506.61
-690.496	1465.8	3522.34
-725.813	592.02	4536.26
-616.875	1602.66	4724.13
611.171	73.4326	4173.76
611.171	73.4326	4173.76
2095.95	-5402.37	11326.9
2095.95	-5402.37	11326.9
2845.47	-4889.15	8984.95
1299.04	2101.18	4448.61
2898.08	-4658.86	8942.46
2760.07	-3811.65	7928.66
1985.13	594.714	5915.26
1985.13	594.714	5915.26
2826.13	-2126.83	7502.58
1730.98	1930.08	4772.69
1744.03	1629.01	4727.63
2734.96	-2786.51	6911.72
2828.1	-1533.1	6996.08
2051.53	1570.05	4963.94
3103.94	-3713.26	6672.61
1963.63	2191.19	4474.85
2951.73	-2281.92	6173.07
2767.18	-1345.69	5836.3
2944.03	-2419.7	6046.84
2908.7	-1818.43	5970.52
2721.84	-1014.38	5512.68
2509.35	1375.86	4950.13
2117.07	2632.65	4023.91
2858.08	-921.548	5161.16
2355.28	1859.4	4303.04
2830.14	895.854	5027.07
2693.77	-219.3	4684.41
2928	489.435	5103.15
2774.23	1795.85	4885.62
2308.43	2000.6	4079.57
3227.87	-3068.79	5357.01
2231.58	2453.85	3820.9
2791.38	-37.8184	4611.74
2784.15	1123.93	4446.78
2785.81	-2077.76	4271.13
2785.81	-2077.76	4271.13
2744.42	-1115.27	4235.54
2734.71	-1186.09	4094.81
2767.91	-641.877	4160.2
2667.69	-1784.58	3922.42
2381.26	1209.6	3566.45
2716.53	583.758	4014.8
2810.1	118.229	4118.44
2810.1	118.229	4118.44
2751.13	477.647	3877.74
2399.81	1920.31	3414.36
2399.81	1920.31	3414.36
2768.62	-1600.39	3708.17
2402.56	1555.35	3330.56
2683.4	945.485	3658.77
2373.47	1952.27	3096.35
3324.67	-661.79	4084.46
2698.18	675.717	3274.08
3684.29	-525.605	4327.01
2484.86	1618.52	2984.83
2658.13	714.194	3120.39
3487.17	-602.377	3976.94
2866.64	-1130.11	3232.12
2778.59	255.326	3160.38
3282.53	-1142.38	3467.48
3508.91	-1031.62	3602.99
3452.06	-1655.78	3477.35
-2287.38	282.91	2447.16
-1942.01	1284.59	2104.95
-1946.42	1053.39	2134.35
-1939	1241.98	2122.99
-2311.43	394.286	2600.14
-2250.91	325.015	2575.54
-2031.56	-899.389	2410.88
-1950.73	923.296	2260.73
-1970.15	-665.255	2410.74
-1977.64	87.5899	2482.93
-1948.34	1449.01	2396.31
-2075.33	-1219.72	2735.86
-2075.33	-1219.72	2735.86
-1979.86	327.533	2578.83
-1956.17	-451.507	2625.89
-1913.81	660.092	2603.42
-1954.08	-340.649	2750.76
-1908.76	843.081	2681.45
-1908.76	843.081	2681.45
-1957.82	1773.87	2904.38
-2002.41	-847.785	3093.95
-1994.53	536.189	3019.17
-1974.6	-311.217	3042.25
-1950.65	-108.105	3033.38
-1996.53	96.5631	3177
-2011.19	-850.41	3280.19
-1956.18	5.74157	3154.31
-2021.45	772.583	3299.06
-2021.45	772.583	3299.06
-1995.21	-191.798	3422.07
-1974.13	2037.52	3279.01
-1602.32	1065.85	2736.27
-1981.5	2150.46	3406.97
-2065.12	-947.934	3921.85
-2210.82	-945.187	4432.7
-2213.87	-864.963	4554.8
-2627.49	-2893.41	5620.7
-1806.47	-991.592	4390.01
-1806.47	-991.592	4390.01
-2164.36	-2914.4	5414.55
-1683.01	-1238.87	4757.42
-1727.44	-1554.56	5274.81
-835.396	607.779	3114.87
-873.372	1333.28	3496.05
-1681.18	-3523.84	7610.99
-1558.38	-3114.29	7041.41
-873.83	2142.2	3504.05
-900.392	1739.11	3710.98
-875.198	2108.73	3601.23
-1580.44	-4929.33	8364.97
-712.297	1733.82	3594.94
-1550.5	-5317.15	10686.7
-642.032	1726.09	3700.02
-732.912	597.921	4577.16
-580.567	262.627	4206.91
-618.918	1609.2	4742.64
-608.351	1672.87	4641.99
581.994	68.888	3908.66
581.994	68.888	3908.66
2093.04	-5409.35	11320.6
2093.04	-5409.35	11320.6
2866.36	-3997.56	9741.95
2833.46	-4553.46	8741.7
1958.93	590.121	5833.72
1958.93	590.121	5833.72
1832.45	1179.66	5286.37
2777.23	-2090.39	7372.51
1683.39	1878.04	4642.84
2984.17	-1640.43	7747.9
1754.22	1635.35	4745.47
2716.18	-2765.4	6859.71
2822.47	-1528.25	6984.93
1922.24	1563.06	4906.63
2864.06	-2645.93	6850.88
3018.47	-3607.16	6482.95
1962.57	2188.41	4471.14
2738.59	-1332.72	5775.97
2944.82	-2422.88	6048.25
1999.93	1951.5	4232
2719.64	-1014.55	5508.4
2866.95	-1188.06	5669.51
2526.98	1386.39	4984.88
2666.63	-548.493	4911.85
2105.46	2620.65	4002.5
2802.55	885.466	4975.56
2680.03	-217.916	4660.59
2970.59	496.863	5176.93
2749.97	1779.7	4844.14
3191.93	1212.42	5574.27
2307.89	1996.97	4080.68
3225.96	-3066.77	5353.05
2246.14	2467.9	3848.86
2779.49	-37.8624	4592.81
2740.51	-1024.21	4339.98
2664.19	225.394	4266.6
2727.97	1102.11	4355.93
2763.49	-2062.81	4237.38
2763.49	-2062.81	4237.38
2811.01	96.9719	4343.94
2338.12	2304.19	3678.42
2914.24	-344.161	4396.61
2769.71	441.189	4119.54
2376.72	1207.69	3560.65
2369.1	1970.76	3546.79
2729.12	338.058	3933.51
2663.21	1051.45	3797.62
2717.19	-992.995	3728.08
2732.24	-1375.47	3692.99
2759.34	-1595.02	3695.72
2424.67	1570.08	3352.28
2442.43	2182.84	3340.47
2454.39	1531.63	3160.2
3546.38	-311.262	4402.54
2614.64	713.579	3136.35
2510.88	1636.95	3017.91
2710.81	537.588	3181.23
2619.94	702.479	3073.8
2762.04	607.446	3211.13
3602.15	-622.835	4110.96
2865.39	-1128.46	3232.09
2752.07	1971.31	3203.03
3292.08	-938.602	3694.11
3227.11	-1172.01	3551.07
3519.19	-688.684	3872.16
3316.54	-1337.36	3356.73
-1950.21	1290.48	2114.22
-1975.81	1067.2	2165.66
-2318.33	395.654	2609.49
-2244.89	324.121	2569.68
-2001.02	-994.017	2367.05
-2115.2	-1481.03	2524.66
-2058.63	-910.246	2441.81
-1963.47	929.087	2275.47
-2005.16	-421.624	2384.79
-1981.2	-27.6049	2358.44
-1989.89	-671.944	2434.12
-1947.04	845.18	2338.93
-1955.4	-639.091	2445.13
-2078.04	-1221.14	2740.09
-1976.89	-455.592	2653.41
-1959.97	1553.45	2555.72
-2079.93	-1084.66	2821.83
-2134.33	570.408	2835.22
-1893.41	745.788	2535.74
-1918.59	662.196	2610.64
-2005.16	312.342	2778.14
-2005.16	312.342	2778.14
-1964.91	1780.39	2915.03
-1956.43	-107.948	3042.8
-1995.28	643.128	3141.65
-1967.1	1894.65	3046.61
-2007.97	-849.126	3274.7
-1968.11	6.48368	3174.02
-1860.68	1667.03	3121.52
-2003.47	-93.2509	3457.02
-1561.99	1232.06	2646.01
-1997.55	-617.585	3538.32
-1984.61	2338.78	3586.2
-1647.05	813.796	3159.5
-1563.1	445.349	3072.22
-1563.1	445.349	3072.22
-2185.35	-854.349	4497.04
-1806.22	-1168.65	4252.74
-2044.35	-2279.32	4955.64
-1667.53	-1033.4	4216.98
-1439.88	2610.57	3890.87
-1910.6	-641.271	5608.63
-1182.33	1084.62	3676.9
-1657.35	-1025.24	5406.9
-899.564	1720.91	3172.56
-803.502	481.13	2965.22
-803.502	481.13	2965.22
-1615.2	-1567.34	6464.32
-1599.16	-3196.93	7230.34
-1943.99	-4577.05	8898.62
-893.941	1729.32	3691.14
-875.689	2112.96	3603.69
-1800.24	-4124.95	8741.29
-811.792	2211.18	3762.2
-1650.93	-5240.61	10528.8
-643.852	1730.78	3710.07
-635.647	1483.36	4596.41
-616.696	1604.64	4724.5
548.375	63.331	3609.86
2825.4	-3937.6	9601.8
2815.17	-4831.68	8884.02
2971.47	-4807.59	9190.84
2964.28	-2776.5	8660.02
2762.9	-3821.99	7942.52
1958.25	588.078	5831.4
1958.25	588.078	5831.4
2937.24	-1998.29	7708.95
1716.88	1914.84	4733.93
1716.88	1914.84	4733.93
2852.79	-2502.51	6678.69
3036.32	-3486	6938.45
1991.58	2223.52	4541.43
2052.03	1673.99	4554.95
2706.21	-1315.4	5707.69
2915.32	-2254.12	6095.95
2701.75	-1008.78	5471.99
2859.33	-1549.16	5762.57
2355.63	1376.89	4869.62
2725.26	-897.552	5361.99
2467.53	1354.17	4867.94
2806.17	886.901	4984.14
2684.94	-217.901	4669.18
2756.41	1782.94	4854.17
2304.85	1995.03	4075.97
3154.3	-3004.81	5234.36
2237.18	2458.74	3833.34
2237.18	2458.74	3833.34
2602.33	514.431	4216.29
2810.52	-77.1925	4502.43
2622.46	227.953	4188.7
2701.42	-1095.64	4167.27
2730.89	-546.408	4235.69
2322.46	2287.74	3654.93
2736.78	204.739	4182.29
2693.71	578.791	3982.22
2347.2	1953.38	3515.83
2742.37	-1386.91	3883.89
2725.35	-823.039	3864.27
2649.07	1045.99	3777.34
2731.01	474.508	3848.81
2756.9	-1594.17	3692.68
2398.22	1553.13	3314.59
2708.81	869.087	3676.91
2367.03	1946.85	3090.91
2411.73	1503.78	3101.44
3330.67	-715.643	4033.99
2486.42	1620.88	2987.99
2678.59	531.247	3143.02
2716.39	597.413	3157.95
2735.64	1958.51	3182.84
3331.87	-774.725	3733.45
3919.35	-519.834	4333.61
2639.69	708.684	2947.61
3927.71	-371.524	4335.8
3499.28	-881.228	3676.1
3310.09	-1587.77	3334.23
-2327.89	287.75	2488.92
-2247.38	203.165	2425.81
-1953.8	1293.41	2118.32
-1992.3	1076.35	2184.37
-1965.55	1259.19	2151.89
-1976.74	935.265	2289.79
-2106.48	-1475.05	2515.14
-2003.07	-675.745	2450.74
-1944.63	844.262	2338.25
-1987.65	87.5933	2495.8
-1987.9	-343.989	2644.13
-1996.5	200.329	2640.53
-1959.59	1553.55	2555.21
-2091.59	-1089.56	2837.03
-2022.63	-1085.34	2861.58
-1903.94	839.419	2675.58
-1970.23	-419.757	2901.28
-2002.89	538.403	3031.65
-2002.89	538.403	3031.65
-2013.38	-852.015	3110.1
-1982.48	-311.674	3053.91
-1977.54	1873.82	2971.15
-1978.04	-108.981	3075.99
-1966.92	1894.85	3046.16
-2033.21	-859.899	3316.81
-2017.06	769.354	3293.22
-2017.06	769.354	3293.22
-1994.97	-205.648	3318.38
-1981.86	197.383	3288.93
-1557.52	1231.96	2644.38
-1907.28	1728.93	3281.74
-1976.53	2222.34	3432.66
-1988.28	-400.632	3595.04
-2039.42	-937.735	3879.52
-1565.53	446.253	3076.43
-1575.48	115.954	3349.64
-2047.63	-781.042	4797.4
-1853.91	-2144.55	4756.69
-1699.34	-1251.87	4795.99
-1921.99	-645.651	5642.01
-876.258	1270.25	2567.64
-1201.84	1101.61	3728.35
-1650.26	-1019.99	5382.57
-1664.02	-1485.36	5811.14
-1078.79	2176.4	3628.18
-866.678	1747.57	3241.27
-1919.26	-4515.6	8783.16
-958.686	2630	3911.29
-1510.58	-3462.68	7244.51
-1782.1	-4087.09	8659.01
-807.086	2197.64	3738.86
-711.559	1731.63	3591.35
-694.456	1472.46	3538.97
-694.456	1472.46	3538.97
-643.32	1729.89	3707.84
-722.211	589.446	4515.82
-1552.52	-5319.08	10700.8
535.999	60.3615	3494.35
1961.92	-2146.28	8136.22
2767.69	-3851.11	9386.63
1296.04	2097.58	4437.66
2736.43	-4684.87	8623.69
1482.61	2087.18	4546.06
1936.31	585.253	5763.25
2917.88	881.934	8684.79
1797.74	1156.45	5182.59
1739.98	1622.64	4713.25
2961.45	-1640.36	7691.59
2673.41	-2721.48	6753.04
1919.37	1562.1	4897.61
2812.25	-1520.89	6955.56
2815.9	-2471.46	6591.95
2027	1550.32	4903.6
1957.74	2176.84	4451.93
2885.72	-1657.47	6111.91
2911.29	-2251.1	6089.13
2858.44	-1607.12	5697.96
2351.93	1694.82	4732.41
2477.44	1359.3	4887.15
2099.39	2612.54	3992.18
2820.42	-909.424	5092.01
2736.96	-490.585	4911.85
2789.41	880.809	4953.4
2647.35	-213.168	4601.83
2292.23	1981.11	4063.64
2728.43	1765.35	4804.9
2809.71	475.763	4890.74
3185.77	-3049.82	5296.96
3185.77	-3049.82	5296.96
2248.46	2469.52	3856.31
2689.81	229.007	4307.96
2725.7	-1108.31	4207.39
2767.34	-2049.41	4229.46
2829.83	-370.312	4369.13
2289.7	2254.78	3602.51
2597.41	674.039	4002.64
2339.17	2509.55	3650.66
2671.99	573.842	3949.74
3164.49	-207.436	4453.85
2651.62	937.858	3736.57
2378.49	1903.33	3384.89
2378.49	1903.33	3384.89
2740.88	-1508.91	3780.03
2702.09	-989.461	3708.38
2463.9	1595.35	3410.37
2728.9	-1578.49	3655.56
2706.35	952.458	3693.73
3455	-196.712	4411.55
3265.85	-649.632	4009.37
3228.07	-795.239	3809.33
3228.07	-795.239	3809.33
2462.43	1605.68	2959.48
2709.86	538.436	3181.48
2683.79	589.728	3119.43
2761.91	1976.59	3212.54
2590.04	696.302	2891.06
2590.04	696.302	2891.06
3437.26	-671.804	3780.13
3423.45	-622.652	3540.1
