-1957.3	1058.77	2145.38
-1932.24	1237.34	2115
-2290.78	390.583	2577.38
-2202.08	318.395	2520.5
-1945.99	920.835	2253.89
-2016.93	-890.628	2391.57
-2066.43	-1447.04	2466.98
-1920.63	1375.41	2220.09
-1955.43	-412.835	2326.94
-1944.41	-26.4707	2314.65
-1974.86	-667.372	2415.71
-1956.51	197.214	2587.09
-1940.03	1538.07	2529.41
-2093.83	559.541	2782.12
-2002.87	-1045.64	2718.48
-1970.55	306.866	2730.57
-1952.01	-648.932	2747.23
-1985.34	-1065.55	2808.42
-1892.78	836.616	2658.42
-1954.33	1666.58	2768.2
-1899.93	941.727	2796.13
-1976.91	531.989	2991.86
-1977.88	-837.144	3055.87
-1936.52	-107.122	3012.53
-1957.89	-305.039	3127.55
-1957.89	-305.039	3127.55
-1976.72	-835.949	3225.3
-1996.64	611.995	3289.45
-1990.63	663.011	3347.04
-1596.92	1062.75	2725.19
-1955.39	2279.99	3451.19
-2160.03	-806.734	4024.18
-1959.75	2308.22	3542.65
-1792.32	-828.513	3433.49
-1563.87	460.68	2986.95
-1548.11	441.363	3041.41
-2143.44	-780.394	4309.15
-2562.17	-2813.3	5471.06
-2032.95	-772.232	4756.16
-1790.57	-983.496	4345.47
-1091	127.903	3306.7
-1558.63	-1392.58	5473.23
-873.996	1673.34	3083.54
-791.6	473.411	2923.43
-834.125	606.527	3108.96
-1572.19	-1522.64	6298.62
-866.283	1323.23	3468.98
-864.575	1504.61	3513.31
-888.567	2172.55	3552.32
-1644.44	-3447.63	7447.86
-1543.66	-3087.75	6979.95
-886.304	1713.08	3656.64
-1706.38	-3918.43	8297.01
-1570.56	-4895.41	8304.28
-714.431	1738.11	3603.99
-691.898	1464.44	3521.01
-1734.71	-4890.42	10070.6
-1637.21	-5183.01	10420.7
-638.827	1716.27	3681.22
-718.999	586.459	4494.51
-644.709	945.041	4674.18
-633.104	1474.89	4573.7
545.019	55.3583	3758.67
545.019	55.3583	3758.67
2026.55	-5226.53	10953.8
2026.55	-5226.53	10953.8
1993.35	-2689.11	8694.01
2994.74	-5865.57	11749.6
2807.95	-3917.16	9542.33
1280.39	2084.93	4419.76
2726.1	-4671.25	8596.52
2858.18	-3130.96	8967.37
1395	2035.05	4422.92
1926.84	582.838	5735.4
1818.26	1171.82	5246.42
2955.33	-1632.81	7676.14
2664.97	-2716.39	6735.87
1769.93	1815.57	4673.34
1769.93	1815.57	4673.34
1905.64	1546.89	4871.04
2818.01	-2473.38	6598.46
2120.22	1575.35	4896.37
3018.5	-3612.56	6495.84
2171.86	1620.88	4850.55
2902.63	-1667.03	6145.33
2748.71	-1339.8	5802.41
2913.46	-2399.63	5985.08
2717.97	-897.874	5348.52
2153.98	2094.83	4377.95
2357.96	1684.35	4738.09
2490.16	1364.45	4922.88
2984.48	501.262	5198.86
2292.25	1979.59	4058.61
3187.59	-3040.21	5292.66
2634.5	-381.082	4455.22
2230.33	2449.22	3826.85
2230.33	2449.22	3826.85
2719.43	-121.416	4517.15
2757.74	-38.1648	4557.08
2474.54	611.763	4046.7
2728.79	-1021.7	4323.56
2641.26	-1960.44	4040.06
2829.98	-366.742	4371.86
2919.04	-207.377	4433.12
2322.21	2491.21	3622.28
2725.12	-1181.46	4079.74
2594.4	1315.97	3886
2362.22	1961.82	3544
3205.29	-209.907	4511.27
2670.49	948.034	3766.02
2417.77	1561.44	3351.8
2710.57	-1566.8	3630.56
2710.57	-1566.8	3630.56
2644.58	282.181	3580.78
2650.31	860.961	3499.82
2384.75	1960.32	3113.49
2440.16	1516.67	3148.42
3400.33	-350.445	4240.56
2900.97	-1058.85	3403.85
2703.76	537.486	3174.89
2610.86	702.409	3064.28
3328.71	-845.144	3844.41
3422.77	-675.41	3900.85
2709.86	1936.19	3149.89
2913.51	-1148.87	3287.01
2757.87	252.156	3138.49
2602.61	699.105	2905.81
3581.65	-649.169	3879.28
3373.98	-1619.79	3401.79
-1951.56	1055.49	2139.21
-1936.34	1240.03	2119.32
-1914.46	-483.953	2155.7
-2270.61	387.799	2555.71
-2207.82	319.2	2527.03
-1926.14	910.921	2232.2
-2075.81	-1453.43	2477.38
-2018.7	-892.104	2394.28
-1919.85	1375.58	2219.64
-1944.89	-26.7081	2315.2
-1923.95	-629.428	2405.3
-1954.85	87.5827	2453.36
-2038.59	-1198.26	2688.12
-1939.38	1537.66	2528.36
-1995.71	-1043.93	2711.23
-1897.38	653.97	2580.01
-1897.38	653.97	2580.01
-1976.22	308.048	2738.07
-1945.79	-647.738	2739.08
-1889.31	834.595	2653.82
-1958.49	1670.24	2774.02
-1944.69	-522.231	2854.93
-1903.61	944.609	2800.96
-1978	-836.585	3055.39
-1936.51	-107.448	3012.29
-1949.05	1878.25	3015.9
-1978.39	-835.98	3228.36
-1988.91	759.951	3246.3
-1974.72	-206.277	3286.98
-1997.51	610.363	3292.98
-1956.89	194.568	3247.18
-1957.89	2017.14	3255.72
-1957.83	-189.596	3360.32
-1613.4	1074.03	2752.35
-1979.83	-611.464	3507.92
-1788.15	-826.848	3426.88
-2161.42	-843.918	4449.7
-2610.55	-2862.41	5569.31
-1496.72	470.86	3086.68
-2030.82	-771.148	4748.45
-1938.23	-2163.24	4705.73
-1770.42	-972.945	4299.48
-2147.24	-2890.13	5366
-1865.59	-1775.84	4949.6
-1694.21	-1248.86	4778.57
-859.337	1348.97	2719.39
-851.306	450.351	2941.47
-795.842	476.813	2934.52
-866.099	1322.87	3468.04
-861.351	1500.27	3504.22
-1629.87	-3418.16	7385.36
-1883.87	-4432.36	8616.76
-1698.83	-3902.74	8262.3
-1564.4	-4875.95	8282.86
-692.123	1464.92	3522.13
-638.895	1717.19	3681.58
-1504.74	-5153.94	10359.6
-607.379	1581.58	4654.54
546.418	55.118	3777.51
546.418	55.118	3777.51
2009.91	-5175.6	10854.6
2009.91	-5175.6	10854.6
1985.69	-2677.53	8660.39
1985.69	-2677.53	8660.39
2854.82	-5584.73	11169.6
2827.32	-3949.64	9621.29
2756.17	-4731.76	8696.49
1934.8	583.374	5761.06
1672.54	1862.08	4627.32
1672.54	1862.08	4627.32
1910.73	1183.55	5179.2
1910.73	1183.55	5179.2
2678.78	-2729.38	6772.29
2840.56	-2622.6	6795.76
2826.83	-2480.73	6618.75
2119.18	1574.68	4893.8
3039.56	-3639.96	6545.76
1979.09	2204.55	4517.27
2917.51	-1675.08	6178
2842.63	-1776.1	5831.04
2667.18	-992.67	5400.13
2355.18	1682.2	4732.3
2499.08	1369.1	4940.17
2432.3	1649.58	4606.4
2980.12	500.19	5191.41
2285.99	1975.26	4047.29
3215.54	-3068.69	5342.67
2228.33	2446.99	3822.05
2228.33	2446.99	3822.05
2752.23	-36.8854	4546.79
2709.54	-911.057	4404.29
2650.77	228.074	4239.88
2703.29	-1097.49	4170.16
2625.02	-1946.72	4013.85
2818.5	-366.07	4353.3
2313.47	2276.02	3648.96
2882.93	-204.454	4378.2
2521.2	1276.28	3771.33
2373.83	1971.9	3562.42
2719.5	-807.117	3940.66
2696.85	332.654	3886.29
2664.24	354	3726.98
2692.68	-985.807	3695.66
2738.58	-1378.13	3702.76
2429.4	1568.78	3369.52
2732.15	-1578.59	3659.04
2628.31	853.371	3468.44
2456.32	1526.92	3171.6
2565.1	796.465	3217.14
2705.59	538.29	3177.33
2647.59	712.543	3110.41
3467.44	-685.32	3952.8
2750.04	1967.9	3200.73
2763.25	253.166	3144.39
3677.25	-487.834	4064.37
2591.14	696.049	2892.91
3234.93	-1125.62	3418.42
3234.56	-1599.7	3353.83
4046.07	-933.398	4203.59
-2266.68	280.825	2426.27
-1949.07	1053.8	2135.67
-1935.03	1239.13	2117.94
-1946.18	-490.327	2190.41
-2210.19	318.921	2529.36
-1945.2	921.107	2252.86
-2067.59	-1447.65	2468.25
-1926.85	1380.45	2228.21
-1956.53	-412.415	2327.49
-1966.57	-664.389	2405.46
-1946.27	847.241	2335.81
-2049.19	-1203.35	2700.69
-1956.43	196.916	2586.72
-1937.63	1536.28	2526.21
-1995.54	-1268.35	2738.37
-1973.41	307.674	2734.4
-1960.78	-910.871	2759.28
-1978.29	-657.423	2783.93
-1895.03	837.131	2661.59
-1953.75	1666.49	2767.5
-1973.63	530.951	2987.13
-1973.63	530.951	2987.13
-1948.35	-306.89	3001.9
-1950.45	-108.135	3033.11
-1956.38	-717.884	3151.29
-1969.31	-832.4	3213.97
-1982.6	756.85	3236.67
-1985.04	607.101	3271.38
-1960.19	194.706	3251.85
-1963.11	-85.6383	3271.5
-1943.65	-187.205	3335.3
-1949.33	2093.2	3270.49
-1594.3	1060.97	2721.45
-1959.47	2203.95	3402.54
-2138.27	-799.463	3985.25
-1787.1	-826.018	3423.12
-2585.23	-2838.35	5518.79
-1478.65	465.46	3049.33
-1819.73	-1176.09	4279.31
-2012.46	-765.055	4708.16
-1777.52	-975.977	4317.56
-1853.98	-2144.28	4757.76
-1280.37	128.291	3460.61
-908.575	1220.92	2489.23
-998.869	1977.46	3146.98
-790.997	472.827	2920.58
-1584.03	-1537.17	6343.56
-866.604	1323.5	3469.68
-859.141	1496.18	3494.4
-1622.56	-3405.19	7360.57
-1886.68	-4438.16	8628.03
-1416.15	-3253.5	6812.76
-1693.46	-3892.21	8239.56
-765.957	1295.4	3437.46
-1572.11	-4900.55	8325.24
-1572.11	-4900.55	8325.24
-638.466	1716.48	3679.48
-643.516	944.02	4664.01
-609.332	1585.64	4668.16
544.107	54.5435	3764
544.107	54.5435	3764
1990.23	-5111.62	10738.7
1990.23	-5111.62	10738.7
1973.71	-2659.89	8604.7
2868.73	-5617.82	11232.3
2931.77	-4935.19	10721.5
2706.69	-4637.46	8535.71
2869.77	-3143.71	9000.64
1349.03	1994.07	4327.66
1388.82	2034.76	4419.81
2724.6	-3766.52	7829.51
1931.7	584.59	5749.65
1291.23	1780.61	3903.76
1916.84	1185.48	5197.83
2920.38	-1613.06	7582.32
1905.71	1547.13	4869.5
2815.01	-2470.6	6590.64
2992.91	-3575.42	6654.46
2122.65	1577.3	4902.4
2126.86	1671.49	4890.06
1939.37	2157.84	4421.79
2723.93	-1326.25	5747.84
2868.3	-2359.58	5889.24
2681.3	-1001.74	5432.74
2847.04	-1539.31	5736.19
2685.27	1402.63	5051.93
2296.6	1977.19	4261.21
2992.82	501.307	5214.55
2296.68	1983.63	4067.21
2722.04	-245.701	4670.33
3198.03	-3050.46	5311.03
2236.35	2455.95	3836.37
2236.35	2455.95	3836.37
2689.05	-870.486	4439.18
2759.59	-37.8353	4559.91
2639.54	226.92	4221.21
2640.66	-1960.56	4039.9
2822.84	-366.913	4359.48
2768.28	207.969	4229.65
2326.19	2495.37	3628.72
2703.03	-624.783	4060.23
2501.96	1265.74	3742.39
2376.05	1973.33	3565.96
2705.07	333.781	3898.26
2644.34	934.169	3724.35
2651.17	351.476	3708.35
2708.85	-991.191	3717.16
2715.79	-1366.9	3670.51
2410.2	1556.43	3342.32
2768	-1601.88	3710.12
2658.86	851.452	3606.84
2693.08	-1150.6	3554.86
2434.16	1858.74	3290.71
2338.35	1922.53	3049.42
2624.87	656.103	3183.08
2692.79	535.225	3161.64
2602.94	698.966	3054.38
3299.73	-838.529	3811.92
2704.17	596.644	3146.4
2739.89	1960.74	3187.62
2891.65	-1140.09	3261.77
3803.28	-505.802	4213.8
3393.93	-880.052	3726.31
3561.64	-648.243	3684.36
3382.06	-1623.03	3408.81
-2278.73	282.487	2438.91
-1950.9	1055.15	2138.93
-1935.07	1239.28	2117.82
-2206.78	318.796	2526.01
-1942.76	918.994	2249.95
-2072.78	-1451.29	2473.89
-2014.31	-889.534	2388.91
-1909.85	1368.48	2208.18
-1947.2	-26.3251	2317.62
-1962.61	-662.986	2400.19
-1933.8	839.315	2324
-2040.16	-1198.7	2689.55
-1941.29	-336.205	2582.46
-1939.29	1537.27	2528.46
-2099.88	560.622	2789.19
-1970.49	307.039	2730.38
-1970.49	307.039	2730.38
-1978.12	-1061.64	2798.6
-1947.81	-649.138	2742.23
-1900.07	839.999	2667.98
-1952.68	1665.13	2766.1
-1970.94	530.256	2983.26
-1973.51	-835.309	3049.51
-1946.76	-108.207	3027.2
-1964.61	-303.029	3135.33
-1964.61	-303.029	3135.33
-1959.99	-718.839	3157.15
-1970.41	-833.152	3214.9
-1987.07	758.997	3244.38
-1987.07	758.997	3244.38
-1970.36	196.527	3268.19
-1953.05	2047.45	3326.57
-1969.43	2134.48	3390.04
-2152.76	-803.926	4010.32
-1796.6	-830.389	3440.59
-1503.97	472.891	3098.29
-2581.43	-2834.19	5511.33
-2287.73	-2016.04	4915.84
-2027.25	-769.186	4739.78
-1797.11	-986.297	4366.04
-1201.72	465.084	2931.71
-1896.42	-2191.83	4860.52
-1436.21	2602.43	3880.12
-1850.38	-2811.16	5471.49
-793.514	474.367	2929.59
-829.654	603.626	3092.23
-1598.57	-1552.35	6391.83
-866.285	1323.12	3468.65
-875.69	1522.28	3555.33
-915.932	2242.16	3667.77
-1554.92	-3108.39	7024.15
-1163.64	-1274.21	5157.85
-1879.75	-4423.44	8602.72
-886.014	1712.3	3655.24
-1697.43	-3900.89	8256.57
-1581.07	-4927.31	8368.43
-691.246	1463.48	3518.49
-691.246	1463.48	3518.49
-710.168	1728.9	3584.35
-1804.75	-5080.26	10456.5
-638.941	1717.21	3681.34
-1518.38	-5207.51	10465.9
-710.51	581.16	4450.54
-648.59	952.239	4694.84
540.948	53.3557	3748.93
540.948	53.3557	3748.93
2002.03	-4222.93	10042.7
2002.03	-4222.93	10042.7
1954.97	-2136.29	8106.17
2890.33	-5651.31	11309.7
2854.95	-3987.93	9715.37
1273.93	2074.15	4394.56
2736.21	-4699.38	8635.07
1464.41	2133.14	4636.38
2719.51	-3758.3	7816.55
1927.84	583	5738.12
1919.22	1187.89	5204.5
2906.44	-1602.94	7543.6
1772.09	1761.41	4596.1
2745.01	-1486.27	6782.94
1912.26	1552.58	4888.3
2821.49	-2476.22	6606.17
2118.56	1573.96	4892.27
3002.76	-3592.69	6458.63
2919.41	-1677.14	6185.1
2736.59	-1333.99	5776.1
2921.41	-2406.02	6002.27
2692.71	-1004.27	5455.25
2338.54	1667.81	4695.82
2476.64	1356.38	4893.42
2091.39	2600.33	3975.55
2245.82	2104.5	4208.37
2789.16	-896.633	5037.3
2340.07	1844.09	4286.87
2988.93	501.024	5207.02
2306.29	1992.98	4085.35
3208.19	-3060.66	5328.03
2242.84	2463.31	3847.14
2756.47	-38.1134	4554.77
2728.9	-1110.21	4212.73
2622.71	-1945.29	4010.67
2919.25	-206.888	4434.18
2324.22	2493.1	3625.72
2906.5	-342.754	4388.64
2701.91	-1169.74	4042.82
2709.92	-626.49	4070.5
2527.11	1279.66	3780.1
2349.05	1950.06	3523.92
2704.02	333.443	3897
2676.46	354.111	3742.75
2675.13	748.234	3739.84
2719.08	-1367.89	3676.11
2392.35	1545.2	3315.55
2731.22	-1579.14	3658.53
2379.17	2193.95	3281.47
2633.38	842.931	3571.49
3490.14	-198.675	4455.58
2993.15	-987.87	3587.95
2993.15	-987.87	3587.95
2601.74	649.133	3151.83
3545.27	-505.804	4164.29
2698.83	536.035	3168.39
2608.81	701.007	3062.01
2715.79	599.232	3160.33
3814.7	-506.776	4223.28
3425.3	-1643.39	3450.9
-2246.74	278.258	2403.32
-1919.31	1269.56	2080.86
-1943.23	1051.17	2130.17
-1921.79	1231.07	2103.76
-1910.63	-482.389	2151.56
-2268.86	387.312	2554.01
-1948.35	-969.422	2306.69
-1931.32	914.035	2237.34
-2055.58	-1439.47	2453.77
-1989.59	-880.588	2360.87
-1936.74	-26.8342	2305.28
-1932.47	-652.758	2364.22
-1955.3	86.1614	2455
-1948.48	322.277	2535.62
-1888.86	650.692	2568.56
-1947.76	-647.077	2740.71
-1947.76	-647.077	2740.71
-1956.14	-1171.24	2808.95
-1888.5	834.299	2651.85
-1888.5	834.299	2651.85
-1942.98	1657.21	2752.32
-1933.46	629.038	2907.62
-1943.04	1758.77	2882.85
-1960.95	-830.756	3030
-1941.9	-305.449	2991.33
-1932.97	-107.331	3007.46
-1969.57	551.805	3078.2
-1949.3	-575.011	3124.39
-1949.3	-575.011	3124.39
-1972.37	-834.217	3216.15
-1948.67	192.436	3234.49
-1981.76	660.987	3332.43
-1950.28	2011.02	3241.8
-1955.22	-190.142	3356.63
-1575.05	1243.21	2670.51
-1594.45	1061.38	2721.42
-1960.68	2055.93	3337.03
-2037.75	-936.54	3872.02
-1488.1	466.853	3064.09
-1957.08	-1464.67	4546.49
-2081.32	-785.811	4855.81
-1781.39	-1150.47	4192.1
-1963.46	-2191.58	4767.94
-1229.28	474.071	2990.02
-2026.95	-1997.89	5119.87
-1438.54	2607.69	3886.65
-1897.32	-638.313	5561.22
-1165.51	1069.2	3619.81
-1126.72	1004.17	3597.23
-857.424	1728.63	3206.25
-891.977	2177.57	3561.13
-891.977	2177.57	3561.13
-868.402	1513.55	3534.02
-1580.04	-3154.23	7119.96
-1655.53	-3467.75	7487.38
-1575.55	-4914.08	8351.16
-716.226	1741.39	3610.91
-640.488	1721.26	3689.72
-1526.35	-5237.91	10527.8
-610.421	1588.81	4679.99
563.495	52.8523	4004.17
563.495	52.8523	4004.17
2007.13	-5173.89	10848.4
1988.04	-3011.27	8958.25
1981.23	-2671.68	8638.89
2880.15	-5630.57	11254.7
2786.86	-4795.14	8802.2
2744.03	-3791.62	7885.02
1470.49	593.995	4245.67
1718.58	1918.21	4760.65
1722.02	1611.67	4733.5
2924.19	-1608.79	7590.58
2695.94	-2745.4	6814.78
2835.16	-2919.82	6993.89
2827.01	-2480.46	6618.85
3095.81	-3553.73	7102.67
2122.3	1576.66	4899.82
2059.49	1672.31	4579.91
2719.99	-1325.47	5737.57
2876.89	-1803.07	5908.04
2727.52	-901.129	5371.07
2175.76	2120.25	4424
2507.87	1373.82	4957.16
2107.08	2620.88	4005.25
2266.56	2123.71	4245.65
2328.56	2004.38	4320.33
2753.68	-492.77	4942.19
2675.68	-219.355	4653.66
2890.59	484.251	5037.27
3208.37	-3068.99	5332.8
2233.85	2455.29	3827.21
2711.72	-121.141	4504.97
2819.1	-2091.84	4311.76
2847.55	-369.359	4399.01
2881.93	-203.996	4372.1
2660.25	458.144	4025.93
2357.94	1192.83	3525.73
2699.86	580.021	3989.17
2784.29	-1409.56	3945.09
2377.9	1899.04	3388.3
2377.9	1899.04	3388.3
2773.92	-1298.42	3775.95
2773.92	-1298.42	3775.95
2592.19	1673.43	3605.59
2684.08	868.371	3697.84
3273.62	-241.952	4460.11
2688.5	946.978	3665.84
2722.15	-1212.91	3518.85
2387.77	1963.15	3117.06
3454.17	-357.263	4308.24
3287.36	-704.993	3975.32
2705.84	677.192	3283.71
2500.17	1629.56	3011.72
2736.74	545.214	3214.72
2668.36	718.011	3133.91
2733.3	602.935	3179.6
2936.75	-1157.47	3313.91
3873.35	-367.919	4270.45
3571.8	-899.406	3752.21
3287.34	-1203.41	3424.71
3471.51	-1020.75	3565.19
