-2211.59	273.278	2365.59
-1875.38	1241.14	2033.1
-1886.71	1019.03	2069.46
-1885.12	-134.481	2120.15
-1915.59	-526.167	2188.41
-2159.94	311.475	2471.18
-1895.36	897.5	2195.9
-1994.98	-1395.78	2384.38
-1876.67	-395.26	2232.54
-1876.67	-395.26	2232.54
-1867.38	-523.112	2227.33
-1881.91	-26.1796	2240.05
-1881.91	-26.1796	2240.05
-1972.74	-1266.09	2476.39
-1900.68	314.34	2475.39
-1881.43	1491.07	2453.48
-1903.8	191.788	2517.13
-2033.53	543.001	2701.08
-1932.2	-1228.51	2651.1
-1878.16	-626.194	2644.73
-1839.88	813.011	2584.04
-1854.2	920.277	2727.93
-1952.8	-1052.33	2931.56
-1932.45	626.614	2903.41
-1903.41	1803.1	2860.83
-1888.41	-420.628	2910.19
-1949.27	-943.992	3036.7
-1896.74	-696.736	3055.82
-1903.39	2019.46	3115.47
-1899.14	187.965	3151.89
-1935.84	732.269	3292.23
-1888.09	-185.206	3242.61
-1549.59	1031.68	2645.63
-1844.19	1671.45	3173.08
-1913.62	2153.09	3325.49
-1897.82	-285.227	3560.06
-2141.05	-838.157	4403.13
-1456.29	457.781	3001.93
-1510.4	914.6	3106.4
-2548.22	-2805.9	5450.06
-2548.22	-2805.9	5450.06
-1999.47	-757.888	4672.94
-1884.08	-2104.76	4577.84
-2105.01	-2834.17	5264.04
-1833.42	-2119.27	4701.77
-1500.78	2540.82	3806.51
-1854.9	-625.963	5443.4
-1628.94	-1452.88	5695.25
-772.105	461.565	2849.98
-811.214	590.748	3024.78
-842.81	1699.67	3151.19
-1542.08	-1494.92	6171.76
-850.481	1298.4	3404.83
-902.958	2210.66	3613.97
-857.295	1498.87	3500.47
-837.352	1704.08	3571.69
-1637.8	-3433.22	7415.27
-1707.27	-3917.78	8293.81
-1776.19	-4699.52	8665.66
-807.864	2211.93	3754.06
-1412.37	-1014.5	7031.46
-1596.43	-4977.66	8467.4
-703.686	1710.04	3546.53
-698.615	570.918	4372.26
610.121	40.2752	4453.83
610.121	40.2752	4453.83
2022.58	-3063.12	9111.94
2846.03	-5578.58	11149.5
3004.68	-5058.3	10983.5
1178.54	2001.65	4394.87
2942.88	-4105.91	10008.1
2790.27	-4787.38	8804.47
1383.35	2028.35	4411.95
2821.42	-2425.6	8390.41
1930.1	586.386	5744.06
1930.1	586.386	5744.06
1822.35	1173.3	5258.72
1904.45	1543.61	4874.12
2855.93	-2901.47	6822.06
2817.43	-2604.57	6731.85
2157.6	1605.05	4824.35
2964.61	-3690.79	6441.84
2928.51	-3627.65	6169.67
2063.41	2098.07	4364.51
2780.75	-1268.15	5563.62
2890.32	-1631.61	5765.26
2422.89	1639.35	4583.15
2698.45	1407.81	5080.81
2704.71	-485.062	4852.03
2282.34	1968.96	4041.86
2887.03	480.482	5034.02
2656.95	-214.102	4618.82
2694.76	-392.291	4562.39
2240.41	2460.77	3843.6
3188.68	-2689.34	5181.47
2740.48	-408.76	4413.03
2794.16	-76.3389	4476.24
2312.22	2271.84	3647.53
2780.38	95.1598	4295.17
2735.05	-1265.16	4092.53
2337.04	1179.98	3490.27
2818.76	372.803	4173.48
2657	931.009	3884.94
2450.83	1412.3	3558.15
2771.53	-999.312	3892.71
2762.62	-1454.74	3863.89
2681.69	749.914	3749.22
2408.27	1835.44	3257.25
2763.72	-1688.52	3593.82
2857.99	-805.802	3683.84
2370.18	1948.23	3092.16
2440.32	1510.33	3131.65
2677.64	206.221	3349.76
2644.15	661.719	3207.92
2467.44	1606.81	2974.3
2710.96	539.19	3184.08
3320.5	-843.744	3833.8
5639.41	-3958.42	6467.11
3526.6	-610.289	4025.56
2755.73	254.383	3132.21
3805.21	-363.069	4196.26
3333.76	-864.799	3657.29
2703.75	599.593	2957.97
3460.29	-1650.88	3593.88
3476.21	-1667.54	3502.43
-1872.99	1239.37	2030.72
-1883.85	1019.09	2065.6
-2172.14	370.938	2445.58
-1896.19	-520.055	2165.33
-2154.02	310.828	2464.31
-1895.35	897.172	2195.17
-1848.06	1323.48	2137.26
-1990.55	-1239.99	2346.75
-1880.94	-25.897	2238.81
-1880.94	-25.897	2238.81
-1981.34	-1271.43	2486.97
-2076.15	414.306	2602
-1880.84	1490.75	2452.62
-1900.65	190.883	2513.36
-2034.49	543.544	2702.62
-1834.93	725.086	2455.03
-1881.28	1541.37	2509.14
-1938.13	-1232.56	2658.91
-1874.6	-624.231	2638.72
-1874.6	-624.231	2638.72
-1883.87	-506.842	2651.5
-1834.03	810.225	2576.13
-1884.52	-401.34	2774.84
-1842.89	914.572	2711.64
-1965.5	-1059.47	2950.15
-1957.46	-949.205	3048.9
-1900.18	1830.17	2940.79
-1911.04	91.9256	3042.05
-1893.96	-694.966	3051.21
-1906.18	2022.53	3119.95
-1907.38	190.058	3163.97
-1896.14	-586.488	3176.19
-1928.61	641.867	3243.87
-1941.12	733.527	3301.67
-1895.54	-285.615	3557.42
-2115.83	-769.771	4250.35
-1459.27	458.97	3006.84
-2555.09	-2809.75	5459.29
-2555.09	-2809.75	5459.29
-2023.46	-765.808	4725.31
-1921.15	-2144.25	4662.29
-2090.07	-2814.08	5227.08
-1659.76	-1224.78	4681.33
-1761.94	-2351.6	5221.52
-1866.98	-630.066	5477.28
-834.929	1280.82	2546.11
-854.866	1637.74	3018.34
-772.474	461.943	2851.98
-772.474	461.943	2851.98
-851.017	1299.02	3406.67
-895.3	2184.18	3572.06
-852.242	1490.46	3481.36
-871.954	1686.36	3598.5
-1622.88	-3403.85	7353.87
-1707.58	-3918.74	8296.32
-809.851	2216.46	3763.39
-1423.3	-1021.54	7081.02
-1571.47	-4901.75	8340.02
-1571.47	-4901.75	8340.02
-697.689	1696.27	3517.65
-703.301	573.359	4393.24
600.802	41.6354	4387.38
600.802	41.6354	4387.38
2003.66	-2482.01	8556.54
2003.66	-2482.01	8556.54
3165.12	-6223.61	12450
3032.48	-5112.08	11092.6
1178.12	2002.11	4395.05
2869.89	-4009.22	9766.1
2748.7	-4712.19	8670.69
1369.95	2012.4	4375.46
1476.03	2037.31	4474.11
1807.38	1164.93	5213.14
1905	1544.31	4874.37
2844.82	-2747.36	6877.05
2766.53	-2556.29	6611.94
2792.98	-2142.51	6313.1
2978.15	-3565.31	6410.93
2934.24	-3631.51	6183.41
2066.39	2101.97	4371.33
2867.24	-1551.37	5778.54
2333.01	1659.23	4682.73
2077.24	2584.97	3948.76
2699.08	1408.18	5081.18
2472.01	1774.3	4551.68
2265.7	1955.74	4011.57
2884.43	478.912	5029.86
2660.65	-215.26	4625.24
2757.53	-807.516	4683.62
2712.12	-395.322	4594.15
2221.39	2439.67	3810.88
3200.02	-2700.68	5200.86
3294.86	-3235.78	5248.31
2794.22	-76.5772	4476.22
2294	2253.71	3617.38
2327.34	1174.98	3474.06
2736.02	-1292.37	4005.27
2375.22	1891.34	3387.42
2772.5	-1000.92	3894.17
3185.54	-208.724	4481.64
2702.86	670.19	3809.51
2889.84	-691.383	3912.84
2618.42	836.709	3549.84
2768.46	-1692.12	3601.04
2768.46	-1692.12	3601.04
2357.29	1937.46	3074.66
2422.83	1500.11	3109.97
3277.38	-619.561	4106.1
2562.67	799.418	3216.58
2673.32	205.451	3344.27
2693.08	674.077	3267.55
2462.93	1603.32	2968.12
2691.66	534.97	3161.25
3389.76	-861.762	3915.52
5640.55	-3958.7	6468.83
3405.56	-673.195	3881.97
2736.17	253.456	3109.1
3250.56	-842.622	3563.46
2691.81	596.286	2944.58
3660.2	-663.394	3959.59
3408.06	-1635.51	3434.95
-2192.19	271.324	2344.7
-1865.31	1234.85	2023.19
-1835.03	-464.436	2066.8
-2227.13	379.868	2506.28
-1917.89	-524.91	2189.48
-1891.45	895.573	2191.73
-1858.22	1330.55	2148.22
-1998.1	-1398.09	2388.08
-1872.12	-525.076	2233.71
-1886.44	-25.9852	2245.26
-1886.44	-25.9852	2245.26
-1977.55	-1269.07	2482.18
-1866.39	-419.593	2348.04
-2065.1	412.792	2589.39
-1857.13	-708.198	2363.63
-1884.82	1493.96	2457.64
-1898.05	190.562	2509.86
-2027.47	541.598	2693.39
-1939.16	-1233.77	2660.36
-1847.92	816.605	2595.02
-1847.92	816.605	2595.02
-1915.34	493.215	2723.11
-1882.72	-400.612	2771.98
-1944.47	-1047.88	2919.57
-1898.63	1717.31	2818.32
-1954.11	-947.101	3043.49
-1902.05	1831.95	2943.63
-1898.57	34.9591	2971.15
-1937.8	624.212	3050.88
-1901.61	-698.063	3063.1
-1938.09	592.503	3194.65
-1903.24	188.67	3158.01
-1906.08	-201.615	3174.4
-1906.12	1997.67	3246.66
-2139.26	-915.968	4290.46
-2118.25	-770.716	4255.22
-1450.56	455.772	2989.4
-2543.35	-2801.72	5441.23
-2543.35	-2801.72	5441.23
-2004.19	-759.588	4682.76
-1908.99	-2131.97	4634.55
-1765.45	-969.802	4283.62
-2059.67	-2773.7	5153.36
-1819.74	-2103.81	4666.5
-1861.91	-627.745	5461.58
-4204.88	489.98	12757.9
-1611.34	-1437.86	5637.98
-775.085	463.454	2862.26
-811.275	590.775	3025.07
-839.983	1693.77	3140.89
-1025.56	2565.82	3824.18
-873.5	1526.01	3563.66
-1652.6	-3462.66	7477.47
-1789.78	-4734.75	8729.04
-1693.27	-3886.82	8229.67
-698.359	1697.59	3521.13
-676.734	1434.19	3445.57
-628.242	1688.68	3620.89
-703.51	574.417	4399.34
-1410.51	-4868.66	9779.39
603.567	42.4691	4421.64
603.567	42.4691	4421.64
2005.7	-3038.14	9036.64
2005.7	-3038.14	9036.64
2863.1	-5610.28	11212.4
2994.16	-5054.77	10964.2
1176.98	1998.64	4388.07
2888.74	-4025.71	9819.15
2751.99	-4715.94	8679.5
1411.39	2072.68	4506.46
1818.84	1170.61	5248.88
1908.03	1546.99	4882.24
2827.88	-2298.54	6470.43
2955.17	-3659.89	6228.79
2887.66	-2233.13	6039
2067.97	2103.49	4374.71
2899.11	-2389.93	5951.63
2335.13	1661.38	4687.32
2884.18	-1278.32	5553.31
2431.98	1646.3	4601.63
2079.01	2587.49	3952.14
2705.91	1411.35	5095.62
2911.41	-3031.69	5061.97
2271.93	1959.51	4024.31
2761.43	-864.211	4799.88
2658.87	-214.54	4622.13
2738.3	-246.256	4696.97
2770.61	-812.416	4707.12
2219.06	2436.48	3806.18
3182.67	-2684.96	5171.56
3353.45	-3291.71	5340.53
2795.41	-77.0583	4478.36
2317.41	2276.58	3656.27
2783.93	95.6366	4300.98
2343.9	1943.78	3520.47
2371.86	1198.92	3548.37
2746.17	-1295.64	4019.37
2758.3	-1452.92	3858.65
2680.71	749.697	3746.16
2762.94	-1598.79	3702.03
2374.74	1952.24	3098.91
2410.56	1494.84	3113.21
3059.38	-650.651	3901.98
3059.38	-650.651	3901.98
2843.15	-1016.23	3592.41
2569.8	801.458	3226.42
2691.06	207.323	3367.45
2691.06	207.323	3367.45
2679.49	670.719	3251.05
2604.52	713.165	3136.75
2469	1607.65	2975.56
2693.52	535.514	3163.33
3355.19	-851.925	3874.25
5586.63	-3920.06	6405.97
2840.65	2033.09	3304.09
3391.24	-670.448	3864.71
2747.79	254.088	3123.01
3812.14	-362.219	4206.56
3363.95	-872.659	3689.48
-1879.91	1243.53	2037.63
-2229.81	379.795	2507.6
-2147.16	309.999	2457.15
-1889.14	895.534	2188.78
-1887.1	-26.0257	2246.28
-1874.5	1393.83	2305.92
-1874.5	1393.83	2305.92
-1985.09	-1273.84	2491.61
-1855.34	-416.512	2333.84
-1900.05	191.224	2512.44
-2044.04	546.063	2715.24
-1938.87	-1233.3	2659.69
-1885.46	-626.742	2653.63
-1885.46	-626.742	2653.63
-1835.86	811.158	2578.59
-1835.86	811.158	2578.59
-1912.14	491.911	2718.65
-1915.12	410.185	2774.52
-1886.97	-402.013	2778.23
-1947.08	-1049.1	2923.9
-1938.43	623.941	3052.12
-1903.18	-698.71	3065.76
-1912.1	1994.05	3063.64
-1912.1	1994.05	3063.64
-1918.2	190.537	3181.86
-1905.72	-84.5588	3176.24
-1930.62	729.598	3283.92
-1909.13	19.8368	3302.71
-2076.73	-891.22	4173.57
-2117.5	-770.487	4253.58
-1457.35	458.263	3002.52
-2534.55	-2793.8	5422.52
-2534.55	-2793.8	5422.52
-1934.04	-995.901	4177.67
-2007.16	-760.103	4689.73
-1904.37	-2127.11	4622.22
-1762.29	-968.583	4277.34
-2081.08	-2802.51	5205.97
-1886	-2335.85	5100.08
-1653.37	-1221.84	4665.02
-1856.02	-626.623	5447.05
-1063.44	124.476	3223.23
-865.552	1652.38	3048.33
-768.822	459.541	2841.01
-768.822	459.541	2841.01
-812.092	590.867	3027.62
-839.822	1693.81	3140.28
-851.069	1299.15	3406.92
-904.902	2205.49	3606.96
-849.146	1486.42	3472.39
-855.476	2061.49	3518.34
-1648.83	-3455.34	7463.15
-1702.61	-3908.71	8274.06
-1606.03	-5008.74	8517.67
-1606.03	-5008.74	8517.67
-702.684	1706.72	3540.02
-626.5	1684.39	3611.7
-703.807	574.007	4400.9
599.904	42.2226	4395.22
599.904	42.2226	4395.22
1993.18	-3014.84	8977.46
2846.07	-5575.8	11146.7
2961.57	-4995.27	10831.4
1177.13	1999.52	4389.78
2930.22	-4088.87	9965.64
2789.25	-4786.73	8803.85
1379.39	2022	4397.95
3091.85	-3173.62	9277.45
1933.66	585.019	5757.17
1921.98	1187.66	5212.75
1921.98	1187.66	5212.75
2005.16	1113.03	5154.55
2784.87	-2572.92	6658.03
2784.87	-2572.92	6658.03
2784.03	-2033.09	6197.08
2957.58	-3665.12	6231.93
2100.19	2136.16	4443.48
2722.71	-1019.01	5516.63
3148.32	-2230.79	6311.96
2340.24	1664.53	4698.06
2420.25	1636.91	4577.72
2073.18	2579.8	3941.17
2692.61	1404.13	5069.95
2255.88	2113.02	4227.13
2957.6	-3084.42	5148.5
2774.25	-868.372	4822.27
2667.54	-216.063	4637.41
2236.26	2455.93	3837.62
3186.96	-2688.81	5178.96
3234.43	-3171.67	5146.87
2795.51	-76.9518	4478.52
2740.49	-804.737	4325.68
2309.51	2477.12	3601.99
2748.43	-1273.06	4114.38
2338.23	1180.35	3490.54
2761.35	-995.44	3877.51
2746.68	-1445.94	3841.43
2671.69	747.759	3733.3
3294.19	-244.236	4488.35
2628.43	840.867	3564.4
3298.01	-420.735	4361.91
2754.6	-1464.59	3560.45
2369.1	1947.66	3091.25
2417.93	1496.76	3103.07
2691.95	208.292	3368.99
2691.95	208.292	3368.99
2654.45	664.488	3221.19
2472.59	1609.37	2980.34
2676.81	531.685	3143.03
2672.42	720.379	3138.97
5673.53	-3981.01	6507.66
2778.52	1988.02	3230.8
3418.45	-591.423	3898.73
2756.31	254.433	3133.07
3285.96	-938.614	3687.91
3792.3	-361.195	4182.47
3266.08	-847.053	3579.62
3437.39	-1650.11	3465.87
-1857.17	1228.8	2014.48
-1893.61	-471.428	2127.8
-2185.55	372.926	2459.85
-1898.37	-522.818	2169.78
-2161.78	312.006	2473.56
-1886.71	893.709	2186.16
-1864.63	-523.597	2225.5
-1883.36	-25.9614	2241.74
-1883.36	-25.9614	2241.74
-1910.1	-626.355	2384.48
-1983.2	-1272.39	2488.86
-1854.5	-416.82	2333.05
-1881.87	1491.56	2453.94
-1900.05	191.429	2512.6
-2042.32	545.394	2712.7
-1935.91	-1231.01	2656.2
-1841.07	813.71	2585.44
-1841.07	813.71	2585.44
-1906.67	408.228	2762.8
-1883.2	-400.454	2772.72
-1943.65	-1047.31	2918.31
-1916.67	513.573	2901.83
-1901.97	1801.62	2858.89
-1949.14	-944.779	3036.45
-1897.66	1827.89	2937.12
-1938.14	624.964	3050.51
-1912.98	189.704	3174.6
-1937.89	732.487	3295.96
-1906.74	-86.1261	3288.52
-1906.74	-86.1261	3288.52
-1922.1	2263.75	3474.33
-1812.77	-836.235	3463.18
-2095.87	-898.658	4206.24
-2115.33	-769.458	4249.5
-1458.14	457.746	3003.16
-2552.82	-2810.32	5457.69
-2552.82	-2810.32	5457.69
-1978.75	-751.667	4626.84
-1909.43	-2131.02	4635.71
-1221	471.751	2972.23
-2095.83	-2821.89	5242.68
-1794.71	-2075.31	4605.22
-1859.07	-627.797	5455.59
-1704.23	-1531.46	5193.3
-1052.51	123.302	3192.21
-772.083	461.638	2851.63
-811.492	590.887	3025.93
-839.97	1694.21	3140.63
-1017.96	2549.29	3800.6
-1564.49	-1516.45	6254.27
-851.128	1299.31	3407.47
-866.872	2123.42	3472.1
-866.872	2123.42	3472.1
-853.237	1492.05	3484.34
-1672.1	-3502.85	7564.12
-1694.49	-3891.73	8235.95
-1798.11	-4760.58	8774.08
-696.616	1694.78	3514.65
-691.21	1833.71	3564.32
-703.463	573.917	4399.58
-1489.92	-5145.77	10332.4
602.12	41.4349	4416.55
602.12	41.4349	4416.55
1994.74	-2692.47	8700.99
1994.74	-2692.47	8700.99
2853.77	-5586.96	11173.8
2983.2	-5029.83	10911.2
2940.39	-4099.24	9999.52
1273.01	2080.53	4420.8
2759.43	-4721.77	8700.34
1361.82	1996.92	4343.29
1466.46	2022.62	4442.77
1939.87	585.596	5776.88
1920.41	1189.66	5206.65
1920.41	1189.66	5206.65
1911.58	1549.89	4891.41
2779.98	-2569.77	6640.1
2940.49	-3519	6323.07
2946.6	-3651.25	6210.26
2060.44	2095.55	4357.23
2895.65	-2384.77	5944.61
2338.8	1662.98	4694.5
2879.11	-1489.44	5673.55
2882.61	-1279.38	5551.26
2431.5	1645.27	4599.89
2102.65	2614.68	4000.05
2698.62	1406.97	5079.67
2270.34	1960.03	4019.93
2768.89	-865.764	4812.85
2892.78	479.844	5045.04
2663.42	-214.794	4630.2
2734.35	-247.194	4691.28
2752.83	-806.921	4676.69
2229.83	2448.62	3824.85
3198.05	-2699.47	5198.29
2797.85	-76.6171	4482.09
2759.52	-1029.23	4368.46
2776.98	95.1642	4289.97
2603.51	675.245	4012.33
2759.27	-1278.8	4132.06
2401.7	1213.68	3592.25
2813.18	372.592	4166.07
2664.72	933.379	3896.97
2670.97	2649.21	3774.77
2684.56	750.946	3751.82
2429.27	1852.08	3286.43
2363.64	1943.19	3084.15
3048.95	-649.164	3885.9
3048.95	-649.164	3885.9
2430.27	1504.23	3118.86
2837.51	-1367.39	3577.06
2837.51	-1367.39	3577.06
2578.92	705.107	3099.86
2578.92	705.107	3099.86
2473.24	1610.88	2981.92
2679.88	531.556	3145.46
3375.45	-857.023	3897.3
5641.48	-3959.99	6468.89
2781.03	1989.73	3233.78
3376.07	-667.21	3846.9
2749.53	253.62	3125.52
3491.88	-683.644	3841.57
3329.25	-863.633	3650.12
