-1907.75	1221.75	2088.7
-1881.52	1017.34	2064.28
-2232.48	380.826	2512.35
-2162.91	311.97	2475.27
-1913.2	905.889	2215.81
-1890.25	1353.55	2184.81
-2248.88	537.71	2644.07
-2026.93	-1419.2	2419.63
-1895.66	-26.7837	2256.85
-2003.95	-1177.91	2642.08
-1924.63	193.107	2545.42
-1924.63	193.107	2545.42
-2060.46	550.707	2737.66
-1911.54	1601.26	2618.61
-1911.54	1601.26	2618.61
-1908.98	-512.135	2685.8
-1940.5	-1042.37	2745.83
-1857.15	820.283	2609.05
-1903.87	-510.465	2794.49
-1919.93	-22.6803	2836.26
-1866.11	925.95	2745.79
-1963.18	-1058.22	2947.53
-1934	-819.394	2988.69
-1978.67	-958.301	3082.39
-1961.85	632.218	3087.62
-1925.84	-193.379	3085.54
-1954.78	596.449	3222.46
-1924.7	190.604	3194.72
-1924.27	2104.78	3194.09
-1575.37	1049.08	2686.41
-1926.19	2017.89	3281.57
-1925.81	-490.413	3342.56
-1930.11	20.4409	3338.81
-1996.56	-917.149	3791.67
-2093.88	-897.725	4204.92
-1490.39	467.921	3068.2
-2043.07	-772.296	4769.77
-1903.6	-2126.61	4624.94
-1728.39	-947.857	4202.08
-2120.13	-2854.28	5300.77
-1821.56	-2107.36	4675.11
-1676.75	-1237.69	4728.42
-1719.38	-1548.38	5245.48
-1063.79	123.835	3227.75
-1163.56	1064.48	3598.06
-989.385	1959.29	3117.48
-816.722	594.006	3044.26
-826.4	1752.49	3200.99
-872.812	2138.6	3496.99
-833.186	1457.86	3405.59
-873.907	1689.76	3605.72
-1617.04	-3392.15	7328.15
-1722.64	-3954.29	8373.45
-743.503	2044.01	3474.22
-1576.93	-4915.17	8354.3
-704.212	1714.13	3554.99
-631.214	1695.86	3637.14
-711.704	579.862	4440.99
-1627.87	-5585.73	11219.5
-595.581	1637.18	4541.27
585.142	57.4611	4054.23
585.142	57.4611	4054.23
2009.1	-4251.86	10085.5
1176.97	1997.94	4383.59
1176.97	1997.94	4383.59
2830.66	-4565.66	8745.08
2809.21	-2412.63	8349.92
1933.85	581.684	5759.17
1933.85	581.684	5759.17
1646.63	1831.08	4560.31
2708.75	-2140.28	7243.83
2918.15	-1608.55	7577.02
1790.29	1837.63	4738.25
2675.66	-2728.18	6765.36
1888.82	1533.39	4828.43
2100.49	1554.08	4851.93
2104.34	1405.34	4827.84
2777.12	-2028.2	6181.17
2155.06	1602.73	4815.12
2871.76	-2222.19	6004.64
2067.79	2101.89	4370.81
2880.85	-2374.51	5914.96
2324.29	1653.91	4666.19
2852.58	-1475.25	5622.49
2072.63	2578.34	3941.88
2231.57	2091.72	4189.54
2745.64	-859.146	4773.57
2850.75	475.215	4970.21
2717.61	-794.879	4614.34
3150.88	-3031.47	5248.79
3150.88	-3031.47	5248.79
2693.88	-306.558	4476.28
2746.95	-37.4613	4539.9
2315.67	2276.95	3651.86
2582.8	668.707	3980.14
2315.77	1919.88	3475.31
2408.63	1394.95	3507.48
3161.44	-207.534	4446.98
2589.19	912.617	3644.65
2651.28	742.138	3705.09
2438.19	1571.98	3395.11
2402.27	1832.22	3249.32
3200.24	-407.848	4230.81
2748.02	-1679.05	3574.05
2748.02	-1679.05	3574.05
2826.16	-873.101	3675.99
2826.16	-873.101	3675.99
2870.55	-671.587	3728.4
2349.09	1930.71	3064.89
2637.33	493.889	3333.13
3413.53	-300.214	4236.92
2640.73	661.096	3205.76
2570.38	702.133	3090.17
2693.5	535.797	3163.74
5699.93	-4000.72	6539.56
3227.51	-888.865	3720.98
2755.08	1969.97	3202.01
3403.45	-672.814	3881.04
3397.93	-587.484	3874.45
2726.11	251.719	3099.34
3261.42	-1195.46	3401.73
3311.11	-1589.49	3338.66
3826.18	-831.31	3799.9
-2294.01	283.154	2451.05
-1908.09	1222.03	2089.01
-1926.6	1041.59	2112.43
-2164.98	312.287	2477.54
-1903.4	901.762	2204.75
-1887.36	1352.36	2182.7
-2253.1	538.442	2649.08
-2024.17	-1417.22	2416.65
-1904.57	-26.4503	2267.21
-1904.57	-26.4503	2267.21
-1915.14	-627.977	2391.35
-1989.17	-1276.03	2497.73
-2005.03	-1178.72	2643.49
-2057.18	550.165	2733.5
-1908.35	1523.8	2583.21
-1908.47	-511.985	2685.09
-1912.96	-636.691	2693.74
-1950.49	-1046.93	2759.02
-1866.89	824.89	2621.62
-1929.1	412.64	2795.18
-1929.1	412.64	2795.18
-1917.27	1781.89	2799.12
-1860.34	922.109	2738.35
-1919.03	-302.48	2956.43
-1983.33	-960.437	3089.68
-1917.12	1926.98	3015.47
-1924.26	-193.185	3082.85
-1957.54	747.434	3196.7
-1917.77	190.469	3183.03
-1966.64	655.922	3306.74
-1925.46	19.5082	3331.25
-1930.51	2250.1	3407.85
-2018.96	-926.989	3830.62
-1883.36	1945.37	3539.81
-1484.57	466.689	3057.25
-2016.2	-820.372	4431.39
-2016.2	-820.372	4431.39
-1743.94	-1128.34	4109.74
-1923.97	-2146.23	4668.1
-1733.69	-951.151	4213.83
-2098.82	-2826.91	5250.93
-1843.2	-2131.05	4724.74
-1735.15	-1557.55	5287.28
-1168.16	1068.64	3610.11
-983.548	1945.74	3095.49
-1626.32	-1005.91	5302.37
-777.253	464.928	2870.7
-818.04	594.833	3048.4
-897.977	2195.67	3591.59
-841.048	1470.7	3434.51
-883.671	1707.54	3643.47
-1560.5	-3117.7	7039.43
-1725.15	-3959.79	8384.46
-753.287	2060.84	3508.5
-1590.04	-4956.22	8421.71
-630.351	1693.76	3632.89
-590.651	1627.36	4513.07
581.222	57.3262	4027.34
581.222	57.3262	4027.34
2020.46	-5211.95	10921
2020.46	-5211.95	10921
2899.1	-4870.66	10577.1
1178.85	2001.35	4390.89
1178.85	2001.35	4390.89
2881.29	-4025.05	9808.63
2692.82	-4611.92	8489.42
2851.17	-4606.14	8815.88
2813.43	-2415.33	8359.2
1940.69	582.914	5780.61
1940.69	582.914	5780.61
2976.15	-2804.26	8703.8
2932.88	-1619.58	7617.95
1904.26	1545.77	4869.75
2100.35	1554.21	4851.45
1958.67	2182.28	4469.51
2149.29	1598.55	4802.26
2886.11	-3451.11	6205.06
2884.48	-2347.15	6115.94
2870.21	-2220.58	6003.4
2844.65	-1539.27	5732.08
2786.79	-1155.43	5506.3
2866.07	-1272.93	5521.92
2712.56	1345.27	5241.53
2087.53	2597.03	3970.11
2204.49	2064.64	4126.04
2452.67	1760.66	4515.17
2682.45	-378.542	4707.33
2848.48	475.463	4965.76
2214.61	2429.03	3803.42
3160.23	-3040.57	5263.74
2717.72	-824.237	4529.57
2744.13	-37.2465	4534.86
2710.46	-668.131	4213.5
2301.79	2262.11	3630.45
2744.63	94.9332	4241.39
2731.64	-1382.67	3870.66
2732.82	-984.465	3836.78
2661.33	744.715	3719.93
2411.64	1555.09	3355.97
3269.41	-241.711	4454.73
2594.32	275.518	3510.92
2383.86	1818.12	3223.92
2725.12	-1448.76	3522.53
2861.23	-806.51	3690.05
2337.19	1920.5	3048.79
3200.47	-669.396	4080.35
2642.19	494.782	3338.94
2525.8	780.852	3166.95
2512.54	687.01	3021.03
2512.54	687.01	3021.03
3079.22	-986.769	3591.99
3079.22	-986.769	3591.99
2679.88	532.417	3146.77
5586.24	-3919.7	6406.13
5586.24	-3919.7	6406.13
2779.29	1988.98	3232.04
3418.82	-675.554	3897.46
2725.52	251.592	3098.23
3636.54	-580.864	3887.67
-2244.64	278.237	2402.69
-1905.53	1220.49	2086.12
-1909.33	1031.7	2093.85
-2194.18	316.841	2510.67
-1915.44	906.165	2218.13
-1893.49	1356.2	2189.75
-2251.43	538.388	2647.22
-2032.95	-1423.15	2426.8
-1907.17	-26.3945	2270.31
-1907.17	-26.3945	2270.31
-1896.03	824.436	2278.28
-1902.35	-724.447	2419.72
-1902.35	-724.447	2419.72
-1999.89	-1175.63	2636.89
-1909.26	-329.304	2537.86
-2072.09	553.564	2752.64
-1903.42	1558.86	2538.86
-1903.9	1520.11	2577.93
-1905.49	-511.373	2681.03
-1942.52	-1042.99	2748.4
-1863.53	823.067	2617.49
-1930.58	412.725	2797.63
-1930.58	412.725	2797.63
-1975.76	-957.238	3077.94
-1935.33	93.7828	3080.12
-1946	591.943	3210.33
-1923.48	190.575	3192.6
-1930.74	-84.8175	3216.96
-1956.21	652.005	3288.76
-1565.47	1042.72	2670.59
-1932.27	2172.82	3357.59
-1933.31	2252.87	3412.48
-2093.62	-783.399	3903.11
-2005.73	-921.536	3807.14
-1482.33	465.9	3053.83
-2020.77	-821.726	4441.52
-1997.04	-757.944	4668.92
-1742.08	-1126.58	4106.29
-1921.47	-2144.28	4664.62
-1732.48	-950.353	4211.01
-1222.28	471.1	2968.48
-2160.03	-2906.39	5395.63
-1862.68	-2152.88	4773.23
-994.978	1969.4	3133.65
-1643.32	-2092.02	5996.19
-882.484	1689.2	3112.16
-817.002	594.2	3044.85
-817.002	594.2	3044.85
-892.745	2182.74	3570
-822.751	1442.35	3369.04
-870.079	1683.02	3591.59
-1486.57	-3405.73	7124.81
-1715.17	-3937.46	8339.82
-753.059	2062.26	3509.54
-1427.19	-1022.63	7099.97
-1564.79	-4877.99	8295.71
-630.73	1695.01	3634.35
-622.116	1451.33	4497.5
-594.17	1638.46	4540.62
578.43	57.5874	4011.05
578.43	57.5874	4011.05
2000.98	-5145.36	10806.3
2000.98	-5145.36	10806.3
1971.84	-2660.48	8598.32
1180.35	2004.15	4396.8
2737.64	-4688.36	8632.12
2855.26	-4612.64	8827.7
1397.81	2044.04	4445.7
1926.65	580.92	5736.14
1926.65	580.92	5736.14
1739.63	1633.87	4814.93
2688.22	-2121.92	7183.99
2646.53	-2696.81	6687.71
2819.61	-3054.16	7111.53
2000.89	1109.87	5150.79
1899.83	1541.9	4858.26
2099.98	1554.17	4850.95
2112.57	1411.37	4848.16
2816.79	-2057.67	6273.9
2889.98	-2351.16	6127.99
2874.64	-2223.93	6012.86
2116.3	2059.82	4478.86
2084.29	2121.12	4410.98
2881.29	-1804.71	5917.53
2322.7	1652.62	4663.04
2779.72	-1152.48	5490.48
2779.72	-1152.48	5490.48
2069.95	2574.68	3933.93
2446.31	1755.87	4503.38
2855.71	-2975.85	4967.35
2854.75	476.41	4976.77
2702.22	-245.824	4637.84
2218.83	2433.54	3812.68
3153.98	-3034.66	5254.44
2746.04	-37.9509	4538.5
2781.93	-76.4014	4456.72
2284.77	2245.63	3602.54
2700.26	-1247.64	4039.92
2893.82	-313.258	4268.59
2383.06	1378.69	3469.71
2735.24	-985.686	3840.29
2602.47	919.16	3665.35
2670.96	747.276	3733.47
2460.76	1586.04	3428.46
2745.11	648.107	3736.08
2895.62	-600.55	3911.24
2588.95	274.773	3503.21
2379.65	1814.65	3217.08
2379.65	1814.65	3217.08
2734.14	-1669.83	3554.31
2713.09	-1442.26	3506.43
2349.77	1931.44	3066.03
3312.77	-626.651	4153.96
2635.94	658.755	3197.61
2686.35	534.127	3154.72
5519.72	-3873.77	6328.71
5519.72	-3873.77	6328.71
2745.54	1963.86	3191.5
3353.67	-662.444	3821.94
2729.1	251.403	3102.8
2567.45	688.811	2866.87
4001.6	-533.347	4438.56
3254.15	-843.577	3567.2
3345.48	-984.211	3434.73
-2238.43	277.711	2396.39
-1904.17	1219.48	2084.67
-1904.47	1031.06	2088.78
-2214.4	377.792	2492.23
-1915.75	907.657	2218.84
-1865.63	1337.57	2159.12
-1944.7	-857.742	2305.03
-2248.33	537.938	2643.97
-2031.82	-1422.15	2425.09
-1904.37	-26.5802	2267.02
-1904.37	-26.5802	2267.02
-2055.24	549.276	2730.16
-1913.84	1603.59	2621.43
-1915.43	-890.515	2695.47
-1920.17	-639.365	2703.26
-1911.9	-512.799	2689.52
-1860.12	821.842	2612.96
-1916.66	-1147.81	2752.59
-1930.15	412.633	2796.99
-1930.15	412.633	2796.99
-1905.95	-405.941	2806.22
-1862.98	923.982	2741.94
-1918.81	1817.68	2884.3
-1993.42	-965.284	3104.83
-1918.45	1891.66	2941.86
-1955.37	630.037	3077.7
-1912.11	-702.32	3081.12
-1953.73	745.116	3190.84
-1916.5	189.298	3182.34
-1928.44	-84.4515	3213.8
-1928.13	2109.35	3199.99
-1932.22	-88.0081	3332.07
-1993.98	-915.895	3787.14
-2177.97	-727.611	4437.03
-1485.07	466.631	3058.66
-1748.62	-1130.71	4118.91
-1728	-947.195	4201
-1216.22	469.291	2955.86
-2108.43	-2839.91	5274.51
-1847	-2134.75	4730.67
-1730.48	-1553.69	5273.63
-1076.73	126.245	3262.07
-1162.37	1063.87	3593.06
-1135.22	1009.5	3619.08
-918.113	2236.83	3658.9
-1551.99	-3170.42	6600.31
-842.782	1473.08	3440.54
-869.847	1683.02	3592.36
-857.955	2067.3	3530.82
-836.071	1701.7	3567.41
-1647.43	-3453.7	7458.62
-1889.27	-4444.35	8642.33
-1719.74	-3946.95	8355.95
-752.098	2061.42	3508.47
-1419.79	-1018.42	7065.92
-1596.38	-4974.95	8445.59
-704.099	1712.77	3551.65
-677.648	1436.95	3453.23
-677.648	1436.95	3453.23
580.959	58.0134	4019.13
580.959	58.0134	4019.13
2000.24	-5144.73	10801.2
2000.24	-5144.73	10801.2
1997.02	-3032.39	9003.64
2934.26	-4930.61	10712.2
1177.92	1998.68	4385.64
2770.3	-4763.34	8747.77
1390.62	2035.22	4425.71
2685.03	-2118.88	7174.49
2926.71	-1612.19	7601.16
2825.36	-3061.39	7125.43
2105.97	1558.64	4865.08
2103.88	1405.28	4826.98
1972.89	2198.9	4505.63
2800.74	-2045.45	6236.93
2883.47	-2345.83	6113.95
2891.41	-2237.24	6047.76
2080.85	2117.22	4401.99
2910.24	-1823.42	5978.34
2324.61	1654.15	4666.85
2760.59	-1144.61	5454.72
2760.59	-1144.61	5454.72
2074.85	2581.12	3944.36
2455.27	1763.3	4520.43
2670.54	-217.462	4646.45
2852.77	475.872	4973.43
2202.64	2416.54	3784.54
3169.08	-3049.43	5279.63
3169.08	-3049.43	5279.63
2752.77	-38.0105	4549.72
2776.15	-76.0693	4446.98
2301.6	2262.04	3631.04
2630.58	1332.2	3944.88
2320.64	1923.77	3482.79
2642.45	925.571	3864.59
2740.64	-987.688	3848.03
3088.71	-202.54	4343.04
2438.78	1572.6	3397.35
2736.43	645.999	3723.13
2905.25	-603.348	3927.2
2717.15	-1570.96	3639.37
2731.6	-1453.26	3530.76
2342.02	1924.85	3055.31
2402.55	1492.6	3108.73
2784.28	-1005.54	3507.08
2641.44	494.838	3338.36
3242.4	-611.74	4061.05
2547.16	745.755	3136.51
2574.56	703.37	3096.15
2671.84	531.465	3138.27
5548.64	-3894.58	6362.81
5548.64	-3894.58	6362.81
3199.01	-881.02	3687.43
2766.51	1978.55	3215.82
3379.47	-668.324	3851.14
2717.39	251.229	3088.6
3341.01	-777.243	3744.61
2581.98	692.259	2883.86
3285.4	-852.336	3602.56
3191.97	-1168.6	3326.23
3411.62	-1639.12	3441.89
-1869.89	1237.2	2028.05
-1883.7	1017.67	2065.48
-2223.4	379.08	2501.14
-2130.07	308.273	2439.5
-1901.75	893.27	2196.78
-1879.77	891.649	2178.74
-1996.83	-1397.89	2385.55
-1884.76	-397.148	2242.47
-1879.33	-25.0279	2236.06
-1890.53	-775.279	2379.92
-1895.54	190.558	2507.14
-2021.24	540.089	2686.22
-1841.49	634.79	2504.61
-1922.82	-1031.84	2719.38
-1898.25	-1136.94	2726.26
-1903.39	1622.68	2696.08
-1907.14	407.482	2763.74
-1917.16	-919.312	2832.92
-1878.8	-400.093	2766.09
-1872.84	-25.8615	2769.88
-1851.73	919.308	2724.26
-1902.19	1720.81	2822.94
-1924.37	-814.365	2972.51
-1952.7	-946.196	3040.44
-1919.24	34.5559	3004.43
-1927.54	619.744	3034.46
-1899.66	-190.755	3043.56
-1903.76	188.777	3159.93
-1939.76	646.465	3261.58
-1908.82	1965.94	3175.16
-1783.46	1599.74	2998.77
-1494.85	1182.37	2539.31
-1547.61	1029.57	2642.24
-1918.92	2079.13	3305.72
-1916.88	-385.458	3464.73
-2133.82	-835.627	4389.61
-1470.25	461.624	3026.78
-2002.98	-814.577	4402.01
-2002.98	-814.577	4402.01
-1739.7	-1123.07	4090.02
-1941.9	-2166.83	4710.65
-2135.94	-2875.89	5339.67
-1775.74	-2079.39	4784.66
-1418	2568.83	3829.31
-1064.06	124.233	3226.5
-834.389	1280.56	2545.28
-1148.32	1051.76	3551.61
-831.394	440.236	2875.88
-863.575	1650.29	3043.43
-815.67	593.366	3040.01
-914.706	2089.05	3317.22
-861.506	2116.85	3462.07
-1653.94	-3465.62	7484.65
-1903.95	-4476.89	8706.23
-839.906	1708.94	3582.17
-839.906	1708.94	3582.17
-1718.35	-3947.06	8354.83
-673.016	1427.56	3432.04
-710.366	579.342	4436.99
-1484.45	-5119.83	10291.3
-622.855	1455.1	4503.14
709.527	70.7094	5151.1
709.527	70.7094	5151.1
1988.72	-2459.14	8485.85
1181.24	2003.2	4396.44
2755.39	-3827.42	9343.27
2850.52	-4603.02	8807.91
3119.32	-3196.75	9354.19
1957.07	588.058	5828.82
2784.33	-3847.61	7998.61
1830.31	1177.25	5283.97
1837.1	1728.8	5097.3
1933.19	1197.65	5240.99
2850.33	-2633.23	6817.29
2910	-2359.15	6388.92
1996.76	2229.26	4565.25
2813.46	-1282.84	5631.86
2366.31	1701.09	4761.29
2497.55	1365.63	4936.23
2895.88	-1287.84	5580.23
2476.34	1112.09	4734.1
2441.19	1652.32	4618.38
2101.42	2613.07	3994.92
2962.83	-3088.88	5153.83
2761.96	-625.651	4835.83
2682.63	-217.071	4663.79
2315.17	2000.01	4093.6
3197.6	-3080.54	5330.86
2736.52	-398.528	4636.82
3221.75	-2715.68	5230.65
3328.52	-3243.44	5274.72
2801.43	191.396	4422.16
2309.9	2269.48	3640.8
2369.88	1198	3540.99
2778.36	-1464.36	3887.07
3261.94	-214.231	4592.66
3035.17	-523.473	4235.92
2666.01	942.001	3755.3
2686.25	1731.16	3742.59
2653.96	282.606	3592.71
2693.3	874.891	3555.83
2857.81	-882.14	3715.12
2963.13	-693.023	3851.68
2386.7	1960.49	3116.77
2422.26	1504.36	3134.18
2806.86	-1348.99	3533.84
2834.8	-1022.82	3571.51
2680.55	503.803	3393.64
2643.98	660.248	3205.53
2513.35	1637.19	3028.51
3522.7	-503.01	4137.46
2701.12	536.036	3170.54
5815.18	-4079.8	6671.15
5815.18	-4079.8	6671.15
3329.03	-845.691	3844.17
2737.87	603.994	3185.58
2879.02	2059.77	3350.13
2666.78	714.314	2979.95
3295.54	-1107.84	3557.28
3252.73	-1189.64	3387.77
3758.89	-683.443	3888.06
3417.52	-1639.96	3443.2
