-2282.24	282.385	2440.81
-1920.22	1037.06	2105.65
-1920.69	1230.59	2102.46
-2210.45	319.839	2531.04
-1924.93	909.729	2230.16
-1915.09	1371.67	2213.82
-2055.61	-1439.52	2454.25
-1956.86	-412.62	2328.07
-1956.86	-412.62	2328.07
-1926.79	836.783	2315.77
-1954.91	-660.028	2391.27
-1919.37	1427.7	2360.75
-1945.4	87.1719	2441.27
-2032.03	-1194.75	2679.18
-2032.03	-1194.75	2679.18
-1951.16	195.86	2580.29
-1888.8	835.756	2651.55
-1899.72	-118.249	2783.71
-1956.74	525.813	2962.08
-1956.74	525.813	2962.08
-1971.33	-834.231	3044.81
-1913.58	-105.636	2975.41
-1909.59	1942.93	2914.49
-1944.09	4.91129	3134.85
-1963.8	-830.432	3204.41
-1978.12	756.112	3229.18
-1956.51	651.26	3291.71
-1948.83	-188.671	3344.08
-1933.73	2075.98	3245.28
-1551.78	1225.55	2632.35
-1608.81	1070.86	2744.48
-1933.95	-596.91	3427.73
-1931.17	2355.02	3526.27
-1752.31	-810.434	3364.56
-2145.67	-838.844	4414.49
-2551.94	-2806.33	5454.44
-2068.03	-781.526	4829.16
-844.523	1295.18	2575.24
-844.523	1295.18	2575.24
-1157.12	1061.13	3602.42
-1619.31	-1000.52	5285.2
-1042.85	2099.17	3502.74
-786.086	470.525	2900.68
-820.158	596.86	3057.89
-1568.87	-1526.2	6280.68
-890.342	2175.25	3556.88
-851.394	1480.08	3458.08
-1209.96	-1323.76	5324.33
-1552.24	-3101.76	7004.39
-1617.45	-3391.85	7328.41
-1906.62	-4488.35	8725.52
-1836.12	-4853.19	8946.73
-801.099	2185.3	3717.46
-1618.65	-5043.21	8549.43
-702.165	1709.53	3544.88
-633.343	1702.9	3649.94
-717.444	584.898	4481.63
-600.602	1648.01	4572.58
-607.63	1580.82	4656.08
539.39	56.8544	3610.42
2818.1	-5520.08	11030.1
1181.67	2005.01	4396.35
2717.23	-4658.01	8569.14
2702.4	-2956.13	8470.72
2860	864.653	8512.84
2860	864.653	8512.84
2709.28	-3742.06	7782.61
1759.83	1136.64	5072.76
2713.94	-2041.2	7199.48
2917.8	-1607.96	7576.45
2821.92	-2906.93	6962.61
1898.33	1541	4853.91
2787.69	-2573.36	6667.12
2802.11	-2458.76	6559.93
2772.97	-2126.73	6268.35
2092.46	1398.61	4791.59
2844.66	-1634.1	6023.5
2607.25	-844.398	5394.52
2079.73	2115.77	4397.77
2641.75	-983.759	5348.48
2719.45	1347.95	5253.54
2396.05	1623.44	4535.53
2065.89	2569.55	3926.31
2235.16	2095.15	4185.81
2646.19	-214.761	4603.21
2677	1732.26	4716.61
2838.2	473.507	4947.65
3104.21	-2969.97	5158.31
3104.21	-2969.97	5158.31
2221.36	2437.59	3814.16
2728.46	-37.3282	4509.24
2739.29	-2029.6	4187.59
2777.8	-362.827	4288.01
2572.33	667.031	3964.21
2845.78	-200.371	4317.75
2672.68	-1157.42	3999.73
2304.94	1165.57	3445.71
2293.73	1903.43	3440.94
2664.15	-790.949	3860.07
2699.05	-1366.75	3824.63
2694.86	467.707	3798.37
2628.94	930.857	3705.39
2677.63	-978.112	3673.43
2380.94	1536.49	3307.33
2711.85	-1569.83	3633.91
2620.37	838.462	3553.62
2382.11	2133.87	3261.94
2333.61	1917.93	3046.01
3390.27	-193.242	4327.62
2424.51	1506.74	3135.2
2447.47	1595.32	2949.28
2663.41	529.902	3128.48
2581.91	694.869	3031.79
2655.85	585.283	3089.13
2699.64	1930.35	3140.28
3283.73	-566.856	3740.09
3244.3	-925.529	3641.93
2609.1	696.549	2916.82
3828.54	-508.373	4239.06
3258.64	-1614.46	3384.41
3063.44	-1456.79	3175.17
3366.42	-1024.26	3328.65
-1911.43	1265.45	2072.68
-1918.63	1034.94	2104.1
-1923.02	1232.13	2104.68
-1893.22	-478.483	2131.96
-2251.4	384.786	2535.11
-2194.07	317.346	2511.48
-1914.02	906.68	2218.06
-2063.69	-1445.16	2463.27
-1960.55	-412.596	2331.45
-1960.55	-412.596	2331.45
-1901.59	825.924	2286.1
-1924.88	-630.099	2406.22
-1921.59	1429.17	2363.49
-1950.66	87.7748	2447.8
-1950.66	87.7748	2447.8
-2035.13	-1196.27	2682.99
-1930.28	1617.27	2644.35
-1968.96	-1057.12	2785.67
-1955.96	-23.3871	2890.1
-1881.5	933.887	2768.86
-1958.88	526.174	2965.41
-1958.88	526.174	2965.41
-1975.94	-836.392	3052.5
-1902.52	-105.035	2959.49
-1930.33	5.19636	3113.42
-1970.47	-833.825	3214.38
-1966.5	-202.834	3270.59
-1968.5	-475.839	3288.9
-1962.25	806.95	3282.14
-1968.49	656.119	3310.53
-1944.65	2127.13	3227.27
-1933.24	2075.35	3244.57
-1596.26	1063.2	2723.28
-2139.07	-798.118	3983.04
-2549.52	-2801.27	5447.14
-2549.52	-2801.27	5447.14
-1925.15	-1439.86	4468.01
-2079.9	-786.683	4857.97
-1740.31	-1126.49	4100.71
-1423.17	2579.14	3844.25
-1739.59	-1563.38	5300.27
-844.409	1295.11	2575.07
-844.409	1295.11	2575.07
-1635.67	-1011.53	5335.81
-785.85	470.423	2899.59
-820.404	596.574	3057.93
-891.399	2179.4	3563.85
-859.405	1494.93	3493.03
-1558.32	-3113.16	7035.38
-1631.82	-3421.83	7392.42
-1886.64	-4441.3	8634.7
-1852.89	-4896.3	9026.69
-802.762	2190.27	3723.99
-699.085	1702.09	3530.28
-632.864	1701.23	3647.61
-710.963	580.768	4442.55
-1464.07	-5060.72	10171.5
-628.751	1465.27	4541.06
-594.796	1631.62	4527.43
544.357	56.8006	3643.18
2011.27	-5182.96	10864.1
2822.23	-5506.7	11026.6
1182.18	2004.91	4396.63
2729.33	-4678.08	8608.33
2741.69	-3003.22	8601.42
2914.43	-2730.07	8514.17
2697.24	-3723.81	7747.55
2906.42	-1601.7	7545.02
2667.38	-2717.24	6740.42
1886.64	1532.23	4823
2818.09	-2857.96	6733.16
2825.77	-2609.01	6763.15
3083.93	-3539.64	7079.1
2104.02	1406.48	4818.97
2862.76	-1643.45	6059.11
2842.86	-1602.01	5670.12
2128.31	2073.78	4332.37
2735.86	1356	5284.22
2392.69	1621.44	4529.46
2697.19	-554.373	4970.65
2274.11	1792.64	4170.32
2248.67	1940.06	3987.28
2642.28	-214.404	4595.96
2841.91	474.367	4954.39
2642.25	-384.283	4474.58
3125.82	-2991.15	5195.66
2204.88	2420.14	3784.93
2204.88	2420.14	3784.93
2724.73	-36.3372	4502.51
2688.93	-569.639	4282.82
2663.26	-1079.62	4108.42
2765.88	-2051.42	4230.34
2780.49	-363.378	4292.64
2300.3	2261.65	3628.29
2681.41	-1142.38	4091.77
2571.15	666.127	3962.36
2637.05	195.52	4024.67
2611.25	449.312	3950.9
2322.76	1175	3473.43
2971.99	-321.402	4388.5
2707.96	-1370.38	3836.01
2364.6	1888.41	3373.44
2692.82	-1480.26	3711.8
2357.78	1521.63	3274.54
2652.05	933.159	3618.71
2605.65	846.551	3440.26
2339.61	1922.86	3053.61
2379.61	1477.92	3074.62
2529.59	692.158	3045.34
2467.15	1608.08	2972.74
2667.75	530.817	3133.05
2579.42	694.282	3029.47
2677.95	591.247	3116.94
2713.15	1940.26	3155.32
2873.46	-1132.79	3244.99
3421.9	-669.234	3765.74
3573.94	-649.442	3695.24
3809.45	-808.412	3878.07
3445.58	-951.126	3489.38
3274.57	-1569.65	3296
-2269.86	280.492	2427.14
-1927.9	1275.44	2089.27
-1922.22	1231.81	2103.83
-1921.46	1039.93	2107.3
-2214.57	319.931	2534.15
-2063.77	-1280.2	2428.2
-2063.77	-1280.2	2428.2
-1923.18	910.542	2228.24
-1927.86	837.786	2314.75
-1953.27	-659.315	2390.32
-1919.48	1427.63	2361.13
-1944.79	87.7718	2440.44
-1944.79	87.7718	2440.44
-2030.33	-1193.24	2676.83
-2030.33	-1193.24	2676.83
-1879.81	648.642	2557.95
-1939.81	-644.188	2729.09
-1881.39	831.691	2641.55
-1904.77	-118.26	2791.32
-1963.13	528.119	2971.74
-1970.27	-834.447	3044.12
-1944.21	-305.509	2994.7
-1911.46	-105.41	2973.33
-1975.12	2006.88	3010.15
-1956.73	-827.721	3193.44
-1977.59	754.933	3228.66
-1977.59	754.933	3228.66
-1965.13	-203.285	3269.15
-1965.13	-203.285	3269.15
-1954.33	194.293	3242.37
-1940.76	2123.01	3220.46
-1549.48	1224.76	2629.43
-1599.8	1065.26	2728.35
-1938.12	-598.323	3434.91
-1943.94	2266.43	3430.87
-1747.99	-808.909	3356.7
-2139.96	-837.891	4402.69
-2551.35	-2802.8	5450.45
-2032.34	-766.075	4742.04
-1796.09	-1160.06	4223.99
-1975.39	-2204.16	4792.85
-2145.22	-2887.95	5365.48
-1082.21	126.718	3276.04
-843.786	1294.45	2573.28
-843.786	1294.45	2573.28
-1157.41	1061.35	3604.17
-1629.72	-1006.54	5319.39
-1543.2	-1379.21	5424.75
-1041.58	2098.41	3500.95
-784.994	470.301	2897.2
-820.718	597.169	3059.7
-863.331	1500.58	3506.41
-878.316	2152.31	3520.02
-1564.24	-3124.76	7049.48
-1910.18	-4494.39	8738.08
-1823.8	-4822.49	8890.06
-794.885	2168.92	3690.59
-1603.32	-4998.09	8475.14
-704.047	1714.45	3554.42
-632.443	1700.45	3645.33
-707.932	578.704	4428.2
-604.698	1659.88	4600.82
544.569	58.4115	3641.48
2037.62	-5250.66	11011.3
1957.94	-2144.38	8125.71
1179.75	2000.75	4387.4
2712.42	-4652.98	8558.22
2820.33	-2421.77	8384.87
1929.37	581.93	5745.05
1929.37	581.93	5745.05
1766.4	1138.33	5093.51
2668.66	-3138.36	7192.84
2662.61	-2712.52	6727.15
1898.34	1540.93	4855.19
2829.14	-2613.42	6767.54
3067.33	-3520.84	7040.05
2115.34	1414.3	4846.19
2150.78	1601.72	4805.14
2874.8	-1651.39	6089.85
2883.41	-2375.17	5923.1
2626.84	-977.838	5318.77
2844.83	-1540.25	5734.51
2138.26	2084.07	4353.01
2704.16	1339.97	5222.54
2387.43	1617.44	4518.85
2067.6	2573.65	3930.59
2679.12	-548.905	4935.55
2264.07	1952.56	4015.01
2642.03	-214.74	4596.22
2841.48	473.999	4953.46
3176.37	-3041.04	5282.76
2202.48	2416.7	3781.39
2728.3	-36.7403	4508.69
2678.35	-1000.39	4241.77
2739.33	-255.872	4355.15
2682.09	-1088.39	4138.35
2763.97	-2048.58	4226.1
2567.02	665.238	3955.61
2644.31	196.242	4034.81
2692.21	-623.72	4045.72
2308.31	1166.71	3449.45
2650.11	-783.696	3836.92
2705.41	469.239	3813.32
2353.77	1877.78	3356.5
2602.79	919.516	3665.65
2671.01	-1469.34	3682.22
2647.97	2626.29	3747.4
2384.49	1538.89	3312.84
2694.9	-1559.08	3610.65
2588.69	840.717	3416.42
2339.27	1923.08	3053.33
2381.26	1479.08	3077.75
2581.08	707.184	3107.9
2440.34	1589.64	2939.43
3167.01	-779.772	3736.6
2688.31	535.043	3157.96
2601.82	699.782	3055.47
2687.02	594.007	3127.46
2688.18	1921.81	3125.88
3795.46	-359.811	4188.09
3376.35	-660.356	3713.94
3158.66	-1562.47	3276.48
3391.42	-996.888	3484.13
3272.24	-1570.7	3297.88
-2247.52	278.18	2404.08
-1920.63	1271.06	2081.65
-1932.65	1044.37	2119.08
-1924.01	1232.78	2105.7
-1913.1	-482.398	2153.13
-2211.37	319.242	2530.46
-1921.62	909.857	2226.88
-2060.77	-1442.73	2459.81
-1928.67	-26.7103	2296.21
-1950.77	-658.469	2385.92
-1944.88	87.5837	2440.64
-2024.5	-1190.32	2669.49
-1953.6	196.495	2583.21
-1971.96	-1059.18	2789.82
-1932.8	-519.518	2720.12
-1934.62	1723.84	2779.98
-1934.62	1723.84	2779.98
-1880.64	933.549	2767.53
-1953	524.742	2956.84
-1953	524.742	2956.84
-1967.96	-832.982	3040.39
-1937.65	-305.101	2985.13
-1913.55	-105.311	2976.34
-1934.59	1863.84	2993.11
-1938.61	5.4887	3126.37
-1953.71	-825.878	3188.96
-1961.25	748.429	3202.49
-1961.25	748.429	3202.49
-1955.86	-471.373	3267.08
-1955.3	-188.48	3354.81
-1938.25	2080.64	3252.47
-1532.8	1212.91	2602.4
-1602.11	1067.55	2731.07
-1739.47	-804.669	3341.46
-2137.21	-835.461	4398.07
-2567.88	-2818.5	5483.62
-2054.25	-778.239	4801.03
-1751.85	-1134.04	4127.67
-1976.01	-2204.39	4793
-1589.17	1141.02	3925.14
-1646.41	-1212.45	4653.66
-1076.24	126.597	3261.38
-843.526	1294.34	2572.6
-1616.44	-999.559	5274.86
-787.759	471.534	2906.6
-817.883	595.101	3049.84
-883.161	2159.25	3531.86
-856.619	1489.24	3479.76
-873.101	1688.77	3604.9
-865.137	2081	3558.82
-1555.24	-3105.7	7009.67
-1904.44	-4481.67	8714.06
-1836.13	-4852.97	8947.46
-778.51	1651.32	3645.37
-810.348	2208.36	3758.71
-1598.38	-4980.72	8449.15
-701.203	1709.15	3544.51
-708.524	578.674	4430
-596.438	1636.7	4540.98
544.573	57.4822	3642.92
2046.62	-4354.55	10297.4
1975.25	-3899.55	9682.04
1959.91	-2141.45	8130.43
3016	-5919.7	11820.9
1179.76	2000.78	4387.35
1272	2075.18	4399.51
2735.13	-4692.81	8627.5
1918.58	577.115	5713.95
1918.58	577.115	5713.95
2695.64	-3724.79	7744.96
2757.16	-2077.12	7321.33
1794.37	1845.36	4750.3
1794.37	1845.36	4750.3
2658.24	-2707.45	6715.07
1895.59	1537.42	4848.31
2855.14	-2897.39	6824.56
2793.11	-2450.5	6537.68
3091.71	-3547.72	7099.08
2099.16	1403.03	4807.04
1948.63	2176.31	4454.82
2651.76	-988.089	5370.08
2829.6	-1531.07	5701.79
2858.67	-1611.9	5701.84
2727.46	1351.58	5267.39
2686.31	-551.592	4949.6
2304.15	1817.64	4226.24
2251.36	1941.34	3991.57
2629.88	-213.318	4574.45
2659.46	1720.07	4685.97
2841.6	473.802	4953.82
3096.09	-2961.97	5144.42
2209.38	2424.69	3793.94
2209.38	2424.69	3793.94
2731.41	-37.0947	4514.3
2704.09	-573.211	4307.87
2755.62	-2042.39	4213.26
2777.11	-362.691	4286.96
2564.76	664.578	3952.1
2625.6	194.396	4005.75
2860.86	-201.714	4341.82
2299.04	1162.55	3436.27
2782	368.592	4119.96
2706.31	-1369.6	3833.76
2342.23	1869.2	3339.19
2681.66	-1475.47	3697.25
2671.48	-978.529	3666.81
2366.93	1527.21	3287.85
2662.06	938.137	3631.52
2658.12	-1139.69	3511.89
2607.98	847.114	3443.77
2335.05	1919.49	3047.9
2387.62	1482.92	3084.36
2456.63	1601.33	2960.61
2649.79	525.772	3109.82
2691.04	594.294	3132.31
2684.2	1919.24	3121.59
2778.85	-1095.23	3135.18
2594.47	694.345	2898.97
3706.15	-492.532	4104.63
3799.89	-360.961	4191.74
2641.26	585.465	2889.07
3301.21	-967.622	3483.91
3342.29	-1602.51	3366.44
3722.88	-810.929	3701.02
-2240.7	277.505	2397.2
-1916.79	1035.8	2101.9
-1926.5	1234.33	2108.57
-2210.87	319.956	2531.03
-1929.59	912.27	2234.72
-1907.82	1366.25	2205.61
-2060.84	-1443.35	2460.29
-1947.13	-409.769	2315.93
-1947.13	-409.769	2315.93
-1938.03	842.816	2326.23
-1899.33	-620.437	2376.32
-1946.26	87.6321	2442.02
-2033.47	-1195.47	2681.31
-1954.15	196.524	2584.18
-1880.13	648.731	2558.32
-1880.13	648.731	2558.32
-1970.51	-1058.06	2787.83
-1866.66	823.325	2622.45
-1935.79	1724.96	2781.73
-1964.34	-22.9768	2901.75
-1964.34	-22.9768	2901.75
-1975.86	-836.578	3052.55
-1927.75	1960.82	2941.36
-1956.86	-301.369	3122.9
-1963.54	-830.832	3203.39
-1974.9	754.17	3224.17
-1967.66	600.261	3244.14
-1965.02	-202.733	3268.61
-1950.97	194.022	3236.3
-1972.12	-475.919	3294.72
-1947.37	2130.08	3231.39
-1936.4	2078.76	3249.52
-1546.83	1222.13	2624.69
-1592.94	1060.47	2718.7
-2150.73	-840.883	4424.16
-2540.82	-2793.06	5430.67
-1994.87	-1492.21	4630.53
-1968.3	-2195.57	4773.37
-1769.63	-971.342	4299.71
-1692.23	-1521.4	5166.85
-857.737	1245.74	2514.42
-844.795	1295.93	2576.21
-1630.36	-1008.16	5319.64
-790.52	473.434	2916.39
-819.844	596.461	3056.37
-1595.97	-1547.75	6389.11
-857.142	1488.08	3477.11
-859.009	2107.22	3446.69
-859.009	2107.22	3446.69
-1640.55	-3438.84	7428.97
-1890.7	-4450.91	8653.62
-1851.47	-4893.59	9023.02
-777.794	1649.62	3641.01
-799.896	2182.75	3715.22
-1563.69	-4877.48	8279.17
-708.213	579.293	4431.41
-596.131	1637.89	4543.46
541.281	57.4702	3617.09
1975.89	-2662.81	8615.34
1177.29	1995.17	4375.91
2860.62	-3991.15	9731.33
2691.3	-4613.3	8485.94
2723.28	-2986.1	8543.1
1915.71	580.306	5701.58
1915.71	580.306	5701.58
2646.98	-2695.64	6686.82
1896.79	1538.25	4850.88
2828.89	-2613.61	6765.2
2799.13	-2455.9	6552.94
3082.83	-3538.88	7077.32
2776.44	-2129.92	6277.4
2094.88	1400.22	4797.12
2094.88	1400.22	4797.12
2149.05	1601.03	4801.76
2860.1	-1643.02	6056.19
2143.58	2088.72	4363.36
2259.79	1948.9	4006.87
2641.46	-214.539	4594.61
2689.75	1741.01	4741.07
2839.99	474.26	4950.94
2646.5	-384.348	4481.26
3137.23	-3002.08	5214.69
2206.29	2421.23	3787.47
2206.29	2421.23	3787.47
2679.95	-865.744	4423.19
2728.13	-36.9082	4508.4
2694.06	-570.919	4291.11
2742.42	-256.591	4364.92
2670.96	-1081.43	4119.16
2734.78	-2026.59	4180.84
2570.26	666.461	3961.03
2669.02	-760.506	4046.46
2660.9	195.901	4061.02
2651.41	-1148.57	3967.51
2307.8	1167.16	3451.04
2695.38	467.848	3799.42
2351.75	1877.92	3353.63
2616.73	925.032	3686.07
2402.64	1550.3	3338.59
2685.94	-1553.04	3597.78
2685.94	-1553.04	3597.78
2416.55	2165.66	3310.51
2338.32	1922.21	3052.92
2373.37	1473.99	3066.22
2528.37	789.06	3173.85
2446.89	1595.44	2948.89
2665.91	530.555	3131.24
2609.7	703.039	3067.19
2692.27	594.79	3133.75
2668.02	1907.12	3101.57
3417.72	-591.085	3899.92
2806.15	-1106.7	3165.31
3815.39	-507.33	4227.91
2530.52	679.216	2825.51
3342.48	-1603.73	3368.28
3438.59	-1046.34	3400.72
3438.59	-1046.34	3400.72
