-1891.26	1251.42	2050.36
-1903.08	1027.85	2086.09
-2219.79	378.825	2498.03
-2165.2	313.525	2478.23
-1911.88	905.414	2214.13
-1915.69	-646.23	2344.42
-2023.53	-1297.94	2540.23
-1927.26	85.765	2419.02
-1927.26	85.765	2419.02
-1902.5	-427.554	2394.07
-1954.13	322.897	2543.15
-1996.57	-1173.79	2633.66
-1981.67	-1034.4	2689.63
-1853.69	639.579	2522.42
-1944.45	302.894	2693.53
-1920.35	-639.869	2703.68
-1855.23	820.112	2605.8
-1855.23	820.112	2605.8
-1928.14	496.759	2742.05
-1912.6	1630.23	2709.31
-1920.77	-409.275	2827.6
-1906.31	1722.57	2830.56
-1923.84	-192.884	3082.15
-1913.76	1953.32	3098.26
-1947.15	744.193	3177.89
-1947.15	744.193	3177.89
-1920.86	-186.303	3296.81
-1921.31	2079.04	3311.48
-1927.41	-596.101	3415.51
-1850.71	-854.556	3539.64
-1516.84	432.061	2982
-1462.95	459.562	3013.97
-2557.25	-2809.3	5461.98
-1964.49	-1472.48	4573.62
-1978.91	-749.861	4624.91
-1732.83	-1120	4074.62
-1768.8	-972.026	4292.54
-2080.77	-2801.17	5204.01
-1808.15	-2090.62	4640.92
-1834.68	-620.199	5385.05
-3873.84	450.853	11759.1
-1175.23	1082.23	3636.63
-976.296	1932.21	3073.53
-1601.67	-991.29	5221.3
-862.225	1650.02	3041.23
-779.637	466.111	2876.98
-816.824	593.875	3043.88
-897.462	2188.18	3579.09
-875.249	1691.73	3609.75
-1502.38	-3000.78	6779.95
-1836.91	-4319.55	8399.29
-774.592	2106.92	3587.77
-1622.53	-3725.72	7890.19
-1735.42	-4597.1	8473.13
-693.953	1686.7	3497.59
-625.038	1680.22	3602.63
-697.178	569.79	4360.69
-597.22	1553.15	4576.28
527.451	50.2169	3468.37
527.451	50.2169	3468.37
1871.02	-2518.65	8153.28
1240.22	2034.09	4318.84
2547.46	-4371.61	8035.46
2767.44	-4481.19	8559.29
1456.65	2025.23	4447.76
1874.56	566.304	5580.4
1874.56	566.304	5580.4
1759.95	1131.12	5080.17
2764.72	-1882.34	7254.21
2781.97	-1532.41	7223.08
2556.92	-2604.16	6460.46
2688.29	-2768.27	6631.75
2654.09	-1433.98	6565.46
2674.7	-2345.53	6260.02
1912.7	2136.31	4378.26
2782.75	-3463.46	6055.36
2704.03	-1553.04	5726.1
2583.98	-1258.95	5449.26
2013.01	2048.68	4261.09
2722.09	-2240.65	5588.19
2398.76	1312.42	4748.86
2700.28	-1074.92	5084.03
2052.25	2553.43	3902.1
2365.13	1600.55	4474.89
2365.13	1600.55	4474.89
2584.83	1346.07	4862.11
2695.29	-867.684	4867.01
2788.2	465.462	4860.98
2534.14	-206.622	4409.63
2181.96	2387.61	3754.47
3001.7	-2886.4	4999.87
2654.9	-36.7454	4387.57
2523.32	498.304	4085.07
2580.07	220.955	4128.2
2627.01	-478.603	4121.62
2730.14	-193.65	4141.92
2614.62	-605.817	3929.05
2388.45	1203.46	3564.53
2625.95	-853.994	3772.59
2625.95	-853.994	3772.59
2633.55	-1332.44	3730.73
2561.32	340.462	3583.66
2588.63	723.501	3618.7
2353.92	1515.69	3278.65
2607.99	-1312.38	3525.88
2557.07	830.735	3376.92
2300.26	1890.6	3000.02
3295.08	-289.064	4089.61
2412.36	1574.76	2909.67
2590.46	514.329	3041.22
2517.39	676.451	2953.95
2626.54	580.954	3058.26
2646.47	1890.8	3074.03
5152.22	-3616.82	5909.97
2658.1	245.613	3022.33
3173.2	-972.45	3535.06
3173.2	-972.45	3535.06
3666.59	-347.557	4048
3264.02	-638.193	3589.64
3168.29	-1519.97	3192.37
-2261.4	279.493	2417.66
-1897.14	1024.91	2080.45
-2165.66	313.451	2479.11
-1889.48	1353.95	2184.64
-1907.05	902.416	2208.95
-2074.96	-1285.65	2440.27
-1961.21	-866.524	2326.35
-1924.32	-405.973	2289.48
-1942.85	-655.64	2375.67
-2022.9	-1297.78	2539.69
-1926.86	85.5495	2418.67
-1926.86	85.5495	2418.67
-1903.67	-428.029	2395.46
-1926.84	-889.983	2508.83
-1942.84	320.762	2528.4
-2052.42	547.827	2726.43
-1857.61	821.132	2608.83
-1857.61	821.132	2608.83
-1914.92	1632.35	2712.51
-1886.91	763.957	2707.29
-1910.55	1702.2	2745.7
-1926.21	411.771	2791.61
-1916.61	-295.386	3059.15
-1941.26	-821.398	3164.92
-1943.4	741.785	3172.8
-1943.4	741.785	3172.8
-1930.8	-84.3976	3217.42
-1921.49	-187.206	3298.67
-1916.35	2072.98	3304.43
-1901.09	2286.08	3365.81
-1851.54	-855.179	3540.87
-1508.03	429.625	2964.86
-1473.2	462.645	3033.47
-2618.58	-2874.3	5588.3
-2019.35	-763.37	4715.8
-1734.3	-1120.29	4080.29
-1756.16	-963.96	4264.72
-2101.11	-2828.4	5253.75
-1405.47	2546.74	3796.46
-1766.08	-2356.47	5101.85
-1833.87	-620.177	5383.07
-4052.6	470.959	12285.5
-1175.22	1082.67	3636.38
-1603.99	-991.841	5228.64
-872.812	1670.29	3075.82
-779.383	466.449	2876.28
-815.867	593.569	3040.51
-912.211	2222.47	3634.6
-822.457	1446.94	3380.32
-862.828	1669.07	3562.05
-1514.35	-3024.81	6825.88
-773.972	2111.25	3594.24
-1773.54	-4688.2	8642.39
-1619.46	-3720.28	7877.63
-696.367	1692.59	3510.15
-624.668	1679.6	3600.8
-695.156	568.337	4347.18
-1448.5	-4995.44	10041.7
-580.914	1598.46	4432.44
-598.253	1555.02	4582.53
524.567	49.9813	3448.25
524.567	49.9813	3448.25
1923.89	-4071.36	9660.9
1868.09	-2043.72	7747.88
1868.09	-2043.72	7747.88
2530.56	-3512.12	8571.88
2544.24	-4354.46	8015.7
1317.85	1934.25	4212.28
1467.29	2042.67	4484.98
1875.26	566.783	5582.8
1875.26	566.783	5582.8
2573.85	-3553.06	7393.87
1717.43	1606.15	4766.75
2798.75	-1541.05	7269.72
1852.1	1501.02	4741.77
2687.8	-1455.42	6651.32
2665.2	-2337.13	6237.11
2816.56	-3372.52	6072.98
2152.62	1282.67	4566.53
2027.29	2061.98	4289.93
2571.73	-1160.61	5376.68
2746.78	-2262.06	5638.28
2733.42	-1713.1	5612.41
2735.81	-1543.94	5459.76
2278.57	1621.92	4576.09
2408.23	1316.91	4766.02
2360.69	1597.71	4466.53
2574.93	-528.321	4742.7
2223.52	1917.16	3941.88
2619.95	-236.792	4496.13
2167	2371.18	3728.52
2167	2371.18	3728.52
2994.14	-2878.99	4986.45
2653.32	-36.8483	4385.08
2397.96	591.707	3921.15
2523.41	498.152	4085.2
2586.32	221.675	4137.67
2597.73	-550.33	4138.34
2612.4	-474.403	4097.83
2603.6	-1107.13	3970.65
2773.09	-197.146	4210.79
2426.66	1224.46	3626.59
3006.95	-197.015	4229.11
2611.77	-1374.71	3652.26
2557.9	339.316	3577.99
2574.42	720.517	3598.04
2340.25	1506.06	3257.32
2587.57	-946.131	3550.33
2620.04	-1318.51	3543.01
2553.46	829.818	3371.67
2303.19	1892.84	3003.65
2414.38	1576.59	2912.32
2784.84	-1016.02	3266.14
2605.99	517.748	3060.07
2507.64	673.979	2942.97
2610.62	576.47	3038.42
2663.87	1903.54	3095.49
2663.95	245.18	3029.72
3286.69	-642.735	3616.42
3090.05	-1076.81	3267.39
3339.18	-605.971	3448.43
