-1870.83	1238.35	2027.51
-1897.91	1024.31	2079.57
-1887.68	-133.606	2122.74
-2225.28	379.112	2504.33
-2148.33	309.395	2459.05
-1903.11	900.902	2203.3
-1849.19	1324.6	2138.24
-1997.92	-1398.62	2384.38
-1883.54	-25.6563	2241.58
-1860.22	807.345	2236.52
-1876.94	-768.772	2361.84
-2067.62	413.701	2591.88
-1898.8	190.438	2511.21
-2031.23	542.557	2698.99
-1893.7	-618.141	2537.31
-1888.1	1546.11	2518.18
-1936.19	-1231.64	2655.34
-1892.38	-1133.42	2718.44
-1889.49	1755.39	2760.27
-1842.96	916.066	2711.09
-1953.17	631.645	2931.12
-1908.65	-19.0074	2921.26
-1900.26	-299.28	2927.48
-1900.26	-299.28	2927.48
-1958.24	-948.993	3050.14
-1904.34	1877.93	2921.96
-1930.18	589.004	3181.86
-1914.05	190.113	3174.51
-1912.57	-84.5555	3187.52
-1893.26	-585.605	3171.83
-1909.1	2088.25	3168.8
-1941.81	645.355	3265.53
-1915.36	19.3415	3313.55
-1862.38	1693.06	3202.95
-1972.11	-904.124	3743.02
-1935.16	2005.6	3636.39
-2136.9	-914.565	4285.38
-1489.61	466.336	3063.33
-2026.06	-772.621	4738.87
-1734.72	-1123.45	4088.16
-1947.38	-2173.39	4723.43
-2110.85	-2840.69	5275.22
-1179.71	456.683	2879.19
-1824.13	-2110.71	4680.8
-837.077	1250.43	2586.68
-1132.75	1007.09	3612.89
-1715.89	-2181.43	6241.63
-780.661	466.142	2880.93
-816.673	594.337	3044.37
-843.624	1701.39	3154.24
-855.142	1304.92	3422.75
-868.11	2120.21	3469.16
-864.025	1497.22	3496.56
-1651.21	-3462.6	7479.87
-1732.82	-3984.08	8429.07
-768.798	1634.1	3610.47
-732.529	2018.36	3426.25
-700.302	1702.13	3531.99
-721.312	586.72	4497.44
-578.868	250.489	4180.67
587.091	59.6788	4060.03
587.091	59.6788	4060.03
2098.99	-5416.33	11344.2
2054.45	-3111.01	9255.59
2054.45	-3111.01	9255.59
2922.55	-5717.8	11432.4
1199.6	2021.3	4426.53
2936.6	-4105.78	9990.89
1965.28	591.712	5852.68
1965.28	591.712	5852.68
1838.05	1180.08	5303.38
3001.09	-1657.46	7792.48
2725.84	-2782.74	6892.44
1929.53	1986	4776.16
2932.08	-2977.22	7005.25
2860.95	-2325.57	6544.6
3084.26	-3685.56	6852.91
3084.26	-3685.56	6852.91
2149.54	2096.9	4554.31
2149.54	2096.9	4554.31
2251.9	1229.73	4687.88
2379.01	1584.52	4915.91
2928.53	-1588.05	5904.99
3137.04	-2222.35	6291.43
2113.33	2627.09	4020.66
2315.6	1827.44	4239.15
2747.17	-494.149	4928.85
2817.68	-882.151	4899.03
2898.81	499.447	5050.65
2760	-251.238	4736.26
2807.71	-39.2544	4639.81
2777.55	28.9369	4410.7
2367.55	1916.1	3737.19
2815.15	-804.065	4271.63
2310.61	2409.18	3564.3
2310.61	2409.18	3564.3
2823.14	-1335.69	4135.3
2752.35	592.938	3920.77
2631.64	930.442	3708.32
2820.93	-877.893	3924.69
2812.55	-1627.25	3766.95
2880.57	-788.868	3870.34
2490.14	1547.61	3189.46
2841.64	-1366.86	3578.88
2731.61	210.52	3418.43
2568.81	800.025	3223.23
2733.6	114.338	3404.46
2633.58	721.68	3169.51
2633.58	721.68	3169.51
2742.04	544.629	3219.09
5982.08	-4202.33	6861.71
3418.25	-868.682	3947.55
2735.43	601.422	3181.08
2848.76	2042.59	3316.74
3854.28	-367.166	4247.62
3362.44	-872.627	3687.33
3969.82	-843.282	4037.71
-1879.96	1244.48	2037.65
-1882.08	1016.08	2062.83
-1884.61	-132.928	2119.12
-1884.61	-132.928	2119.12
-2181.8	371.636	2455.65
-2177.9	313.525	2492.43
-1876.39	889.36	2174.16
-1853.65	1327.24	2142.94
-2001.67	-1401.18	2388.91
-1866.84	-522.742	2226.43
-1878.65	-770.267	2364.67
-1900.29	190.436	2513.04
-1881.44	-324.406	2501.26
-2027.3	540.718	2692.69
-1826.37	722.119	2443.77
-1931.6	-1228.45	2649.51
-1878.68	-504.43	2644.04
-1840.76	814.168	2585.07
-1840.76	814.168	2585.07
-1889.51	-1131.43	2714.39
-1916.02	409.073	2776.46
-1879.81	-114.36	2752.57
-1893.43	1759.51	2765.28
-1893.43	1759.51	2765.28
-1909.97	-18.7254	2922.68
-1954.4	-947.345	3044.43
-1935.41	590.599	3190.12
-1903.6	189.626	3157.84
-1911.54	-200.884	3181.94
-1911.54	-200.884	3181.94
-1947.41	647.194	3274.68
-1785.03	1602.54	2995.04
-1563.53	1038.81	2668.02
-1883.8	2162.11	3255.72
-1930.16	-596.576	3418.86
-1897.77	2224.52	3326.72
-1978.42	-906.088	3754.04
-1901.82	1970.69	3574.85
-2124.08	-773.073	4266.72
-1484.88	465.588	3056.22
-1743.17	-1128.31	4105.33
-1941.85	-2166.23	4708.97
-1766.65	-970.083	4291.71
-1766.65	-970.083	4291.71
-1404.66	1949.89	3320.57
-1197.81	463.049	2918.05
-1859.2	-2149.43	4765.22
-1123.85	999.105	3585.55
-829.557	439.877	2870.61
-1679.24	-2138.87	6122.87
-815.855	593.808	3041.6
-853.556	1302.78	3417
-882.364	2156.85	3529.51
-852.658	1482.5	3462.02
-865.73	2082.12	3555.26
-1569.08	-3136.15	7084.69
-1666.71	-3493.82	7546.75
-739.726	2035.89	3456.36
-1630.6	-5081.6	8622.03
-701.497	1704.2	3536.19
-697.734	1848.9	3592.98
-709.6	579.657	4441.52
-574.636	249.997	4157.7
-594.201	1635.04	4530.33
586.711	59.4133	4060.24
586.711	59.4133	4060.24
1206.46	2033.56	4453.32
2895.79	-4667.86	8941.97
2681.04	-2177.2	8270.71
3140.8	-3219.47	9416.8
1963.08	588.377	5848.33
1963.08	588.377	5848.33
1824.13	1175.8	5262.89
1958.24	1832.02	5361.14
3014.28	-1665.85	7828.76
2717.37	-2774.31	6870.71
2885.37	-3124.13	7278.73
1942.06	1576.56	4961.87
1930.13	1986.41	4777.31
2894.76	-2931.86	6909.19
2859.49	-2323.9	6541.02
3086.12	-3687.47	6856.99
3086.12	-3687.47	6856.99
2069.69	1682.37	4597.42
2150.47	2098.07	4556.55
2150.47	2098.07	4556.55
2246.14	1226.39	4674.97
2761.57	-1036.25	5597.08
3184.92	-2257.94	6390.15
2865.99	-1306.71	5735.53
2116.77	2632.04	4025.78
2811.94	-880.844	4888.37
2913.01	502.542	5075.57
2796.81	-38.5774	4621.17
2789.53	95.6705	4308.98
2798.44	-1295.85	4189.22
2635.77	1341.53	3953.56
2791.13	-689.344	4137.43
2419.91	2401.06	3630.22
2829.6	374.265	4188.53
2713.56	947.557	3971.91
2833.37	-1020.54	3977.92
2805.31	-1478	3923.05
2481.72	1623.53	3484.09
2446.97	1776.44	3389.73
2390.38	2203.3	3294.79
3325.59	-424.607	4399.72
2815.17	-1498.08	3638.78
2721.78	208.275	3404.5
2744.47	114.752	3418.72
2573.21	731.646	3194.84
2698.25	675.271	3272.87
2862.96	-1044.2	3352.55
2862.96	-1044.2	3352.55
2735.28	543.675	3211.55
2674.28	715.727	3137.24
2771.73	609.163	3224.06
5884.87	-4132.04	6748.21
2771.12	1983.88	3225.14
3493.86	-691.392	3981.65
3937.82	-373.71	4344.41
-2194.01	270.461	2346.57
-1873.79	1240.29	2031.61
-1835.63	991.335	2012.74
-1846.7	-463.682	2078.06
-2180.03	371.079	2453.33
-1904.25	-524.734	2175.44
-2055.73	206.842	2334.96
-1908.46	-845.658	2265.61
-1871.14	-395.32	2227.58
-1880.09	-25.8566	2237.68
-1880.09	-25.8566	2237.68
-2057.12	307.789	2460.97
-1852.59	-415.139	2329.45
-1901.27	313.724	2476.48
-1893.89	1499.76	2468.93
-1941.92	-1234.84	2663.5
-1871.73	-624.288	2635.85
-1871.73	-624.288	2635.85
-1854.89	820.176	2603.54
-1854.89	820.176	2603.54
-1902.29	488.136	2703.33
-1902.29	488.136	2703.33
-1905.76	1624.54	2699.33
-1907.57	1725.86	2829.95
-1958.2	-949.45	3048.01
-1895.62	-296.521	3028.55
-1900.98	-698.186	3061.25
-1937.26	738.381	3162.32
-1906.01	-84.6962	3177.15
-1939.54	733.12	3298.94
-1914.66	2055.71	3211.22
-1478.86	1172.69	2511.49
-1567.12	1040.69	2673.21
-1909.36	-386.131	3453.09
-1510.66	427.837	2968.92
-2157.85	-844.395	4438.66
-1990.31	-1023.82	4293.43
-2040.53	-830.837	4479.82
-1755.75	-965.841	4262.74
-1162.87	449.941	2835.02
-1909.51	-2368.6	5178.25
-1406.35	2549.28	3801.37
-1903.89	-2886.46	5612.67
-1873.84	-630.816	5493.52
-1799.45	-2356.41	5544.37
-1137.4	1040.03	3512.41
-834.136	1279.1	2544.25
-834.136	1279.1	2544.25
-1118.9	994.874	3569.75
-813.795	432.418	2822.79
-923.516	1958.15	3110.6
-1770.79	-2214.79	6529.53
-1638.95	-2561.49	6235.29
-775.605	463.441	2862.73
-814.627	592.716	3036.62
-1606.66	-1551.21	6430.71
-851.697	1300.78	3411.42
-872.642	2130.78	3486.86
-869.454	1681.41	3590.91
-1613.56	-3384.05	7304.88
-698.146	1697.76	3523.65
-1558.83	-4958	9960.38
-705.907	576.253	4417.44
-1505.41	-5154.45	10362
-608.307	1581.48	4660.9
569.654	59.2914	4265.66
3111.39	-6098.8	12192
1203.41	2030.78	4445.84
2837.27	-4875.04	8952.8
2684.12	-2174.37	8279.95
1389.39	2047.14	4437.59
3231.02	-3316.97	9698.41
2885.86	-2347.76	6603.73
3066.45	-3662.18	6810.7
2132.52	1426.91	4870.04
2132.52	1426.91	4870.04
2968.53	-2416.45	6525.02
3061.61	-3659.51	6569.13
3162.72	-2239.99	6338.46
2716.77	-598.891	5371.69
2158.2	2101.84	4383.4
2357.14	1675.82	4729.98
2959.97	-1314.24	5701.72
2269.56	2126.15	4245.14
2337.24	1844.57	4279.41
2772.87	-394.164	4868.63
2740.53	1765.94	4820.95
3273.13	-2759.92	5319.9
2324.8	2057.89	3873.83
2243.22	2188.03	3695.24
2357.07	2769.46	3875.65
2768.66	-813.622	4371.28
2789.07	189.633	4398.39
2801.29	96.042	4329.9
2787.32	-689.039	4131.43
2410.06	2391.53	3614.81
2717.17	949.02	3977.89
2811.17	-1481.41	3932.29
2723.44	762.397	3804.88
2817.21	665.493	3833.56
2673.82	866.959	3528.09
2437.64	1518.46	3152.32
2853.6	-1020.23	3602.46
2853.6	-1020.23	3602.46
2816.91	-1353.33	3544.3
2738.38	211.476	3427.15
2708.15	112.943	3371.76
2667.55	667.512	3234.37
2641.02	723.387	3175.71
2498.22	1628.51	3002.66
2716.26	541.201	3189.78
2673.23	718.253	3139.1
5933.54	-4166.82	6805.92
5933.54	-4166.82	6805.92
2884.4	2065.48	3359.28
3563.65	-697.65	3918.98
3764.72	-358.735	4145.06
3309.8	-858.239	3624.31
3403.48	-1622.83	3533.38
3386.1	-996.108	3473.89
-1871.55	1239.26	2029.22
-1822.97	984.542	2000.44
-2248.08	382.344	2528.47
-1927.45	-530.667	2200.5
-2151.06	309.264	2461.85
-2022.63	-1413.84	2419.35
-1869.7	-523.964	2230.17
-1878.88	-25.9758	2235.96
-1878.88	-25.9758	2235.96
-1889.2	1403.43	2324
-1853.91	-415.601	2331.28
-1868.07	-862.196	2431.28
-1869.77	-322.115	2485.49
-1832.91	724.48	2452.09
-1913.36	296.72	2651.09
-1913.36	296.72	2651.09
-1923.35	-1032.08	2718.98
-1903.39	-1139.7	2732.43
-1913.22	490.897	2718.39
-1913.22	490.897	2718.39
-1906.85	1625.11	2701.25
-1845.22	916.19	2714.84
-1915.85	-18.9698	2931.6
-1926.46	536.722	3013.18
-1907.42	-699.916	3071.14
-1898.49	-199.486	3160.74
-1916.84	191.115	3178.32
-1898.45	-587.099	3179.73
-1921.36	2100.16	3188.37
-1939.02	732.947	3298.81
-1901.34	-482.733	3297.94
-1559.23	1035.7	2660.93
-1860.23	1690.83	3199.91
-1926.4	2241.22	3399.55
-1896.28	-868.923	3602.58
-1466.06	459.721	3017.73
-2006.32	-1031.42	4323
-1999.49	-760.788	4674.05
-1221.78	471.568	2974.22
-1808.54	-2116.96	4865.5
-1877.99	-2332.17	5092.47
-1839.27	-2793.7	5434.35
-1656.35	-2582.48	6293.1
-816.469	594.377	3042.57
-816.469	594.377	3042.57
-883.881	2157.24	3529.95
-1642.52	-3443.18	7434.03
-1909.61	-4493.29	8730.42
-838.704	1707.6	3583.22
-778.303	1653.47	3653.48
-708.591	577.05	4427.17
-1497.53	-5155.64	10363.9
-626.387	1457.67	4528.87
-604.382	1662.04	4604.35
602.701	61.5859	4483.93
602.701	61.5859	4483.93
2068.64	-4370.28	10382.2
2068.64	-4370.28	10382.2
2903.17	-5660.57	11330.8
1201.62	2026.51	4436.94
1201.62	2026.51	4436.94
3035.3	-4906.38	9393.18
2742.68	-2222.52	8468.86
2906.79	-2502.39	8648.06
1956.71	590.198	5824.33
1956.71	590.198	5824.33
1866.38	1202.04	5393.76
2845.69	-2628.39	6800.96
1905.72	1959.77	4712.91
1905.72	1959.77	4712.91
2950.46	-3171.06	6811.24
2140.27	1432.29	4891.68
2140.27	1432.29	4891.68
3002.62	-3720.48	6318.8
2064.11	2098.48	4357.04
2990.28	-1688.07	5967.33
2957.57	-1312.84	5697.26
2103.65	2617.15	4000.89
2223.56	2080.57	4157.53
2967.49	-3092.11	5159.48
2787.99	-396.954	4896.49
2811.4	-879.653	4886.81
2705.73	-222.031	4704.1
2352.02	2035.01	4150.75
2505.66	1778.48	4384.73
2768.03	-317.975	4601.15
3321.45	-2801.88	5401.23
2811.38	96.0427	4344.88
2362.39	2533.19	3687.25
2368.98	2349.64	3552.49
2732.94	676.532	3851.4
2802.13	-870.482	3898.04
2630.26	930.077	3706.13
2457.18	1606.7	3449.28
2744.69	964.588	3744.85
2765.52	-1469.98	3571.55
3049.09	-654.035	3871.36
3049.09	-654.035	3871.36
2868.39	-1025.65	3622.73
2867.65	-1378.92	3611.04
2389.55	1483.65	3060.14
2682.02	503.938	3393.39
2724.96	210.592	3409.57
2724.96	210.592	3409.57
2697.87	675.983	3273.83
2490.25	1623.46	2993.65
2748.75	545.975	3226.91
2662.67	714.185	3125.09
2729.42	458.457	3194.34
5858.15	-4113.24	6717.72
3453.54	-877.732	3988.07
2859.52	2045.91	3326.97
3310.39	-1014.83	3680.2
3887.15	-516.663	4297.31
3944.1	-376.735	4346.06
3296.92	-1569.71	3416.31
3540.42	-1699.75	3566.93
-2206.6	272.831	2361.87
-1887.29	1249.2	2045.85
-1881.84	1010.78	2058.48
-1849.7	-465.653	2082.44
-2192.65	373.631	2468.82
-1883.02	892.73	2181.77
-2001.51	-1400.22	2391.88
-1852.77	-518.911	2210.28
-1879.72	-25.1686	2236.7
-1879.72	-25.1686	2236.7
-1858.93	-416.713	2337.55
-1886.75	-870.051	2454.56
-1875.11	-324.231	2493.25
-1891.37	1497.89	2465.91
-2039.95	543.537	2708.02
-1847.73	730.36	2471.56
-1912.14	296.382	2649.81
-1912.14	296.382	2649.81
-1928.96	-1036	2727.56
-1899.18	-1136.97	2726.85
-1914.26	491.352	2720.32
-1903.65	1622.8	2696.56
-1903.34	1722.18	2824.17
-1919.77	514.835	2906.38
-1918.23	-812.525	2962.68
-1907.66	1836.02	2952.61
-1906.29	189.713	3163.01
-1943.32	733.913	3305.23
-1901.44	-483.513	3299.19
-1496.21	1186.41	2540.13
-1913.42	19.5762	3310.09
-1937	-888.266	3681.22
-1915.91	1982.7	3598.7
-1917.63	-171.675	3711.04
-2157.09	-844.419	4436.2
-1454.27	456.001	2996.04
-2520.24	-2781.14	5389.04
-2520.24	-2781.14	5389.04
-1760.09	-1136.7	4137.05
-1753.97	-963.517	4263.17
-1267.54	487.051	3070.31
-1882.06	-2333.72	5091.77
-1417.23	2566.94	3828.43
-1874.56	-629.585	5497.41
-853.151	1239.11	2500.07
-839.451	1315.56	2654.53
-1004.74	1981.79	3152.18
-833.508	441.791	2882.42
-1687.3	-2632	6411.52
-853.769	1302.95	3416.96
-859.276	1492.19	3484.23
-1283.55	-1410.18	5583.19
-1608.3	-3210.73	7247.81
-1937.87	-4557.21	8853.94
-806.433	2210.41	3749.13
-702.649	1710.37	3549.15
-632.341	1698.59	3643.3
-705.301	575.473	4412.64
-1496.53	-5151.72	10357.7
-571.05	248.339	4131.71
2044.15	-2759.96	8917.61
2960.71	-4962.01	10793.1
1191.12	2008.56	4397.26
2928.67	-4091.66	9959.06
1289.07	2092.05	4432.54
2859.74	-4909.04	9020.84
2965.55	-4777.57	9161.56
2924.99	-2518.13	8703.59
1967.01	593.565	5855.74
1967.01	593.565	5855.74
1445.63	2004.01	4381.52
2857.16	-2758.38	6906.6
3068.98	-3666.83	6817.94
3068.98	-3666.83	6817.94
2124.49	1421.64	4856.82
2124.49	1421.64	4856.82
2952.14	-2395.98	6483.34
2735.11	-1351.65	5598.94
2131.66	2170.66	4507.29
2834.94	-1292.34	5673.96
2362.72	1680.44	4741.63
2775.64	-705.099	5029.38
2470.49	1774.42	4547.93
2832.83	-887.037	4925.05
2687.93	-221.691	4671
2337.4	2020.65	4121.93
3273.29	-3156.42	5459.79
3273.78	-2758.99	5319.1
2800	190.165	4418.59
2367.02	1916.88	3732.83
2773.01	-591.483	4227.56
2773.01	-591.483	4227.56
2814.1	-1302.38	4212.55
2639.46	348.227	3688.69
2722.07	761.308	3804.33
2474.78	1618.63	3475.69
3340.99	-246.358	4550.5
2456.81	1784.09	3403.4
2747.5	965.16	3749.03
2826.16	-1727.56	3675.29
2667.94	865.606	3520.61
2907.18	-819.457	3749.93
2444.78	2015.34	3178.81
2878.73	-1384.61	3625.69
2498.16	1628.07	3004.06
2734.53	543.287	3210.3
5914.85	-4153.9	6784.33
3423.34	-870.226	3954.25
2777.5	1987.95	3234.27
3504.78	-693.401	3995.32
2802.45	257	3187.53
2662.36	629.124	3033.03
2671.25	717.688	2983.93
3325	-1117.87	3589.44
3715.39	-673.679	4020.43
3357.04	-1229.84	3498.41
