-1915.63	1267.57	2076.21
-1934.93	1044.22	2120.35
-2101.09	211.742	2387.06
-2192.66	314.861	2508.64
-1917.71	908.06	2221.32
-1885.64	1350.09	2179.46
-1971.48	-873.032	2341
-2036.66	-1425.19	2430.52
-1942.4	-409.809	2310.95
-1917.9	-26.1338	2283.02
-1917.9	-26.1338	2283.02
-1935.37	85.1097	2429.98
-2017.85	-1185.66	2659.98
-2097.74	559.785	2785.13
-1918.75	1570.26	2559.55
-1964.34	-1054.1	2778.35
-1875.01	829.216	2633.44
-1906.83	773.459	2737.7
-1954.93	418.049	2832.36
-1937.34	1799.1	2827.58
-1881.25	934.026	2768.45
-1955.99	-827.863	3021.26
-1936.09	-304.83	2982.22
-1993.35	-964.286	3105.28
-1926.77	35.3667	3017.21
-1949.65	194.027	3234.4
-1939.83	-599.165	3248.93
-1966.26	804.746	3291.63
-1937.99	2118.85	3217.13
-1535.87	1217.31	2608.11
-1952.36	2169.53	3311.15
-1933.99	817.78	3323.97
-1938.15	-290.197	3635.73
-1904.31	-873.954	3626.54
-1907.04	1973.54	3585.09
-2182.09	-852.718	4490.8
-1486.71	466.866	3062.57
-2033.88	-1044.38	4391.55
-2001.17	-765.396	4690.64
-1924.54	-2149.88	4674.47
-1241.6	478.705	3018.71
-2152.23	-2894.38	5378.99
-1847.25	-2136.43	4741.46
-1917.44	-642.686	5623.41
-1163.19	1066.83	3614.56
-1002.58	1975.65	3143.22
-1635.45	-1459.43	5725.37
-1063.59	2143.22	3575.64
-846.175	446.712	2916.23
-821.262	598.139	3062.53
-1653.16	-1595.4	6599.88
-886.626	1710.88	3654.47
-1752.98	-4025.9	8523.62
-782.876	1660.72	3669.38
-804.691	2210.66	3755.43
-1616.57	-5041.38	8555.12
-707.464	1720.11	3569.15
-720.479	587.291	4500.95
-570.681	247.238	4130.8
-632.299	1470.43	4572.65
566.083	56.4449	3797.81
566.083	56.4449	3797.81
2055.32	-5295.39	11103.5
2055.32	-5295.39	11103.5
2912.08	-4063.52	9900.17
2697.94	-4626.92	8501.07
1379.45	2031.85	4403.81
2661.06	-2150.95	8203.43
2873.27	-2470.53	8540.13
1426.29	2009.77	4381.32
1935.94	582.1	5763.67
1935.94	582.1	5763.67
2818.08	-3902.09	8106.73
1819.23	1170.41	5254.29
1942.2	1821.2	5311.05
1920.11	1560.26	4904.88
2833.91	-2735.42	6848.67
1812.32	1865.33	4479.56
2836.2	-2621.9	6780.79
3023.98	-3612.5	6716.49
2228.01	1330.78	4726.47
2974.87	-3436.33	6102.55
2137.78	2176.22	4519.28
2788.59	-1271.65	5582.84
2887.53	-1632.9	5760.9
2716.75	1422.34	5112.27
2095.27	2605.59	3985.17
2231.69	2090.49	4176.16
2456.67	1765.32	4523.64
2742.61	857.7	4862.47
2770.83	-867.188	4815.87
2677.92	-220.845	4660.02
2729.72	-311.532	4535.73
2743.89	-687.203	4450.61
2331.08	1895.92	3715.48
2817.86	-335.067	4246.31
2339.38	2307.19	3540.22
2542.52	1293.26	3808.21
2762.72	-858.388	3843.91
2411.99	1761.56	3349.15
2754.19	-1177.64	3635.39
2740.76	-1458.09	3542.08
2740.76	-1458.09	3542.08
3295.38	-359.374	4234.51
3295.38	-359.374	4234.51
2395	1973.51	3112.26
2689.12	206.477	3364.68
2689.12	206.477	3364.68
2701.31	112.806	3365.21
2572.36	753.434	3167.59
2639.25	660.254	3201.26
2584.83	707.851	3112.17
2506.83	1634.33	3016.27
2677.27	531.282	3141.94
5603.14	-3933.3	6423.94
5603.14	-3933.3	6423.94
2740.75	1960.1	3188.69
3875.26	-515.822	4289.02
3173.64	-1154.33	3493.85
2486.89	1713.81	2783.33
3855.68	-368.117	4249.74
3317.83	-860.726	3638.49
2698.22	601.318	2951.04
3435.67	-1650.24	3463.56
-2243.2	276.831	2399.51
-1906.59	1261.85	2066.59
-1906.51	1221.33	2086.73
-1920.63	1038.27	2104.99
-1927.35	-136.745	2167.9
-2208.48	316.481	2525.4
-1921.35	909.639	2225.44
-2036.26	-1425.12	2430.71
-1946.78	-409.982	2315.16
-2031.27	-1302.25	2549.48
-2115.02	423.439	2650.82
-1932.11	84.4858	2426.36
-2019.06	-1186.03	2661.39
-2065.46	552.003	2745.71
-1921.34	1573.43	2562.45
-1846.96	728.945	2473.97
-1942.52	-899.993	2731.48
-1961.84	-1053.01	2775.28
-1925.06	1685.17	2690.08
-1877.99	830.888	2637.38
-1953.68	417.465	2831.25
-1872.56	930.152	2756.32
-1941.04	-19.5614	2971.72
-1937.32	-305.159	2984.69
-1956.64	-828.759	3023.56
-1963.57	631.897	3091.59
-1938.96	2022	3112.22
-1986.53	-841.957	3238.44
-1970.45	655.256	3314.63
-1524.99	1206.65	2582.88
-1944.61	2037.38	3311.45
-1946.05	-90.0789	3357.5
-1946.68	-393.278	3521.11
-1935.63	-291.198	3633.11
-2010.46	-921.5	3818.9
-1901.06	1968.75	3574.66
-1523.28	432.559	2994.22
-2156.19	-784.197	4333.05
-1512.45	140.353	3263.01
-1850.87	-2140.31	4746.95
-1847.17	-1755.06	4902.41
-1444.65	2615.53	3901.05
-1899.02	-637.923	5572.56
-1076	126.384	3260.55
-1673.52	-1218.65	5694.88
-843.004	446.25	2912.29
-1576.04	-1408.96	5529.57
-786.304	469.441	2901.33
-825.987	600.64	3077.29
-825.987	600.64	3077.29
-854.912	1723.19	3197.31
-888.128	1536.23	3587.62
-867.777	1678.91	3585.57
-1654.68	-3469.98	7498.02
-1956.36	-4602.72	8948.11
-1864.81	-4942.36	9097.55
-1687.67	-3879.95	8218.97
-1592.76	-4976.1	8419.04
-685.262	1450.14	3489.08
-715.24	582.166	4467.91
-598.983	1649.03	4569.73
543.416	50.2588	3568.18
543.416	50.2588	3568.18
2046.51	-5271.83	11055.2
2046.51	-5271.83	11055.2
2005.02	-2195.25	8317.19
2005.02	-2195.25	8317.19
2921.16	-5711.24	11420
2862.54	-4610.26	8840.91
1376.01	1995.85	4333.32
1452.14	2001.45	4380.29
1814.67	1170.65	5232.17
1915.08	1554.39	4891.16
2764.19	-1499.63	6831.63
1799.08	1843.78	4426.13
1799.08	1843.78	4426.13
2829.7	-2613.5	6767.77
2829.7	-2613.5	6767.77
2014.12	1531.13	4874.91
2117.15	1578.01	4882.72
2185.38	1465.32	4998.75
2996.93	-3580.08	6655.27
2996.93	-3580.08	6655.27
2859.21	-2362.52	6206.17
2915.33	-2372.82	6182.4
2346.05	1564.66	4846.27
3110.3	-2204.17	6237.98
2920.62	-1651.19	5829.72
2867.96	-1150.5	5406.59
2098.26	2608.37	3992.47
2302.19	2159.06	4316.12
2713.21	-487.047	4868.75
2676.06	-217.738	4654.77
2323.79	2021.83	4073.84
2746.7	-37.9249	4537.26
2693.83	226.566	4313.16
2748.09	29.0922	4365.91
2780.16	93.2794	4294.25
2325.47	2293.85	3518.99
2525.18	1284.88	3783.93
2753.8	-680.036	4082.92
2670.53	931.874	3908.4
2754.65	-1394.78	3902.26
2689.56	579	3830.07
2771.61	-999.808	3891.95
2762.06	-858.265	3842.72
2482.39	1625.37	3475.36
2708.3	677.029	3688.85
2389.2	1968.57	3102.93
3306.19	-360.011	4250.25
2489.12	1552.14	3211.35
2787.71	-1339.53	3509.13
2582.35	756.536	3180.9
2468.26	1608.15	2968.24
3480.1	-497.609	4083.95
2710.35	539.109	3183.38
5712.34	-4011.28	6551.33
5712.34	-4011.28	6551.33
2770.69	1982.14	3224.23
3439.73	-680.065	3917.65
2620.36	704.241	2925.74
2620.36	704.241	2925.74
3213.6	-832.777	3519.1
3302.39	-1111.16	3566.42
3290.53	-1205.48	3429.79
3356.68	-1610.6	3380.13
-1919.38	1269.9	2080.5
-1902.95	1029.35	2085.94
-2104.92	212.218	2391.03
-2194.48	315.339	2511.39
-1927.05	911.919	2232.44
-1879.58	1346.98	2174.58
-1945.66	-859.548	2308.32
-2039.95	-1427.7	2435.17
-1926.64	-26.5284	2293.19
-2106.79	315.591	2520.45
-2111.76	422.887	2647.2
-1901.82	-725.16	2421.27
-1930.45	-333.523	2566.89
-1933.99	-631.478	2591.61
-1918.06	1570.79	2558.15
-1959.92	-1051.99	2772.52
-1877.71	830.759	2636.38
-1877.71	830.759	2636.38
-1922.99	1682.8	2687.46
-1921.11	778.358	2756.72
-1986.68	642.294	2981.35
-1943.73	-19.3015	2975.68
-1937.39	-304.972	2984.46
-1959.57	546.07	3064.94
-1927.03	-707.084	3104.29
-1949.65	2033	3127.79
-1968.1	750.559	3213.46
-1939.3	192.61	3218.79
-1546.87	1224.97	2624.66
-1605.55	1066.33	2737.25
-1945.8	-88.5686	3356.14
-1953.77	20.8135	3378.85
-1956.86	2349.45	3448.92
-1920.54	-883.21	3661.12
-1918.5	1983.33	3604.05
-2188.53	-857.199	4499.58
-1479.55	464.268	3047.63
-2609.74	-2876.11	5578.51
-1778.84	-1152.19	4194.39
-1970.53	-2197.08	4778.49
-1823.99	-2111.7	4686.36
-1900.76	-638.261	5577.44
-1746.66	-1569.65	5324.38
-1011.77	1995.18	3174.33
-822.492	436.267	2847.95
-823.474	599.252	3069.11
-854.439	1721.82	3195.8
-892.119	2181.23	3569.34
-1319.14	-586.967	5523.18
-886.617	1712.18	3655.85
-1654.98	-3472.15	7504.22
-1964.72	-4619.68	8980.15
-1729.08	-3975.58	8417.13
-811.22	2216.19	3769.9
-1646.24	-5136.69	8721.32
-705.526	1717.35	3563.8
-636.786	1710.19	3669.98
-575.721	250.123	4164.83
-644.337	943.362	4668.36
-610.791	1681.49	4656.38
-615.147	1598.66	4711.2
580.132	58.7572	3943.41
580.132	58.7572	3943.41
2063.33	-5315.62	11145.3
2035.51	-2750.16	8884.17
1198.26	2019.25	4419.41
1198.26	2019.25	4419.41
2904.18	-4066.71	9889.76
2765.77	-4747.29	8726.09
3024.75	-3298.47	9469.81
2912.64	-4684.2	8992.65
1937.86	581.983	5770.26
1818.59	1171.78	5244.46
1654.54	1541.14	4497.02
2827.74	-3059.86	7129.15
1911.17	1552.24	4879.57
2837.36	-2737.89	6859.42
1829.4	1885.52	4527.18
2012.8	1529.51	4870.82
2114.21	1575.5	4875.84
2111.82	1414.7	4823.26
2962.3	-3685.11	6425.09
2135.04	2090.84	4560.29
2135.04	2090.84	4560.29
2959.17	-3418.34	6067.08
2912.92	-2397.81	5980.51
2770.56	-1263.19	5542.6
2770.56	-1263.19	5542.6
2792.48	-1050.92	5389.09
2080.81	2585.43	3956.32
2762.16	-863.899	4800.81
2982.17	525.011	5194.58
2707.32	-309.516	4497.83
2759.81	-38.3484	4560.07
2799.84	-77.1398	4485.3
2732.84	-804.39	4313.71
2755.38	93.1516	4254.98
2753.47	-1273.28	4121.1
2307.02	2276.7	3492.38
2745.46	-1296.52	4018.98
2671.89	933.366	3910
2703.15	582.23	3850.26
2454.9	1606.66	3434.65
2758.91	-1467.51	3565.65
2758.91	-1467.51	3565.65
3308.3	-360.215	4252.25
2388.21	1966.58	3102.49
2449.62	1522.36	3134.53
2621.21	489.328	3311.14
2580.22	755.922	3177.33
2575.5	643.279	3119.52
2565.82	702.087	3087.93
2664.64	529.317	3127.49
5653.28	-3968.66	6484.07
2726.58	1950.25	3173.54
3441.44	-596.098	3928.41
2746.34	251.42	3124.5
3369.63	-784.044	3775.35
3265.15	-1098.25	3525.66
3410.93	-1193.43	3613.2
3422.65	-1644.2	3451.45
-2237.31	276.283	2394.27
-1904.61	1260.69	2065.42
-1926.62	1040.45	2111.49
-1920.29	-482.564	2160.52
-1931.68	-136.57	2172.06
-2209.22	317.229	2527.69
-1913.46	904.574	2217.61
-1886.1	1351	2181.64
-2046.58	-1432.02	2442.77
-1938.54	-406.548	2305.28
-1926.53	-25.9791	2292.74
-2110.94	316.251	2525.59
-1935.96	85.0483	2430.49
-1897.65	980.841	2425.23
-1897.65	980.841	2425.23
-2014	-1183.68	2654.88
-2065.03	551.48	2743.8
-1973.25	-1253.98	2707.22
-1916.3	-890.929	2696.89
-1927.59	1687.72	2694.07
-1927.67	780.805	2765.94
-1935.86	1798.24	2827.69
-1985.71	-1069.35	2980.92
-1938.76	-18.9474	2967.94
-1936.14	-304.801	2982.57
-1980.32	-839.803	3229.66
-1938.68	2021.7	3110.59
-1938.68	2021.7	3110.59
-1991	758.273	3250.54
-1944.9	193.872	3225.9
-1941.38	-86.7764	3236.79
-1940.63	-599.257	3249.48
-1959.48	19.6358	3388.81
-1826.07	866.931	3343
-2039.13	-932.074	3863.64
-1923.83	1991.24	3615.45
-2151.32	-782.733	4323.72
-1507.26	472.122	3100.78
-2054.62	-784.865	4808.68
-1970.97	-2198.16	4780.03
-1231.53	475.222	2996.31
-1539.21	2604.83	3903.42
-1849.96	-1758.02	4908.97
-1773.23	-2369.64	5263.98
-1910.37	-640.64	5602.75
-1181.77	1081.26	3649.63
-1014.34	2005.11	3190.2
-844.232	446.924	2917.24
-820.336	597.556	3059.16
-851.253	1715.71	3183.18
-1616.7	-1561.32	6472.12
-868.451	1506.75	3518.33
-1579.83	-3156.02	7130.88
-1629.21	-3418.57	7386.07
-1969.88	-4630.31	8999.79
-781.555	1658.31	3664.57
-752.815	2064.77	3514.37
-706.16	1718.92	3567.35
-1612.4	-5129.55	10315.8
-715.436	582.887	4470.15
-571.624	250.13	4144.05
-631.104	1469.2	4564.37
-615.921	1690.26	4682.79
597.299	63.293	4135.3
597.299	63.293	4135.3
2016.54	-2724.35	8797.95
2016.54	-2724.35	8797.95
1204.68	2028.95	4441.33
1204.68	2028.95	4441.33
2819.18	-4842.66	8897.46
1937.86	582.837	5769.35
1937.86	582.837	5769.35
2731.35	-3775.25	7845.38
1811.37	1161.83	5233.06
1688.41	1882.34	4663.03
1688.41	1882.34	4663.03
2715.28	-2770.13	6862.6
2022.1	1118.96	5199.59
2853.85	-2756.99	6898.05
1904.2	1959.76	4710.65
2110.25	1412.14	4822.76
2991.86	-3573.89	6643.69
2991.86	-3573.89	6643.69
2114.16	2062.99	4480.7
2114.16	2062.99	4480.7
2926.63	-2411.41	6007.95
2334.44	1556.89	4822.16
3100.06	-2196.17	6217.33
2786.93	-1270.67	5578.32
2080.41	2586.52	3953.24
2440.97	1753.78	4493.7
2710.66	-487.426	4862.81
2740.97	856.964	4859.46
2781.3	-870.274	4835.27
2863.56	493.489	4988.89
2747.61	-411.184	4426.41
2718.68	28.836	4317.28
2804.66	-368.2	4328.54
2699.09	581.307	3844.49
2681.06	663.488	3777.39
2764.84	-858.859	3846.44
2421.61	1768.48	3362.79
2744.64	-1587.51	3675.84
2744.64	-1587.51	3675.84
2387.02	1966.07	3101.47
2446.33	1520.73	3131.81
2817.18	-1017.84	3549.02
2554.31	793.958	3205.9
2690.57	112.007	3351.69
2542.63	722.487	3156.61
2653.16	663.063	3217.19
2575.96	705.475	3099.32
2692.44	534.32	3160.35
5645.94	-3963.91	6474.62
5645.94	-3963.91	6474.62
2742.65	1963.32	3192.48
2701.83	549.576	3074.88
3844.22	-367.063	4236.6
3339.28	-867.272	3662.6
3638.07	-660.326	3938.69
3439.39	-1200.77	3640.1
3207.73	-1527.45	3325.02
-2264.56	279.969	2423.52
-1905.41	1261.03	2065.57
-1920.64	1037.69	2105.83
-1909.18	1222.26	2090.02
-2283.33	388.664	2569.21
-1927.1	911.57	2232.63
-1974.8	-873.763	2342.98
-2042.59	-1429.49	2438.68
-1926.76	-26.0331	2292.93
-1926.76	-26.0331	2292.93
-1916.05	832.616	2302.37
-1929.7	-790.61	2428.61
-1895.94	-722.855	2413.48
-2064.09	550.736	2741.76
-1930.01	1615.96	2644.78
-1920	-516.702	2702.81
-1955.46	-1049.08	2765.73
-1890.86	835.754	2654.85
-1924.9	1684.84	2690.47
-1909.74	774.941	2742.5
-1950.52	417.289	2826.34
-1950.52	417.289	2826.34
-1923.88	-409.667	2832.52
-1971.56	634.817	3103.11
-1940.23	-195.694	3108.79
-1956.01	194.639	3244.33
-1936.18	-598.441	3243.48
-1603.69	1065.02	2734.2
-1892.58	1719.96	3255.48
-1962.94	-605.463	3478.29
-1948.12	2269.59	3438.77
-1924.6	-883.612	3665.8
-1914.35	1981.31	3597.93
-1712.07	1958.99	3213.22
-1624.43	800.668	3115.83
-1948.41	-174.827	3772.23
-1500.77	471.265	3089.3
-2626.11	-2897.63	5613.76
-1765.66	-1143.61	4161
-1973.3	-2201.57	4787.98
-2136.6	-2876.66	5344.77
-1860.68	-2150.8	4770.22
-1438.51	2605.41	3885.18
-1702.5	-1253.33	4801.1
-1904.66	-640.207	5588.03
-1079.22	126.254	3270.67
-1167.18	1070.08	3616.63
-869.999	1664.42	3068.97
-786.393	470.064	2900.42
-825.349	600.789	3076.09
-916.384	1306.11	3436.43
-855.287	1723.6	3198.11
-873.061	2098.67	3585.83
-1645.58	-3450.68	7454.47
-1921.85	-4524.36	8794.19
-1727.94	-3973.67	8410.52
-780.046	1657.87	3663.97
-693.973	1843.23	3581.49
-714.655	583.385	4471.01
-573.402	249.198	4150.33
-628.139	1464.85	4545.74
-602.632	1659.19	4598.01
615.788	67.6514	4311.71
615.788	67.6514	4311.71
2035.29	-3090.95	9180.09
2035.29	-3090.95	9180.09
3072.01	-6013.66	12029.9
1198.07	2018.9	4418.34
2773.25	-4460.19	8555.63
1473.26	2078.2	4530.83
1950.24	587.26	5807.49
1950.24	587.26	5807.49
1934.15	1814.18	5299.2
1930.04	1194.37	5234.04
1930.04	1194.37	5234.04
2954.99	-1628.89	7672.92
2828.84	-3063.51	7133.02
2828.84	-3063.51	7133.02
2839.08	-2742.69	6864.34
2854.99	-2890.94	6815.96
2014.26	1532.14	4876.38
3016.69	-3603.45	6700.17
3016.69	-3603.45	6700.17
2101.55	1405.9	4799.18
2092.7	2128.43	4419.57
2932.72	-1840.07	6025.75
3149.87	-2230.7	6318.55
2691.87	-593.753	5324.86
2336.75	1663.42	4690.1
2080.85	2586.3	3954.54
2278.74	2112.8	4049.25
2778.87	-870.014	4831.08
2685.91	1735.96	4729.72
2982.61	525.939	5194.64
2702.77	-307.558	4488.85
2308.36	2040.94	3820.86
2264.34	2211.29	3738.53
2699.19	-253.389	4289.87
2726.07	-496.985	4275.43
2603.1	674.748	4012.57
2343.92	2513.3	3658.65
2757.24	-1277.24	4128.31
2725.12	-632.692	4094.71
2333.98	2302.75	3532.99
2492.62	1265.86	3730.1
2714.27	-1279.39	3969.91
2677.98	662.668	3773.3
2456.98	1607.18	3440.37
2686.9	-1353.04	3630.21
2640.38	843.56	3580.53
2751.21	-1463.44	3556.4
2685.84	112.176	3345.87
2523.8	718.482	3136.24
2684.82	671.97	3258.17
2477.41	1614.74	2980.35
2687.69	533.545	3154.81
5731.2	-4023.53	6575.27
5731.2	-4023.53	6575.27
3348.24	-850.558	3865.2
2742.18	1962.34	3188.38
3461.18	-599.173	3949.4
2888.41	-1139.25	3258.02
3379.31	-786.964	3785.66
2606.65	700.764	2910.08
3398.44	-1632.03	3425.1
