-1873.07	1199.89	2049.83
-1880.54	1016.93	2060.74
-2213.64	377.113	2491.15
-2050.81	206.401	2329.34
-1898.36	898.498	2198.15
-6099.69	4232.78	7076.37
-1866.28	-522.868	2225.68
-1957.35	-1256.36	2457.32
-2064.83	413.521	2588.81
-1884.97	83.6125	2366.62
-1884.97	83.6125	2366.62
-1840.98	-701.603	2343.05
-1896.21	190.184	2507.72
-2017.44	538.275	2679.36
-1890.54	1509.11	2559.63
-1890.54	1509.11	2559.63
-1840.93	633.047	2503.12
-1886.28	-507.629	2655.13
-1834.78	812.094	2576.52
-1908.74	-1142.16	2740.03
-1870.76	-501.528	2746.58
-1851.9	919.813	2724.38
-1951.66	-1050.56	2928.55
-1902.26	-19.1884	2911.5
-1915.78	-811.405	2958.97
-1936.06	738.23	3160.34
-1904.28	189.137	3160.03
-1891.34	-585.1	3168.06
-1933.03	642.43	3251.17
-1563.13	1037.44	2667.51
-1923.56	2241.68	3394.24
-1923.56	2241.68	3394.24
-1897.85	-284.946	3559.89
-1911.62	1993.75	3595.02
-2026.08	-926.178	3836.09
-1902.36	-398.403	3649.46
-1484.56	464.732	3054.41
-1960.95	-742.19	4580
-1730.14	-1118.1	4070.66
-1921.81	-2145.29	4664.08
-1826.72	-2113.1	4683.27
-1874.14	-628.712	5458.48
-1162.57	1066.12	3588.9
-985.379	1947.05	3096.69
-822.903	436.077	2847.12
-1624.26	-1451.17	5696.62
-869.761	1666.49	3068.36
-777.534	464.365	2870.98
-817.979	594.918	3048.59
-895.11	2161.52	3533.78
-855.914	1306.29	3425.74
-811.357	1717.97	3530.84
-1526.78	-3055.45	6895.48
-1627.92	-3413.37	7370.64
-1886.2	-4439.84	8626.18
-1826.21	-4832.45	8892.78
-682.617	1441.53	3472.8
-682.617	1441.53	3472.8
-697.334	1854.71	3567.13
-713.524	581.419	4457.2
592.373	39.9637	4152.5
592.373	39.9637	4152.5
2822.32	-5515.69	11030.5
2920.35	-4902.53	10657.1
1196.1	2014.87	4414.34
2832.03	-3960.6	9636.6
2789.28	-4787.49	8797
1473.8	2034.17	4455.4
2880.35	-2479.91	8571.26
1954.54	587.697	5819.66
1954.54	587.697	5819.66
2792.3	-1698.61	7645.83
2731.8	-2157.14	7296.49
2996.79	-1656.94	7784.44
2708.19	-2760.34	6843.32
3035.85	-3625.17	6744.83
3035.85	-3625.17	6744.83
2961.69	-2411.47	6280.93
2085.23	2102.8	4411.85
2385.09	1585.68	4927.66
2770.48	-1037.66	5615.52
2902.15	-1573.46	5849.14
2258.61	1961.12	4566.91
2830.11	-1290.03	5663.43
2117.71	2635.3	4026.18
2277.24	2129.5	4179.31
2728.26	1505.51	4874.31
2879	1408.56	5030.96
2807.23	-879.349	4878.92
2777.52	-318.647	4617.12
2823.99	-39.3487	4667.35
3493.79	-3457.28	5593.97
2428.26	1709.36	3829.99
2347.35	2308.77	3694.95
2383.54	2340.89	3739.42
2830.64	96.2483	4373.3
2858.25	-375.604	4410.36
2396.07	1991.69	3593.58
2534.3	1629.22	3651.82
2756.13	593.738	3925.77
2421.72	1935.16	3449.42
2747.38	768.333	3840.65
2830.08	-1213.43	3738.92
2830.08	-1213.43	3738.92
2826.79	-1727.28	3675.27
3089.33	-662.454	3926.58
3089.33	-662.454	3926.58
2681.47	502.687	3393.33
2856.65	-1374.31	3598.12
2636.25	772.415	3246.42
2704.05	676.452	3278.39
2693.78	738.086	3244
2534.28	1652.26	3050.56
3614.24	-516.435	4243.24
2751.71	547.773	3231.14
5808.33	-4077.46	6661.18
2748.05	559.436	3127.02
2663.11	1836.69	2979.96
3309.55	-1014.49	3680.14
3309.55	-1014.49	3680.14
4020.62	-384.485	4434.71
3706.77	-673.092	4011.03
-1876.11	1242.19	2034.2
-1863.32	1007.74	2044.62
-2180.01	371.436	2455.19
-2194.25	315.744	2510.39
-1885.25	892.982	2183.69
-1885.37	-939.527	2232.4
-2256.14	536.78	2651.96
-1863.73	-521.949	2222.49
-1875.6	-25.8862	2232.48
-1875.6	-25.8862	2232.48
-1849.42	-413.955	2324.48
-2064.96	412.969	2588.4
-1874.41	-867.168	2440.44
-1946.23	-1264.35	2586.37
-1894.87	190.142	2506.09
-1862.28	-320.21	2475.04
-1848.7	-723.005	2482.98
-1911.26	492.304	2717.38
-1905.43	1622.83	2700.16
-1850.33	918.617	2721.98
-1906.77	1725.1	2829.01
-1915.89	513.709	2900.24
-1917.06	-811.585	2960.21
-1908.84	1837.48	2954.84
-1906.29	189.319	3162.63
-1912.73	1970.31	3179.98
-1487.03	1178.87	2523.89
-1559.65	1035.79	2661.5
-1904.35	-86.6486	3284.36
-1904.35	-86.6486	3284.36
-1884.09	-478.456	3269.2
-1878.97	-861.003	3571.32
-1611.09	797.696	3091.23
-2132.08	-835.429	4385.88
-1463.6	458.518	3012.89
-1987.07	-1022.28	4289.54
-1984.18	-808.839	4362.7
-1899.39	-1418.31	4404.87
-1241.3	478.446	3013.92
-1858.09	-2146.68	4758.54
-1416.95	2566.11	3826.97
-1820.91	-2765.84	5377.78
-1874.83	-629.123	5478.01
-1063.02	124.56	3223.59
-1124.67	1033.77	3489.92
-1010.1	1994.93	3173.44
-1125.57	999.717	3588.12
-869.659	1663.21	3064.06
-1649.56	-2572.9	6265.24
-817.772	595.643	3048.54
-817.772	595.643	3048.54
-1588.24	-1534.55	6350.43
-889.335	2151.83	3516.74
-1538.23	-3076.06	6940.96
-1651.35	-3458.65	7468.27
-782.324	1665.09	3681.69
-846.281	2385.97	4023.67
-1619.75	-5054.64	8588.32
-704.605	1710.37	3552.13
-682.971	1443.21	3474.85
-682.971	1443.21	3474.85
-709.546	578.287	4432.85
-1456.06	-5020.35	10093.8
645.293	45.5475	4739.03
2934.81	-4950.15	10733.5
1205.51	2033.57	4454.44
1205.51	2033.57	4454.44
1302.33	2115.27	4482.17
2791.25	-4790.53	8803.87
2846.92	-4590.53	8792.64
2826.77	-2432.32	8404.82
1950.78	585.032	5809.13
1950.78	585.032	5809.13
3032.88	-2848.32	8864.9
2770.37	-3830.31	7958.4
2946.47	-1628.39	7651.58
1930.64	1564.85	4934.87
2855.42	-2759.18	6902.18
2921.45	-2965.4	6977.71
2847.39	-2312.9	6514.1
2136.56	1589.68	4930.42
2986.12	-3713.96	6478.46
3013.78	-3482.92	6182.94
3153.03	-2232.41	6316.96
2365.55	1682.6	4747.47
2245.66	1959.23	4499.35
2257.55	2108.47	4316.87
2778.01	-707.537	5036.16
2700.91	-221.718	4695.56
2807.15	-126.953	4667.97
3251.01	-2751.13	5292.91
2334.46	2296.8	3674.71
2478.07	1774.13	3876.09
2809.3	96.0666	4338.64
2394.33	1991.2	3591.71
2846.11	376.667	4213.83
2853.21	-852.464	4140.66
2694.29	950.071	3937.53
2471.51	1590.18	3509.8
2815.34	-1483.68	3937.74
2739.61	678.235	3860.41
2675.69	944.676	3767.27
2815.47	-874.449	3916.52
2388.7	1963.84	3116.85
3353.15	-365.875	4308.35
2388.16	1484.51	3078.29
2880.91	-1029.96	3636.19
2827.3	-1358.84	3558.61
2799.37	-1433.63	3402.24
2799.37	-1433.63	3402.24
2692.76	674.611	3266.63
2663.62	729.874	3205.78
2527.05	1646.86	3038.86
2743.48	545.663	3220.67
3351	-923.583	3864.61
5821.28	-4087.51	6674.82
3531.99	-698.9	4027.2
2742.45	558.501	3119.85
3990.28	-379.557	4402.16
3372.75	-874.557	3696.53
-1869.93	1238.33	2027.75
-1908.96	1025.97	2087.51
-1853.23	-465.392	2084.84
-2200.96	375.005	2478.25
-1873.52	-518.005	2141.91
-2159.26	310.645	2471.54
-1880.64	-26.1593	2238.39
-1880.64	-26.1593	2238.39
-1932.49	-634.526	2406.82
-1897.67	1409.26	2334.45
-1847.16	-413.852	2322.43
-1852.92	-856.167	2412.29
-1868.02	-321.826	2483.24
-2038.26	543.216	2706.2
-1869.24	-730.653	2509.16
-1908.92	295.676	2645.34
-1908.92	295.676	2645.34
-1845.39	815.965	2591.48
-1845.39	815.965	2591.48
-1916.58	492.503	2723.4
-1907.96	1625.33	2702.93
-1990.61	-1070.58	2984.46
-1904.91	-18.6906	2915.01
-1904.91	-18.6906	2915.01
-1915.18	1843.34	2964.42
-1878.49	-558.579	3015.6
-1878.49	-558.579	3015.6
-1895.89	-695.969	3053.1
-1937.78	738.522	3163.48
-1914.7	2031.46	3132.61
-1914.68	190.975	3174.79
-1476.02	1169.77	2504.07
-1559.47	1035.47	2661.7
-1831.36	-839.339	3481.86
-1948.26	2028.82	3665.26
-1593.68	786.107	3056.56
-1467.79	461.356	3022.8
-1911.77	-1427.26	4427.52
-1974.84	-750.133	4616.38
-1730.08	-1121.14	4079.36
-1916.29	-2139.22	4650.55
-2084.58	-2807.88	5215.46
-1596.51	1155.3	3941.07
-1815.66	-2101.09	4658.56
-852.798	1238.32	2499.15
-1114.95	1027.57	3474.32
-815.929	593.79	3041.45
-1525.34	-1479.68	6113.95
-887.858	2145.93	3506.54
-1631.44	-3418.21	7378.99
-1876.73	-4418.41	8584.79
-1703.15	-3915.84	8279.22
-773.948	1646.2	3638.3
-806.644	2247.06	3802.84
-684.346	1445.9	3481.59
-684.346	1445.9	3481.59
-632.362	1698.98	3642.9
-713.187	581.923	4460.13
-1409.56	-4869.12	9788.79
629.732	45.7612	4650.58
629.732	45.7612	4650.58
2014.87	-2212.66	8366.93
2014.87	-2212.66	8366.93
1210.19	2043.8	4475.65
1210.19	2043.8	4475.65
2902.55	-4675.72	8966.06
1410.19	2074.61	4500.73
1393.05	2019.61	4387.89
1967.97	590.106	5862.3
1967.97	590.106	5862.3
2841.21	-3930.66	8168.91
1883.71	1757.01	5136.87
2940.81	-2987.28	7028.81
2857.77	-2322.79	6539.2
2809.77	-2154.92	6349.36
3033.98	-3623.59	6739.98
2873.64	-2372.99	6239.04
3000.88	-3720.19	6317.36
2347.29	1802.44	4584.54
2763.02	1370.31	5340.91
2290.15	2157.66	4355.76
2757.33	1443.39	5190.88
2783.39	-708.502	5046.17
2792.27	-397.437	4904.65
2805.37	-876.48	4874.51
2697.01	-222.405	4688.06
3265.28	-2760.9	5316.57
2779.15	-816.536	4387.38
2784.37	189.235	4390.59
2821.7	96.9375	4359.34
2366.31	2537.14	3691.23
2525.52	1279.67	3792.48
2383.05	1980.75	3573.62
2397.6	1914.48	3413.93
2734.08	677.94	3853.01
2827.43	-877.89	3933.51
2732.89	763.988	3820.13
2758.31	970.215	3762.64
2795.35	-1617.51	3743.87
3325.59	-424.054	4398.75
2815.57	-1497.15	3638.3
2397.36	1970.91	3131.44
2893.22	-1034.48	3653.48
2735.18	211.706	3421.85
2514.63	1638.49	3024.08
2751.02	546.882	3229.82
2693.24	723.985	3162.43
5878.12	-4125.82	6740.14
3343.61	-921.167	3853.92
2836.6	2028.94	3300.53
2660.05	714.235	2969.85
3772.06	-501.409	4170.86
3844.01	-366.039	4238.03
3383.89	-1138.58	3654.68
3187.64	-1515.81	3300.08
3539.81	-1698.99	3565.82
-2205.71	271.612	2359.02
-1886.92	1248.88	2045.76
-1868.65	1010.66	2048.17
-2217.2	377.099	2495.08
-1906.91	-845.816	2264.14
-1868.6	-394.864	2224.48
-1885.77	-24.9663	2243.22
-1968.59	-1262.61	2470.18
-1840.47	-412.578	2314.53
-1892.15	82.1065	2376.16
-1896.9	-875.538	2467.2
-1888.17	1495.63	2461.96
-2025.62	539.635	2689.15
-1851.57	-727.478	2489.38
-1851.57	-727.478	2489.38
-1840.63	728.649	2460.53
-1913.63	296.654	2651.15
-1844.07	815.577	2589.79
-1904.26	1622.08	2698.56
-1865.76	758.514	2682.25
-1890.25	-23.3541	2793.66
-1881.76	33.1758	2947.49
-1924.47	619.513	3029.65
-1905.6	-699.865	3067.77
-1899.16	188.728	3150.97
-1931.39	642.465	3247.6
-1913.38	2053.65	3209.41
-1567.57	1040.39	2674.6
-1922.61	2161.39	3339.85
-1893.64	-283.324	3551.67
-1996.56	-912.682	3783.25
-1515.58	429.476	2978.11
-2118.29	-771.115	4255.19
-2131.98	-834.43	4385.48
-2008.65	-1497.49	4650.93
-1228.98	473.787	2986.06
-1837.5	-2123.74	4703.41
-1913.57	-2372.73	5187.65
-1661.95	-1222.27	4688.97
-1866.39	-2831.1	5503.91
-1866.08	-632.712	5467.46
-1256.03	1144.82	3861.61
-1119.73	995.286	3572.31
-976.619	1936.16	3079.94
-873.031	448.96	2930.87
-816.444	594.372	3043.83
-1608.88	-1553.04	6435.78
-911.698	2460.68	3768.72
-1587.21	-3166.38	7144.93
-1620.86	-3400.26	7344.33
-779.717	1656.82	3660.58
-777.121	2155.36	3648.76
-705.673	1714.57	3558.86
-686.845	1450.43	3492.82
-686.845	1450.43	3492.82
-1863.57	-5211.65	10660.7
-1493.75	-5146.47	10351.2
615.042	47.7518	4554.85
2043.23	-5253.08	11032
1187.71	2002.88	4385.97
2942.24	-4112.93	10017.2
1274.08	2063.47	4379.01
2778.7	-4762.82	8759.09
3052.36	-3343.84	9579.09
2904.35	-4682.05	8973.57
3171.35	-3253.37	9514.46
1867.52	1203.92	5394.38
2853.09	-2754.06	6896.39
2958.53	-3179.32	6836.54
2852.99	-2318.41	6528.46
2134.59	1587.77	4925
2154.19	1441.93	4928.42
3052.14	-3643.67	6782.17
3006.69	-3740.71	6524.92
2119.6	2157.52	4482.75
3180.43	-2249.13	6370.45
2737.48	-602.08	5414.9
2368.76	1833.75	4586.45
2256.75	2130.08	4256.96
2344.97	2007.41	4344.38
2747.53	-390.23	4821.93
2804.96	-878.501	4875.71
2833.7	-1116.17	4690.38
3277.42	-2771.72	5336.52
2768.21	-811.688	4370.13
2814.07	97.1256	4344.37
2422.59	1521.09	3761.78
2873.92	-340.83	4334.39
2369.27	1736.52	3588.54
2802.63	-1476.73	3919.77
2739.93	678.965	3861.4
2665.66	942.55	3753.93
2714.82	759.424	3792.7
2783.13	-1530.42	3833.25
2720.4	2696.6	3827.91
2793.57	659.219	3799.47
2433.2	2001.48	3178.64
3376.19	-367.687	4340.6
2394.87	1490.14	3092.22
2868.49	-1026.1	3621.03
2752.43	212.916	3444.56
2631.44	720.75	3164.04
2631.44	720.75	3164.04
5822.68	-4088.31	6678.82
5822.68	-4088.31	6678.82
2746.3	604.724	3193.51
2867.07	2050.9	3336.32
3510.83	-694.52	4002.94
3958.69	-526.814	4383.48
2643.68	1824.34	2960.08
3451.03	-895.433	3784.48
3482.62	-1213.15	3679.48
3524.82	-1693.44	3553.6
-1874.38	1241.38	2032.58
-1876.83	1014.8	2058.38
-1840.14	-462.235	2070.93
-2209.39	375.865	2485.61
-1902.25	-524.324	2172.91
-2155.87	309.727	2467.24
-1881.17	-25.6973	2238.53
-1881.17	-25.6973	2238.53
-2058.31	307.879	2462.1
-1949.21	-1251.11	2447.31
-1829.75	-409.244	2300.47
-1895.95	82.2075	2380.2
-1870.94	-712.347	2377.55
-1871.63	-863.628	2434.89
-1888.04	1495.53	2462
-1877.5	-322.911	2494.51
-2034.5	542.864	2702.26
-1845.22	729.322	2467.87
-1921.15	-1222.24	2635.65
-1845.82	635.043	2509.08
-1908.43	1626.05	2703.64
-1856.03	920.792	2730.63
-1944.59	-1047.33	2920.5
-1914.16	1842.74	2962.88
-1898.17	-697.123	3056.33
-1892.82	907.089	3082.25
-1934.64	592.103	3187.28
-1919.15	191.345	3181.22
-1909.41	-200.636	3177.98
-1889.48	-584.774	3166.02
-1921.13	2100.2	3189.32
-1940.31	734.231	3299.64
-1900.33	-483.88	3297.97
-1890.52	-866.148	3589.77
-1903.09	-170.188	3684.89
-1470.22	461.156	3028.41
-1986.35	-1021.14	4286
-2014.93	-820.361	4427.17
-1932.58	-1442.23	4473.75
-1981.48	-753.682	4632.82
-1534.03	2594.96	3886.92
-1896.8	-2353.08	5137.12
-1420.1	2571.04	3834.37
-1828.54	-2777.8	5401.55
-853.351	1238.93	2500.36
-880.371	1680.45	3098.32
-1651.62	-2576.97	6276.38
-925.493	2222.71	3634.48
-1630.22	-3416.79	7376.98
-1904.49	-4479.57	8704.33
-774.12	1645.95	3636.8
-799.077	2208.36	3735.16
-1609.6	-5023.41	8539.1
-699.884	1702.03	3531.4
-1752.99	-5176.92	10679.5
-705.901	575.517	4412.14
-625.069	1456.28	4520.84
-591.03	1628.82	4511.3
627.373	52.5564	4608.15
627.373	52.5564	4608.15
2019.14	-2729.49	8811.97
2880.2	-4028.41	9800.9
1288.9	2089.08	4434.39
2728.36	-4677.68	8598.48
3188.3	-3269.09	9566.96
1944.15	584.373	5787.52
1944.15	584.373	5787.52
2830.63	-3916.59	8138.03
2843.64	-3078.91	7171.33
2913.06	-2956.28	6958.84
3058.27	-3651.84	6794.91
2150.56	1439.38	4919.82
3009.98	-3745.83	6531.58
2190.06	1636.06	4889.03
2147.33	2188.85	4546.12
3159.56	-2236.97	6330.17
2991.83	-1694.86	5975.3
2743.83	1435.75	5164.05
2779.59	-707.439	5038.46
2491.82	1790.1	4591.47
2779.34	-393.523	4879.14
2708.52	-222.957	4709.25
2829.83	-830.142	4809.15
3245.79	-3139.5	5423.35
3309.51	-2790.84	5381.4
2358.04	2138.22	3848.62
2392	1547.21	3849.84
2785.62	29.9611	4425.22
2331.68	2294.38	3672.05
2817.84	96.6437	4352.54
2360.88	2530.97	3682.32
2814.86	-1483.34	3936.94
2741.58	679.528	3863.86
2754.59	770.787	3850.08
2448.82	1583.94	3383.63
2831.93	-1638.91	3793.09
2685.43	286.697	3637.89
3392.5	-369.904	4361.8
2449.55	1524.49	3163.57
2890.33	-1033.66	3649.26
2890.33	-1033.66	3649.26
2593.11	809.992	3254.22
2764.98	-1413.27	3356.6
2638.52	773.606	3249.64
2690.32	673.292	3261.06
2754.58	547.313	3233.47
5769.68	-4050.17	6614.67
5769.68	-4050.17	6614.67
3359.22	-926.908	3875.66
2789	613.399	3243.37
3815.13	-361.823	4205.71
3438.39	-892.163	3771.14
3685.34	-668.167	3985.72
3479.01	-1669.61	3504.09
