23.0615	400.517
23.3889	432.998
32.9362	279.363
33.4342	138.615
37.8307	270.19
40.4049	371.055
41.5645	445.57
46.0034	91.4067
46.0411	161.261
46.3637	220.715
46.3637	220.715
51.2567	354.424
74.7456	270.233
78.6166	441.822
82.4814	297.104
89.1703	58.0452
96.1704	338.103
99.3739	289.666
104.406	277.587
113.148	94.7151
114.158	442.862
119.913	124.958
119.097	187.182
122.234	111.651
124.828	447.76
126.076	297.93
129.937	141.482
133.113	129.508
138.006	201.137
141.924	364.296
151.985	160.296
156.441	468.448
170.81	206.867
167.145	317.165
170.205	275.765
179.105	279.105
193.068	36.3761
211.24	56.2753
217.083	28.2822
219.116	59.4176
227.934	465.946
239.482	181.327
243.232	115.644
235.789	237.259
233.708	405.703
241.617	330.711
259.544	129.975
254.033	419.679
257.631	294.337
267.583	361.946
269.593	444.811
273.066	466.671
279.892	128.481
284.539	61.0846
297.773	7.87896
297.773	7.87896
287.43	398.214
287.343	374.32
287.343	374.32
307.104	43.4598
303.348	270.284
421.61	273.207
436.05	47.3919
436.05	47.3919
434.087	179.005
461.828	38.7339
468.145	392.722
484.517	31.2209
477.114	388.468
490.098	115.231
483.368	386.776
488.096	257.675
488.096	257.675
495.656	343.908
503.83	116.705
507.53	142.859
509.672	64.4932
509.672	64.4932
517.108	68.7414
532.301	18.8442
536.827	135.776
540.775	74.0573
543.536	152.617
541.247	393.84
548.519	124.345
548.143	320.74
555.586	350.109
557.778	320.804
558.66	341.214
566.381	396.022
571.385	202.68
572.45	256.402
574.908	163.454
578.864	11.3372
571.933	451.099
571.933	451.099
579.964	209.469
589.226	-1.97473
591.685	467.205
600.675	202.568
601.874	190.856
601.532	163.377
600.166	419.129
611.143	136.927
608.532	363.246
616.5	83.0055
617.065	310.286
618.49	253.531
618.49	253.531
621.615	122.363
618.277	386.568
626.49	63.3185
626.156	304.637
624.536	422.386
632.885	445.639
645.063	202.896
654.738	293.676
667.686	174.874
663.907	280.105
675.772	0.0117581
675.772	0.0117581
666.428	287.272
666.635	439.524
677.332	304.942
686.12	175.366
696.041	100.132
697.306	118.764
700.082	92.4872
710.405	48.2252
20.6082	442.017
23.4241	432.958
23.1575	400.427
32.5604	279.227
37.7202	270.15
40.2475	371.368
46.1219	91.3455
46.0035	161.277
46.355	220.708
78.6441	251.898
78.6441	251.898
89.201	58.0657
95.3155	105.174
96.1578	338.106
99.4201	289.732
101.828	440.051
105.858	446.634
108.86	346.196
113.113	94.6944
115.928	288.34
117.738	221.98
119.125	187.159
122.225	111.605
125.953	298.104
128.887	201.276
133.142	129.466
136.993	290.94
142.192	446.544
145.052	203.227
141.802	364.499
151.973	160.275
151.146	432.38
164.566	279.687
184.06	154.387
178.832	279.134
205.643	164.35
204.855	123.239
211.21	56.3799
210.322	140.927
217.159	28.243
235.786	237.225
233.726	405.63
241.518	330.786
244.795	324.72
254.278	419.761
269.065	74.1308
255.304	281.821
255.304	281.821
273.311	134.105
267.568	361.94
269.64	444.746
269.64	444.746
279.959	128.547
279.959	128.547
284.61	61.2133
287.298	35.3113
291.85	50.4086
292.969	169.602
297.639	7.63216
287.422	398.244
287.349	374.318
287.349	374.318
296.789	392.404
303.454	270.299
312.231	296.629
419.49	215.888
424.235	202.248
436.027	47.3375
436.027	47.3375
433.233	171.08
442.996	187.565
448.855	98.2744
448.855	98.2744
461.51	38.5444
468.462	53.1141
474.73	202.697
468.003	392.661
484.604	31.2878
476.999	388.483
483.326	386.796
500.66	61.1781
495.607	343.846
512.896	68.2874
536.815	135.821
538.056	85.3732
534.947	395.007
541.769	132.09
548.176	320.714
557.796	320.827
552.371	456.81
560.471	179.129
560.767	361.667
560.043	376.007
566.354	396
571.419	202.664
572.485	256.498
578.792	11.3113
571.97	451.189
579.423	153.366
580.005	209.527
584.013	32.1991
585.592	184.126
596.444	280.564
591.675	467.197
600.677	202.563
601.826	254.948
601.555	342.413
600.215	419.098
607.05	192.778
619.628	74.884
618.442	386.671
623.4	94.673
623.4	94.673
626.41	63.2208
632.778	308.194
634.24	298.776
632.978	445.707
644.119	143.73
663.816	280.179
675.764	-0.0202847
666.772	439.448
673.314	248.284
671.625	293.943
677.683	305.631
686.227	154.49
691.616	158.287
696.156	100.122
700.229	92.4409
706.698	115.437
710.383	48.1648
15.6247	266.444
20.3967	442.02
23.3931	433.008
37.72	270.147
45.1186	36.2319
40.3795	371.228
45.7476	91.3002
46.3428	220.708
51.3282	354.595
64.3198	41.7588
63.6872	107.661
74.7073	270.187
78.5994	441.829
101.12	74.3308
99.4333	289.725
101.834	440.046
102.062	326.288
104.367	277.668
108.903	346.135
113.233	94.7341
117.767	221.92
119.143	187.116
119.143	187.116
122.312	111.697
121.545	210.849
124.093	288.75
125.964	298.077
127.968	188.829
128.557	157.494
133.125	129.471
141.741	364.66
156.492	183.209
156.49	468.47
170.957	466.382
170.203	275.74
179.226	279.114
193.108	36.4346
205.656	164.375
217.319	28.3509
219.161	59.4278
232.398	128.419
239.461	181.325
235.8	237.202
233.725	405.64
233.725	405.64
241.555	330.803
242.969	450.953
267.054	135.589
269.254	73.5151
257.612	294.292
267.56	361.941
269.715	378.935
271.704	393.388
289.412	48.1048
277.183	360.254
291.986	50.2155
297.686	7.70853
297.686	7.70853
287.426	398.214
287.351	374.339
303.421	270.267
312.275	296.559
423.06	204.638
423.06	204.638
434.163	187.62
468.117	392.765
481.963	22.8211
484.552	31.3369
477.169	388.437
490.084	115.033
492.422	103.336
483.313	386.794
491.34	302.658
495.633	343.885
509.767	64.5243
510.947	73.0054
512.9	68.244
528.518	100.629
535.368	7.60299
536.81	135.641
538.086	85.4499
534.891	395.02
548.714	158.827
548.18	320.791
555.509	350.157
555.509	350.157
552.341	456.778
559.632	308.472
560.485	179.103
566.36	396.022
571.394	202.733
572.511	256.573
578.675	11.2929
571.981	451.203
582.172	216.709
594.821	172.783
596.439	280.605
600.741	202.562
601.697	342.41
600.224	419.136
611.324	137.031
613.633	89.936
616.485	82.9963
616.921	310.407
618.542	253.542
621.581	122.342
618.299	386.524
634.363	298.7
632.946	445.672
644.931	202.895
657.722	154.713
656.686	301.321
668.253	174.825
663.822	280.215
675.788	-0.0745999
666.394	287.284
666.794	439.448
673.901	92.9255
678.471	126.955
677.621	305.546
689.085	20.8655
686.126	175.305
706.371	115.543
15.5914	266.49
20.4212	441.99
23.124	400.302
23.4349	432.959
37.8274	270.193
40.3564	371.173
46.1108	91.3073
46.0407	161.287
46.3697	220.709
78.564	441.854
78.6443	251.917
78.6443	251.917
82.4567	297.126
95.3439	139.05
97.2242	87.6128
96.1365	338.104
96.1365	338.104
99.3502	289.624
101.838	440.04
113.192	94.7716
117.759	221.974
119.131	187.18
122.197	111.597
124.11	288.705
128.859	201.311
129.941	141.497
142.194	446.57
144.897	203.487
141.984	364.192
156.415	183.3
156.515	468.445
180.603	292.614
179.152	279.106
193.131	36.4252
191.99	137.126
205.654	164.367
211.406	56.3455
210.29	140.899
217.263	28.288
217.98	82.1777
232.255	128.055
233.706	405.697
233.706	405.697
241.506	330.738
264.318	95.4288
255.308	281.882
255.308	281.882
257.608	294.303
267.574	361.946
269.284	444.764
269.284	444.764
269.851	378.929
284.617	61.14
292.031	50.1197
297.7	7.64469
297.7	7.64469
287.39	398.242
287.347	374.335
287.347	374.335
303.386	270.303
416.323	189.688
423.432	186.328
424.689	216.789
424.689	216.789
432.065	184.568
450.159	181.145
461.777	38.8219
468.402	53.1637
481.94	22.8811
477.223	388.428
489.447	95.9066
490.182	115.125
483.241	386.829
488.097	257.711
488.097	257.711
491.293	302.336
495.708	343.89
509.886	64.186
514.273	333.215
532.307	18.7002
536.418	121.153
538.14	85.4567
540.862	74.1597
534.867	394.98
548.547	124.392
548.165	320.755
555.541	350.143
555.541	350.143
560.463	179.184
566.352	396.034
571.447	202.662
572.457	256.448
578.719	11.3038
571.985	451.153
571.985	451.153
579.388	153.353
582.161	216.726
594.636	172.448
591.672	467.203
600.705	202.537
601.516	342.374
600.243	419.134
613.597	89.9275
617.044	310.299
618.6	57.4141
618.564	253.5
618.564	253.5
618.982	291.982
621.701	122.503
618.188	386.477
623.419	94.7737
624.564	422.445
632.942	445.607
645.262	202.85
653.098	160.139
654.761	293.656
656.553	301.276
663.728	106.556
663.849	280.175
675.774	-0.09321
666.488	287.254
666.207	439.297
686.145	175.359
687.377	187.619
695.918	100.052
700.14	92.4376
700.527	54.1095
15.849	266.457
23.3752	432.999
23.1218	400.457
33.3502	138.563
37.8797	270.16
40.4252	371.052
41.6151	445.541
46.0713	91.3567
46.0393	161.188
46.3923	220.686
46.3923	220.686
61.0453	130.319
78.6197	441.837
78.6869	251.92
86.7957	315.593
96.1468	338.085
96.1468	338.085
101.128	74.2486
99.3911	289.709
101.815	440.075
104.339	277.682
113.174	94.6583
119.122	187.169
122.244	111.66
124.152	288.624
124.824	447.75
129.96	141.451
134.895	308.682
145.025	203.309
141.792	364.513
152.046	160.385
151.141	432.505
167.097	136.368
170.792	206.935
170.054	276.047
178.845	279.15
205.909	164.215
211.34	56.3892
217.236	28.3116
224.512	93.2305
232.303	128.204
239.457	181.33
235.828	237.23
241.54	330.774
244.87	324.746
254.12	420.217
268.744	73.5516
267.562	361.94
269.359	444.726
269.359	444.726
285.378	54.0254
287.289	35.2922
292.073	50.0191
292.961	169.634
297.622	7.53235
287.433	398.246
287.341	374.328
287.341	374.328
303.42	270.306
424.549	216.426
426.531	205.925
435.902	46.9143
435.902	46.9143
431.141	181.419
468.142	392.797
481.888	22.7555
484.514	31.1874
477.508	388.348
492.488	103.457
483.196	386.848
488.073	257.656
488.073	257.656
500.749	61.3449
495.676	343.883
503.769	116.72
507.546	142.915
510.915	72.9213
512.892	68.2719
513.588	140.176
514.299	333.153
520.437	83.7544
536.396	121.176
548.101	320.716
555.519	350.138
555.519	350.138
568.71	3.30923
570.086	172.599
566.281	395.863
571.404	202.607
572.432	256.382
574.896	163.447
578.691	11.3138
571.983	451.177
571.983	451.177
582.139	216.701
588.699	213.395
597.469	118.109
596.448	280.537
591.681	467.2
601.491	114.174
600.211	419.127
608.705	363.403
613.57	89.9355
619.678	202.419
616.952	310.364
618.582	253.478
618.3	386.542
626.38	63.2391
626.17	304.585
624.582	422.479
632.921	445.665
643.13	158.444
643.13	158.444
654.697	293.665
663.83	280.19
675.85	-0.132498
675.85	-0.132498
666.976	439.469
673.273	248.217
671.64	294.014
687.547	187.517
686.208	154.512
686.209	133.481
700.075	54.0514
706.76	115.397
710.257	48.1507
