20.6072	441.935
23.1687	400.397
34.0657	257.006
37.8405	270.211
40.6271	370.951
50.296	16.5202
45.9616	161.265
61.3687	440.141
66.3244	116.968
78.6759	251.818
82.2367	297.002
92.1498	264.853
92.9352	194.07
95.3621	105.202
97.1317	87.5993
101.083	74.2806
99.4622	289.767
101.815	440.046
107.257	171.929
108.881	221.165
108.787	346.282
119.903	124.871
122.21	111.562
128.901	201.189
131.02	243.692
131.02	243.692
134.904	308.658
134.904	308.658
142.171	446.562
142.444	417.697
145.058	203.159
140.173	393.253
150.341	450.005
156.41	183.284
179.254	145.993
192.911	36.2229
195.292	156.087
205.87	164.094
211.203	56.4159
210.453	140.987
210.453	140.987
205.438	281.155
219.361	59.6021
227.998	465.882
221.723	404.154
235.975	237.197
241.619	330.61
244.817	324.773
242.8	450.946
255.22	281.888
273.695	134.741
269.302	444.725
271.573	393.33
285.259	53.9353
287.363	35.3477
291.816	50.4021
282.159	387.762
287.312	374.176
287.312	374.176
303.424	270.282
413.941	223.729
413.941	223.729
453.177	115.168
461.116	38.6992
475.262	71.0766
468.206	392.781
482.854	387.013
492.826	128.209
492.833	45.354
491.153	302.1
495.947	343.94
509.232	73.4969
512.887	68.3293
521.746	336.897
528.663	100.526
522.345	397.909
532.289	18.7645
548.114	143.522
548.114	143.522
552.759	136.142
553.771	305.569
552.35	456.969
568.838	3.50487
566.515	396.496
570.213	352.999
570.111	366.492
578.048	10.7348
584.449	144.301
587.942	-2.65178
588.535	238.655
596.408	280.603
600.744	202.474
601.738	342.403
606.202	102.348
616.56	83.1337
618.496	253.555
619.111	292.059
615.782	471.775
617.024	385.386
627.713	163.566
626.518	63.3289
624.68	422.462
638.586	139.947
632.819	445.518
635.817	392.01
645.214	308.316
656.443	301.302
656.443	301.302
654.59	413.265
663.954	280.058
675.757	-0.0055501
670.764	139.409
666.685	287.11
675.261	156.217
673.973	92.9015
679.765	143.919
15.6982	266.403
20.4329	441.988
22.5187	399.967
27.6388	145.429
33.0642	279.325
33.5871	138.272
39.7689	370.458
50.0846	16.3545
46.0396	161.23
46.3909	220.59
64.3474	41.7745
66.4517	116.93
66.4517	116.93
78.7122	251.805
82.1413	297.004
89.2258	58.1239
86.8358	315.592
92.1259	264.833
93.0285	194.058
100.905	74.1276
101.894	439.93
106.476	158.116
108.822	346.202
114.145	442.931
119.81	124.978
129.892	141.467
138.104	201.001
138.104	201.001
137.667	245.797
141.73	295.583
142.218	446.509
144.364	304.556
140.324	393.122
141.908	364.364
147.241	170.673
147.513	445.415
156.474	183.229
178.737	279.096
193.069	36.1929
193.069	36.1929
195.344	156.133
205.09	107.28
211.359	56.4738
204.877	281.235
219.259	59.3569
232.287	128.545
227.947	465.922
239.423	181.256
235.77	237.248
241.355	330.665
238.972	403.025
242.556	450.918
257.599	294.257
273.958	135.271
269.506	444.704
279.834	131.047
271.758	435.601
284.657	61.2571
285.388	54.0609
287.369	35.34
287.459	374.262
287.459	374.262
303.486	270.27
315.693	41.2785
413.821	139.076
413.841	225.731
420.994	156.84
435.97	47.1971
435.97	47.1971
468.165	392.758
481.967	22.7796
484.885	31.8634
492.451	103.282
491.267	302.236
500.266	139.409
495.093	366.923
497.093	343.974
506.543	336.142
512.936	68.2966
528.593	100.599
530.689	13.021
526.725	352.484
535.834	80.5304
539.875	15.7292
534.95	395.009
544.681	122.182
548.12	320.724
551.84	366.742
552.266	456.763
570.1	172.716
571.485	202.682
566.766	396.713
574.823	163.365
584.391	32.5236
584.094	351.039
589.269	444.478
600.526	202.49
601.872	190.861
600.511	260.643
604.127	264.068
614.793	131.963
614.793	131.963
617.042	310.286
619.369	387.697
626.485	63.304
626.485	63.304
626.25	304.556
624.552	422.532
637.212	153.913
632.717	445.649
635.663	392.103
650.709	188.964
650.169	305.318
656.535	301.419
654.373	413.233
663.935	280.101
675.797	-0.026479
666.567	287.177
670.743	132.595
666.128	439.22
675.227	156.211
686.204	154.564
699.93	92.419
699.866	54.0267
710.358	48.1909
16.1149	266.553
20.3908	441.967
27.7616	145.328
37.707	270.265
45.9557	91.3281
45.9494	161.353
46.3476	220.703
64.3967	41.8698
63.4524	107.785
65.9555	117.133
74.5653	270.137
82.3979	297.107
82.355	331.114
97.2066	87.5934
96.0837	338.191
101.827	440.045
104.348	277.63
107.302	171.954
114.119	442.932
114.278	302.448
119.863	124.959
128.649	157.415
134.982	308.629
134.982	308.629
137.658	245.824
138.361	214.4
140.142	393.256
141.958	364.268
150.335	449.991
151.178	432.435
164.199	194.721
167.085	136.383
167.881	424.911
178.954	279.123
192.909	36.253
195.424	156.063
204.702	123.296
206.088	163.934
211.347	56.4163
210.481	141.088
217.179	28.2286
225.976	64.7215
232.278	128.185
228.284	403.051
254.003	419.845
255.288	281.877
269.85	444.81
271.615	393.378
271.722	435.528
285.377	54.0218
292.33	24.6894
291.582	50.7135
287.491	398.271
303.408	270.271
315.516	41.1972
315.289	354.6
413.895	137.368
412.722	222.936
412.722	222.936
422.974	131.071
451.411	107.946
461.749	38.823
468.076	52.8636
475.146	70.8241
468.069	392.771
481.899	22.618
476.017	388.721
483.052	386.905
488.127	257.747
488.127	257.747
492.681	128.185
491.071	302.127
512.929	68.2731
514.27	333.441
520.474	83.7645
536.833	135.662
534.774	395.099
543.587	152.741
544.739	122.183
544.633	350.048
548.114	320.725
555.439	350.137
552.255	456.796
568.935	3.43681
566.495	396.251
578.482	11.0218
572.051	451.347
579.431	153.379
584.372	32.5534
584.243	351.163
583.258	274.523
588.634	-2.38008
590.564	222.029
589.336	444.487
596.461	188.688
597.395	118.046
591.654	467.287
600.598	202.426
603.023	342.842
611.796	421.164
616.974	310.367
618.511	253.548
626.353	63.2345
633.475	49.775
632.747	308.218
637.08	153.935
635.916	392.17
651.824	115.033
654.516	413.225
663.871	280.154
675.852	-0.0895859
675.852	-0.0895859
666.618	287.198
677.443	305.318
677.443	305.318
683.364	99.8926
676.206	439.878
686.223	154.566
691.559	158.271
695.995	100.165
710.306	48.1604
15.6693	266.469
23.4015	432.863
23.1236	400.728
37.8594	270.213
40.3458	371.17
41.6595	445.604
49.7745	15.8907
46.1787	161.133
46.3793	220.641
46.3793	220.641
51.0679	354.942
64.2809	41.737
63.6351	107.665
63.1823	237.234
63.1823	237.234
66.3607	116.975
82.1089	297.003
89.2231	58.0807
86.9381	315.606
97.1434	87.5918
107.256	172.016
108.828	346.192
114.134	442.919
117.593	450.472
129.895	141.52
133.579	458.058
133.579	458.058
134.888	308.674
137.64	245.829
141.679	295.687
144.945	203.36
164.179	194.675
166.917	136.394
178.787	279.113
193.345	36.1704
192.029	137.353
195.296	156.015
205.888	164.078
204.972	123.256
211.148	56.2366
217.295	28.2624
219.207	59.4235
239.466	181.209
233.726	405.635
233.726	405.635
241.779	330.677
248.784	278.931
255.201	281.984
257.563	294.292
273.601	134.799
267.58	361.936
269.341	444.739
269.341	444.739
276.596	183.932
269.945	378.892
273.002	466.562
285.391	54.0464
287.37	35.3034
291.701	50.6703
282.225	387.71
289.234	410.01
303.558	270.327
315.385	354.56
412.456	221.954
461.672	38.9159
460.652	387.265
475.342	70.9315
482	22.919
477.454	388.392
488.131	257.871
488.131	257.871
491.179	302.095
500.329	139.417
500.329	139.417
507.565	142.829
509.229	73.4683
514.255	56.6572
525.857	96.6677
522.736	326.514
522.736	326.514
532.109	81.6932
532.326	18.7536
534.967	394.987
541.154	132.413
544.711	350.008
555.571	350.15
552.331	456.894
556.103	401.371
571.42	154.268
571.524	202.632
574.373	200.71
575.754	156.995
578.517	11.0709
572.022	451.19
588.978	-2.21018
588.673	238.932
591.936	235.387
589.291	444.457
596.45	280.566
601.502	163.395
602.515	342.632
600.247	419.125
613.618	89.9561
619.051	291.919
618.113	386.423
625.04	312.622
627.344	163.591
635.596	70.6882
638.43	140.045
632.906	445.612
637.67	392.878
643.596	272.873
651.852	115.079
654.643	293.718
656.602	301.275
664.157	143.391
663.361	106.62
664.083	280.022
675.679	-0.0149927
670.811	132.672
666.638	439.408
675.308	164.039
672.713	283.577
688.365	21.879
675.19	439.402
709.999	48.1877
15.9454	266.534
20.4883	441.838
22.9894	400.896
27.8584	202.458
32.887	279.298
40.4221	371.26
41.8453	445.425
49.683	15.8146
45.8875	161.484
46.4206	220.615
46.4206	220.615
63.1716	237.146
66.4784	116.98
66.4784	116.98
78.7014	251.832
82.3114	297.098
85.0703	444.472
89.3664	58.2278
89.0802	435.863
95.2407	155.467
97.2274	87.63
96.1667	338.074
96.1667	338.074
99.4747	289.812
122.269	111.575
130.005	141.424
133.524	458.025
134.948	308.635
137.673	245.807
140.721	312.912
141.902	364.319
147.043	226.14
161.051	458.554
166.999	136.407
170.83	206.909
178.891	279.074
195.375	156.057
205.243	123.384
211.365	56.3895
210.252	140.853
226.132	65.1065
227.938	465.91
243.332	115.474
233.721	405.626
233.721	405.626
241.534	330.892
248.574	278.948
255.139	282.073
269.736	444.781
270.141	378.882
273.055	466.618
284.682	61.351
274.514	396.447
291.759	50.4854
282.193	387.718
281.808	436.358
297.827	8.16467
303.451	270.314
315.372	354.619
417.71	133.455
412.583	221.762
460.685	387.287
476.187	388.684
489.485	95.9461
490.251	115.259
488.064	257.597
488.064	257.597
494.783	367.15
494.783	367.15
507.562	142.744
509.181	73.3816
509.181	73.3816
514.369	56.5663
514.28	333.425
521.723	336.945
522.173	397.949
538.11	85.5587
534.908	395.107
541.436	132.288
544.587	122.1
555.63	350.177
560.598	179.252
560.161	375.965
572.462	256.487
578.72	11.1688
578.72	11.1688
571.826	450.926
571.826	450.926
579.436	153.363
582.14	216.698
589.35	444.459
596.411	280.733
599.267	151.124
600.621	202.426
601.763	342.319
613.648	89.9511
611.808	421.079
620.19	174.445
619.034	291.952
618.341	386.643
632.766	308.206
635.959	133.143
635.959	133.143
632.825	445.591
635.949	392.09
644.875	202.874
642.89	81.4135
646.411	241.37
654.58	413.246
663.776	280.221
663.607	301.35
666.566	287.207
675.781	-0.0505327
666.376	439.188
678.579	127.066
679.968	143.783
677.417	305.129
686.528	175.35
685.755	133.494
700.306	92.4384
