20.6382	441.916
22.4975	400.087
33.1988	279.382
38.1604	270.344
50.4798	16.6295
46.0589	161.168
46.3561	220.724
78.5541	441.852
78.6881	251.849
81.7355	136.719
82.1508	297.026
89.3659	58.2651
86.8128	315.543
95.3181	105.286
96.1783	338.038
96.1783	338.038
100.959	74.1927
101.829	440.066
104.359	277.64
106.734	157.814
108.876	221.151
119.942	124.939
122.238	111.539
125.987	297.976
134.982	308.588
137.48	245.919
144.425	453.849
146.219	214.426
148.33	415.647
150.34	450.114
164.199	150.815
170.748	206.917
179.126	146.021
178.82	279.043
205.99	164.008
204.775	123.399
211.227	56.427
217.194	28.2147
204.957	281.184
219.2	59.397
227.928	465.915
239.739	36.6562
239.433	181.129
235.813	237.25
241.894	330.459
249.779	451.276
264.179	95.3402
255.372	281.783
273.8	135.027
269.108	444.772
271.699	435.569
285.287	53.9439
277.196	360.342
291.947	50.2517
282.344	387.747
298.018	8.81921
298.018	8.81921
287.409	398.297
312.402	340.127
414.923	87.3908
413.703	223.98
413.703	223.98
422.33	149.595
461.574	38.968
475.43	71.0745
468.093	392.666
475.936	388.754
485.408	123.817
488.086	257.616
488.086	257.616
492.738	128.211
491.277	302.238
500.656	61.2395
512.867	68.2978
514.305	333.226
525.833	96.6964
532.448	18.6723
535.774	80.583
533.301	372.753
534.895	395.064
541.562	109.14
553.277	313.576
552.345	457.014
556.111	401.557
562.777	352.1
568.969	3.48311
570.156	172.661
570.156	172.661
571.298	202.739
574.38	200.73
577.91	10.7219
580.228	209.695
587.865	-2.74035
591.594	467.152
597.773	270.049
601.52	114.191
600.488	260.524
601.784	342.444
607.304	192.746
616.478	126.267
616.504	83.0395
612.03	421.135
624.991	312.514
624.991	312.514
632.788	445.555
635.724	391.896
643.568	159.753
643.797	143.775
642.904	81.3459
653.445	160.242
654.757	293.621
656.374	301.284
675.829	-0.112502
675.829	-0.112502
670.789	132.688
666.637	287.181
666.801	439.475
673.296	248.207
686.41	175.425
689.626	106.734
710.012	48.136
20.6072	441.935
23.1687	400.397
34.0657	257.006
37.8405	270.211
40.6271	370.951
50.296	16.5202
45.9616	161.265
61.3687	440.141
66.3244	116.968
78.6759	251.818
82.2367	297.002
92.1498	264.853
92.9352	194.07
95.3621	105.202
97.1317	87.5993
101.083	74.2806
99.4622	289.767
101.815	440.046
107.257	171.929
108.881	221.165
108.787	346.282
119.903	124.871
122.21	111.562
128.901	201.189
131.02	243.692
131.02	243.692
134.904	308.658
134.904	308.658
142.171	446.562
142.444	417.697
145.058	203.159
140.173	393.253
150.341	450.005
156.41	183.284
179.254	145.993
192.911	36.2229
195.292	156.087
205.87	164.094
211.203	56.4159
210.453	140.987
210.453	140.987
205.438	281.155
219.361	59.6021
227.998	465.882
221.723	404.154
235.975	237.197
241.619	330.61
244.817	324.773
242.8	450.946
255.22	281.888
273.695	134.741
269.302	444.725
271.573	393.33
285.259	53.9353
287.363	35.3477
291.816	50.4021
282.159	387.762
287.312	374.176
287.312	374.176
303.424	270.282
413.941	223.729
413.941	223.729
453.177	115.168
461.116	38.6992
475.262	71.0766
468.206	392.781
482.854	387.013
492.826	128.209
492.833	45.354
491.153	302.1
495.947	343.94
509.232	73.4969
512.887	68.3293
521.746	336.897
528.663	100.526
522.345	397.909
532.289	18.7645
548.114	143.522
548.114	143.522
552.759	136.142
553.771	305.569
552.35	456.969
568.838	3.50487
566.515	396.496
570.213	352.999
570.111	366.492
578.048	10.7348
584.449	144.301
587.942	-2.65178
588.535	238.655
596.408	280.603
600.744	202.474
601.738	342.403
606.202	102.348
616.56	83.1337
618.496	253.555
619.111	292.059
615.782	471.775
617.024	385.386
627.713	163.566
626.518	63.3289
624.68	422.462
638.586	139.947
632.819	445.518
635.817	392.01
645.214	308.316
656.443	301.302
656.443	301.302
654.59	413.265
663.954	280.058
675.757	-0.0055501
670.764	139.409
666.685	287.11
675.261	156.217
673.973	92.9015
679.765	143.919
15.6982	266.403
20.4329	441.988
22.5187	399.967
27.6388	145.429
33.0642	279.325
33.5871	138.272
39.7689	370.458
50.0846	16.3545
46.0396	161.23
46.3909	220.59
64.3474	41.7745
66.4517	116.93
66.4517	116.93
78.7122	251.805
82.1413	297.004
89.2258	58.1239
86.8358	315.592
92.1259	264.833
93.0285	194.058
100.905	74.1276
101.894	439.93
106.476	158.116
108.822	346.202
114.145	442.931
119.81	124.978
129.892	141.467
138.104	201.001
138.104	201.001
137.667	245.797
141.73	295.583
142.218	446.509
144.364	304.556
140.324	393.122
141.908	364.364
147.241	170.673
147.513	445.415
156.474	183.229
178.737	279.096
193.069	36.1929
193.069	36.1929
195.344	156.133
205.09	107.28
211.359	56.4738
204.877	281.235
219.259	59.3569
232.287	128.545
227.947	465.922
239.423	181.256
235.77	237.248
241.355	330.665
238.972	403.025
242.556	450.918
257.599	294.257
273.958	135.271
269.506	444.704
279.834	131.047
271.758	435.601
284.657	61.2571
285.388	54.0609
287.369	35.34
287.459	374.262
287.459	374.262
303.486	270.27
315.693	41.2785
413.821	139.076
413.841	225.731
420.994	156.84
435.97	47.1971
435.97	47.1971
468.165	392.758
481.967	22.7796
484.885	31.8634
492.451	103.282
491.267	302.236
500.266	139.409
495.093	366.923
497.093	343.974
506.543	336.142
512.936	68.2966
528.593	100.599
530.689	13.021
526.725	352.484
535.834	80.5304
539.875	15.7292
534.95	395.009
544.681	122.182
548.12	320.724
551.84	366.742
552.266	456.763
570.1	172.716
571.485	202.682
566.766	396.713
574.823	163.365
584.391	32.5236
584.094	351.039
589.269	444.478
600.526	202.49
601.872	190.861
600.511	260.643
604.127	264.068
614.793	131.963
614.793	131.963
617.042	310.286
619.369	387.697
626.485	63.304
626.485	63.304
626.25	304.556
624.552	422.532
637.212	153.913
632.717	445.649
635.663	392.103
650.709	188.964
650.169	305.318
656.535	301.419
654.373	413.233
663.935	280.101
675.797	-0.026479
666.567	287.177
670.743	132.595
666.128	439.22
675.227	156.211
686.204	154.564
699.93	92.419
699.866	54.0267
710.358	48.1909
16.1149	266.553
20.3908	441.967
27.7616	145.328
37.707	270.265
45.9557	91.3281
45.9494	161.353
46.3476	220.703
64.3967	41.8698
63.4524	107.785
65.9555	117.133
74.5653	270.137
82.3979	297.107
82.355	331.114
97.2066	87.5934
96.0837	338.191
101.827	440.045
104.348	277.63
107.302	171.954
114.119	442.932
114.278	302.448
119.863	124.959
128.649	157.415
134.982	308.629
134.982	308.629
137.658	245.824
138.361	214.4
140.142	393.256
141.958	364.268
150.335	449.991
151.178	432.435
164.199	194.721
167.085	136.383
167.881	424.911
178.954	279.123
192.909	36.253
195.424	156.063
204.702	123.296
206.088	163.934
211.347	56.4163
210.481	141.088
217.179	28.2286
225.976	64.7215
232.278	128.185
228.284	403.051
254.003	419.845
255.288	281.877
269.85	444.81
271.615	393.378
271.722	435.528
285.377	54.0218
292.33	24.6894
291.582	50.7135
287.491	398.271
303.408	270.271
315.516	41.1972
315.289	354.6
413.895	137.368
412.722	222.936
412.722	222.936
422.974	131.071
451.411	107.946
461.749	38.823
468.076	52.8636
475.146	70.8241
468.069	392.771
481.899	22.618
476.017	388.721
483.052	386.905
488.127	257.747
488.127	257.747
492.681	128.185
491.071	302.127
512.929	68.2731
514.27	333.441
520.474	83.7645
536.833	135.662
534.774	395.099
543.587	152.741
544.739	122.183
544.633	350.048
548.114	320.725
555.439	350.137
552.255	456.796
568.935	3.43681
566.495	396.251
578.482	11.0218
572.051	451.347
579.431	153.379
584.372	32.5534
584.243	351.163
583.258	274.523
588.634	-2.38008
590.564	222.029
589.336	444.487
596.461	188.688
597.395	118.046
591.654	467.287
600.598	202.426
603.023	342.842
611.796	421.164
616.974	310.367
618.511	253.548
626.353	63.2345
633.475	49.775
632.747	308.218
637.08	153.935
635.916	392.17
651.824	115.033
654.516	413.225
663.871	280.154
675.852	-0.0895859
675.852	-0.0895859
666.618	287.198
677.443	305.318
677.443	305.318
683.364	99.8926
676.206	439.878
686.223	154.566
691.559	158.271
695.995	100.165
710.306	48.1604
15.6693	266.469
23.4015	432.863
23.1236	400.728
37.8594	270.213
40.3458	371.17
41.6595	445.604
49.7745	15.8907
46.1787	161.133
46.3793	220.641
46.3793	220.641
51.0679	354.942
64.2809	41.737
63.6351	107.665
63.1823	237.234
63.1823	237.234
66.3607	116.975
82.1089	297.003
89.2231	58.0807
86.9381	315.606
97.1434	87.5918
107.256	172.016
108.828	346.192
114.134	442.919
117.593	450.472
129.895	141.52
133.579	458.058
133.579	458.058
134.888	308.674
137.64	245.829
141.679	295.687
144.945	203.36
164.179	194.675
166.917	136.394
178.787	279.113
193.345	36.1704
192.029	137.353
195.296	156.015
205.888	164.078
204.972	123.256
211.148	56.2366
217.295	28.2624
219.207	59.4235
239.466	181.209
233.726	405.635
233.726	405.635
241.779	330.677
248.784	278.931
255.201	281.984
257.563	294.292
273.601	134.799
267.58	361.936
269.341	444.739
269.341	444.739
276.596	183.932
269.945	378.892
273.002	466.562
285.391	54.0464
287.37	35.3034
291.701	50.6703
282.225	387.71
289.234	410.01
303.558	270.327
315.385	354.56
412.456	221.954
461.672	38.9159
460.652	387.265
475.342	70.9315
482	22.919
477.454	388.392
488.131	257.871
488.131	257.871
491.179	302.095
500.329	139.417
500.329	139.417
507.565	142.829
509.229	73.4683
514.255	56.6572
525.857	96.6677
522.736	326.514
522.736	326.514
532.109	81.6932
532.326	18.7536
534.967	394.987
541.154	132.413
544.711	350.008
555.571	350.15
552.331	456.894
556.103	401.371
571.42	154.268
571.524	202.632
574.373	200.71
575.754	156.995
578.517	11.0709
572.022	451.19
588.978	-2.21018
588.673	238.932
591.936	235.387
589.291	444.457
596.45	280.566
601.502	163.395
602.515	342.632
600.247	419.125
613.618	89.9561
619.051	291.919
618.113	386.423
625.04	312.622
627.344	163.591
635.596	70.6882
638.43	140.045
632.906	445.612
637.67	392.878
643.596	272.873
651.852	115.079
654.643	293.718
656.602	301.275
664.157	143.391
663.361	106.62
664.083	280.022
675.679	-0.0149927
670.811	132.672
666.638	439.408
675.308	164.039
672.713	283.577
688.365	21.879
675.19	439.402
709.999	48.1877
