15.6375	266.454
20.4498	441.92
23.0727	400.639
37.6799	270.16
40.2187	371.289
46.0287	91.326
49.9675	16.1275
46.4116	220.575
46.4116	220.575
51.5968	354.389
66.2288	117.044
66.2288	117.044
74.5518	270.036
78.5984	441.847
78.6775	251.919
79.5408	177.662
82.1668	297.005
89.3886	58.3242
86.8476	315.626
95.2448	155.511
101.837	440.041
108.9	346.043
128.542	157.545
128.542	157.545
128.896	201.277
129.873	141.517
134.972	308.677
134.972	308.677
140.24	393.278
141.752	364.469
147.512	445.554
146.99	226.15
152.404	456.948
167.098	136.369
164.558	279.696
164.558	279.696
192.869	36.3096
206.014	163.968
204.806	123.13
211.331	56.4165
205.242	281.275
217.132	28.2437
232.352	128.411
239.718	59.2147
239.425	181.292
244.745	324.77
254.048	419.639
257.632	294.323
284.653	61.1743
274.532	396.374
287.369	35.3275
283.102	436.711
287.418	398.227
305.046	44.9978
303.479	270.307
315.511	41.2458
315.339	354.707
412.603	225.561
412.603	225.561
453.139	114.918
453.139	114.918
460.803	387.215
475.232	71.0477
468.131	392.726
481.97	22.9342
488.141	257.834
488.141	257.834
492.835	45.3844
491.16	302.118
495.055	367.032
495.055	367.032
499.226	303.966
506.624	336.201
512.912	68.3024
525.799	96.6996
526.505	12.6919
532.473	18.6455
538.099	85.5666
534.916	395.089
538.235	315.95
546.334	116.968
544.739	349.931
555.032	155.599
555.556	350.168
552.322	456.782
570.126	172.605
566.693	396.411
571.492	202.528
572.005	451.357
584.385	32.4987
583.291	274.514
588.601	-2.37927
588.643	238.876
594.053	161.89
589.327	444.607
601.444	107.346
600.311	419.216
602.704	342.677
616.566	126.329
616.578	83.1193
618.524	253.527
619.135	292.042
617.878	386.171
632.763	308.251
637.289	153.932
632.974	445.743
644.946	202.919
638.451	393.291
642.954	81.3775
658.073	154.818
654.751	293.662
656.522	301.249
654.45	413.236
663.806	280.193
666.479	287.271
670.706	139.432
675.812	-0.0870763
675.812	-0.0870763
693.15	143.662
700.263	54.0759
706.019	115.625
710.199	48.1707
15.5618	266.425
20.5244	441.951
23.0296	400.894
37.905	270.265
39.5307	370.361
46.1213	91.2854
49.9426	16.1272
46.1828	161.077
46.3418	220.669
46.3418	220.669
64.5472	41.6955
63.579	107.696
66.2918	117.025
74.6189	270.126
78.7451	251.789
79.5332	177.674
82.1873	297.006
97.1904	87.5954
96.1235	338.13
101.87	440.008
108.779	346.248
114.107	442.961
115.966	288.226
119.846	124.958
129.906	141.435
134.953	308.578
138.612	457.055
141.745	295.519
140.272	393.32
146.315	214.213
151.963	160.453
164.24	150.828
164.236	194.668
164.504	279.681
171.003	466.386
178.834	279.046
192.818	36.6046
205.952	164.023
211.27	56.3555
210.389	141.037
204.639	281.184
217.261	28.2625
218.098	82.2829
239.451	181.295
243.085	450.911
254.033	419.649
255.303	282.004
266.816	135.455
269.327	444.763
269.327	444.763
284.537	61.0849
285.344	54.0017
292.39	24.727
287.508	398.226
296.781	392.386
303.367	270.267
315.599	41.4674
315.353	354.624
412.7	225.62
412.7	225.62
436.015	47.2079
455.449	124.295
460.793	387.212
475.243	70.9308
468.146	392.749
484.854	31.6813
490.213	115.107
488.158	257.872
488.158	257.872
491.084	301.815
495.164	366.953
495.164	366.953
507.534	142.855
503.985	359.738
506.554	336.035
514.237	56.5881
517.781	89.3074
530.053	322.597
535.408	7.33537
534.928	395.057
541.455	109.022
544.697	349.99
548.555	124.426
552.295	456.726
566.723	396.427
571.483	202.57
574.19	200.336
576.729	188.485
578.049	11.0018
571.999	451.313
579.578	153.508
584.386	32.4795
588.569	-2.4219
589.343	444.602
597.412	117.949
596.445	280.676
599.23	151.12
600.484	202.567
600.226	419.227
602.62	342.65
613.616	89.9709
619.581	202.405
618.944	291.856
626.205	247.719
626.41	63.2573
632.813	308.233
636.054	133.126
632.97	445.738
638.178	393.198
643.784	143.784
654.58	413.329
663.931	280.121
666.569	287.212
670.804	139.485
675.785	-0.0297988
675.785	-0.0297988
666.634	439.355
675.431	156.206
677.452	305.189
677.452	305.189
689.714	106.712
700.264	47.7988
711.44	143.468
710.216	48.1734
16.1235	266.549
20.4227	441.953
23.0793	400.717
28.0093	202.35
37.7465	270.147
40.4118	371.208
46.0605	91.2805
49.9215	16.1097
46.4537	220.538
46.4537	220.538
66.3213	117.028
66.3213	117.028
78.5983	441.825
78.6458	251.903
79.5861	177.633
82.2694	297.059
95.2633	155.484
97.2291	87.5765
96.1531	338.087
104.43	277.556
108.827	346.221
114.114	442.973
115.974	288.269
119.882	124.947
124.826	447.744
128.86	201.302
129.943	141.481
135.077	308.429
138.6	457.065
141.686	295.584
140.289	393.262
141.858	364.43
146.361	214.021
151.894	160.399
164.158	150.833
164.529	279.72
178.921	279.077
192.9	36.4584
205.916	164.086
205.026	123.275
211.367	56.4477
210.386	141.02
204.908	281.186
217.092	28.2412
219.389	59.4499
239.501	181.244
250.565	237.426
248.472	278.951
254.029	419.636
264.378	421.209
269.505	444.716
269.505	444.716
284.587	61.1236
287.404	35.3519
287.482	398.248
305.026	44.9861
296.815	392.438
303.445	270.315
315.605	41.2443
315.379	354.702
403.906	56.6278
403.906	56.6278
412.421	225.279
412.421	225.279
440.921	67.396
460.799	387.23
475.181	71.036
468.137	392.826
481.9	22.7166
489.569	95.9412
490.124	115.012
488.093	257.693
488.093	257.693
494.997	367.099
494.997	367.099
499.261	304.081
499.261	304.081
507.598	142.596
504.08	359.694
512.939	68.3189
522.851	326.515
522.851	326.515
530.227	85.5794
532.286	18.8259
536.764	135.883
535.013	395.004
552.768	136.094
555.62	350.111
552.31	456.857
558.222	388.076
571.516	202.607
578.078	11.0277
572.007	451.411
579.562	153.499
579.562	153.499
584.363	32.4991
588.638	-2.38786
592.348	177.327
596.428	280.699
600.522	202.471
600.255	419.249
602.685	342.68
616.601	126.348
616.533	83.0727
619.038	291.984
616.424	472.383
623.442	94.7851
626.238	155.258
624.978	312.554
626.045	247.853
633.478	49.7435
632.978	445.772
644.881	202.922
637.944	393.126
656.873	301.167
654.478	413.233
663.328	106.617
663.328	106.617
667.915	174.886
663.864	280.171
666.516	287.27
675.71	0.039501
675.71	0.039501
666.763	439.422
677.425	305.154
685.939	154.549
699.921	54.0191
710.377	48.171
23.0499	400.25
23.5798	432.856
33.0387	279.326
37.7575	270.208
40.3139	370.749
41.747	445.517
45.786	91.3786
46.0541	161.285
46.0541	161.285
64.3882	41.7091
66.3694	117.099
78.7402	251.77
86.8999	315.661
92.6843	443.58
97.1801	87.5938
96.2198	337.962
104.355	277.661
106.017	209.468
108.896	346.068
113.061	94.7941
114.139	442.955
117.78	221.956
126.034	297.943
127.987	188.749
127.987	188.749
128.892	201.259
133.119	129.467
137.633	245.808
140.741	312.742
142.076	460.932
140.272	393.388
141.817	364.491
147.051	226.118
155.857	461.681
167.244	136.336
178.768	279.02
193.085	36.2536
205.967	164.053
204.99	123.179
211.345	56.3314
217.226	28.3139
219.206	59.3737
239.45	181.237
228.335	403.327
264.328	95.4187
255.385	281.824
255.385	281.824
257.622	294.304
269.52	444.717
270.009	378.909
271.082	400.983
284.738	61.3767
287.34	35.2942
292.444	24.9242
291.679	50.6665
282.211	387.73
287.531	398.247
303.525	270.36
315.3	354.583
412.79	224.614
412.79	224.614
435.972	47.2457
435.972	47.2457
460.723	387.273
460.723	387.273
481.937	22.932
484.794	31.4746
490.289	115.079
488.075	257.662
488.075	257.662
500.285	139.418
500.609	61.1008
507.582	142.588
509.191	73.4494
503.68	360.097
506.62	336.275
512.922	68.2766
514.343	333.316
538.127	85.5626
534.986	394.988
541.275	132.349
546.182	116.757
553.417	313.528
551.704	366.589
552.316	456.782
556.258	401.475
570.138	172.668
570.138	172.668
570.047	353.246
571.399	202.509
571.798	450.757
578.522	11.2173
578.522	11.2173
582.192	216.717
584.449	144.295
589.157	444.497
595.085	123.918
596.429	280.708
600.475	202.382
601.481	163.325
600.277	419.182
608.346	363.697
613.671	89.931
614.767	131.962
619.181	292.119
619.613	74.8509
617.945	386.324
626.01	247.835
632.69	308.214
632.985	445.699
635.883	392.177
644.901	202.878
654.832	293.653
656.616	301.289
654.754	413.094
663.826	280.149
666.477	287.254
675.701	0.0424737
675.701	0.0424737
666.934	439.38
687.578	187.519
699.719	132.354
699.899	92.4187
705.639	155.165
706.228	115.563
710.25	48.1658
15.8566	266.482
20.4818	441.897
23.0756	400.637
32.9436	279.358
40.2193	371.004
41.5841	445.625
46.0496	91.2318
46.4273	220.609
46.4273	220.609
51.3368	354.522
64.4292	41.7974
63.1314	237.244
78.7529	251.767
82.1672	297.026
89.0841	435.858
95.271	105.431
101.073	74.237
105.833	446.706
107.33	171.892
108.808	346.209
115.96	288.284
119.906	124.93
119.086	187.21
122.314	111.686
124.196	288.529
129.963	141.44
133.607	457.987
138.333	214.373
141.605	295.66
142.368	417.712
147.058	226.015
148.33	415.664
154.211	464.86
167.126	136.34
164.457	279.704
184.023	154.307
178.788	279.021
193.006	36.396
204.628	123.269
211.329	56.3997
205.463	281.178
218.093	82.2417
228.018	465.832
243.219	115.604
241.419	330.857
248.763	278.93
269.92	444.785
270.12	378.894
271.807	435.543
285.422	54.0608
287.314	35.3412
291.731	50.5616
281.957	436.77
287.36	398.284
287.361	374.374
287.361	374.374
296.772	392.371
303.43	270.335
315.467	41.3552
412.595	224.667
412.595	224.667
461.666	38.9736
468.218	53.0829
460.724	387.305
460.724	387.305
484.605	31.2099
488.118	257.751
488.118	257.751
495.186	366.937
495.186	366.937
502.677	112.682
503.767	116.711
507.571	142.716
509.175	73.3861
506.606	336.22
520.552	83.7234
521.757	337.064
522.669	326.495
522.569	397.991
535.781	80.5383
535.021	395.079
541.503	132.235
541.503	132.235
543.556	152.747
544.624	350.09
555.343	350.288
552.354	456.99
565.525	183.435
571.479	202.675
572.508	256.574
578.329	11.172
578.329	11.172
571.827	451.046
580.802	209.906
590.104	198.133
596.311	227.751
597.315	117.923
596.432	280.475
601.486	163.412
600.276	419.196
606.217	102.442
608.733	363.52
616.514	83.0857
619.149	292.086
618.165	386.625
632.696	308.243
635.682	70.6635
632.973	445.689
636.268	392.296
646.423	241.331
657.857	154.792
657.886	119.384
656.377	301.324
654.671	413.309
654.887	414.198
663.865	280.14
663.711	301.295
666.635	287.149
675.754	-0.0446808
666.163	439.168
692.979	143.618
692.979	143.618
699.974	92.5135
700.226	54.1036
705.028	138.657
