15.9064	266.574
20.4192	441.915
22.9679	400.395
27.9589	202.408
37.7008	270.248
45.0047	36.3613
40.218	371.125
41.6255	445.519
47.6395	297.933
49.5902	15.8004
46.2226	161.01
54.7511	125.369
64.4325	41.6401
78.3803	64.4997
82.1784	297.025
92.1082	264.946
95.3738	155.271
96.1334	338.093
96.1334	338.093
98.3611	449.04
101.078	74.347
104.382	277.619
108.954	221.148
110.16	452.665
119.991	124.848
121.462	211.005
128.908	201.319
133.146	129.459
135.1	308.524
135.1	308.524
138.766	171.364
142.02	461.145
139.443	393.572
151.997	160.379
167.735	424.539
166.231	444.008
170.921	206.867
170.047	276.105
178.793	279.146
193.223	36.1327
205.077	123.29
217.209	28.1956
219.02	59.123
232.364	128.423
239.653	59.317
228.389	403.17
243.332	115.521
251.226	153.523
250.76	237.391
254.263	420.106
255.305	281.897
257.634	294.341
261.398	360.877
269.431	444.741
276.694	183.866
270.256	378.863
287.356	35.3049
292.344	24.5732
291.698	50.7797
287.381	398.276
287.315	374.408
287.315	374.408
296.788	392.433
303.387	270.33
413.065	224.641
413.065	224.641
435.971	47.127
435.971	47.127
475.214	70.9437
467.791	392.651
476.683	388.42
483.033	386.695
488.094	257.698
488.094	257.698
492.89	128.189
491.089	302.26
494.925	366.677
502.609	112.699
507.574	142.804
509.198	73.4192
514.202	332.934
520.532	83.687
522.286	326.126
522.286	326.126
532.06	18.9699
534.831	395.006
540.83	74.1308
545.843	137.06
548.47	124.47
544.869	349.283
556.152	401.353
560.811	361.566
565.464	183.39
571.468	202.699
572.455	256.504
571.777	450.898
571.777	450.898
584.081	32.2669
588.706	213.503
588.855	171.099
591.846	235.375
594.989	123.847
591.524	467.141
601.529	163.377
601.266	342.294
600.516	419.09
613.677	89.9648
618.17	386.452
621.784	304.524
626.477	63.3441
626.307	247.621
626.307	247.621
624.439	422.24
632.94	445.645
645.166	202.909
643.468	115.642
653.618	160.249
656.33	301.338
663.944	280.096
666.52	287.187
666.332	439.255
679.857	143.844
677.519	305.39
677.519	305.39
685.729	133.551
706.665	155.293
709.252	75.752
719.303	132.884
15.495	266.421
20.409	441.938
23.0703	400.502
28.0357	144.978
33.0606	279.299
45.1707	36.2224
40.182	371.16
41.6219	445.513
47.5131	297.93
49.6669	15.8035
51.495	354.473
54.7441	125.32
64.4605	41.6631
75.0373	454.763
78.4261	64.462
78.7751	251.773
78.7751	251.773
86.1844	85.7675
89.0818	435.842
96.1604	338.103
99.583	289.831
106.588	158.1
106.588	158.1
108.823	221.37
120.019	124.875
121.501	210.964
126.005	298.059
128.081	188.664
128.081	188.664
129.953	141.474
133.173	129.443
141.938	461.097
141.712	295.621
140.595	393.195
141.81	364.477
151.99	160.399
167.823	424.585
166.157	443.968
178.519	279.092
193.184	36.278
204.816	123.224
217.1	28.2523
219.378	464.72
226.354	65.2211
228.432	403.069
251.28	153.598
242.683	450.891
256.567	144.714
250.807	237.351
264.419	95.435
255.265	281.95
257.656	294.337
257.656	294.337
261.39	361.262
273.597	134.687
270.285	378.868
271.551	393.328
284.642	61.1418
287.366	35.2869
291.681	50.7275
292.411	24.6676
282.201	387.74
287.323	398.28
287.315	374.407
287.315	374.407
303.419	270.353
413.154	224.752
413.154	224.752
436.043	47.3567
436.043	47.3567
453.134	115.087
467.754	392.736
481.913	22.7556
476.775	388.389
483.059	386.704
488.072	257.616
488.072	257.616
492.809	128.197
492.86	45.4502
506.523	336.039
512.87	68.2718
514.207	332.958
520.535	83.7042
522.826	39.32
522.267	326.14
528.369	100.62
532.11	18.8764
536.774	135.748
538.014	85.5799
534.95	395.022
544.856	349.275
557.873	320.877
556.123	401.38
560.772	361.573
572.466	256.552
571.729	450.815
571.729	450.815
582.206	216.674
584.425	144.283
588.683	213.476
588.823	171.105
591.808	235.368
600.435	202.466
606.262	102.498
611.751	421.11
616.866	310.443
615.462	471.422
618.992	291.923
619.601	74.8624
621.637	122.442
618.122	386.388
626.455	63.2681
624.612	422.207
642.342	188.455
642.342	188.455
632.988	445.658
646.454	241.403
646.454	241.403
663.923	280.078
666.607	287.18
666.488	439.155
673.676	93.0469
677.582	305.425
684.254	292.198
700.023	132.264
700.04	53.9845
705.292	138.59
706.245	155.199
706.245	155.199
16.1006	266.612
20.4563	441.898
22.9195	400.694
37.7112	270.21
40.1713	371.167
41.643	445.612
49.6464	15.828
46.4503	220.609
46.4503	220.609
54.8345	125.414
64.4524	41.6954
63.2327	237.076
63.2327	237.076
74.9831	454.735
78.4069	64.4261
82.2205	297.029
95.2007	139.287
95.347	155.237
96.1269	338.166
96.1269	338.166
101.059	74.3103
99.4871	289.811
119.957	124.909
122.536	455.162
127.701	235.183
128.894	201.258
129.969	141.439
133.199	129.412
134.915	308.754
141.83	295.405
140.523	393.162
151.963	160.372
154.086	465.061
155.921	461.616
167.813	424.582
170.011	276.14
178.789	279.13
193.305	36.2448
204.983	123.257
217.201	28.282
205.064	281.201
232.347	128.23
228.425	403.037
251.305	153.569
256.565	144.736
252.313	440.942
254.281	419.987
255.199	282.004
257.647	294.328
273.663	134.807
279.213	47.6504
279.213	47.6504
269.208	444.737
270.272	378.849
287.371	35.2592
291.694	50.7252
292.356	24.5691
282.357	436.615
287.461	398.258
287.321	374.403
287.321	374.403
296.792	392.435
303.45	270.338
413.181	224.959
413.181	224.959
436.016	47.3189
436.016	47.3189
455.391	124.203
455.391	124.203
467.72	392.688
481.987	22.9754
476.621	388.436
483.094	386.686
488.096	257.741
488.096	257.741
492.848	45.3905
491.196	302.246
507.528	142.933
509.212	73.479
506.527	335.997
520.569	83.7823
521.589	336.663
532.1	18.8391
538.008	85.6347
534.963	395.081
546.33	117.051
544.866	349.254
546.788	384.3
552.689	136.01
557.828	320.827
552.267	456.786
568.808	3.36324
566.252	395.654
571.469	202.694
572.453	256.489
576.686	188.468
571.799	450.868
582.205	216.715
588.838	171.114
591.851	235.367
592.372	177.332
596.343	227.839
601.202	342.325
600.254	418.879
613.721	89.9821
611.744	421.006
619.018	291.955
615.682	463.159
621.672	122.459
618.113	386.396
633.448	49.727
632.893	445.588
643.487	115.649
647.926	170.558
646.455	241.328
646.455	241.328
654.753	293.689
663.26	106.593
663.977	280.101
666.368	287.276
666.433	439.188
673.995	92.9456
679.717	143.856
677.457	305.333
677.457	305.333
686.306	175.385
695.957	100.13
709.29	75.6782
15.7765	266.516
20.3375	441.929
22.8641	400.62
33.0924	279.368
45.2812	36.2172
40.2935	371.323
41.7508	445.568
44.7067	75.0155
46.2337	91.1702
47.1791	297.911
49.6648	15.8097
45.997	161.266
46.83	140.462
54.8494	125.404
64.4529	41.6601
63.202	237.101
78.3245	64.5117
86.126	85.7315
92.6608	443.618
92.0891	264.965
96.1045	338.171
96.1045	338.171
99.5378	289.842
108.97	221.113
110.236	452.577
121.48	210.996
128.913	201.22
129.962	141.43
133.183	129.441
134.95	308.664
134.95	308.664
142.021	461.075
139.385	393.558
147.476	445.689
151.957	160.362
167.759	424.572
170.888	206.844
170.079	276.033
178.741	279.091
193.198	36.3527
204.902	123.284
211.318	56.3598
210.306	140.937
217.188	28.2064
224.403	93.1212
228.54	403.057
243.327	115.456
251.246	153.573
242.786	450.953
255.307	281.916
269.569	444.732
270.353	378.866
271.669	393.4
284.649	61.2093
287.365	35.2875
292.382	24.6322
291.702	50.7308
282.208	387.749
287.355	398.277
287.326	374.398
287.326	374.398
303.389	270.322
413.141	224.734
413.141	224.734
436.01	47.3639
436.01	47.3639
467.821	392.713
481.899	22.742
476.84	388.385
482.924	386.735
488.071	257.591
488.071	257.591
492.798	128.224
492.798	128.224
492.897	45.611
507.568	142.925
509.179	73.5107
506.511	336.066
513.493	140.018
520.525	83.7412
522.253	326.127
522.253	326.127
521.847	397.814
536.813	135.808
538.1	85.4978
534.998	395.082
544.858	349.293
552.669	135.997
552.268	456.863
560.764	361.594
572.481	256.571
576.563	188.406
578.737	11.3451
578.737	11.3451
571.84	451.021
582.206	216.688
588.504	238.796
588.8	171.07
595.097	123.964
597.419	118.057
596.432	280.593
600.606	202.458
601.88	190.856
601.231	342.351
600.088	418.915
617.167	283.27
619.551	74.8596
618.172	386.417
626.436	63.2987
628.35	145.263
624.617	422.224
632.993	445.728
657.579	154.725
656.285	301.276
656.285	301.276
663.928	280.109
675.793	-0.090497
675.793	-0.090497
666.434	287.288
670.66	139.429
666.332	439.275
674.045	92.9588
679.815	143.83
677.374	305.154
677.374	305.154
686.011	154.549
699.812	132.272
699.375	54.0037
15.994	266.56
23.3898	433.086
23.0331	400.349
27.935	202.437
32.8305	279.372
44.9775	36.3424
40.362	370.864
41.712	445.521
47.4119	297.916
49.6762	15.8368
45.986	161.227
46.7826	140.515
51.5074	354.364
54.8795	125.42
64.4647	41.6656
78.4102	64.4693
78.7529	251.771
78.7529	251.771
89.0921	435.837
96.128	338.168
101.091	74.3788
99.5367	289.887
108.943	221.199
120.031	124.851
121.443	210.923
122.64	455.201
127.882	189.182
129.955	141.446
133.151	129.405
135.034	308.562
135.034	308.562
138.011	201.292
141.915	461.122
139.674	393.046
141.829	364.558
147.506	445.611
151.973	160.366
167.78	424.615
178.83	279.1
193.204	36.3157
192.088	137.33
211.345	56.2947
217.285	28.2966
219.025	59.1345
227.901	466
232.506	128.418
228.446	403.046
251.189	153.492
242.92	450.938
256.578	144.687
264.471	95.5013
253.828	420.002
257.661	294.328
270.17	378.847
287.413	35.2979
291.703	50.7391
292.357	24.6011
287.483	398.271
287.32	374.405
287.32	374.405
296.778	392.402
303.378	270.342
413.138	224.855
413.138	224.855
436.005	47.2641
436.005	47.2641
467.819	392.717
481.97	22.9071
484.905	31.8743
485.708	124.529
476.752	388.407
483.076	386.695
488.091	257.7
488.091	257.7
500.181	139.448
507.532	143.016
509.15	73.3873
503.878	359.368
512.877	68.2957
513.505	140.088
522.264	326.133
528.391	100.648
531.834	81.8614
536.792	135.824
538.087	85.5465
535.097	395.07
544.883	349.264
557.878	320.896
560.753	361.553
566.344	395.867
572.467	256.52
576.698	188.465
578.78	11.3023
578.78	11.3023
571.82	450.918
571.82	450.918
584.397	144.283
588.701	213.481
590.358	222.131
595.02	123.8
600.565	202.447
601.39	184.269
601.862	190.814
601.602	114.261
601.32	342.258
600.172	418.98
613.745	90.0398
619.017	291.947
618.128	386.414
626.317	63.2051
632.999	445.693
636.107	392.046
643.3	158.109
646.444	241.346
646.444	241.346
654.875	293.622
663.795	280.167
666.516	287.193
670.626	139.41
666.467	439.23
679.804	143.859
677.465	305.306
677.465	305.306
687.265	187.765
700.132	132.307
709.175	75.7793
