15.5618	266.425
20.5244	441.951
23.0296	400.894
37.905	270.265
39.5307	370.361
46.1213	91.2854
49.9426	16.1272
46.1828	161.077
46.3418	220.669
46.3418	220.669
64.5472	41.6955
63.579	107.696
66.2918	117.025
74.6189	270.126
78.7451	251.789
79.5332	177.674
82.1873	297.006
97.1904	87.5954
96.1235	338.13
101.87	440.008
108.779	346.248
114.107	442.961
115.966	288.226
119.846	124.958
129.906	141.435
134.953	308.578
138.612	457.055
141.745	295.519
140.272	393.32
146.315	214.213
151.963	160.453
164.24	150.828
164.236	194.668
164.504	279.681
171.003	466.386
178.834	279.046
192.818	36.6046
205.952	164.023
211.27	56.3555
210.389	141.037
204.639	281.184
217.261	28.2625
218.098	82.2829
239.451	181.295
243.085	450.911
254.033	419.649
255.303	282.004
266.816	135.455
269.327	444.763
269.327	444.763
284.537	61.0849
285.344	54.0017
292.39	24.727
287.508	398.226
296.781	392.386
303.367	270.267
315.599	41.4674
315.353	354.624
412.7	225.62
412.7	225.62
436.015	47.2079
455.449	124.295
460.793	387.212
475.243	70.9308
468.146	392.749
484.854	31.6813
490.213	115.107
488.158	257.872
488.158	257.872
491.084	301.815
495.164	366.953
495.164	366.953
507.534	142.855
503.985	359.738
506.554	336.035
514.237	56.5881
517.781	89.3074
530.053	322.597
535.408	7.33537
534.928	395.057
541.455	109.022
544.697	349.99
548.555	124.426
552.295	456.726
566.723	396.427
571.483	202.57
574.19	200.336
576.729	188.485
578.049	11.0018
571.999	451.313
579.578	153.508
584.386	32.4795
588.569	-2.4219
589.343	444.602
597.412	117.949
596.445	280.676
599.23	151.12
600.484	202.567
600.226	419.227
602.62	342.65
613.616	89.9709
619.581	202.405
618.944	291.856
626.205	247.719
626.41	63.2573
632.813	308.233
636.054	133.126
632.97	445.738
638.178	393.198
643.784	143.784
654.58	413.329
663.931	280.121
666.569	287.212
670.804	139.485
675.785	-0.0297988
675.785	-0.0297988
666.634	439.355
675.431	156.206
677.452	305.189
677.452	305.189
689.714	106.712
700.264	47.7988
711.44	143.468
710.216	48.1734
16.1235	266.549
20.4227	441.953
23.0793	400.717
28.0093	202.35
37.7465	270.147
40.4118	371.208
46.0605	91.2805
49.9215	16.1097
46.4537	220.538
46.4537	220.538
66.3213	117.028
66.3213	117.028
78.5983	441.825
78.6458	251.903
79.5861	177.633
82.2694	297.059
95.2633	155.484
97.2291	87.5765
96.1531	338.087
104.43	277.556
108.827	346.221
114.114	442.973
115.974	288.269
119.882	124.947
124.826	447.744
128.86	201.302
129.943	141.481
135.077	308.429
138.6	457.065
141.686	295.584
140.289	393.262
141.858	364.43
146.361	214.021
151.894	160.399
164.158	150.833
164.529	279.72
178.921	279.077
192.9	36.4584
205.916	164.086
205.026	123.275
211.367	56.4477
210.386	141.02
204.908	281.186
217.092	28.2412
219.389	59.4499
239.501	181.244
250.565	237.426
248.472	278.951
254.029	419.636
264.378	421.209
269.505	444.716
269.505	444.716
284.587	61.1236
287.404	35.3519
287.482	398.248
305.026	44.9861
296.815	392.438
303.445	270.315
315.605	41.2443
315.379	354.702
403.906	56.6278
403.906	56.6278
412.421	225.279
412.421	225.279
440.921	67.396
460.799	387.23
475.181	71.036
468.137	392.826
481.9	22.7166
489.569	95.9412
490.124	115.012
488.093	257.693
488.093	257.693
494.997	367.099
494.997	367.099
499.261	304.081
499.261	304.081
507.598	142.596
504.08	359.694
512.939	68.3189
522.851	326.515
522.851	326.515
530.227	85.5794
532.286	18.8259
536.764	135.883
535.013	395.004
552.768	136.094
555.62	350.111
552.31	456.857
558.222	388.076
571.516	202.607
578.078	11.0277
572.007	451.411
579.562	153.499
579.562	153.499
584.363	32.4991
588.638	-2.38786
592.348	177.327
596.428	280.699
600.522	202.471
600.255	419.249
602.685	342.68
616.601	126.348
616.533	83.0727
619.038	291.984
616.424	472.383
623.442	94.7851
626.238	155.258
624.978	312.554
626.045	247.853
633.478	49.7435
632.978	445.772
644.881	202.922
637.944	393.126
656.873	301.167
654.478	413.233
663.328	106.617
663.328	106.617
667.915	174.886
663.864	280.171
666.516	287.27
675.71	0.039501
675.71	0.039501
666.763	439.422
677.425	305.154
685.939	154.549
699.921	54.0191
710.377	48.171
23.0499	400.25
23.5798	432.856
33.0387	279.326
37.7575	270.208
40.3139	370.749
41.747	445.517
45.786	91.3786
46.0541	161.285
46.0541	161.285
64.3882	41.7091
66.3694	117.099
78.7402	251.77
86.8999	315.661
92.6843	443.58
97.1801	87.5938
96.2198	337.962
104.355	277.661
106.017	209.468
108.896	346.068
113.061	94.7941
114.139	442.955
117.78	221.956
126.034	297.943
127.987	188.749
127.987	188.749
128.892	201.259
133.119	129.467
137.633	245.808
140.741	312.742
142.076	460.932
140.272	393.388
141.817	364.491
147.051	226.118
155.857	461.681
167.244	136.336
178.768	279.02
193.085	36.2536
205.967	164.053
204.99	123.179
211.345	56.3314
217.226	28.3139
219.206	59.3737
239.45	181.237
228.335	403.327
264.328	95.4187
255.385	281.824
255.385	281.824
257.622	294.304
269.52	444.717
270.009	378.909
271.082	400.983
284.738	61.3767
287.34	35.2942
292.444	24.9242
291.679	50.6665
282.211	387.73
287.531	398.247
303.525	270.36
315.3	354.583
412.79	224.614
412.79	224.614
435.972	47.2457
435.972	47.2457
460.723	387.273
460.723	387.273
481.937	22.932
484.794	31.4746
490.289	115.079
488.075	257.662
488.075	257.662
500.285	139.418
500.609	61.1008
507.582	142.588
509.191	73.4494
503.68	360.097
506.62	336.275
512.922	68.2766
514.343	333.316
538.127	85.5626
534.986	394.988
541.275	132.349
546.182	116.757
553.417	313.528
551.704	366.589
552.316	456.782
556.258	401.475
570.138	172.668
570.138	172.668
570.047	353.246
571.399	202.509
571.798	450.757
578.522	11.2173
578.522	11.2173
582.192	216.717
584.449	144.295
589.157	444.497
595.085	123.918
596.429	280.708
600.475	202.382
601.481	163.325
600.277	419.182
608.346	363.697
613.671	89.931
614.767	131.962
619.181	292.119
619.613	74.8509
617.945	386.324
626.01	247.835
632.69	308.214
632.985	445.699
635.883	392.177
644.901	202.878
654.832	293.653
656.616	301.289
654.754	413.094
663.826	280.149
666.477	287.254
675.701	0.0424737
675.701	0.0424737
666.934	439.38
687.578	187.519
699.719	132.354
699.899	92.4187
705.639	155.165
706.228	115.563
710.25	48.1658
15.8566	266.482
20.4818	441.897
23.0756	400.637
32.9436	279.358
40.2193	371.004
41.5841	445.625
46.0496	91.2318
46.4273	220.609
46.4273	220.609
51.3368	354.522
64.4292	41.7974
63.1314	237.244
78.7529	251.767
82.1672	297.026
89.0841	435.858
95.271	105.431
101.073	74.237
105.833	446.706
107.33	171.892
108.808	346.209
115.96	288.284
119.906	124.93
119.086	187.21
122.314	111.686
124.196	288.529
129.963	141.44
133.607	457.987
138.333	214.373
141.605	295.66
142.368	417.712
147.058	226.015
148.33	415.664
154.211	464.86
167.126	136.34
164.457	279.704
184.023	154.307
178.788	279.021
193.006	36.396
204.628	123.269
211.329	56.3997
205.463	281.178
218.093	82.2417
228.018	465.832
243.219	115.604
241.419	330.857
248.763	278.93
269.92	444.785
270.12	378.894
271.807	435.543
285.422	54.0608
287.314	35.3412
291.731	50.5616
281.957	436.77
287.36	398.284
287.361	374.374
287.361	374.374
296.772	392.371
303.43	270.335
315.467	41.3552
412.595	224.667
412.595	224.667
461.666	38.9736
468.218	53.0829
460.724	387.305
460.724	387.305
484.605	31.2099
488.118	257.751
488.118	257.751
495.186	366.937
495.186	366.937
502.677	112.682
503.767	116.711
507.571	142.716
509.175	73.3861
506.606	336.22
520.552	83.7234
521.757	337.064
522.669	326.495
522.569	397.991
535.781	80.5383
535.021	395.079
541.503	132.235
541.503	132.235
543.556	152.747
544.624	350.09
555.343	350.288
552.354	456.99
565.525	183.435
571.479	202.675
572.508	256.574
578.329	11.172
578.329	11.172
571.827	451.046
580.802	209.906
590.104	198.133
596.311	227.751
597.315	117.923
596.432	280.475
601.486	163.412
600.276	419.196
606.217	102.442
608.733	363.52
616.514	83.0857
619.149	292.086
618.165	386.625
632.696	308.243
635.682	70.6635
632.973	445.689
636.268	392.296
646.423	241.331
657.857	154.792
657.886	119.384
656.377	301.324
654.671	413.309
654.887	414.198
663.865	280.14
663.711	301.295
666.635	287.149
675.754	-0.0446808
666.163	439.168
692.979	143.618
692.979	143.618
699.974	92.5135
700.226	54.1036
705.028	138.657
15.936	266.495
20.453	441.991
22.9344	400.854
23.3262	432.88
33.3691	138.483
38.0116	270.263
40.3439	371.164
46.083	91.2588
46.4293	220.628
46.4293	220.628
51.3546	354.535
64.3169	41.784
63.0745	237.341
66.3779	117.053
66.3779	117.053
79.4377	177.792
82.1711	297.047
92.6206	443.638
92.6206	443.638
97.2117	87.5954
96.2086	338.021
102.047	326.245
104.313	277.717
119.082	187.152
122.292	111.694
122.716	455.175
127.856	189.054
127.856	189.054
137.007	290.961
137.675	245.737
141.985	461.034
141.703	295.588
141.801	364.515
147.325	170.678
167.133	136.345
178.895	279.103
193.083	36.3751
195.375	156.039
211.177	56.2999
210.289	140.882
210.289	140.882
217.232	28.2901
235.815	237.261
233.772	405.672
241.456	330.9
242.318	450.936
259.395	129.871
264.281	95.4196
268.464	73.6563
255.243	281.927
257.579	294.318
264.276	421.712
269.45	444.789
269.967	378.887
271.615	393.454
285.395	54.0602
287.4	35.3215
291.712	50.5561
282.226	387.675
281.97	436.214
287.226	374.284
287.226	374.284
303.589	270.312
412.486	224.617
412.486	224.617
436	47.3334
436	47.3334
448.833	98.168
448.833	98.168
468.208	52.9786
460.876	387.208
481.969	22.9366
484.613	31.001
477.749	388.374
488.104	257.773
488.104	257.773
491.151	302.299
495.966	343.911
507.51	142.841
509.083	73.3174
512.962	68.2897
514.293	333.462
532.046	81.74
529.989	322.736
535.047	395.127
541.442	108.97
544.709	122.154
547.87	143.603
560.742	361.687
560.206	375.949
569.717	190.438
566.459	396.105
572.502	256.5
574.24	200.559
578.465	11.222
578.465	11.222
571.881	450.942
571.881	450.942
580.534	194.677
585.226	163.502
589.308	444.511
600.743	202.529
601.618	342.397
616.488	83.0814
611.864	421.227
616.928	310.327
619.084	292.063
618.396	386.74
627.454	163.553
626.166	247.77
636.035	133.203
635.758	70.6539
638.546	139.99
632.903	445.632
636.413	392.527
643.697	272.734
652.086	193.427
654.599	413.347
663.975	280.085
675.754	-0.00285771
675.754	-0.00285771
666.416	287.28
670.887	132.651
666.323	439.199
679.888	143.853
677.499	305.196
677.499	305.196
675.376	439.359
686.146	154.57
700.22	92.4337
711.053	120.527
710.11	48.1712
