16.1785	266.597
20.5622	441.973
23.1767	400.391
37.6619	270.227
40.3921	371.113
41.7465	445.603
50.0105	16.2612
45.9061	161.397
46.5935	140.647
46.3973	220.624
46.3973	220.624
64.3491	41.712
63.4711	107.86
62.9556	160.521
78.6426	251.885
89.1924	58.0625
92.6403	443.628
96.1723	338.045
96.1723	338.045
99.4907	289.814
102.193	326.291
104.297	277.652
113.152	94.847
117.578	450.488
122.163	111.492
128.572	157.553
129.841	141.523
134.865	308.713
136.849	291.334
137.62	245.798
138.079	201.03
138.079	201.03
141.75	364.538
152.33	457.034
156.625	183.109
161.028	458.587
179.001	279.061
193.366	35.9613
193.366	35.9613
205.88	164.082
211.194	56.373
210.271	140.855
205.076	281.172
217.205	28.2783
219.232	59.4067
227.912	465.961
232.364	128.43
239.484	181.238
235.933	237.249
255.234	281.861
257.596	294.281
267.566	361.939
269.578	444.757
269.986	378.888
271.57	393.426
271.844	435.443
285.378	54.0499
292.317	24.6742
291.759	50.5315
292.945	169.833
287.428	398.221
303.393	270.333
411.36	225.776
411.36	225.776
451.343	107.798
461.599	38.7219
468.172	52.9235
468.314	392.754
481.964	22.738
477.305	388.546
485.765	124.79
488.134	257.855
492.896	45.6305
491.139	302.385
499.259	304.038
506.636	336.314
512.87	68.3025
515.83	75.0039
514.4	333.506
530.787	12.7949
532.442	18.7232
534.855	395.021
545.809	137.163
545.809	137.163
544.914	349.182
555.6	350.181
552.256	456.708
556.034	401.478
570.078	172.683
571.404	154.387
572.464	256.559
571.487	202.726
574.345	200.661
571.982	451.38
582.191	216.724
584.261	32.4006
588.182	-2.6585
588.711	213.459
600.273	419.2
601.478	342.516
608.497	306.665
616.557	83.1135
619.156	292.054
621.731	454.403
624.623	422.576
633.544	49.7512
632.931	445.702
642.256	188.545
642.256	188.545
643.024	116.974
643.024	116.974
646.427	241.473
646.427	241.473
654.754	293.654
654.612	413.329
663.895	280.119
671.004	139.509
675.805	-0.0154195
666.629	439.456
675.191	156.225
673.3	248.248
686.263	175.438
685.704	133.561
684.259	292.248
710.151	48.1644
20.566	442.016
27.7197	145.437
32.9771	279.378
37.5252	270.167
40.4954	371.039
46.3985	220.652
46.3985	220.652
51.5117	354.367
64.2904	41.7141
63.3667	107.85
62.8066	160.65
78.6677	251.919
82.103	297.02
89.2367	58.0909
95.0975	105.485
102.178	326.298
104.339	277.711
107.306	172.028
108.848	346.1
112.989	94.7386
114.103	442.972
117.573	450.493
122.239	111.607
124.115	288.753
128.926	453.738
128.157	188.47
129.829	141.51
137.631	245.764
138.368	214.377
139.022	157.123
144.452	304.376
147.012	226.229
148.285	415.724
155.905	461.599
178.857	279.032
193.244	36.1421
193.244	36.1421
205.988	164.023
210.312	140.934
205.228	281.204
217.256	28.2528
232.33	128.393
236.134	55.2679
239.479	181.264
239.652	59.3101
244.826	324.618
249.903	451.195
253.913	420.067
255.352	281.785
260.501	419.121
267.564	361.947
269.382	444.765
270.062	378.872
271.751	435.439
285.401	54.0499
291.747	50.5509
292.352	24.6713
287.43	398.247
296.771	392.408
303.305	270.309
315.209	41.3605
411.586	226.094
411.586	226.094
429.819	23.1857
429.819	23.1857
448.885	98.4159
461.542	38.6905
468.413	53.3269
460.809	387.291
475.228	71.1248
468.374	392.832
490.259	115.193
499.285	304.085
499.285	304.085
506.599	336.187
514.417	333.5
530.785	12.7994
532.49	18.6792
538.103	85.5659
534.888	395.066
540.924	74.4048
545.775	137.099
544.925	349.228
552.76	136.16
555.555	350.211
552.296	456.776
556.312	401.629
571.509	202.737
575.833	157.099
576.712	188.461
571.984	451.269
584.26	32.3883
586.982	186.002
588.086	-2.65274
588.672	213.482
591.623	467.219
601.76	190.899
601.426	107.353
601.701	342.627
608.531	306.603
612.145	421.159
616.564	126.28
616.535	83.0735
618.987	291.936
634.821	184.342
635.529	70.7153
632.971	445.755
638.064	393.133
646.399	241.451
646.399	241.451
654.822	293.662
656.308	301.348
654.489	413.23
663.835	280.147
670.818	132.678
675.74	-0.0271268
673.302	248.268
686.42	175.469
687.31	187.662
685.684	133.565
710.566	48.2139
20.5395	441.951
32.8318	279.316
37.6927	270.214
40.5281	371.034
50.0672	16.3111
45.9487	161.397
46.6197	140.614
46.3964	220.616
46.3964	220.616
64.3677	41.7411
78.6486	251.888
89.2286	58.1248
92.6662	443.569
95.2678	139.13
96.1568	338.121
96.1568	338.121
99.4399	289.749
104.351	277.647
107.284	172.05
113.113	94.7952
114.095	443.037
114.463	302.429
122.152	111.551
128.898	201.323
129.894	141.488
133.648	457.949
133.648	457.949
134.876	308.713
144.384	304.579
152.043	160.445
170.812	206.922
179.23	146.011
178.959	279.1
193.392	36.1229
193.392	36.1229
187.417	239.354
205.715	164.217
211.326	56.3987
205.254	281.201
217.268	28.4097
219.331	59.5416
232.32	128.319
239.478	181.238
255.209	281.891
258.782	451.294
257.642	294.26
260.506	419.087
269.234	444.776
269.234	444.776
285.386	54.0355
291.782	50.5594
292.399	24.7252
287.338	398.255
287.349	374.371
287.349	374.371
296.785	392.44
303.31	270.291
394.296	15.9533
411.469	226.014
411.469	226.014
451.384	107.89
461.563	38.5757
468.095	52.8626
460.803	387.293
481.93	22.783
477.409	388.521
490.156	115.179
492.822	45.5912
491.271	302.396
515.863	75.0319
514.428	333.512
530.771	12.7838
531.948	81.8085
532.517	18.6513
534.864	394.998
545.828	137.055
545.828	137.055
552.211	456.721
557.772	321.01
560.723	361.709
565.467	183.607
566.607	396.312
571.389	154.42
571.491	202.714
570.063	366.631
571.972	451.317
584.266	32.3898
588.226	-2.57505
588.704	213.473
590.705	152.072
589.377	444.572
595.066	123.892
601.658	342.539
606.315	102.452
608.517	306.621
617.138	283.285
619.064	292.038
627.674	199.6
633.541	49.8499
635.626	70.7181
632.978	445.787
642.31	188.482
636.499	392.514
638.209	393.201
646.4	241.404
654.571	293.764
654.592	413.345
663.81	280.182
675.733	0.0270826
666.826	439.397
675.354	156.271
673.328	248.286
687.237	187.691
685.565	133.622
684.363	292.343
689.628	106.796
20.4332	442.006
33.1015	279.339
37.7429	270.171
40.4175	371.038
41.7255	445.493
49.9243	16.0673
46.0238	161.229
46.2624	220.775
46.2624	220.775
64.4903	41.7965
63.4357	107.826
74.4797	270.083
78.6146	441.806
79.6752	177.69
82.1035	297.037
86.7826	315.562
95.3992	105.168
97.1671	87.6154
96.1767	338.106
101.074	74.2632
101.865	440.032
104.341	277.637
108.717	346.354
119.854	124.965
129.935	141.411
134.901	308.739
134.901	308.739
137.66	245.772
142.169	446.639
144.362	453.836
145.002	203.293
141.866	364.475
148.35	415.719
164.295	150.797
167.756	424.866
193.317	36.2151
185.402	235.751
185.189	270.393
195.367	156.036
205.988	164.067
211.235	56.3723
210.436	140.976
210.436	140.976
218.252	82.3767
227.914	465.91
239.449	181.286
255.307	281.928
271.598	393.378
273.066	466.588
284.515	61.0393
285.358	54.0083
287.309	35.3344
296.798	392.546
303.43	270.319
315.424	41.25
315.252	354.527
411.855	226.712
440.953	67.3568
451.379	107.897
461.732	38.7131
460.706	387.341
475.566	71.0603
468.162	392.793
481.985	23.0322
476.006	388.797
483.352	386.948
488.121	257.752
488.121	257.752
492.597	128.188
499.251	304.133
499.251	304.133
509.873	64.213
509.873	64.213
514.312	333.531
528.547	100.581
532.304	18.8687
536.371	121.162
544.673	350.017
548.128	320.845
555.491	350.154
552.283	456.752
556.318	401.597
565.514	183.283
568.907	3.4228
566.556	396.29
576.565	188.36
572.039	451.382
582.119	216.676
584.278	32.4417
584.304	351.358
588.662	-2.36423
588.575	238.821
601.521	163.403
600.215	419.267
614.72	132.003
614.72	132.003
617.045	310.266
618.557	253.494
620.03	388.345
626.218	304.6
633.601	49.8229
635.735	70.7878
632.87	445.546
635.776	392.125
643.474	159.781
646.415	241.45
654.804	293.634
658.235	119.402
664.054	280.015
675.744	0.00624499
666.518	287.224
666.538	439.176
675.266	156.23
686.299	175.387
674.768	439.235
699.718	53.9208
706.346	115.534
710.404	48.1933
20.5992	441.876
22.8466	400.586
33.1958	279.422
37.8441	270.193
40.1904	371.201
46.0161	91.2828
46.1211	161.102
46.2533	220.836
60.8932	130.153
64.4199	41.8082
63.3984	107.85
74.5042	270.023
79.5458	177.777
82.1651	297.063
92.9878	194.039
97.1894	87.6276
96.1087	338.174
101.854	440.009
102.079	326.281
104.367	277.567
105.834	446.64
108.689	346.337
119.856	124.948
125.936	298.083
128.915	201.244
129.885	141.467
138.036	201.105
141.635	295.697
144.361	453.847
141.774	364.656
147.306	170.659
152.367	456.911
167.883	424.947
184.026	154.303
178.863	279.114
193.243	36.2864
187.533	239.223
206.087	163.969
204.598	123.27
204.898	123.232
211.391	56.3543
217.226	28.2084
218.234	82.3613
227.944	465.969
239.473	181.264
248.646	278.958
255.281	281.93
257.576	294.311
269.645	444.743
271.535	393.394
271.834	435.48
284.651	61.1482
285.303	53.95
292.373	24.6505
289.178	409.984
303.431	270.302
315.426	41.1686
315.307	354.503
411.674	226.373
461.67	38.7956
468.249	53.329
460.702	387.344
468.165	392.801
481.903	22.8341
477.349	388.555
483.272	386.953
488.084	257.631
488.084	257.631
492.694	128.216
492.694	128.216
500.555	61.0722
499.295	304.235
499.295	304.235
512.94	68.3069
514.314	333.466
528.553	100.601
532.242	18.7732
535.842	80.558
534.959	395.045
548.486	124.423
548.181	320.772
555.493	350.152
555.493	350.152
552.286	456.774
568.835	3.43552
570.155	172.687
566.558	396.32
571.438	202.546
572.039	451.335
579.509	153.428
584.409	32.5287
584.276	351.354
588.455	-2.42648
588.638	238.861
589.301	444.605
597.484	118.127
596.427	280.665
599.329	151.185
601.409	107.317
600.375	419.223
601.432	342.464
616.521	83.0693
618.324	253.672
619.106	292.089
626.042	304.736
633.527	49.8115
637.085	153.962
632.839	445.552
635.979	392.26
644.923	202.87
658.061	154.744
654.785	293.701
656.694	301.374
654.628	413.348
663.303	106.684
663.303	106.684
663.798	280.201
666.67	287.119
675.803	-0.000824457
666.31	439.166
675.333	439.281
700.452	54.0466
706.326	155.214
710.145	48.21
