20.5179	441.911
32.9961	279.321
37.6574	270.186
40.4589	370.967
46.4699	220.548
61.1286	440.518
61.1286	440.518
64.4165	41.7145
62.77	160.635
78.6532	251.909
82.2673	297.067
89.1974	58.0194
95.261	139.185
95.261	139.185
96.1137	338.137
96.1137	338.137
99.4905	289.755
104.363	277.616
107.347	171.971
113.084	94.7824
126.104	297.752
129.935	141.462
133.65	457.984
133.65	457.984
137.68	245.729
138.369	214.368
144.364	304.536
147.017	226.197
179.182	146.011
179.431	157.766
178.856	279.051
193.384	36.0528
193.384	36.0528
191.597	136.705
205.947	164.009
211.213	56.3607
210.3	140.883
217.156	28.2964
227.665	57.084
232.261	128.396
239.488	181.228
235.882	237.264
253.95	420.056
255.249	281.842
255.249	281.842
257.637	294.289
260.502	419.088
267.562	361.945
269.536	444.66
270.072	378.866
271.728	435.518
285.441	54.0774
291.764	50.4997
298.058	8.53483
298.058	8.53483
287.42	398.262
296.787	392.375
303.399	270.348
411.449	225.797
411.449	225.797
448.837	98.3028
461.504	38.611
468.126	52.8683
460.809	387.28
475.376	70.9604
481.988	22.904
477.371	388.514
489.521	95.9582
488.108	257.742
499.231	303.969
499.231	303.969
506.436	299.484
517.316	79.7645
517.316	79.7645
528.144	100.785
535.484	7.15916
535.04	395.007
543.658	152.812
546.036	91.6269
544.936	349.17
555.581	350.18
552.214	456.784
557.72	320.967
556.22	401.469
568.91	3.50066
571.425	154.325
571.505	202.685
572.016	451.372
584.267	32.3886
587.905	-2.72401
588.699	213.458
590.719	152.051
591.557	467.175
601.465	107.398
601.707	342.539
616.556	126.322
616.533	83.0469
619.051	291.998
627.666	199.65
626.006	304.713
634.894	184.36
635.62	70.6456
632.949	445.769
637.97	393.148
646.383	241.508
646.383	241.508
654.625	293.738
654.635	413.298
663.767	280.171
663.712	301.318
675.738	-0.00224471
666.554	439.384
675.261	164.118
673.336	248.284
678.586	127.123
687.138	187.734
685.639	133.657
710.189	48.2137
20.4256	441.994
27.6666	145.484
32.7938	279.29
33.3452	138.528
37.7775	270.159
40.4553	371.152
46.7329	140.587
46.4041	220.715
46.4041	220.715
61.2151	130.442
64.35	41.7304
62.7911	160.673
78.5652	441.851
78.6717	251.829
82.2225	297.04
89.2227	58.0985
96.1314	338.111
96.1314	338.111
104.315	277.673
107.308	172.038
113.009	94.703
115.951	288.29
117.593	450.512
122.268	111.647
124.79	447.811
126.01	297.96
137.73	245.721
144.412	304.544
146.207	214.448
146.207	214.448
161	458.55
166.846	136.473
179.052	145.94
179.429	157.768
178.802	279.043
193.339	36.0968
193.339	36.0968
205.88	164.202
211.294	56.257
205.483	281.221
217.235	28.2536
219.181	59.3778
239.496	181.243
243.093	115.601
235.771	237.239
255.283	281.856
257.644	294.249
260.498	419.075
264.696	465.929
273.596	134.448
267.573	361.943
269.294	444.727
269.294	444.727
270.014	378.883
285.508	54.1279
291.739	50.558
292.403	24.718
287.397	398.23
289.377	410.286
303.406	270.343
315.627	41.3574
411.461	225.936
411.461	225.936
451.371	107.965
451.371	107.965
461.545	38.7762
468.164	52.8009
475.407	71.056
468.138	392.421
482.029	22.9874
477.149	388.558
483.476	386.864
488.12	257.709
499.266	304.082
499.266	304.082
506.625	336.217
517.428	79.5406
532.463	18.6654
535.411	7.40404
534.836	395.084
540.881	74.3141
544.951	349.131
548.572	124.522
552.758	136.122
555.613	350.175
552.316	456.77
557.804	321.009
566.59	396.212
571.405	154.453
572.47	256.562
571.487	202.685
574.382	200.675
575.832	157.077
572.054	451.513
584.257	32.3833
588.719	213.5
589.912	134.078
596.483	227.771
596.417	280.737
601.448	107.402
601.764	342.485
606.227	252.021
608.506	306.647
615.726	471.768
619.099	292.03
624.828	422.67
632.902	445.692
642.786	158.74
642.786	158.74
638.078	393.133
642.844	81.3764
642.844	81.3764
656.644	301.347
656.644	301.347
654.57	413.255
663.893	280.146
671.076	139.544
675.773	0.0135562
666.564	439.502
675.186	156.271
673.271	248.229
686.051	154.618
685.869	133.562
20.4336	442.054
32.842	279.281
37.5165	270.138
41.7816	445.489
46.4136	220.591
46.4136	220.591
61.1776	440.471
61.1776	440.471
64.3503	41.7509
63.6275	107.633
65.3833	282.382
78.6603	251.891
89.2034	58.0288
95.2809	105.234
95.3053	155.347
96.1272	338.087
96.1272	338.087
99.497	289.798
101.986	326.194
107.305	172.02
113.057	94.7514
124.795	447.78
124.082	288.797
127.998	188.735
129.865	141.476
137.633	245.762
142.172	446.645
144.426	304.514
147.021	226.199
164.103	194.769
166.852	136.386
179.44	157.753
178.786	279.071
193.411	36.0159
193.411	36.0159
205.97	164.02
211.207	56.3133
210.379	140.961
217.096	28.263
213.519	330.872
219.31	59.4789
239.468	181.288
250.082	451.203
259.382	129.885
255.341	281.802
257.634	294.277
260.496	419.077
264.685	465.885
269.576	444.731
270.166	378.878
271.708	435.44
285.405	54.0618
292.255	24.6524
291.769	50.561
287.405	398.233
287.366	374.377
296.758	392.457
303.376	270.325
315.159	41.4268
411.515	225.995
411.515	225.995
461.583	38.8187
468.101	52.8402
460.823	387.278
475.223	71.058
482.024	22.9282
477.358	388.536
485.726	124.562
490.201	115.196
481.551	387.533
491.224	302.169
506.61	336.286
515.869	74.9863
517.347	79.7088
514.36	333.553
525.817	96.6829
535.404	7.42781
535.019	395.147
543.599	152.767
545.745	137.162
552.336	456.96
556.12	401.389
560.38	375.893
569.001	3.51437
571.406	154.39
571.485	202.663
572.464	256.596
569.988	366.777
574.307	200.566
571.938	451.29
580.635	209.913
584.204	32.3657
588.211	-2.5985
588.698	213.476
590.689	152.018
591.609	467.177
600.227	419.258
601.625	342.525
606.257	252.02
606.405	102.668
616.585	126.339
617.116	283.284
618.679	57.2933
619.039	291.91
632.715	308.218
635.584	70.6844
632.99	445.789
642.432	159.02
638.022	393.125
656.518	301.344
654.549	413.229
663.914	280.111
675.762	-0.0104437
666.586	439.459
673.293	248.216
677.319	305.048
686.431	175.446
687.14	187.757
685.701	133.6
689.763	106.756
710.522	48.1555
20.62	441.907
23.2515	400.237
33.0006	279.379
37.5662	270.149
40.377	371.198
41.7473	445.544
49.9998	16.2252
46.7144	140.621
46.3742	220.641
64.3875	41.7701
63.5333	107.779
62.7785	160.654
78.5487	441.893
78.6513	251.906
89.2112	58.0664
96.2163	338.047
96.2163	338.047
99.5441	289.838
100.916	74.2046
102.037	326.186
104.333	277.639
107.338	172.043
108.693	221.452
114.109	442.992
122.164	111.565
123.479	228.331
129.845	141.499
137.68	245.645
138.381	214.475
144.396	304.576
152.365	456.962
152.034	160.411
155.864	461.599
179.43	157.771
178.983	279.053
180.089	330.584
193.257	36.1403
193.257	36.1403
206.018	164.03
211.209	56.367
205.092	281.221
217.113	28.237
219.394	59.4746
239.498	181.238
235.822	237.23
249.999	451.268
253.853	419.887
255.342	281.811
257.643	294.327
260.507	419.097
264.709	465.889
273.652	134.798
267.57	361.944
269.295	444.722
274.614	396.377
285.392	54.0436
292.317	24.5771
291.761	50.5484
287.464	398.256
303.366	270.302
315.276	41.3623
411.447	225.949
411.447	225.949
429.82	23.1423
429.82	23.1423
448.871	98.3042
448.871	98.3042
461.549	38.616
468.129	52.7358
460.814	387.278
475.461	71.041
477.281	388.555
488.109	257.743
499.292	304.14
499.292	304.14
506.615	336.235
512.924	68.2949
514.407	333.566
525.75	96.7808
530.786	12.7863
531.931	81.8003
534.813	395.026
543.531	152.693
544.908	349.241
552.805	136.186
552.209	456.868
556.157	401.361
560.322	375.966
569.098	3.46742
571.378	154.364
572.467	256.58
571.516	202.676
574.4	200.747
572.005	451.414
584.256	32.3754
588.22	-2.60877
588.713	213.507
590.69	152.05
589.402	444.589
600.196	419.297
601.72	342.46
607.216	192.778
608.54	306.66
611.325	137.031
611.325	137.031
608.519	363.5
616.601	83.1123
618.967	291.901
632.933	445.721
642.217	188.534
642.812	81.4005
646.414	241.379
646.414	241.379
654.663	293.734
656.608	301.292
654.721	413.412
663.894	280.089
670.873	139.497
675.813	-0.0611271
666.765	439.411
673.378	248.335
687.183	187.687
685.567	133.584
691.893	158.273
700.57	54.279
710.529	48.207
16.1785	266.597
20.5622	441.973
23.1767	400.391
37.6619	270.227
40.3921	371.113
41.7465	445.603
50.0105	16.2612
45.9061	161.397
46.5935	140.647
46.3973	220.624
46.3973	220.624
64.3491	41.712
63.4711	107.86
62.9556	160.521
78.6426	251.885
89.1924	58.0625
92.6403	443.628
96.1723	338.045
96.1723	338.045
99.4907	289.814
102.193	326.291
104.297	277.652
113.152	94.847
117.578	450.488
122.163	111.492
128.572	157.553
129.841	141.523
134.865	308.713
136.849	291.334
137.62	245.798
138.079	201.03
138.079	201.03
141.75	364.538
152.33	457.034
156.625	183.109
161.028	458.587
179.001	279.061
193.366	35.9613
193.366	35.9613
205.88	164.082
211.194	56.373
210.271	140.855
205.076	281.172
217.205	28.2783
219.232	59.4067
227.912	465.961
232.364	128.43
239.484	181.238
235.933	237.249
255.234	281.861
257.596	294.281
267.566	361.939
269.578	444.757
269.986	378.888
271.57	393.426
271.844	435.443
285.378	54.0499
292.317	24.6742
291.759	50.5315
292.945	169.833
287.428	398.221
303.393	270.333
411.36	225.776
411.36	225.776
451.343	107.798
461.599	38.7219
468.172	52.9235
468.314	392.754
481.964	22.738
477.305	388.546
485.765	124.79
488.134	257.855
492.896	45.6305
491.139	302.385
499.259	304.038
506.636	336.314
512.87	68.3025
515.83	75.0039
514.4	333.506
530.787	12.7949
532.442	18.7232
534.855	395.021
545.809	137.163
545.809	137.163
544.914	349.182
555.6	350.181
552.256	456.708
556.034	401.478
570.078	172.683
571.404	154.387
572.464	256.559
571.487	202.726
574.345	200.661
571.982	451.38
582.191	216.724
584.261	32.4006
588.182	-2.6585
588.711	213.459
600.273	419.2
601.478	342.516
608.497	306.665
616.557	83.1135
619.156	292.054
621.731	454.403
624.623	422.576
633.544	49.7512
632.931	445.702
642.256	188.545
642.256	188.545
643.024	116.974
643.024	116.974
646.427	241.473
646.427	241.473
654.754	293.654
654.612	413.329
663.895	280.119
671.004	139.509
675.805	-0.0154195
666.629	439.456
675.191	156.225
673.3	248.248
686.263	175.438
685.704	133.561
684.259	292.248
710.151	48.1644
