20.526	441.916
23.0688	400.582
33.1094	279.395
37.7647	270.241
40.3845	371.03
46.0249	91.3591
49.7008	15.9002
45.9923	161.309
46.4071	220.645
50.8838	270.048
64.4344	41.7933
63.5878	107.698
61.1742	440.441
70.2961	370.009
70.2961	370.009
74.5334	270.23
78.6133	441.829
81.9755	161.839
86.8598	315.612
86.8598	315.612
92.9409	194.062
97.2018	87.5805
113.124	94.7373
119.83	124.949
122.302	111.626
121.243	210.785
128.673	157.351
134.959	308.526
136.009	450.303
136.927	291.089
144.937	203.407
144.347	453.859
141.796	364.673
164.337	150.778
178.837	279.02
187.461	239.315
205.886	164.1
211.327	56.4263
232.26	128.183
245.201	68.4411
250.668	237.377
259.271	129.824
257.595	294.335
257.595	294.335
260.517	419.091
270.042	444.774
284.635	61.2963
287.355	35.3305
273.102	466.533
291.837	50.4671
282.17	387.768
296.767	392.401
303.451	270.347
315.581	41.2904
315.254	354.645
315.668	346.573
413.248	228.743
475.531	71.1033
468.309	392.815
481.995	22.9738
484.692	31.4238
476.437	388.78
492.702	45.2584
488.079	257.636
488.079	257.636
482.683	387.208
491.084	301.853
500.225	139.445
502.685	112.717
499.292	304.248
507.573	142.758
501.588	361.803
501.588	361.803
512.905	68.2534
520.523	83.67
523.358	38.5483
532.412	18.5939
540.127	162.761
546.417	116.951
548.482	124.442
548.422	158.386
548.113	320.81
553.747	305.583
552.34	456.869
556.013	401.357
571.464	202.505
566.457	396.406
572.093	451.524
584.127	32.3442
584.426	144.259
588.673	238.879
594.979	42.3361
595.047	123.838
589.428	444.681
598.648	236.869
601.619	163.541
604.808	258.021
606.211	102.391
601.39	342.432
600.697	419.436
606.007	271.906
619.07	291.957
617.833	386.368
625.086	312.641
633.375	49.6866
633.375	49.6866
632.938	445.717
658.216	154.76
654.601	293.763
654.699	413.236
663.929	280.107
663.523	301.544
675.691	0.0128332
666.404	439.152
680.886	119.445
688.173	22.0772
686.325	175.358
684.345	292.453
700.045	92.3883
705.325	138.625
710.182	48.1523
20.4759	441.986
33.0175	279.299
37.7412	270.173
45.1324	36.1588
45.1324	36.1588
40.2187	371.12
49.6344	15.8419
46.0955	161.234
46.3665	220.7
51.3301	354.445
54.8047	125.274
64.3863	41.8027
61.0066	130.287
74.5693	270.227
78.624	251.947
86.9305	315.663
86.9305	315.663
97.2406	87.6112
101.029	74.296
101.837	440.022
106.702	157.845
108.677	221.455
108.872	346.098
114.11	443
119.964	124.898
137.016	290.895
145.033	203.239
144.409	304.57
144.383	453.851
140.142	393.288
151.921	160.356
151.103	432.526
164.125	150.849
169.868	136.58
164.592	279.731
178.768	279.029
185.33	235.852
211.303	56.3812
210.558	141.298
217.2	28.2375
232.248	128.29
243.234	115.609
241.924	330.493
244.841	324.646
268.917	73.2959
253.986	420.009
255.247	281.882
255.247	281.882
260.503	419.038
269.401	444.832
269.401	444.832
269.791	378.91
285.374	54.0413
287.336	35.2922
291.74	50.6194
292.934	169.634
297.918	8.38568
287.398	398.264
296.779	392.397
303.406	270.327
412.986	228.086
412.986	228.086
460.907	387.327
460.907	387.327
468.269	392.875
481.892	22.7402
492.422	103.205
492.76	45.2353
488.103	257.778
492.667	128.198
491.19	302.123
507.507	142.983
508.036	61.4327
512.877	68.2568
523.264	38.5131
525.84	96.639
521.746	337.185
532.238	18.7465
536.682	121.038
540.795	74.0388
534.821	395.064
553.489	313.534
551.777	366.539
552.206	456.782
560.633	179.024
571.428	202.652
566.74	396.685
570.016	353.31
574.799	163.331
572.26	451.7
580.658	194.841
584.195	32.437
584.134	351.303
583.224	274.535
588.386	238.728
590.515	222.013
594.975	123.769
589.451	444.662
597.477	118.066
596.411	280.695
600.331	419.392
609.312	144.645
617.027	310.338
617.347	385.843
626.449	63.1999
626.449	63.1999
626.258	304.549
632.845	445.678
637.768	393.129
653.808	160.237
657.64	154.728
663.924	280.137
675.781	-0.0152883
666.541	287.233
675.241	156.2
666.633	439.362
681.073	119.484
683.675	99.7962
677.473	305.427
677.473	305.427
699.976	92.4544
16.1281	266.605
20.5052	441.924
23.0852	400.393
27.9942	145.098
37.8992	270.327
40.5002	370.911
41.7166	445.514
46.0489	161.289
46.3561	220.765
54.9227	125.289
64.3434	41.6454
63.1255	237.184
63.1255	237.184
78.5622	441.863
86.2824	85.5266
82.3137	331.176
86.8762	315.605
95.4528	139.017
97.1959	87.6095
99.3668	289.705
101.789	440.111
108.788	221.283
108.879	346.109
119.049	187.216
122.323	111.751
125.935	298.122
133.1	129.482
136.95	291.019
138.346	214.344
142.015	461.017
144.976	203.357
144.358	453.97
141.748	364.593
151.965	160.382
164.232	150.832
164.499	279.694
178.763	279.079
205.832	164.196
211.286	56.3548
210.247	140.771
217.218	28.3248
215.416	133.393
219.126	59.3718
235.929	237.183
241.541	330.835
255.368	281.861
255.368	281.861
257.65	294.257
261.431	361.235
273.747	134.995
269.527	378.945
271.69	393.325
284.545	61.0256
285.355	53.9886
287.392	35.3312
274.531	396.394
312.384	340.123
412.834	227.158
461.805	38.7669
468.459	53.0394
460.834	387.337
468.248	392.738
484.622	31.0153
477.851	388.448
489.706	96.2437
490.309	115.15
491.128	301.896
492.012	343.735
499.324	304.338
509.282	73.475
512.861	68.2885
513.552	140.156
517.88	89.3227
521.778	337.192
527.022	341.476
541.442	132.246
535.158	395.139
548.087	320.701
555.45	350.204
552.247	456.777
566.284	396.007
571.424	202.713
578.936	11.4942
578.936	11.4942
572.095	451.305
579.422	153.376
579.422	153.376
582.147	216.742
584.407	144.186
588.352	238.654
594.996	123.752
595.379	42.9718
597.418	118.008
600.578	202.527
601.445	342.484
600.331	419.296
609.261	144.685
617.057	310.202
618.45	253.589
618.416	386.762
626.371	63.2152
626.371	63.2152
619.474	459.972
625.99	304.765
632.992	445.728
635.919	392.319
643.62	272.72
654.75	293.672
663.898	280.132
675.819	-0.127973
675.819	-0.127973
666.555	287.23
673.819	92.9599
673.819	92.9599
678.612	127.029
677.594	305.506
687.481	187.57
695.644	99.9522
706.152	155.118
15.7785	266.437
20.3813	442.047
23.003	400.549
37.4872	270.12
40.1973	371.016
46.1535	91.2073
49.623	15.8579
46.3702	220.65
51.0607	354.877
54.8794	125.373
78.4495	64.4363
78.5835	441.874
78.7121	251.821
79.6562	177.482
82.2561	297.063
86.8098	315.661
97.1711	87.6326
104.34	277.742
106.56	158.164
105.81	446.642
108.913	346.028
119.911	124.865
121.314	210.794
124.798	447.8
126.027	297.949
133.031	129.537
137.013	290.89
137.657	245.757
138.398	214.363
142.13	446.731
147.038	225.985
164.193	150.848
167.012	136.377
179.014	279.111
195.329	156.014
204.244	106.833
205.844	164.132
205.04	123.194
210.225	140.852
217.153	28.2674
236.166	55.1936
235.825	237.186
233.752	405.659
255.337	281.884
257.654	294.331
257.654	294.331
267.543	361.945
269.667	444.757
269.95	378.874
271.676	393.344
271.661	435.509
284.745	61.2712
285.291	53.9676
287.336	35.3025
291.532	51.0359
282.172	387.718
287.392	398.255
287.317	374.349
287.317	374.349
315.399	41.4686
412.876	226.509
412.876	226.509
451.366	107.9
451.366	107.9
461.889	38.7425
460.89	387.348
482.012	23.0162
476.553	388.734
488.09	257.66
488.09	257.66
492.771	45.3208
491.083	302.163
507.528	142.842
509.278	73.3819
506.652	336.399
517.779	89.409
520.556	83.7208
522.554	326.561
522.554	326.561
536.603	121.092
536.795	135.635
555.484	350.214
552.365	456.856
560.453	375.857
568.607	3.22615
570.047	172.641
571.438	202.716
573.161	257.954
579.168	11.6301
571.875	450.922
579.398	153.326
582.13	216.697
595.224	42.6397
590.252	445.047
596.428	280.647
591.718	467.27
600.751	202.543
602.516	342.724
600.311	419.322
611.222	136.904
614.784	131.977
617.005	310.314
618.45	253.582
619.737	74.9122
618.598	386.973
632.717	308.185
643.928	159.685
644.897	202.879
636.13	392.415
642.703	81.2891
653.694	160.319
654.734	293.723
654.573	413.301
663.916	280.105
663.488	301.514
666.594	287.157
666.273	439.219
675.392	156.223
687.82	187.389
676.202	439.804
697.422	118.555
711.128	120.543
710.264	48.1817
23.0734	400.307
23.467	432.99
27.965	202.321
33.0456	279.332
37.8046	270.236
41.8534	445.639
45.7126	91.5227
49.6833	15.8047
46.4445	220.637
63.6176	107.67
65.4056	282.405
66.3101	117.076
78.397	64.5034
74.482	270.048
82.1719	297.046
89.1098	435.799
92.7028	443.564
95.3064	155.325
97.2265	87.5877
101.974	326.273
108.891	221.206
108.819	346.235
119.126	187.101
127.809	189.208
127.809	189.208
128.905	157.077
133.183	129.487
137.679	245.774
141.709	295.619
140.173	393.334
155.84	461.703
156.37	468.633
167.067	136.378
184.14	154.447
204.675	123.301
204.931	123.212
211.273	56.3905
210.273	140.928
217.153	28.2781
204.762	281.231
235.908	237.251
242.426	450.9
255.303	281.823
257.619	294.278
257.619	294.278
259.189	451.298
260.581	418.992
260.581	418.992
269.838	378.914
285.41	54.0527
287.374	35.2942
291.793	50.5699
282	436.219
287.395	398.261
287.352	374.306
287.352	374.306
296.784	392.421
303.467	270.347
315.379	41.4106
412.756	225.435
412.756	225.435
435.993	47.4578
435.993	47.4578
448.843	98.1421
460.945	387.313
468.213	392.842
484.785	31.6127
477.338	388.588
492.737	45.2296
488.134	257.766
503.717	116.798
507.506	142.877
503.81	360.123
506.672	336.361
512.874	68.2786
514.315	333.596
520.506	83.7361
521.777	337.187
528.526	100.616
532.476	18.641
532.476	18.641
536.355	121.191
540.853	74.1946
539.891	162.507
535.039	395.112
544.642	350.131
544.875	349.289
548.639	158.651
556.323	401.58
571.374	202.722
573.101	258.168
571.851	450.881
571.851	450.881
582.191	216.722
583.517	274.375
591.869	235.357
594.664	172.58
595.211	42.6805
597.327	117.932
596.434	280.597
591.628	467.177
601.385	342.474
619.557	202.405
611.975	421.291
611.975	421.291
618.395	253.593
618.749	387.121
623.376	94.6344
624.581	84.4441
619.402	459.928
626.362	63.2166
625.994	304.767
632.865	308.16
653.88	160.245
654.71	413.278
654.946	414.207
663.874	280.135
663.373	301.599
666.604	287.157
666.334	439.158
675.31	156.177
677.581	305.522
685.9	175.327
718.563	107.901
718.563	107.901
