20.5237	441.991
32.7309	279.299
37.8068	270.249
40.3789	371.044
49.8845	16.1208
46.2796	220.781
63.3599	107.884
66.1367	117.012
78.7058	251.844
82.0233	296.975
86.8282	315.649
92.1426	264.755
97.1797	87.6189
95.3274	155.303
96.1319	338.075
101.069	74.317
101.822	440.05
107.281	171.979
108.799	221.406
114.106	443.008
126.018	297.992
129.908	141.483
128.904	201.184
132.978	129.381
141.634	295.648
142.408	417.518
140.316	393.238
147.013	226.123
141.797	364.579
150.173	450.312
151.044	432.591
164.146	150.841
166.801	136.363
164.516	279.646
164.516	279.646
193.327	35.9804
195.214	156.052
195.214	156.052
204.746	123.371
211.347	56.3713
217.166	28.2481
219.297	59.4646
232.298	128.229
228.012	465.903
235.831	237.185
233.76	405.685
241.172	330.695
248.762	278.936
250.463	451.25
254.001	419.903
269.582	444.738
271.654	393.394
271.85	435.333
285.342	54.0049
287.361	35.3158
274.48	396.455
291.806	50.481
297.994	8.43475
287.333	374.196
303.43	270.316
312.384	340.157
414.386	230.523
414.386	230.523
440.973	67.5068
442.534	73.9352
468.317	392.388
482.004	23.0304
490.339	115.243
488.107	257.609
488.107	257.609
492.719	128.278
491.2	302.005
496.106	344.336
495.294	367.134
499.283	304.17
517.408	79.6823
526.959	12.335
530.379	85.9094
522.34	398.074
532.321	18.7482
535.085	395.174
545.763	137.09
545.763	137.09
548.191	320.838
553.784	305.598
555.528	350.196
552.396	456.931
558.285	388.217
571.494	202.681
574.908	163.42
576.585	188.437
572.157	451.728
582.163	216.668
589.122	-2.18785
601.472	107.361
601.441	342.529
606.159	252.014
600.341	419.455
612.563	183.497
617.001	310.31
619.842	388.149
633.706	49.9109
633.706	49.9109
632.786	308.155
635.874	133.229
632.635	445.496
643.742	159.71
645.037	202.908
635.688	392.269
643.364	272.786
654.843	293.615
656.634	301.278
654.918	413.449
667.661	174.914
663.943	280.126
675.711	0.0561881
666.588	287.177
666.529	439.353
682.775	99.8814
689.547	106.754
691.668	158.352
700.137	92.4804
709.855	48.1664
15.7264	266.479
22.1444	400.222
33.1668	279.29
33.1116	138.855
49.8304	16.0821
46.0803	161.203
46.2604	220.807
46.2604	220.807
61.3364	440.16
63.2533	236.984
66.2465	116.999
78.6986	251.832
82.1566	297.104
82.3716	331.036
82.3716	331.036
86.8454	315.61
95.382	105.126
97.1412	87.6465
95.3095	155.293
101.037	74.2936
101.817	440.094
119.849	124.972
122.291	111.671
126.01	297.948
128.884	201.23
137.71	245.673
141.718	295.543
142.119	446.677
142.383	417.483
140.331	393.226
150.246	450.283
164.109	150.811
170.874	206.9
179.444	157.771
178.811	279.062
193.276	36.0422
195.218	156.001
195.218	156.001
204.756	123.425
211.24	56.3704
217.125	28.2122
232.218	128.077
233.751	405.633
233.751	405.633
241.216	330.739
244.669	324.662
248.774	278.964
268.976	73.4675
269.493	444.736
285.437	54.0687
287.391	35.3409
291.837	50.4834
282.202	387.735
296.775	392.438
303.415	270.329
315.515	41.2327
312.371	340.221
315.34	354.621
414.265	230.249
414.265	230.249
435.955	47.2052
440.972	67.4433
451.395	107.933
460.959	387.426
468.312	392.434
484.595	31.2636
492.442	103.322
496.07	344.339
499.236	303.974
499.236	303.974
514.358	333.722
520.493	83.7267
522.382	398.093
538.076	85.6605
546.347	116.974
544.874	349.337
552.789	136.195
553.789	305.58
555.56	350.168
552.382	457.037
568.918	3.36193
571.492	202.628
567.049	397.215
575.868	157.004
578.532	11.0703
576.576	188.425
582.137	216.693
588.918	-2.2345
589.424	444.744
596.395	280.575
599.348	151.219
601.625	342.482
600.308	419.367
611.39	137.151
611.39	137.151
617.033	310.252
615.69	471.799
619.628	388.053
627.456	163.587
626.414	63.2451
625.034	312.661
645.184	202.89
635.886	392.354
642.723	81.3277
643.319	272.792
657.921	154.789
654.668	293.699
656.322	301.328
654.951	413.581
663.799	280.216
675.775	-0.00264968
675.775	-0.00264968
666.652	287.147
666.65	439.334
678.717	127.108
679.829	143.87
689.619	106.728
699.982	92.4135
709.899	48.1495
15.8571	266.516
20.4722	441.99
22.2724	400.017
33.2372	279.38
39.6408	370.203
49.9257	16.0991
46.1121	161.19
46.2334	220.797
51.4036	354.396
61.339	440.147
63.4848	107.799
63.2093	237.03
78.699	251.848
82.0955	297.045
86.8633	315.641
97.1507	87.6271
95.2909	155.282
101.042	74.2992
101.821	440.069
108.618	107.122
108.848	346.143
119.848	124.984
122.247	111.578
129.951	141.441
135.034	308.433
138.144	200.883
137.576	245.719
142.138	446.674
142.336	417.483
140.266	393.247
141.703	364.708
150.228	450.314
170.782	206.896
179.441	157.793
178.917	279.065
180.061	330.544
193.326	36.0067
195.238	156.044
195.238	156.044
204.715	123.353
211.339	56.3427
217.156	28.2609
227.654	57.2246
227.93	465.901
243.225	115.588
235.813	237.196
233.739	405.659
241.159	330.747
244.661	324.725
242.762	450.945
248.656	278.946
253.967	419.839
273.735	135
269.434	444.786
271.649	393.381
271.783	435.584
284.663	61.2161
287.408	35.3536
291.839	50.4824
282.29	387.743
303.458	270.325
315.532	41.209
312.365	340.264
315.358	354.58
414.235	230.207
414.235	230.207
440.928	67.2867
451.424	108.035
475.22	71.0975
481.849	22.8233
485.661	124.628
488.111	257.733
488.111	257.733
483.07	387.14
496.137	344.349
499.256	304.069
499.256	304.069
506.638	336.343
530.372	85.9056
522.417	398.068
532.329	18.7667
538.106	85.6688
545.716	137.152
546.31	116.899
553.794	305.592
552.36	457.002
558.231	388.215
571.459	202.65
566.954	397.02
570.327	352.996
575.752	156.983
578.499	11.0719
576.588	188.428
572.072	451.674
588.713	-2.24467
590.543	222.018
596.39	280.58
601.579	342.481
609.539	145.116
617.012	310.302
619.768	388.089
632.786	308.23
635.724	70.5072
638.529	140.011
638.529	140.011
643.759	159.743
645.139	202.911
635.858	392.344
642.881	81.5054
643.323	272.753
654.622	293.721
654.911	413.415
663.976	280.095
675.73	0.0203298
666.536	287.218
666.611	439.393
675.351	164.097
671.543	293.969
678.691	107.44
679.788	143.873
689.633	106.691
700.197	92.4738
699.887	54.0526
20.5232	441.979
32.9399	279.302
37.7771	270.226
49.9652	16.1413
46.0005	161.318
46.2293	220.817
46.2293	220.817
63.5293	107.717
63.2107	237.007
66.1585	117.035
78.7095	251.805
82.0831	297.055
86.8821	315.64
97.1731	87.6143
95.3662	155.244
94.944	329.882
96.1523	338.052
101.068	74.2916
101.844	440.032
114.112	442.996
122.201	111.62
128.897	201.281
137.631	245.776
141.732	295.507
142.113	446.712
142.459	417.459
140.378	393.189
147.028	226.03
150.277	450.225
164.169	150.795
166.658	136.4
179.43	157.782
178.926	279.058
179.836	330.356
193.333	36.1721
195.277	156.003
195.277	156.003
204.75	123.355
211.201	56.3895
217.109	28.2515
222.061	236.682
228.048	465.903
243.196	115.617
236.016	237.2
233.751	405.626
233.751	405.626
241.202	330.727
248.735	278.962
269.072	73.3246
273.799	135.176
269.687	444.759
271.717	435.588
285.416	54.0218
287.34	35.3256
274.479	396.396
274.479	396.396
291.882	50.4385
303.368	270.3
315.528	41.1646
312.4	340.036
315.438	354.567
414.245	230.135
414.245	230.135
435.99	47.2149
435.99	47.2149
489.509	96.0242
490.402	115.293
488.128	257.742
488.128	257.742
483.162	387.118
491.211	302.194
496.113	344.353
499.276	304.099
507.548	142.88
517.416	79.6921
522.902	326.672
522.902	326.672
522.496	398.043
535.401	36.1282
538.116	85.6085
535.087	395.157
545.737	137.085
548.478	124.468
548.788	158.806
544.613	350.1
544.844	349.334
552.344	456.907
568.797	3.39656
571.505	202.668
583.159	274.526
588.867	-2.22408
590.487	222.024
589.445	444.797
600.843	202.6
601.475	342.495
613.691	89.9927
619.882	174.493
618.399	253.621
619.101	291.974
619.72	388.033
626.492	155.359
621.975	454.208
632.782	308.218
638.396	140.053
635.962	392.496
642.894	81.4351
643.605	115.656
654.626	293.704
656.712	301.33
654.909	413.37
667.799	174.901
663.915	280.115
675.758	-0.0225387
670.837	139.465
666.626	287.172
666.52	439.322
679.84	143.884
689.579	106.794
699.901	92.4627
700.209	54.0772
15.8667	266.467
20.6538	442.004
22.1562	400.185
27.6073	145.623
37.7556	270.211
49.9728	16.1171
46.2238	220.847
63.4895	107.802
61.3263	440.157
63.2212	237.04
66.1767	117.07
82.0883	297.052
86.862	315.625
92.1451	264.802
92.9325	194.102
97.1861	87.6045
95.3511	155.285
96.1566	338.053
96.1566	338.053
101.049	74.1974
101.852	440.017
107.275	171.985
115.913	288.358
119.852	125.012
122.192	111.626
126.038	297.96
128.865	201.279
137.687	245.733
139.084	157.066
138.387	214.282
142.16	446.555
147.227	170.749
140.278	393.213
155.844	461.637
179.033	279.056
193.25	36.2637
195.279	155.959
204.771	123.45
211.29	56.4277
210.181	140.861
217.106	28.307
243.213	115.55
235.778	237.184
233.75	405.644
241.237	330.581
248.424	278.919
254.023	419.86
269.053	73.3979
273.72	134.889
269.508	444.781
271.762	435.496
285.476	54.1147
287.366	35.3061
274.483	396.419
291.89	50.4141
282.135	387.765
287.326	374.174
303.447	270.266
315.564	41.3285
309.727	243.269
312.386	340.187
414.289	230.316
414.289	230.316
451.362	107.779
460.962	387.441
475.465	71.1741
468.346	392.419
482.024	23.0003
490.317	115.106
492.787	45.2128
498.126	344.524
499.278	304.169
499.278	304.169
517.456	65.8659
522.906	326.642
528.675	100.56
522.422	398.065
538.116	85.6313
544.659	122.099
544.626	350.127
548.259	320.877
552.395	456.878
568.957	3.41201
571.457	202.668
570.27	353.087
566.908	396.906
575.802	156.976
578.527	11.0583
576.54	188.405
572.052	451.584
582.176	216.685
588.86	-2.19303
590.024	198.172
589.535	444.792
601.674	342.484
600.238	419.362
611.359	137.118
611.359	137.118
618.457	253.583
619.589	387.983
626.366	63.142
626.038	304.776
632.744	308.251
637.166	154.015
636.241	392.542
642.863	81.4193
643.349	272.773
648.372	164.547
654.68	293.686
656.369	301.356
654.902	413.462
663.971	280.091
666.701	287.087
666.493	439.298
675.694	164.038
679.827	143.88
681.04	119.454
681.04	119.454
688.267	21.9647
700.242	92.435
710.213	48.2052
