16.1538	266.547
20.5055	442.028
23.1785	400.614
33.1598	138.838
37.7935	270.175
39.6064	370.297
40.4707	371.077
49.9917	16.1171
46.0769	161.137
46.2334	220.859
61.1407	130.447
61.3356	440.135
70.525	369.569
78.7346	251.803
82.0121	297.012
86.8462	315.63
92.1566	264.751
97.134	87.5891
101.04	74.2694
101.831	440.087
107.309	171.881
108.757	221.383
113.059	94.6847
122.31	111.712
129.894	141.472
128.895	201.251
137.717	245.715
141.591	295.705
142.094	446.683
140.378	393.185
147.002	226.09
141.894	364.469
150.245	450.397
159.346	317.815
166.66	136.391
167.801	424.872
179.096	146.024
178.914	279.082
193.288	36.0577
195.215	156.033
195.215	156.033
211.306	56.3487
217.193	28.2154
232.319	128.154
243.243	115.619
236.016	237.191
233.747	405.652
241.218	330.721
248.842	278.949
254.036	419.804
269.047	73.344
257.624	294.32
273.726	134.931
269.516	444.748
284.65	61.1968
285.4	54.0492
287.29	35.3036
274.521	396.408
277.179	360.27
282.244	387.743
298.046	8.59915
303.426	270.326
312.357	340.386
414.423	230.514
414.423	230.514
440.912	67.3143
451.406	107.977
451.406	107.977
460.981	387.449
484.615	31.2404
488.119	257.657
488.119	257.657
498.146	344.552
499.267	304.131
499.267	304.131
507.549	142.8
517.441	65.731
523.441	38.3222
538.143	85.6505
544.717	122.212
545.766	137.092
541.518	393.997
544.863	349.344
553.812	305.548
558.303	388.179
565.098	304.292
568.822	3.4484
570.108	172.72
571.465	202.629
566.956	396.98
588.874	-2.15302
591.92	235.342
589.477	444.766
604.504	258.201
601.463	342.538
607.305	192.718
600.256	419.379
616.524	83.1159
617.039	310.284
618.52	253.529
619.724	388.124
627.431	163.607
630.871	101.902
630.871	101.902
632.758	308.213
632.718	445.639
643.667	159.725
636.105	392.52
642.769	81.3195
658.189	154.838
654.386	293.91
654.914	413.497
663.206	106.646
663.891	280.132
675.787	-0.0304232
675.787	-0.0304232
666.752	287.091
666.737	439.268
679.844	143.844
700.138	92.4718
705.776	115.688
710.123	48.2031
15.7138	266.471
20.4807	442.002
22.3487	399.868
33.0121	279.335
33.4098	138.614
39.6338	370.111
49.9108	16.1001
45.9909	161.359
46.2827	220.805
46.2827	220.805
51.484	354.335
61.0621	130.344
61.3359	440.146
63.2384	237.016
78.7645	251.79
82.1053	297.053
86.85	315.644
97.1276	87.6301
101.016	74.3096
101.848	440.037
107.325	171.948
113.07	94.795
108.808	346.221
122.201	111.635
123.474	228.322
129.936	141.457
134.895	308.72
134.895	308.72
137.647	245.726
142.099	446.702
140.403	393.179
141.899	364.423
146.95	226.092
150.289	450.277
166.688	136.372
179.419	157.814
178.885	279.087
193.331	36.0761
195.278	156.009
195.278	156.009
204.637	123.305
211.271	56.4566
217.219	28.245
222.039	236.749
232.196	128.051
228.031	465.903
236.151	237.217
233.761	405.673
241.252	330.741
242.701	450.939
254.066	419.659
268.928	73.3742
267.59	361.943
269.639	444.758
284.71	61.3089
285.399	54.029
287.406	35.3404
282.222	387.746
310.872	41.2421
296.766	392.348
303.432	270.334
315.427	354.586
414.16	230.262
414.16	230.262
451.43	108.038
451.43	108.038
460.996	387.442
482.004	22.9079
488.114	257.737
488.114	257.737
492.778	45.2411
491.198	302.117
500.76	61.1821
496.057	344.406
499.342	304.351
506.621	336.2
535.34	36.5455
538.073	85.6202
540.813	74.2541
544.711	122.19
544.617	350.136
544.856	349.37
552.727	136.105
553.81	305.569
552.341	456.819
556.267	401.616
570.088	172.714
571.462	202.705
566.9	396.967
578.418	11.0513
576.64	188.467
582.138	216.682
588.968	-2.16362
588.593	238.841
589.568	444.773
601.528	342.472
616.515	126.224
616.527	83.0338
620.303	174.444
617.095	310.236
619.75	388.114
626.215	247.698
630.834	101.866
624.89	422.784
632.763	308.211
632.679	445.569
635.957	392.394
642.794	81.4521
643.339	272.76
648.912	164.544
654.675	293.701
654.858	413.436
663.801	280.189
675.754	0.0207994
666.619	287.178
666.667	439.283
675.397	164.101
674.02	93.0015
671.78	293.764
691.673	158.46
699.836	92.397
700.566	54.1843
706.181	115.6
20.6343	441.972
22.5003	399.893
23.5574	432.788
33.1296	138.761
32.9028	279.322
34.0214	256.921
49.7667	15.8545
46.1229	91.2391
40.4206	371.312
46.0643	161.183
47.3154	297.547
46.3428	220.673
54.8322	125.228
60.9785	130.204
63.3027	237.011
80.7547	49.1725
78.6315	251.921
82.1271	296.983
78.5712	441.851
97.1408	87.5686
95.5704	138.562
102.239	326.357
101.797	440.137
108.795	346.193
119.922	124.912
129.921	141.461
131.216	243.354
128.9	453.726
137.661	245.718
137.055	290.85
145.108	203.134
146.313	214.195
142.117	446.747
141.802	364.45
159.553	317.745
182.286	163.448
193.098	36.2179
193.098	36.2179
204.657	123.368
206.088	163.94
211.284	56.4193
217.189	28.2163
219.326	59.4924
232.261	128.104
235.8	237.181
241.799	330.557
233.692	405.653
233.692	405.653
242.533	450.907
255.433	281.733
257.647	294.341
257.647	294.341
285.266	53.9531
287.308	35.3065
271.761	393.392
291.84	50.4007
271.808	435.654
274.554	396.404
287.415	374.296
310.724	41.2193
303.439	270.347
315.686	346.371
412.466	227.377
412.466	227.377
460.899	387.477
481.977	22.8322
490.352	115.053
492.879	45.5622
488.099	257.7
488.099	257.7
483.336	387.023
502.704	112.683
509.307	73.463
517.507	66.0163
523.273	38.6418
528.494	100.575
535.437	7.54849
535.051	395.116
548.548	124.516
548.719	158.696
544.672	350.071
548.294	320.855
560.633	179.076
559.649	308.587
552.246	456.807
556.26	401.71
571.461	202.623
570.352	352.9
579.476	153.449
584.419	32.3943
584.419	32.3943
582.141	216.716
572.164	451.695
584.314	351.427
588.702	213.381
580.313	476.654
601.385	114.128
601.592	190.956
600.294	419.509
611.202	136.879
611.885	250.175
619.812	74.9524
619.812	74.9524
617.173	263.629
617.892	386.517
625.058	312.583
626.057	304.724
647.503	231.338
658.326	154.748
648.787	464.829
656.624	301.343
663.463	106.585
654.883	413.522
663.837	280.196
666.616	287.179
675.352	164.114
666.768	439.423
683.674	99.8006
677.584	305.45
699.992	92.4149
710.446	48.1957
15.9259	266.555
20.507	441.913
23.1425	400.389
27.6359	145.44
33.0805	279.323
33.9863	256.893
39.5296	370.474
45.999	91.2768
46.0964	161.132
46.3959	220.621
54.8929	125.393
51.4283	354.309
64.3027	41.8218
61.0078	130.325
63.3274	237.052
78.2773	64.5682
80.7379	49.1863
78.656	251.858
78.5456	441.852
78.5456	441.852
86.8842	315.598
92.9773	194.073
99.532	289.884
106.755	157.705
108.777	346.163
128.856	157.142
128.894	201.161
134.975	308.584
134.975	308.584
137.671	245.719
145.087	203.168
142.117	446.797
150.181	450.386
167.347	136.395
169.943	136.734
164.599	279.671
167.894	424.948
182.347	163.828
193.249	36.1089
204.749	123.233
205.8	164.158
211.337	56.4342
217.097	28.1499
217.097	28.1499
205.064	281.171
215.245	133.165
239.608	59.1759
239.444	181.338
233.741	405.621
242.616	450.971
254.035	419.77
257.635	294.339
257.635	294.339
267.52	361.95
285.257	53.9426
271.73	393.339
271.754	435.587
292.391	24.7231
291.87	50.4529
282.614	436.466
289.375	410.109
315.588	41.2588
303.429	270.315
312.382	340.211
414.116	229.995
414.116	229.995
435.989	47.1951
435.989	47.1951
451.332	107.713
461.756	38.8092
481.981	22.8567
477.61	388.648
490.429	115.133
488.126	257.632
488.126	257.632
491.336	302.243
496.544	344.579
512.86	68.2658
523.322	38.4359
514.35	333.78
528.644	100.553
538.091	85.5367
535.097	395.189
543.522	152.607
546.288	116.885
548.262	320.797
554.866	155.627
552.308	456.816
558.207	388.162
568.414	3.20569
571.394	202.668
572.993	258.09
570.125	353.261
566.377	395.817
584.436	32.5619
572.205	451.837
584.402	144.227
588.705	238.924
594.29	41.8283
597.318	117.902
598.764	236.806
600.532	260.583
600.349	419.477
609.139	144.498
611.186	136.875
608.635	363.483
618.539	253.503
622.136	304.215
618.55	386.976
626.224	63.1113
626.224	63.1113
625.07	312.63
624.719	422.767
632.995	445.759
656.647	301.314
654.772	413.457
667.602	174.94
663.917	280.136
666.574	287.212
675.382	164.072
666.307	439.185
677.455	305.203
700.156	54.0384
706.189	115.575
710.98	120.476
20.5865	441.899
23.3159	400.36
33.0075	279.304
34.0271	256.926
49.7805	15.9483
46.0168	91.3278
40.5212	371.245
46.0662	161.247
46.0662	161.247
54.8801	125.28
63.1923	237.125
61.2999	440.284
65.366	282.374
78.2833	64.5089
80.7857	49.1896
78.6806	251.846
86.8573	315.622
95.308	105.296
93.0823	193.965
96.118	338.116
102.121	326.324
101.824	440.084
108.772	221.427
119.876	124.964
122.257	111.63
121.266	210.911
128.858	157.045
137.703	245.671
136.971	290.978
136.137	450.028
141.691	295.524
145.077	203.179
142.126	446.661
142.34	417.728
139.998	393.284
164.323	150.8
170.204	275.843
193.231	36.2125
206.159	163.829
211.29	56.372
217.086	28.2491
219.285	59.4547
224.464	93.1522
227.984	465.881
227.984	465.881
239.409	181.33
235.771	237.245
228.269	403.113
255.314	281.803
273.675	134.884
285.3	53.9428
287.295	35.3341
271.752	393.343
271.685	435.551
291.591	50.5745
281.905	436.203
287.426	374.257
287.426	374.257
310.808	41.2012
296.796	392.474
303.438	270.279
448.827	98.1841
451.365	107.919
475.218	70.9775
481.902	22.7638
468.547	392.917
484.706	31.4134
484.505	93.7081
478.188	388.461
488.139	257.797
488.139	257.797
483.478	387.017
515.328	59.7373
520.495	83.7294
532.428	18.5951
522.274	397.983
536.831	135.806
552.218	148.832
552.592	135.855
548.262	320.798
552.302	456.977
564.912	304.449
560.633	375.902
570.053	172.555
571.249	202.615
579.381	12.1445
566.684	396.391
570.152	366.649
576.614	188.38
584.416	32.5413
584.416	32.5413
588.598	238.837
594.897	123.729
596.301	188.995
589.558	444.83
600.464	202.481
591.656	467.225
606.059	271.962
600.303	419.476
611.382	137.059
611.834	250.005
617.001	310.237
612.194	421.476
624.635	84.385
617.303	385.889
625.074	312.556
635.631	70.5801
636.939	392.842
650.139	305.216
654.627	293.685
654.693	413.488
663.828	280.201
673.953	92.9293
673.953	92.9293
666.523	439.433
691.949	158.116
691.949	158.116
700.19	132.321
709.916	48.1383
711.232	120.518
