15.8936	266.489
20.5696	441.89
32.6381	279.274
33.3521	138.602
44.8003	36.3803
40.3978	371.399
46.1866	91.1945
49.713	15.8882
46.3816	220.621
46.3816	220.621
64.4995	41.7288
66.435	116.923
78.7088	251.85
82.0087	161.921
86.9052	315.616
86.9052	315.616
97.2687	87.5745
95.2994	155.371
96.1387	338.123
101.854	440.085
104.356	277.603
108.824	346.166
114.112	442.994
119.883	124.943
125.947	298.082
128.905	201.226
129.904	141.504
137.649	245.791
141.677	295.606
142.056	460.928
145.151	203.08
140.226	393.28
151.11	432.475
156.433	183.235
166.751	136.43
169.76	136.5
178.736	279.061
193.354	36.1965
211.187	56.3047
206.372	436.151
217.283	28.3169
205.332	281.24
219.301	59.4739
232.218	128.293
219.188	401.214
239.449	181.312
235.858	237.183
241.89	330.555
259.301	129.844
252.19	440.925
257.616	294.29
264.33	421.648
267.553	361.957
269.785	444.733
269.836	378.894
271.797	435.462
285.445	54.0794
287.358	35.3046
291.791	50.5476
297.859	8.36217
287.498	398.25
296.807	392.386
303.374	270.303
413.235	228.085
413.235	228.085
448.849	98.3244
448.849	98.3244
468.465	392.928
478.063	388.55
488.093	257.624
488.093	257.624
495.293	367.214
495.293	367.214
507.517	142.85
506.598	336.21
514.255	56.5707
525.794	96.7065
538.056	85.6731
541.484	394.063
544.703	350.036
552.674	136.053
555.481	350.237
552.303	456.658
565.003	304.411
570.159	172.63
571.432	202.574
566.749	396.679
578.869	11.2605
578.869	11.2605
576.561	188.331
572.237	451.693
580.55	194.741
583.949	31.978
588.402	238.733
594.954	123.77
596.423	280.648
600.664	202.557
602.56	342.838
613.524	89.9237
611.963	421.556
611.963	421.556
618.518	253.546
617.334	385.984
624.993	312.652
628.109	145.485
626.129	304.658
635.679	70.6898
632.761	445.582
643.788	143.778
651.876	115.001
654.702	293.688
654.884	413.538
664.005	280.063
675.759	-0.00247015
666.575	287.162
666.223	439.212
674.056	92.8948
681.011	119.507
677.714	305.719
685.339	175.333
706.195	155.217
706.262	115.58
23.481	432.905
23.0992	400.306
32.9253	279.347
34.0919	256.964
40.4444	371.212
42.0066	445.469
46.0375	91.2478
46.7406	140.588
46.3831	220.631
54.9791	125.385
64.3364	41.7131
64.3364	41.7131
78.7117	251.799
78.7117	251.799
78.5632	441.882
82.0838	297.002
86.9689	315.639
97.2024	87.5951
96.1663	338.059
96.1663	338.059
101.855	440.064
113.055	94.6843
117.744	221.97
119.076	187.306
122.251	111.637
124.826	447.736
126.063	297.889
128.695	157.33
137.926	201.252
137.926	201.252
137.752	245.627
141.611	295.681
144.306	454.006
140.562	393.204
178.67	279.088
191.772	136.937
195.408	156.03
211.246	56.4401
210.419	140.943
210.419	140.943
217.195	28.2173
219.264	59.4511
232.114	128.307
241.673	330.609
264.557	95.5905
255.271	281.851
255.271	281.851
257.603	294.264
267.604	361.975
269.984	444.756
269.697	378.91
271.597	393.36
285.4	54.0524
271.68	435.619
287.403	35.3736
291.835	50.3987
282.17	387.773
309.965	243.562
413.055	227.411
451.345	107.757
451.345	107.757
475.204	70.9934
481.994	23.0362
484.804	31.6448
492.818	45.4249
488.166	257.863
488.166	257.863
491.24	302.281
507.525	142.897
501.655	361.955
501.655	361.955
512.906	68.286
506.62	336.153
514.451	333.812
520.54	83.699
523.395	38.3602
525.842	96.6188
525.842	96.6188
532.274	18.7452
535.285	395.292
548.674	158.635
552.221	456.837
555.984	401.597
558.393	388.129
571.417	202.684
570.119	353.204
579.588	153.502
572.092	451.32
582.132	216.695
588.884	171.16
588.408	238.704
596.444	280.603
598.897	237.143
602.654	342.741
606.269	102.421
606.269	102.421
609.281	144.747
611.987	421.51
615.708	471.694
618.59	386.837
626.354	63.2643
626.079	247.821
626.139	304.671
633.454	49.7096
634.308	298.749
632.759	445.752
635.958	392.458
654.684	293.726
654.724	413.443
663.973	280.072
663.519	301.414
675.786	-0.0544361
666.454	287.251
666.323	439.17
689.197	20.6813
686.115	154.536
687.291	187.705
675.458	439.376
699.717	132.242
699.488	53.9818
711.671	143.445
15.8708	266.542
23.3058	433.019
22.9563	400.5
27.5091	145.764
38.0201	270.329
40.3265	371.288
41.7415	445.545
45.8989	91.3022
46.2844	220.774
46.2844	220.774
51.1735	354.652
55.0113	125.458
64.3881	41.6949
64.3881	41.6949
61.15	440.473
78.6669	251.895
78.6669	251.895
82.254	297.047
97.1698	87.6327
95.3624	155.293
99.4169	289.725
105.775	446.704
108.896	346.053
119.885	124.982
119.066	187.24
122.339	111.741
124.817	447.789
128.85	201.328
133.093	129.499
135.023	308.512
135.023	308.512
141.855	364.364
147.505	445.529
156.444	183.257
164.244	150.833
164.556	279.664
170.824	206.92
178.93	279.04
205.977	164.133
211.323	56.2996
210.285	140.846
217.312	28.304
219.269	59.5098
224.488	93.1255
227.963	465.904
241.55	330.759
251.021	125.681
253.978	419.908
255.26	281.885
255.26	281.885
271.596	393.358
284.624	61.1281
287.328	35.3075
291.823	50.5501
297.742	7.73416
287.331	374.273
287.331	374.273
289.199	410.023
309.83	243.388
413.147	227.361
461.746	38.668
468.443	53.305
468.386	392.836
484.017	93.3445
484.707	31.362
477.656	388.628
491.249	302.072
502.726	112.749
507.489	142.904
501.848	361.826
501.848	361.826
509.325	73.4885
517.778	89.5725
521.826	337.386
536.535	121.092
538.105	85.4971
535.258	395.199
548.165	143.45
548.552	124.393
553.221	313.61
555.385	350.25
552.362	456.751
556.15	401.433
560.491	376.04
570.073	172.621
578.995	11.4942
578.995	11.4942
572.1	451.308
580.657	209.852
582.137	216.726
584.41	144.271
595.53	43.1405
600.696	202.593
601.298	342.558
607.256	192.748
613.666	89.9846
614.795	131.99
614.795	131.99
616.494	83.0263
615.721	471.806
618.64	386.99
626.186	247.73
626.186	247.73
626.113	304.714
624.859	422.86
632.708	308.253
636.955	153.94
632.934	445.735
636.152	392.538
654.743	293.684
656.471	301.32
664.212	143.405
663.973	280.126
675.804	-0.0480958
675.804	-0.0480958
666.571	287.201
691.274	158.187
699.73	132.272
700.387	54.1353
711.258	120.5
710.482	48.2086
15.7687	266.489
23.401	432.91
23.2047	400.564
27.5825	145.593
27.956	202.239
37.8036	270.176
40.1722	371.139
41.7214	445.492
46.009	91.2903
49.747	15.8168
46.3953	220.625
46.3953	220.625
51.4587	354.533
64.4471	41.7006
63.237	237.261
63.237	237.261
66.2649	117.037
78.5849	441.877
81.7782	136.695
82.0766	297.028
95.3413	155.301
95.3413	155.301
97.2631	87.5425
96.0883	338.168
101.997	326.281
114.099	443.063
122.244	111.502
126.056	297.898
129.83	141.515
137.686	245.656
138.341	214.349
144.392	304.541
145.01	203.28
141.843	364.436
147.26	170.737
147.484	445.571
152.277	456.943
169.816	136.391
193.443	35.9858
204.62	107.036
204.815	123.225
211.403	56.3507
210.389	140.985
219.235	59.401
239.492	181.361
241.588	330.793
253.946	419.93
255.275	281.952
257.634	294.299
269.351	444.784
269.759	378.868
271.822	435.486
284.657	61.1703
285.402	54.0477
287.388	35.3336
292.379	24.9859
282.326	387.685
289.149	410.02
303.48	270.307
315.307	354.513
315.655	346.474
413.151	227.418
413.151	227.418
436.066	47.4188
436.066	47.4188
468.419	53.5311
461.023	387.424
484.715	31.1608
477.645	388.612
490.362	115.05
488.081	257.655
488.081	257.655
497.592	344.698
502.677	112.644
507.555	142.598
509.214	73.5257
512.918	68.3016
514.346	56.6099
514.467	333.817
521.821	337.411
535	395.136
541.471	109.004
548.733	158.782
552.634	135.945
555.491	350.216
555.913	401.545
560.518	376.081
571.387	202.467
572.98	258.368
578.664	11.1748
578.664	11.1748
571.972	451.103
571.972	451.103
580.538	194.644
581.046	147.997
584.455	144.343
589.565	444.782
596.331	188.969
600.539	202.479
602.503	342.846
600.439	419.495
606.37	102.653
616.548	83.1071
619.146	292.09
618.42	386.811
626.141	247.768
626.141	247.768
632.751	308.195
635.677	70.5137
632.834	445.673
638.127	393.386
643.646	115.543
652.611	193.374
654.784	293.654
654.834	413.461
664.052	143.45
664.052	143.45
663.963	280.073
670.84	139.363
675.771	-0.0326742
666.654	287.146
666.504	439.53
674.007	92.9831
677.639	305.567
697.389	118.604
699.842	92.4108
15.9619	266.555
23.4312	432.915
23.0822	400.801
27.9895	202.251
32.6559	279.232
33.4421	138.622
40.2479	371.318
41.8148	445.572
46.0583	91.2653
49.7149	15.8218
46.4429	220.631
51.387	354.524
63.253	237.227
63.253	237.227
66.4615	116.96
66.4615	116.96
82.092	297.004
89.0939	435.847
89.0939	435.847
95.3034	155.346
95.3034	155.346
97.228	87.5447
102.015	326.262
109.026	345.915
117.789	221.9
122.249	111.53
125.931	298.062
133.715	457.924
137.648	245.801
138.391	214.373
144.412	304.536
144.948	203.342
141.805	364.531
147.276	170.744
146.985	459.729
169.762	136.41
170.22	275.84
179.427	157.816
193.262	36.2873
204.592	107.024
205.926	164.079
211.372	56.3072
219.174	59.4163
243.191	115.687
235.813	237.208
241.617	330.726
255.392	281.939
257.625	294.331
259.407	451.236
260.575	418.972
260.575	418.972
269.583	444.764
276.587	183.798
269.749	378.887
284.652	61.2415
285.405	54.0587
287.379	35.327
292.474	24.8532
282.371	387.676
287.426	398.242
303.41	270.294
312.388	340.366
413.134	227.397
413.134	227.397
435.981	47.2277
435.981	47.2277
468.271	53.2764
485.551	124.521
477.668	388.603
481.604	387.677
491.139	302.052
500.663	61.1607
495.419	367.112
497.082	344.581
502.693	112.673
514.324	56.6066
521.836	337.389
528.561	100.492
535.804	80.5466
535.053	395.108
541.513	109.108
544.932	349.244
548.697	158.781
555.441	350.242
557.845	321.109
556.206	401.656
571.387	154.281
571.416	202.526
573.001	258.367
578.711	11.1815
578.711	11.1815
571.993	451.173
571.993	451.173
580.531	194.632
589.551	444.858
596.432	280.716
601.64	190.971
602.418	342.832
600.394	419.488
613.667	89.9109
614.911	132.035
614.911	132.035
616.516	83.0349
619.144	292.139
618.3	386.715
627.459	163.535
628.432	145.246
632.676	308.162
632.821	445.594
644.981	202.91
638.234	393.509
643.662	272.765
654.639	293.729
656.832	301.35
654.891	413.587
664.221	143.485
663.815	280.148
675.722	0.0103779
675.722	0.0103779
670.954	139.403
666.697	287.118
666.507	439.494
678.791	127.116
679.829	143.866
700.13	92.4166
710.061	48.1771
