15.6889	266.479
23.0857	400.871
23.398	432.927
27.6639	145.412
27.9568	202.244
32.9712	279.333
40.2422	371.197
41.7917	445.539
46.0557	91.3002
49.7333	15.8253
46.4076	220.684
46.4076	220.684
61.1832	440.442
63.5485	107.689
70.4082	369.83
70.4082	369.83
78.5947	252.011
82.1079	297.024
89.1981	58.0544
89.1385	435.742
102.033	326.301
104.38	277.599
107.305	171.94
112.842	94.6288
119.093	187.129
122.281	111.542
128.897	201.298
129.903	141.461
133.155	129.524
133.697	457.921
133.697	457.921
136.95	291.067
137.951	201.137
137.702	245.691
140.449	393.286
164.161	150.804
167.043	317.122
170.191	275.851
205.827	164.204
204.839	123.224
211.348	56.2741
210.321	140.909
219.164	59.3937
241.59	330.805
264.102	95.2813
253.94	419.915
255.266	281.924
257.644	294.336
260.508	419.066
269.207	444.751
269.207	444.751
269.737	378.888
271.666	393.402
284.624	61.1764
285.372	54.0455
287.372	35.3169
287.401	398.25
303.442	270.298
315.553	41.4041
315.306	354.563
413.009	227.293
413.009	227.293
436.007	47.3296
436.007	47.3296
484.772	31.3665
477.55	388.664
481.491	387.728
492.419	103.343
488.115	257.733
488.115	257.733
492.783	45.4347
491.046	301.682
497.109	344.64
495.48	367.112
502.68	112.672
507.501	142.787
509.216	73.4423
514.347	56.5895
521.854	337.436
522.953	326.846
540.852	74.4199
534.954	395.179
541.538	132.232
545.773	137.08
555.478	350.234
552.372	457.042
560.523	179.214
556.407	401.814
560.58	376.029
572.985	258.347
576.668	188.452
578.698	11.1507
578.698	11.1507
572.038	451.216
580.516	194.672
582.212	216.695
589.625	444.886
600.523	202.49
602.485	342.796
612.073	421.265
619.127	292.105
618.444	386.869
626.423	63.2877
626.423	63.2877
626.12	247.782
626.12	247.782
628.45	145.282
630.82	101.9
632.803	308.13
632.876	445.672
645.193	202.878
643.528	143.785
637.809	393.285
651.608	115.062
657.661	154.74
656.468	301.348
656.468	301.348
654.788	413.446
663.552	106.54
663.552	106.54
667.306	174.948
663.945	280.099
670.246	193.727
675.788	-0.0588053
675.788	-0.0588053
666.164	439.295
673.189	248.086
699.864	92.4335
700.873	47.8549
15.6731	266.442
20.3264	442.074
23.4399	432.891
27.8436	202.367
32.7157	279.283
33.3411	138.709
40.2577	371.314
49.7132	15.8167
46.439	220.636
46.439	220.636
63.1742	237.287
66.3818	116.979
81.8071	136.767
82.0714	297.044
89.243	58.1718
97.2758	87.5592
96.1081	338.133
96.1081	338.133
102.116	326.373
104.315	277.713
105.854	446.731
105.854	446.731
107.325	171.966
119.097	187.109
122.267	111.481
123.616	228.207
126.028	297.893
128.891	201.359
133.689	457.929
137.548	245.853
138.64	171.665
141.791	295.451
140.409	393.223
141.841	364.417
146.982	459.665
147.451	389.845
164.145	150.836
166.882	136.399
170.2	275.863
193.385	36.0491
204.591	107.048
205.934	164.104
211.254	56.2851
210.317	140.917
219.015	59.3426
232.27	128.249
235.746	237.252
241.567	330.863
253.866	419.885
255.407	281.87
257.665	294.296
269.454	444.668
269.762	378.865
271.8	435.452
285.348	54.017
287.354	35.3351
289.444	48.2815
282.359	387.673
289.181	410.03
303.476	270.294
315.538	41.3866
315.323	354.494
413.014	227.194
413.014	227.194
436.027	47.2397
436.027	47.2397
468.427	392.524
490.377	115.136
481.644	387.689
488.123	257.773
488.123	257.773
491.212	302.039
500.637	61.1366
497.148	344.617
502.677	112.66
509.229	73.4687
514.344	56.5714
515.451	47.6193
514.462	333.808
525.82	96.709
521.83	337.438
532.657	18.5047
535.141	395.159
544.732	122.302
555.466	350.236
560.527	376.093
570.16	172.692
566.271	396.041
571.386	202.572
572.981	258.37
576.787	188.52
578.678	11.2191
571.91	451.109
571.91	451.109
582.208	216.687
589.564	444.854
600.409	202.493
600.324	419.492
608.82	363.652
616.541	83.1251
619.838	74.989
619.161	292.151
618.44	386.834
626.088	247.775
626.088	247.775
626.026	304.777
630.783	101.876
630.783	101.876
637.153	153.965
632.896	445.634
645.182	202.927
637.988	393.359
653.717	160.284
654.759	293.647
654.897	413.466
663.823	280.15
675.792	-0.0709736
670.881	139.369
666.602	439.511
673.169	248.061
679.767	143.835
677.617	305.512
685.606	175.351
686	133.508
700.066	92.4401
710.35	48.1819
15.8364	266.528
23.4111	432.927
34.0544	256.98
40.3653	371.024
41.6181	445.431
46.0666	91.2709
49.7035	15.8467
46.4099	220.624
51.5299	354.463
54.8388	125.368
64.3938	41.7311
61.1342	440.425
74.6516	270.103
78.5738	252.037
82.0471	296.967
95.3259	155.299
97.2439	87.5879
102.054	326.306
107.269	171.961
108.894	345.998
112.879	94.6423
114.109	443.074
117.789	221.965
124.788	447.882
125.879	298.177
133.181	129.413
137.671	245.685
138.392	214.357
144.982	203.344
141.857	364.393
147.247	170.731
168.664	460.972
169.975	136.57
167.101	317.058
170.089	276.003
179.035	146.064
193.38	36.1119
204.61	107.077
205.931	164.07
211.33	56.3529
210.4	141.027
219.133	59.4034
227.896	465.939
235.774	237.241
241.631	330.76
264.275	95.3369
253.883	419.916
255.31	281.937
257.634	294.32
269.473	444.775
269.639	378.883
284.702	61.3912
285.381	54.0326
287.38	35.3205
292.519	24.877
282.358	387.652
287.513	398.258
287.329	374.331
303.411	270.325
413.09	227.276
413.09	227.276
436.034	47.4292
436.034	47.4292
440.936	67.4524
468.456	392.497
482.013	22.8666
484.839	31.5618
477.722	388.602
490.335	115.1
488.14	257.844
488.14	257.844
491.035	302.023
502.628	112.644
507.488	142.775
501.576	362.094
501.576	362.094
509.26	73.5028
514.28	56.6128
514.478	333.901
520.469	83.7264
521.838	337.451
538.142	140.862
544.667	122.176
554.897	155.647
555.435	350.258
552.255	456.844
556.2	401.557
561.649	172.747
558.379	388.194
560.725	361.756
571.418	202.556
572.964	258.351
578.739	11.184
578.739	11.184
571.979	451.196
582.193	216.684
594.064	161.934
589.51	444.777
597.393	118.015
596.422	280.709
600.424	202.508
601.62	190.971
601.241	184.371
602.528	342.781
600.476	419.539
619.166	292.135
618.453	386.904
625.013	312.612
626.127	247.764
636.174	133.137
635.715	70.5331
635.715	70.5331
632.928	445.737
637.812	393.311
654.789	293.645
654.959	413.548
663.954	280.104
675.726	-0.012277
666.76	287.069
670.952	132.693
666.627	439.526
675.177	164.093
677.644	305.534
683.232	99.8706
686.074	154.549
700.157	92.4635
15.909	266.445
22.9928	400.449
23.4094	432.907
32.8677	279.311
40.3079	370.832
41.5864	445.519
46.1173	91.2182
49.682	15.8519
46.4085	220.679
51.3728	354.553
61.1536	440.454
63.2338	237.248
63.2338	237.248
70.3085	370.018
81.992	296.991
95.2835	155.422
97.2428	87.5779
102.118	326.326
107.282	171.96
108.82	221.282
110.168	452.609
113.006	94.7161
119.858	124.97
122.304	111.56
128.867	201.332
133.699	457.927
133.699	457.927
137.729	245.671
138.385	214.364
141.658	295.634
144.439	304.586
141.816	364.52
156.387	183.255
164.2	150.817
169.768	136.376
193.301	36.1748
204.661	107.078
205.943	164.084
211.247	56.3506
219.103	59.3695
236.001	237.179
241.612	330.815
242.753	450.878
259.426	129.877
255.348	281.962
257.655	294.375
260.523	419.053
260.523	419.053
276.567	183.824
269.253	444.73
269.696	378.889
284.636	61.1913
285.365	54.0379
292.488	24.9551
287.488	398.242
289.162	410.036
303.381	270.291
315.489	41.4502
312.313	340.551
412.956	227.176
412.956	227.176
436.05	47.3814
436.05	47.3814
448.837	98.2289
481.95	22.8251
484.864	31.6599
477.739	388.612
481.54	387.737
488.117	257.693
488.117	257.693
491.123	302.31
497.653	344.711
502.695	112.673
509.238	73.481
506.693	336.419
525.885	96.6314
525.885	96.6314
526.415	12.5677
521.832	337.47
532.659	18.4998
538.109	85.5175
540.874	74.2361
535.043	395.127
543.522	152.664
555.459	350.241
552.374	456.857
555.886	401.387
563.47	168.762
560.67	361.776
571.39	202.489
572.981	258.361
571.96	451.154
582.205	216.708
589.458	444.775
596.433	280.71
602.372	342.817
600.465	419.552
616.973	310.323
621.679	122.475
618.36	386.846
627.547	199.563
626.322	63.2219
626.322	63.2219
626.156	304.709
632.828	445.635
643.614	159.733
638.21	393.517
643.708	272.761
648.453	164.458
652.53	193.385
651.84	115.057
654.783	293.682
656.377	301.369
654.794	413.34
663.883	280.129
675.809	-0.0363844
675.809	-0.0363844
670.801	139.383
666.771	287.082
666.703	439.497
675.286	164.11
674.181	92.9032
685.88	175.435
710.847	120.581
15.7091	266.498
23.4119	432.941
22.9142	400.764
27.4877	145.746
27.9134	202.26
32.8651	279.282
33.4819	138.44
45.1874	36.1232
40.3516	371.212
41.8693	445.547
46.2185	91.187
49.6817	15.7967
46.4165	220.63
64.411	41.6837
61.0989	440.502
63.2506	237.199
66.3455	117.034
66.3455	117.034
70.3973	369.857
74.7205	270.232
82.0612	297.019
97.2893	87.5703
102.004	326.326
105.84	446.746
106.542	158.212
106.542	158.212
108.765	346.271
117.735	221.95
122.306	111.471
125.972	297.929
128.871	201.302
129.872	141.498
134.875	308.781
137.632	245.81
138.351	214.428
156.257	468.698
169.8	136.411
170.992	466.415
179.411	157.816
193.193	36.1661
204.621	107.042
205.838	164.19
205.007	123.276
211.257	56.3639
210.391	140.968
219.16	59.3747
227.929	465.92
235.746	237.272
241.636	330.748
250.392	451.243
255.255	281.963
257.617	294.341
260.515	419.059
260.515	419.059
269.805	378.88
284.65	61.198
285.374	54.0317
287.369	35.2992
274.607	396.336
282.31	387.67
310.814	41.0605
303.476	270.318
315.388	354.445
413.013	227.284
413.013	227.284
435.954	47.0793
435.954	47.0793
475.248	71.0059
482	22.902
484.806	31.5208
477.87	388.574
489.504	96.0199
481.462	387.752
488.104	257.75
488.104	257.75
491.162	301.986
497.15	344.653
502.673	112.667
507.519	142.749
509.202	73.3892
514.273	56.5967
517.417	79.7535
514.486	333.837
525.807	96.673
525.807	96.673
521.847	337.429
535.011	395.149
555.537	350.186
560.579	179.142
555.917	401.543
560.704	361.773
572.973	258.357
574.276	200.563
578.718	11.1734
578.718	11.1734
571.991	451.168
571.991	451.168
579.62	153.548
580.346	209.694
594.649	172.502
589.515	444.839
600.452	202.477
602.627	342.83
600.361	419.494
613.749	89.9299
619.823	75.0219
619.177	292.132
618.434	386.845
627.721	163.539
626.054	247.833
626.054	247.833
630.722	101.788
630.722	101.788
632.748	308.162
632.866	445.653
645.308	202.884
638.002	393.349
654.716	293.718
656.81	301.406
654.86	413.454
663.469	106.534
667.606	174.93
675.725	-0.000738898
675.725	-0.000738898
666.605	287.194
670.933	132.654
666.832	439.475
673.955	92.9287
673.955	92.9287
673.145	248.052
679.854	143.842
