15.8662	266.508
22.919	400.709
23.4422	432.981
37.9229	270.197
40.2869	371.196
41.8101	445.647
49.6405	15.8043
46.2358	161.021
46.2358	161.021
51.5547	354.363
54.8914	125.479
61.1394	440.512
63.0437	237.407
78.4313	64.4186
78.4313	64.4186
78.7436	251.808
96.148	338.158
105.941	209.53
115.931	288.334
115.931	288.334
119.886	124.952
121.305	210.881
121.585	463.281
130.643	224.374
133.17	129.542
135.013	308.58
141.642	295.63
145.016	203.228
144.329	454.118
140.449	393.229
141.986	364.291
151.836	160.262
163.188	464.31
166.885	136.417
183.931	154.237
193.072	36.3188
206.053	164.03
233.721	405.626
233.721	405.626
242.033	330.493
251.274	153.515
251.877	440.877
255.288	281.939
257.595	294.288
273.655	134.882
269.358	444.721
269.223	378.983
280.024	130.71
284.572	61.08
285.272	53.9529
287.401	35.3486
292.369	24.7067
282.589	436.66
297.725	7.85002
287.46	398.242
296.83	392.478
303.498	270.336
315.267	354.575
315.741	346.416
412.96	225.974
461.56	38.4638
461.117	387.405
481.955	22.7654
483.722	93.0577
491.726	271.901
491.726	271.901
492.827	45.4223
491.043	302.254
503.776	116.549
507.555	142.794
512.949	68.3016
506.727	336.492
517.378	79.6965
520.556	83.7
525.82	96.6741
523.046	326.836
536.609	121.065
539.968	162.793
535.108	395.289
543.562	152.728
553.435	313.542
555.45	350.241
552.35	456.761
556.335	401.704
571.438	202.774
570.123	353.213
572.462	256.447
579.046	11.665
579.046	11.665
571.969	451.15
582.162	216.738
595.625	43.151
596.414	188.666
596.432	280.646
600.721	202.595
601.45	114.134
601.351	342.487
600.303	419.432
609.245	144.597
613.556	89.9268
617.246	263.664
617.045	310.267
621.778	122.547
618.618	387.046
626.423	63.2991
626.199	304.625
621.504	454.579
632.829	445.597
644.934	202.889
636.39	392.732
654.808	413.345
663.896	280.126
663.419	301.604
666.616	287.162
666.204	439.177
675.318	164.085
678.658	127.075
677.599	305.541
686.255	175.428
700.24	47.7924
699.912	54.0432
718.299	108.005
20.4334	442.012
22.9248	400.862
23.4256	432.987
27.5049	145.697
33.0338	279.35
37.6402	270.164
40.2151	371.066
49.6556	15.8243
46.1486	161.05
46.1486	161.05
51.2922	354.653
61.1154	130.452
61.1679	440.462
63.1041	237.35
63.1041	237.35
78.4372	64.4221
92.7185	443.539
97.1732	87.6252
108.877	221.306
108.827	346.179
115.962	288.291
115.962	288.291
119.983	124.893
121.292	210.851
130.559	224.43
133.168	129.527
137.994	201.156
138.886	171.251
140.626	313.011
141.668	295.628
142.06	460.982
144.333	454.129
141.824	364.624
164.071	150.868
192.99	36.4496
192.99	36.4496
203.759	106.564
206.167	163.953
204.874	123.289
227.958	465.927
243.155	115.678
233.728	405.637
233.728	405.637
251.328	153.595
255.272	281.931
257.567	294.289
269.463	444.739
269.472	378.944
284.655	61.172
285.336	53.9853
287.33	35.3062
292.417	24.8096
282.598	436.371
287.403	398.231
296.824	392.483
303.391	270.302
315.582	41.4021
312.408	340.219
315.115	354.658
413.127	226.201
436.002	47.1514
461.729	38.8661
461.153	387.391
481.976	22.8028
483.736	93.0178
492.377	103.218
492.798	45.3663
507.554	142.759
509.271	73.3743
506.675	336.319
517.377	65.4652
517.407	79.5972
523.501	38.2737
523.093	326.824
536.749	121.034
546.386	117.003
541.501	394.148
553.543	313.507
555.418	350.272
560.577	179.008
560.357	376.2
566.336	395.992
571.436	202.762
572.469	256.466
576.488	188.365
579.076	11.6882
571.898	450.95
571.898	450.95
582.169	216.746
589.014	171.025
594.925	123.74
595.661	43.2339
596.404	188.666
589.513	444.828
597.278	117.898
596.425	280.667
598.619	237.005
600.555	260.637
601.424	342.537
607.317	192.737
613.688	89.9776
612.087	421.572
619.725	74.9055
618.477	386.93
624.943	312.507
632.712	308.214
632.896	445.767
636.22	392.627
656.141	301.408
654.997	413.533
663.977	280.094
663.34	301.767
666.594	287.194
666.362	439.209
673.934	92.9675
685.979	154.555
705.954	155.133
711.739	143.391
711.24	120.449
710.292	48.1972
15.6703	266.49
20.4731	442.04
23.4174	432.985
22.9867	400.448
37.7613	270.157
44.8541	36.2859
44.8541	36.2859
40.2825	371.228
51.2633	354.679
55.008	125.474
61.1711	440.487
63.0287	237.428
63.0287	237.428
78.4024	64.3917
78.4024	64.3917
86.9618	315.658
95.2267	139.168
96.0939	338.173
106.021	209.476
116.001	288.252
119.953	124.926
119.114	187.151
121.384	210.928
121.932	463.339
133.142	129.473
135.031	308.529
135.031	308.529
138.039	201.101
138.039	201.101
137.71	245.741
141.997	461.02
140.502	393.257
141.795	364.646
151.862	160.271
155.917	461.701
166.866	136.313
183.889	154.138
192.98	36.4031
205.685	164.266
205.035	123.243
211.404	56.3042
217.274	28.2244
235.775	237.267
233.716	405.616
233.716	405.616
242.069	330.494
251.356	153.589
259.397	129.93
251.944	440.802
255.281	281.911
257.598	294.316
269.477	378.947
269.455	444.757
284.526	60.9858
287.378	35.3429
292.351	24.6834
282.504	436.378
297.716	7.71926
287.51	398.248
296.816	392.494
303.403	270.311
315.326	354.709
413.169	226.199
436.053	47.2452
455.378	124.283
461.126	387.415
481.887	22.7029
490.267	115.037
488.148	257.848
488.148	257.848
491.048	302.17
500.719	61.2586
509.277	73.3701
506.692	336.474
517.492	79.5106
523.471	38.2362
523.126	326.844
527.099	341.849
536.656	121.078
540.86	74.0642
543.479	152.587
544.689	122.235
541.557	394.081
553.414	313.526
555.412	350.28
552.32	456.797
560.558	179.058
566.423	396.078
571.405	202.721
572.474	256.437
579.154	11.6993
571.846	451.034
582.175	216.744
589.572	133.586
590.024	198.137
594.987	123.759
595.721	43.2871
596.421	280.66
598.716	236.921
601.472	163.352
601.46	342.497
609.328	144.758
617.306	263.683
612.101	421.527
617.055	310.248
619.552	74.8741
615.489	471.454
618.604	387.086
626.351	63.173
632.697	308.163
632.879	445.777
636.151	392.661
656.507	301.353
654.86	413.37
664.298	143.412
664.064	280.033
663.551	301.481
666.669	287.12
666.212	439.226
687.334	187.655
685.89	154.502
700.052	47.7501
706.258	115.595
709.866	48.1752
15.5432	266.474
20.4069	441.974
23.0698	400.479
23.4277	432.976
27.6172	145.563
37.722	270.164
40.324	371.11
49.6249	15.8385
46.3844	220.764
54.8019	125.433
63.0405	237.426
78.3724	64.3657
78.7406	251.761
97.197	87.6137
95.2594	155.465
105.81	446.694
105.81	446.694
108.812	346.25
115.927	288.302
115.927	288.302
119.916	124.914
119.085	187.217
121.388	210.902
124.771	447.857
130.614	224.441
133.146	129.503
134.905	308.642
134.905	308.642
138.713	171.38
145.055	203.255
144.347	454.12
140.359	393.374
141.728	364.707
166.843	136.329
183.918	154.14
192.982	36.6096
206.104	163.939
204.967	123.25
211.364	56.2696
213.207	331.244
232.26	128.278
235.814	237.216
233.715	405.651
251.228	153.494
255.325	281.917
257.553	294.278
269.322	444.825
269.351	378.947
271.668	393.304
271.806	435.506
284.484	60.9863
287.379	35.2866
292.375	24.7632
282.178	387.764
282.743	436.769
297.697	7.63958
287.548	398.254
303.384	270.314
315.169	354.598
413.153	226.142
440.902	67.2545
442.52	74.08
455.423	124.388
461.823	38.7144
461.128	387.405
468.553	392.944
481.978	22.8602
488.065	257.581
488.065	257.581
492.761	45.2381
503.79	116.593
501.709	362.007
501.709	362.007
509.283	73.3186
506.668	336.456
517.441	65.4479
520.55	83.7008
523.482	38.1277
523.086	326.826
522.5	398.071
543.565	152.728
544.688	122.229
546.442	117.032
553.526	313.505
560.562	179.045
560.525	376.127
566.377	395.97
571.368	202.711
570.02	353.271
572.468	256.452
579.029	11.6961
571.864	450.991
571.864	450.991
582.169	216.753
589.052	171.043
595.678	43.2252
596.41	188.69
596.408	280.698
598.629	236.912
600.739	202.549
601.343	342.466
606.267	251.991
613.673	89.9704
612.071	421.457
619.598	74.8761
621.613	122.371
618.507	386.973
625.066	312.675
630.462	101.545
632.696	308.18
632.839	445.652
636.338	392.698
654.858	413.427
664.03	280.056
666.682	287.15
666.153	439.226
673.55	93.1263
677.631	305.609
685.688	175.445
687.439	187.565
684.25	292.2
697.403	118.582
710.454	48.1719
719.017	139.641
15.5274	266.489
22.8714	400.764
23.4881	432.951
37.8652	270.238
40.2352	371.247
41.7288	445.412
49.6758	15.8179
46.024	161.247
46.024	161.247
51.3057	354.589
61.0402	130.318
63.0145	237.421
78.4728	64.4291
78.7754	251.738
86.9587	315.675
86.9587	315.675
97.188	87.6066
96.0683	338.247
105.83	446.705
108.905	221.187
108.905	221.187
119.995	124.916
121.715	463.29
127.994	188.739
133.123	129.508
134.997	308.528
136.97	291.074
138.013	201.119
137.64	245.779
138.907	171.213
142.06	460.988
144.339	454.125
140.438	393.344
141.866	364.556
183.932	154.269
193.02	36.4468
204.277	107.015
211.28	56.2747
210.3	140.872
243.095	115.676
228.314	402.952
233.737	405.597
251.317	153.567
255.388	281.888
257.573	294.346
273.834	134.929
269.214	378.95
269.171	444.734
269.171	444.734
285.346	53.9955
287.349	35.3265
292.441	24.8036
282.136	387.767
282.647	436.503
297.653	7.65354
303.434	270.287
315.228	354.602
413.085	225.947
451.383	107.917
461.139	387.426
475.264	71.0125
481.9	22.7128
483.69	92.9334
488.126	257.818
488.126	257.818
509.238	73.3567
506.69	336.438
517.527	79.5361
520.546	83.665
523.483	38.1852
525.805	96.6655
523.062	326.828
523.062	326.828
527.073	341.873
536.667	121.067
541.613	394.003
566.42	395.994
571.428	202.716
570.108	353.217
572.465	256.455
576.535	188.367
579.118	11.6696
571.899	451.04
571.899	451.04
581.283	148.25
582.174	216.743
589.036	171.009
589.806	198.121
595.031	123.884
595.591	43.1597
596.418	280.672
599.197	151.116
598.764	236.904
601.343	114.015
601.306	342.483
617.229	263.709
612.089	421.481
617.099	310.199
618.709	387.117
626.352	63.1584
626.352	63.1584
621.682	454.474
632.805	445.691
636.191	392.711
645.027	308.802
654.775	413.378
663.931	280.117
663.387	301.724
666.691	287.114
666.145	439.115
675.439	164.047
673.802	93.0271
685.961	175.426
677.307	305.02
710.296	48.1773
718.618	107.873
718.618	107.873
