16.0501	266.544
20.5175	441.946
23.0841	400.658
23.412	432.919
27.4501	145.766
33.1241	279.27
33.2592	138.787
40.3846	370.977
46.1339	91.2117
49.7489	15.8299
46.4497	220.604
46.4497	220.604
61.1218	440.491
74.7162	270.206
78.579	252.046
82.0978	297.021
95.2709	105.327
97.2889	87.5444
96.1166	338.122
96.1166	338.122
102.057	326.332
112.924	94.6714
114.12	443.063
119.084	187.166
119.084	187.166
122.285	111.525
125.981	297.967
129.854	141.507
136.877	291.211
137.637	245.721
138.384	214.345
142.026	461.027
147.022	226.044
152.256	457.044
156.323	183.37
169.942	136.54
170.059	276.027
193.26	36.1967
204.637	107.074
211.193	56.3385
210.442	141.018
219.45	59.5775
241.645	330.811
264.236	95.3652
253.926	419.91
255.237	281.973
257.641	294.287
269.023	444.695
269.023	444.695
276.574	183.825
271.666	393.378
284.56	61.0619
285.439	54.0582
287.342	35.3145
282.295	387.663
303.436	270.283
315.466	41.4629
315.287	354.5
413.019	227.253
413.019	227.253
435.98	47.1752
435.98	47.1752
468.423	392.482
484.643	31.1163
478.031	388.526
490.362	115.073
488.096	257.705
488.096	257.705
492.767	45.4116
491.05	302.173
502.68	112.641
507.518	142.911
509.263	73.4851
512.891	68.2817
525.837	96.6793
525.837	96.6793
521.839	337.434
527.128	341.766
540.88	74.2071
535.065	395.15
544.898	349.331
548.754	158.782
557.835	321.101
552.396	456.917
566.254	395.888
572.985	258.364
574.299	200.599
576.638	188.435
578.735	11.1898
578.735	11.1898
571.962	451.198
580.527	194.593
589.654	444.879
600.521	202.47
601.478	163.401
602.436	342.855
600.373	419.472
613.676	89.9309
614.963	132.027
614.963	132.027
618.399	253.662
619.16	292.068
618.387	386.815
626.417	63.2548
637.099	153.97
632.888	445.637
638.063	393.338
643.698	272.76
644.978	308.914
652.185	193.424
654.825	293.648
656.496	301.38
654.897	413.489
663.951	280.103
675.764	-0.0354901
666.67	287.154
666.636	439.484
675.448	156.179
674.152	92.9289
674.152	92.9289
686.13	175.422
685.816	133.548
710.795	120.518
15.691	266.457
22.9404	400.806
23.4165	432.941
37.8759	270.216
40.3445	371.045
41.7609	445.554
46.108	91.2458
49.6927	15.8296
46.4098	220.664
64.4262	41.7062
61.125	440.472
66.5274	116.89
66.5274	116.89
74.6855	270.167
78.5786	252.07
82.1617	297.026
95.3104	155.381
97.2603	87.6106
96.0858	338.205
96.0858	338.205
102.025	326.262
107.3	171.873
108.875	221.181
114.118	443.014
122.266	111.535
135.017	308.488
137.619	245.755
138.368	214.385
141.677	295.643
142.04	461.001
147.335	170.688
147.033	226.168
147.462	445.583
169.895	136.481
170.177	275.895
184.107	154.4
193.254	36.1456
204.477	106.952
211.382	56.3031
210.301	140.874
210.301	140.874
219.154	59.3965
235.849	237.183
241.658	330.772
244.719	324.7
264.137	95.3236
253.951	419.95
255.305	281.935
269.809	378.891
269.389	444.744
269.389	444.744
284.593	61.258
285.338	54.0181
287.361	35.3099
274.499	396.391
289.195	410.001
303.444	270.317
315.533	41.4335
315.449	354.665
413.036	227.153
413.036	227.153
436.045	47.3385
436.045	47.3385
448.802	97.9907
461.055	387.442
484.68	31.2549
477.395	388.689
488.108	257.693
488.108	257.693
492.769	45.3171
491.187	301.865
495.422	367.157
495.422	367.157
502.647	112.674
507.538	142.795
509.23	73.4455
512.885	68.3278
514.445	333.79
521.828	337.429
538.101	85.5641
534.934	395.138
541.581	132.193
548.534	124.4
547.868	179.538
544.914	349.271
555.461	350.248
558.352	388.194
572.994	258.388
574.314	200.632
576.706	188.454
578.693	11.1699
578.693	11.1699
572.002	451.173
572.002	451.173
580.555	194.753
589.494	444.775
596.416	280.709
599.259	151.154
600.531	202.477
602.471	342.851
613.641	89.8812
616.533	83.0818
612.167	421.275
618.33	386.71
624.973	312.649
628.283	145.304
632.766	308.19
636.007	133.159
636.007	133.159
632.834	445.591
645.116	202.868
637.966	393.36
643.648	272.749
654.734	293.704
656.599	301.372
654.957	413.516
663.303	106.588
663.303	106.588
667.67	174.927
664	280.079
675.811	-0.0335944
666.634	287.159
666.71	439.529
674.193	92.9428
686.038	154.586
700.223	92.4276
15.6743	266.53
20.4546	442.007
23.3898	432.934
22.9611	400.725
32.6975	279.362
40.3066	371.173
49.7236	15.8266
46.3997	220.667
61.1008	440.494
66.4161	117.026
78.6249	251.986
82.1397	297.06
89.1567	58.0056
97.2108	87.6344
96.1186	338.163
96.1186	338.163
104.34	277.67
105.845	446.717
107.291	171.952
112.933	94.6601
115.952	288.249
117.826	221.924
119.038	187.206
122.289	111.56
128.906	201.308
129.859	141.49
133.668	457.907
134.891	308.743
137.695	245.712
138.365	214.528
140.663	312.853
141.755	364.558
146.964	459.734
169.822	136.452
170.205	275.824
179.438	157.797
193.202	36.2574
204.918	123.299
211.362	56.3678
210.348	140.924
210.348	140.924
206.447	436.134
219.096	59.3593
232.268	128.19
235.842	237.187
241.66	330.825
253.882	419.838
255.333	281.927
257.647	294.333
269.727	378.875
269.588	444.707
284.582	61.1683
285.406	54.0646
287.406	35.3021
292.463	24.9461
287.541	398.232
289.182	409.991
303.432	270.316
315.36	354.453
413.149	227.343
413.149	227.343
436.038	47.3128
436.038	47.3128
451.349	107.852
461.078	387.414
476.403	388.87
491.698	271.911
491.698	271.911
491.069	302.11
502.666	112.628
497.594	344.749
507.508	142.844
509.216	73.4229
509.727	64.408
517.077	68.5536
514.427	333.948
521.83	337.439
536.84	135.8
538.11	85.4953
544.922	349.253
552.717	136.045
555.422	350.263
558.294	388.109
570.155	172.665
570.155	172.665
566.337	396.042
571.404	202.586
572.996	258.377
578.669	11.1939
578.669	11.1939
571.973	451.225
571.973	451.225
580.693	209.889
593.972	161.877
589.502	444.781
596.378	188.905
597.413	118.018
600.406	202.485
602.527	342.847
600.406	419.452
618.487	386.898
625.042	312.624
626.058	247.831
626.085	304.723
635.984	133.205
635.668	70.5734
635.668	70.5734
632.848	445.703
645.151	202.894
638.194	393.464
643.701	272.756
654.775	293.646
654.793	413.415
663.902	280.118
675.756	-0.039512
670.921	139.377
666.765	287.048
677.602	305.476
685.971	175.374
689.763	106.702
693.622	143.6
700.185	92.4104
709.995	48.1681
15.6889	266.479
23.0857	400.871
23.398	432.927
27.6639	145.412
27.9568	202.244
32.9712	279.333
40.2422	371.197
41.7917	445.539
46.0557	91.3002
49.7333	15.8253
46.4076	220.684
46.4076	220.684
61.1832	440.442
63.5485	107.689
70.4082	369.83
70.4082	369.83
78.5947	252.011
82.1079	297.024
89.1981	58.0544
89.1385	435.742
102.033	326.301
104.38	277.599
107.305	171.94
112.842	94.6288
119.093	187.129
122.281	111.542
128.897	201.298
129.903	141.461
133.155	129.524
133.697	457.921
133.697	457.921
136.95	291.067
137.951	201.137
137.702	245.691
140.449	393.286
164.161	150.804
167.043	317.122
170.191	275.851
205.827	164.204
204.839	123.224
211.348	56.2741
210.321	140.909
219.164	59.3937
241.59	330.805
264.102	95.2813
253.94	419.915
255.266	281.924
257.644	294.336
260.508	419.066
269.207	444.751
269.207	444.751
269.737	378.888
271.666	393.402
284.624	61.1764
285.372	54.0455
287.372	35.3169
287.401	398.25
303.442	270.298
315.553	41.4041
315.306	354.563
413.009	227.293
413.009	227.293
436.007	47.3296
436.007	47.3296
484.772	31.3665
477.55	388.664
481.491	387.728
492.419	103.343
488.115	257.733
488.115	257.733
492.783	45.4347
491.046	301.682
497.109	344.64
495.48	367.112
502.68	112.672
507.501	142.787
509.216	73.4423
514.347	56.5895
521.854	337.436
522.953	326.846
540.852	74.4199
534.954	395.179
541.538	132.232
545.773	137.08
555.478	350.234
552.372	457.042
560.523	179.214
556.407	401.814
560.58	376.029
572.985	258.347
576.668	188.452
578.698	11.1507
578.698	11.1507
572.038	451.216
580.516	194.672
582.212	216.695
589.625	444.886
600.523	202.49
602.485	342.796
612.073	421.265
619.127	292.105
618.444	386.869
626.423	63.2877
626.423	63.2877
626.12	247.782
626.12	247.782
628.45	145.282
630.82	101.9
632.803	308.13
632.876	445.672
645.193	202.878
643.528	143.785
637.809	393.285
651.608	115.062
657.661	154.74
656.468	301.348
656.468	301.348
654.788	413.446
663.552	106.54
663.552	106.54
667.306	174.948
663.945	280.099
670.246	193.727
675.788	-0.0588053
675.788	-0.0588053
666.164	439.295
673.189	248.086
699.864	92.4335
700.873	47.8549
15.6731	266.442
20.3264	442.074
23.4399	432.891
27.8436	202.367
32.7157	279.283
33.3411	138.709
40.2577	371.314
49.7132	15.8167
46.439	220.636
46.439	220.636
63.1742	237.287
66.3818	116.979
81.8071	136.767
82.0714	297.044
89.243	58.1718
97.2758	87.5592
96.1081	338.133
96.1081	338.133
102.116	326.373
104.315	277.713
105.854	446.731
105.854	446.731
107.325	171.966
119.097	187.109
122.267	111.481
123.616	228.207
126.028	297.893
128.891	201.359
133.689	457.929
137.548	245.853
138.64	171.665
141.791	295.451
140.409	393.223
141.841	364.417
146.982	459.665
147.451	389.845
164.145	150.836
166.882	136.399
170.2	275.863
193.385	36.0491
204.591	107.048
205.934	164.104
211.254	56.2851
210.317	140.917
219.015	59.3426
232.27	128.249
235.746	237.252
241.567	330.863
253.866	419.885
255.407	281.87
257.665	294.296
269.454	444.668
269.762	378.865
271.8	435.452
285.348	54.017
287.354	35.3351
289.444	48.2815
282.359	387.673
289.181	410.03
303.476	270.294
315.538	41.3866
315.323	354.494
413.014	227.194
413.014	227.194
436.027	47.2397
436.027	47.2397
468.427	392.524
490.377	115.136
481.644	387.689
488.123	257.773
488.123	257.773
491.212	302.039
500.637	61.1366
497.148	344.617
502.677	112.66
509.229	73.4687
514.344	56.5714
515.451	47.6193
514.462	333.808
525.82	96.709
521.83	337.438
532.657	18.5047
535.141	395.159
544.732	122.302
555.466	350.236
560.527	376.093
570.16	172.692
566.271	396.041
571.386	202.572
572.981	258.37
576.787	188.52
578.678	11.2191
571.91	451.109
571.91	451.109
582.208	216.687
589.564	444.854
600.409	202.493
600.324	419.492
608.82	363.652
616.541	83.1251
619.838	74.989
619.161	292.151
618.44	386.834
626.088	247.775
626.088	247.775
626.026	304.777
630.783	101.876
630.783	101.876
637.153	153.965
632.896	445.634
645.182	202.927
637.988	393.359
653.717	160.284
654.759	293.647
654.897	413.466
663.823	280.15
675.792	-0.0709736
670.881	139.369
666.602	439.511
673.169	248.061
679.767	143.835
677.617	305.512
685.606	175.351
686	133.508
700.066	92.4401
710.35	48.1819
