20.4782	442.07
22.9897	400.742
33.2091	279.369
34.0056	256.952
40.3995	371.074
49.6951	15.8051
46.0759	91.2565
46.1935	161.035
66.1524	116.93
74.4899	269.915
78.6188	251.921
95.2677	139.078
97.1097	87.6114
96.2087	337.986
96.2087	337.986
99.1567	289.564
101.843	440.03
114.179	442.832
115.928	288.29
119.899	124.938
119.069	187.197
119.069	187.197
122.286	111.589
121.316	210.905
129.979	141.452
133.166	129.477
136.97	291.052
137.709	245.653
141.706	295.597
142.289	446.352
140.197	393.244
141.78	364.64
150.4	449.944
156.48	183.237
170.884	206.819
185.311	235.887
204.382	106.925
205.837	164.121
211.222	56.3027
217.258	28.2775
219.205	59.4338
219.345	464.79
232.332	128.242
239.441	181.257
235.935	237.281
228.334	403.101
255.195	281.927
267.563	361.95
285.445	54.0965
272.971	466.638
274.414	396.428
289.362	48.1695
297.828	8.12989
282.178	387.746
315.52	41.3005
315.37	354.662
413.052	227.394
413.052	227.394
448.835	98.1076
448.835	98.1076
468.239	53.222
467.873	392.564
477.818	388.171
482.498	387
488.071	257.673
488.071	257.673
496.201	343.824
507.573	142.876
509.246	73.4047
512.943	68.2735
528.697	100.566
536.583	121.081
540.866	74.1991
535.297	322.468
548.024	320.603
554.997	155.602
560.76	361.602
566.534	396.239
570.169	352.917
574.821	163.374
579.064	11.7022
579.064	11.7022
571.989	451.371
571.989	451.371
584.131	32.3256
589.719	133.727
595.335	42.7953
596.425	188.707
589.328	444.291
596.432	280.679
600.611	202.477
601.988	190.802
608.138	363.462
616.896	310.396
618.592	253.486
621.634	122.506
617.379	385.66
627.562	199.567
626.359	63.2271
626.359	63.2271
624.682	422.287
634.423	298.673
632.949	445.8
635.613	391.845
657.734	154.757
654.571	413.142
666.505	287.268
666.608	439.536
673.378	248.423
677.485	305.417
677.485	305.417
686.09	154.531
695.882	99.9936
710.086	48.187
719.542	139.781
16.0127	266.484
20.5554	442
22.8715	400.589
32.9638	279.274
40.3921	370.961
49.7183	15.809
46.047	91.2313
46.3758	220.695
74.4064	269.888
78.6558	251.968
78.5892	441.817
86.8957	315.642
95.189	105.362
95.2303	139.194
97.1055	87.6371
95.2607	329.752
96.1968	338.019
101.854	439.979
115.91	288.374
119.85	124.973
118.897	172.193
117.739	221.963
122.271	111.61
123.438	228.353
124.153	288.597
129.937	141.487
133.257	129.565
137.601	245.739
142.293	446.244
144.39	304.438
144.452	453.624
140.216	393.363
141.745	364.595
156.523	183.187
170.9	206.821
178.816	279.081
205.885	164.138
204.847	123.357
211.247	56.3734
217.137	28.275
219.245	59.4197
239.435	181.257
235.84	237.259
228.364	403
244.735	324.733
255.245	281.918
273.686	134.881
267.57	361.953
284.586	61.1103
285.325	53.9803
271.667	393.374
271.763	435.619
274.504	396.379
310.87	41.1655
315.656	41.3587
413.165	227.635
413.165	227.635
467.954	392.65
484.825	31.5347
489.477	95.8587
490.284	115.153
482.416	387.024
488.084	257.671
488.084	257.671
491.316	302.165
500.742	61.2179
496.311	343.817
507.543	142.937
509.215	73.4482
512.95	68.2955
520.51	83.7069
528.667	100.608
532.162	18.8407
532.162	18.8407
535.267	322.462
534.943	395.027
548.471	124.394
548.063	320.62
555.643	350.075
560.588	179.139
552.27	456.968
566.676	396.602
570.18	353.002
579.525	153.443
572.198	451.659
580.889	209.918
584.224	32.3809
588.676	213.449
595.375	42.796
596.377	188.803
596.433	280.638
600.692	202.475
600.102	418.906
609.376	144.766
611.336	137.074
611.336	137.074
613.655	89.9158
608.635	363.255
618.489	253.559
617.389	385.692
626.359	63.2373
626.278	304.602
634.345	298.715
632.98	445.794
635.556	391.761
654.804	293.621
656.593	301.268
654.53	412.939
663.367	106.586
663.367	106.586
666.478	287.289
666.192	439.199
673.981	92.9209
673.382	248.4
691.811	158.327
691.811	158.327
699.511	53.9604
20.4809	441.97
27.679	145.457
33.056	279.39
37.9671	270.315
40.2993	371.103
46.0543	91.3183
49.6899	15.7957
46.0538	161.255
46.3868	220.659
51.3224	354.601
64.2531	41.738
74.5843	270.088
78.6511	251.971
78.5986	441.83
86.8672	315.616
86.8672	315.616
95.1633	105.38
97.2538	87.5635
101.883	439.932
106.608	158.048
108.876	346.112
119.911	124.935
117.699	221.981
122.361	111.609
125.938	298.074
133.202	129.525
138.03	201.099
137.726	245.712
141.725	295.576
142.307	446.241
144.887	203.489
140.181	393.362
141.866	364.519
150.413	450
156.449	183.254
164.235	150.772
185.301	270.391
205.908	164.052
211.278	56.3797
217.236	28.2682
219.362	464.853
232.289	128.237
236.178	55.1449
239.435	181.267
235.84	237.202
228.216	403.113
242.762	450.903
254.449	419.722
255.277	281.905
273.838	134.951
267.571	361.958
285.378	54.0337
271.77	393.336
271.783	435.386
289.268	48.2276
297.864	8.17971
282.246	387.747
315.498	41.3494
303.429	270.355
413.159	227.57
413.159	227.57
455.444	124.304
455.444	124.304
468.189	53.0171
467.905	392.656
481.909	22.7384
484.871	31.8396
477.427	388.259
482.4	387.02
488.103	257.724
488.103	257.724
496.234	343.823
509.245	73.4389
512.948	68.2601
506.445	335.826
520.515	83.7508
532.235	18.7709
536.543	121.122
536.543	121.122
544.607	350.122
548.045	320.612
560.662	179.203
552.364	456.875
568.679	3.34669
566.597	396.451
570.186	352.924
574.839	163.369
572.254	451.719
584.237	32.3553
589.686	133.666
595.052	123.805
595.328	42.7561
596.42	280.666
598.828	237.184
601.808	190.84
602.688	342.549
600.061	418.958
609.384	144.782
619.638	202.407
616.907	310.388
618.442	253.599
617.173	385.543
626.317	63.2069
626.317	63.2069
634.45	298.661
633.062	445.839
635.74	391.875
657.826	154.742
656.466	301.3
654.533	413.037
663.196	106.604
663.196	106.604
663.874	280.167
666.427	287.328
675.373	164.067
666.406	439.141
677.564	305.454
15.8585	266.456
20.4677	442.002
23.1429	400.389
32.9482	279.312
40.3098	371.324
49.7425	15.8416
46.1462	91.2023
46.3476	220.677
74.4228	269.905
78.6661	251.956
78.589	441.844
86.908	315.62
95.2137	105.337
95.2999	139.053
97.2395	87.5838
95.4114	329.658
96.1686	338.062
101.851	439.976
106.568	158.031
115.947	288.271
119.937	124.887
117.768	221.952
122.364	111.611
126.075	297.845
128.019	188.639
133.181	129.488
137.62	245.793
141.722	295.526
145.057	203.303
144.447	453.606
140.14	393.27
141.866	364.45
152.03	160.5
150.4	449.963
184.111	154.405
178.829	279.084
204.44	106.972
206.015	164.022
211.261	56.3137
217.22	28.2872
204.994	281.203
219.308	59.462
232.295	128.353
239.452	181.269
228.264	403.07
242.636	450.946
254.02	419.942
255.298	281.903
267.568	361.954
284.532	61.009
285.355	54.0135
287.389	35.3191
271.614	393.286
271.797	435.542
297.919	8.44411
282.252	387.745
303.407	270.324
312.402	340.074
413.155	227.526
413.155	227.526
475.569	71.1344
467.983	392.767
484.803	31.5571
484.138	93.3702
477.776	388.183
490.295	115.082
488.124	257.79
488.124	257.79
494.924	366.692
494.924	366.692
507.496	142.836
509.263	73.4448
512.936	68.2648
520.519	83.7523
522.696	39.3958
522.25	397.826
535.293	322.497
541.76	132.123
543.532	152.579
546.343	117.025
548.043	320.594
555.68	350.047
560.599	179.207
560.793	361.609
566.533	396.318
579.116	11.6854
572.162	451.66
580.649	209.834
584.225	32.3871
594.584	172.431
595.334	42.7471
596.412	280.688
598.875	237.236
600.159	418.977
608.294	363.544
618.436	253.582
623.353	94.5227
623.353	94.5227
617.317	385.642
627.576	199.577
626.392	63.2505
626.392	63.2505
632.687	308.191
634.187	298.775
633.081	445.828
635.445	391.713
647.959	170.631
654.515	293.725
654.513	413.078
663.859	280.156
666.487	287.265
666.259	439.181
673.714	92.9336
684.216	99.7187
677.482	305.407
686.268	154.538
691.753	158.413
699.694	132.263
699.81	54.01
17.8844	255.163
15.9883	156.14
20.4037	442.059
28.0398	202.323
37.7007	270.243
40.1126	371.28
41.546	445.712
44.6317	75.1628
46.4709	220.652
51.1314	354.7
54.8973	125.421
63.2246	237.107
78.507	64.3927
76.2074	455.496
81.1603	49.5659
79.5102	177.703
85.0682	444.453
92.1328	264.932
96.1967	338.074
99.412	289.825
101.954	326.255
107.261	172.084
119.998	124.881
121.483	210.968
127.637	235.234
128.898	201.319
135.026	308.642
135.026	308.642
137.802	245.694
141.974	461.103
140.305	393.356
147.51	445.608
151.17	432.377
167.519	136.277
184.06	154.394
179.125	279.14
205.011	123.369
211.358	56.4001
210.289	140.9
224.488	93.2419
222.144	469.345
232.322	128.274
239.492	181.219
235.914	237.136
241.805	330.733
251.234	153.318
255.336	281.861
257.59	294.314
268.896	444.688
284.674	61.3012
285.357	54.0527
274.56	396.423
292.455	24.7911
281.94	436.404
287.51	398.266
287.325	374.284
287.325	374.284
304.401	393.384
414.417	224.528
414.417	224.528
435.951	47.086
435.951	47.086
448.781	97.8875
451.38	107.915
455.418	124.331
455.418	124.331
461.69	38.6549
475.489	71.081
482.081	23.0275
476.951	388.348
482.434	386.927
488.093	257.649
488.093	257.649
491.097	301.927
495.94	343.573
507.522	142.925
511.011	73.0264
521.619	336.749
522.325	325.999
522.325	325.999
536.676	121.074
536.676	121.074
538.064	85.6035
540.812	74.2014
534.807	394.889
555.142	155.505
552.352	456.891
560.485	179.257
555.888	401.387
560.809	361.584
559.934	375.889
572.478	256.384
578.912	11.5252
578.912	11.5252
571.77	450.746
582.136	216.691
591.901	235.381
596.391	280.601
600.464	202.538
601.759	190.839
600.161	419.004
611.265	136.994
611.265	136.994
613.77	89.9808
617.122	310.252
618.978	291.946
627.605	199.583
626.233	247.671
635.485	70.6698
633.025	445.698
635.913	391.922
653.56	160.209
670.596	139.403
666.43	287.279
670.963	132.637
666.368	439.199
675.176	163.989
673.805	92.981
677.388	305.189
684.372	292.366
691.275	158.379
700.082	92.4169
