15.7205	266.545
23.4048	432.947
22.8306	400.748
37.8507	270.256
39.3183	370.366
40.2847	371.317
41.7671	445.493
46.0621	91.2514
49.6909	15.7997
46.1922	161.118
46.4676	220.517
51.2696	354.614
64.5867	41.6479
63.0813	237.3
78.7167	251.84
82.3423	331.138
86.9101	315.583
97.1363	87.6255
99.4624	289.775
101.828	440.119
107.322	171.853
114.11	443.089
117.773	221.959
119.897	124.909
119.897	124.909
124.783	447.866
129.881	141.483
137.95	201.265
137.66	245.763
141.665	295.642
144.43	304.514
144.283	454.163
146.272	214.34
141.788	364.471
164.346	150.765
167.164	136.323
178.87	279.078
204.225	106.764
205.877	164.118
211.264	56.3554
217.117	28.1784
205.184	281.19
242.429	63.5317
228.408	403.109
241.561	330.819
244.827	324.707
253.991	419.664
255.354	281.798
273.917	135.19
267.523	361.967
269.328	378.914
271.704	393.3
284.571	61.0915
285.318	53.9787
297.645	7.67766
296.786	392.514
303.432	270.295
315.643	41.4827
312.404	340.179
315.677	346.43
413.115	227.255
475.092	71.0125
481.944	22.7051
484.725	31.4237
478.088	388.618
492.431	103.384
488.093	257.689
488.093	257.689
495.298	367.355
495.298	367.355
503.755	116.657
507.566	142.86
509.218	73.3993
517.729	89.4048
532.58	18.5181
532.58	18.5181
526.912	352.914
536.727	135.569
540.849	74.0068
535.216	395.315
544.658	122.174
548.381	320.886
552.56	148.711
553.758	305.553
562.634	352.232
571.413	202.71
566.421	396.279
572.486	256.447
576.665	188.474
572.076	451.352
572.076	451.352
583.494	274.522
585.927	264.066
588.631	238.855
594.99	123.804
595.562	43.1829
596.452	188.581
597.335	117.926
598.407	237.141
602.641	342.887
600.446	419.655
615.849	471.903
618.754	387.085
626.504	63.2757
626.504	63.2757
625.056	312.616
632.827	308.073
642.798	158.711
633.005	445.876
636.157	392.682
654.649	293.729
654.733	413.495
663.911	280.121
675.891	-0.141741
675.891	-0.141741
666.734	287.099
686.175	175.313
705.823	155.205
711.673	143.38
710.974	120.535
710.501	48.2002
15.7599	266.518
23.0998	400.492
23.3344	432.844
37.5606	270.084
40.3369	370.914
41.65	445.483
46.1854	91.2145
49.7559	15.8362
64.4289	41.6837
78.746	251.799
82.0947	297.072
89.1732	58.0198
86.8316	315.633
96.0629	338.198
101.839	440.107
104.344	277.646
106.545	158.189
106.545	158.189
108.918	346.052
114.058	443.158
119.91	124.952
122.429	111.709
121.322	210.749
124.818	447.786
127.749	189.348
127.749	189.348
133.113	129.577
134.954	308.613
137.563	245.874
140.765	312.779
141.798	364.589
147.474	445.573
151.92	160.367
168.05	136.496
178.956	145.98
179.026	279.103
205.916	164.109
205.046	123.29
211.367	56.3415
210.527	141.127
217.217	28.2605
215.213	133.111
227.963	465.889
235.943	237.245
233.758	405.608
233.758	405.608
244.696	324.649
255.205	281.927
269.534	444.705
269.63	378.874
285.355	54.0068
274.555	396.458
292.459	24.6423
291.498	51.0605
287.266	374.268
303.426	270.289
315.725	346.453
413.072	226.609
448.92	3.05256
451.34	107.858
461.269	387.476
482.01	23.0054
476.871	388.83
488.134	257.783
488.134	257.783
492.78	45.4139
491.222	302.32
495.391	367.277
495.391	367.277
503.775	116.552
507.544	142.668
509.197	73.4054
506.66	336.303
517.791	89.4221
523.44	38.3573
521.866	337.555
528.443	100.601
522.961	326.896
522.281	398.172
536.553	121.109
538.116	85.5024
543.601	152.609
541.65	394.112
547.868	179.406
546.436	387.281
560.537	376.142
568.594	3.25445
571.296	202.832
573.17	258.105
571.834	450.863
571.834	450.863
582.175	216.702
594.893	123.773
595.297	42.7097
590.292	445.296
596.439	280.604
598.631	236.925
600.7	202.543
601.183	184.301
601.792	190.795
601.378	342.601
611.184	136.884
612.06	421.539
612.06	421.539
617.052	310.26
618.833	387.339
626.489	63.2124
626.312	247.629
632.724	308.13
635.579	70.6245
632.775	445.632
654.992	413.473
664.343	143.385
663.974	280.09
670.624	139.345
666.711	287.132
666.048	439.221
675.387	156.221
677.365	305.193
677.365	305.193
706.629	115.426
710.08	48.1563
15.8068	266.534
22.9629	400.486
23.5176	432.858
33.0048	279.303
40.3705	371.12
41.5902	445.551
49.6692	15.8403
46.2802	220.746
51.3618	354.392
60.717	130.057
66.3861	117.03
78.3862	64.3499
78.3862	64.3499
78.6377	251.981
78.5798	441.942
82.0671	297.052
89.0849	435.818
95.2246	155.412
96.1971	338.113
101.956	326.295
104.403	277.645
119.115	187.179
121.366	210.891
124.817	447.772
128.91	201.295
131.067	243.512
133.1	129.443
135.044	308.534
137.626	245.772
140.665	312.914
146.324	214.249
142.005	364.202
148.331	415.776
152.219	457.021
166.924	136.392
168.154	425.128
179.462	157.768
192.967	36.395
195.341	156.058
206.028	164.043
211.293	56.3451
243.215	115.607
251.3	153.594
244.705	324.652
259.342	129.809
255.329	281.883
257.634	294.291
267.529	361.968
269.542	444.757
269.542	444.757
269.28	378.917
271.591	393.339
284.544	60.9967
274.493	396.438
292.41	24.75
291.673	50.924
292.95	169.66
282.672	436.693
287.476	398.3
287.237	374.423
296.796	392.457
315.606	41.4351
309.855	243.389
315.778	346.461
413.051	226.13
455.439	124.299
455.439	124.299
475.288	70.9575
468.58	392.952
481.939	22.7649
484.551	31.1611
477.975	388.616
492.95	45.6703
495.103	367.562
495.103	367.562
507.53	142.939
506.693	336.355
520.504	83.6956
523.357	38.3957
522.935	326.873
540.85	74.1253
535.027	395.281
546.247	116.818
548.509	124.377
548.568	158.529
544.902	349.295
548.313	320.908
555.441	350.271
552.292	456.729
558.361	388.313
571.389	202.685
572.466	256.373
574.759	163.309
579.073	11.7255
571.907	451.012
580.851	209.873
596.466	188.645
590.397	445.295
598.852	237.083
601.266	342.536
600.504	419.699
611.17	136.932
611.17	136.932
618.508	253.55
618.955	291.919
618.597	387.089
626.248	63.1387
626.248	63.1387
626.27	247.651
634.583	184.198
632.767	308.17
632.802	445.703
636.383	392.834
652.552	193.407
654.906	413.519
666.612	287.194
666.381	439.247
675.186	164.075
673.859	92.9625
672.711	283.561
679.998	143.813
677.75	305.722
677.75	305.722
686.061	154.491
675.325	439.375
697.437	118.582
700.011	54.0275
23.3915	432.855
23.016	400.332
32.7207	279.247
37.5071	270.124
40.3274	371.287
46.1383	91.2576
43.0243	436.695
49.7224	15.8066
46.4261	220.624
51.2766	354.541
63.1236	237.284
66.5056	117.005
78.5859	441.875
78.7417	251.767
82.1581	297.088
89.1441	58.006
86.889	315.691
95.2771	105.198
106.563	158.107
106.563	158.107
108.835	346.17
114.066	443.135
121.349	210.797
124.848	447.711
125.999	297.975
129.897	141.48
133.116	129.536
137.57	245.834
138.349	214.309
144.9	203.508
144.306	454.171
168.033	136.46
178.997	279.09
180.646	292.639
195.321	156.058
204.235	106.867
205.92	164.122
211.288	56.3482
235.883	237.233
242.429	450.919
266.206	99.399
255.305	281.897
276.632	183.88
269.68	378.875
269.417	444.723
271.635	393.352
284.431	60.8758
285.295	53.9719
292.351	24.6342
291.506	51.1003
287.442	398.236
287.311	374.333
287.311	374.333
296.792	392.486
315.737	41.365
413.086	226.699
468.712	392.87
482.097	23.229
484.712	31.4085
476.603	388.92
490.303	115.173
492.61	128.234
498.186	345.024
507.613	142.69
501.562	362.265
509.177	73.3673
512.89	68.3103
506.703	336.404
515.86	74.725
520.504	83.734
532.449	18.5547
536.664	121.074
536.664	121.074
535.139	395.278
548.383	320.94
552.999	288.648
555.402	350.252
557.842	321.11
552.358	456.865
560.447	179.056
558.284	388.317
560.596	376.103
568.543	3.33153
571.465	202.733
574.823	163.328
571.928	450.932
580.971	209.888
585.786	263.943
588.299	238.56
594.642	172.562
595.185	42.5972
590.327	445.324
597.422	118.009
597.422	118.009
596.409	280.54
598.947	237.098
601.277	184.211
601.423	342.536
600.49	419.665
613.676	89.9458
618.553	57.1824
618.998	291.961
618.88	387.382
624.737	422.898
632.846	308.139
632.788	445.655
663.91	280.151
666.588	287.186
666.038	439.292
675.26	156.219
677.432	305.186
686.27	175.373
675.719	439.443
684.313	292.414
695.7	100.013
718.737	107.84
23.0268	400.653
23.4931	432.897
27.6193	145.509
32.9122	279.305
37.6145	270.191
40.2971	371.231
41.8926	445.521
49.6041	15.8027
46.2443	161.027
46.2443	161.027
51.2217	354.677
54.9404	125.495
64.421	41.8694
61.0902	130.418
61.1039	440.545
63.0924	237.292
78.4128	64.3522
78.4128	64.3522
78.668	251.941
82.0512	297.071
99.5597	289.832
108.787	221.461
114.077	443.13
121.396	210.848
124.852	447.733
126	298.017
133.17	129.579
138.038	201.111
138.038	201.111
137.618	245.808
140.691	312.917
156.368	183.308
155.831	461.702
164.239	150.824
166.775	136.351
167.982	424.978
178.691	279.122
192.977	36.3974
205.964	164.111
211.289	56.3621
210.347	140.934
243.229	115.559
235.786	237.21
235.522	398.537
244.765	324.634
252.348	440.845
273.692	134.941
267.544	361.963
269.441	378.927
284.507	61.066
291.722	50.8023
282.719	436.697
297.61	7.77503
287.316	398.309
287.297	374.464
287.297	374.464
296.786	392.455
315.586	41.4372
413.051	226.149
468.703	392.861
481.964	22.8854
484.831	31.6972
476.62	388.908
492.837	45.451
491.271	302.018
495.522	367.194
496.344	344.84
503.676	116.703
507.576	142.95
509.247	73.4767
506.692	336.458
513.503	140.333
517.689	89.3602
520.52	83.6981
521.904	337.588
526.223	327.338
532.597	18.5023
541.482	132.237
535.022	395.159
544.667	122.147
548.462	158.524
544.931	349.335
552.308	456.608
560.401	179.024
566.294	396.04
571.371	202.881
570.059	353.344
572.483	256.404
579.08	11.7611
571.912	451.068
582.168	216.741
585.794	263.941
588.85	171.112
591.908	235.382
595.563	43.0379
596.416	188.819
589.431	444.845
596.395	280.526
598.915	237.128
601.566	114.245
616.579	83.0815
611.932	421.636
619.138	292.085
621.677	122.459
618.589	387.113
626.467	63.2917
624.973	422.945
632.666	308.212
632.831	445.69
654.891	413.527
663.797	280.19
666.6	287.196
666.116	439.205
673.287	93.1574
673.287	93.1574
678.321	107.41
677.374	305.252
677.374	305.252
686.516	175.318
675.102	439.368
697.409	118.603
706.035	155.166
