20.4941	442.001
23.0367	400.423
27.9922	202.379
33.1158	279.337
37.9023	270.214
40.4198	371.238
41.6764	445.664
49.6906	15.8099
46.4199	220.662
46.4199	220.662
51.1925	354.701
54.7356	125.273
65.4331	282.486
78.2521	64.524
74.4135	270.058
82.1868	297.061
89.0612	435.931
92.7121	443.575
101.046	74.2421
99.2807	289.776
106.543	158.178
106.543	158.178
108.802	346.238
119.859	124.945
128.905	201.268
133.219	129.475
135.014	308.648
137.751	245.718
141.644	295.73
142.042	460.998
145.019	203.27
140.115	393.377
141.83	364.656
148.322	415.648
150.92	463.076
167.125	136.331
178.843	279.124
195.357	156.009
205.909	164.121
211.235	56.3708
210.384	141.001
217.264	28.3013
232.401	128.402
235.774	237.257
233.723	405.636
241.97	330.679
251.368	153.47
255.247	281.895
255.247	281.895
257.615	294.281
267.579	361.957
269.437	444.757
269.414	378.912
271.728	393.339
280.04	130.561
271.794	435.46
284.708	61.2657
291.795	50.5781
282.224	436.011
297.601	7.27612
287.347	398.324
287.361	374.329
287.361	374.329
296.784	392.499
315.359	41.4374
413.162	225.666
413.162	225.666
451.376	107.758
451.376	107.758
461.335	387.462
475.252	71.0125
484.627	31.2999
477.613	388.769
491.809	272.209
491.443	302.174
512.955	68.2758
506.757	336.503
510.465	371.841
514.551	333.684
520.535	83.7152
521.892	337.64
532.624	18.5109
532.624	18.5109
540.836	74.2119
541.683	132.117
535.03	395.188
546.312	116.76
544.641	350.134
556.555	401.838
560.623	361.815
573.115	258.27
571.956	451.049
571.956	451.049
579.405	153.364
584.365	144.164
588.726	213.423
588.726	213.423
594.926	123.711
595.343	42.8165
589.458	444.855
590.493	445.399
596.413	280.687
599.245	151.103
600.758	202.601
601.515	342.541
607.156	192.779
606.207	252.031
609.382	144.81
614.794	142.164
612.361	421.69
612.361	421.69
619.007	291.972
618.984	387.442
626.334	63.2122
635.602	70.7348
644.995	308.932
654.898	413.515
664.163	143.48
663.899	280.133
663.507	301.499
670.631	139.399
666.604	287.17
666.139	439.147
674.104	92.9167
677.616	305.596
687.502	187.534
686.209	154.553
674.13	439.127
700.053	92.3852
23.0181	400.216
23.46	432.794
28.0856	202.271
32.9394	279.362
37.6917	270.18
40.5045	371.106
41.5589	445.674
49.6523	15.8308
46.4518	220.609
46.4518	220.609
51.1842	354.551
55.0726	125.479
64.2531	41.6817
65.4053	282.399
78.218	64.5536
74.4484	270.033
82.1017	297.014
92.7128	443.57
97.1859	87.653
95.3536	155.278
99.3447	289.807
107.277	171.917
110.195	452.573
119.874	124.941
127.915	188.858
133.256	129.516
134.915	308.738
134.915	308.738
137.979	201.266
137.719	245.659
140.176	393.318
150.899	463.077
156.173	468.805
164.294	150.805
167.031	136.299
178.825	279.095
195.321	156.018
204.908	123.285
211.319	56.3312
217.297	28.2598
205.292	281.266
215.239	133.111
239.547	181.248
228.289	402.974
241.889	330.82
251.379	153.504
242.664	450.931
253.849	419.993
255.284	281.822
257.628	294.261
267.582	361.96
269.324	444.785
269.385	378.888
284.627	61.2073
291.782	50.5637
282.245	387.767
282.157	436.007
297.584	7.40768
297.584	7.40768
287.438	398.309
287.363	374.321
287.363	374.321
315.401	41.4743
413.223	225.981
413.223	225.981
440.918	67.2422
455.403	124.362
455.403	124.362
461.295	387.494
484.546	30.9441
477.936	388.675
488.103	257.668
488.103	257.668
500.638	61.1951
507.617	142.817
512.96	68.2769
506.731	336.402
510.459	371.841
520.518	83.715
521.895	337.632
523.233	326.988
532.029	81.7414
536.772	121.046
538.228	141.054
535.145	395.171
541.655	394.052
555.372	350.258
564.391	154.565
560.667	361.806
571.417	202.7
573.126	258.234
578.944	11.5792
578.944	11.5792
572.012	451.176
572.012	451.176
579.486	153.415
582.175	216.754
595.318	42.7608
596.426	188.693
590.355	445.392
596.418	280.672
600.899	202.579
601.445	163.355
600.503	260.707
601.324	342.602
611.323	137.011
613.766	89.9648
612.106	421.606
612.106	421.606
619.072	292.053
621.721	122.527
618.976	387.45
626.506	63.2928
632.592	308.268
632.861	445.69
644.904	202.919
654.982	413.607
663.896	280.133
663.422	301.57
670.635	139.388
666.606	287.167
666.278	439.239
675.317	156.281
674.217	92.8986
677.639	305.572
687.428	187.638
700.158	54.0351
705.471	138.593
23.4302	432.803
22.995	400.206
28.0855	202.25
33.1571	279.364
33.6007	138.473
37.752	270.213
40.332	371.18
41.6652	445.628
49.5751	15.8098
46.5327	220.524
46.5327	220.524
51.124	354.691
54.9745	125.426
64.3317	41.695
65.386	282.45
78.2893	64.5128
74.4189	270.041
82.3401	331.096
86.927	315.705
89.0537	435.939
97.2252	87.6163
106.518	158.178
106.518	158.178
110.292	452.513
119.82	124.98
122.872	455.14
128.551	157.483
133.255	129.606
133.742	457.932
137.718	245.642
140.698	312.889
141.65	295.714
146.139	214.477
140.109	393.333
141.979	364.364
148.298	415.741
167.12	136.344
170.836	206.923
179.41	157.794
178.764	279.035
211.271	56.3965
210.273	140.818
205.131	281.199
227.948	465.991
239.775	59.2371
243.203	115.714
251.38	153.522
264.199	95.2872
253.906	420.07
255.231	281.935
257.62	294.229
257.62	294.229
267.584	361.964
269.14	444.694
269.335	378.915
271.71	393.374
287.377	35.3341
291.843	50.5041
282.173	387.785
282.211	436.378
297.606	7.3801
297.606	7.3801
287.377	398.29
287.367	374.338
287.367	374.338
413.184	225.801
413.184	225.801
440.898	67.1617
461.347	387.463
482.02	22.8945
477.61	388.787
490.214	115.129
492.44	103.326
491.723	271.917
491.723	271.917
500.629	61.2055
495.531	367.242
507.57	142.563
512.94	68.253
506.722	336.428
514.432	334.171
520.565	83.6792
521.883	337.653
532.557	18.5904
532.557	18.5904
535.771	80.5903
536.553	121.122
535.177	395.205
546.3	116.775
541.662	393.989
555.388	350.25
564.349	154.652
560.643	361.816
573.116	258.251
571.947	451.159
571.947	451.159
579.464	153.409
588.761	213.415
588.761	213.415
590.525	221.999
595.039	123.835
595.235	42.7416
589.393	444.878
596.415	280.704
600.857	202.575
601.716	190.909
601.468	163.429
601.372	342.537
606.193	252.048
600.44	419.618
619.562	74.818
621.677	122.478
615.623	463.18
619.13	387.588
626.326	63.1443
626.115	304.674
624.871	422.997
645.052	308.829
654.859	413.451
664.482	143.411
663.96	280.118
663.477	301.438
670.65	139.428
666.607	287.166
666.272	439.219
673.924	92.9787
677.561	305.459
687.452	187.623
686.075	154.591
699.994	54.0309
20.5178	442.024
23.0164	400.214
28.0717	202.205
32.7984	279.342
37.7284	270.161
40.1992	370.947
41.6804	445.617
49.6784	15.8021
45.9814	161.313
46.478	220.568
46.478	220.568
51.3061	354.457
60.9855	130.25
65.3967	282.457
78.262	64.4944
74.4016	269.988
82.1721	297.065
89.0528	435.921
92.7196	443.544
97.1998	87.6225
96.0966	338.166
99.3574	289.825
119.874	124.958
119.076	187.147
133.226	129.541
134.985	308.582
134.985	308.582
137.714	245.681
142.057	461.017
145.049	203.271
140.115	393.366
155.815	461.814
167.026	136.375
170.848	206.96
179.2	145.919
184.088	154.397
178.873	279.069
205.173	123.382
211.319	56.3375
210.394	141.064
217.335	28.2425
205.111	281.243
243.309	115.59
235.903	237.253
241.914	330.767
251.362	153.486
253.838	419.893
255.267	281.857
257.638	294.244
267.58	361.959
269.519	444.734
269.316	378.908
271.675	393.363
271.806	435.528
285.46	54.1035
291.852	50.5265
282.109	387.779
282.17	436.053
297.586	7.50168
287.303	398.324
287.359	374.33
287.359	374.33
315.459	41.3902
413.173	225.791
413.173	225.791
436.043	47.427
436.043	47.427
451.367	107.768
461.308	387.475
477.52	388.796
492.426	103.3
488.093	257.668
491.057	301.966
507.546	142.767
501.675	362.184
511.007	73.1091
512.951	68.2766
506.802	336.576
524.08	90.8343
523.262	326.96
523.262	326.96
532.608	18.4457
536.526	121.098
540.85	74.2167
541.59	132.237
535.08	395.193
543.558	152.689
555.38	350.263
560.649	361.802
573.125	258.233
579.009	11.5703
571.956	451.068
571.956	451.068
579.475	153.411
582.167	216.694
588.756	213.401
594.954	123.738
595.346	42.8118
596.426	280.701
600.75	202.566
601.513	163.437
601.307	342.508
607.162	192.749
611.22	136.927
617.238	263.693
612.153	421.602
612.153	421.602
616.898	310.393
619.69	74.8653
618.464	386.923
633.563	49.7422
645.006	308.862
657.484	154.694
654.824	413.528
664.045	280.049
670.53	139.393
666.572	287.16
666.072	439.212
677.602	305.566
677.602	305.566
685.951	175.45
686.031	154.559
696.059	100.109
699.966	54.0278
709.249	75.7101
15.7114	266.488
22.8525	400.483
23.4376	432.852
27.5041	145.788
27.9754	202.333
37.7322	270.18
40.3864	371.185
41.6456	445.631
49.6192	15.772
51.285	354.673
54.8289	125.404
78.285	64.489
74.4613	270.063
82.161	297.042
89.0783	435.83
92.0893	265.006
92.7277	443.545
97.2359	87.6223
99.343	289.822
106.536	158.154
106.536	158.154
108.952	221.164
108.952	221.164
108.734	346.337
119.872	124.966
125.838	298.199
130.687	224.497
133.231	129.582
136.971	290.959
138.04	201.135
137.692	245.728
140.12	393.248
141.915	364.498
148.329	415.642
155.821	461.822
156.204	468.756
164.235	150.831
178.73	279.049
195.362	156.033
204.992	123.29
211.289	56.3465
210.391	141.082
217.18	28.3269
232.161	128.022
235.871	237.255
241.884	330.76
251.349	153.442
252.219	440.889
253.933	420.01
255.222	281.872
255.222	281.872
257.634	294.239
260.593	418.939
273.737	134.886
267.583	361.953
269.31	444.778
269.395	378.898
285.435	54.0685
291.779	50.5461
282.135	387.781
282.238	435.895
297.604	7.34822
287.323	398.301
287.359	374.333
287.359	374.333
303.486	270.313
315.459	41.531
413.203	225.925
413.203	225.925
451.373	107.853
451.373	107.853
478.692	388.512
488.085	257.737
488.085	257.737
492.721	45.2444
507.546	142.763
501.544	362.323
501.544	362.323
509.267	73.2976
506.716	336.408
520.532	83.7375
521.903	337.65
530.872	12.6743
530.872	12.6743
531.99	81.7054
536.685	121.037
541.562	132.205
535.074	395.149
543.584	152.779
555.328	350.289
557.89	321.163
556.248	401.689
563.408	168.727
560.644	361.822
571.363	202.724
573.109	258.243
571.854	450.94
571.854	450.94
582.154	216.771
591.87	235.396
595.031	123.807
595.343	42.8525
589.304	444.872
596.432	280.68
600.763	202.547
601.729	190.892
600.545	260.638
601.281	342.57
600.448	419.664
613.709	89.9439
612.152	421.653
619.068	292.038
621.65	122.438
618.911	387.444
626.361	63.2179
620.948	454.869
644.014	143.663
644.966	308.912
654.961	413.47
663.993	280.09
663.431	301.648
666.598	287.174
666.122	439.234
673.642	93.1387
677.637	305.589
687.272	187.703
686.014	154.559
709.328	75.7246
710.682	120.57
719.266	139.699
