22.9176	400.483
23.4333	432.994
27.8327	145.235
32.8553	279.336
37.635	270.184
40.3759	370.971
46.1084	91.2911
49.6829	15.8607
41.6122	445.499
46.0733	161.372
46.4456	220.614
51.4464	354.484
78.4133	64.4514
78.5791	441.869
86.8432	315.648
95.569	105.102
92.1983	264.71
92.1983	264.71
97.1855	87.6179
95.3079	139.107
96.156	338.075
114.088	443.121
115.949	288.316
119.847	124.96
121.48	210.848
133.147	129.521
138.031	201.059
136.963	291.058
145.11	203.135
144.292	454.209
152.079	160.368
150.112	450.636
164.22	150.825
166.633	136.377
164.534	279.635
167.947	425.001
192.926	36.5241
178.929	279.112
205.991	164.003
210.405	141.021
217.15	28.2733
239.727	36.5649
235.888	237.217
244.806	324.702
264.213	95.445
253.97	420.082
255.254	281.998
273.596	134.685
267.541	361.964
269.518	378.904
269.429	444.729
284.607	61.1027
285.367	54.0476
271.543	393.398
271.881	435.403
289.578	48.3957
297.733	7.80715
297.733	7.80715
287.436	398.293
287.357	374.312
287.357	374.312
305.239	45.255
296.774	392.489
412.179	225.845
436.02	47.5371
436.02	47.5371
448.978	2.97015
455.405	124.369
461.657	38.6206
468.68	393.04
483.959	93.064
476.373	389.087
488.078	257.744
495.286	367.511
495.286	367.511
499.268	304.141
507.505	142.966
509.147	73.3734
509.147	73.3734
506.727	336.445
520.512	83.7204
532.458	18.6515
536.688	121.048
536.789	135.615
540.83	74.237
543.556	152.643
541.637	394.345
544.686	350.208
544.863	349.433
548.197	320.815
552.335	456.687
564.975	304.488
571.224	202.661
573.088	258.515
566.799	396.819
574.795	163.254
579.51	12.1546
572.081	451.442
582.165	216.64
588.959	171.046
588.525	238.831
591.912	235.382
594.618	42.3244
596.398	188.652
591.672	467.229
601.436	114.118
602.695	342.928
600.578	419.768
611.188	136.958
611.825	250.214
618.398	253.627
624.599	84.4667
619.111	387.443
626.446	63.2553
626.189	304.538
632.758	308.203
632.952	445.907
636.943	393.104
664.005	280.071
663.513	301.507
666.675	287.129
666.286	439.213
686.28	175.34
677.529	305.468
687.657	187.468
700.017	132.259
700.313	47.8054
718.55	107.868
22.9908	400.434
23.4363	432.964
32.7148	279.278
37.7663	270.152
40.2097	370.973
46.0365	91.3153
49.6312	15.8036
41.6743	445.461
46.3677	220.643
50.8451	270.088
54.9841	125.42
78.4627	64.5008
79.5047	177.685
78.5891	252.097
78.5704	441.856
86.8405	315.606
95.1146	139.347
97.1783	87.6178
96.136	338.107
101.828	440.13
108.804	346.262
115.904	288.343
119.808	124.999
121.562	210.854
129.928	141.469
133.224	129.544
130.934	243.819
134.925	308.632
137.892	201.333
140.684	312.962
144.277	454.222
141.724	364.543
155.921	461.592
164.159	150.797
164.243	194.623
166.705	136.46
167.878	424.965
178.937	279.036
192.981	36.2877
206.039	164.002
211.292	56.4235
210.21	140.808
227.949	465.979
235.867	237.238
259.406	129.844
264.439	95.5169
255.318	281.965
267.539	361.961
269.456	378.896
269.73	444.825
284.641	61.2312
287.305	35.2935
271.74	393.332
274.549	396.428
291.753	50.6721
297.571	7.4397
287.353	374.308
287.353	374.308
311.034	41.3605
296.783	392.452
303.424	270.319
412.09	225.691
440.944	67.5109
440.944	67.5109
461.663	38.6032
475.168	70.8815
468.661	392.985
481.865	22.718
477.29	388.912
490.183	115.023
492.34	103.138
488.072	257.605
488.072	257.605
491.101	302.127
495.308	367.493
495.308	367.493
507.517	142.75
509.217	73.5186
506.714	336.396
520.542	83.7253
521.932	337.688
532.656	18.5058
522.816	397.831
536.787	135.734
540.885	74.0401
543.624	152.816
544.641	122.091
548.332	320.895
555.391	350.318
552.266	456.669
558.347	388.457
573.112	258.565
566.724	396.643
579.395	12.1681
576.592	188.374
572.122	451.418
582.181	216.67
585.72	263.872
588.452	238.722
594.661	42.3769
596.377	188.713
591.673	467.231
601.221	184.358
602.476	342.941
611.201	136.935
611.201	136.935
613.639	89.9585
619.787	202.392
616.972	310.314
618.521	253.515
624.668	84.44
619.06	387.443
632.992	445.932
636.736	392.999
645.295	308.274
654.75	293.644
654.892	413.583
663.968	280.068
663.449	301.494
670.597	139.345
666.647	287.159
675.326	164.047
683.756	99.8036
686.581	175.42
15.7774	266.48
22.9443	400.445
23.4271	432.969
37.7704	270.221
40.3376	371.118
45.9847	91.3398
49.6503	15.8137
41.7643	445.471
46.4454	220.606
54.9511	125.424
51.3312	354.397
60.9518	130.326
78.3522	64.4539
78.5929	252.054
78.5899	441.834
86.8342	315.626
92.1369	264.823
97.1547	87.6157
95.3419	139.017
101.832	440.161
106.486	158.405
108.902	346.086
115.899	288.378
121.501	210.88
133.153	129.481
135.081	308.415
138.076	201.075
137.019	290.971
147	226.175
141.79	364.512
152.132	160.381
152.232	457.028
155.862	461.639
164.193	150.793
166.688	136.42
164.585	279.698
167.935	424.943
178.885	279.07
192.951	36.4361
206.03	163.968
211.279	56.4024
239.484	181.371
236.037	237.214
264.266	95.3873
255.318	281.968
273.748	134.9
267.536	361.956
269.465	378.913
269.426	444.835
284.587	61.0937
291.76	50.6325
311.058	41.4603
296.769	392.514
315.322	41.4626
303.39	270.344
312.385	340.31
315.722	346.294
412.021	225.609
412.021	225.609
440.927	67.4972
440.927	67.4972
461.702	38.724
475.133	70.8967
468.765	392.974
481.975	22.8671
484.079	93.2869
492.366	103.268
488.113	257.766
491.215	302.076
495.454	367.374
509.201	73.4189
506.788	336.608
515.822	74.9243
520.51	83.6966
521.931	337.679
532.454	18.5902
522.826	397.883
527.132	342.009
536.737	121.072
536.815	135.727
548.609	158.638
541.6	394.266
544.891	349.439
548.279	320.879
552.43	456.91
573.108	258.538
579.348	12.1426
576.654	188.41
572.047	451.396
580.783	209.909
582.177	216.672
588.449	238.756
594.644	42.3718
596.328	188.781
596.395	280.545
600.638	202.48
591.651	467.226
601.209	184.34
601.442	114.132
602.59	342.971
600.491	419.74
611.133	136.875
611.794	250.273
617.062	310.221
624.621	84.424
619.032	387.415
635.933	94.4425
634.31	298.703
632.94	445.929
654.625	293.715
663.254	106.588
663.254	106.588
663.985	280.052
663.58	301.368
666.614	287.152
686.407	175.416
686.108	154.56
710.255	48.1664
22.8876	400.465
23.4469	432.948
33.1453	279.355
37.7035	270.171
40.3312	370.724
49.6597	15.8139
46.0173	91.382
41.5695	445.493
46.0746	161.251
46.4052	220.61
51.4702	354.476
60.9112	130.2
63.0437	237.424
78.3955	64.4866
78.581	441.835
82.0709	297.05
92.137	264.772
97.1748	87.5974
95.2114	139.173
101.828	440.163
108.791	346.263
115.922	288.311
119.947	124.902
121.477	210.852
128.569	157.544
133.133	129.47
131.196	243.424
134.944	308.676
134.944	308.676
137.698	245.752
144.899	203.399
147.511	445.505
150.155	450.464
166.684	136.398
167.988	424.971
170.748	206.947
184.122	154.451
192.988	36.3263
204.802	123.404
205.864	164.098
211.261	56.4179
210.22	140.812
204.986	281.183
224.485	93.1297
242.439	450.926
255.25	282.006
267.554	361.957
269.401	378.912
269.068	444.752
284.637	61.1916
287.35	35.298
271.819	435.392
289.338	48.1599
287.365	374.314
305.332	45.3227
296.786	392.493
315.383	41.3257
303.461	270.342
312.385	340.15
411.959	225.453
411.959	225.453
440.939	67.4286
440.939	67.4286
451.377	107.887
461.664	38.6482
475.185	70.8186
468.729	392.971
481.892	22.7223
477.727	388.762
490.144	115.131
488.07	257.586
488.07	257.586
495.291	367.49
495.291	367.49
507.504	142.899
509.15	73.4351
506.715	336.447
517.364	65.4441
521.947	337.68
532.571	18.5221
536.72	121.042
540.889	74.1835
543.549	152.617
546.262	116.766
541.756	394.09
544.908	349.41
548.27	320.816
552.321	456.717
560.635	376.192
573.102	258.524
566.746	396.664
579.358	12.1178
579.426	153.392
572.073	451.369
582.201	216.68
588.523	238.817
591.903	235.352
594.689	42.418
596.279	188.799
596.389	280.644
591.668	467.234
602.585	342.943
600.486	419.695
609.339	144.755
611.219	136.94
611.219	136.94
611.85	250.14
617.096	310.224
624.617	84.4203
619.017	387.452
626.312	63.1954
626.254	304.506
632.925	445.875
654.77	293.639
664.399	143.41
663.591	106.552
664.066	280.001
663.54	301.531
666.858	287.013
691.302	158.28
691.302	158.28
710.127	48.1754
23.1291	400.28
23.3965	432.98
33.0737	279.373
37.5888	270.173
40.306	371.216
46.0269	91.3314
49.643	15.85
41.6645	445.423
46.1427	161.201
46.4033	220.642
55.0181	125.453
78.6229	252.02
78.5974	441.843
82.2497	297.014
86.0553	85.7966
92.1645	264.75
95.3299	139.05
97.1924	87.6074
96.15	338.117
101.827	440.146
108.887	346.119
115.943	288.272
119.91	124.9
121.537	210.881
128.104	188.525
128.104	188.525
133.171	129.449
136.957	291.029
141.703	295.561
141.689	364.734
155.893	461.623
164.258	150.74
161.017	458.503
166.703	136.382
164.524	279.696
170.08	276.035
179.436	157.806
192.934	36.415
206.071	163.953
210.188	140.783
235.902	237.244
259.33	129.871
253.924	419.914
255.275	281.977
257.668	294.359
273.72	134.812
267.549	361.955
269.365	378.914
269.209	444.659
285.365	54.0406
284.68	61.239
271.672	393.328
291.749	50.6595
297.585	7.45243
287.508	398.276
287.35	374.319
305.274	45.2774
310.968	41.3537
296.782	392.438
303.447	270.326
312.365	296.397
312.395	340.152
411.843	225.176
411.843	225.176
436.006	47.3824
436.006	47.3824
451.398	107.971
461.715	38.7368
475.223	70.8984
468.68	393.007
481.947	22.8744
484.015	93.0907
478.015	388.696
488.088	257.729
491.23	302.248
507.58	142.848
509.149	73.3837
501.709	362.254
501.709	362.254
506.702	336.261
520.498	83.6883
521.938	337.681
532.618	18.4916
527.167	342.04
536.756	121.051
536.85	135.687
540.858	74.1422
548.668	158.714
541.788	394.098
544.906	349.398
548.275	320.871
573.102	258.528
566.754	396.657
579.391	12.1462
576.556	188.411
572.008	451.311
572.008	451.311
580.859	209.857
582.184	216.718
583.15	274.538
589.566	133.497
594.698	42.4046
596.362	188.693
600.721	202.469
591.65	467.22
601.459	114.129
602.802	342.94
600.615	419.816
619.541	202.398
616.998	310.314
619.154	387.573
626.258	63.1109
626.258	63.1109
626.21	247.683
632.761	308.198
632.964	445.942
636.836	393.054
650.807	188.883
663.267	106.612
664.021	280.051
663.514	301.511
670.888	139.398
675.493	156.21
666.263	439.242
674.183	92.9238
673.088	248.054
677.636	305.594
691.411	158.273
710.023	48.1596
