15.6083	266.34
20.4741	442.008
23.1421	400.704
23.4565	432.997
27.8021	145.238
33.1602	279.321
44.9224	74.704
40.3249	371.064
49.6327	15.8515
46.0593	91.2653
46.4217	220.609
54.6599	125.301
63.3149	236.962
74.2541	269.948
86.8321	315.635
95.3391	138.993
95.3391	138.993
101.049	74.298
96.145	338.095
96.145	338.095
101.811	440.186
114.152	302.371
114.07	443.169
119.841	124.93
119.053	187.226
121.62	210.891
124.017	288.949
128.761	157.268
128.761	157.268
133.052	129.44
137.697	245.694
141.706	295.565
141.998	446.973
145.13	203.087
140.542	393.153
141.768	364.699
147.469	445.661
167.358	136.339
178.688	279.022
204.111	106.694
205.956	164.059
204.957	123.255
211.427	56.4126
204.981	281.198
218.089	82.2517
228.043	465.844
239.403	181.422
241.686	330.634
244.663	324.667
260.504	419.087
269.129	444.727
269.129	444.727
269.606	378.862
284.595	61.1185
285.306	53.9893
297.802	8.11097
287.492	398.273
296.796	392.395
315.448	41.2991
315.701	346.521
411.301	225.35
411.301	225.35
435.941	47.3192
448.793	97.9705
451.351	107.844
461.817	38.7368
481.91	22.6778
492.81	45.4718
488.069	257.631
495.486	367.365
496.312	344.75
507.536	142.846
509.211	73.4899
512.906	68.227
520.5	83.7099
523.497	38.0677
521.911	337.723
527.014	353.137
536.784	135.735
541.337	108.847
548.523	158.65
541.782	394.125
548.308	320.93
552.368	456.911
556.255	401.598
558.379	388.292
565.581	183.301
571.383	202.525
572.561	256.299
579.176	11.7387
572.187	451.824
580.691	209.827
595.637	43.0955
596.345	188.916
600.658	202.446
600.503	260.546
601.352	342.59
606.152	271.911
613.736	89.9337
612.103	421.702
612.103	421.702
623.327	94.5371
623.327	94.5371
619.5	387.878
622.463	304.275
627.566	199.546
625.012	312.562
635.819	94.3671
632.849	445.682
650.884	188.938
657.945	154.696
654.879	293.641
654.897	413.583
663.992	280.084
663.591	301.429
666.719	287.12
674.113	92.8938
687.605	187.498
700.117	132.242
700.283	92.4474
706.374	115.485
20.3382	442.027
27.7639	145.379
32.8879	279.274
34.1126	256.946
44.869	74.755
40.4238	371.176
49.7016	15.8589
46.0928	91.2658
54.9185	125.416
51.4283	354.502
74.1853	269.862
78.6418	251.902
86.0638	85.7336
86.867	315.611
95.2973	139.064
95.2973	139.064
101.055	74.2809
96.1105	338.15
101.862	440.064
114.18	302.315
114.06	443.181
119.86	124.928
119.072	187.205
119.072	187.205
121.621	210.891
128.858	201.33
135.012	308.54
135.012	308.54
142.064	446.878
140.496	393.148
141.787	364.607
150.164	450.465
167.404	136.392
170.053	275.991
183.952	154.24
178.574	279.003
195.288	156.018
204.048	106.673
204.929	123.291
206.121	163.917
211.32	56.3257
217.141	28.2665
226.402	65.3182
228.038	465.923
236.013	237.238
233.731	405.622
233.731	405.622
241.635	330.655
244.704	324.703
256.469	144.629
269.559	444.761
269.559	444.761
284.6	61.1058
285.383	54.0093
297.629	7.59943
287.508	398.251
296.778	392.286
315.53	41.3881
312.43	340.057
315.378	354.61
411.358	225.541
411.358	225.541
461.857	38.8118
481.864	22.741
492.375	103.095
492.828	45.3986
488.085	257.644
488.085	257.644
491.363	302.47
503.757	116.777
509.138	73.3881
501.482	362.482
501.482	362.482
512.907	68.2365
506.7	336.444
520.488	83.7346
523.486	38.1206
521.923	337.71
527	353.085
536.649	121.067
536.799	135.718
535.082	395.256
548.557	158.658
552.313	456.926
556.033	401.426
558.373	388.324
571.423	202.538
572.558	256.277
579.13	11.7797
572.234	451.903
581.284	148.294
582.181	216.699
594.96	123.757
595.591	43.0812
596.388	188.859
589.63	445.005
596.392	280.547
600.49	260.639
601.56	342.578
613.623	89.9079
619.641	74.8755
612.157	421.737
622.523	304.228
619.359	387.721
625.014	312.576
634.07	106.261
634.588	240.259
634.588	240.259
634.794	392.163
632.77	445.693
652.594	193.39
657.978	154.765
654.777	293.709
656.483	301.315
655.087	413.656
664.054	280.04
666.648	287.131
686.267	175.383
695.99	100.069
706.739	115.377
710.27	48.1899
15.9096	266.387
20.4842	441.953
23.0412	400.662
27.706	145.442
32.9974	279.335
40.4383	370.96
49.6759	15.8501
46.1807	91.2013
46.1231	161.108
46.4312	220.626
64.4214	41.7902
63.3592	236.904
63.3592	236.904
66.3796	116.895
79.4148	177.721
82.5903	297.122
86.4801	85.3871
86.8704	315.623
101.07	74.3217
96.1093	338.159
96.1093	338.159
101.843	440.117
114.072	443.165
119.846	124.955
119.094	187.06
136.921	291.164
138.388	214.404
141.646	295.733
144.935	203.364
144.264	454.207
140.366	393.195
141.822	364.53
152.193	457.11
164.247	150.852
167.26	136.385
170.041	275.99
178.772	278.981
195.306	156.047
204.148	106.717
205.961	163.994
204.717	123.367
211.392	56.4049
217.157	28.2318
239.401	181.416
235.8	237.213
233.733	405.648
233.733	405.648
241.691	330.683
257.644	294.338
279.156	47.6329
269.37	378.909
284.576	61.1251
285.369	54.0069
271.653	393.395
271.812	435.463
297.794	8.01366
282.405	435.962
296.791	392.195
315.559	41.5187
315.754	346.462
321.086	251.434
375.288	34.8053
411.157	225.294
411.157	225.294
435.983	47.3872
453.129	115.145
453.129	115.145
461.812	38.8306
468.8	392.986
481.912	22.7648
491.285	302.042
495.412	367.441
496.252	344.692
507.525	142.738
509.197	73.4742
511	73.1558
512.901	68.2332
520.499	83.6859
528.466	100.613
532.55	18.5038
527.036	353.16
536.79	135.635
535.083	395.216
548.21	320.964
555.307	350.32
552.357	456.814
565.494	183.384
565.004	304.499
566.961	397.057
579.142	11.7567
572.155	451.783
581.118	148.117
580.91	209.898
580.816	223.735
595.684	43.1478
596.387	188.833
598.664	237.061
601.259	184.269
600.472	260.635
601.328	342.67
613.62	89.8903
612.117	421.738
612.117	421.738
618.497	253.514
617.872	386.515
622.5	304.3
626.344	63.2379
626.229	304.615
630.679	101.718
630.679	101.718
634.45	240.376
632.769	445.692
654.623	293.794
656.4	301.292
654.98	413.637
663.986	280.083
666.672	287.159
675.333	164.03
685.951	154.531
697.354	118.704
700.149	92.4327
699.988	54.1038
705.079	138.577
20.4621	442.008
23.3835	433.017
27.5319	145.651
32.7534	279.252
34.1358	256.957
40.4949	371.002
49.6594	15.8139
46.1251	91.2802
46.3152	220.729
54.9285	125.389
51.4682	354.48
63.3108	236.962
63.3108	236.962
82.4006	297.078
86.8404	315.609
95.2407	139.164
95.2407	139.164
101.049	74.248
101.836	440.127
108.847	346.122
114.045	443.2
119.899	124.932
119.067	187.243
121.555	210.88
133.007	129.397
135.053	308.473
135.053	308.473
137.651	245.717
145.054	203.199
144.275	454.202
140.512	393.188
141.803	364.568
147.459	445.62
167.305	136.418
178.808	146.122
178.704	279.028
195.265	156.104
204.937	123.23
211.287	56.3537
217.284	28.287
205.293	281.167
232.167	51.7902
228.018	465.866
228.018	465.866
239.419	181.406
233.716	405.626
233.716	405.626
241.655	330.663
248.541	278.955
265.935	99.2108
269.209	444.753
269.209	444.753
269.433	378.914
284.607	61.0976
285.358	54.0096
297.811	8.0879
287.468	398.239
296.803	392.379
315.439	41.4176
315.396	354.698
411.051	225.168
411.051	225.168
435.942	47.3844
451.35	107.83
461.724	38.6677
475.468	70.998
468.751	393.041
481.981	22.7897
488.107	257.746
488.107	257.746
503.783	116.82
495.532	367.315
496.292	344.753
499.263	304.008
499.263	304.008
507.533	142.913
509.183	73.42
512.887	68.2439
520.487	83.6734
523.549	38.1353
521.929	337.695
527.035	353.162
536.816	135.726
535.195	395.337
545.853	137.029
548.217	320.971
552.426	456.951
571.415	202.532
572.559	256.302
570.376	352.988
566.983	397.119
579.097	11.7623
579.411	153.357
579.411	153.357
572.181	451.744
582.192	216.741
584.374	144.169
595.607	43.06
595.009	123.776
596.385	188.818
590.5	445.518
596.4	280.541
600.518	202.424
600.47	260.629
601.197	342.701
619.451	202.418
612.219	421.784
612.219	421.784
619.02	291.954
621.713	122.521
623.266	94.4372
623.266	94.4372
619.434	387.791
622.439	304.235
632.828	445.763
654.688	293.696
656.288	301.304
655.062	413.653
664.072	280.055
666.613	287.182
679.804	143.88
688.226	22.0201
686.321	154.557
691.771	158.252
695.527	99.9289
710.183	48.1432
20.4331	442.008
23.0603	400.369
27.7521	145.374
32.5552	279.279
37.726	270.163
40.424	371.136
49.6859	15.8419
46.1134	91.2771
46.5247	220.482
55.0105	125.479
63.2853	237.036
66.3488	116.914
74.2783	269.936
86.8818	315.611
95.3132	139.027
95.3132	139.027
101.026	74.2842
96.0774	338.191
101.854	440.091
108.78	346.257
114.042	443.211
115.989	288.275
119.084	187.209
121.575	210.906
137.657	245.781
141.663	295.693
142.061	446.848
144.973	203.342
144.388	304.51
140.567	393.136
141.899	364.563
147.463	445.587
164.291	150.788
167.308	136.418
178.693	279.05
195.355	156.071
206.149	163.899
204.86	123.283
211.382	56.358
210.397	140.991
217.119	28.2062
226.307	65.3852
227.966	465.898
241.569	330.755
244.7	324.682
264.337	95.4384
251.959	440.921
260.516	419.096
269.392	378.911
269.71	444.76
269.71	444.76
284.601	61.1101
285.299	53.9629
297.702	7.68422
287.503	398.271
296.794	392.384
315.503	41.4766
315.755	346.468
410.879	224.821
410.879	224.821
436.02	47.5099
455.353	124.119
461.862	38.7709
468.762	393.042
481.931	22.8112
484.091	93.2461
488.06	257.594
495.548	367.378
498.266	344.879
509.185	73.428
510.954	73.0509
512.899	68.2603
513.618	140.194
520.491	83.7262
523.505	38.1591
521.936	337.718
527.047	353.166
541.575	132.192
548.27	320.982
555.354	350.293
552.378	456.878
556.276	401.629
571.41	202.537
572.558	256.319
566.982	397.08
579.075	11.7602
579.385	153.349
579.385	153.349
572.219	451.841
580.731	209.867
588.332	238.708
595.603	43.0899
596.391	188.871
598.661	237.083
601.347	114.008
600.504	260.583
601.373	342.676
606.178	271.914
612.251	421.698
621.596	122.367
617.954	386.614
622.54	304.254
626.338	63.2227
626.338	63.2227
625.019	312.599
624.873	423.088
642.287	182.387
632.774	445.64
654.779	293.681
663.443	106.546
663.443	106.546
654.977	413.61
663.951	280.149
666.682	287.145
677.717	305.683
686.233	154.536
696.001	164.826
700.129	54.0904
709.388	75.751
