20.4866	442.002
33.0008	279.319
37.5624	270.06
40.3285	371.14
49.6484	15.8084
46.1438	91.2239
64.4035	41.7668
60.8402	130.201
63.5522	107.762
63.2694	237.027
63.2694	237.027
70.4141	369.813
86.8764	315.614
95.3834	138.988
101.052	74.3092
96.0627	338.196
101.819	440.185
106.686	157.847
114.186	302.402
114.046	443.188
119.06	187.145
119.06	187.145
133.05	129.437
134.978	308.657
137.68	245.717
141.71	295.597
142.042	446.915
145.084	203.17
140.453	393.212
141.876	364.47
150.225	450.285
167.254	136.431
170.868	206.901
183.93	154.24
178.608	279.022
195.298	156.074
204.156	106.734
204.72	123.308
206.145	163.917
211.427	56.4325
217.09	28.2358
205.068	281.25
218.076	82.2078
239.401	181.435
230.491	428.892
241.679	330.625
257.631	294.307
260.495	419.101
269.521	444.798
269.521	444.798
284.633	61.138
285.34	53.989
271.707	393.343
297.504	7.40595
296.777	392.428
315.457	41.5991
315.349	354.661
315.744	346.479
410.602	224.555
410.602	224.555
435.945	47.2575
435.945	47.2575
448.811	98.0635
448.811	98.0635
461.807	38.7048
475.417	70.9679
468.773	393.085
488.117	257.844
488.117	257.844
491.249	302.287
509.215	73.4371
501.605	362.394
501.605	362.394
512.937	68.2953
513.534	140.108
520.517	83.6918
523.594	38.0937
541.847	132.07
535.206	395.247
548.23	321.008
553.467	313.533
555.317	350.317
555.317	350.317
552.335	456.736
565.509	183.36
571.452	202.565
572.568	256.334
566.993	397.156
574.847	163.379
579.211	11.7963
580.811	223.731
583.451	274.515
589.616	133.579
588.297	238.66
595.651	43.1187
596.415	188.802
590.353	445.464
600.54	202.457
601.283	342.604
612.285	421.692
618.518	253.518
623.285	94.516
623.285	94.516
619.348	387.729
622.53	304.221
625.038	312.587
630.721	101.785
642.385	182.459
632.781	445.655
636.628	393.044
654.931	293.602
654.875	413.663
663.922	280.123
663.522	301.576
666.67	287.114
666.242	439.25
679.891	143.851
684.171	99.7403
685.836	175.384
686.17	154.531
709.367	75.6992
710.4	48.1573
20.5072	442.046
33.0051	279.351
37.4986	270.129
40.4377	371.133
49.643	15.8125
45.9987	91.275
54.9759	125.424
63.2401	237.056
63.2401	237.056
82.4735	297.089
86.299	85.5365
86.8046	315.613
95.2884	139.035
95.2884	139.035
101.06	74.2794
96.1443	338.073
96.1443	338.073
101.851	440.097
114.05	443.199
119.868	124.969
119.078	187.159
119.078	187.159
124.045	288.861
127.954	188.818
134.965	308.544
142.013	447.03
144.968	203.314
144.245	454.175
140.424	393.176
141.791	364.661
156.383	183.374
167.331	136.369
170.037	276.009
178.646	279.027
195.3	156.082
204.036	106.661
206.013	164.05
211.267	56.3631
217.178	28.291
226.363	65.3684
232.251	128.414
239.414	181.422
235.822	237.233
233.731	405.638
233.731	405.638
241.646	330.714
252.083	440.969
269.527	444.794
269.527	444.794
284.461	60.9757
297.72	7.72883
282.165	387.757
303.781	43.439
296.782	392.24
315.58	41.4383
312.443	340.032
315.743	346.534
410.645	224.642
410.645	224.642
461.782	38.7619
461.467	387.522
484.118	93.2414
492.852	45.4164
488.082	257.667
488.082	257.667
503.674	116.745
498.312	344.943
507.528	142.753
509.216	73.4455
512.883	68.2316
513.603	140.093
520.5	83.7559
514.532	334.117
523.536	38.1517
527.028	353.135
536.416	121.183
535.247	395.201
543.556	152.653
548.274	320.923
555.311	350.313
552.401	456.846
571.412	202.503
572.552	256.316
566.923	396.961
579.144	11.7782
576.535	188.339
572.209	451.814
582.214	216.775
595.603	43.0981
596.389	188.812
589.543	445.058
598.739	237.101
600.556	202.451
600.49	260.569
604.607	258.089
601.339	342.699
613.662	89.9141
612.156	421.647
612.156	421.647
619.462	387.75
622.48	304.267
626.436	63.3373
630.613	101.655
630.613	101.655
636.79	159.445
632.815	308.13
632.858	445.651
654.712	293.696
655.041	413.688
663.981	280.079
666.703	287.101
679.867	143.814
677.792	305.776
691.941	158.255
691.941	158.255
697.305	118.672
700.199	92.5257
20.4117	442.02
23.033	400.661
32.4723	279.206
34.1394	256.946
49.5908	15.8197
46.0246	91.2952
46.4353	220.646
54.881	125.445
51.5323	354.482
63.3122	237.02
78.6195	251.954
82.6617	297.113
86.8675	315.603
95.4587	138.904
95.4587	138.904
101.073	74.3119
101.825	440.173
108.771	346.258
114.038	443.195
119.805	124.953
119.065	187.268
128.028	188.651
128.028	188.651
134.976	308.61
137.578	245.808
141.641	295.72
140.467	393.174
141.852	364.558
150.153	450.477
167.298	136.364
170.957	466.265
179.408	157.774
178.598	279.086
195.324	156.047
204.165	106.728
205.95	164.046
204.687	123.275
211.35	56.3876
219.24	59.4534
233.725	405.639
233.725	405.639
241.67	330.683
256.469	144.601
248.379	278.918
257.624	294.324
269.447	378.913
269.424	444.778
269.424	444.778
271.649	393.378
297.632	7.57455
303.762	43.4397
303.762	43.4397
296.775	392.254
315.406	41.6773
303.369	270.329
315.783	346.5
410.395	224.228
410.395	224.228
435.958	47.3691
435.958	47.3691
451.297	107.744
461.831	38.6702
475.478	71.0885
468.803	393.08
481.842	22.7274
492.363	103.106
491.318	302.389
495.528	367.361
496.336	344.831
509.143	73.3899
512.905	68.2155
520.493	83.7829
532.592	18.3836
527.029	353.175
541.694	132.124
535.129	395.291
548.258	320.917
553.312	313.587
556.545	142.508
555.319	350.308
552.317	456.824
571.407	202.538
572.578	256.354
566.951	397.107
579.232	11.7591
579.477	153.402
579.477	153.402
572.179	451.819
582.203	216.719
588.273	238.62
595.616	43.0968
596.385	188.838
589.478	445.019
596.404	280.523
600.501	260.66
601.204	342.639
611.129	136.809
612.128	421.69
617.093	310.146
621.664	122.48
623.332	94.5853
619.378	387.72
622.465	304.252
627.55	199.583
635.843	94.4017
632.743	445.546
636.492	392.972
654.251	160.233
654.921	293.575
655.104	413.73
664.004	280.068
663.468	301.438
666.65	287.13
688.163	22.1598
691.835	158.183
691.835	158.183
706.468	115.46
709.283	75.7317
719.444	139.738
22.8889	400.815
32.9899	279.308
34.0691	256.995
40.3406	371.225
41.6095	445.483
49.7369	15.8377
46.0387	161.244
46.4764	220.614
50.8053	270.113
51.3481	354.572
64.3786	41.6751
65.4712	282.455
78.3574	64.468
86.9313	315.697
95.3843	139.018
101.073	74.331
102.034	326.285
107.285	171.965
108.799	221.443
122.423	111.857
122.71	455.247
122.71	455.247
129.905	141.491
137.732	245.754
141.936	461.156
140.672	312.88
141.602	295.759
147.004	226.118
148.279	415.854
156.13	468.907
167.376	136.309
170.869	206.931
170.105	275.968
193.087	36.4064
204.098	106.744
205.947	164.123
205.005	123.27
211.215	56.3788
236.15	55.1755
239.493	181.388
235.898	237.285
256.502	144.706
252.139	440.826
248.475	278.947
264.105	95.2833
255.255	281.897
257.685	294.303
260.58	418.996
267.557	361.939
269.383	444.772
269.634	378.909
271.607	393.348
287.43	398.288
287.259	374.31
296.789	392.309
303.304	270.294
315.63	41.4342
315.755	346.484
411.013	222.872
411.013	222.872
435.995	47.3983
435.995	47.3983
451.375	107.879
451.375	107.879
468.665	393.112
484.88	31.8186
483.24	387.338
491.732	271.946
491.732	271.946
496.841	344.873
507.54	142.744
506.75	336.496
512.891	68.3128
517.38	79.6318
520.505	83.7181
528.65	100.565
537.999	85.489
535.433	395.379
539.831	337.356
544.62	350.207
548.516	124.485
548.635	158.704
546.304	387.923
553.15	313.674
557.799	321.161
565.536	183.365
572.595	256.467
571.625	450.604
571.625	450.604
578.66	11.1834
578.66	11.1834
582.201	216.672
588.707	213.465
588.324	238.646
591.866	235.395
596.428	227.688
595.117	42.6587
601.333	342.601
600.561	419.794
612.137	183.523
616.464	126.159
615.137	471.071
619.135	292.069
615.44	463.195
625.836	282.304
626.517	155.315
635.636	70.6227
643.625	272.701
651.872	114.989
656.375	301.315
654.734	413.514
663.18	106.561
663.18	106.561
675.853	-0.130478
666.118	439.303
675.318	164.053
675.478	156.248
673.108	248.1
672.76	283.511
677.652	305.589
677.652	305.589
675.697	439.45
709.253	75.796
710.035	48.1703
28.0388	202.314
32.861	279.372
34.0608	256.97
40.2647	371.299
41.5841	445.488
44.7649	36.4964
44.6927	75.106
49.6316	15.8192
45.9752	161.27
46.4756	220.604
64.4203	41.7045
63.179	237.21
65.4033	282.436
78.3612	64.5076
86.9356	315.688
95.3702	105.417
96.1601	338.035
96.1601	338.035
101.128	74.3806
101.958	326.285
104.38	277.651
107.249	172.009
110.119	452.77
113.039	94.8036
122.87	455.166
124.085	288.797
127.583	235.284
127.583	235.284
129.847	141.518
141.941	461.146
140.779	312.681
146.934	459.899
167.385	136.349
179.439	157.831
192.984	36.3489
204.902	123.275
210.418	140.989
210.418	140.989
217.248	28.277
232.354	128.335
236.144	55.264
235.932	237.236
242.88	450.977
252.16	440.963
263.971	95.2989
255.241	281.897
257.675	294.263
260.581	418.963
260.581	418.963
267.558	361.938
269.427	378.895
285.427	54.0674
287.357	35.3223
297.534	7.2032
287.484	398.269
287.264	374.312
296.789	392.347
303.434	270.307
315.561	41.3286
315.734	346.485
410.796	222.692
410.796	222.692
435.988	47.3499
435.988	47.3499
451.413	107.992
468.651	393.075
481.954	22.7554
489.471	95.8796
483.164	387.344
488.131	257.76
488.131	257.76
496.905	344.889
507.512	142.778
509.243	73.5011
506.738	336.473
512.911	68.3239
514.517	334.315
520.499	83.6954
523.588	38.1363
521.957	337.718
522.483	345.004
523.119	326.92
528.609	100.605
526.234	327.574
533.841	387.135
538.072	85.4527
535.406	395.392
544.648	122.059
572.587	256.407
574.926	163.457
575.706	156.94
571.514	450.519
571.514	450.519
578.587	11.1721
580.557	194.639
588.688	213.517
588.367	238.746
589.598	445.043
594.109	161.942
601.145	342.606
600.604	419.824
606.238	252
612.125	183.527
613.684	89.9623
616.513	126.215
619.125	292.057
619.193	387.605
627.678	199.546
626.489	63.2706
638.575	139.959
632.929	445.794
645.081	202.883
643.661	272.696
654.594	293.686
667.724	174.917
670.75	139.362
675.77	-0.0613416
666.037	439.34
673.112	248.083
672.751	283.498
678.644	127.155
677.759	305.768
686.095	154.583
684.31	292.26
700.056	92.4388
709.107	75.6556
