20.4434	441.96
32.9029	279.243
37.8735	270.284
40.4203	371.221
41.5975	445.494
45.0127	36.3426
50.0306	16.1367
46.4071	220.666
46.4071	220.666
64.2323	41.7941
63.429	107.842
62.8451	160.629
66.1765	117.075
78.6792	251.842
82.2114	297.103
89.1257	57.9889
92.7189	443.578
92.7189	443.578
102.143	326.285
104.367	277.638
107.301	171.961
108.839	346.164
113.122	94.8277
128.945	453.727
129.856	141.537
135.026	308.495
138.371	214.372
140.634	312.917
142.476	417.67
146.95	459.865
141.921	364.458
146.978	226.126
167.157	136.452
164.486	279.677
193.185	36.3439
193.185	36.3439
195.297	156.143
195.297	156.143
188.711	280.385
205.956	164.095
211.257	56.3881
205.135	281.169
215.402	133.369
219.292	59.3802
239.483	181.344
235.833	237.177
252.42	440.972
253.897	420.144
255.248	281.926
257.622	294.362
257.622	294.362
260.518	419.073
273.733	134.832
267.611	361.938
274.538	396.408
279.826	129.276
285.472	54.1006
281.962	436.416
282.202	387.762
292.37	24.6592
291.755	50.4912
297.735	7.85145
303.427	270.32
391.544	163.593
393.421	88.354
395.625	146.982
394.868	80.8301
412.529	226.854
461.503	387.636
461.503	387.636
475.171	70.7253
481.809	22.5985
484.9	31.8486
490.216	115.2
488.149	257.724
488.149	257.724
492.78	45.3486
500.296	139.421
500.296	139.421
495.412	367.595
495.412	367.595
499.197	303.94
502.632	112.673
509.26	73.5204
514.302	56.5927
528.272	100.721
532.611	18.5101
535.27	395.378
545.752	137.179
553.105	313.693
555.268	350.351
555.268	350.351
557.948	321.289
556.347	401.771
563.155	166.947
565.447	183.452
568.912	3.44984
571.432	202.673
572.543	256.393
571.76	450.556
571.76	450.556
576.714	188.539
584.374	32.5204
588.745	213.473
588.745	213.473
588.308	-2.57738
601.545	107.405
601.274	342.689
606.313	102.525
612.168	421.941
617.183	283.221
619.055	291.965
619.078	387.55
619.609	459.931
625.901	282.308
628.065	145.483
634.806	184.336
632.715	445.628
635.688	70.6732
642.949	81.4008
645.043	309.062
654.828	293.59
655.295	413.728
663.868	280.164
663.578	301.371
666.299	439.172
675.778	-0.0078946
675.154	156.315
672.685	283.614
674.869	439.229
687.391	187.632
685.932	133.558
705.691	115.732
16.0954	266.537
20.5859	442.01
22.9924	400.027
28.1157	202.255
37.8999	270.285
40.4585	370.871
41.6828	445.559
45.1057	36.2989
47.8552	297.951
49.897	16.1587
46.4412	220.614
46.4412	220.614
51.3972	354.551
64.229	41.8644
65.3911	282.411
78.7133	251.791
81.6767	136.776
89.0722	435.862
89.0722	435.862
95.2108	105.328
101.005	74.2411
102.056	326.274
107.243	172.054
108.821	346.23
113.055	94.7757
119.13	187.131
122.27	111.656
127.75	235.047
129.901	141.5
135.003	308.486
137.642	245.784
138.349	214.446
142.348	417.641
144.397	304.588
146.962	459.87
147.271	170.74
150.918	463.041
156.372	183.311
193.211	36.2734
193.211	36.2734
188.89	280.407
206.106	163.918
211.292	56.3972
204.849	281.252
217.222	28.3024
219.254	59.4412
232.265	128.272
239.64	36.6808
239.521	181.27
235.972	237.208
242.889	450.945
259.371	129.875
255.288	281.854
257.623	294.337
257.623	294.337
260.558	418.98
260.558	418.98
267.59	361.938
269.104	378.839
273.044	466.657
279.983	129.156
284.629	61.1234
281.887	436.54
282.222	387.745
292.363	24.7133
291.753	50.4127
287.348	398.217
303.41	270.325
395.767	148.417
394.699	82.6938
413.24	227.909
475.231	70.985
468.947	393.044
476.875	388.996
484.787	31.591
490.221	115.257
488.142	257.715
488.142	257.715
492.799	45.2326
500.259	139.422
495.615	367.437
495.615	367.437
502.68	112.679
507.554	142.531
509.853	64.1074
509.853	64.1074
514.517	334.629
527.679	25.5439
535.263	395.346
540.058	16.0768
545.749	137.095
545.749	137.095
553.19	313.671
560.617	361.896
560.614	376.457
565.437	183.477
567.074	397.374
571.401	202.57
572.558	256.424
571.722	450.647
571.722	450.647
580.548	194.717
581.103	173.116
584.443	32.5858
588.751	213.474
588.751	213.474
588.543	-2.51624
590.62	152.013
592.357	177.428
590.543	445.685
601.541	107.358
601.339	342.7
606.189	252.085
612.101	421.837
617.228	283.177
619.044	292.022
624.99	423.188
635.831	133.158
632.793	445.616
635.672	70.7231
642.852	81.3779
644.951	308.971
654.673	293.668
656.377	301.252
655.23	413.706
663.962	280.114
666.21	439.202
675.731	0.0203586
675.315	164.114
672.721	283.554
678.725	127.134
675.003	439.209
685.937	133.53
691.526	158.319
700.16	54.0434
15.9955	266.516
20.4734	441.925
23.1028	400.555
28.0104	202.308
38.2022	270.447
40.1663	371.173
41.7631	445.588
45.5573	35.8262
49.9006	16.0941
46.3994	220.665
46.3994	220.665
46.6906	140.551
51.2406	354.423
64.3895	41.8522
65.3283	282.395
78.6798	251.92
81.7028	136.754
89.0443	435.926
89.0443	435.926
89.1657	57.9945
99.5969	289.931
99.5969	289.931
100.987	74.22
108.893	346.07
119.111	187.14
119.111	187.14
127.729	235.091
129.961	141.431
137.652	245.745
138.382	214.36
140.671	312.84
142.315	417.619
144.388	304.541
156.087	468.928
163.241	464.337
167.34	136.413
179.044	279.082
193.215	36.284
193.215	36.284
195.377	156.112
195.377	156.112
205.99	164.094
205.024	123.285
211.273	56.42
204.842	281.238
219.46	59.4958
227.902	466.052
239.63	36.7052
239.505	181.264
235.829	237.103
241.598	330.733
259.276	129.815
253.898	420.084
255.263	281.848
257.624	294.333
260.517	419.079
267.599	361.931
273.028	466.674
284.623	61.1465
282.013	436.129
282.226	387.745
291.714	50.3556
292.281	24.6377
287.39	398.2
303.416	270.338
315.613	41.3572
312.401	340.106
385.282	152.46
394.373	85.509
414.244	229.565
444.671	81.7656
448.856	98.223
448.856	98.223
461.529	387.619
475.121	70.8565
476.925	388.984
488.145	257.721
488.145	257.721
491.381	302.33
499.187	303.878
501.747	362.414
501.747	362.414
507.568	142.674
517.515	65.91
517.741	89.5545
523.187	327.225
523.187	327.225
532.594	18.5121
532.594	18.5121
535.415	395.395
545.726	137.162
545.726	137.162
547.978	179.654
555.309	350.311
552.366	456.849
560.611	361.872
566.996	397.226
571.43	202.589
572.545	256.436
574.302	200.597
571.773	450.682
575.849	157.018
584.493	32.6128
588.735	213.492
590.437	445.577
594.768	172.674
598.331	168.875
601.241	342.621
612.198	421.962
612.198	421.962
617.18	283.213
619.075	291.985
627.687	199.62
632.796	445.742
643.115	116.852
643.115	116.852
642.895	81.3758
642.895	81.3758
646.376	241.414
650.114	305.192
658.068	154.817
654.75	293.585
655.154	413.635
663.912	280.135
666.652	287.153
666.261	439.226
670.951	132.657
675.745	-0.0715228
675.745	-0.0715228
673.01	247.963
674.688	439.202
687.431	187.591
689.558	106.751
699.644	53.9495
15.8528	266.507
20.3901	442.012
22.9936	400.634
37.9313	270.231
40.4679	370.785
41.676	445.512
45.1733	36.257
48.348	297.934
45.861	161.418
49.8775	16.1127
46.4112	220.642
46.4112	220.642
64.274	41.8736
65.3472	282.425
66.1517	117.14
78.7131	251.792
81.7188	136.733
89.1853	57.9966
92.7041	443.558
92.7041	443.558
102.11	326.281
107.289	171.956
108.756	346.308
113.028	94.7887
128.904	453.773
129.911	141.472
134.868	308.759
137.609	245.803
141.725	295.569
146.952	459.832
145.054	203.289
141.841	364.546
148.25	415.804
164.174	194.685
167.455	136.462
193.245	36.13
193.245	36.13
195.341	156.096
195.341	156.096
188.795	280.385
205.87	164.111
204.812	123.481
211.286	56.2312
204.592	281.257
217.135	28.1971
219.348	59.4146
227.928	465.966
239.71	36.7279
239.539	181.238
235.91	237.21
241.663	330.688
255.239	281.925
257.627	294.313
260.516	419.063
267.599	361.933
269.204	378.857
273.021	466.691
271.66	393.343
284.549	61.0726
281.827	436.679
282.262	387.752
292.306	24.6033
291.722	50.2053
296.771	392.516
303.373	270.328
315.413	41.3309
315.455	354.562
386.468	177.712
392.337	97.5733
394.072	89.777
448.848	98.229
448.848	98.229
468.94	393.008
482.002	22.8047
476.991	388.967
484.973	31.99
488.148	257.825
488.148	257.825
492.806	45.3557
500.318	139.419
495.638	367.438
495.638	367.438
500.732	61.2217
499.18	303.829
509.264	73.5557
506.708	336.52
515.325	59.7899
532.54	18.5487
532.54	18.5487
535.405	395.436
541.51	109.084
552.776	136.226
553.172	313.662
552.359	456.792
556.36	401.764
560.628	361.881
565.424	183.484
570.139	353.407
572.548	256.436
575.815	156.937
571.715	450.535
580.567	194.776
582.203	216.701
584.425	32.5663
588.433	-2.5511
590.461	445.609
601.601	107.505
601.358	342.689
606.248	102.471
612.241	421.96
612.241	421.96
619.639	202.456
617.203	283.172
616.539	83.0573
619.101	292.024
619.558	459.928
635.663	70.6547
642.238	188.524
642.238	188.524
646.377	241.495
647.527	231.267
650.126	305.195
654.743	293.662
655.161	413.723
663.939	280.123
663.624	301.371
666.277	439.26
675.709	-0.0592203
675.39	156.271
672.728	283.594
686.113	175.447
685.958	133.547
689.827	106.773
710.05	48.1697
23.024	400.432
28.062	202.273
34.0745	256.932
37.6827	270.182
41.5786	445.517
49.9226	16.1397
51.3867	354.546
64.296	41.7855
63.4964	107.76
65.3895	282.413
63.1701	237.242
66.1734	117.044
78.6785	251.861
82.2124	297.076
85.119	444.328
89.1123	57.9471
92.7268	443.56
96.0921	338.203
102.055	326.274
107.279	171.973
112.988	94.7466
117.862	221.903
119.096	187.212
119.833	124.949
128.946	453.757
127.765	235.037
129.937	141.435
134.965	308.625
137.692	245.742
142.051	460.986
141.699	295.589
156.391	183.319
164.276	194.63
179.431	157.777
178.95	279.049
193.108	36.3028
193.108	36.3028
206.034	164.044
211.287	56.4035
205.311	281.184
219.279	59.4217
239.633	36.6358
239.507	181.249
235.873	237.209
241.602	330.676
253.96	420.015
255.229	281.929
257.618	294.293
260.557	419.04
267.6	361.937
269.22	378.838
273.041	466.677
271.769	435.378
285.275	53.9758
281.984	436.33
282.216	387.755
292.218	24.6462
291.733	50.2015
297.77	7.73506
296.797	392.499
303.365	270.289
315.337	354.655
387.553	163.57
391.865	102.339
393.54	94.4305
416.192	232.633
436.001	47.4965
461.521	387.628
461.521	387.628
484.707	31.4598
490.252	115.074
488.106	257.574
488.106	257.574
492.839	45.3611
495.598	367.437
495.598	367.437
502.678	112.663
509.261	73.486
514.519	334.596
517.765	89.5769
523.148	327.195
532.577	18.5463
532.577	18.5463
535.213	395.404
541.717	394.357
545.697	137.063
545.697	137.063
547.957	179.697
560.634	361.87
560.589	376.476
572.525	256.4
574.306	200.634
571.75	450.572
571.75	450.572
580.476	209.741
581.067	173.047
584.374	32.5353
589.679	445.151
590.505	445.634
601.415	342.651
612.157	421.88
616.571	126.355
619.51	202.483
617.167	283.206
619.108	291.994
627.701	199.58
626.44	155.384
632.822	308.206
635.687	70.639
642.249	188.483
639.207	394.298
643.019	116.916
643.07	81.4673
646.405	241.352
654.621	293.681
656.412	301.428
655.223	413.658
663.982	280.088
666.149	439.27
675.756	-0.0520137
675.255	156.321
672.719	283.627
673.643	93.0416
673.643	93.0416
674.886	439.217
686.158	154.562
