20.408	441.973
23.1088	400.447
33.0294	279.257
37.7352	270.175
40.5199	370.997
41.704	445.483
50.0783	16.211
46.6882	140.571
46.4263	220.631
46.4263	220.631
51.6103	354.372
61.1567	440.459
64.2634	41.7799
78.6615	251.859
78.6615	251.859
82.2339	297.061
81.7887	136.762
82.4297	331.009
89.2391	58.0576
95.3255	155.381
97.082	87.6575
96.1042	338.16
107.308	171.915
110.265	452.518
125.926	298.061
129.913	141.485
133.841	457.855
135.023	308.533
137.677	245.712
141.876	364.431
146.978	226.184
163.244	464.273
164.189	194.698
179.421	157.795
178.959	279.112
193.379	36.0015
191.763	136.9
195.366	156.066
206.018	163.932
211.256	56.4097
210.431	141.045
204.881	281.218
217.142	28.3232
219.106	59.3614
239.489	181.351
233.723	405.66
257.611	294.271
257.611	294.271
269.435	444.731
274.53	396.435
274.53	396.435
284.668	61.2033
285.453	54.079
292.318	24.6518
283.02	436.64
303.371	270.332
315.38	41.3009
315.306	354.5
389.481	67.5248
391.003	60.5089
410.247	223.035
410.247	223.035
461.769	38.6964
461.476	387.628
475.136	70.6846
476.969	388.974
489.587	96.02
490.44	114.979
488.1	257.714
488.1	257.714
492.768	45.3537
507.567	142.772
515.777	75.0291
523.158	327.075
523.158	327.075
522.537	398.29
530.901	12.7423
532.012	81.7573
535.178	395.315
540.08	16.028
545.811	91.6404
548.488	124.557
552.366	457.001
560.622	361.876
560.64	376.432
571.407	202.739
574.308	200.721
575.828	157.072
575.985	144.535
582.237	216.801
584.286	32.4521
589.741	445.189
590.581	445.633
596.41	227.733
601.516	107.444
604.47	159.134
606.21	252.017
612.278	421.817
616.539	83.1321
618.92	138.62
619.032	292.006
618.822	387.443
626.015	247.859
628.122	145.441
636.572	392.996
642.893	81.4323
645.319	308.273
655.088	413.754
663.972	280.065
675.775	0.0427076
675.775	0.0427076
666.591	439.538
675.32	156.185
673.305	248.245
678.852	127.109
679.788	143.865
677.436	305.282
677.436	305.282
685.669	133.647
700.114	53.9835
710.034	48.1513
15.9177	266.537
20.4631	441.964
23.0024	400.706
27.7776	145.408
32.9462	279.327
40.418	371.14
46.6778	140.618
46.3617	220.715
46.3617	220.715
64.335	41.7651
65.4137	282.379
73.2868	97.4762
78.6368	251.942
79.406	177.66
82.2551	297.054
89.2502	58.1394
95.2929	155.399
96.1986	337.941
96.1986	337.941
102.098	326.289
113.049	94.7785
114.047	443.244
114.047	443.244
122.179	111.531
123.372	228.393
129.85	141.51
134.966	308.643
137.688	245.715
144.425	304.522
146.951	459.817
141.804	364.513
156.082	468.777
164.167	194.738
164.539	279.702
179.259	145.93
179.446	157.807
193.292	36.1342
193.292	36.1342
205.897	164.137
205.043	123.257
211.098	56.2325
210.504	141.084
217.268	28.2654
219.328	59.4991
227.949	465.953
239.474	181.366
235.897	237.232
244.763	324.71
253.943	420.101
255.306	281.864
257.587	294.309
267.56	361.937
269.252	444.729
269.121	378.862
271.868	435.514
285.371	54.0112
287.331	35.2623
291.777	50.6056
282.357	387.672
289.248	410.067
303.456	270.344
315.387	41.2968
389.863	69.7945
390.981	62.4666
397.108	122.975
410.212	223.34
410.212	223.34
435.996	47.3611
435.996	47.3611
461.496	387.626
468.878	393.147
484.732	31.553
489.554	95.977
490.189	115.181
488.056	257.607
488.056	257.607
491.34	302.444
496.69	345.151
499.313	304.254
509.805	64.2789
509.805	64.2789
506.74	336.471
510.443	371.986
530.89	12.7708
539.871	15.9309
535.272	395.354
545.755	137.206
545.755	137.206
553.036	313.674
552.282	456.741
558.413	388.462
560.624	361.856
565.434	183.528
569.799	190.603
571.371	154.404
571.391	202.612
572.185	451.552
584.307	32.4163
590.648	152.125
589.702	445.126
596.404	227.813
612.307	421.646
616.508	83.0851
619.117	291.995
618.765	387.263
624.985	423.181
632.837	445.749
642.254	188.525
643.069	116.862
643.069	116.862
642.74	81.3529
646.447	241.361
646.447	241.361
645.149	308.407
647.609	231.354
654.774	293.668
654.957	413.763
664.001	280.074
675.846	-0.0309649
675.846	-0.0309649
666.129	439.178
672.732	283.598
679.891	143.893
677.579	305.452
686.21	175.399
675.959	439.812
689.497	106.71
697.462	118.595
699.571	54.0039
20.4271	441.863
23.175	400.679
33.9997	256.975
40.4511	371.011
41.6486	445.585
50.0284	16.3003
46.3592	220.712
46.3592	220.712
64.308	41.7676
62.9333	160.52
66.3267	117.005
73.3945	97.2981
78.6654	251.887
79.2957	177.732
82.2114	297.05
89.2558	58.1625
89.0045	435.962
89.0045	435.962
96.1549	338.07
102.165	326.318
104.334	277.698
108.916	346.053
113.114	94.7619
122.306	111.652
123.415	228.374
129.885	141.488
137.619	245.776
138.387	214.416
141.659	295.657
152.156	457.072
156.089	468.804
159.108	317.874
179.425	157.787
184.095	154.414
178.749	279.043
193.256	36.237
193.256	36.237
205.97	164.035
210.433	140.987
205.244	281.199
217.329	28.2867
219.321	59.4637
222.955	46.5665
239.47	181.336
233.702	405.638
259.298	129.857
248.677	278.959
264.272	421.781
269.499	378.897
273.088	466.609
271.575	393.433
284.636	61.2625
285.445	54.0768
287.341	35.2772
292.982	169.591
289.152	409.995
303.423	270.359
315.585	41.2975
315.219	354.554
390.454	71.9859
391.536	64.5377
410.405	223.667
435.99	47.3062
435.99	47.3062
451.398	107.957
455.479	124.406
481.96	22.8583
476.928	389.035
488.114	257.675
488.114	257.675
499.198	303.896
506.735	336.522
515.759	75.0231
517.587	66.2634
514.556	334.458
522.63	398.159
535.522	36.3569
535.279	395.345
545.993	91.7438
545.731	137.146
544.652	350.198
552.223	148.891
552.318	456.756
560.628	376.41
568.95	3.49083
571.395	154.437
571.461	202.592
572.081	451.491
584.23	32.332
586.935	185.989
588.042	-2.60871
588.746	213.468
596.395	280.725
601.456	342.72
600.62	419.881
608.609	306.623
615.906	471.779
618.909	138.619
619.108	292.025
627.822	199.652
626.109	247.803
630.715	101.808
634.765	184.372
633.533	49.8478
632.89	445.862
636.338	392.952
642.761	81.4049
654.772	293.653
655.262	413.778
664.031	280.06
664.47	270.789
670.936	139.465
675.801	-0.0514552
675.801	-0.0514552
666.526	439.561
675.295	156.277
678.664	127.051
687.516	187.62
684.287	292.45
710.354	48.2003
15.7508	266.477
20.3476	442.074
23.3446	432.926
22.9643	400.716
28.0347	145.011
27.9678	202.394
37.9948	270.299
40.2204	371.214
47.8933	297.969
45.9884	161.262
49.9261	16.1507
46.391	220.635
61.0602	130.294
64.152	41.7927
63.6132	107.736
65.484	282.399
78.709	251.83
89.0462	435.912
89.0462	435.912
95.2386	155.358
96.1686	338.042
101.016	74.1727
102.009	326.25
108.894	346.042
113.039	94.7933
117.832	221.96
122.315	111.733
125.949	298.092
128.865	201.318
129.931	141.453
137.683	245.707
138.403	214.481
139.083	157.115
141.807	295.362
141.901	364.302
147.222	170.763
150.987	432.775
166.112	443.97
179.011	279.086
193.198	36.2191
193.198	36.2191
205.973	164.018
205.013	123.323
204.816	281.153
217.167	28.2719
219.308	59.4336
226.07	65.0021
227.931	465.881
239.65	36.5929
239.509	181.286
233.724	405.692
233.724	405.692
241.544	330.895
244.761	324.674
259.271	129.831
255.283	281.879
269.609	444.741
274.487	396.392
284.64	61.1525
285.354	53.9861
282.737	436.405
282.198	387.741
292.291	24.7137
310.922	41.3063
303.518	270.338
312.359	340.326
315.685	346.538
392.715	151.229
391.138	74.8853
392.124	67.5962
410.955	223.724
410.955	223.724
451.401	107.951
461.584	387.54
475.189	71.2013
476.849	389.018
484.813	31.6177
489.548	95.9264
488.138	257.858
488.138	257.858
492.848	45.381
496.201	345.047
499.276	304.096
507.529	142.89
506.469	299.311
506.782	336.516
514.248	56.6322
517.839	89.3671
521.925	337.888
535.399	395.39
540.062	16.0416
544.695	122.223
547.943	179.513
548.493	124.47
553.24	313.624
552.291	456.878
560.605	361.899
566.9	397.029
568.924	3.42174
572.557	256.373
571.443	202.655
571.745	450.845
581.084	173.131
582.159	216.713
584.345	32.4948
585.215	163.568
588.71	213.427
588.668	-2.42016
589.556	445.145
601.575	163.519
601.279	342.65
606.272	102.436
612.208	421.851
612.208	421.851
616.606	126.334
617.152	283.257
619.14	292.079
626.084	247.809
633.532	49.7337
632.728	445.636
642.982	81.5307
644.887	309.013
647.631	231.228
658.106	154.816
654.801	293.616
655.177	413.694
663.196	106.626
663.855	280.199
666.643	287.166
666.407	439.401
675.774	-0.0410711
675.774	-0.0410711
677.832	305.853
674.655	439.285
687.524	187.553
689.542	106.738
699.656	53.8914
710.064	48.1603
16.229	266.526
20.4362	441.893
23.037	400.189
32.9911	279.317
40.281	371.07
41.5853	445.512
48.1311	297.882
49.9022	16.1475
46.3598	220.673
50.8326	270.032
51.5638	354.391
64.3314	41.8234
66.1642	117.091
73.3824	97.2544
78.7081	251.783
89.1485	57.978
92.7185	443.529
98.2731	448.874
96.1397	338.076
100.997	74.2025
102.155	326.282
107.271	172
117.868	221.892
119.108	187.181
123.431	228.371
132.947	129.379
134.935	308.623
137.62	245.763
142.419	417.642
144.4	304.646
141.746	364.723
146.992	226.222
150.978	463.05
152.212	457.098
167.382	136.445
179.192	146.014
179.428	157.767
178.988	279.067
193.219	36.2245
193.219	36.2245
205.905	164.11
211.221	56.3283
205.258	281.172
219.322	59.4383
232.352	128.35
239.648	36.6502
239.489	181.324
235.823	237.268
233.763	405.664
241.487	331.012
255.241	281.892
257.627	294.301
260.524	419.045
273.608	134.503
267.596	361.934
269.168	378.843
273.056	466.671
271.823	435.435
279.686	129.221
284.659	61.2199
281.9	436.477
282.264	387.757
291.776	50.5428
292.297	24.5989
287.363	398.218
297.709	7.86519
303.381	270.316
315.432	354.548
393.289	157.334
393.477	166.872
392.814	71.8301
392.814	71.8301
411.293	224.231
411.293	224.231
440.893	67.2432
475.212	71.0231
468.893	393.025
482.012	22.9899
476.822	388.996
490.171	115.018
488.143	257.75
488.143	257.75
491.089	302.195
495.668	367.39
495.668	367.39
502.616	112.661
507.556	142.697
514.618	334.561
517.419	65.9573
538.093	85.479
535.259	395.39
538.195	316.026
539.964	16.063
541.832	394.168
545.776	137.044
545.776	137.044
548.7	158.754
555.321	350.314
560.631	361.871
565.449	183.475
568.76	3.53013
571.432	202.579
572.527	256.394
574.279	200.583
571.8	450.681
571.8	450.681
584.358	32.5035
586.844	185.844
588.74	213.472
590.44	445.597
601.487	107.341
600.605	419.846
601.394	342.711
606.352	102.539
617.182	283.228
618.949	291.896
635.592	70.7014
635.592	70.7014
632.812	445.678
642.254	188.533
636.134	392.939
644.963	309.128
646.358	241.389
647.568	231.243
654.651	293.699
656.265	301.293
655.139	413.713
663.893	280.119
666.277	439.184
675.78	-0.0335168
675.349	156.289
672.696	283.614
681.018	119.511
675.977	439.81
689.587	106.826
693.011	143.644
710.251	48.1809
