20.5309	442.044
23.1387	400.404
28.035	202.361
32.9669	279.318
34.0738	256.956
39.2689	370.322
41.7226	445.491
49.9828	16.1366
46.3625	220.642
46.3625	220.642
61.184	440.424
64.2909	41.7712
66.4163	116.981
78.5916	441.853
78.6648	251.874
78.6648	251.874
82.2176	297.052
81.7611	136.732
89.3083	58.204
95.3652	155.324
95.3652	155.324
96.1667	338.047
96.1667	338.047
99.4671	289.761
113.054	94.7896
128.876	201.239
129.817	141.536
133.845	457.854
137.712	245.697
139.174	157.046
144.383	304.535
144.844	203.539
148.29	415.758
152.165	457.09
173.208	308.718
178.936	279.043
193.27	36.2049
191.746	136.949
195.303	156.076
205.03	123.295
211.243	56.418
217.291	28.3072
239.465	181.307
239.465	181.307
233.726	405.643
233.726	405.643
248.32	278.956
264.481	95.5567
269.155	73.4117
269.531	444.757
269.531	444.757
269.433	378.92
274.638	396.356
280.243	128.427
285.237	53.9211
292.337	24.5154
291.681	50.3509
287.483	398.267
303.398	270.327
315.439	41.3029
315.234	354.62
387.063	171.801
393.073	103.877
393.073	103.877
400.22	168.398
461.545	387.639
475.261	70.853
484.374	93.4597
484.786	31.5698
477.042	388.976
490.325	115.276
488.07	257.61
488.07	257.61
498.365	345.179
499.223	303.94
499.223	303.94
515.822	75.0693
518.876	348.314
527.182	342.285
532.73	18.4755
535.748	80.5903
535.24	395.385
540.042	16.0307
541.433	108.992
541.311	132.341
553.23	313.62
552.369	456.92
557.861	321.264
558.417	388.402
563.5	168.832
563.5	168.832
569.704	190.455
571.47	202.588
584.318	32.4616
588.206	-2.57803
588.746	213.482
589.799	445.208
590.609	445.66
599.374	151.246
608.526	306.612
619.533	202.446
616.563	83.1933
617.169	283.245
618.993	138.523
618.993	138.523
619.118	292.091
618.718	387.392
626.104	247.768
628.166	145.397
624.972	423.221
636.694	393.117
642.935	81.458
657.658	154.744
655.097	413.811
663.917	280.119
675.777	0.0280889
670.908	132.68
666.645	439.421
673.286	248.189
679.856	143.892
677.467	305.294
677.467	305.294
696.161	100.145
700.556	54.1045
20.4659	442.011
23.0567	400.696
27.895	202.425
32.8235	279.264
37.6425	270.17
40.3289	371.271
45.9102	91.2048
50.0162	16.1879
46.0449	161.177
46.3834	220.667
46.3834	220.667
61.1522	440.488
64.3068	41.7506
66.4271	116.975
78.567	441.844
78.6909	251.839
82.1823	297.01
92.179	264.954
95.1559	105.384
96.1525	338.046
96.1525	338.046
99.4892	289.768
107.304	171.99
113.088	94.7982
122.212	111.654
125.969	298.013
136.946	291.109
137.673	245.72
146.197	214.421
146.197	214.421
152.156	457.103
156.068	468.803
179.3	145.997
179.433	157.767
178.919	279.048
191.643	136.793
205.906	164.142
210.319	140.89
205.544	281.135
217.254	28.278
219.265	59.4201
227.984	465.945
227.984	465.945
232.307	128.146
239.464	181.337
244.699	68.2039
233.72	405.639
253.928	419.8
255.248	281.891
257.614	294.282
257.614	294.282
269.176	444.792
269.583	378.912
271.646	393.4
274.527	396.367
281.533	131.43
281.533	131.43
284.69	61.2423
285.285	53.9553
287.254	35.2584
297.907	8.36808
303.456	270.316
387.285	172.826
387.285	172.826
393.972	106.597
393.972	106.597
461.527	38.7408
475.503	71.2004
476.957	389.036
484.827	31.6024
481.682	387.949
489.46	95.9273
488.095	257.609
488.095	257.609
492.417	103.368
492.808	45.4455
491.263	302.366
515.79	74.9409
517.553	65.9254
525.79	96.8013
523.117	327.077
523.117	327.077
527.087	353.499
534.949	395.275
540.082	15.9458
545.71	137.203
556.408	401.88
560.603	361.918
563.503	168.822
565.437	183.562
568.902	3.54675
571.463	202.701
572.087	451.601
580.549	194.688
581.134	148.124
584.259	32.411
588.733	213.478
594.209	161.944
589.703	445.206
591.608	467.21
600.564	419.967
606.231	251.986
608.507	363.686
616.552	83.0871
617.146	283.301
619.036	291.933
618.951	387.566
630.933	101.976
632.752	308.181
635.686	133.214
636.536	393.082
642.903	81.4279
655.201	413.688
663.886	280.128
675.757	0.0642863
666.688	439.444
675.254	156.285
673.259	248.147
678.613	127.124
677.432	305.217
677.432	305.217
687.096	187.771
685.721	133.551
33.1151	279.348
37.5226	270.119
40.3399	371.18
41.8391	445.482
42.9764	436.793
50.0468	16.2321
46.3923	220.667
46.3923	220.667
64.2546	41.7693
63.5908	107.66
78.651	251.922
78.651	251.922
82.2083	297.059
89.1853	58.0346
95.2401	105.292
95.3029	155.326
95.3029	155.326
96.1132	338.13
96.1132	338.13
99.4379	289.816
105.826	446.767
113.057	94.8032
122.257	111.662
125.998	297.96
128.905	201.258
129.932	141.485
137.026	290.876
137.64	245.818
146.971	459.776
156.072	468.87
164.189	194.683
179.428	157.792
182.378	163.809
178.985	279.071
193.306	36.2301
211.192	56.3447
210.457	141.027
210.457	141.027
205.318	281.207
217.131	28.2566
219.216	59.4317
239.486	181.378
235.85	237.207
256.634	144.715
254.172	420.098
257.576	294.314
257.576	294.314
260.568	419.116
269.226	444.755
269.226	444.755
271.56	393.422
281.562	131.388
281.562	131.388
284.722	61.3025
285.421	54.0698
282.218	387.712
297.685	7.71589
303.35	270.356
315.327	41.3714
315.195	354.625
397.026	199.102
394.944	110.666
394.944	110.666
400.022	180.762
400.022	180.762
440.936	67.4972
461.751	38.8089
468.194	53.1419
468.972	393.033
484.242	93.3758
476.987	388.984
484.775	31.5384
490.292	115.169
490.989	302.052
499.298	304.235
507.537	142.707
509.842	64.2604
509.842	64.2604
523.145	327.08
522.546	398.191
530.93	12.69
532.701	18.4792
538.204	315.96
544.674	122.162
545.769	137.135
544.854	349.447
554.57	155.802
552.354	457.048
558.478	388.439
570.352	353.094
571.355	154.404
571.4	202.854
572.11	451.263
580.79	133.225
582.236	216.78
584.2	32.3858
586.873	185.917
589.675	445.194
596.453	227.71
601.428	114.095
608.557	306.618
612.276	421.807
616.55	83.0694
619.172	292.168
618.886	387.472
632.827	445.633
642.327	188.435
636.811	393.176
642.764	81.3431
646.356	241.474
646.356	241.474
655.109	413.752
664.016	280.056
670.807	139.442
675.759	0.0141437
666.834	439.374
675.23	164.116
673.261	248.157
677.694	305.541
677.694	305.541
686.203	175.403
689.651	106.708
700.433	53.9566
20.4507	441.999
23.0181	400.885
27.9539	202.344
32.9082	279.276
33.1749	138.642
37.7838	270.232
41.6582	445.541
45.9431	161.369
46.6825	140.563
46.3904	220.65
46.3904	220.65
63.6098	107.674
82.132	297.022
89.221	57.977
92.7042	443.544
92.7042	443.544
95.2518	155.345
97.1622	87.6556
96.1619	338.102
96.1619	338.102
101.918	326.219
104.362	277.626
104.362	277.626
119.799	124.97
119.082	187.222
126.02	297.885
128.843	201.372
129.924	141.425
137.718	245.714
139.236	157.022
142.028	461.042
144.917	203.466
156.046	468.914
178.85	279.075
180.1	330.64
193.115	36.2192
206.115	163.955
211.392	56.3806
210.395	140.982
210.395	140.982
205.102	281.14
217.334	28.2762
219.261	59.38
239.757	36.5754
239.445	181.323
241.956	330.563
255.219	281.894
269.29	444.772
269.446	378.902
285.194	53.8848
287.276	35.2336
291.767	50.5431
282.229	387.695
285.131	203.176
287.542	398.264
303.358	270.331
315.325	41.234
374.937	158.571
396.012	115.973
396.012	115.973
399.543	176.139
461.778	38.8865
468.139	53.0704
468.946	392.872
476.977	389.01
490.388	115.131
488.139	257.779
488.139	257.779
492.413	103.346
500.628	61.0964
495.454	367.626
498.088	345.181
499.164	303.798
507.487	142.793
512.91	68.3302
517.466	79.7345
523.133	327.124
523.133	327.124
527.733	25.5004
527.733	25.5004
522.405	398.261
544.751	122.251
545.737	137.138
541.873	394.061
544.925	349.341
560.604	361.944
563.5	168.817
569.755	190.52
571.399	154.356
571.479	202.577
573.026	258.052
572.011	451.18
572.011	451.18
584.464	32.5713
588.628	-2.39594
588.697	213.477
590.649	152.065
596.461	227.76
606.333	102.55
616.594	126.341
619.192	292.165
618.506	387.044
621.535	454.373
626.135	247.777
626.135	247.777
626.492	63.3778
624.958	423.209
632.69	445.602
642.221	188.49
636.522	393.112
642.844	81.3512
647.55	302.061
658.076	154.801
654.695	293.731
656.573	301.335
655.242	413.686
663.925	280.118
675.793	-0.0311583
675.793	-0.0311583
666.507	439.378
675.222	156.276
672.918	247.72
674.898	439.348
685.995	133.522
689.575	106.741
20.5766	442.01
22.9621	400.624
32.9935	279.287
34.1474	256.966
40.2775	371.047
41.8185	445.443
44.9173	36.26
44.9173	36.26
46.4504	220.584
46.4504	220.584
63.0682	237.35
82.1851	297.04
89.2331	58.1653
89.1142	435.809
95.3022	105.23
95.304	139.118
97.1489	87.6496
96.1349	338.139
101.781	440.245
102.039	326.256
104.356	277.688
106.547	158.236
106.547	158.236
108.8	346.225
119.096	187.205
122.312	111.692
126.034	297.95
129.969	141.406
136.979	291.004
137.602	245.743
138.349	214.425
142.051	460.951
140.423	393.307
146.258	214.297
151.996	160.504
155.819	461.684
178.92	279.039
193.113	36.1967
193.113	36.1967
206.075	163.945
204.964	123.28
206.514	436.15
210.35	141.012
205.414	281.226
219.272	59.3435
227.442	56.9668
239.471	181.329
241.761	330.667
244.753	324.72
248.788	278.968
260.569	419.118
267.564	361.959
269.79	444.769
269.28	378.918
276.551	183.988
271.847	435.563
285.351	53.9967
284.747	61.3704
282.549	436.834
297.825	8.09896
287.328	398.26
289.194	410.066
315.455	41.1713
315.385	354.695
321.004	251.635
375.235	163.283
395.025	148.609
396.55	129.834
396.55	129.834
399.031	191.914
399.031	191.914
436.03	47.5045
461.611	387.617
461.611	387.617
475.123	71.0597
481.864	22.7192
484.888	31.8467
490.112	115.156
492.441	103.356
491.225	302.146
498.478	345.185
521.971	337.915
523.137	327.094
522.695	398.285
535.762	80.5647
538.08	85.6395
545.765	137.14
545.765	137.14
544.861	349.452
547.967	179.506
555.275	350.35
558.435	388.441
569.019	3.49333
572.962	258.152
574.289	200.543
575.937	156.99
571.979	451.189
571.979	451.189
578.515	11.0356
580.03	209.61
584.502	32.6119
583.145	274.558
585.893	263.984
588.678	-2.29556
588.761	213.46
590.649	152.052
596.399	227.74
602.641	343.022
600.59	419.859
608.55	306.656
616.549	83.083
616.928	310.387
619.956	174.512
615.662	471.644
618.452	387.005
636.152	133.159
638.592	140.05
632.701	445.661
636.399	393.078
643.051	81.55
654.593	293.754
655.063	413.66
663.894	280.157
670.849	139.457
675.826	-0.0499605
675.826	-0.0499605
666.287	439.17
673.008	247.84
677.61	305.482
685.816	175.37
691.876	158.23
689.61	106.713
699.71	54.0428
710.188	48.1368
