16.1578	266.579
20.5633	441.948
23.0275	400.79
32.9067	279.299
40.385	371.009
41.6306	445.45
45.9744	91.3943
49.7443	15.9564
46.3382	220.683
46.3382	220.683
64.2923	41.8859
70.4241	369.791
70.4241	369.791
78.7062	251.867
78.7062	251.867
82.1896	297.038
89.2186	58.0813
95.2176	105.368
95.3343	155.393
101.959	326.213
107.32	171.835
113.065	94.7299
114.057	443.256
117.509	450.614
122.301	111.781
125.976	298.092
129.876	141.53
136.956	291.074
137.672	245.697
137.914	201.323
137.914	201.323
142.063	460.988
140.489	393.243
150.96	463.009
179.058	279.104
193.417	36.019
193.417	36.019
195.327	156.056
195.327	156.056
206.028	164.109
211.541	56.5375
205.092	281.188
219.616	59.753
227.959	465.897
227.959	465.897
232.171	128.325
239.457	181.228
243.203	115.634
241.771	330.696
248.534	278.995
257.63	294.263
260.568	419.14
267.573	361.967
269.44	378.896
276.377	183.916
284.555	61.1561
285.253	54.0024
287.358	35.3166
282.289	387.703
287.299	398.306
315.462	41.2632
381.206	227.208
400.22	253.232
399.924	168.874
406.64	249.108
409.182	186.879
410.793	304.115
415.979	212.86
461.643	387.624
461.643	387.624
481.862	22.7941
489.532	95.9849
490.128	115.226
492.804	45.3484
491.193	302.291
500.589	61.0241
495.508	367.593
498.55	345.229
507.573	142.757
514.586	334.724
521.975	337.964
522.672	398.273
535.773	80.5628
538.038	85.5737
535.166	387.955
544.64	122.175
546.398	116.979
544.862	349.433
554.947	155.591
555.25	350.389
568.932	3.43366
571.389	154.401
572.967	258.122
574.267	200.583
571.943	451.158
571.943	451.158
578.464	11.0194
580.52	194.716
584.537	32.6128
585.869	263.959
588.717	-2.26664
591.956	235.38
589.666	445.221
596.363	227.736
602.607	343.009
600.545	419.85
606.237	251.967
613.591	89.9418
616.521	83.0747
620.083	174.496
618.923	291.841
618.616	387.111
628.163	145.439
632.683	445.585
636.441	393.126
643.07	116.886
643.07	116.886
644.884	309.155
654.946	413.673
667.311	174.969
664.009	280.07
666.869	287.035
675.788	0.0287197
675.788	0.0287197
666.077	439.228
677.706	305.569
677.706	305.569
675.264	439.352
687.402	187.639
685.419	133.63
699.99	92.503
709.984	48.1285
15.9175	266.462
20.5898	441.867
23.0207	400.793
32.8467	279.283
40.2609	371.03
41.6259	445.412
44.9922	36.282
44.9922	36.282
46.1907	91.2479
45.8704	161.463
46.4022	220.634
46.4022	220.634
64.3174	41.8155
63.0962	237.339
82.1851	297.013
81.7555	136.744
89.081	435.834
89.081	435.834
95.3491	105.211
95.3333	155.386
97.1561	87.6403
96.0972	338.132
102.024	326.211
104.353	277.678
108.791	346.204
122.216	111.708
123.248	228.532
124.087	288.761
126.023	298.014
129.902	141.46
133.78	457.868
137.729	245.712
140.31	393.405
147	226.094
151.051	462.991
164.163	150.824
184.039	154.357
178.864	279.072
193.197	36.0648
193.197	36.0648
206.071	163.991
204.878	123.26
211.538	56.5725
204.668	281.249
215.392	133.312
226.364	65.4191
239.306	181.391
235.553	398.536
244.784	324.771
242.62	450.942
248.53	278.976
257.66	294.283
260.565	419.112
267.582	361.967
269.428	444.754
269.235	378.946
276.331	183.892
284.592	61.1539
285.236	53.97
287.346	35.3155
282.263	387.724
292.972	169.629
287.4	398.282
315.628	41.2479
315.249	354.534
391.292	196.056
400.351	269.463
399.599	185.931
402.784	279.666
400.917	175.279
410.763	221.18
411.537	308.204
435.978	47.3192
435.978	47.3192
461.642	387.625
461.642	387.625
482.064	23.0232
490.247	115.217
488.092	257.693
492.658	128.245
491.188	302.006
507.53	142.805
515.497	59.7638
521.956	337.975
523.167	327.108
522.77	398.267
527.264	342.271
532.634	18.5284
538.12	85.5823
543.65	152.862
545.765	137.12
545.765	137.12
547.96	179.525
555.218	350.402
552.317	456.82
558.5	388.483
568.969	3.45362
572.962	258.102
571.964	451.141
579.971	209.604
580.553	194.78
582.215	216.739
584.45	32.5035
588.628	-2.345
589.669	445.174
596.38	227.734
602.63	343.068
616.513	126.251
617.116	283.266
616.877	310.455
619.968	174.514
619.155	292.083
620.384	389.003
626.011	247.933
625.147	423.283
634.828	184.308
635.525	70.7089
632.729	445.667
636.54	393.111
642.985	81.5327
643.77	115.531
654.801	293.647
655.004	413.762
664.036	280.026
675.765	0.00112587
675.765	0.00112587
666.252	439.181
675.289	164.119
673.006	247.797
679.822	143.924
677.663	305.533
675.208	439.383
685.742	133.554
696.522	100.307
699.458	53.9127
710.16	48.1792
16.0325	266.517
20.4774	441.989
23.0238	400.688
27.8933	202.463
32.9946	279.309
40.31	371.273
41.7739	445.49
46.0476	91.2218
49.6677	15.8373
46.1537	161.109
46.4059	220.661
46.4059	220.661
51.3548	354.426
63.1718	237.163
74.5651	270.007
78.4476	64.3627
78.5362	441.842
79.5587	177.777
95.1736	139.248
95.1736	139.248
96.1792	338.081
101.818	440.182
115.948	288.288
115.948	288.288
122.197	111.496
126.053	297.934
131.056	243.644
133.191	129.438
136.924	291.215
137.627	245.826
138.083	201.071
138.083	201.071
144.238	454.322
147.448	389.7
161.054	458.513
179.177	145.95
183.924	154.209
206.122	163.937
205.004	123.295
211.359	56.3686
205.135	281.201
239.712	59.282
241.45	330.88
253.963	419.851
273.776	134.913
269.416	444.777
269.431	378.908
271.512	393.411
271.777	435.582
284.714	61.3394
285.285	54.0145
287.347	35.301
281.698	436.676
297.823	8.13568
296.792	392.316
303.378	270.319
312.366	340.29
315.36	354.484
374.771	225.376
402.054	255.426
403.903	243.755
402.078	182.443
406.832	311.95
410.782	200.454
435.997	47.4494
435.997	47.4494
475.167	70.8544
482.004	22.9151
490.081	115.143
488.12	257.769
488.12	257.769
491.096	302.04
495.563	367.564
495.563	367.564
503.715	116.639
507.582	142.719
509.316	73.3663
517.446	65.6612
520.555	83.671
522.71	398.225
544.688	122.208
544.93	349.333
548.31	320.951
552.704	136.095
557.818	321.195
558.48	388.376
570.445	352.995
572.438	256.434
574.869	163.432
576.599	188.397
578.558	11.0894
578.558	11.0894
571.866	451.024
571.866	451.024
580.649	209.877
585.63	263.808
589.513	445.178
591.691	467.232
598.867	237.022
601.531	163.406
600.711	419.994
611.339	137.121
611.339	137.121
613.557	89.9158
618.595	253.616
619.017	291.911
618.833	387.415
626.409	63.2494
626.03	304.706
652.706	193.339
653.629	160.224
654.665	293.737
656.395	301.353
655.029	413.663
666.904	286.983
675.79	-0.01278
675.79	-0.01278
665.977	439.178
673.069	248.07
675.297	439.391
687.359	187.651
686.137	154.531
696.046	100.07
699.642	54.0055
710.985	120.532
710.123	48.2064
15.6346	266.483
20.4529	442.049
22.9917	400.512
37.6508	270.114
40.3322	370.99
41.7045	445.495
49.6172	15.7937
46.3377	160.871
46.3604	220.702
46.3604	220.702
54.876	125.332
61.1397	440.503
61.1397	440.503
63.2484	237.195
63.2484	237.195
66.4845	117.042
78.4034	64.4367
86.2463	85.5118
96.144	338.146
96.144	338.146
115.912	288.35
115.912	288.35
119.083	187.212
133.045	129.408
135.015	308.557
135.015	308.557
137.641	245.762
144.971	203.297
140.401	393.367
150.057	450.71
156.097	468.821
164.317	150.8
166.723	136.466
168.057	425.046
170.799	206.953
183.962	154.257
178.808	279.079
205.009	123.296
217.234	28.2118
219.331	59.5072
219.289	464.891
224.577	93.2217
238.949	181.366
235.895	237.261
248.712	278.92
255.347	281.941
269.619	444.773
269.617	378.878
271.603	393.411
284.415	60.9482
274.483	396.402
291.67	50.738
282.574	436.845
297.697	7.59614
287.532	398.235
303.483	270.336
315.508	41.5242
312.435	340.163
315.387	354.618
397.464	282.589
397.187	293.211
397.187	293.211
401.874	261.82
403.568	189.193
406.113	206.976
411.927	207.319
461.914	39.0435
468.248	53.2196
482.052	23.1174
490.335	115.203
483.198	387.476
492.393	103.185
488.075	257.629
488.075	257.629
496.719	345.059
506.822	336.588
512.904	68.2911
517.437	65.576
514.578	334.588
520.53	83.7622
523.627	38.1072
522.663	398.088
527.232	342.255
543.605	152.662
546.38	116.997
541.731	394.4
548.476	124.323
548.247	320.934
555.253	350.35
552.3	456.659
564.389	154.554
573.046	258.12
579.123	11.6021
571.786	450.688
582.186	216.686
589.68	133.631
595.168	42.5817
596.344	188.82
591.672	467.244
600.685	202.488
601.547	163.372
602.515	342.976
600.575	419.953
619.7	202.391
616.976	310.378
626.365	63.2502
626.365	63.2502
626.275	247.733
626.275	247.733
632.692	308.217
632.857	445.753
636.64	393.145
651.984	114.968
655.089	413.785
663.941	280.138
675.853	-0.0582378
675.853	-0.0582378
666.715	287.103
666.33	439.518
677.472	305.28
677.472	305.28
699.592	53.9715
705.684	155.15
705.684	155.15
710.149	48.17
718.264	107.961
718.264	107.961
15.8285	266.565
20.4028	442.013
23.1239	400.311
23.4224	432.85
27.4797	145.712
37.7947	270.201
40.3181	371.01
46.0463	91.2347
49.64	15.8293
46.0588	161.196
46.4517	220.626
46.4517	220.626
51.5409	354.379
78.3822	64.429
78.6782	251.893
81.9892	161.907
85.9636	85.7439
86.8836	315.678
95.4834	105.129
104.359	277.677
105.807	446.718
105.807	446.718
108.841	346.182
114.171	302.31
119.918	124.945
126.003	298.032
128.057	188.603
128.057	188.603
129.96	141.436
137.612	245.857
141.621	295.653
144.226	454.353
141.846	364.514
155.851	461.718
164.133	150.82
166.953	136.481
178.852	279.143
201.915	105.652
205.005	123.262
211.2	56.3836
210.355	140.863
210.355	140.863
217.235	28.2596
219.354	59.5231
243.166	115.847
235.846	237.267
241.321	330.931
255.393	281.835
260.556	419.026
269.231	378.903
269.419	444.707
271.588	393.377
284.519	61.0442
285.287	53.997
287.345	35.3001
274.547	396.325
287.413	398.249
303.504	270.277
308.078	377.329
312.401	340.188
360.842	291.277
393.175	261.916
406.527	320.556
406.886	212.951
412.985	241.802
419.102	238.758
451.347	107.715
468.949	393.093
484.836	31.845
477.002	389.018
492.419	103.338
492.933	45.6335
491.161	302.069
507.63	142.63
509.287	73.3062
506.748	336.502
514.27	56.6036
520.5	83.6939
523.641	38.1131
522.006	337.932
523.355	327.134
522.476	398.241
536.632	121.046
548.447	124.392
544.622	350.147
560.56	179.175
558.338	388.473
568.706	3.19779
571.39	202.607
571.224	367.033
571.981	451.257
571.981	451.257
579.491	153.418
582.161	216.666
583.305	274.5
588.735	213.387
588.799	239.028
594.711	172.571
595.038	42.3578
596.441	280.621
602.349	342.839
613.65	89.9473
614.753	131.98
614.753	131.98
612.247	421.9
612.247	421.9
617.03	310.31
618.746	57.5249
618.821	387.445
626.19	304.648
621.971	454.276
632.771	445.679
653.55	160.29
656.605	301.308
655.15	413.803
663.907	280.164
663.487	301.53
675.766	-0.0160558
666.711	287.144
666.224	439.171
691.637	158.342
691.637	158.342
697.466	118.582
700.27	132.245
700.223	54.0933
710.421	48.1658
