20.46	442.034
23.2519	400.632
32.9498	279.345
34.0645	256.962
40.4062	371.232
45.2772	36.0425
46.0234	91.3655
46.1877	161.028
46.322	220.717
46.322	220.717
64.2849	41.8157
63.6022	107.675
63.0644	237.334
63.0644	237.334
82.105	297.003
92.7169	443.55
95.315	155.405
97.1297	87.6271
96.1755	338.057
96.1755	338.057
113.12	94.7549
115.946	288.258
117.506	450.627
122.264	111.688
125.968	298.113
129.925	141.441
136.929	291.064
137.661	245.728
138.368	214.424
140.434	393.408
141.702	364.78
155.885	461.643
156.088	468.91
170.776	206.948
178.937	279.071
195.399	156.069
195.399	156.069
205.792	164.149
211.266	56.3593
210.246	140.868
239.628	59.2406
239.473	181.35
241.788	330.736
235.553	398.512
244.795	324.697
242.321	450.976
255.253	281.818
260.565	419.121
267.577	361.969
269.669	444.726
269.413	378.922
284.61	61.1435
285.308	53.9858
287.399	35.2747
292.245	24.7256
282.442	436.848
282.246	387.714
292.95	169.612
289.2	410.088
312.429	339.996
393.252	244.562
393.596	238.607
397.254	208.415
402.332	207.633
401.581	168.009
402.51	170.088
419.536	276.908
461.635	387.627
461.635	387.627
475.206	70.9902
481.988	22.9014
484.825	31.8095
489.592	96.0148
490.181	115.224
488.074	257.68
491.319	302.203
495.689	367.456
498.475	345.214
507.559	142.818
509.303	73.4756
513.575	140.248
521.981	337.937
523.133	327.086
522.717	398.28
535.8	80.5818
535.143	387.944
545.951	91.6378
544.865	349.484
548.588	124.443
560.681	376.43
568.831	3.4879
571.384	154.406
571.461	202.49
572.966	258.121
571.953	451.129
571.953	451.129
578.455	11.0475
584.441	32.5402
585.876	263.952
588.605	-2.36765
588.739	213.441
589.726	445.292
602.738	343.028
606.306	252.045
616.526	83.0649
619.638	202.473
620.021	174.501
619.081	292.001
618.543	387.124
626.408	63.2234
636.233	133.158
637.083	154.022
632.741	445.645
636.594	393.154
643.674	115.582
645.035	308.913
656.508	301.348
656.508	301.348
655.106	413.771
663.893	280.127
666.741	287.081
670.932	139.541
675.787	0.0283628
675.787	0.0283628
666.223	439.21
675.459	164.117
679.851	143.913
674.95	439.298
689.636	106.723
700.406	54.1177
710.245	48.2121
20.5905	441.983
33.0977	279.333
34.0865	256.971
40.2356	371.391
41.6882	445.469
45.0315	36.2367
45.0315	36.2367
46.1005	91.3072
46.3587	220.657
46.3587	220.657
78.7234	251.841
81.6982	136.747
89.074	435.853
89.074	435.853
95.3148	155.401
95.3148	155.401
97.142	87.6489
96.1285	338.12
96.1285	338.12
102.074	326.25
104.36	277.653
113.169	94.7733
115.958	288.231
122.268	111.657
128.645	157.459
129.881	141.489
137.091	290.758
137.657	245.769
138.396	214.457
144.388	304.649
140.399	393.285
147.316	170.738
150.953	462.997
161.026	458.604
170.709	207.054
179.044	279.05
206.114	163.878
211.295	56.398
206.637	436.23
205.013	281.191
219.252	59.3512
239.509	181.286
244.803	324.748
255.334	281.847
257.64	294.29
260.559	419.135
273.662	134.275
267.587	361.965
269.761	444.744
269.379	378.915
271.757	435.516
279.892	129.41
285.262	53.9644
287.391	35.2896
291.598	50.5157
282.303	387.693
287.485	398.236
310.962	41.177
303.412	270.308
391.047	228.765
392.369	173.966
401.361	172.651
419.158	202.533
440.996	67.8167
453.193	115.181
461.628	387.629
461.628	387.629
475.131	70.9674
481.924	22.8151
490.206	115.107
488.106	257.735
488.106	257.735
491.299	302.251
495.249	367.781
495.249	367.781
507.559	142.789
523.998	90.9309
521.982	337.948
523.166	327.105
522.71	398.27
527.258	342.245
532.864	18.3705
538.125	85.5434
540.844	74.1039
541.463	109.059
548.008	179.473
546.347	387.992
555.234	350.391
568.761	3.42359
571.487	202.544
572.978	258.147
575.856	156.96
571.971	451.149
571.971	451.149
580.032	209.571
584.418	32.5165
585.914	263.981
588.503	-2.4022
589.729	133.774
591.986	235.362
589.581	445.155
596.407	227.706
602.672	343.02
611.983	183.6
616.546	83.1082
616.909	310.4
619.153	292.047
619.651	74.8511
618.442	387.087
626.597	155.295
626.022	247.871
625.108	423.269
632.701	445.644
636.529	393.085
643.059	116.878
654.749	293.643
655.04	413.783
663.983	280.102
670.902	139.541
675.733	-0.0214828
675.733	-0.0214828
666.309	439.185
675.13	164.111
672.967	247.769
679.767	143.942
677.633	305.464
674.954	439.272
689.543	106.807
15.6581	266.463
20.3905	441.971
22.8193	400.658
32.9672	279.274
40.2651	371.21
41.7863	445.495
45.2253	36.1181
46.102	91.3358
46.3857	220.576
61.1403	440.494
78.6883	251.834
82.2186	297.002
81.702	136.74
95.2966	139.097
95.3154	155.422
95.3154	155.422
96.1166	338.125
96.1166	338.125
101.132	74.2817
101.979	326.215
104.331	277.719
108.734	221.337
117.514	450.631
122.211	111.597
128.954	453.745
129.902	141.473
134.82	308.746
137.644	245.738
141.64	295.693
140.363	393.35
146.261	214.386
146.261	214.386
155.822	461.711
178.772	279.051
193.348	36.1772
195.385	156.074
195.385	156.074
205.258	281.161
219.309	59.4759
239.708	59.2174
239.551	181.241
241.736	330.695
242.301	450.928
248.587	278.972
257.634	294.263
260.558	419.116
273.915	135.033
267.582	361.964
276.422	183.939
269.349	378.908
271.764	435.519
285.223	53.9575
287.359	35.2958
291.764	50.2975
282.271	387.715
289.182	410.089
303.407	270.32
315.632	41.2596
315.362	354.602
393.211	246.428
391.7	175.83
401.907	176.806
404.966	224.788
417.784	206.048
414.212	291.255
435.995	47.3893
435.995	47.3893
451.4	107.996
451.4	107.996
461.637	387.633
461.637	387.633
481.908	22.7543
491.176	302.148
507.514	142.873
518.864	348.269
518.864	348.269
521.971	337.971
523.122	327.102
522.552	398.286
532.713	18.4795
535.791	80.5712
538.053	85.6137
545.823	137.164
547.996	179.477
552.754	136.117
558.511	388.364
568.907	3.48178
571.391	154.399
571.456	202.516
572.965	258.117
571.992	451.135
571.992	451.135
580.552	194.78
584.445	32.5384
585.914	264.01
588.643	-2.33791
588.754	213.464
589.777	445.257
597.455	118.04
601.73	190.977
606.311	251.986
606.292	102.551
608.337	363.497
618.537	387.169
626.528	63.3109
626.528	63.3109
628.061	145.457
625.022	423.254
632.675	308.259
632.751	445.671
642.282	188.509
636.374	393.026
645.012	308.841
654.685	293.751
656.667	301.303
655.017	413.787
663.866	280.172
666.674	287.171
675.773	-0.0345714
675.773	-0.0345714
666.249	439.209
679.797	143.961
675.37	439.407
689.703	106.747
691.823	158.299
700.164	92.4802
709.956	48.1652
20.4249	442.053
28.0461	202.292
32.7706	279.288
34.0934	256.978
40.3474	371.259
41.6015	445.47
46.4332	220.597
46.4332	220.597
51.3797	354.475
61.1684	440.468
82.1339	296.994
81.6984	136.731
89.2012	58.0499
95.3608	155.356
95.3608	155.356
97.1595	87.646
96.1815	338.06
102.068	326.252
104.344	277.671
104.344	277.671
113.078	94.7317
117.494	450.613
122.304	111.745
126.002	297.994
128.883	201.293
129.963	141.415
137.601	245.784
138.369	214.376
142.043	460.988
141.782	295.453
140.361	393.407
150.979	462.954
152.005	160.498
179	279.073
193.398	36.1201
193.398	36.1201
195.353	156.062
210.323	140.927
205.316	281.239
217.07	28.0867
219.45	59.6678
227.953	465.845
236.16	55.1652
239.547	181.224
241.736	330.739
244.826	324.745
251.195	153.28
248.656	278.957
260.561	419.16
273.557	134.582
267.574	361.965
269.621	444.786
269.286	378.91
276.328	183.986
271.801	435.579
285.208	53.9604
287.381	35.3132
292.424	24.8419
291.817	50.2283
282.268	387.728
287.527	398.246
315.341	354.752
388.867	222.7
396.823	226.843
398.921	185.686
408.574	181.757
461.646	387.622
461.646	387.622
475.153	70.9828
481.885	22.843
489.528	95.9695
488.057	257.602
488.057	257.602
492.388	103.347
491.284	302.173
498.525	345.203
507.495	142.873
506.491	299.394
515.5	59.7501
515.818	74.9748
523.152	327.102
522.677	398.297
535.569	7.15475
535.161	387.946
545.741	137.12
545.741	137.12
547.986	179.567
555.228	350.405
555.228	350.405
568.763	3.44777
572.969	258.119
575.924	157.003
572.03	451.24
572.03	451.24
580.08	209.567
580.514	194.669
584.466	32.5126
584.446	144.31
588.629	-2.30235
589.686	445.262
596.412	227.678
602.615	343.122
600.609	419.943
616.505	83.066
619.139	292.081
618.602	387.164
626.497	63.3069
628.084	145.457
630.865	101.895
630.865	101.895
634.298	240.581
634.298	240.581
632.664	445.648
636.309	392.987
645.058	202.964
644.974	309.047
654.796	293.631
655.042	413.784
664.042	280.075
670.817	139.491
675.717	-0.0194959
675.717	-0.0194959
666.229	439.208
675.164	156.234
672.974	247.806
677.625	305.508
674.946	439.297
687.468	187.676
689.578	106.739
699.737	53.9732
710.118	48.182
16.1578	266.579
20.5633	441.948
23.0275	400.79
32.9067	279.299
40.385	371.009
41.6306	445.45
45.9744	91.3943
49.7443	15.9564
46.3382	220.683
46.3382	220.683
64.2923	41.8859
70.4241	369.791
70.4241	369.791
78.7062	251.867
78.7062	251.867
82.1896	297.038
89.2186	58.0813
95.2176	105.368
95.3343	155.393
101.959	326.213
107.32	171.835
113.065	94.7299
114.057	443.256
117.509	450.614
122.301	111.781
125.976	298.092
129.876	141.53
136.956	291.074
137.672	245.697
137.914	201.323
137.914	201.323
142.063	460.988
140.489	393.243
150.96	463.009
179.058	279.104
193.417	36.019
193.417	36.019
195.327	156.056
195.327	156.056
206.028	164.109
211.541	56.5375
205.092	281.188
219.616	59.753
227.959	465.897
227.959	465.897
232.171	128.325
239.457	181.228
243.203	115.634
241.771	330.696
248.534	278.995
257.63	294.263
260.568	419.14
267.573	361.967
269.44	378.896
276.377	183.916
284.555	61.1561
285.253	54.0024
287.358	35.3166
282.289	387.703
287.299	398.306
315.462	41.2632
381.206	227.208
400.22	253.232
399.924	168.874
406.64	249.108
409.182	186.879
410.793	304.115
415.979	212.86
461.643	387.624
461.643	387.624
481.862	22.7941
489.532	95.9849
490.128	115.226
492.804	45.3484
491.193	302.291
500.589	61.0241
495.508	367.593
498.55	345.229
507.573	142.757
514.586	334.724
521.975	337.964
522.672	398.273
535.773	80.5628
538.038	85.5737
535.166	387.955
544.64	122.175
546.398	116.979
544.862	349.433
554.947	155.591
555.25	350.389
568.932	3.43366
571.389	154.401
572.967	258.122
574.267	200.583
571.943	451.158
571.943	451.158
578.464	11.0194
580.52	194.716
584.537	32.6128
585.869	263.959
588.717	-2.26664
591.956	235.38
589.666	445.221
596.363	227.736
602.607	343.009
600.545	419.85
606.237	251.967
613.591	89.9418
616.521	83.0747
620.083	174.496
618.923	291.841
618.616	387.111
628.163	145.439
632.683	445.585
636.441	393.126
643.07	116.886
643.07	116.886
644.884	309.155
654.946	413.673
667.311	174.969
664.009	280.07
666.869	287.035
675.788	0.0287197
675.788	0.0287197
666.077	439.228
677.706	305.569
677.706	305.569
675.264	439.352
687.402	187.639
685.419	133.63
699.99	92.503
709.984	48.1285
