15.6581	266.463
20.3905	441.971
22.8193	400.658
32.9672	279.274
40.2651	371.21
41.7863	445.495
45.2253	36.1181
46.102	91.3358
46.3857	220.576
61.1403	440.494
78.6883	251.834
82.2186	297.002
81.702	136.74
95.2966	139.097
95.3154	155.422
95.3154	155.422
96.1166	338.125
96.1166	338.125
101.132	74.2817
101.979	326.215
104.331	277.719
108.734	221.337
117.514	450.631
122.211	111.597
128.954	453.745
129.902	141.473
134.82	308.746
137.644	245.738
141.64	295.693
140.363	393.35
146.261	214.386
146.261	214.386
155.822	461.711
178.772	279.051
193.348	36.1772
195.385	156.074
195.385	156.074
205.258	281.161
219.309	59.4759
239.708	59.2174
239.551	181.241
241.736	330.695
242.301	450.928
248.587	278.972
257.634	294.263
260.558	419.116
273.915	135.033
267.582	361.964
276.422	183.939
269.349	378.908
271.764	435.519
285.223	53.9575
287.359	35.2958
291.764	50.2975
282.271	387.715
289.182	410.089
303.407	270.32
315.632	41.2596
315.362	354.602
393.211	246.428
391.7	175.83
401.907	176.806
404.966	224.788
417.784	206.048
414.212	291.255
435.995	47.3893
435.995	47.3893
451.4	107.996
451.4	107.996
461.637	387.633
461.637	387.633
481.908	22.7543
491.176	302.148
507.514	142.873
518.864	348.269
518.864	348.269
521.971	337.971
523.122	327.102
522.552	398.286
532.713	18.4795
535.791	80.5712
538.053	85.6137
545.823	137.164
547.996	179.477
552.754	136.117
558.511	388.364
568.907	3.48178
571.391	154.399
571.456	202.516
572.965	258.117
571.992	451.135
571.992	451.135
580.552	194.78
584.445	32.5384
585.914	264.01
588.643	-2.33791
588.754	213.464
589.777	445.257
597.455	118.04
601.73	190.977
606.311	251.986
606.292	102.551
608.337	363.497
618.537	387.169
626.528	63.3109
626.528	63.3109
628.061	145.457
625.022	423.254
632.675	308.259
632.751	445.671
642.282	188.509
636.374	393.026
645.012	308.841
654.685	293.751
656.667	301.303
655.017	413.787
663.866	280.172
666.674	287.171
675.773	-0.0345714
675.773	-0.0345714
666.249	439.209
679.797	143.961
675.37	439.407
689.703	106.747
691.823	158.299
700.164	92.4802
709.956	48.1652
20.4249	442.053
28.0461	202.292
32.7706	279.288
34.0934	256.978
40.3474	371.259
41.6015	445.47
46.4332	220.597
46.4332	220.597
51.3797	354.475
61.1684	440.468
82.1339	296.994
81.6984	136.731
89.2012	58.0499
95.3608	155.356
95.3608	155.356
97.1595	87.646
96.1815	338.06
102.068	326.252
104.344	277.671
104.344	277.671
113.078	94.7317
117.494	450.613
122.304	111.745
126.002	297.994
128.883	201.293
129.963	141.415
137.601	245.784
138.369	214.376
142.043	460.988
141.782	295.453
140.361	393.407
150.979	462.954
152.005	160.498
179	279.073
193.398	36.1201
193.398	36.1201
195.353	156.062
210.323	140.927
205.316	281.239
217.07	28.0867
219.45	59.6678
227.953	465.845
236.16	55.1652
239.547	181.224
241.736	330.739
244.826	324.745
251.195	153.28
248.656	278.957
260.561	419.16
273.557	134.582
267.574	361.965
269.621	444.786
269.286	378.91
276.328	183.986
271.801	435.579
285.208	53.9604
287.381	35.3132
292.424	24.8419
291.817	50.2283
282.268	387.728
287.527	398.246
315.341	354.752
388.867	222.7
396.823	226.843
398.921	185.686
408.574	181.757
461.646	387.622
461.646	387.622
475.153	70.9828
481.885	22.843
489.528	95.9695
488.057	257.602
488.057	257.602
492.388	103.347
491.284	302.173
498.525	345.203
507.495	142.873
506.491	299.394
515.5	59.7501
515.818	74.9748
523.152	327.102
522.677	398.297
535.569	7.15475
535.161	387.946
545.741	137.12
545.741	137.12
547.986	179.567
555.228	350.405
555.228	350.405
568.763	3.44777
572.969	258.119
575.924	157.003
572.03	451.24
572.03	451.24
580.08	209.567
580.514	194.669
584.466	32.5126
584.446	144.31
588.629	-2.30235
589.686	445.262
596.412	227.678
602.615	343.122
600.609	419.943
616.505	83.066
619.139	292.081
618.602	387.164
626.497	63.3069
628.084	145.457
630.865	101.895
630.865	101.895
634.298	240.581
634.298	240.581
632.664	445.648
636.309	392.987
645.058	202.964
644.974	309.047
654.796	293.631
655.042	413.784
664.042	280.075
670.817	139.491
675.717	-0.0194959
675.717	-0.0194959
666.229	439.208
675.164	156.234
672.974	247.806
677.625	305.508
674.946	439.297
687.468	187.676
689.578	106.739
699.737	53.9732
710.118	48.182
16.1578	266.579
20.5633	441.948
23.0275	400.79
32.9067	279.299
40.385	371.009
41.6306	445.45
45.9744	91.3943
49.7443	15.9564
46.3382	220.683
46.3382	220.683
64.2923	41.8859
70.4241	369.791
70.4241	369.791
78.7062	251.867
78.7062	251.867
82.1896	297.038
89.2186	58.0813
95.2176	105.368
95.3343	155.393
101.959	326.213
107.32	171.835
113.065	94.7299
114.057	443.256
117.509	450.614
122.301	111.781
125.976	298.092
129.876	141.53
136.956	291.074
137.672	245.697
137.914	201.323
137.914	201.323
142.063	460.988
140.489	393.243
150.96	463.009
179.058	279.104
193.417	36.019
193.417	36.019
195.327	156.056
195.327	156.056
206.028	164.109
211.541	56.5375
205.092	281.188
219.616	59.753
227.959	465.897
227.959	465.897
232.171	128.325
239.457	181.228
243.203	115.634
241.771	330.696
248.534	278.995
257.63	294.263
260.568	419.14
267.573	361.967
269.44	378.896
276.377	183.916
284.555	61.1561
285.253	54.0024
287.358	35.3166
282.289	387.703
287.299	398.306
315.462	41.2632
381.206	227.208
400.22	253.232
399.924	168.874
406.64	249.108
409.182	186.879
410.793	304.115
415.979	212.86
461.643	387.624
461.643	387.624
481.862	22.7941
489.532	95.9849
490.128	115.226
492.804	45.3484
491.193	302.291
500.589	61.0241
495.508	367.593
498.55	345.229
507.573	142.757
514.586	334.724
521.975	337.964
522.672	398.273
535.773	80.5628
538.038	85.5737
535.166	387.955
544.64	122.175
546.398	116.979
544.862	349.433
554.947	155.591
555.25	350.389
568.932	3.43366
571.389	154.401
572.967	258.122
574.267	200.583
571.943	451.158
571.943	451.158
578.464	11.0194
580.52	194.716
584.537	32.6128
585.869	263.959
588.717	-2.26664
591.956	235.38
589.666	445.221
596.363	227.736
602.607	343.009
600.545	419.85
606.237	251.967
613.591	89.9418
616.521	83.0747
620.083	174.496
618.923	291.841
618.616	387.111
628.163	145.439
632.683	445.585
636.441	393.126
643.07	116.886
643.07	116.886
644.884	309.155
654.946	413.673
667.311	174.969
664.009	280.07
666.869	287.035
675.788	0.0287197
675.788	0.0287197
666.077	439.228
677.706	305.569
677.706	305.569
675.264	439.352
687.402	187.639
685.419	133.63
699.99	92.503
709.984	48.1285
15.9175	266.462
20.5898	441.867
23.0207	400.793
32.8467	279.283
40.2609	371.03
41.6259	445.412
44.9922	36.282
44.9922	36.282
46.1907	91.2479
45.8704	161.463
46.4022	220.634
46.4022	220.634
64.3174	41.8155
63.0962	237.339
82.1851	297.013
81.7555	136.744
89.081	435.834
89.081	435.834
95.3491	105.211
95.3333	155.386
97.1561	87.6403
96.0972	338.132
102.024	326.211
104.353	277.678
108.791	346.204
122.216	111.708
123.248	228.532
124.087	288.761
126.023	298.014
129.902	141.46
133.78	457.868
137.729	245.712
140.31	393.405
147	226.094
151.051	462.991
164.163	150.824
184.039	154.357
178.864	279.072
193.197	36.0648
193.197	36.0648
206.071	163.991
204.878	123.26
211.538	56.5725
204.668	281.249
215.392	133.312
226.364	65.4191
239.306	181.391
235.553	398.536
244.784	324.771
242.62	450.942
248.53	278.976
257.66	294.283
260.565	419.112
267.582	361.967
269.428	444.754
269.235	378.946
276.331	183.892
284.592	61.1539
285.236	53.97
287.346	35.3155
282.263	387.724
292.972	169.629
287.4	398.282
315.628	41.2479
315.249	354.534
391.292	196.056
400.351	269.463
399.599	185.931
402.784	279.666
400.917	175.279
410.763	221.18
411.537	308.204
435.978	47.3192
435.978	47.3192
461.642	387.625
461.642	387.625
482.064	23.0232
490.247	115.217
488.092	257.693
492.658	128.245
491.188	302.006
507.53	142.805
515.497	59.7638
521.956	337.975
523.167	327.108
522.77	398.267
527.264	342.271
532.634	18.5284
538.12	85.5823
543.65	152.862
545.765	137.12
545.765	137.12
547.96	179.525
555.218	350.402
552.317	456.82
558.5	388.483
568.969	3.45362
572.962	258.102
571.964	451.141
579.971	209.604
580.553	194.78
582.215	216.739
584.45	32.5035
588.628	-2.345
589.669	445.174
596.38	227.734
602.63	343.068
616.513	126.251
617.116	283.266
616.877	310.455
619.968	174.514
619.155	292.083
620.384	389.003
626.011	247.933
625.147	423.283
634.828	184.308
635.525	70.7089
632.729	445.667
636.54	393.111
642.985	81.5327
643.77	115.531
654.801	293.647
655.004	413.762
664.036	280.026
675.765	0.00112587
675.765	0.00112587
666.252	439.181
675.289	164.119
673.006	247.797
679.822	143.924
677.663	305.533
675.208	439.383
685.742	133.554
696.522	100.307
699.458	53.9127
710.16	48.1792
16.0325	266.517
20.4774	441.989
23.0238	400.688
27.8933	202.463
32.9946	279.309
40.31	371.273
41.7739	445.49
46.0476	91.2218
49.6677	15.8373
46.1537	161.109
46.4059	220.661
46.4059	220.661
51.3548	354.426
63.1718	237.163
74.5651	270.007
78.4476	64.3627
78.5362	441.842
79.5587	177.777
95.1736	139.248
95.1736	139.248
96.1792	338.081
101.818	440.182
115.948	288.288
115.948	288.288
122.197	111.496
126.053	297.934
131.056	243.644
133.191	129.438
136.924	291.215
137.627	245.826
138.083	201.071
138.083	201.071
144.238	454.322
147.448	389.7
161.054	458.513
179.177	145.95
183.924	154.209
206.122	163.937
205.004	123.295
211.359	56.3686
205.135	281.201
239.712	59.282
241.45	330.88
253.963	419.851
273.776	134.913
269.416	444.777
269.431	378.908
271.512	393.411
271.777	435.582
284.714	61.3394
285.285	54.0145
287.347	35.301
281.698	436.676
297.823	8.13568
296.792	392.316
303.378	270.319
312.366	340.29
315.36	354.484
374.771	225.376
402.054	255.426
403.903	243.755
402.078	182.443
406.832	311.95
410.782	200.454
435.997	47.4494
435.997	47.4494
475.167	70.8544
482.004	22.9151
490.081	115.143
488.12	257.769
488.12	257.769
491.096	302.04
495.563	367.564
495.563	367.564
503.715	116.639
507.582	142.719
509.316	73.3663
517.446	65.6612
520.555	83.671
522.71	398.225
544.688	122.208
544.93	349.333
548.31	320.951
552.704	136.095
557.818	321.195
558.48	388.376
570.445	352.995
572.438	256.434
574.869	163.432
576.599	188.397
578.558	11.0894
578.558	11.0894
571.866	451.024
571.866	451.024
580.649	209.877
585.63	263.808
589.513	445.178
591.691	467.232
598.867	237.022
601.531	163.406
600.711	419.994
611.339	137.121
611.339	137.121
613.557	89.9158
618.595	253.616
619.017	291.911
618.833	387.415
626.409	63.2494
626.03	304.706
652.706	193.339
653.629	160.224
654.665	293.737
656.395	301.353
655.029	413.663
666.904	286.983
675.79	-0.01278
675.79	-0.01278
665.977	439.178
673.069	248.07
675.297	439.391
687.359	187.651
686.137	154.531
696.046	100.07
699.642	54.0055
710.985	120.532
710.123	48.2064
