20.5905	441.983
33.0977	279.333
34.0865	256.971
40.2356	371.391
41.6882	445.469
45.0315	36.2367
45.0315	36.2367
46.1005	91.3072
46.3587	220.657
46.3587	220.657
78.7234	251.841
81.6982	136.747
89.074	435.853
89.074	435.853
95.3148	155.401
95.3148	155.401
97.142	87.6489
96.1285	338.12
96.1285	338.12
102.074	326.25
104.36	277.653
113.169	94.7733
115.958	288.231
122.268	111.657
128.645	157.459
129.881	141.489
137.091	290.758
137.657	245.769
138.396	214.457
144.388	304.649
140.399	393.285
147.316	170.738
150.953	462.997
161.026	458.604
170.709	207.054
179.044	279.05
206.114	163.878
211.295	56.398
206.637	436.23
205.013	281.191
219.252	59.3512
239.509	181.286
244.803	324.748
255.334	281.847
257.64	294.29
260.559	419.135
273.662	134.275
267.587	361.965
269.761	444.744
269.379	378.915
271.757	435.516
279.892	129.41
285.262	53.9644
287.391	35.2896
291.598	50.5157
282.303	387.693
287.485	398.236
310.962	41.177
303.412	270.308
391.047	228.765
392.369	173.966
401.361	172.651
419.158	202.533
440.996	67.8167
453.193	115.181
461.628	387.629
461.628	387.629
475.131	70.9674
481.924	22.8151
490.206	115.107
488.106	257.735
488.106	257.735
491.299	302.251
495.249	367.781
495.249	367.781
507.559	142.789
523.998	90.9309
521.982	337.948
523.166	327.105
522.71	398.27
527.258	342.245
532.864	18.3705
538.125	85.5434
540.844	74.1039
541.463	109.059
548.008	179.473
546.347	387.992
555.234	350.391
568.761	3.42359
571.487	202.544
572.978	258.147
575.856	156.96
571.971	451.149
571.971	451.149
580.032	209.571
584.418	32.5165
585.914	263.981
588.503	-2.4022
589.729	133.774
591.986	235.362
589.581	445.155
596.407	227.706
602.672	343.02
611.983	183.6
616.546	83.1082
616.909	310.4
619.153	292.047
619.651	74.8511
618.442	387.087
626.597	155.295
626.022	247.871
625.108	423.269
632.701	445.644
636.529	393.085
643.059	116.878
654.749	293.643
655.04	413.783
663.983	280.102
670.902	139.541
675.733	-0.0214828
675.733	-0.0214828
666.309	439.185
675.13	164.111
672.967	247.769
679.767	143.942
677.633	305.464
674.954	439.272
689.543	106.807
15.6581	266.463
20.3905	441.971
22.8193	400.658
32.9672	279.274
40.2651	371.21
41.7863	445.495
45.2253	36.1181
46.102	91.3358
46.3857	220.576
61.1403	440.494
78.6883	251.834
82.2186	297.002
81.702	136.74
95.2966	139.097
95.3154	155.422
95.3154	155.422
96.1166	338.125
96.1166	338.125
101.132	74.2817
101.979	326.215
104.331	277.719
108.734	221.337
117.514	450.631
122.211	111.597
128.954	453.745
129.902	141.473
134.82	308.746
137.644	245.738
141.64	295.693
140.363	393.35
146.261	214.386
146.261	214.386
155.822	461.711
178.772	279.051
193.348	36.1772
195.385	156.074
195.385	156.074
205.258	281.161
219.309	59.4759
239.708	59.2174
239.551	181.241
241.736	330.695
242.301	450.928
248.587	278.972
257.634	294.263
260.558	419.116
273.915	135.033
267.582	361.964
276.422	183.939
269.349	378.908
271.764	435.519
285.223	53.9575
287.359	35.2958
291.764	50.2975
282.271	387.715
289.182	410.089
303.407	270.32
315.632	41.2596
315.362	354.602
393.211	246.428
391.7	175.83
401.907	176.806
404.966	224.788
417.784	206.048
414.212	291.255
435.995	47.3893
435.995	47.3893
451.4	107.996
451.4	107.996
461.637	387.633
461.637	387.633
481.908	22.7543
491.176	302.148
507.514	142.873
518.864	348.269
518.864	348.269
521.971	337.971
523.122	327.102
522.552	398.286
532.713	18.4795
535.791	80.5712
538.053	85.6137
545.823	137.164
547.996	179.477
552.754	136.117
558.511	388.364
568.907	3.48178
571.391	154.399
571.456	202.516
572.965	258.117
571.992	451.135
571.992	451.135
580.552	194.78
584.445	32.5384
585.914	264.01
588.643	-2.33791
588.754	213.464
589.777	445.257
597.455	118.04
601.73	190.977
606.311	251.986
606.292	102.551
608.337	363.497
618.537	387.169
626.528	63.3109
626.528	63.3109
628.061	145.457
625.022	423.254
632.675	308.259
632.751	445.671
642.282	188.509
636.374	393.026
645.012	308.841
654.685	293.751
656.667	301.303
655.017	413.787
663.866	280.172
666.674	287.171
675.773	-0.0345714
675.773	-0.0345714
666.249	439.209
679.797	143.961
675.37	439.407
689.703	106.747
691.823	158.299
700.164	92.4802
709.956	48.1652
20.4249	442.053
28.0461	202.292
32.7706	279.288
34.0934	256.978
40.3474	371.259
41.6015	445.47
46.4332	220.597
46.4332	220.597
51.3797	354.475
61.1684	440.468
82.1339	296.994
81.6984	136.731
89.2012	58.0499
95.3608	155.356
95.3608	155.356
97.1595	87.646
96.1815	338.06
102.068	326.252
104.344	277.671
104.344	277.671
113.078	94.7317
117.494	450.613
122.304	111.745
126.002	297.994
128.883	201.293
129.963	141.415
137.601	245.784
138.369	214.376
142.043	460.988
141.782	295.453
140.361	393.407
150.979	462.954
152.005	160.498
179	279.073
193.398	36.1201
193.398	36.1201
195.353	156.062
210.323	140.927
205.316	281.239
217.07	28.0867
219.45	59.6678
227.953	465.845
236.16	55.1652
239.547	181.224
241.736	330.739
244.826	324.745
251.195	153.28
248.656	278.957
260.561	419.16
273.557	134.582
267.574	361.965
269.621	444.786
269.286	378.91
276.328	183.986
271.801	435.579
285.208	53.9604
287.381	35.3132
292.424	24.8419
291.817	50.2283
282.268	387.728
287.527	398.246
315.341	354.752
388.867	222.7
396.823	226.843
398.921	185.686
408.574	181.757
461.646	387.622
461.646	387.622
475.153	70.9828
481.885	22.843
489.528	95.9695
488.057	257.602
488.057	257.602
492.388	103.347
491.284	302.173
498.525	345.203
507.495	142.873
506.491	299.394
515.5	59.7501
515.818	74.9748
523.152	327.102
522.677	398.297
535.569	7.15475
535.161	387.946
545.741	137.12
545.741	137.12
547.986	179.567
555.228	350.405
555.228	350.405
568.763	3.44777
572.969	258.119
575.924	157.003
572.03	451.24
572.03	451.24
580.08	209.567
580.514	194.669
584.466	32.5126
584.446	144.31
588.629	-2.30235
589.686	445.262
596.412	227.678
602.615	343.122
600.609	419.943
616.505	83.066
619.139	292.081
618.602	387.164
626.497	63.3069
628.084	145.457
630.865	101.895
630.865	101.895
634.298	240.581
634.298	240.581
632.664	445.648
636.309	392.987
645.058	202.964
644.974	309.047
654.796	293.631
655.042	413.784
664.042	280.075
670.817	139.491
675.717	-0.0194959
675.717	-0.0194959
666.229	439.208
675.164	156.234
672.974	247.806
677.625	305.508
674.946	439.297
687.468	187.676
689.578	106.739
699.737	53.9732
710.118	48.182
16.1578	266.579
20.5633	441.948
23.0275	400.79
32.9067	279.299
40.385	371.009
41.6306	445.45
45.9744	91.3943
49.7443	15.9564
46.3382	220.683
46.3382	220.683
64.2923	41.8859
70.4241	369.791
70.4241	369.791
78.7062	251.867
78.7062	251.867
82.1896	297.038
89.2186	58.0813
95.2176	105.368
95.3343	155.393
101.959	326.213
107.32	171.835
113.065	94.7299
114.057	443.256
117.509	450.614
122.301	111.781
125.976	298.092
129.876	141.53
136.956	291.074
137.672	245.697
137.914	201.323
137.914	201.323
142.063	460.988
140.489	393.243
150.96	463.009
179.058	279.104
193.417	36.019
193.417	36.019
195.327	156.056
195.327	156.056
206.028	164.109
211.541	56.5375
205.092	281.188
219.616	59.753
227.959	465.897
227.959	465.897
232.171	128.325
239.457	181.228
243.203	115.634
241.771	330.696
248.534	278.995
257.63	294.263
260.568	419.14
267.573	361.967
269.44	378.896
276.377	183.916
284.555	61.1561
285.253	54.0024
287.358	35.3166
282.289	387.703
287.299	398.306
315.462	41.2632
381.206	227.208
400.22	253.232
399.924	168.874
406.64	249.108
409.182	186.879
410.793	304.115
415.979	212.86
461.643	387.624
461.643	387.624
481.862	22.7941
489.532	95.9849
490.128	115.226
492.804	45.3484
491.193	302.291
500.589	61.0241
495.508	367.593
498.55	345.229
507.573	142.757
514.586	334.724
521.975	337.964
522.672	398.273
535.773	80.5628
538.038	85.5737
535.166	387.955
544.64	122.175
546.398	116.979
544.862	349.433
554.947	155.591
555.25	350.389
568.932	3.43366
571.389	154.401
572.967	258.122
574.267	200.583
571.943	451.158
571.943	451.158
578.464	11.0194
580.52	194.716
584.537	32.6128
585.869	263.959
588.717	-2.26664
591.956	235.38
589.666	445.221
596.363	227.736
602.607	343.009
600.545	419.85
606.237	251.967
613.591	89.9418
616.521	83.0747
620.083	174.496
618.923	291.841
618.616	387.111
628.163	145.439
632.683	445.585
636.441	393.126
643.07	116.886
643.07	116.886
644.884	309.155
654.946	413.673
667.311	174.969
664.009	280.07
666.869	287.035
675.788	0.0287197
675.788	0.0287197
666.077	439.228
677.706	305.569
677.706	305.569
675.264	439.352
687.402	187.639
685.419	133.63
699.99	92.503
709.984	48.1285
15.9175	266.462
20.5898	441.867
23.0207	400.793
32.8467	279.283
40.2609	371.03
41.6259	445.412
44.9922	36.282
44.9922	36.282
46.1907	91.2479
45.8704	161.463
46.4022	220.634
46.4022	220.634
64.3174	41.8155
63.0962	237.339
82.1851	297.013
81.7555	136.744
89.081	435.834
89.081	435.834
95.3491	105.211
95.3333	155.386
97.1561	87.6403
96.0972	338.132
102.024	326.211
104.353	277.678
108.791	346.204
122.216	111.708
123.248	228.532
124.087	288.761
126.023	298.014
129.902	141.46
133.78	457.868
137.729	245.712
140.31	393.405
147	226.094
151.051	462.991
164.163	150.824
184.039	154.357
178.864	279.072
193.197	36.0648
193.197	36.0648
206.071	163.991
204.878	123.26
211.538	56.5725
204.668	281.249
215.392	133.312
226.364	65.4191
239.306	181.391
235.553	398.536
244.784	324.771
242.62	450.942
248.53	278.976
257.66	294.283
260.565	419.112
267.582	361.967
269.428	444.754
269.235	378.946
276.331	183.892
284.592	61.1539
285.236	53.97
287.346	35.3155
282.263	387.724
292.972	169.629
287.4	398.282
315.628	41.2479
315.249	354.534
391.292	196.056
400.351	269.463
399.599	185.931
402.784	279.666
400.917	175.279
410.763	221.18
411.537	308.204
435.978	47.3192
435.978	47.3192
461.642	387.625
461.642	387.625
482.064	23.0232
490.247	115.217
488.092	257.693
492.658	128.245
491.188	302.006
507.53	142.805
515.497	59.7638
521.956	337.975
523.167	327.108
522.77	398.267
527.264	342.271
532.634	18.5284
538.12	85.5823
543.65	152.862
545.765	137.12
545.765	137.12
547.96	179.525
555.218	350.402
552.317	456.82
558.5	388.483
568.969	3.45362
572.962	258.102
571.964	451.141
579.971	209.604
580.553	194.78
582.215	216.739
584.45	32.5035
588.628	-2.345
589.669	445.174
596.38	227.734
602.63	343.068
616.513	126.251
617.116	283.266
616.877	310.455
619.968	174.514
619.155	292.083
620.384	389.003
626.011	247.933
625.147	423.283
634.828	184.308
635.525	70.7089
632.729	445.667
636.54	393.111
642.985	81.5327
643.77	115.531
654.801	293.647
655.004	413.762
664.036	280.026
675.765	0.00112587
675.765	0.00112587
666.252	439.181
675.289	164.119
673.006	247.797
679.822	143.924
677.663	305.533
675.208	439.383
685.742	133.554
696.522	100.307
699.458	53.9127
710.16	48.1792
