15.8016	266.565
20.3387	442.032
37.7818	270.172
40.2772	370.939
41.6728	445.536
49.6607	15.8461
46.1783	161.063
46.3833	220.678
46.3833	220.678
64.4231	41.708
60.9856	130.275
63.024	237.408
63.024	237.408
78.437	64.44
79.6494	177.478
82.0781	297.053
95.3622	105.134
96.1441	338.101
101.017	74.2806
108.858	346.105
110.201	452.513
116.004	288.228
117.551	450.579
124.105	288.796
133.055	129.45
134.97	308.649
138.005	201.145
138.005	201.145
137.667	245.819
139.938	393.58
141.858	364.428
151.974	160.492
151.037	462.987
164.183	150.76
163.267	464.241
167.734	136.536
205.708	164.373
217.081	28.2256
224.395	93.0606
228.037	465.813
235.782	237.256
256.562	144.764
253.92	419.979
255.256	281.902
255.256	281.902
257.59	294.32
267.595	361.924
271.645	393.355
284.425	60.9421
285.243	53.9513
287.348	35.2949
291.568	50.9945
282.219	387.699
287.372	398.254
310.91	41.3725
303.342	270.279
315.252	354.49
360.102	295.301
390.62	214.376
397.384	283.694
396.336	248.695
406.922	325.102
407.366	218.288
435.959	47.1915
435.959	47.1915
451.371	107.922
461.687	387.604
461.687	387.604
482.015	22.9433
484.682	31.4256
488.139	257.738
495.547	367.56
495.547	367.56
503.797	116.574
499.287	304.217
499.287	304.217
507.569	142.832
509.15	73.359
512.886	68.3085
515.833	74.8298
520.497	83.6957
521.97	337.904
523.099	327.066
522.629	398.248
532.7	18.4906
532.7	18.4906
536.795	121.01
544.672	122.135
555.47	350.359
552.433	456.93
558.454	388.523
560.575	376.545
571.357	202.777
573.162	258.085
571.88	450.927
579.504	153.427
579.504	153.427
582.148	216.669
583.28	274.482
588.715	213.382
588.715	213.382
595.237	42.6423
601.506	163.408
601.217	342.608
619.09	387.632
624.949	312.557
626.462	63.2168
626.072	247.776
625.778	304.921
630.761	101.751
630.761	101.751
635.593	70.6623
632.793	445.718
636.723	393.296
643.64	143.831
639.196	394.319
656.287	301.352
655.071	413.63
663.329	106.552
663.329	106.552
663.91	280.117
663.592	301.429
666.692	287.162
666.119	439.186
675.341	156.284
686.363	154.506
20.4382	441.9
23.0238	400.625
32.8023	279.316
37.7219	270.199
40.385	371.144
41.763	445.546
49.6499	15.8106
46.4059	220.618
46.4059	220.618
64.4032	41.7227
61.15	440.462
63.017	237.453
63.017	237.453
78.4909	64.3884
82.1434	297.089
97.1742	87.6414
96.2779	337.927
108.875	346.135
114.016	443.296
115.943	288.337
119.897	124.921
119.897	124.921
118.792	172.271
118.792	172.271
124.851	447.739
125.94	298.125
128.033	188.647
128.033	188.647
131.172	243.459
133.199	129.635
137.625	245.848
144.367	304.59
139.893	393.599
152.009	160.539
164.183	150.815
163.292	464.216
168.252	136.587
205.378	164.666
205.021	123.349
217.043	28.219
224.333	92.9132
228.048	465.787
228.048	465.787
238.462	181.059
235.892	237.234
253.964	419.843
255.321	281.875
255.321	281.875
257.594	294.312
267.601	361.936
271.575	393.434
284.557	61.0977
285.253	53.9652
287.349	35.316
291.534	51.0106
282.285	387.69
297.548	7.43319
287.457	398.254
303.416	270.281
315.179	354.604
355.444	292.113
378.176	243.227
391.396	253.964
405.397	204.744
407.694	223.5
435.979	47.3232
435.979	47.3232
440.91	67.3297
461.704	387.594
461.704	387.594
484.718	31.6652
490.42	115.245
488.136	257.803
495.782	367.449
503.774	116.605
499.233	303.995
499.233	303.995
507.593	142.909
509.123	73.3638
520.514	83.7295
523.614	38.1802
521.971	337.907
523.124	327.09
522.562	398.285
536.64	121.108
536.786	135.743
538.106	85.5681
548.511	158.63
544.887	349.394
558.419	388.501
560.744	376.44
571.27	202.87
573.147	258.082
576.593	188.357
578.984	11.6796
571.831	450.818
571.831	450.818
582.185	216.784
583.531	274.39
594.563	172.387
595.096	42.4959
589.745	445.175
596.449	280.578
600.841	202.566
601.352	114.024
601.548	163.415
601.188	342.651
600.637	419.901
613.636	89.9781
614.857	131.999
619.077	387.657
625.005	312.616
626.397	63.2618
632.729	308.192
632.804	445.691
645.204	202.836
636.612	393.242
654.867	293.624
655.184	413.762
664.04	280.099
663.49	301.735
666.763	287.083
666.259	439.242
686.09	154.563
691.526	158.25
697.441	118.555
709.226	75.8199
710.009	48.1818
711.605	120.471
20.4816	441.935
23.2474	400.542
32.9984	279.394
37.7534	270.199
44.9736	36.1844
44.9736	36.1844
40.2638	371.346
41.4783	445.55
46.1878	161
46.3616	220.689
46.3616	220.689
51.2769	354.612
64.3851	41.7068
78.4548	64.4198
78.755	251.713
82.032	296.983
95.1441	105.335
97.2422	87.6109
101.982	326.29
104.371	277.623
108.846	346.121
110.222	452.503
114.014	443.314
119.945	124.931
118.738	172.265
124.077	288.81
124.817	447.79
127.662	235.152
128.784	157.215
133.211	129.653
137.573	245.887
138.389	214.352
141.59	295.751
139.79	393.542
151.916	160.476
163.29	464.246
168.607	136.524
179.02	279.137
204.928	123.368
217.217	28.2852
224.399	92.9889
222.231	236.641
228.015	465.853
237.97	181.164
235.86	237.212
256.576	144.71
255.25	281.857
255.25	281.857
257.584	294.309
267.598	361.933
269.382	378.904
269.773	444.722
271.66	393.402
284.471	61.0617
285.264	53.9664
287.281	35.2987
291.484	51.0443
297.762	8.06528
287.408	398.219
296.78	392.437
303.333	270.288
315.178	354.643
315.696	346.471
385.824	238.315
391.04	296.055
392.103	259.803
395.084	297.558
405.355	210.744
423.11	260.061
435.939	47.1576
435.939	47.1576
443.547	219.868
461.708	387.588
461.708	387.588
482.018	22.8856
484.051	93.1084
484.665	31.5075
489.612	96.0883
488.114	257.701
491.286	302.276
495.557	367.507
507.517	142.758
509.137	73.3311
512.872	68.3015
506.799	336.477
514.558	334.606
520.553	83.7224
523.625	38.1676
521.971	337.914
528.516	100.59
522.395	398.311
535.644	6.95909
540.898	74.2152
535.342	395.393
544.689	122.181
544.884	349.45
560.661	376.485
570.126	172.619
563.119	471.509
571.345	202.732
573.161	258.125
576.551	188.327
571.874	450.963
582.179	216.711
588.737	213.366
594.653	172.559
595.234	42.6283
596.462	280.623
601.266	342.621
600.646	419.882
617.077	310.199
623.405	94.646
623.405	94.646
619.042	387.644
626.351	63.1711
626.323	247.633
621.196	454.702
632.701	308.237
635.621	70.6008
632.761	445.692
645.146	202.84
636.526	393.263
653.967	160.274
654.724	293.655
656.452	301.412
655.224	413.683
664.201	143.401
664.02	280.051
666.681	287.144
666.177	439.191
686.135	175.367
695.989	100.093
711.247	120.495
710.237	48.1463
15.9117	266.517
20.4391	442.022
22.8417	400.648
32.8071	279.328
45.0227	36.1434
40.2723	371.165
41.462	445.541
49.6232	15.7824
46.4273	220.606
46.4273	220.606
51.1933	354.666
64.4761	41.7061
78.4728	64.4128
74.4886	270.089
78.7429	251.786
79.6377	177.498
82.0781	297.038
92.7474	443.526
97.1188	87.6322
102.062	326.348
106.516	158.169
108.88	346.033
114.013	443.275
119.906	124.929
119.906	124.929
125.911	298.149
133.091	129.662
137.96	201.254
137.96	201.254
137.615	245.863
141.734	295.531
139.85	393.546
141.897	364.428
147.464	445.646
151.805	160.486
150.978	462.97
168.203	136.574
178.93	279.152
195.383	156.1
205.875	164.342
211.343	56.3671
217.224	28.2209
224.456	92.9798
232.245	128.362
235.984	237.264
253.948	419.922
255.262	281.905
255.262	281.905
257.594	294.31
267.592	361.929
269.451	444.709
271.591	393.441
271.766	435.404
284.489	60.9854
287.343	35.3036
291.496	51.0362
282.256	387.696
287.442	398.25
311.102	41.4807
303.402	270.298
309.841	243.425
315.107	354.609
315.707	346.419
386.564	308.44
392.499	313.185
391.001	233.345
400.15	249.476
406.123	284.548
408.352	237.102
435.996	47.2639
435.996	47.2639
461.709	387.598
461.709	387.598
475.268	71.1506
481.882	22.5801
484.865	31.7998
490.267	115.112
492.436	103.311
488.114	257.647
491.259	302.55
495.55	367.592
495.55	367.592
507.535	142.908
512.897	68.2895
506.789	336.424
514.583	334.699
520.526	83.6836
522.676	398.221
527.047	353.308
536.64	121.08
540.879	74.0216
546.252	116.86
554.937	155.623
557.943	321.3
552.253	456.964
558.428	388.502
560.708	376.434
571.338	202.681
573.154	258.079
579.145	11.7036
579.145	11.7036
571.942	451.025
579.511	153.424
582.183	216.695
589.977	198.14
595.158	42.5592
596.422	188.819
589.682	445.224
596.431	280.619
601.212	184.298
601.305	342.645
600.612	419.947
617.042	310.195
623.378	94.7299
623.378	94.7299
619.026	387.656
626.317	63.2002
626.045	247.808
621.553	454.547
632.59	308.199
644.914	202.889
636.807	393.407
642.732	81.2797
654.628	293.644
655.094	413.609
666.852	287.024
666.082	439.209
675.271	156.266
673.084	247.995
679.891	143.841
677.766	305.788
695.969	100.095
697.456	118.553
700.128	54.0238
710.119	48.1862
15.964	266.56
20.4264	441.915
23.2337	400.697
37.7201	270.175
45.1868	36.0081
40.3835	371.231
41.7309	445.507
49.6215	15.7971
46.1019	161.161
46.415	220.573
46.415	220.573
64.4111	41.6827
61.1724	440.444
63.059	237.385
63.059	237.385
78.468	64.4466
82.0626	297.054
97.1159	87.6445
96.1832	338.047
102.047	326.345
108.914	346.039
117.536	450.582
119.835	124.954
119.835	124.954
119.029	187.248
125.993	298.064
128.099	188.5
127.639	235.163
134.942	308.632
137.583	245.862
139.771	393.524
151.701	160.639
151.203	432.313
163.284	464.238
167.667	136.541
184.051	154.293
203.559	106.575
206.099	164.136
204.988	123.325
219.274	59.4216
235.732	237.239
244.75	324.683
255.282	281.899
255.282	281.899
257.603	294.326
267.592	361.931
276.95	183.78
269.588	444.776
279.427	130.973
271.724	393.361
284.497	60.9883
287.38	35.338
291.467	51.0056
282.25	387.7
287.418	398.267
303.344	270.289
315.657	41.4726
309.818	243.38
315.253	354.588
315.689	346.522
383.458	268.732
388.451	317.237
396.183	314.714
395.52	238.379
403.38	249.607
468.321	53.4323
461.703	387.601
461.703	387.601
481.944	22.7705
484.723	31.5684
490.289	115.128
491.231	302.25
495.488	367.625
495.488	367.625
507.484	142.645
509.2	73.35
506.758	336.444
513.602	140.664
514.578	334.166
520.51	83.6733
522.662	398.229
532.82	18.3913
527.088	353.41
538.071	85.616
541.519	132.246
544.673	122.174
544.872	349.475
548.353	320.983
552.452	456.992
558.421	388.468
571.33	202.754
573.162	258.092
576.533	188.336
579.093	11.6852
571.892	450.897
579.519	153.428
580.182	209.607
583.323	274.489
595.257	42.641
589.685	445.226
600.685	202.551
601.269	342.632
621.662	122.445
619.006	387.613
622.223	304.222
624.587	84.4249
626.445	63.2425
626.172	247.721
630.834	101.922
624.969	423.272
632.542	308.191
637.168	153.967
632.86	445.781
645.2	202.866
636.456	393.214
657.832	154.735
654.498	293.649
655.217	413.651
667.735	174.894
666.815	287.044
666.358	439.242
677.753	305.775
687.376	187.613
697.455	118.491
711.432	120.452
