15.6346	266.483
20.4529	442.049
22.9917	400.512
37.6508	270.114
40.3322	370.99
41.7045	445.495
49.6172	15.7937
46.3377	160.871
46.3604	220.702
46.3604	220.702
54.876	125.332
61.1397	440.503
61.1397	440.503
63.2484	237.195
63.2484	237.195
66.4845	117.042
78.4034	64.4367
86.2463	85.5118
96.144	338.146
96.144	338.146
115.912	288.35
115.912	288.35
119.083	187.212
133.045	129.408
135.015	308.557
135.015	308.557
137.641	245.762
144.971	203.297
140.401	393.367
150.057	450.71
156.097	468.821
164.317	150.8
166.723	136.466
168.057	425.046
170.799	206.953
183.962	154.257
178.808	279.079
205.009	123.296
217.234	28.2118
219.331	59.5072
219.289	464.891
224.577	93.2217
238.949	181.366
235.895	237.261
248.712	278.92
255.347	281.941
269.619	444.773
269.617	378.878
271.603	393.411
284.415	60.9482
274.483	396.402
291.67	50.738
282.574	436.845
297.697	7.59614
287.532	398.235
303.483	270.336
315.508	41.5242
312.435	340.163
315.387	354.618
397.464	282.589
397.187	293.211
397.187	293.211
401.874	261.82
403.568	189.193
406.113	206.976
411.927	207.319
461.914	39.0435
468.248	53.2196
482.052	23.1174
490.335	115.203
483.198	387.476
492.393	103.185
488.075	257.629
488.075	257.629
496.719	345.059
506.822	336.588
512.904	68.2911
517.437	65.576
514.578	334.588
520.53	83.7622
523.627	38.1072
522.663	398.088
527.232	342.255
543.605	152.662
546.38	116.997
541.731	394.4
548.476	124.323
548.247	320.934
555.253	350.35
552.3	456.659
564.389	154.554
573.046	258.12
579.123	11.6021
571.786	450.688
582.186	216.686
589.68	133.631
595.168	42.5817
596.344	188.82
591.672	467.244
600.685	202.488
601.547	163.372
602.515	342.976
600.575	419.953
619.7	202.391
616.976	310.378
626.365	63.2502
626.365	63.2502
626.275	247.733
626.275	247.733
632.692	308.217
632.857	445.753
636.64	393.145
651.984	114.968
655.089	413.785
663.941	280.138
675.853	-0.0582378
675.853	-0.0582378
666.715	287.103
666.33	439.518
677.472	305.28
677.472	305.28
699.592	53.9715
705.684	155.15
705.684	155.15
710.149	48.17
718.264	107.961
718.264	107.961
15.8285	266.565
20.4028	442.013
23.1239	400.311
23.4224	432.85
27.4797	145.712
37.7947	270.201
40.3181	371.01
46.0463	91.2347
49.64	15.8293
46.0588	161.196
46.4517	220.626
46.4517	220.626
51.5409	354.379
78.3822	64.429
78.6782	251.893
81.9892	161.907
85.9636	85.7439
86.8836	315.678
95.4834	105.129
104.359	277.677
105.807	446.718
105.807	446.718
108.841	346.182
114.171	302.31
119.918	124.945
126.003	298.032
128.057	188.603
128.057	188.603
129.96	141.436
137.612	245.857
141.621	295.653
144.226	454.353
141.846	364.514
155.851	461.718
164.133	150.82
166.953	136.481
178.852	279.143
201.915	105.652
205.005	123.262
211.2	56.3836
210.355	140.863
210.355	140.863
217.235	28.2596
219.354	59.5231
243.166	115.847
235.846	237.267
241.321	330.931
255.393	281.835
260.556	419.026
269.231	378.903
269.419	444.707
271.588	393.377
284.519	61.0442
285.287	53.997
287.345	35.3001
274.547	396.325
287.413	398.249
303.504	270.277
308.078	377.329
312.401	340.188
360.842	291.277
393.175	261.916
406.527	320.556
406.886	212.951
412.985	241.802
419.102	238.758
451.347	107.715
468.949	393.093
484.836	31.845
477.002	389.018
492.419	103.338
492.933	45.6335
491.161	302.069
507.63	142.63
509.287	73.3062
506.748	336.502
514.27	56.6036
520.5	83.6939
523.641	38.1131
522.006	337.932
523.355	327.134
522.476	398.241
536.632	121.046
548.447	124.392
544.622	350.147
560.56	179.175
558.338	388.473
568.706	3.19779
571.39	202.607
571.224	367.033
571.981	451.257
571.981	451.257
579.491	153.418
582.161	216.666
583.305	274.5
588.735	213.387
588.799	239.028
594.711	172.571
595.038	42.3578
596.441	280.621
602.349	342.839
613.65	89.9473
614.753	131.98
614.753	131.98
612.247	421.9
612.247	421.9
617.03	310.31
618.746	57.5249
618.821	387.445
626.19	304.648
621.971	454.276
632.771	445.679
653.55	160.29
656.605	301.308
655.15	413.803
663.907	280.164
663.487	301.53
675.766	-0.0160558
666.711	287.144
666.224	439.171
691.637	158.342
691.637	158.342
697.466	118.582
700.27	132.245
700.223	54.0933
710.421	48.1658
15.8016	266.565
20.3387	442.032
37.7818	270.172
40.2772	370.939
41.6728	445.536
49.6607	15.8461
46.1783	161.063
46.3833	220.678
46.3833	220.678
64.4231	41.708
60.9856	130.275
63.024	237.408
63.024	237.408
78.437	64.44
79.6494	177.478
82.0781	297.053
95.3622	105.134
96.1441	338.101
101.017	74.2806
108.858	346.105
110.201	452.513
116.004	288.228
117.551	450.579
124.105	288.796
133.055	129.45
134.97	308.649
138.005	201.145
138.005	201.145
137.667	245.819
139.938	393.58
141.858	364.428
151.974	160.492
151.037	462.987
164.183	150.76
163.267	464.241
167.734	136.536
205.708	164.373
217.081	28.2256
224.395	93.0606
228.037	465.813
235.782	237.256
256.562	144.764
253.92	419.979
255.256	281.902
255.256	281.902
257.59	294.32
267.595	361.924
271.645	393.355
284.425	60.9421
285.243	53.9513
287.348	35.2949
291.568	50.9945
282.219	387.699
287.372	398.254
310.91	41.3725
303.342	270.279
315.252	354.49
360.102	295.301
390.62	214.376
397.384	283.694
396.336	248.695
406.922	325.102
407.366	218.288
435.959	47.1915
435.959	47.1915
451.371	107.922
461.687	387.604
461.687	387.604
482.015	22.9433
484.682	31.4256
488.139	257.738
495.547	367.56
495.547	367.56
503.797	116.574
499.287	304.217
499.287	304.217
507.569	142.832
509.15	73.359
512.886	68.3085
515.833	74.8298
520.497	83.6957
521.97	337.904
523.099	327.066
522.629	398.248
532.7	18.4906
532.7	18.4906
536.795	121.01
544.672	122.135
555.47	350.359
552.433	456.93
558.454	388.523
560.575	376.545
571.357	202.777
573.162	258.085
571.88	450.927
579.504	153.427
579.504	153.427
582.148	216.669
583.28	274.482
588.715	213.382
588.715	213.382
595.237	42.6423
601.506	163.408
601.217	342.608
619.09	387.632
624.949	312.557
626.462	63.2168
626.072	247.776
625.778	304.921
630.761	101.751
630.761	101.751
635.593	70.6623
632.793	445.718
636.723	393.296
643.64	143.831
639.196	394.319
656.287	301.352
655.071	413.63
663.329	106.552
663.329	106.552
663.91	280.117
663.592	301.429
666.692	287.162
666.119	439.186
675.341	156.284
686.363	154.506
20.4382	441.9
23.0238	400.625
32.8023	279.316
37.7219	270.199
40.385	371.144
41.763	445.546
49.6499	15.8106
46.4059	220.618
46.4059	220.618
64.4032	41.7227
61.15	440.462
63.017	237.453
63.017	237.453
78.4909	64.3884
82.1434	297.089
97.1742	87.6414
96.2779	337.927
108.875	346.135
114.016	443.296
115.943	288.337
119.897	124.921
119.897	124.921
118.792	172.271
118.792	172.271
124.851	447.739
125.94	298.125
128.033	188.647
128.033	188.647
131.172	243.459
133.199	129.635
137.625	245.848
144.367	304.59
139.893	393.599
152.009	160.539
164.183	150.815
163.292	464.216
168.252	136.587
205.378	164.666
205.021	123.349
217.043	28.219
224.333	92.9132
228.048	465.787
228.048	465.787
238.462	181.059
235.892	237.234
253.964	419.843
255.321	281.875
255.321	281.875
257.594	294.312
267.601	361.936
271.575	393.434
284.557	61.0977
285.253	53.9652
287.349	35.316
291.534	51.0106
282.285	387.69
297.548	7.43319
287.457	398.254
303.416	270.281
315.179	354.604
355.444	292.113
378.176	243.227
391.396	253.964
405.397	204.744
407.694	223.5
435.979	47.3232
435.979	47.3232
440.91	67.3297
461.704	387.594
461.704	387.594
484.718	31.6652
490.42	115.245
488.136	257.803
495.782	367.449
503.774	116.605
499.233	303.995
499.233	303.995
507.593	142.909
509.123	73.3638
520.514	83.7295
523.614	38.1802
521.971	337.907
523.124	327.09
522.562	398.285
536.64	121.108
536.786	135.743
538.106	85.5681
548.511	158.63
544.887	349.394
558.419	388.501
560.744	376.44
571.27	202.87
573.147	258.082
576.593	188.357
578.984	11.6796
571.831	450.818
571.831	450.818
582.185	216.784
583.531	274.39
594.563	172.387
595.096	42.4959
589.745	445.175
596.449	280.578
600.841	202.566
601.352	114.024
601.548	163.415
601.188	342.651
600.637	419.901
613.636	89.9781
614.857	131.999
619.077	387.657
625.005	312.616
626.397	63.2618
632.729	308.192
632.804	445.691
645.204	202.836
636.612	393.242
654.867	293.624
655.184	413.762
664.04	280.099
663.49	301.735
666.763	287.083
666.259	439.242
686.09	154.563
691.526	158.25
697.441	118.555
709.226	75.8199
710.009	48.1818
711.605	120.471
20.4816	441.935
23.2474	400.542
32.9984	279.394
37.7534	270.199
44.9736	36.1844
44.9736	36.1844
40.2638	371.346
41.4783	445.55
46.1878	161
46.3616	220.689
46.3616	220.689
51.2769	354.612
64.3851	41.7068
78.4548	64.4198
78.755	251.713
82.032	296.983
95.1441	105.335
97.2422	87.6109
101.982	326.29
104.371	277.623
108.846	346.121
110.222	452.503
114.014	443.314
119.945	124.931
118.738	172.265
124.077	288.81
124.817	447.79
127.662	235.152
128.784	157.215
133.211	129.653
137.573	245.887
138.389	214.352
141.59	295.751
139.79	393.542
151.916	160.476
163.29	464.246
168.607	136.524
179.02	279.137
204.928	123.368
217.217	28.2852
224.399	92.9889
222.231	236.641
228.015	465.853
237.97	181.164
235.86	237.212
256.576	144.71
255.25	281.857
255.25	281.857
257.584	294.309
267.598	361.933
269.382	378.904
269.773	444.722
271.66	393.402
284.471	61.0617
285.264	53.9664
287.281	35.2987
291.484	51.0443
297.762	8.06528
287.408	398.219
296.78	392.437
303.333	270.288
315.178	354.643
315.696	346.471
385.824	238.315
391.04	296.055
392.103	259.803
395.084	297.558
405.355	210.744
423.11	260.061
435.939	47.1576
435.939	47.1576
443.547	219.868
461.708	387.588
461.708	387.588
482.018	22.8856
484.051	93.1084
484.665	31.5075
489.612	96.0883
488.114	257.701
491.286	302.276
495.557	367.507
507.517	142.758
509.137	73.3311
512.872	68.3015
506.799	336.477
514.558	334.606
520.553	83.7224
523.625	38.1676
521.971	337.914
528.516	100.59
522.395	398.311
535.644	6.95909
540.898	74.2152
535.342	395.393
544.689	122.181
544.884	349.45
560.661	376.485
570.126	172.619
563.119	471.509
571.345	202.732
573.161	258.125
576.551	188.327
571.874	450.963
582.179	216.711
588.737	213.366
594.653	172.559
595.234	42.6283
596.462	280.623
601.266	342.621
600.646	419.882
617.077	310.199
623.405	94.646
623.405	94.646
619.042	387.644
626.351	63.1711
626.323	247.633
621.196	454.702
632.701	308.237
635.621	70.6008
632.761	445.692
645.146	202.84
636.526	393.263
653.967	160.274
654.724	293.655
656.452	301.412
655.224	413.683
664.201	143.401
664.02	280.051
666.681	287.144
666.177	439.191
686.135	175.367
695.989	100.093
711.247	120.495
710.237	48.1463
