15.906	266.562
20.2076	442.006
22.8187	400.751
32.8976	279.368
40.1234	371.048
42.8887	436.907
54.7695	125.584
64.4467	41.7662
63.1663	237.266
78.3686	64.4468
79.5111	177.701
82.2114	297.106
89.1022	435.821
92.1195	264.938
92.7051	443.58
92.7051	443.58
95.3877	105.312
95.3361	138.908
96.198	338.066
96.198	338.066
101.842	326.27
127.863	189.067
128.926	201.292
133.142	129.5
133.859	457.886
136.857	291.264
137.446	245.977
144.378	304.7
144.934	203.378
139.737	393.533
150.945	463.103
151.926	160.524
151.346	432.361
170.77	207.011
179.442	157.807
205.005	123.394
211.16	56.4211
217.146	28.2993
219.477	59.5682
226.348	65.3821
222.316	469.364
251.168	153.319
244.786	324.806
242.695	450.958
264.364	95.4777
255.178	281.915
255.178	281.915
257.641	294.327
273.514	134.476
276.564	183.113
268.971	378.918
271.549	393.449
292.353	24.6472
297.255	6.94142
287.405	398.245
287.336	374.403
296.829	392.417
303.346	270.291
308.274	377.262
312.228	296.525
315.301	354.549
379.934	296.299
379.934	296.299
391.126	263.024
405.168	261.139
436.033	47.3067
436.033	47.3067
448.769	97.9104
448.769	97.9104
481.887	22.7376
483.962	93.0977
492.393	103.32
488.1	257.704
488.1	257.704
498.11	345.389
512.91	68.264
513.708	140.816
510.416	371.986
520.539	83.652
527.68	25.4459
523.223	327.043
523.223	327.043
523.039	398.253
532.809	18.3383
535.788	80.5563
538.034	85.652
538.214	315.998
540.086	337.763
548.537	124.456
544.877	349.471
546.355	387.995
555.306	350.396
556.112	401.545
572.528	256.773
579.085	11.7291
571.743	450.715
571.743	450.715
579.424	153.39
579.424	153.39
580.537	194.822
582.144	216.678
594.957	123.752
596.435	280.621
600.443	202.487
601.17	184.276
601.477	163.333
602.446	342.992
600.643	419.983
606.227	252.005
615.159	132.059
619.594	202.426
621.644	122.448
619.834	388.236
619.587	459.904
625.963	282.248
626.333	63.1633
626.333	63.1633
621.664	454.451
655.584	301.272
655.584	301.272
666.703	287.063
666.102	439.28
673.032	248.14
673.782	93.0064
677.652	305.676
677.652	305.676
686.023	175.404
687.467	187.611
700.284	132.174
709.477	75.6861
709.927	48.1611
719.536	132.934
20.423	442.023
22.885	400.316
23.531	432.879
27.5559	145.656
27.9598	202.338
33.0164	279.309
37.8371	270.254
40.1271	371.011
49.5794	15.8252
45.9075	161.264
51.4824	354.442
54.7327	125.449
63.1238	237.32
63.1238	237.32
78.435	64.4327
86.1442	85.7102
82.7487	330.67
95.4887	138.808
96.1572	338.176
98.2517	449.099
99.4363	289.818
108.6	221.697
119.9	124.946
121.469	211.004
122.838	455.167
127.877	189.066
133.252	129.707
138.06	201.145
142.014	461.089
141.722	295.617
144.37	304.738
140.241	393.298
151.137	432.583
174.685	475.893
170.075	276.134
179.451	157.767
178.966	279.185
193.226	36.3881
193.226	36.3881
195.299	156.091
205.17	123.434
211.358	56.3647
232.323	128.222
242.972	115.831
251.107	153.309
242.838	450.887
256.49	144.7
252.046	440.98
255.308	281.862
257.572	294.244
257.572	294.244
279.202	47.6451
284.543	60.9725
274.522	396.456
292.504	24.7065
281.857	436.581
297.421	7.258
287.306	398.274
287.336	374.323
287.336	374.323
296.795	392.44
310.881	41.1069
303.43	270.303
309.994	243.7
389.658	274.591
392.056	269.411
404.199	306.087
419.037	297.34
436.03	47.3707
436.03	47.3707
448.818	98.0485
451.365	107.95
468.931	393.107
481.997	22.8247
483.845	93.0486
479.279	388.567
490.148	114.934
488.11	257.795
488.11	257.795
483.401	387.344
492.79	45.3665
491.157	302.401
498.37	345.389
507.415	142.952
515.47	59.5987
521.913	337.997
536.622	121.082
536.745	135.799
538.008	85.5847
538.207	315.945
545.728	91.5357
546.358	388.032
553.247	313.596
555.258	350.339
560.542	361.869
571.391	202.63
572.482	256.331
578.711	11.4909
578.711	11.4909
571.767	450.853
584.427	144.296
583.263	274.49
581.369	420.099
586.977	185.96
589.823	445.268
596.345	227.707
600.457	202.476
602.39	342.86
600.772	420.005
609.271	144.681
608.568	306.673
614.868	131.984
619.934	202.441
612.327	421.937
618.24	253.689
619.08	292.023
619.61	74.8304
624.552	84.4716
619.463	459.963
632.861	445.762
653.775	160.252
663.15	106.52
663.967	280.098
675.433	164.023
677.608	305.604
677.608	305.604
683.787	99.7964
675.885	439.529
686.268	154.571
700.062	92.3909
709.18	75.7416
719.304	132.943
23.5586	432.851
27.7167	202.538
32.941	279.331
37.7741	270.217
40.2425	371.108
44.7137	36.5409
41.637	445.596
49.6453	15.827
46.1238	161.019
51.37	354.412
54.8796	125.446
64.515	41.7466
70.4525	369.77
78.4011	64.5173
82.3093	297.079
89.0037	436.008
92.0564	265.037
101.09	74.3626
104.401	277.665
115.923	288.339
119.904	124.976
119.096	187.14
121.5	464.352
121.365	210.919
123.279	228.515
133.179	129.397
133.837	457.864
134.855	308.747
134.855	308.747
137.405	245.919
140.587	393.401
146.248	214.102
146.912	225.929
151.977	160.455
151.122	432.545
155.867	461.816
170.085	275.99
184.052	154.388
193.288	36.2394
205.01	123.366
210.285	140.869
210.285	140.869
206.95	436.33
205.315	281.189
217.162	28.237
242.886	115.863
242.48	450.961
255.137	281.99
273.657	134.651
268.981	378.951
284.565	61.056
285.248	53.9595
274.495	396.441
274.495	396.441
291.816	50.5138
282.085	387.758
284.793	203.344
296.801	392.441
310.888	41.3454
303.45	270.282
309.808	243.424
312.393	340.307
315.347	354.618
345.854	296.469
345.854	296.469
379.743	313.624
407.819	348.568
407.954	261.694
407.992	271.193
413.786	344.285
436.043	47.6209
436.043	47.6209
426.307	299.638
461.691	387.566
475.195	70.8612
484.7	31.6078
476.946	389.04
488.115	257.733
488.115	257.733
492.593	128.271
492.593	128.271
498.189	345.268
507.498	142.703
502.893	319.311
509.273	73.3661
506.802	336.666
511.159	371.961
520.507	83.6899
532.725	18.4134
535.771	80.5644
534.735	387.721
535.413	395.384
541.361	132.308
548.209	143.419
548.62	158.757
553.401	313.57
555.28	350.319
557.953	321.293
560.526	361.941
572.468	256.586
571.887	450.906
578.714	11.2341
582.134	216.68
588.539	238.907
589.561	133.563
589.555	445.158
594.985	123.768
590.381	445.558
596.342	227.68
602.731	342.961
606.206	102.389
608.213	229.606
612.23	421.998
618.375	253.664
619.076	292.056
624.506	84.4121
626.06	247.787
626.388	63.2349
626.017	304.719
628.494	145.114
625.152	423.296
657.929	154.739
663.917	280.135
670.747	139.389
675.793	-0.0686331
675.793	-0.0686331
665.972	439.283
675.382	164.068
675.527	156.181
677.466	305.374
684.31	292.597
696.096	100.071
709.358	75.644
15.7104	266.568
20.521	442.039
22.8219	400.73
27.9392	202.269
27.9392	202.269
37.8302	270.287
40.3209	371.03
41.6938	445.526
46.1433	91.2113
48.0871	298.014
49.6629	15.839
46.3827	220.656
51.4181	354.407
64.5802	41.7563
63.0251	237.449
63.0251	237.449
78.4284	64.4699
82.2884	297.127
92.742	443.54
96.1529	338.142
98.2742	449.107
106.507	158.259
107.31	171.901
108.762	221.416
119.945	124.887
122.273	111.645
128.891	201.286
129.935	141.47
133.803	457.882
134.814	308.69
137.354	245.897
141.639	295.662
145.058	203.148
139.516	393.546
147.359	170.662
148.35	415.608
155.84	461.788
167.106	136.268
178.93	279.137
193.076	36.4688
204.888	123.223
205.381	281.165
217.171	28.2853
227.952	465.933
228.294	402.976
242.559	450.919
251.195	153.339
248.531	278.903
264.385	95.5403
257.626	294.329
257.626	294.329
260.515	418.859
273.748	134.916
276.121	183.108
284.626	61.1507
285.339	54.0297
287.396	35.3076
292.493	24.8163
292.91	169.728
287.501	398.264
287.331	374.35
287.331	374.35
303.353	270.109
315.357	41.5256
309.747	243.427
379.268	322.695
409.304	365.175
407.009	296.991
410.128	280.467
410.263	285.158
415.04	359.248
436.006	47.4566
436.006	47.4566
435.701	299.294
451.406	107.952
451.406	107.952
461.702	387.609
461.702	387.609
481.991	22.9652
491.236	302.196
498.437	345.192
507.498	142.661
512.855	68.3148
515.555	59.6747
510.945	372.124
520.528	83.6669
521.979	337.989
535.802	80.5886
536.805	135.857
535.215	395.426
541.782	394.312
548.531	124.448
553.348	313.623
552.35	456.91
557.9	321.354
560.582	361.9
570.166	172.681
571.678	450.661
578.661	11.2062
578.661	11.2062
582.184	216.725
583.735	274.317
585.925	263.834
588.698	213.453
588.967	171.188
597.422	117.983
597.422	117.983
601.224	342.581
600.658	420.025
613.766	89.9973
616.495	83.0566
619.764	202.382
627.604	199.568
626.225	247.661
626.225	247.661
632.756	445.677
643.781	143.794
639.129	394.311
644.964	308.898
657.812	154.753
654.994	293.549
664.009	143.45
663.941	280.122
675.747	-0.0353877
675.485	164.026
673.087	247.971
677.554	305.471
677.554	305.471
689.618	106.662
700.091	92.4299
710.041	48.1378
718.289	107.948
20.4826	441.927
23.501	432.91
23.1541	400.23
27.2588	146.056
32.935	279.386
37.7151	270.188
40.2875	370.947
45.7287	91.5573
46.4254	220.578
64.449	41.8403
62.9901	237.468
62.9901	237.468
66.3008	117.159
82.2655	297.095
89.0362	435.958
89.0362	435.958
96.1784	338.069
96.1784	338.069
101.08	74.388
106.407	158.412
107.299	171.927
108.782	221.431
118.199	297.699
119.929	124.926
129.897	141.462
133.123	129.508
137.02	290.851
137.534	245.786
138.376	214.433
141.736	295.497
146.918	459.941
146.918	459.941
146.946	226.142
148.299	415.797
166.989	136.305
178.952	279.068
195.361	155.923
204.968	123.253
210.32	140.858
204.888	281.192
217.1	28.1848
219.391	59.4596
232.19	128.379
242.591	450.938
250.094	451.268
255.229	281.955
257.568	294.277
257.568	294.277
275.953	183.265
269.064	378.967
271.557	393.36
274.437	396.487
285.388	54.0211
292.425	24.607
291.728	50.6448
282.178	387.746
282.207	436.559
287.34	398.307
303.436	270.154
315.472	41.3196
309.803	243.467
315.687	346.49
346.386	300.031
346.386	300.031
368.317	313.249
379.175	330.613
407.774	372.278
413.188	366.976
412.403	280.131
412.403	280.131
436.077	47.7083
436.077	47.7083
451.416	107.987
451.416	107.987
484.819	31.701
476.842	389.099
483.219	387.493
491.247	302.195
507.48	142.624
507.807	61.5796
506.754	336.575
512.849	68.2733
510.636	372.24
514.592	334.198
520.495	83.6933
536.783	135.7
538.014	85.5226
535.137	395.369
548.506	124.445
546.41	388.018
553.332	313.586
552.392	456.86
561.648	172.737
560.587	361.897
560.767	376.45
571.373	202.629
571.664	450.441
578.785	11.2834
578.785	11.2834
582.237	216.763
585.447	163.334
599.267	151.156
601.145	342.636
600.584	419.933
613.699	89.9302
619.852	202.441
616.929	310.384
619.638	74.9322
627.543	199.567
627.388	163.564
621.568	454.562
624.956	423.195
633.024	445.908
643.635	115.549
646.437	241.356
646.437	241.356
651.751	115.014
654.89	293.668
663.977	280.075
670.649	139.411
675.751	-0.0705513
675.751	-0.0705513
675.188	156.258
675.644	164.097
673.177	248.151
677.876	305.875
683.163	99.9362
700.19	92.4457
710.662	48.1289
