20.4233	441.935
22.9254	400.927
27.6255	145.428
32.8023	279.194
33.0148	138.779
37.6785	270.012
49.9412	16.2316
46.0733	91.2142
40.429	371.218
46.0164	161.231
46.4156	220.704
46.4156	220.704
60.7908	130.074
63.2139	237.091
78.2447	64.5539
74.7216	270.326
78.5847	441.766
82.1171	297.007
82.2715	331.221
86.7983	315.608
96.0098	338.26
101.787	440.221
108.599	107.081
106.645	157.904
119.77	124.986
122.207	111.62
138.043	201.109
136.972	290.98
141.599	295.722
144.966	203.36
142.043	417.592
144.154	454.401
141.685	364.582
140.25	393.183
151.99	457.139
164.115	150.838
170.183	275.815
179.237	145.925
193.191	36.2113
193.191	36.2113
178.708	278.969
187.388	239.42
195.181	156.107
204.74	123.398
211.345	56.4064
219.23	59.4505
222.043	236.749
232.229	128.073
239.56	36.4012
239.404	181.408
241.611	330.894
244.729	324.644
273.632	134.907
276.427	183.981
267.59	361.962
279.597	130.71
284.657	61.2244
285.267	53.9602
287.313	35.329
269.451	444.722
269.451	444.722
282.294	387.767
287.407	398.255
315.377	41.3205
303.469	270.275
315.69	346.583
411.836	226.901
411.836	226.901
451.347	107.879
461.644	38.9036
468.225	53.314
475.074	70.9016
461.844	387.688
461.844	387.688
490.135	115.075
488.084	257.616
488.084	257.616
491.071	302.115
502.682	112.67
506.382	299.076
524.002	91.0337
522.44	398.214
535.792	80.5939
539.833	16.14
535.319	395.513
547.95	143.546
547.95	143.546
552.705	136.092
548.34	321.076
552.272	456.789
568.63	3.28394
560.952	376.369
571.503	202.642
573.168	258.003
570.276	353.195
566.964	396.616
579.067	11.5757
579.067	11.5757
576.574	188.418
579.486	153.438
589.738	133.692
588.571	238.818
598.689	237.031
604.108	264.17
606.102	271.866
599.444	456.826
614.682	131.963
616.489	83.1153
616.964	310.214
616.169	387.316
624.922	312.479
625.31	423.513
635.67	70.715
633.875	446.973
647.489	231.342
656.448	301.276
656.448	301.276
655.286	413.856
675.88	-0.181265
663.856	280.142
666.898	286.992
666.325	439.481
683.537	99.82
692.121	158.203
692.121	158.203
699.842	92.404
705.98	115.615
710.331	48.2134
20.4551	441.907
22.1652	400.463
32.9987	279.264
34.005	256.986
37.6305	270.018
49.9412	16.1979
39.4983	370.254
46.4292	220.68
63.2258	237.081
74.5352	270.227
78.5631	441.827
81.9875	296.939
89.1976	58.0461
86.7901	315.585
95.2058	105.442
97.0962	87.6271
96.1972	338.02
101.771	440.232
102.219	326.355
108.602	107.083
106.65	157.871
105.861	209.597
107.204	172.108
119.756	124.983
118.946	172.018
118.946	172.018
122.223	111.693
121.202	210.825
126	298.048
135.02	308.532
136.273	449.704
145.106	203.088
141.894	447.247
142.109	417.544
140.237	393.236
141.664	364.729
193.196	36.1398
193.196	36.1398
178.695	279.005
185.114	236.002
204.789	123.417
205.874	164.086
204.959	123.256
217.163	28.2816
219.143	59.375
239.673	59.2536
227.901	465.944
239.361	181.408
233.716	405.678
241.547	330.934
249.667	451.168
257.583	294.314
273.695	134.823
279.557	130.607
284.498	60.9783
285.348	53.992
287.33	35.2999
269.422	444.743
271.676	393.267
277.166	360.309
282.301	387.752
282.472	436.785
315.485	41.3645
303.421	270.31
309.999	243.674
315.714	346.387
411.819	226.845
411.819	226.845
440.872	67.1447
461.625	38.8304
475.329	71.0559
461.808	387.696
461.808	387.696
481.995	23.0219
490.085	115.003
492.418	103.358
491.097	301.89
502.616	112.631
498.632	345.557
509.192	73.4598
520.5	83.7001
523.667	38.1712
514.547	334.869
525.818	96.7148
522.367	398.196
547.907	143.59
548.442	321.087
549.64	407.15
552.182	456.686
563.482	168.713
568.759	3.27802
571.477	202.691
573.154	257.923
570.244	353.229
579.08	11.5462
579.08	11.5462
570.185	367.142
579.504	153.475
584.425	144.206
579.501	432.832
589.67	133.668
580.85	477.438
596.363	280.75
598.563	236.988
600.407	202.43
604.021	264.005
611.371	137.144
616.497	83.0485
617.001	310.2
623.42	94.71
616.091	387.349
619.359	408.404
625.035	312.568
633.853	447.025
647.572	231.352
656.529	301.363
655.259	413.951
675.816	-0.108671
663.892	280.155
663.549	301.472
666.823	287.043
666.297	439.377
684.132	99.7108
692.562	158.131
692.562	158.131
699.529	132.245
700.19	92.4721
20.4145	441.923
33.1076	279.246
33.9759	256.921
37.6723	270.038
49.8848	16.1663
40.2255	371.301
46.3621	220.698
46.3621	220.698
63.5479	107.648
63.2261	237.043
78.2369	64.5177
74.7647	270.297
78.5774	441.78
82.1048	297
89.1793	58.0592
82.2838	331.172
86.7725	315.56
101.752	440.258
102.484	326.454
108.615	107.078
106.604	157.92
106.604	157.92
119.73	125.031
122.117	111.591
121.182	210.754
129.882	141.482
134.929	308.688
134.929	308.688
136.202	449.708
145.019	203.337
142.046	417.608
144.179	454.391
141.742	364.561
140.233	393.192
164.274	150.76
170.21	275.853
193.273	36.1119
178.659	279.001
204.884	123.515
206.112	163.893
219.242	59.3983
232.262	128.23
239.552	36.2805
239.667	59.343
239.376	181.452
248.618	278.969
273.754	134.951
276.456	183.915
279.564	130.791
285.283	53.9656
284.712	61.3048
287.394	35.3049
269.315	444.829
269.315	444.829
271.669	393.325
282.307	387.746
315.405	41.4206
303.457	270.298
312.33	340.264
315.66	346.547
411.782	226.912
411.782	226.912
440.892	67.1383
451.298	107.589
451.298	107.589
461.655	38.8754
468.18	53.0723
461.825	387.689
461.825	387.689
469.173	393.096
484.449	30.8344
502.593	112.647
498.616	345.545
506.418	299.195
510.996	372.014
527.802	25.3878
531.974	81.7991
522.263	398.21
535.768	80.5689
548.369	321.051
555.045	155.563
556.729	142.67
549.698	407.293
552.237	456.725
563.426	168.69
568.707	3.28904
571.492	202.611
573.154	257.959
567.14	396.961
579.113	11.5615
579.113	11.5615
570.234	367.07
576.609	188.408
579.545	153.498
588.573	238.816
580.748	477.472
594.802	123.669
598.786	236.955
592.404	398.124
604.116	264.179
606.099	271.875
599.906	457.458
616.52	83.1096
616.159	387.491
624.924	312.568
626.033	304.669
630.747	101.825
633.457	49.7661
647.523	231.326
654.136	160.277
657.694	154.696
656.622	301.252
655.372	413.895
675.874	-0.148699
663.933	280.131
663.543	301.505
666.777	287.065
666.317	439.433
680.912	119.518
680.912	119.518
20.4319	441.988
22.2608	400.086
33.1476	279.343
37.7063	270.069
49.9059	16.1741
46.4345	220.698
63.4611	107.688
63.206	237.053
78.2564	64.5356
78.6679	251.861
78.5423	441.859
82.0894	296.991
89.2415	58.1466
86.8126	315.585
95.335	155.268
96.0703	338.176
96.0703	338.176
101.821	440.129
108.595	107.071
106.584	157.945
105.923	209.525
118.84	172.174
118.84	172.174
121.249	210.768
125.998	298.028
136.961	291.041
136.194	449.821
145.098	203.211
141.917	447.094
141.961	417.638
140.252	393.237
166.101	136.567
170.168	275.832
193.246	36.0877
193.246	36.0877
178.702	278.967
191.755	137.096
195.214	156.1
204.67	123.383
206.085	163.914
211.19	56.2894
217.182	28.2797
232.265	128.228
239.575	59.2931
233.73	405.679
233.73	405.679
241.626	330.775
244.67	324.693
248.509	278.955
257.609	294.303
273.629	134.889
276.441	184.048
279.6	130.843
267.582	361.944
284.723	61.3137
285.335	54.0024
287.302	35.3086
269.172	444.756
269.172	444.756
271.532	393.304
277.108	360.107
282.266	387.757
315.482	41.3838
303.416	270.293
411.847	226.952
411.847	226.952
436.065	47.4846
436.065	47.4846
455.405	124.3
461.578	38.8039
461.817	387.701
461.817	387.701
481.987	23.1809
469.124	392.955
492.395	103.214
491.155	302.353
502.706	112.666
498.673	345.519
523.977	91.0422
519.068	348.331
532.802	18.4161
531.94	81.7759
536.798	135.717
535.48	395.542
547.951	143.57
548.401	321.058
555.134	155.526
549.62	407.009
557.852	321.275
552.303	456.775
568.628	3.26513
571.447	202.596
573.16	257.948
574.793	163.384
567.302	397.16
578.993	11.6023
578.993	11.6023
579.505	153.471
578.424	410.535
588.573	238.815
580.715	477.467
598.624	237.037
597.678	270.124
604.103	264.162
599.972	457.667
614.745	131.981
616.494	83.1301
616.262	387.583
625	312.57
625	312.57
642.901	81.3297
643.412	143.826
647.494	231.352
651.745	67.3198
664.006	143.413
655.22	413.975
675.893	-0.16601
663.84	280.194
663.542	301.488
666.906	286.971
666.214	439.465
680.843	119.518
677.483	305.435
686.209	154.533
700.049	92.4378
705.903	155.173
20.3532	442.048
22.7772	400.746
27.4404	145.764
27.9375	202.453
32.8636	279.274
33.9681	256.936
41.3687	445.559
44.943	36.1824
44.943	36.1824
49.5812	15.857
46.6012	140.716
51.0298	354.836
64.3837	41.9248
65.4277	282.454
74.4291	270.159
82.4692	330.991
89.1992	58.0962
95.1536	139.286
95.2158	155.532
98.2254	449.081
98.2254	449.081
99.4805	289.911
101.061	74.4389
106.229	209.284
108.733	346.451
119.054	187.228
123.279	228.486
127.743	189.263
134.987	308.549
137.704	245.791
139.144	157.13
141.702	295.629
146.179	214.405
146.179	214.405
148.259	415.72
150.961	463.075
155.893	461.7
167.239	136.29
167.796	423.925
170.089	276.046
193.051	36.4262
204.181	106.794
217.258	28.2769
219.407	59.4847
239.476	181.336
242.986	450.989
244.719	324.744
251.188	153.346
264.358	95.4732
257.596	294.273
273.576	134.584
269.348	444.771
271.543	393.367
285.366	54.0225
282.513	436.565
291.647	50.9374
291.647	50.9374
297.512	7.19681
297.512	7.19681
287.359	398.302
289.42	410.125
303.365	270.3
315.76	346.465
413.461	225.427
435.967	47.0971
435.967	47.0971
448.873	98.431
448.873	98.431
461.837	387.636
482.009	22.8917
483.441	387.492
495.888	367.517
495.888	367.517
506.333	299.33
509.741	64.2953
517.348	79.6946
514.632	334.886
525.738	96.8436
523.26	327.317
523.26	327.317
527.788	25.3671
531.956	81.7759
537.993	85.5868
535.206	395.361
540.252	337.839
545.837	91.6265
553.013	337.76
563.599	406.552
568.695	3.30802
571.411	202.699
572.616	256.542
575.82	156.983
576.094	144.495
582.154	216.714
589.03	239.24
590.231	222.234
594.095	161.921
601.55	191.017
601.452	107.395
608.422	306.263
608.422	306.263
614.786	274.417
618.994	138.64
616.618	388.001
625.405	286.092
621.295	454.733
633.505	49.8404
635.669	70.723
633.941	447.189
637.374	393.692
641.97	159.364
663.917	280.144
666.151	439.226
675.79	-0.0437534
675.79	-0.0437534
672.961	247.815
679.628	143.977
677.634	305.589
677.634	305.589
687.171	187.828
685.48	133.62
689.628	106.665
709.291	75.7144
710.089	48.2244
