20.4182	441.91
27.7193	202.63
32.8489	279.249
34.026	256.951
40.2256	371.188
41.518	445.408
63.4975	107.694
65.3881	282.386
82.0677	296.992
82.3058	331.123
86.4092	85.4111
85.0241	444.392
89.2663	58.1457
92.9809	194.092
95.2744	155.386
95.2744	155.386
96.1078	338.135
96.1078	338.135
98.1883	449.049
104.401	277.644
117.805	221.916
122.265	111.774
123.275	228.432
133.771	457.903
137.483	245.948
138.366	214.403
147.119	170.881
155.81	461.831
159.205	317.817
167.139	136.337
167.58	423.619
178.974	145.965
178.72	278.999
193.281	36.3143
211.348	56.2981
210.398	141.003
210.398	141.003
204.966	281.19
217.193	28.2844
213.461	330.861
219.367	59.5511
232.125	128.191
228.375	403.27
242.425	450.91
260.571	419.02
273.73	134.906
269.159	378.991
271.644	435.558
284.694	61.2944
285.342	53.9991
287.325	35.3346
292.973	169.522
297.853	8.26036
296.821	392.396
303.374	270.301
309.998	243.615
312.363	340.187
315.461	354.571
413.219	226.534
413.219	226.534
451.385	107.921
451.385	107.921
475.169	70.867
484.951	31.8557
481.66	388.048
483.446	387.451
488.125	257.767
488.125	257.767
498.092	345.409
507.562	142.748
506.835	336.642
512.894	68.2633
511.358	372.214
523.633	38.3333
523.633	38.3333
522.054	338.179
530.31	85.8466
538.193	316.044
539.928	337.791
545.655	91.5842
546.378	116.93
552.262	148.97
552.699	136.05
563.723	406.64
563.723	406.64
571.372	154.354
573.198	258.036
574.256	200.603
582.224	216.74
590.403	222.084
589.552	405.081
602.534	343.077
606.197	252.034
616.578	83.1084
619.125	408.742
619.609	459.991
626.499	63.2866
636.224	133.177
636.224	133.177
642.293	188.504
642.293	188.504
634.216	447.521
643.596	272.784
647.616	231.312
647.558	302.005
650.214	305.197
654.824	293.668
656.572	301.373
655.091	413.797
663.958	280.11
675.788	-0.0196822
675.788	-0.0196822
666.589	439.508
675.753	164.083
672.922	247.745
678.875	127.151
685.545	175.379
685.602	133.589
699.83	92.4845
700.204	54.0255
15.6734	266.438
20.447	441.969
23.0754	400.584
23.3701	432.963
33.0701	279.301
40.2776	371.366
45.8483	91.3064
46.3609	220.776
46.3609	220.776
51.2293	354.578
64.2316	41.7986
63.1265	237.253
63.1265	237.253
66.5572	116.909
82.1334	296.997
97.1072	87.646
95.3345	155.336
99.2247	289.594
105.761	446.82
105.761	446.82
108.616	346.501
119.836	124.967
119.061	187.261
122.202	111.729
137.605	245.826
138.361	214.308
140.686	312.839
152	160.442
152.095	457.053
167.51	423.568
165.952	443.939
170.772	206.938
166.916	317.206
179.427	157.775
192.022	137.309
205.909	164.038
211.281	56.3786
210.315	141.024
217.303	28.3236
205.176	281.168
219.292	59.4653
224.395	93.0797
219.353	464.775
227.894	465.955
233.729	405.644
233.729	405.644
241.334	331.068
255.341	281.791
257.6	294.285
273.636	134.777
269.103	378.97
269.613	444.724
284.601	61.1825
287.348	35.3101
291.896	50.3793
282.238	387.729
287.27	374.218
287.27	374.218
296.761	392.553
303.387	270.241
309.917	243.515
413.089	227.315
413.089	227.315
451.408	108.037
451.408	108.037
461.713	387.752
481.962	22.8076
484.723	31.3476
482.001	387.99
491.223	302.548
495.614	367.755
495.614	367.755
507.532	142.787
509.844	64.0739
509.844	64.0739
513.666	140.483
514.275	56.6322
514.615	334.819
523.723	38.0782
523.723	38.0782
524.056	90.9274
544.679	122.184
544.89	349.452
555.19	350.433
557.897	321.323
558.451	388.583
563.74	406.94
571.406	202.48
572.569	256.563
576.611	188.368
579.525	153.468
582.183	216.622
580.142	433.278
590.275	198.186
595.351	42.8947
599.333	151.151
611.458	137.139
616.542	83.1144
616.792	310.367
616.505	387.948
625.866	282.282
619.742	459.964
633.523	49.7806
632.727	308.249
638.71	140.009
633.691	392.361
634.047	447.153
645.246	202.873
643.567	272.644
654.281	160.353
656.409	301.339
655.293	413.882
664.07	280.02
670.745	139.346
666.881	286.952
665.912	439.244
675.282	164.065
689.063	20.8862
677.615	305.399
686.39	175.379
685.9	133.454
699.961	92.3925
710.178	48.192
15.9012	266.532
20.4439	442.001
22.8421	400.761
23.4086	432.955
37.6445	270.061
40.2301	371.268
46.0795	91.2805
49.6325	15.8921
46.4359	220.661
46.4359	220.661
63.1427	237.186
70.5013	369.617
78.6539	251.924
82.2294	297.027
97.0836	87.6435
99.2525	289.616
106.488	158.317
108.819	346.144
113.993	443.307
119.901	124.948
117.492	450.583
119.086	187.185
122.3	111.731
125.971	298.075
129.942	141.41
128.85	201.345
131.11	243.527
137.617	245.827
141.684	295.612
141.862	447.363
145.104	203.118
140.49	393.134
141.812	364.447
164.15	150.783
167.035	136.448
167.974	424.214
165.953	443.923
206.165	163.934
205.135	123.346
211.215	56.3935
217.107	28.2284
219.401	59.5006
227.951	465.891
241.241	331.113
265.908	99.2011
255.205	281.87
255.205	281.87
257.603	294.247
261.413	361.045
260.528	419.148
260.528	419.148
269.123	444.793
269.095	378.976
271.661	435.609
285.476	54.1068
291.82	50.5162
297.671	7.67119
287.296	374.242
287.296	374.242
287.492	398.277
296.798	392.538
303.32	270.293
315.259	41.3487
413.147	227.2
413.147	227.2
461.669	387.743
469.031	393.042
484.775	31.6143
492.945	45.6202
481.966	387.981
488.132	257.707
488.132	257.707
491.157	302.207
500.185	139.416
500.185	139.416
495.782	367.643
509.238	73.4382
506.455	299.331
517.754	89.4029
514.599	334.842
523.598	38.2178
525.813	96.6595
522.026	338.193
535.774	80.5264
535.39	395.478
546.223	116.661
541.824	394.546
555.258	350.352
555.258	350.352
570.058	172.72
571.455	202.63
579.053	11.6483
576.627	188.454
582.217	216.767
578.405	411.768
580.223	433.424
595.543	43.0877
600.635	202.562
601.305	184.254
593.697	463.195
602.537	343.038
606.298	102.549
616.514	83.0333
619.714	202.425
618.495	253.543
619.075	291.952
616.634	388.094
627.668	163.567
626.458	63.2535
626.194	247.724
619.72	459.935
632.737	308.195
651.895	115.063
657.537	154.776
654.798	293.67
663.992	280.112
663.466	301.562
675.79	-0.0564978
675.79	-0.0564978
666.761	287.102
675.505	164.014
673.745	92.9857
679.972	143.743
696.322	100.175
710.017	48.1172
20.4185	442.008
23.0183	400.343
27.5216	145.639
27.9092	202.448
27.9092	202.448
33.0091	279.266
37.8187	270.109
40.2938	371.218
41.458	445.442
49.6675	15.8794
65.3176	282.352
73.2516	97.2885
79.3585	177.878
82.1372	297.014
81.6764	136.833
82.3473	331.126
89.1221	58.0087
95.1762	155.563
96.1568	338.065
101.031	74.3554
104.366	277.669
105.912	209.537
110.062	452.676
110.062	452.676
108.792	346.233
117.78	221.941
122.244	111.647
122.824	455.183
129.898	141.523
134.96	308.609
136.929	291.083
137.559	245.888
138.388	214.443
141.871	461.161
147.129	170.879
148.301	415.654
164.111	194.746
167.021	136.294
167.952	424.163
178.894	279.011
206.207	163.841
205.179	123.391
210.24	140.804
205.153	281.241
217.259	28.3175
226.335	65.2527
232.361	128.264
245.092	68.374
233.693	405.655
233.693	405.655
244.837	324.812
252.353	440.861
255.263	281.875
257.639	294.265
267.528	361.961
269.242	378.96
269.468	444.668
285.499	54.0982
287.339	35.3272
291.875	50.39
282.339	387.701
285.033	203.239
282.178	435.868
287.381	398.283
303.497	270.293
310.117	243.782
315.221	354.57
315.688	346.433
413.208	227.095
413.208	227.095
436.046	47.2432
436.046	47.2432
441.005	67.7161
448.812	98.1825
461.711	38.7879
461.872	387.682
484.578	31.009
492.431	103.279
491.17	302.374
498.538	345.419
507.503	142.789
509.777	64.3599
506.553	299.553
511.127	372.234
517.369	79.7512
523.94	90.9448
525.789	96.8029
523.169	327.191
527.778	25.4026
527.778	25.4026
535.031	387.911
538.209	316.009
545.848	137.153
547.892	179.5
552.207	456.592
560.546	361.953
571.354	154.345
567.405	397.761
572.556	256.767
580.643	194.748
582.19	216.672
590.357	222.118
590.648	152.078
604.56	159.139
600.497	458.129
608.452	306.323
619.162	408.584
619.535	459.913
630.8	101.913
633.479	49.8645
638.859	394.214
642.825	81.3833
643.621	115.573
646.405	241.393
646.405	241.393
647.586	231.273
647.668	301.944
664.004	280.097
666.764	287.077
675.885	-0.0968176
675.507	164.045
677.698	305.554
677.698	305.554
686.069	133.474
696.444	100.262
699.967	92.4332
711.597	143.473
710.473	48.2184
20.4249	441.968
22.7615	400.627
27.4896	145.536
27.8942	202.501
27.8942	202.501
32.9899	279.321
37.5588	269.96
39.5145	370.37
41.5325	445.393
49.6336	15.9349
64.3696	41.8338
78.6701	251.917
82.0933	297.005
81.6983	136.817
89.097	57.9002
86.7998	315.665
92.9182	194.081
95.1856	155.534
96.0981	338.17
96.0981	338.17
101.01	74.4111
104.336	277.667
110.214	452.617
110.214	452.617
113.058	94.8364
117.769	222.001
119.1	187.192
122.273	111.711
130.972	243.814
130.972	243.814
133.787	457.887
138.383	171.949
138.372	214.407
139.136	157.1
140.735	312.693
144.344	304.696
147.022	226.124
148.242	415.706
155.821	461.697
167.009	136.343
168.044	424.306
192.381	74.6924
204.921	123.217
211.243	56.3437
210.223	140.825
210.223	140.825
205.261	281.204
217.101	28.1787
219.248	59.4241
224.455	92.92
228.366	403.198
241.174	331.169
252.394	440.863
248.786	278.964
257.62	294.275
260.481	419.199
267.53	361.963
269.208	378.955
285.352	54.0004
291.893	50.3424
282.263	387.715
285.041	203.195
287.29	398.28
303.458	270.313
310.016	243.654
413.073	226.989
413.073	226.989
440.949	67.5116
461.903	387.668
481.967	22.8283
484.581	31.1221
485.632	124.831
490.169	115.032
488.093	257.761
488.093	257.761
495.833	367.561
498.524	345.428
499.258	303.998
499.258	303.998
507.524	142.762
509.777	64.2981
515.786	74.9652
517.389	79.7197
514.641	334.893
520.007	118.635
527.777	25.3969
527.777	25.3969
534.981	387.881
540.265	337.763
546.43	117.034
547.924	179.54
546.376	388.163
552.247	456.588
560.67	376.688
571.353	154.409
570.108	353.514
572.539	256.736
580.608	194.771
582.177	216.669
588.701	213.45
590.31	222.161
589.738	405.4
596.368	188.727
593.466	463.088
601.452	107.402
604.59	159.193
600.565	458.061
616.603	83.1196
617.136	283.219
642.941	81.4544
638.838	394.257
643.625	115.522
646.434	241.366
645.114	308.822
647.657	301.946
656.56	301.372
656.56	301.372
664.019	280.055
675.861	-0.0944374
666.705	287.065
670.882	132.705
666.502	439.618
675.372	164.087
693.194	143.62
696.459	100.21
