20.3439	441.97
23.3114	432.972
22.8269	400.577
27.5097	145.564
32.7767	279.251
37.6185	270.074
40.3337	371.334
49.8196	16.0947
46.3489	220.657
46.3489	220.657
64.3775	41.896
61.163	440.424
74.5814	270.196
78.6222	251.958
79.3373	177.885
81.6941	136.832
97.1033	87.6835
96.1186	338.155
96.1186	338.155
101.006	74.345
99.3463	289.709
102.222	326.325
105.711	446.772
107.264	171.925
113.147	94.9378
117.483	450.61
119.829	124.975
119.052	187.282
125.945	298.088
141.626	295.691
141.824	364.505
147.039	226.218
155.854	468.92
155.957	256.428
164.131	194.74
166.855	136.324
182.557	163.792
178.721	279.076
193.345	36.1187
206.117	163.826
204.593	123.236
211.374	56.3968
217.241	28.2535
224.619	93.3382
226.305	65.2037
239.437	181.315
235.886	237.273
233.706	405.638
244.938	324.874
243.043	450.89
248.501	278.946
253.995	419.972
255.269	281.897
257.593	294.258
269.331	378.97
269.287	444.713
278.956	128.621
271.66	435.508
285.373	54.0524
287.352	35.3239
291.795	50.5093
287.511	398.283
289.285	410.195
315.373	41.4222
310.054	243.701
315.224	354.475
413.736	229.064
413.736	229.064
440.932	67.4621
468.372	53.2226
461.834	387.731
469.128	393.171
482.003	22.9035
484.633	31.216
485.624	124.838
490.064	114.995
483.796	387.374
491.043	301.944
495.751	367.69
515.846	74.9403
517.494	79.5688
511.283	372.085
511.283	372.085
527.767	25.3506
523.35	327.398
531.002	12.5126
535.053	395.421
545.893	91.6625
546.197	116.763
547.938	179.706
557.869	321.435
552.323	456.754
565.442	183.455
563.737	406.678
571.446	202.58
573.168	258.455
584.442	32.6072
584.442	32.6072
579.796	432.974
596.472	227.688
602.642	343.096
599.543	457.198
616.544	126.3
619.54	202.468
617.162	283.24
619.003	138.533
619.029	291.974
616.481	387.9
621.33	454.59
633.441	49.7661
642.351	188.593
642.351	188.593
636.719	393.348
642.842	81.287
646.427	241.481
647.607	301.921
655.267	413.942
663.906	280.125
675.742	0.0529862
666.86	286.994
666.56	439.491
678.725	127.137
680.951	119.551
677.649	305.628
677.649	305.628
686.179	175.389
687.416	187.614
701.187	54.2662
710.261	48.1922
16.0431	266.536
23.2859	432.986
22.9688	400.759
27.5819	145.396
32.7659	279.217
40.2923	371.111
46.0546	91.3137
49.7983	16.1595
46.3247	220.717
46.3247	220.717
64.3518	41.8534
62.7154	160.668
65.2833	282.325
78.6348	251.975
81.7229	136.806
81.7229	136.806
85.077	444.375
96.1457	338.077
96.1457	338.077
100.976	74.2739
99.3296	289.714
102.187	326.31
107.238	172.026
113.964	443.345
119.84	124.961
127.602	235.215
129.832	141.536
141.615	295.753
141.933	461.038
144.401	304.532
146.899	459.851
147.018	226.131
151.987	160.645
166.726	136.344
167.745	424.015
178.945	279.024
193.384	36.0697
206.094	163.899
204.7	123.364
211.281	56.3593
217.153	28.2308
205.431	281.244
226.377	65.2338
239.458	181.31
235.972	237.213
233.708	405.644
248.43	278.95
276.562	183.805
269.303	378.953
269.164	444.745
269.164	444.745
285.346	54.0193
292.485	24.7655
291.766	50.4881
287.547	398.311
289.305	410.113
315.369	41.339
310.055	243.701
315.36	354.553
413.786	229.278
413.786	229.278
461.724	38.8833
468.242	53.0792
461.836	387.745
461.836	387.745
484.64	31.2999
485.568	124.767
490.157	115.161
483.744	387.406
491.067	301.929
495.823	367.63
502.927	319.286
509.869	64.2243
511.288	372.082
527.787	25.3947
531.004	12.5061
531.911	81.7897
538.238	315.954
546.001	91.6529
545.773	137.111
541.803	394.519
558.419	388.559
565.463	183.476
563.741	406.761
571.351	154.382
571.427	202.649
574.333	200.673
582.19	216.723
584.363	32.5062
584.363	32.5062
584.426	144.307
596.419	227.695
598.399	168.756
602.481	343.162
599.66	457.263
606.305	252.024
606.383	102.626
616.604	126.379
616.585	83.1315
616.846	310.341
616.767	388.082
619.774	407.349
634.094	447.293
636.419	393.23
642.839	81.3106
646.401	241.464
647.613	301.941
654.906	293.625
655.26	413.932
663.902	280.144
663.592	301.362
675.722	0.0515471
666.904	286.98
666.402	439.547
675.617	164.134
680.769	119.567
686.165	175.414
685.507	133.603
710.377	48.1931
23.341	432.93
23.0038	400.554
28.0103	144.918
33.9678	256.912
37.6265	270.065
40.4124	371.236
46.0508	91.2816
46.3583	220.743
46.3583	220.743
50.7774	270.014
51.2607	354.562
63.5063	107.669
62.7092	160.683
78.6206	251.96
81.7262	136.728
96.0571	338.203
100.993	74.3465
102.265	326.371
107.264	172.003
110.259	452.433
110.259	452.433
115.918	288.348
117.472	450.665
117.472	450.665
119.037	187.261
125.88	298.172
137.547	245.767
138.338	214.438
144.385	304.602
141.754	364.505
151.99	160.572
164.159	194.752
166.753	136.354
167.761	423.94
178.827	279.028
193.346	35.9993
204.656	123.366
211.234	56.3563
210.222	140.811
205.223	281.216
219.449	59.5917
239.443	181.357
243.114	115.584
233.717	405.599
248.438	278.936
250.123	451.225
253.976	419.938
257.613	294.276
276.462	183.818
270.046	444.766
270.046	444.766
269.364	378.985
271.475	393.45
285.393	54.037
287.3	35.2739
291.785	50.5443
287.423	398.319
315.398	41.3328
315.387	354.587
413.711	228.994
413.711	228.994
461.692	38.9907
468.259	53.2206
461.876	387.721
469.137	393.183
481.937	22.6745
489.614	96.0136
490.277	115.141
488.057	257.535
488.057	257.535
492.87	45.4464
483.77	387.394
491.105	302.086
495.67	367.732
506.846	336.683
517.507	65.8373
517.433	79.6523
511.275	372.088
511.275	372.088
527.784	25.3314
531.018	12.48
535.234	395.433
545.893	91.6988
545.808	137.181
552.377	148.824
557.909	321.412
563.715	406.805
571.381	154.369
571.43	202.547
573.176	258.509
580.567	194.766
584.402	32.5537
588.775	-2.29607
596.392	227.733
593.154	462.939
601.518	107.442
602.72	343.174
616.567	126.331
616.543	83.1143
617.14	283.239
619.102	291.975
616.723	388.055
619.754	407.526
621.378	454.546
632.78	308.253
635.557	70.6722
642.416	188.488
642.416	188.488
636.861	393.478
646.465	241.544
656.498	301.318
655.25	413.917
663.904	280.174
663.554	301.388
675.695	0.0667133
670.91	139.496
666.748	287.056
666.374	439.574
686.122	175.402
687.463	187.627
689.541	106.737
699.318	53.9087
710.428	48.1987
23.3135	432.934
22.9768	400.435
27.9315	145.024
32.8939	279.251
37.4786	269.991
40.2896	370.952
46.3799	220.722
46.3799	220.722
64.3435	41.8797
61.1392	440.426
62.7037	160.667
74.5961	270.208
78.5984	251.994
81.7065	136.795
81.7065	136.795
82.0505	296.974
88.9948	435.951
97.0923	87.6652
96.1145	338.142
96.1145	338.142
100.997	74.3584
102.251	326.354
107.302	171.972
117.479	450.627
119.042	187.261
125.88	298.222
127.542	235.371
138.389	214.391
141.605	295.776
141.776	364.628
163.129	464.292
166.776	136.389
167.812	423.98
182.51	163.883
178.922	279.04
204.726	123.359
211.305	56.3413
210.314	140.937
217.211	28.2451
205.105	281.191
226.368	65.3525
227.954	465.966
239.476	181.338
243.241	115.553
235.924	237.204
233.704	405.648
250.035	451.238
248.574	278.934
254.004	419.829
257.568	294.263
276.426	183.915
269.528	444.693
269.235	378.967
271.407	393.456
279.039	128.587
284.658	61.2482
292.383	24.7153
291.795	50.5081
289.306	410.159
315.233	41.4668
310.096	243.756
315.657	346.621
413.778	229.23
413.778	229.23
440.893	67.3107
448.844	98.2981
461.73	38.9848
461.892	387.713
475.189	70.9711
469.148	393.139
484.496	30.7934
490.206	115.189
488.065	257.594
488.065	257.594
483.713	387.431
491.045	302.027
502.937	319.388
502.937	319.388
515.833	74.9146
511.291	372.091
511.291	372.091
527.766	25.3609
527.766	25.3609
529.66	84.2483
535.151	395.366
545.906	91.7215
545.842	137.112
549.874	407.542
563.466	168.817
571.38	154.393
571.487	202.544
584.459	32.6362
579.769	432.902
588.865	-2.27602
591.931	235.388
596.442	227.697
602.629	343.176
606.329	102.549
599.542	457.098
616.542	83.0936
617.157	283.26
619	138.414
616.768	388.095
621.374	454.629
633.617	49.8066
632.828	308.217
642.34	188.587
642.34	188.587
636.712	393.406
646.404	241.498
647.616	301.915
654.909	293.628
655.372	413.897
663.906	280.154
663.651	301.293
675.708	0.0427845
666.857	287.015
666.497	439.506
680.859	119.563
687.494	187.631
685.607	133.603
692.015	158.395
709.961	48.1519
20.5275	441.845
23.2974	432.966
27.8518	145.094
32.853	279.205
37.6414	270.043
40.3285	370.824
41.5965	445.415
42.9646	436.646
46.058	91.2727
49.754	16.0988
46.3899	220.73
51.2361	354.642
64.4219	41.8576
62.6697	160.662
74.5039	270.132
78.5812	251.98
79.4319	177.848
81.7077	136.806
81.7077	136.806
101.02	74.3137
102.239	326.358
108.795	221.229
108.8	346.182
115.943	288.293
119.876	124.958
119.026	187.329
123.335	228.392
125.882	298.176
133.895	457.792
137.532	245.936
144.369	304.615
141.665	364.752
151.999	160.54
164.119	194.778
166.882	136.298
167.855	424.044
165.994	443.925
178.804	279.069
193.214	36.1338
206.132	163.854
204.634	123.334
211.183	56.3222
217.173	28.2445
205.077	281.233
232.28	127.974
227.919	465.925
239.447	181.36
235.917	237.178
233.708	405.612
243.035	450.983
248.468	278.919
257.599	294.285
276.485	183.915
269.23	378.971
271.548	393.433
278.967	128.638
285.407	54.045
292.364	24.6844
291.793	50.5153
289.307	410.114
315.357	41.4069
310.029	243.669
315.245	354.557
413.889	229.327
413.889	229.327
436.014	47.1806
468.245	53.1464
461.874	387.708
461.874	387.708
482.02	22.7982
484.601	31.2878
490.206	115.124
483.598	387.464
491.114	301.807
495.677	367.752
503.594	134.489
506.82	336.712
515.877	74.9872
511.278	372.097
511.278	372.097
525.821	96.6739
527.751	25.3968
531.012	12.5055
538.058	85.638
535.249	395.385
538.262	315.956
545.826	91.6892
552.347	148.869
563.711	406.704
571.402	154.339
571.453	202.652
573.174	258.483
580.601	194.75
584.38	32.5097
584.38	32.5097
588.742	213.442
590.583	152.122
589.331	404.88
602.522	343.105
599.5	456.997
606.232	252.005
616.54	126.314
616.585	83.1091
617.153	283.232
616.728	388.027
619.805	407.411
632.693	308.289
635.619	70.6832
634.009	447.26
643.188	143.923
643.008	116.706
647.608	301.898
656.575	301.336
655.279	413.938
667.18	174.963
663.96	280.109
675.772	-0.0016672
670.856	139.482
666.834	287.01
666.483	439.545
677.698	305.728
687.347	187.688
685.629	133.612
710.361	48.1481
