15.4818	266.342
20.4561	441.949
27.6678	145.343
32.9379	279.22
37.7389	270.01
50.2809	16.5805
45.9649	91.2892
45.9767	161.427
45.9767	161.427
46.4085	220.678
64.3324	41.9283
63.2011	237.031
66.2	116.971
66.2	116.971
78.6808	251.899
78.5492	441.835
86.7724	315.535
86.7724	315.535
102.179	326.277
101.84	440.149
108.748	346.267
119.83	124.988
122.107	111.596
124.895	447.516
134.945	308.603
139.11	157.052
137.609	245.894
141.648	295.611
145.059	203.21
141.857	447.3
146.983	226.142
139.981	393.269
141.631	364.624
170.139	275.883
179.427	157.743
191.789	137.03
204.769	123.286
205.958	164.059
211.279	56.3715
217.118	28.2078
219.422	464.769
236.16	55.2224
239.63	36.5334
227.924	465.886
239.371	181.454
235.882	237.141
228.348	402.833
248.619	278.947
257.61	294.293
267.507	361.958
284.59	61.1216
285.321	53.989
282.32	387.735
311.143	41.5049
296.796	392.49
303.514	270.288
315.669	346.608
410.398	226.596
451.282	107.602
451.282	107.602
461.761	38.8097
475.278	70.7935
461.793	387.795
469.055	392.748
477.07	389.207
492.884	45.5235
488.119	257.763
488.119	257.763
497.044	345.485
517.602	66.0499
525.818	96.6377
527.775	25.267
535.401	3.67749
535.815	80.5855
547.905	143.609
541.919	394.421
544.69	350.114
552.699	136.039
548.388	321.024
549.885	407.693
564.989	304.74
570.144	172.713
571.451	202.588
570.385	353.158
567.451	397.528
578.903	11.3579
570.339	367.014
579.472	153.371
580.805	133.175
584.069	32.2616
579.673	433.67
580.74	477.421
597.64	270.173
599.325	456.985
616.85	310.322
618.723	253.38
624.91	312.522
633.463	49.7358
635.554	70.7179
637.006	153.938
645.276	202.804
643.69	143.736
646.471	241.409
651.514	115.087
653.818	160.315
648.443	464.673
654.784	293.689
655.421	414.065
675.826	0.0278793
663.912	280.152
674.28	92.9217
685.857	175.332
676.2	439.804
699.869	132.336
700.043	92.4549
22.3373	399.847
27.6672	145.413
32.8927	279.254
33.9422	256.875
49.989	16.2774
45.8298	91.2866
40.371	371.169
46.3826	220.697
46.3826	220.697
64.4323	41.8753
63.491	107.705
63.2396	237.024
66.2685	116.936
65.2721	282.367
74.7517	270.193
78.5542	441.87
86.8213	315.595
101.006	74.3778
96.0956	338.161
96.0956	338.161
106.576	157.921
107.317	171.941
105.799	446.727
119.817	124.99
122.258	111.657
125.978	298.012
138.037	201.007
138.037	201.007
139.128	157.054
137.566	245.848
144.432	304.514
144.167	454.41
139.83	393.253
141.63	364.718
152.009	457.058
167.729	423.937
179.439	157.757
178.621	279.053
193.085	36.255
193.085	36.255
195.248	156.143
205.088	123.323
206.152	163.886
211.313	56.3466
217.129	28.2567
219.333	59.4918
232.296	128.417
235.901	237.237
231.68	400.295
255.225	281.877
257.593	294.295
260.484	419.03
276.456	183.975
267.593	361.962
279.671	130.859
291.683	50.4033
292.955	169.546
297.928	8.27046
282.78	436.649
287.334	398.209
315.442	41.4158
303.443	270.31
312.368	340.189
411.951	226.713
411.951	226.713
436.048	47.3605
436.048	47.3605
448.897	98.4322
461.691	38.8631
461.816	387.753
481.887	22.6506
469.208	392.849
492.455	103.45
482.086	388.02
488.099	257.727
491.073	302.251
506.802	336.59
517.356	79.7278
517.356	79.7278
525.801	96.735
527.832	25.3626
527.832	25.3626
541.797	132.101
535.258	395.459
543.609	152.858
548.349	321.047
562.625	352.226
570.06	172.572
563.635	406.632
573.066	258.137
570.318	353.254
578.728	11.229
578.728	11.229
596.369	280.799
600.508	202.498
592.687	398.442
599.328	456.841
616.548	83.102
616.801	310.41
618.503	253.524
616.342	387.765
627.431	163.605
619.295	408.524
626.415	304.475
636.085	133.145
636.085	133.145
645.22	202.849
643.806	143.806
642.847	81.3691
634.005	447.283
658.059	154.807
654.885	293.632
656.791	301.364
655.344	413.839
675.737	-0.0157824
675.737	-0.0157824
663.601	301.541
666.984	286.953
666.733	439.527
679.807	143.838
686.31	154.58
685.647	133.592
700.054	92.501
710.343	48.2139
22.3589	400.193
32.757	279.267
33.9101	256.885
39.5925	370.359
50.3193	16.5401
46.3117	220.793
46.3117	220.793
50.7139	269.983
63.5101	107.726
73.1829	97.3811
80.7082	49.1839
79.2223	177.902
78.694	251.868
78.5684	441.79
82.2338	297.022
89.2044	58.0938
82.4586	330.95
82.4586	330.95
86.7896	315.584
101.798	440.163
106.669	157.857
124.09	288.699
124.881	447.627
137.678	245.66
142.295	417.559
144.39	304.582
147.031	226.026
140.306	393.103
141.631	364.729
152.048	457.08
164.209	194.669
166.714	136.384
179.214	145.922
184.068	154.377
178.841	279.103
192.849	36.2582
204.772	123.376
213.278	331.069
227.836	57.1267
232.284	128.39
239.373	181.297
242.291	63.6123
235.859	237.243
228.28	403.058
244.776	324.832
242.632	450.929
254.126	419.815
255.267	281.871
255.267	281.871
273.758	134.876
269.243	378.995
285.402	54.0399
284.502	61.0546
287.367	35.3194
282.376	387.676
282.338	436.334
287.323	398.315
315.22	41.5667
312.277	296.394
312.351	340.234
411.215	226.608
411.215	226.608
468.065	53.0008
461.815	387.759
481.993	22.9294
484.715	31.5118
485.651	125.053
489.623	96.2238
477.233	389.099
492.842	45.4029
488.17	257.839
488.17	257.839
491.058	302
520.064	118.759
514.621	334.966
524.056	91.0123
525.755	96.7071
531.006	12.6166
531.976	81.8094
540.095	16.3354
549.611	407.118
553.895	305.456
552.251	456.718
563.517	168.787
560.825	376.58
563.695	406.752
568.872	283.862
571.403	154.435
571.517	202.606
570.178	353.518
570.213	367.219
578.583	11.0771
580.839	133.206
582.208	216.75
586.854	185.893
579.666	433.349
589.865	133.933
580.843	477.403
592.343	177.453
596.4	280.749
593.586	463.081
616.599	83.1153
617.036	310.189
618.509	253.545
619.252	408.59
633.457	49.8493
632.888	308.159
644.935	202.905
636.387	393.28
651.631	67.361
655.387	413.966
675.802	0.0126879
663.924	280.183
666.895	286.972
675.458	164.092
675.113	156.301
666.256	439.536
677.521	305.495
677.521	305.495
685.73	133.573
699.804	92.4146
706.467	115.449
20.481	441.997
32.9498	279.223
34.0425	256.972
40.4439	370.971
50.1581	16.513
46.0172	161.294
66.0081	117.062
80.8253	49.2841
78.6893	251.876
81.7174	136.795
86.1141	85.5964
89.0522	435.845
92.8143	194.135
99.2305	289.648
99.2305	289.648
101.738	440.312
106.013	209.487
107.196	172.045
108.645	346.449
127.572	235.269
134.418	331.16
139.045	157.12
137.535	245.835
138.359	214.398
141.642	295.641
141.865	447.271
142.101	417.613
144.354	304.678
144.187	454.426
140.272	393.063
141.758	364.441
156.411	183.274
164.174	194.617
166.78	136.467
192.885	36.1881
192.885	36.1881
204.802	123.441
211.223	56.3236
210.264	140.834
217.245	28.1997
227.913	57.2991
239.736	36.969
239.384	181.297
235.666	237.264
244.682	324.77
248.53	278.968
264.394	95.4601
252.394	440.774
255.231	281.832
257.636	294.279
273.635	134.689
260.486	419.041
267.605	361.954
284.675	61.2146
285.492	54.1166
282.507	436.606
287.361	398.233
315.574	41.2198
315.262	354.613
411.485	226.466
411.485	226.466
436.077	47.6685
448.878	98.3481
448.878	98.3481
456.342	25.5349
461.847	387.743
482.047	22.9765
492.905	45.6492
482.141	388.022
495.873	367.629
498.7	345.525
517.323	79.8088
517.323	79.8088
520.014	118.723
514.671	334.841
523.638	38.1749
536.833	135.918
541.831	394.471
549.89	407.493
553.909	305.453
563.507	168.805
568.768	3.42488
571.38	154.381
578.547	11.0735
576.638	188.386
591.947	235.352
596.551	227.67
593.359	463.045
593.359	463.045
619.06	291.92
616.248	387.711
624.643	84.3481
619.377	408.385
626.094	304.666
632.855	308.204
642.332	188.523
642.763	81.32
643.16	116.615
643.16	116.615
643.469	272.763
638.318	394.089
654.751	293.672
656.347	301.36
656.347	301.36
655.303	413.955
667.368	174.987
675.831	-0.0215266
666.779	287.085
666.546	439.601
673.779	93.159
678.768	127.145
685.797	175.397
700.067	92.4914
705.925	115.677
20.5385	441.994
22.2134	400.238
23.0056	400.631
32.9699	279.28
33.2901	138.518
37.6602	269.966
39.5251	370.505
45.8365	91.3612
49.9007	16.1698
46.3325	220.755
46.3325	220.755
64.3109	41.8415
63.236	237.073
78.5763	252.052
78.5476	441.835
82.0543	119.752
82.5045	330.906
82.5045	330.906
89.143	57.9592
86.7809	315.594
95.385	155.274
101.805	440.211
102.351	326.398
107.212	172.082
113.235	94.9959
115.891	288.359
122.142	111.625
134.961	308.551
137.665	245.726
139.109	157.062
144.156	454.447
141.814	364.39
152.052	457.066
164.11	194.746
167.748	423.931
170.715	206.988
184.055	154.449
178.711	279.058
191.986	137.09
206.14	163.941
217.047	28.253
205.005	281.142
226.277	65.2487
232.253	128.05
236.138	55.192
239.405	181.348
228.265	403.044
241.117	330.978
242.15	450.912
257.59	294.325
273.75	134.938
269.5	378.943
279.481	131.354
284.62	61.2312
285.367	54.0287
282.338	387.707
287.338	398.269
311.018	41.4473
303.402	270.304
315.477	41.4087
436.065	47.6198
436.065	47.6198
455.46	124.406
461.801	387.735
469.161	393.111
490.177	115.083
523.987	91.0568
531.001	12.5928
522.361	398.305
540.143	16.1871
535.322	395.447
538.229	316.028
545.859	91.6423
545.802	137.137
545.802	137.137
555.204	350.404
557.914	321.425
565.504	183.334
560.836	376.618
569.762	190.518
571.38	202.617
591.943	235.363
589.172	404.86
602.802	343.163
598.946	456.699
616.546	83.0873
619.491	202.455
619.006	291.881
616.256	387.685
624.971	312.561
626.082	247.822
625.929	304.8
634.729	184.319
635.681	70.7235
642.319	188.536
634.112	447.39
643.175	116.737
643.175	116.737
636.341	393.335
655.426	413.93
675.767	-0.030276
675.767	-0.030276
670.715	139.427
666.826	287.063
675.468	164.084
674.248	92.9027
672.712	283.637
678.852	127.145
686.352	175.381
677.67	305.638
677.67	305.638
676.237	439.75
700.297	92.524
