15.8244	266.43
20.3917	442.028
22.1754	400.164
22.9481	400.698
27.7646	145.178
33.179	279.27
32.7329	139.215
34.0559	256.965
39.5527	370.475
49.6908	15.9858
40.3429	371.111
64.3615	41.8723
63.523	107.746
66.0977	117.035
74.6465	270.177
78.6458	251.936
82.1222	296.997
86.7574	315.554
92.8269	194.161
97.0949	87.6882
95.2889	155.354
101.034	74.3113
106.582	157.944
106.011	209.515
105.771	446.741
108.828	346.126
113.979	443.341
119.868	124.944
125.936	298.141
128.888	201.265
141.663	295.615
144.999	203.311
141.823	364.446
152.016	160.585
149.99	450.85
152.076	457.08
167.367	136.496
167.781	423.985
179.442	157.788
193.237	36.3541
178.907	279.073
185.217	235.888
206.055	163.974
211.191	56.3594
219.342	59.4729
227.992	465.924
239.374	181.42
243.294	115.537
235.899	237.239
228.353	403.071
242.444	450.936
264.22	95.3938
255.242	281.854
276.58	183.747
267.57	361.957
278.953	128.819
285.342	53.9978
292.522	24.7697
291.959	50.2376
282.392	387.692
287.5	398.244
315.266	41.313
303.449	270.301
414.039	229.54
414.039	229.54
448.897	98.3808
461.661	38.8388
475.227	71.0062
461.834	387.779
481.832	22.6353
492.426	103.251
492.783	45.3983
488.157	257.879
488.157	257.879
491.173	302.408
496.881	345.35
514.27	56.5992
515.802	74.9842
525.802	96.6795
528.385	100.659
535.286	395.419
540.136	323.058
548.542	143.285
555.258	350.331
557.882	321.399
564.052	407.185
571.424	202.593
572.912	258.132
570.274	353.149
579.071	11.6272
579.071	11.6272
576.707	188.479
580.545	194.729
584.26	32.4201
584.453	144.296
579.909	433.269
595.627	43.1704
597.363	117.952
600.585	202.489
601.55	163.43
606.182	271.858
613.631	89.9414
618.589	253.458
616.459	388.033
615.772	463.207
626.419	63.2605
626.12	304.641
621.642	454.537
632.731	308.18
636.824	393.471
651.743	115.026
654.727	293.635
655.265	413.946
675.821	-0.0482086
663.969	280.099
675.293	156.209
666.411	439.52
687.957	22.4535
677.569	305.564
677.569	305.564
686.163	154.55
699.948	92.3748
711.809	143.477
710.172	48.2043
719.308	139.776
16.0656	266.49
20.4337	441.953
22.9475	400.668
27.7515	145.267
33.1487	279.329
33.2105	138.581
37.7837	270.086
49.782	15.9394
51.6639	354.188
64.3053	41.8218
66.1128	117.082
74.6036	270.202
78.6984	251.856
81.7356	136.775
82.0534	296.996
86.7154	315.55
93.0332	194.042
97.127	87.6793
95.3068	155.28
101.028	74.3695
101.794	440.186
106.05	209.467
107.253	172.11
108.773	346.241
113.975	443.36
125.977	298.105
128.856	201.339
141.644	295.651
152.081	457.051
155.837	461.614
164.198	150.808
167.206	136.522
164.548	279.648
170.815	206.869
167.823	423.934
179.436	157.796
179.023	279.095
206.083	163.921
211.229	56.4261
227.288	56.898
227.939	465.944
239.406	181.427
243.247	115.579
235.839	237.238
228.394	403.139
255.312	281.806
273.839	135.041
260.537	419.028
276.474	183.814
284.588	61.0807
285.362	54.0122
271.658	393.377
292.456	24.738
282.639	436.26
287.381	374.412
296.763	392.509
315.27	41.3742
303.343	270.288
310.063	243.723
312.412	340.02
414.352	230.215
414.352	230.215
451.328	107.86
461.509	38.77
475.189	71.0119
481.949	22.799
492.435	103.503
492.73	45.3225
488.113	257.794
488.113	257.794
483.623	387.453
491.222	302.175
496.962	345.334
514.255	56.6224
514.611	334.918
525.736	96.7997
538.075	85.5373
535.4	395.4
548.656	158.707
552.735	136.116
555.256	350.339
557.864	321.371
552.312	456.639
564.244	407.439
571.447	202.586
572.94	258.176
570.288	353.208
579.037	11.636
579.037	11.636
576.625	188.413
579.562	153.509
584.187	32.3826
579.922	433.36
590.512	222
595.696	43.2389
596.331	280.764
600.6	202.501
601.226	184.298
593.514	463.037
593.514	463.037
602.856	343.124
613.638	89.9578
616.592	83.1428
618.528	253.512
623.333	94.5931
623.333	94.5931
616.7	388.312
626.051	304.71
632.758	308.119
637.007	393.528
655.355	414.001
675.822	-0.0931995
675.822	-0.0931995
663.801	280.243
666.428	439.495
672.787	247.536
677.628	305.669
677.628	305.669
691.809	158.338
691.809	158.338
696.324	100.135
699.783	132.295
699.982	92.4259
710.377	48.2028
20.3478	441.903
23.0369	400.632
32.8597	279.215
33.9922	256.944
37.8226	270.056
39.5789	370.319
49.6495	15.95
46.0478	161.283
46.0478	161.283
51.5486	354.332
64.4078	41.8407
63.4379	107.732
66.0134	117.066
80.7952	49.2089
74.52	270.115
78.6782	251.93
78.5593	441.887
82.1215	296.993
89.1279	57.9811
86.6747	315.546
93.0139	194.011
105.964	209.534
108.711	346.32
113.978	443.364
119.816	124.999
125.974	298.061
128.837	201.368
141.652	295.719
141.885	447.267
152.088	457.078
156.452	183.25
170.79	206.934
167.907	424.015
179.418	157.817
178.854	279.099
191.765	137.177
185.074	236.079
206.169	163.814
211.266	56.3125
217.308	28.215
226.329	65.3364
219.412	464.77
227.975	465.943
239.393	181.425
235.725	237.268
228.33	403.056
264.196	95.3723
264.196	95.3723
255.217	281.878
257.593	294.269
267.585	361.961
269.445	378.972
285.282	53.9735
292.362	24.6837
291.953	50.2323
282.365	387.692
296.783	392.478
315.16	41.3064
303.43	270.302
310.09	243.764
414.143	229.843
414.143	229.843
436.022	47.4944
461.631	38.7246
461.863	387.77
481.926	22.8258
485.638	124.937
489.482	95.8995
492.908	45.5941
488.114	257.737
488.114	257.737
491.151	301.968
496.987	345.402
517.467	65.9288
525.712	96.7853
525.712	96.7853
538.116	85.4848
535.239	395.457
548.445	321.064
553.426	313.581
550.117	408.118
555.233	350.35
552.307	456.749
558.591	388.517
570.172	172.658
571.45	202.594
572.944	258.152
579.041	11.6561
579.041	11.6561
576.664	188.453
584.276	32.4276
584.484	144.36
588.994	239.187
595.655	43.1658
596.356	280.752
592.672	398.395
616.559	83.0885
616.68	310.502
618.608	253.468
621.622	122.403
622.331	304.304
626.476	155.266
621.632	454.526
633.348	49.7387
634.612	240.256
644.329	143.693
634.341	447.618
636.593	393.289
675.828	-0.0623577
666.769	287.075
672.726	283.617
678.54	126.982
677.556	305.554
677.556	305.554
691.911	158.306
691.911	158.306
700.13	132.254
700.097	92.4005
710.433	48.195
20.4191	441.999
22.1908	399.979
22.9759	400.541
33.1283	279.259
33.9163	256.979
37.8558	270.07
49.6644	15.9819
40.24	371.195
64.2825	41.822
63.4643	107.751
74.6466	270.192
78.6827	251.92
78.6104	441.786
82.1426	297.014
89.2274	58.0614
86.7388	315.572
93.0218	194.027
97.1082	87.7138
95.3316	155.281
95.4069	329.704
101.826	440.154
107.246	171.988
108.781	221.215
113.076	94.811
123.361	228.382
125.894	298.188
127.552	235.354
128.91	201.279
141.695	295.633
144.184	454.458
141.753	364.595
151.98	160.55
152.067	457.066
156.419	183.246
166.487	136.432
167.844	423.976
179.017	279.067
191.858	137.244
205.898	164.059
211.296	56.4182
219.183	59.435
227.94	465.885
227.94	465.885
221.754	404.124
239.377	181.426
235.845	237.237
244.737	324.708
264.198	95.3026
255.287	281.812
273.847	135.133
260.544	419.029
267.576	361.957
269.404	378.961
269.794	444.773
285.3	53.977
287.305	35.3138
291.984	50.2946
282.348	387.713
296.784	392.504
315.236	41.3249
303.4	270.29
414.065	229.754
414.065	229.754
451.365	108.05
461.246	38.6504
475.099	70.8755
481.969	22.8608
490.455	115.136
492.759	45.3344
491.272	302.226
495.955	367.607
499.303	304.171
496.96	345.374
507.487	142.872
524.02	90.9088
525.799	96.7038
522.51	398.282
540.865	74.2492
546.437	117.024
548.696	158.767
553.45	313.553
550.365	408.501
555.298	350.304
557.893	321.394
560.862	376.584
571.371	202.599
572.928	258.193
579.07	11.5894
579.07	11.5894
579.559	153.473
580.509	194.618
584.209	32.3796
582.152	216.699
584.41	144.232
595.636	43.136
588.344	404.79
596.33	280.738
593.436	463.038
602.566	343.141
616.509	126.208
616.911	310.278
616.878	388.49
626.396	63.241
626.396	63.241
626.156	247.724
632.745	308.174
638.77	139.932
634.533	447.686
636.693	393.396
650.183	305.274
658.009	154.761
654.767	293.651
663.43	106.541
655.228	413.92
675.792	-0.0480515
663.95	280.136
677.6	305.62
691.962	158.364
699.883	92.4334
710.227	48.1829
719.386	139.757
15.7423	266.397
20.4427	441.962
23.1127	400.445
27.8566	145.178
32.8406	279.286
34.0199	257.002
49.6988	15.9955
46.6748	140.605
64.3536	41.8211
63.5533	107.635
66.0788	117.06
74.6167	270.184
78.6861	251.908
82.119	297.054
86.8197	315.559
93.0756	194.04
97.1359	87.6871
101.029	74.3869
96.112	338.102
96.112	338.102
101.803	440.204
106.024	209.498
107.255	172.061
113.955	443.396
119.054	187.225
123.534	228.266
134.987	308.693
134.987	308.693
141.869	447.23
152.111	457.072
167.323	136.552
164.578	279.602
167.77	423.921
179.415	157.788
193.3	36.1748
178.923	279.088
195.221	156.072
206.195	163.889
211.317	56.4009
217.166	28.1837
219.177	59.3914
239.44	181.386
243.289	115.52
235.854	237.232
228.182	403.127
264.14	95.3522
255.268	281.837
260.488	419.054
285.364	54.0201
287.366	35.3215
291.921	50.2201
282.342	387.71
287.371	374.411
310.875	41.3278
296.773	392.491
303.395	270.286
312.393	340.242
414.183	229.695
414.183	229.695
461.558	38.6688
475.135	71.0437
461.874	387.767
481.948	22.7026
489.625	96.0244
490.335	115.031
488.096	257.71
488.096	257.71
491.16	301.989
496.893	345.419
520.496	83.7546
514.642	334.923
523.687	38.2347
523.687	38.2347
528.299	100.713
540.847	74.2399
535.243	395.357
544.66	122.178
548.736	158.748
544.971	349.349
553.505	313.553
550.372	408.593
555.207	350.355
571.4	202.535
572.934	258.155
576.701	188.46
584.233	32.4139
580.062	433.912
588.963	239.124
595.649	43.16
596.314	280.732
598.634	455.17
598.634	455.17
616.575	83.1376
616.768	310.395
618.487	253.519
616.875	388.456
626.279	63.2033
637.21	153.914
632.73	308.185
638.709	139.97
638.709	139.97
645.093	202.845
636.808	393.404
653.821	160.259
657.258	154.784
654.733	293.65
675.848	-0.0865856
663.953	280.127
679.816	143.873
677.54	305.57
677.54	305.57
691.995	158.27
700.065	92.4516
706.525	115.498
