20.5615	441.936
22.8069	400.602
32.9163	279.279
33.9008	256.917
49.6844	15.9303
39.5221	370.479
40.3087	371.031
46.0636	161.172
46.4281	220.603
51.3557	354.432
64.3352	41.8354
66.1687	116.971
66.1687	116.971
74.4707	270.121
78.5909	252.003
82.2533	297.016
82.3254	331.113
86.8264	315.616
92.9039	194.084
97.0991	87.6596
101.031	74.3371
106.673	157.866
110.953	434.284
110.953	434.284
129.904	141.494
134.908	308.654
137.59	245.817
141.87	447.212
145.039	203.145
144.45	304.546
141.651	364.758
151.933	160.438
152.082	457.018
167.141	136.463
170.782	206.927
193.194	36.2679
191.721	136.987
204.531	106.98
206.157	163.885
210.533	141.166
219.186	59.4323
213.17	331.295
219.296	464.894
232.237	51.7883
227.863	466.008
241.048	330.939
264.303	95.3659
248.736	278.945
267.497	361.951
278.809	128.586
284.599	61.0824
285.331	53.9881
287.36	35.3405
269.562	444.684
271.854	393.356
282.585	436.445
310.875	41.5553
303.445	270.309
310.098	243.742
312.296	296.473
312.402	340.047
414.694	230.688
414.694	230.688
451.417	108.087
461.843	38.9003
468.222	53.2749
475.413	70.9533
461.884	387.809
481.882	22.7701
490.153	115.126
491.796	272.249
491.796	272.249
495.768	367.795
512.909	68.3382
514.222	56.6314
525.796	96.6973
528.458	100.589
522.72	398.295
542.08	394.271
544.647	350.234
548.569	321.167
555.049	155.584
553.951	305.419
552.328	456.759
568.674	3.33784
570.111	172.659
571.456	202.605
573.157	258.123
570.345	353.253
579.24	11.6939
584.25	32.4122
582.174	216.73
579.691	412.908
588.515	238.773
595.44	42.8847
587.281	404.296
600.582	260.488
607.436	192.717
598.292	454.348
616.526	83.0243
617.468	263.714
619.785	74.9189
621.678	122.482
616.868	388.144
622.03	304.379
624.969	312.536
621.69	454.516
643.493	159.673
633.194	392.289
643.53	143.798
655.051	293.593
656.601	301.333
655.354	413.963
675.856	-0.0798516
675.856	-0.0798516
663.642	301.449
666.906	287.005
666.333	439.475
685.732	175.396
686.377	154.529
695.932	100.083
697.412	118.699
700.083	92.458
700.396	54.0987
22.9013	400.694
32.5692	279.18
34.0061	256.952
39.5406	370.584
49.6985	15.9741
40.2297	371.105
46.3719	220.678
54.5429	125.325
54.5429	125.325
64.2937	41.8087
80.7382	49.2037
74.6522	270.303
82.2744	297.036
82.3406	331.105
82.3406	331.105
86.8333	315.616
89.0885	435.755
89.0885	435.755
92.8715	194.164
97.15	87.667
95.2734	155.389
106.618	157.925
104.37	277.693
129.839	141.536
127.474	235.331
128.908	201.28
134.987	308.605
137.645	245.711
136.127	449.937
141.679	295.644
141.864	447.268
141.679	364.771
167.09	136.426
170.823	206.926
193.124	36.2748
191.651	136.941
195.304	156.07
206.044	163.994
211.181	56.3619
219.306	59.4471
219.31	464.887
222.007	236.76
239.405	181.447
240.969	330.953
259.23	129.814
264.271	95.3833
248.817	278.964
257.673	294.317
276.477	183.943
267.522	361.956
278.873	128.746
284.608	61.1175
285.312	53.9813
287.376	35.341
274.561	396.37
298.069	8.76125
287.496	398.264
303.486	270.319
310.054	243.714
315.202	354.614
414.866	231.011
414.866	231.011
455.473	124.471
461.812	38.7602
475.407	70.7875
481.891	22.6917
477.553	389.155
492.429	103.268
492.87	45.5028
488.09	257.755
495.972	367.624
495.972	367.624
520.535	83.7293
529.577	84.0841
522.928	397.955
541.507	132.242
548.461	124.412
544.662	350.222
548.427	321.113
553.92	305.419
550.654	409.097
552.261	456.669
568.688	3.28607
562.723	352.169
570.143	172.625
570.143	172.625
571.404	202.652
573.18	258.163
579.158	11.7375
579.592	153.512
584.208	32.4139
582.162	216.679
579.647	413.032
588.567	238.83
595.482	42.9149
597.624	270.178
601.523	191.003
604.082	264.181
598.204	454.513
598.204	454.513
608.375	363.496
614.708	131.941
614.708	131.941
623.388	94.7039
618.644	409.311
624.964	312.516
624.964	312.516
635.669	70.6355
633.893	392.453
654.823	293.666
656.352	301.373
655.299	413.93
675.734	0.0443204
675.734	0.0443204
663.666	301.41
666.992	286.938
683.692	99.8115
686.189	154.467
700.206	92.456
706.054	155.205
710.163	48.157
711.219	120.466
22.231	399.832
27.5328	145.498
33.0194	279.317
33.4791	138.334
33.9973	256.954
39.6236	370.515
49.6455	15.9206
40.4022	371.084
46.0694	161.217
46.3949	220.581
46.3949	220.581
54.4957	125.331
54.4957	125.331
64.3627	41.8622
63.2605	237.075
65.2729	282.352
78.1508	64.5694
74.6816	270.286
78.5573	441.845
82.3799	331.032
82.3799	331.032
86.8542	315.568
89.0089	435.918
97.1446	87.6937
106.645	157.958
127.435	235.43
129.917	141.471
134.983	308.583
137.613	245.777
138.434	214.241
141.669	295.615
145.082	203.115
141.667	364.655
149.888	450.93
152.045	457.02
167.134	136.417
167.887	424.163
193.194	36.1334
191.712	137.018
195.311	156.073
204.706	107.101
206.007	163.942
211.295	56.4055
217.082	28.2553
219.257	59.4189
232.326	128.249
239.377	181.406
235.953	237.171
240.96	330.944
248.771	278.967
254.017	419.829
257.628	294.311
276.43	183.987
267.5	361.953
278.814	128.468
284.531	61.0348
285.45	54.0932
269.847	444.812
271.666	393.323
271.667	435.559
274.529	396.375
298.06	8.70525
315.544	41.308
303.428	270.324
312.307	296.411
312.378	340.209
414.993	231.118
414.993	231.118
448.882	98.3606
448.882	98.3606
482.01	23.0155
492.83	45.5331
491.8	272.238
491.8	272.238
500.803	61.3015
496.004	367.618
496.004	367.618
520.532	83.731
523.68	38.2213
523.68	38.2213
522.96	397.987
536.797	135.752
538.087	85.552
541.746	132.134
541.861	394.688
548.456	321.093
553.89	305.46
552.243	456.705
562.688	352.195
570.133	172.655
570.133	172.655
571.449	202.629
573.197	258.177
570.284	353.283
584.217	32.3796
582.144	216.684
584.416	144.223
579.766	412.856
590.078	198.15
595.535	42.9534
595.073	123.88
601.713	190.869
600.599	260.454
598.384	454.502
616.622	83.116
623.412	94.6861
616.974	388.307
618.783	409.123
626.145	247.747
624.97	312.533
624.97	312.533
634.342	392.535
634.175	447.382
652.044	114.977
657.669	154.727
658.211	119.342
658.211	119.342
656.733	301.32
655.434	414.072
675.741	0.0225047
675.741	0.0225047
663.9	280.127
666.784	287.037
675.468	156.203
665.929	439.268
677.548	305.557
700.148	92.4453
710.393	48.1686
15.9253	266.52
20.5213	441.847
27.4785	145.581
33.9494	256.916
45.2602	74.4348
39.583	370.444
49.6621	15.8962
40.3039	371.114
46.1333	161.165
46.3551	220.715
64.3595	41.7625
63.4076	107.808
63.2688	237.087
65.2692	282.344
78.2273	64.6034
74.7012	270.314
78.523	441.87
82.2894	331.151
86.8275	315.633
89.0403	435.846
97.133	87.6311
95.5317	138.612
106.665	157.895
108.784	221.31
108.811	346.18
119.847	124.916
129.84	141.558
137.67	245.737
138.358	214.31
141.654	295.606
141.822	447.306
144.453	304.423
141.751	364.682
152.03	457.095
164.196	194.628
167.879	424.105
193.246	36.0984
178.792	279.109
191.762	137.112
195.356	156.057
206.225	163.825
211.236	56.3992
210.605	141.282
219.234	59.4627
241.036	330.899
244.77	324.725
264.143	95.3113
248.826	278.959
252.193	440.68
254.289	420.022
273.898	134.98
276.386	183.993
267.515	361.959
278.763	128.543
284.611	61.1454
285.373	54.0327
287.381	35.3549
315.429	41.3488
303.406	270.302
310.037	243.704
414.942	231.17
414.942	231.17
455.425	124.495
475.431	71.0252
461.899	387.804
481.915	22.7734
484.728	31.41
477.475	389.16
491.335	302.373
502.648	112.673
512.898	68.2883
520.546	83.707
525.845	96.6163
528.488	100.616
532.797	18.3825
522.91	397.975
548.115	143.498
547.962	179.414
541.937	394.588
544.727	350.177
548.555	321.152
553.931	305.426
555.167	350.452
571.432	202.611
573.166	258.12
579.245	11.6945
579.518	153.491
584.287	32.4292
582.171	216.737
579.774	413.266
590.135	198.154
595.465	42.8611
601.559	163.495
593.217	462.764
604.103	264.185
604.72	258.099
617.052	310.171
621.693	122.474
616.909	388.251
621.987	304.43
626.48	63.2669
626.48	63.2669
622.074	454.377
637.059	393.617
651.848	115.006
658.46	119.346
658.46	119.346
656.464	301.431
655.325	413.962
675.805	-0.0264649
675.805	-0.0264649
663.872	280.172
663.556	301.562
666.918	286.981
666.088	439.274
700.05	92.4213
705.958	155.188
705.958	155.188
710.36	48.2381
20.5309	441.922
22.8602	401.009
27.637	145.318
32.9284	279.276
33.1095	138.893
33.9771	256.98
49.7261	16.0517
39.5356	370.718
40.2928	371.303
46.3675	220.669
64.34	41.8394
63.4649	107.732
63.2667	237.103
66.1444	116.993
78.1713	64.6123
74.5731	270.228
78.5449	441.881
82.3334	331.073
86.8786	315.614
86.8786	315.614
89.0439	435.85
92.8832	194.104
97.1058	87.6889
95.3171	155.403
106.605	157.957
108.815	346.215
115.954	288.263
128.572	157.542
129.815	141.545
137.589	245.758
141.81	295.452
141.793	447.444
141.769	364.609
149.991	450.784
164.175	194.675
167.098	136.454
170.806	206.873
193.138	36.165
178.681	279.097
191.846	137.063
206.128	163.953
211.364	56.4362
217.153	28.2448
219.314	59.406
219.288	464.87
239.444	181.426
235.964	237.154
241.046	330.806
251.047	125.618
242.695	450.934
259.44	129.866
248.769	278.925
257.646	294.334
267.517	361.956
278.821	128.528
284.558	60.9951
285.373	54.0098
287.383	35.3426
269.56	444.716
271.765	393.415
292.252	24.5977
274.55	396.446
282.641	436.479
303.424	270.29
310.098	243.786
312.298	296.447
312.367	340.296
414.81	230.94
414.81	230.94
475.289	70.6092
461.901	387.803
481.86	22.549
469.161	392.804
485.037	32.0797
492.828	45.4076
492.747	128.2
488.058	257.617
491.09	302.069
502.643	112.719
517.445	65.6195
520.246	36.461
524.008	90.9661
541.589	132.219
535.36	395.543
543.576	152.703
548.481	124.435
541.796	394.697
544.644	350.246
548.538	321.144
553.886	305.457
552.263	456.795
570.142	172.616
571.451	202.694
573.158	258.086
570.321	353.299
579.13	11.7105
584.247	32.418
580.951	209.855
579.618	413.068
590.001	198.148
595.552	42.9722
587.598	404.528
601.794	190.869
593.398	462.942
604.088	264.179
616.512	126.239
617.405	263.704
623.424	94.7319
623.424	94.7319
616.934	388.285
626.422	155.268
624.965	312.495
624.965	312.495
621.507	454.547
633.535	392.35
651.889	115.014
655.365	414.13
675.832	0.00855412
675.832	0.00855412
663.944	280.124
666.843	287.012
666.512	439.439
683.31	99.8088
686.191	175.392
677.488	305.512
677.488	305.512
686.142	154.549
700.093	92.3943
706.032	115.648
710.411	48.2192
