22.8979	400.599
23.4213	432.883
33.0464	279.305
37.6551	270.016
40.3806	371.216
41.6412	445.465
46.1609	91.2428
46.3955	220.757
46.3955	220.757
64.378	41.7183
63.436	107.759
66.2175	117.148
74.5864	270.232
78.6556	251.97
79.3849	177.861
82.3564	297.105
89.2146	58.0373
88.9956	435.927
88.9956	435.927
96.23	338.005
102.23	326.358
107.276	171.954
108.795	346.222
122.161	111.687
122.932	455.085
123.299	228.488
128.873	201.444
133.862	457.847
134.997	308.622
134.997	308.622
137.641	245.738
139.099	157.1
166.933	136.293
167.739	423.954
170.193	275.818
192.937	36.3134
195.301	156.054
206.127	163.836
217.095	28.2109
219.282	59.3897
224.425	93.1081
226.087	64.9802
239.466	181.433
243.239	115.528
235.885	237.154
250.62	237.323
255.681	450.958
257.605	294.324
264.466	421.382
269.796	444.681
269.027	378.967
284.646	61.2197
285.394	54.0315
297.981	8.37284
287.401	398.313
296.79	392.573
303.394	270.284
315.354	41.3644
315.171	354.637
413.907	228.98
413.907	228.98
440.99	67.6003
440.99	67.6003
448.908	98.3798
448.908	98.3798
469.238	393.102
481.862	22.6468
481.847	388.123
507.564	142.706
509.825	64.2191
517.526	65.8419
523.701	38.0798
522.12	338.353
531.038	12.4784
545.847	137.18
545.847	137.18
547.957	179.555
553.495	313.571
555.126	350.46
555.126	350.46
552.351	456.887
566.042	409.525
566.042	409.525
571.333	154.382
571.247	202.709
574.271	200.581
580.629	194.828
584.425	32.6073
580.035	413.088
585.931	264.009
588.894	-2.24876
596.332	188.737
596.522	227.735
601.495	107.426
604.586	159.174
602.37	343.023
606.215	252.03
606.355	102.562
616.573	83.1144
616.956	387.937
618.605	409.311
632.799	308.207
635.596	70.7414
633.99	447.177
647.397	302.05
656.655	301.327
656.655	301.327
655.234	413.961
663.992	280.093
664.712	270.917
675.719	0.015871
675.719	0.015871
666.089	439.296
675.307	164.075
679.864	143.831
675.086	439.35
685.516	133.633
689.505	106.77
15.9798	266.507
20.5545	441.904
22.9101	400.775
23.406	432.854
27.7235	145.29
32.8649	279.265
40.2771	370.987
46.1123	91.2046
46.0507	161.236
46.3159	220.774
46.3159	220.774
64.3741	41.74
63.5781	107.657
78.6514	252.003
82.2027	297.112
82.2875	331.228
89.0095	435.935
89.0095	435.935
97.0854	87.675
96.1722	338.056
102.208	326.366
104.385	277.631
107.312	171.904
113.192	94.9274
123.056	455.072
128.877	201.323
129.855	141.527
133.914	457.799
137.601	245.754
138.369	214.419
140.82	312.567
140.82	312.567
140.174	393.261
166.962	136.341
167.714	423.962
170.162	275.812
178.916	146.139
204.959	123.24
211.27	56.2692
210.198	140.805
217.143	28.2082
219.433	59.5495
239.433	181.429
235.959	237.147
233.733	405.632
233.733	405.632
242.444	450.931
255.805	450.957
255.301	281.847
255.301	281.847
257.586	294.308
273.613	134.699
269.729	444.729
284.604	61.1278
285.403	54.0366
298.008	8.38861
287.398	398.336
296.777	392.579
303.405	270.289
315.548	41.3541
312.408	340.174
413.822	228.652
413.822	228.652
436.026	47.4432
436.026	47.4432
482.012	23.0597
484.397	93.6246
481.779	388.152
502.647	112.631
507.537	142.599
509.781	64.2382
506.89	336.666
524.03	90.8977
522.134	338.344
527.785	25.2813
531.053	12.4385
545.762	137.134
546.477	117.169
541.831	394.65
552.164	148.932
552.24	456.67
558.577	388.615
560.568	362.032
571.19	202.793
570.413	353.185
575.916	157.033
584.412	32.5433
584.398	144.261
579.722	433.587
588.902	-2.25969
588.727	213.446
587.455	404.561
594.156	161.921
596.575	227.71
591.67	467.228
593.45	463.05
602.316	343.023
606.334	102.543
616.596	83.127
619.072	291.999
616.99	387.653
635.596	70.7732
643.82	115.635
646.37	241.445
646.37	241.445
644.879	309.095
656.497	301.351
655.12	413.916
663.974	280.132
675.686	0.00639203
675.686	0.00639203
670.858	139.525
665.909	439.256
675.358	156.241
672.747	283.667
677.541	305.445
675.225	439.376
687.416	187.684
685.626	133.647
20.5927	441.977
23.4351	432.842
23.1577	400.374
27.5398	145.516
33.1185	279.33
37.7217	270.037
46.081	91.2698
49.7246	15.9982
46.294	220.801
46.294	220.801
74.4931	270.145
78.6278	252.02
79.3187	177.926
81.7801	136.779
82.2225	297.057
82.3036	331.199
89.1149	57.9338
95.1239	105.459
96.2509	337.977
101.574	309.624
105.731	446.781
107.271	172.003
117.444	450.687
122.119	111.703
125.851	298.279
137.613	245.773
138.348	214.42
139.091	157.102
141.628	295.72
141.689	364.72
155.762	468.982
155.841	461.666
155.911	256.329
164.172	194.701
166.991	136.321
167.782	424.016
195.285	156.04
206.25	163.747
204.837	123.192
217.271	28.3158
219.272	59.3598
227.39	56.7063
239.472	181.44
236.104	237.206
233.73	405.65
233.73	405.65
242.293	450.983
257.573	294.284
273.798	135.02
267.539	361.963
269.14	444.729
268.932	378.975
284.744	61.3221
285.366	54.0222
292.391	24.7823
287.351	398.357
296.775	392.585
311.106	41.6278
303.443	270.284
309.928	243.57
413.973	228.954
413.973	228.954
440.981	67.6014
440.981	67.6014
481.969	22.8327
484.497	93.6902
481.583	388.231
488.087	257.61
488.087	257.61
502.593	112.629
495.934	367.716
497.952	345.683
506.846	336.68
515.823	74.9505
523.7	38.1387
523.7	38.1387
525.793	96.756
522.119	338.342
531.933	81.7664
546.455	117.114
541.878	394.606
552.22	148.839
555.227	350.407
552.171	456.585
556.443	401.928
560.53	362.038
571.406	154.416
571.291	202.762
574.313	200.632
584.423	32.5988
579.749	413.16
579.645	433.551
588.861	-2.26209
596.304	188.775
596.605	227.689
593.229	462.91
601.643	190.965
601.662	107.577
601.945	254.9
602.355	342.99
606.286	251.954
616.635	126.382
616.541	83.0328
619.052	291.946
617.091	387.426
635.625	70.6451
642.335	188.503
633.778	446.974
647.418	302.036
654.691	293.68
663.983	280.126
675.692	0.0655053
675.692	0.0655053
670.78	139.468
666.464	439.585
675.345	156.181
672.739	283.643
677.572	305.605
674.644	439.282
687.245	187.757
689.763	106.782
20.3937	441.866
22.878	400.689
23.402	432.912
32.969	279.242
37.6774	270.089
40.4079	371.173
46.094	91.2296
49.7677	16.0413
45.8922	161.469
46.3102	220.783
64.3754	41.675
63.5718	107.698
66.1081	117.141
78.6235	251.991
82.2697	297.092
82.3098	331.157
89.1748	58.0623
104.356	277.695
107.302	171.967
108.875	221.144
110.083	452.59
110.083	452.59
108.83	346.188
114.171	302.307
122.126	111.715
124.161	288.616
137.597	245.704
138.379	214.378
141.544	295.758
141.622	364.708
147.164	170.876
155.757	469.013
155.818	461.717
164.176	194.726
166.971	136.342
167.634	423.92
182.298	163.722
178.881	279.145
193.081	36.3087
205.945	163.998
204.97	123.182
211.287	56.3268
217.277	28.3156
227.437	56.7216
239.433	181.401
242.34	450.951
250.489	237.307
266.862	135.386
255.255	281.875
255.255	281.875
257.579	294.313
267.54	361.956
269.274	444.765
269.018	379.003
284.67	61.2112
285.294	53.9579
287.358	35.3155
287.501	398.292
296.788	392.587
303.384	270.291
315.534	41.1974
309.882	243.512
413.86	228.866
413.86	228.866
451.38	107.909
461.852	387.878
475.186	71.0076
469.27	392.835
490.146	115.111
492.773	45.299
488.155	257.878
488.155	257.878
491.221	302.119
495.662	367.932
495.662	367.932
507.579	142.661
517.353	79.6919
525.74	96.8203
522.129	338.341
527.8	25.2393
527.8	25.2393
531.917	81.7337
528.762	335.597
546.02	91.6366
547.948	179.559
551.1	410.01
555.16	350.428
555.16	350.428
558.598	388.666
571.381	154.287
571.288	202.726
582.226	216.746
584.373	32.5344
579.606	433.45
588.875	-2.22081
596.569	227.668
592.399	398.159
593.089	462.787
602.444	343.026
606.411	102.626
616.593	126.318
616.61	83.1322
617.167	283.197
617.849	387.862
625.968	282.294
626.061	304.649
635.595	70.7376
642.313	188.51
642.313	188.51
633.677	446.911
644.897	308.959
655.282	413.993
663.329	106.589
663.87	280.2
663.556	301.371
675.811	-0.078045
666.054	439.24
672.741	283.649
677.527	305.48
686.028	175.445
675.438	439.39
685.958	133.598
693.23	143.674
710.259	48.1754
15.8009	266.492
20.3488	441.914
22.9502	400.501
23.4033	432.919
32.8775	279.335
40.2843	371.083
46.0705	91.302
49.7574	16.0529
46.3087	220.776
46.3087	220.776
51.2924	354.477
64.3616	41.7938
66.1877	117.092
74.53	270.127
78.6485	252.003
79.3579	177.897
82.2363	297.098
89.1171	57.9431
95.0703	105.555
101.768	440.328
102.175	326.329
107.238	171.989
108.81	346.177
117.426	450.693
119.916	124.895
122.097	111.609
122.937	455.073
128.894	453.728
128.88	201.34
137.592	245.794
139.028	157.137
141.682	295.603
141.611	364.815
159.647	317.759
164.129	194.783
167.627	423.902
170.186	275.821
193.013	36.2789
195.321	156.027
206.085	163.834
217.302	28.289
227.398	56.6974
227.909	465.935
239.462	181.449
243.209	115.49
235.958	237.241
233.731	405.645
233.731	405.645
242.64	450.983
266.909	135.502
268.456	73.3682
255.305	281.87
255.305	281.87
257.575	294.299
269.028	378.985
269.141	444.718
285.358	54.0352
287.329	35.3319
287.417	398.278
305.336	45.4022
296.793	392.564
303.496	270.304
315.384	41.4437
309.96	243.606
315.75	346.273
413.855	228.883
413.855	228.883
436.02	47.4825
436.02	47.4825
481.891	22.7949
489.533	95.9519
490.11	115.098
482.019	388.075
488.141	257.731
488.141	257.731
491.19	302.371
495.783	367.794
495.783	367.794
507.579	142.47
506.843	336.632
524.023	90.946
525.779	96.7379
522.117	338.349
527.816	25.2253
531.049	12.4553
531.89	81.779
543.708	152.921
546.434	117.046
541.889	394.586
544.911	349.463
552.342	456.927
558.64	388.614
560.558	362.024
571.232	202.755
575.951	157.085
584.397	32.5117
584.397	32.5117
579.416	433.286
590.663	152.05
596.579	227.687
600.725	202.502
593.487	463.071
597.973	454.728
602.442	343.016
606.352	102.568
616.579	83.0758
619.073	291.977
618.073	387.915
626.262	155.375
632.73	308.232
635.634	70.7124
643.722	115.707
646.394	241.5
646.394	241.5
654.746	293.658
656.549	301.346
655.172	413.955
663.979	280.143
675.698	0.0830897
675.698	0.0830897
670.75	139.432
666.132	439.235
675.378	156.25
672.724	283.67
675.035	439.331
685.865	133.515
692.08	158.327
