15.866	266.451
20.429	441.999
23.1003	400.447
32.9692	279.272
44.9128	36.3643
44.9128	36.3643
40.4084	370.965
45.9707	91.3069
49.8034	16.0149
46.6242	140.741
46.3814	220.701
46.3814	220.701
64.1824	41.9055
60.696	130.067
78.6063	251.978
81.9867	296.993
82.4581	330.929
86.8417	315.595
92.1629	264.834
95.3666	139.058
101.084	74.2631
101.77	440.304
106.564	157.926
113.993	443.398
115.934	288.266
122.161	111.629
124.074	288.741
137.57	245.801
144.995	203.258
144.113	454.507
148.263	415.648
151.986	160.496
167.614	424.127
165.98	443.903
170.839	206.878
178.72	146.069
178.746	279.027
192.999	36.2268
192.58	74.7605
192.004	137.075
205.888	164.053
211.334	56.3505
210.403	141.003
217.159	28.2027
205.187	281.185
219.34	59.4885
232.445	128.3
259.362	129.872
255.27	281.887
276.498	183.896
267.529	361.965
269.108	378.988
269.348	444.715
269.348	444.715
278.876	128.519
285.373	54.0038
292.343	24.5964
291.75	50.4964
292.943	169.571
282.36	387.727
296.801	392.543
315.466	41.3896
310.015	243.679
414.587	230.408
414.587	230.408
435.998	47.2498
440.999	67.6326
461.651	38.7282
462.064	387.797
469.362	393.194
484.862	31.7002
490.275	115.126
492.496	103.669
488.146	257.79
488.146	257.79
483.978	387.474
506.917	336.789
517.775	89.5113
514.694	335.198
523.702	38.1133
523.702	38.1133
525.881	96.5663
535.776	80.5422
545.726	137.15
547.889	143.599
547.889	143.599
541.899	394.607
550.812	409.433
558.495	388.626
571.423	202.471
573.125	258.377
570.298	353.323
584.02	32.1668
585.067	351.649
579.166	412.24
588.729	213.384
595.325	42.8726
596.371	280.752
591.623	467.185
601.511	107.356
606.19	252.046
616.577	83.2043
616.535	126.246
617.005	310.216
617.594	386.766
619.249	406.683
627.621	163.578
628.059	145.505
625	312.597
633.519	49.8106
645.022	202.881
633.063	446.06
655.391	414.013
664.124	280.028
675.817	-0.0584146
670.721	139.472
666.725	287.096
675.482	164.068
666.32	439.469
677.616	305.496
677.616	305.496
692.012	158.244
711.112	120.502
20.4529	441.971
22.3236	399.984
27.6825	145.336
32.7301	279.248
34.0112	257.006
44.9616	36.2383
49.8198	16.0105
45.9986	161.42
46.3654	220.695
46.3654	220.695
64.2514	41.8947
60.645	130.061
63.5983	107.63
78.6029	251.969
78.5607	441.883
82.0587	296.985
89.1388	57.9661
86.8359	315.621
92.1216	264.834
101.12	74.2555
96.1088	338.141
96.1088	338.141
101.756	440.288
107.276	171.985
115.913	288.356
122.165	111.598
128.859	201.361
137	290.929
137.589	245.762
142.069	460.927
144.977	203.266
144.105	454.48
151.965	160.495
167.643	424.077
179.426	157.752
178.716	279.084
193.008	36.3039
191.761	136.928
217.208	28.1578
205.304	281.13
215.453	133.548
219.267	59.4985
232.317	128.23
236.175	55.2373
242.717	450.987
254.056	419.792
255.265	281.888
257.582	294.289
276.427	183.946
267.527	361.959
269.16	378.991
269.314	444.691
269.314	444.691
278.826	128.501
285.357	54.0065
271.596	393.459
292.455	24.6477
291.748	50.4516
282.326	387.731
303.339	270.292
315.367	41.3634
310.034	243.687
414.685	230.396
414.685	230.396
436.011	47.2824
440.961	67.4978
448.818	98.1479
448.818	98.1479
461.729	38.7381
484.687	31.4314
488.132	257.829
488.132	257.829
484.045	387.453
498.41	345.713
507.525	142.772
515.827	75.0567
514.706	335.153
523.701	38.0582
523.701	38.0582
535.784	80.5675
536.805	135.845
544.685	122.141
547.906	143.62
541.96	394.565
544.694	350.191
548.561	321.207
552.338	456.711
558.526	388.518
568.844	283.896
571.499	202.442
565.573	409.317
573.083	258.303
583.918	32.1143
579.055	412.216
591.973	235.342
595.246	42.8146
596.356	280.765
600.594	202.421
591.633	467.204
606.319	102.539
597.787	453.838
601.425	342.779
618.384	253.629
618.558	387.724
622.358	304.317
626.345	155.285
636.01	133.156
635.52	70.6736
635.52	70.6736
643.856	159.689
638.697	394.326
645.275	308.573
654.673	293.69
656.361	301.27
675.814	-0.065537
666.742	287.058
675.384	164.038
666.297	439.478
673.171	248.074
689.517	106.698
696.125	100.11
699.968	92.4126
700.627	54.0317
706.032	155.19
20.422	441.995
22.9686	400.871
27.3637	145.74
32.9254	279.259
37.5917	269.984
39.558	370.62
49.7884	16.0286
46.3666	220.744
46.3666	220.744
51.4451	354.194
64.2167	41.9281
63.432	107.736
63.2781	237.042
78.6323	251.92
78.5768	441.833
81.7661	136.684
82.0671	297.031
82.4706	330.885
89.1964	58.0514
86.8446	315.601
95.3175	155.345
95.3175	155.345
101.107	74.2764
113.984	443.361
115.907	288.375
117.482	450.639
122.219	111.683
138.109	200.982
139.062	157.134
144.422	304.533
144.114	454.517
140.236	393.3
151.956	160.537
164.152	194.715
167.533	423.968
178.901	279.052
192.982	36.2826
191.852	136.976
187.454	239.314
205.86	164.097
210.386	141.005
217.158	28.2317
205.259	281.206
219.432	59.5722
232.326	128.134
239.688	59.291
233.735	405.647
250.075	451.267
254.062	419.745
255.264	281.92
257.597	294.325
273.793	134.996
276.412	183.934
267.509	361.965
278.89	128.515
269.117	444.713
269.117	444.713
285.371	54.0122
292.344	24.6174
291.74	50.5248
282.399	387.743
289.336	410.186
303.378	270.327
315.381	41.2421
310.026	243.677
414.733	230.558
414.733	230.558
435.972	47.1818
461.803	38.7689
484.68	31.3172
490.227	115.084
492.536	103.649
492.846	45.4707
488.086	257.627
488.086	257.627
483.964	387.487
495.848	367.854
506.868	336.632
514.692	335.173
519.221	348.49
531.881	81.8381
532.526	18.5747
535.817	80.5526
541.342	132.305
535.334	395.509
544.636	122.09
550.925	409.543
552.317	456.839
568.775	3.39223
570.132	172.667
570.132	172.667
570.383	353.219
583.944	32.1292
582.195	216.689
595.245	42.8253
597.447	118.138
596.359	280.76
597.871	453.794
601.349	342.876
616.562	83.0563
616.525	126.266
618.483	253.593
612.732	439.241
617.624	386.716
622.369	304.283
626.483	155.292
621.481	454.458
632.845	308.175
635.513	70.7175
645.12	202.86
638.527	394.292
648.616	164.513
657.64	154.765
663.99	280.102
675.799	-0.0271222
664.446	270.78
670.682	139.451
675.532	164.044
680.005	143.763
677.626	305.512
677.626	305.512
710.095	48.1273
20.4334	442.005
22.3404	399.931
32.973	279.282
37.5424	269.967
45.1734	36.1735
46.0102	91.3171
49.7852	15.9921
45.9086	161.49
46.3331	220.705
46.3331	220.705
64.2849	41.897
63.4936	107.717
78.6338	251.966
78.5599	441.857
82.0135	296.978
86.8361	315.607
92.0683	264.91
101.112	74.3353
96.1287	338.105
96.1287	338.105
106.449	158.161
113.026	94.8766
113.968	443.414
115.917	288.312
122.258	111.663
128.902	201.229
131.082	243.547
135.012	308.542
137.624	245.733
138.337	214.382
144.128	454.502
147.382	445.62
167.636	424.145
179.127	146.011
179.438	157.758
192.612	74.759
191.74	136.8
205.931	164.05
211.227	56.4274
217.242	28.2646
219.182	59.3694
243.24	115.793
235.796	237.251
233.726	405.663
254.219	419.854
255.239	281.897
273.614	134.793
276.431	183.983
269.089	444.791
269.089	444.791
278.933	128.575
285.362	54.0231
292.414	24.7264
291.749	50.53
277.146	360.178
282.284	387.735
296.799	392.55
315.338	41.2696
303.429	270.344
310.024	243.681
312.419	340.162
414.77	230.656
414.77	230.656
435.981	47.2379
435.981	47.2379
451.365	107.87
469.21	392.709
482.03	22.9878
484.758	31.5177
490.186	115.094
488.106	257.738
488.106	257.738
491.244	302.545
495.717	367.96
495.717	367.96
514.22	56.6503
506.847	336.587
527.843	25.1949
527.843	25.1949
522.103	338.398
535.763	80.5496
541.529	109.081
541.574	132.211
544.708	350.136
554.973	155.629
550.684	409.152
558.577	388.613
568.853	283.913
571.512	202.468
565.545	409.34
573.095	258.341
576.648	188.333
583.984	32.1661
578.969	412.51
585.988	402.779
595.206	42.7534
596.375	280.73
600.634	202.421
591.65	467.196
597.795	453.862
601.357	342.884
616.568	83.1594
616.555	126.211
620.165	174.446
618.593	253.477
617.622	386.72
624.911	312.466
635.546	70.7534
632.836	308.198
638.445	140.043
645.05	202.908
643.978	143.747
655.357	414.059
664.092	280.033
675.807	-0.0254359
670.916	139.425
675.258	156.203
666.192	439.432
673.889	92.9065
672.725	283.642
679.905	143.794
677.597	305.443
677.597	305.443
695.917	164.815
16.0759	266.551
23.0135	400.548
27.3054	145.849
32.8999	279.293
40.371	371.104
49.8436	16.038
45.9785	91.2966
46.1339	161.279
46.3666	220.7
46.3666	220.7
64.2411	41.8911
63.5268	107.66
63.3058	236.976
78.619	251.962
81.9943	296.958
86.8742	315.573
95.3639	105.183
101.101	74.2812
101.786	440.289
107.32	171.975
108.828	346.125
113.981	443.422
122.156	111.529
124.865	447.551
128.869	201.338
131.069	243.514
134.859	308.714
134.859	308.714
139.093	157.103
142.036	460.978
145.076	203.239
140.224	393.305
156.328	183.285
167.492	424.044
178.807	279.048
192.99	36.3054
191.924	137.035
204.95	123.264
211.294	56.3643
210.389	141.001
217.209	28.2203
205.175	281.132
232.236	128.15
227.926	466.017
239.63	59.2753
233.727	405.644
242.198	450.933
254.264	419.884
255.206	281.909
276.452	183.985
267.535	361.961
269.021	444.735
269.021	444.735
278.886	128.556
285.325	53.9809
292.415	24.5467
291.768	50.445
292.92	169.681
282.326	387.704
296.796	392.558
315.414	41.2507
303.404	270.305
310.078	243.756
312.437	339.987
414.653	230.548
414.653	230.548
435.992	47.2399
435.992	47.2399
461.661	38.6087
484.736	31.4563
490.273	114.993
492.742	128.287
488.112	257.706
488.112	257.706
491.221	302.214
495.926	367.775
495.926	367.775
509.246	73.4586
506.865	336.618
514.675	335.178
519.122	348.548
527.838	25.2299
527.838	25.2299
535.294	395.588
543.613	152.812
546.004	91.5862
545.73	137.145
545.73	137.145
554.878	155.616
571.483	202.436
565.738	409.517
573.105	258.311
570.319	353.231
584.027	32.1117
585.543	351.196
591.883	235.353
595.266	42.8083
596.362	280.763
600.537	202.42
601.482	107.417
597.603	453.902
618.447	253.604
617.584	386.66
619.639	406.448
628.105	145.485
624.982	312.635
633.542	49.8643
635.954	133.192
635.535	70.6897
632.827	308.179
643.689	159.697
633.091	446.076
638.596	394.335
654.667	293.674
656.793	301.324
655.417	413.931
667.729	174.921
675.818	-0.0960478
670.763	139.446
675.262	156.232
674.422	92.9171
673.151	248.001
672.74	283.671
685.7	133.6
699.984	92.4734
