20.5691	441.932
23.1732	400.428
32.8562	279.315
33.1051	138.766
37.8206	270.145
45.9879	91.2381
49.8012	16.1512
46.2794	220.835
64.3019	41.8377
66.3891	117.014
66.3891	117.014
78.5448	252.131
78.559	441.846
82.0369	296.903
89.1568	58.0362
86.7671	315.525
92.112	264.807
95.3899	155.214
96.2131	338.02
96.2131	338.02
101.854	440.064
107.357	171.96
108.821	221.194
119.833	124.991
129.892	141.533
134.867	308.798
138.844	171.278
137.604	245.902
138.361	214.373
142.114	460.82
144.402	304.459
140.154	393.274
141.749	364.61
150.719	433.24
166.647	136.368
170.789	206.96
178.872	279.019
193.225	36.0695
204.672	123.373
211.192	56.3344
210.489	141.084
210.489	141.084
217.023	28.2192
232.411	128.426
242.379	63.4286
235.868	237.211
242.937	450.902
257.659	294.335
257.659	294.335
267.556	361.958
269.583	444.831
271.744	393.341
284.611	61.1704
287.326	35.3138
291.856	50.3251
282.251	387.751
297.759	7.95888
287.374	374.224
303.41	270.361
413.825	234.463
435.959	47.1439
435.959	47.1439
462.224	387.785
490.305	115.05
492.418	103.267
488.094	257.593
488.094	257.593
483.849	387.563
491.195	302.281
515.372	59.6972
520.478	83.7417
514.676	335.353
523.798	38.0504
523.798	38.0504
522.863	398.398
545.764	137.054
548.506	124.438
548.822	158.878
544.886	349.471
548.477	321.115
552.347	456.918
571.494	202.657
573.151	258.378
570.428	353.081
567.167	397.572
576.633	188.449
583.801	31.9215
588.659	238.871
596.384	280.658
600.59	202.502
601.717	190.971
604.765	258.043
601.396	342.778
600.723	420.299
616.511	83.0799
617.995	386.822
622.494	304.374
632.795	308.158
637.093	153.96
632.653	445.853
643.111	116.695
643.111	116.695
642.809	81.2878
638.66	394.378
655.598	414.046
664.066	280.024
675.737	0.000320304
666.943	286.963
666.472	439.413
679.657	143.908
680.7	119.565
680.7	119.565
677.487	305.433
677.487	305.433
685.976	154.542
699.974	92.441
20.5093	441.869
22.3038	400.007
32.8373	279.286
37.8117	270.085
39.5426	370.281
45.9948	91.2199
49.8586	16.1335
46.3509	220.786
51.4178	354.356
64.3546	41.797
63.2661	237.051
66.3212	117.023
66.3212	117.023
78.587	441.816
89.1467	57.949
86.8249	315.546
86.8249	315.546
92.09	264.934
95.2876	155.375
96.1255	338.068
101.852	440.129
107.332	171.983
108.902	221.055
119.811	125.02
129.888	141.493
141.724	295.518
144.429	304.529
146.307	214.204
146.307	214.204
140.244	393.321
141.823	364.536
150.879	433.01
152.291	456.875
164.515	279.712
179.412	157.794
178.941	279.013
193.305	36.0197
192.089	137.283
204.732	123.351
211.202	56.3259
210.482	141.084
217.189	28.1985
204.851	281.164
219.479	59.5256
227.876	465.959
239.537	181.368
243.161	115.653
235.794	237.166
241.164	330.867
244.735	324.753
273.687	134.913
269.35	444.788
271.696	393.352
284.526	61.0923
271.78	435.53
287.316	35.3066
291.852	50.4243
282.231	387.784
297.993	8.54772
287.382	374.232
303.422	270.344
312.38	340.119
440.987	67.6229
462.214	387.794
475.221	71.0623
490.286	115.161
488.162	257.767
488.162	257.767
491.271	301.99
502.618	112.722
498.478	346.007
517.463	79.5493
517.463	79.5493
514.681	335.3
522.897	398.377
542.506	147.168
544.686	122.187
546.406	117.053
544.672	350.191
548.49	321.176
552.343	457.045
562.758	352.178
571.491	202.627
573.115	258.309
567.219	397.564
574.899	163.433
578.591	11.1411
578.591	11.1411
572.155	451.885
583.827	31.9053
584.43	144.294
588.577	238.789
589.951	445.603
601.434	342.743
600.805	420.298
619.606	202.437
619.831	74.9584
619.831	74.9584
618.509	253.547
618.509	253.547
623.416	94.6953
623.416	94.6953
618.097	386.876
625.106	312.712
632.838	308.223
637.014	153.932
638.789	394.422
654.843	293.695
655.457	414.075
663.903	280.093
675.816	-0.0251723
666.922	286.989
666.616	439.357
678.571	127.085
680.991	119.558
686.125	175.397
677.84	305.75
699.902	92.4336
705.852	155.195
710.488	48.171
20.5143	441.93
32.5568	279.241
37.801	270.099
40.2311	371.183
45.9376	91.2069
49.8911	16.096
46.1606	161.175
46.3058	220.797
46.3058	220.797
50.8027	270.034
64.2772	41.8629
66.2045	116.996
66.2045	116.996
78.5522	252.068
82.0763	296.919
86.7778	315.561
97.0978	87.701
95.369	155.261
96.1525	338.043
101.821	440.122
105.784	446.747
119.783	124.991
127.98	188.752
128.501	157.617
128.849	201.369
132.964	129.44
134.937	308.723
141.713	295.59
141.836	447.397
144.149	454.473
140.283	393.321
141.78	364.443
164.525	279.656
179.403	157.793
178.922	279.046
193.259	36.1577
204.721	123.436
206.015	163.984
211.266	56.2615
210.557	141.264
219.324	59.4827
224.282	93.0494
255.3	282.009
257.642	294.297
257.642	294.297
267.567	361.958
270.035	444.771
271.737	393.265
285.425	54.0576
271.78	435.539
287.39	35.3198
291.858	50.3505
282.193	387.781
297.973	8.53395
287.34	374.207
303.414	270.346
414.28	231.74
414.28	231.74
462.203	387.81
489.687	96.0635
490.381	115.051
492.88	45.4025
488.155	257.853
488.155	257.853
491.295	302.224
498.413	346.022
515.372	59.6955
523.783	38.0572
528.489	100.617
522.63	398.431
538.151	85.472
548.462	124.43
544.673	350.191
548.527	321.204
553.984	305.393
552.329	457.134
562.691	352.231
568.957	3.4076
570.052	172.682
571.469	202.702
573.14	258.374
567.059	397.318
574.873	163.401
579.502	153.455
572.047	451.817
583.818	31.9218
588.621	238.823
592.362	177.321
589.918	445.623
600.466	202.472
601.292	342.769
600.754	420.332
616.991	310.36
618.462	253.576
618.462	253.576
623.417	94.6976
623.417	94.6976
618.086	386.895
625.09	312.694
633.482	49.7784
635.733	70.5925
635.014	392.89
664.428	143.356
655.662	414.122
663.884	280.145
675.758	0.018198
666.828	287.032
666.564	439.315
678.712	127.207
679.71	143.902
677.516	305.433
677.516	305.433
700.022	92.4942
706.345	115.541
710.244	48.2197
16.0379	266.511
20.5479	441.932
23.1348	400.536
27.6125	145.372
33.1393	138.739
37.8291	270.131
39.5236	370.155
49.8001	16.1331
46.2897	220.848
46.2897	220.848
64.3514	41.848
63.235	237.102
66.2392	117.036
66.2392	117.036
89.1442	57.9488
86.7967	315.588
86.7967	315.588
92.1324	264.813
97.0773	87.6541
95.398	155.166
96.1375	338.079
101.852	440.127
107.312	171.996
108.884	346.115
113.986	443.393
115.927	288.362
119.829	124.997
123.294	228.44
129.883	141.501
137.656	245.719
138.36	214.352
142.215	417.859
144.424	304.578
144.165	454.457
147.301	170.623
140.283	393.205
141.739	364.541
150.902	433.051
166.625	136.391
178.913	279.021
204.818	123.437
206.073	163.881
217.049	28.2171
219.352	59.4458
236.195	55.1982
227.922	465.915
227.922	465.915
239.539	181.417
235.836	237.161
241.347	330.788
265.878	99.2083
255.343	281.987
257.618	294.29
267.559	361.959
269.223	444.783
269.223	444.783
284.583	61.1562
287.384	35.3468
274.437	396.422
291.879	50.3979
282.262	387.78
287.365	374.229
303.332	270.321
315.483	41.4936
309.7	243.176
414.421	230.999
440.966	67.4723
440.966	67.4723
462.206	387.798
484.34	93.4269
484.792	31.6015
490.329	115.01
488.147	257.818
488.147	257.818
483.889	387.541
499.3	304.24
499.3	304.24
506.859	336.668
515.401	59.6445
517.861	89.3491
527.877	25.1639
528.6	100.588
535.348	322.926
548.537	124.449
542.036	394.498
544.647	350.218
569.009	3.4577
570.062	172.658
570.062	172.658
571.475	202.66
573.123	258.349
570.415	353.16
567.113	397.451
572.068	451.687
572.068	451.687
583.788	31.898
588.548	238.748
590.498	222.011
594.854	123.711
597.533	118.147
596.422	280.56
604.642	258.117
600.75	420.262
616.492	83.0872
618.069	386.868
625.078	312.649
633.46	49.8312
632.81	308.13
643.489	143.749
638.613	394.391
648.255	170.736
654.777	293.697
656.498	301.386
655.655	413.959
664.043	280.054
675.738	0.00436589
666.944	286.978
666.477	439.397
678.603	127.069
679.654	143.887
686.122	154.584
699.81	92.4547
710.24	48.167
711.275	120.52
20.5996	441.9
22.1708	400.123
32.9778	279.293
37.8566	270.139
46.0406	91.1843
49.8375	16.1009
45.9148	161.478
46.2708	220.834
64.3123	41.8707
63.2574	237.036
66.3518	117.018
66.3518	117.018
78.5803	441.891
82.4219	330.999
82.4219	330.999
86.8504	315.59
86.8504	315.59
92.1386	264.767
92.9662	194.081
97.1079	87.6991
105.757	446.755
107.303	171.986
119.806	125.035
123.253	228.431
129.881	141.528
138.364	214.264
138.513	457.121
141.695	295.574
142.435	417.787
144.452	304.458
140.212	393.312
141.755	364.623
149.99	450.956
156.437	183.221
164.491	279.727
178.801	279.037
193.198	36.1423
191.971	137.117
204.769	123.331
211.417	56.3661
210.536	141.203
210.536	141.203
217.104	28.2118
206.499	436.168
226.099	65.0702
233.744	405.601
233.744	405.601
241.351	330.736
257.626	294.284
273.706	134.881
264.654	465.845
269.494	444.729
271.643	393.356
285.276	53.9646
287.339	35.3285
291.888	50.3903
282.285	387.763
287.371	374.232
315.051	41.632
303.433	270.347
309.873	243.398
312.397	340.148
414.481	230.248
436.024	47.4345
462.2	387.814
481.917	22.6669
484.344	93.4129
492.43	103.354
488.165	257.886
488.165	257.886
500.671	61.1553
499.262	304.106
499.262	304.106
498.523	345.995
507.521	142.873
514.293	56.5963
514.695	335.346
528.486	100.632
522.7	398.379
536.831	135.764
538.116	85.5783
548.497	321.189
552.363	456.913
558.651	388.544
568.85	3.37445
571.475	202.661
573.143	258.368
570.38	353.116
567.066	397.374
574.377	200.718
578.613	11.1168
576.603	188.467
572.131	451.725
583.814	31.9003
583.177	274.551
590.511	222.034
594.989	123.807
590.014	445.661
596.37	280.612
600.544	202.525
601.594	190.997
600.696	420.276
616.564	126.204
616.468	83.0465
618.189	386.897
622.55	304.347
625.092	312.697
643.445	143.791
642.909	81.3946
638.655	394.386
664.373	143.396
655.59	414.053
664.028	280.043
675.685	0.0808178
666.845	287.03
666.544	439.378
678.632	127.19
677.531	305.438
677.531	305.438
686.091	154.538
700.272	92.4563
706.32	115.522
