15.7049	266.52
20.5299	442.023
23.0804	400.287
33.0678	279.321
40.354	370.921
41.7705	445.634
46.0524	91.2192
49.6382	15.8264
46.3722	220.686
63.2757	237.157
66.4097	117.043
79.5488	177.567
82.1553	297.041
89.2185	58.0689
97.1894	87.6253
96.203	338.03
96.203	338.03
104.36	277.645
105.768	446.796
113.049	94.6902
113.968	443.52
115.881	288.392
118.664	172.374
121.449	210.829
124.955	447.623
133.152	129.518
135.02	308.448
137.702	245.722
138.433	214.367
141.639	295.633
146.995	459.876
151.929	160.348
164.232	150.787
166.722	136.364
170.752	206.95
204.36	106.958
217.235	28.2036
232.327	128.247
227.922	465.955
235.924	237.222
244.666	324.638
267.537	361.943
269.343	444.724
271.611	393.366
284.562	61.0775
285.311	53.9802
291.563	50.9667
282.34	387.697
297.551	7.38755
297.551	7.38755
287.378	398.279
303.422	270.303
315.735	346.483
315.289	354.606
413.734	227.23
451.348	107.869
456.429	25.6372
455.465	124.311
462.289	387.818
481.996	22.8908
492.757	45.4464
488.111	257.718
499.18	303.846
507.545	142.938
509.284	73.3989
506.951	336.917
517.792	89.4021
514.759	335.674
520.481	83.7011
522.195	338.576
527.348	354.03
535.419	395.545
541.569	132.199
538.223	316.019
546.399	117.062
548.591	158.582
552.323	456.729
558.515	388.614
568.774	284.007
571.45	202.676
573.097	258.044
574.2	200.329
578.988	11.6333
578.988	11.6333
571.897	450.982
584.354	144.139
591.889	235.344
594.628	172.507
595.24	42.6603
589.896	445.642
596.394	280.652
600.695	202.529
601.258	184.27
600.818	420.425
613.658	89.8931
619.628	74.8471
621.718	122.506
623.307	94.5352
619.389	388.142
624.936	312.562
626.069	247.808
621.52	454.446
632.802	308.197
656.669	301.261
663.917	280.154
666.92	286.956
673.715	92.9987
677.577	305.477
691.616	158.262
691.616	158.262
697.457	118.534
699.583	53.975
718.498	107.961
16.0506	266.52
20.4022	442.015
23.1168	400.33
33.0436	279.322
40.2976	371.316
41.6422	445.66
45.9927	91.2702
49.5983	15.7932
46.1664	161.069
46.4438	220.618
51.2601	354.691
63.2645	237.114
66.3466	117.015
78.4309	64.3714
79.5992	177.56
82.1887	297.09
97.1791	87.5891
102.022	326.314
104.371	277.619
105.751	446.806
105.751	446.806
108.812	346.26
122.319	111.784
121.438	210.788
133.235	129.656
134.984	308.507
137.715	245.752
141.632	295.703
145.115	203.136
141.871	364.488
147.455	445.689
148.328	415.747
149.908	451.096
166.743	136.379
167.933	424.939
179.098	146.01
183.994	154.269
178.965	279.199
185.289	235.859
204.411	106.987
206.025	164.048
211.203	56.4336
217.109	28.257
232.302	128.226
235.92	237.212
244.789	324.658
242.655	450.96
257.63	294.279
267.539	361.944
276.627	183.78
269.733	444.793
271.588	393.369
284.646	61.2064
291.527	50.9617
282.451	436.859
282.323	387.689
297.703	7.65076
297.703	7.65076
287.441	398.27
303.511	270.309
315.301	354.524
315.699	346.449
413.8	227.367
462.275	387.826
469.39	393.216
482.006	22.8125
484.678	31.3425
492.307	102.981
492.887	45.6311
487.648	374.724
487.648	374.724
503.651	134.52
499.164	303.861
507.579	142.871
506.96	336.875
512.836	68.287
514.736	335.731
520.448	83.7175
536.515	121.099
536.785	135.816
538.044	85.543
535.389	395.521
538.251	315.985
544.602	350.322
555.232	155.493
552.357	456.843
558.607	388.632
561.034	376.818
568.672	3.1808
568.789	283.991
571.446	202.703
573.097	258.065
579.12	11.6061
571.964	451.062
580.138	209.618
584.336	144.153
595.262	42.7035
590.037	445.613
596.399	280.629
601.357	184.258
614.803	131.978
614.803	131.978
612.698	422.312
618.489	253.515
619.619	74.8301
618.954	291.854
619.317	388.115
626.345	63.2267
634.313	240.473
634.313	240.473
633.996	298.91
632.871	445.937
643.7	143.711
663.691	106.53
664.029	280.074
667.009	286.908
677.606	305.565
677.606	305.565
687.715	187.381
699.79	132.267
706.315	155.151
20.458	442.06
23.0378	400.258
32.9484	279.352
37.7025	270.171
40.4861	371.184
41.6911	445.571
45.3572	74.3452
46.1164	91.1761
49.62	15.821
46.1207	161.071
46.3635	220.695
51.1734	354.62
63.2747	237.17
63.2747	237.17
66.5039	116.998
82.0738	297.038
89.153	57.9518
97.1884	87.6216
105.766	446.805
105.766	446.805
108.851	346.124
115.898	288.34
119.883	124.92
119.11	187.133
121.457	210.805
133.181	129.603
134.942	308.575
137.681	245.741
138.398	214.461
141.688	295.646
146.963	226.034
148.296	415.788
151.925	160.431
152.166	457.011
155.808	469.218
166.864	136.392
168.032	424.958
183.978	154.233
178.908	279.183
204.292	106.91
205.89	164.129
211.32	56.3453
217.014	28.1771
219.282	59.4748
224.502	93.093
235.917	237.209
244.748	324.716
257.612	294.318
267.525	361.934
269.182	444.68
271.627	393.356
274.539	396.379
291.563	50.9793
282.483	436.754
297.629	7.57305
287.488	398.221
311.014	41.3965
315.297	354.556
413.747	227.179
436.065	47.5492
436.065	47.5492
462.281	387.814
469.511	393.301
481.848	22.5364
484.887	31.6497
488.112	257.799
488.112	257.799
492.61	128.261
492.61	128.261
492.839	45.5968
499.185	303.908
507.551	142.749
503.9	361.568
506.949	336.824
512.836	68.327
517.755	89.3908
520.533	83.7585
522.869	398.374
527.329	353.99
536.779	135.765
535.464	322.984
538.297	315.972
552.676	136.004
555.115	350.411
552.382	456.761
558.573	388.56
568.784	283.992
571.416	202.677
573.095	258.081
574.813	163.324
579.127	11.5984
579.127	11.5984
571.949	451.007
580.136	209.61
584.331	144.165
591.864	235.355
595.292	42.7081
590.019	445.752
596.402	280.621
600.742	202.547
611.252	136.966
612.589	422.343
618.337	253.62
619.639	74.7987
621.739	122.534
620.227	388.68
626.301	63.175
625.739	304.939
632.881	445.955
643.182	158.373
643.182	158.373
645.298	308.45
663.939	280.13
666.743	287.102
678.641	127.071
677.6	305.516
677.6	305.516
691.535	158.234
691.535	158.234
696.228	100.102
20.4509	442.089
23.0928	400.329
32.8416	279.292
37.7949	270.205
40.3918	371.169
41.5749	445.657
46.0643	91.2667
49.6176	15.8203
46.0015	161.243
51.3469	354.447
61.1571	440.47
66.4254	117.011
78.4115	64.4261
74.5905	270.164
95.1908	155.576
97.2121	87.6017
104.354	277.679
105.748	446.874
108.788	346.331
115.918	288.358
115.918	288.358
117.713	222.017
119.851	124.977
121.34	210.824
124.921	447.709
128.529	157.562
133.141	129.471
136.919	291.148
138.003	201.165
138.003	201.165
137.653	245.754
141.699	295.657
155.835	469.164
166.849	136.435
168.064	425.004
179.044	279.196
195.409	156.091
204.39	106.967
206.01	164.003
205.039	123.32
211.285	56.3432
210.327	140.987
217.137	28.1888
235.851	237.241
233.724	405.682
257.611	294.291
267.531	361.939
269.506	444.772
271.784	435.555
285.333	53.9951
291.54	50.9586
282.312	387.687
297.692	7.64175
297.692	7.64175
287.389	398.237
303.485	270.304
315.713	346.473
315.263	354.586
413.883	227.372
455.428	124.263
455.428	124.263
462.287	387.816
469.454	393.153
481.951	22.704
488.096	257.691
488.096	257.691
492.757	45.4908
499.201	303.984
507.503	142.948
506.942	336.821
512.863	68.2675
517.767	89.4276
514.774	335.685
520.492	83.7172
523.032	398.338
535.437	395.508
538.27	315.984
544.642	122.183
548.444	124.365
548.614	158.63
556.453	142.394
555.127	350.41
555.127	350.41
552.311	456.571
568.675	3.24705
568.803	283.961
571.417	202.722
573.092	258.045
574.151	200.368
578.984	11.6381
571.917	451.027
591.945	235.344
594.747	172.657
594.928	123.754
595.219	42.6639
589.934	445.679
596.408	280.637
600.686	202.514
601.815	190.791
613.701	89.9425
618.5	253.519
619.606	74.8413
619.367	388.158
632.736	308.207
638.764	139.905
632.919	446.039
637.436	393.831
645.202	308.446
663.448	106.624
663.984	280.1
666.816	287.049
666.227	439.247
675.458	164.041
675.291	156.205
677.569	305.53
677.569	305.53
710.942	120.53
710.536	48.1591
15.5417	266.494
20.4349	442.133
22.9793	400.433
32.768	279.306
40.3023	370.978
41.6853	445.612
46.0337	91.2741
49.6643	15.8223
46.0752	161.189
46.3474	220.722
51.5451	354.245
60.9374	130.249
63.2317	237.202
63.2317	237.202
66.4694	116.97
78.4258	64.3693
79.5696	177.586
82.0874	297.025
89.2022	58.074
105.751	446.859
108.814	346.225
113.968	443.503
115.945	288.321
121.388	210.813
133.129	129.47
134.972	308.587
137.635	245.769
141.626	295.691
145.118	203.17
141.835	364.625
148.329	415.734
151.954	160.414
152.182	457.013
163.328	464.224
166.789	136.395
170.779	206.942
182.58	163.489
179.055	279.15
204.319	106.931
206.065	164.003
205.071	123.412
219.492	59.5274
227.953	465.916
235.785	237.255
244.749	324.739
256.549	144.71
257.605	294.312
267.533	361.936
269.274	444.816
285.361	54.0131
291.542	50.9673
282.355	387.679
297.579	7.43183
297.579	7.43183
287.421	398.277
303.424	270.297
315.703	346.555
315.464	354.441
413.839	227.268
451.347	107.88
456.321	25.5881
462.27	387.842
481.991	22.8836
488.085	257.709
488.085	257.709
492.798	45.4738
483.063	387.924
491.103	302.131
503.67	134.512
499.164	303.813
502.601	362.541
502.601	362.541
512.873	68.3235
514.779	335.654
520.471	83.7139
525.776	96.8391
522.895	398.37
536.422	121.145
538.055	85.528
535.294	395.505
538.231	316.01
548.591	158.627
555.079	350.436
555.079	350.436
552.468	456.924
568.601	3.23448
568.799	283.983
571.458	202.666
573.086	258.04
579.166	11.5797
571.942	451.034
580.173	209.656
584.331	144.133
595.245	42.6666
589.743	445.635
590.716	446.096
596.391	280.647
600.656	202.55
601.673	190.907
609.362	144.779
613.73	89.941
619.492	202.44
612.528	422.205
617.078	310.17
618.348	253.62
623.364	94.5493
623.364	94.5493
619.491	388.295
626.437	63.2615
632.818	308.198
664.267	143.349
663.539	106.554
664.072	280.029
675.838	-0.0870569
675.838	-0.0870569
666.854	287.022
673.998	92.9894
673.998	92.9894
677.597	305.521
677.597	305.521
687.639	187.462
695.983	100.007
