20.4936	442
23.3828	432.964
23.1118	400.274
32.8249	279.338
37.7311	270.191
40.4187	371.28
49.7976	15.9662
46.1836	161.122
46.3377	220.673
46.3377	220.673
51.3192	354.421
64.2918	41.7618
63.6022	107.657
66.288	116.999
74.6389	270.211
78.679	251.872
79.3965	177.766
82.2546	297.068
89.1418	57.9828
97.1884	87.63
99.3797	289.722
105.716	446.778
108.876	346.102
113.981	443.487
119.882	124.997
122.321	111.564
124.92	447.654
129.97	141.429
134.985	308.57
138.402	214.381
141.687	295.555
144.163	454.528
164.252	150.818
170.809	206.942
169.9	276.222
178.692	279.087
193.099	36.2551
205.006	123.34
211.234	56.3705
217.154	28.2566
205.356	281.118
219.327	59.5049
239.504	181.564
243.2	115.552
235.794	237.243
244.788	324.748
242.937	450.914
255.35	281.787
257.655	294.25
261.387	361.387
260.501	419.074
269.631	444.773
271.547	393.362
285.319	53.9842
284.592	61.0998
292.476	24.844
287.422	398.268
312.378	340.082
315.238	354.529
414.571	230.069
435.994	47.3294
435.994	47.3294
489.562	95.8997
481.66	388.397
491.084	302.244
502.785	112.803
495.801	368.101
499.264	304.113
498.993	346.021
507.597	142.835
517.343	79.7396
517.343	79.7396
522.193	338.635
522.849	398.261
535.345	395.591
544.649	122.152
546.346	116.956
544.975	349.322
553.34	313.663
555.183	350.459
568.842	3.39773
571.438	202.619
572.452	256.191
574.904	163.377
575.852	156.972
578.42	11.1055
572.261	451.7
572.261	451.7
584.265	32.3877
584.265	32.3877
585.757	263.959
592.351	177.503
589.955	445.784
600.74	202.535
600.841	420.427
616.533	126.264
616.543	83.0677
616.926	310.368
619.153	292.131
619.398	388.037
627.365	163.614
626.181	247.737
635.643	70.7406
638.36	140.041
645.084	202.886
638.849	394.614
655.561	414.079
664.29	143.462
663.284	106.599
663.284	106.599
664.008	280.094
663.602	301.403
664.427	270.759
675.755	-0.0315294
675.755	-0.0315294
666.452	439.529
677.515	305.361
686.389	175.369
700.299	92.488
710.514	48.186
15.8746	266.509
20.4898	441.961
23.0522	400.566
27.3549	145.967
37.612	270.123
46.0657	91.2659
49.9516	16.128
46.3514	220.704
64.4003	41.8538
63.5834	107.659
78.6388	251.978
82.1206	297.008
86.8849	315.619
92.0947	264.87
96.2648	337.869
100.979	74.2027
101.791	440.244
106.62	157.934
107.249	171.953
108.753	221.381
108.944	345.946
113.159	94.7646
113.935	443.543
115.923	288.261
122.278	111.685
124.914	447.686
138.388	214.366
141.675	295.599
144.152	454.533
140.479	393.201
148.285	415.763
166.58	136.408
193.293	36.2021
193.293	36.2021
185.144	235.998
185.27	270.406
187.442	239.307
195.252	156.015
195.252	156.015
204.93	123.231
211.403	56.3581
210.335	140.904
210.335	140.904
217.107	28.1989
219.318	59.4385
243.283	115.48
228.308	403.071
235.893	237.228
254.036	419.905
255.289	281.83
257.641	294.279
273.784	135.025
269.435	444.748
284.63	61.1899
287.342	35.3186
291.938	50.323
282.284	387.761
287.45	398.227
310.94	41.1756
315.256	354.629
415.422	231.541
436.062	47.404
436.062	47.404
451.433	108.134
462.291	387.916
462.291	387.916
482.077	23.0726
482.031	388.244
488.132	257.894
488.132	257.894
484.111	387.528
502.643	112.68
507.538	142.835
509.889	64.1281
517.508	79.5435
525.864	96.6789
522.187	338.63
527.873	25.031
544.661	122.182
553.972	305.372
552.328	456.917
558.551	388.712
568.805	3.43051
568.814	284.007
571.377	202.701
570.437	353.183
567.235	397.547
574.322	200.563
576.656	188.491
584.387	32.4768
588.782	-2.28822
594.013	161.92
596.409	280.708
598.793	236.979
602.774	343.209
607.224	192.791
600.821	420.429
616.532	83.0689
612.582	422.474
616.538	472.56
626.156	304.625
638.621	139.908
632.928	445.886
643.062	81.4629
643.622	115.514
643.484	272.703
644.928	309.006
654.05	160.335
657.965	154.774
656.429	301.219
656.429	301.219
655.575	414.086
663.974	280.112
675.773	-0.0338788
672.695	283.658
686.141	154.609
685.706	133.585
689.407	106.714
699.654	54.015
710.31	48.193
15.8132	266.489
20.5503	441.957
23.0425	400.567
27.8859	202.375
37.6944	270.138
40.2703	371.03
46.16	91.1896
49.9295	16.163
64.4575	41.8378
63.5315	107.732
78.5862	441.814
86.9014	315.581
86.9014	315.581
92.0522	264.928
92.0522	264.928
93.0321	194.005
95.2958	155.291
101.04	74.2732
101.816	440.274
106.648	157.859
108.86	346.058
113.097	94.788
122.182	111.542
136.962	291.041
137.575	245.891
139.161	157.078
141.735	295.541
142.642	417.564
140.381	393.158
147.029	226.029
149.951	451.006
152.224	456.908
166.699	136.358
170.828	206.882
178.818	279.056
193.431	36.0003
195.234	156.028
204.882	123.177
211.223	56.3888
210.395	140.969
210.395	140.969
217.209	28.223
205.306	281.187
219.323	59.4395
232.259	128.076
227.9	465.969
235.953	237.191
242.351	450.957
253.953	419.935
255.202	281.92
285.458	54.0665
287.379	35.354
291.976	50.2821
282.182	387.782
296.771	392.431
315.492	41.4401
315.273	354.617
415.433	231.654
436.017	47.2373
482.021	22.8664
484.431	93.556
490.326	115.096
488.099	257.715
488.099	257.715
500.789	61.27
496.096	367.85
496.096	367.85
499.233	303.949
499.233	303.949
502.362	362.737
514.786	335.667
524.027	90.9598
527.879	25.0279
527.879	25.0279
522.807	398.284
538.082	85.6221
544.675	122.213
542.067	394.712
552.687	135.97
553.965	305.36
552.363	456.909
563.463	168.739
568.798	284.026
570.112	172.652
571.36	202.737
570.254	353.442
579.627	153.537
579.627	153.537
584.474	32.5324
588.667	-2.35624
588.77	213.403
601.432	191.104
595.772	432.98
595.772	432.98
602.619	343.195
616.558	83.112
616.972	310.371
619.084	292.039
619.524	459.976
626.119	247.817
621.803	454.336
638.544	140.028
638.544	140.028
642.865	81.3643
643.508	272.718
654.811	293.633
656.58	301.37
655.586	414.146
667.41	174.923
664.024	280.092
675.76	0.0472156
670.927	139.472
670.869	132.685
675.36	156.261
672.7	283.635
700.155	54.0465
15.8901	266.545
20.5011	441.93
23.2272	400.582
27.7886	145.262
28.6026	181.742
37.7305	270.153
40.3575	371.057
49.84	16.1152
46.4115	220.642
46.4115	220.642
61.0371	130.251
78.5918	441.816
86.9097	315.598
86.9097	315.598
92.1235	264.828
92.1235	264.828
97.2047	87.5818
101.025	74.3004
106.613	157.972
107.29	172.005
108.851	346.083
113.183	94.823
113.955	443.531
122.258	111.637
128.862	201.274
134.862	308.718
134.862	308.718
137.652	245.744
142.667	417.633
144.125	454.533
140.318	393.16
151.952	160.441
163.332	464.222
166.577	136.459
179.425	157.742
178.709	279.059
193.391	36.0264
193.391	36.0264
185.305	235.812
204.664	123.256
206.285	163.712
211.173	56.396
217.098	28.2651
227.631	57.1255
239.463	181.464
243.335	115.537
235.896	237.212
244.806	324.693
254.028	419.918
255.353	281.816
255.353	281.816
257.638	294.328
273.777	135.124
284.671	61.2147
287.364	35.3447
274.642	396.307
291.924	50.295
296.797	392.293
315.454	41.4971
312.389	340.043
315.225	354.551
415.262	231.292
440.932	67.458
448.828	98.2366
448.828	98.2366
462.32	387.902
462.32	387.902
481.911	22.6501
492.927	45.4879
484.105	387.55
499.183	303.832
499.183	303.832
506.921	336.878
527.862	25.0553
522.925	398.318
535.785	80.5818
538.101	85.5617
534.026	387.54
543.608	152.769
545.836	137.158
545.836	137.158
553.949	305.399
552.39	456.826
568.985	3.50217
568.818	283.993
571.381	202.691
570.367	353.267
567.303	397.74
573.004	258.28
574.306	200.552
576.709	188.491
579.599	153.506
579.599	153.506
580.858	209.889
584.342	32.4292
588.564	-2.36982
591.702	467.236
600.83	420.487
616.583	126.322
612.761	422.628
616.93	310.384
619.117	292.063
619.593	459.971
626.173	247.77
635.555	70.6176
635.555	70.6176
645.27	202.875
643.594	115.513
643.527	272.688
654.707	293.673
655.558	414.166
663.961	280.133
675.26	156.228
672.699	283.623
677.834	305.96
685.497	175.427
685.558	133.614
699.618	132.351
700.337	54.0478
710.463	48.1695
20.5854	441.932
23.1428	400.466
27.7703	145.298
27.9534	202.294
33.3332	279.34
37.7394	270.155
40.4683	370.974
46.0304	91.2768
49.9594	16.1341
46.1593	161.073
46.375	220.668
64.4272	41.8353
78.6272	441.789
78.6708	251.909
81.7055	136.723
82.2667	297.015
86.9451	315.583
92.1081	264.848
96.1582	338.041
101.015	74.2806
101.83	440.202
106.558	157.984
108.853	221.237
113.117	94.7404
115.911	288.324
122.32	111.725
124.917	447.697
137.567	245.857
138.393	214.342
142.762	417.622
144.14	454.538
144.384	304.565
140.47	393.204
166.63	136.505
170.819	206.909
178.78	279.077
193.299	36.069
193.299	36.069
195.28	156.036
195.28	156.036
206.15	163.779
204.913	123.185
211.248	56.4034
217.291	28.2831
219.219	59.4088
232.312	128.41
239.441	181.438
235.859	237.212
253.969	419.818
255.258	281.883
255.258	281.883
285.349	54.0059
287.354	35.3304
292.429	24.7373
291.935	50.3138
287.296	398.233
296.756	392.441
303.441	270.33
415.412	231.415
435.993	47.1645
435.993	47.1645
462.32	387.904
462.32	387.904
482.034	22.9607
490.351	115.045
488.133	257.847
488.133	257.847
502.642	112.662
496.089	367.883
496.089	367.883
506.421	299.252
514.258	56.6212
527.883	25.0213
522.775	398.299
531.923	81.8404
541.354	132.29
541.354	132.29
535.528	395.673
555.007	155.594
553.958	305.386
552.401	456.911
558.5	388.746
561.089	376.872
568.659	3.46866
568.829	283.945
571.386	202.687
573.02	258.315
574.279	200.579
576.636	188.437
584.462	32.4968
588.638	-2.33261
588.769	213.427
590.01	445.774
596.38	280.731
600.852	202.548
616.51	83.0802
612.539	422.406
612.539	422.406
619.091	292.012
623.414	94.8038
623.414	94.8038
627.475	163.619
633.463	49.7763
632.653	308.211
632.81	445.846
643.717	159.745
643.483	272.717
656.423	301.326
656.423	301.326
655.485	414.059
663.956	280.112
675.758	-0.0602359
666.688	439.792
675.488	164.109
672.704	283.651
689.554	106.726
691.766	158.3
697.39	118.648
710.35	48.1461
