20.3921	441.959
23.0447	400.392
27.7881	145.379
32.872	279.31
34.1238	257.015
37.8088	270.244
49.6681	15.8253
45.868	91.2265
40.2301	371.062
54.8527	125.39
51.2444	354.561
74.4823	270.059
78.7057	251.775
81.938	161.888
78.5999	441.858
86.9077	315.668
86.9077	315.668
95.4436	105.083
95.3852	138.877
105.733	446.828
108.831	346.201
119.093	187.197
119.093	187.197
125.964	298.026
127.593	235.258
124.973	447.549
130.409	224.268
137.947	201.254
141.716	295.525
141.803	447.584
142.14	417.687
140.575	393.339
141.828	364.519
164.087	150.849
166.705	136.432
183.926	154.288
192.954	36.3421
178.791	279.118
211.377	56.3369
210.333	140.984
239.518	181.513
243.208	115.612
250.662	237.377
241.519	330.638
257.597	294.314
260.49	419.096
267.532	361.963
279.663	130.654
285.365	54.0646
287.354	35.3367
269.312	444.752
271.693	435.496
291.802	50.5999
274.434	396.418
297.759	7.9354
297.759	7.9354
287.44	374.391
303.451	270.305
315.682	346.36
413.981	228.122
413.981	228.122
436.044	47.3601
436.044	47.3601
481.94	22.8489
469.473	393.231
484.729	31.1527
492.749	45.2852
488.131	257.803
488.131	257.803
503.813	116.631
496.05	367.952
498.076	346.098
509.241	73.3699
513.513	140.179
514.794	335.658
532.872	18.3095
522.767	398.349
538.106	85.4626
536.881	135.735
540.819	74.122
541.411	108.976
543.555	152.581
548.556	321.179
552.382	456.942
564.406	154.508
561.236	376.809
568.769	284.162
571.397	202.699
572.57	256.469
570.392	353.247
567.025	397.426
579.448	12.6569
572.218	451.962
582.19	216.807
589.841	310.992
594.815	42.3225
594.815	42.3225
594.873	123.59
601.262	113.937
601.454	163.304
603.638	52.746
601.095	342.848
606.102	271.835
608.193	229.565
608.193	229.565
617.166	263.661
612.547	422.398
612.547	422.398
626.411	63.279
618.817	387.685
624.898	312.476
632.822	445.841
653.797	160.245
654.764	293.615
668.076	174.826
655.446	414.065
663.561	301.477
675.464	164.048
673.774	92.9122
673.122	248.083
696.029	100.08
706.492	115.474
710.444	48.1841
15.6565	266.442
20.3411	442.004
22.8967	400.763
23.3856	432.962
32.97	279.319
37.7508	270.2
46.1188	91.2775
40.3424	371.202
54.7396	125.326
63.1825	237.225
61.1521	440.463
78.4352	64.3879
78.4352	64.3879
74.5478	270.098
82.0033	161.956
86.9248	315.683
95.2741	179.008
96.2104	338.045
96.2104	338.045
113.983	443.521
119.916	124.892
115.985	288.255
119.122	187.151
121.368	210.973
127.73	235.039
133.161	129.503
130.42	224.281
135.066	308.482
135.066	308.482
145.024	203.236
141.892	447.37
141.76	364.617
149.937	451.061
167.189	136.342
179.115	145.947
184.109	154.374
193.322	36.1526
210.346	140.879
210.346	140.879
217.147	28.2409
232.289	128.511
243.099	115.917
257.599	294.318
267.539	361.944
285.336	54.0034
284.526	61.0702
269.128	444.759
271.738	393.332
271.764	435.433
297.533	7.28055
287.389	398.233
315.317	41.502
296.775	392.349
303.526	270.321
310.093	243.723
315.764	346.385
315.346	354.545
413.814	227.475
413.814	227.475
436.005	47.175
436.005	47.175
475.212	70.9459
484.614	31.1557
488.086	257.759
488.086	257.759
491.214	302.342
503.697	116.719
495.646	368.251
507.588	142.783
498.434	346.181
509.303	73.3898
513.486	140.034
506.863	336.848
517.393	79.6406
532.784	18.399
522.837	398.256
536.806	135.847
540.869	74.2795
534.13	387.56
543.581	152.742
548.102	143.544
548.695	321.248
560.237	178.886
552.317	456.781
568.784	284.097
571.379	202.61
572.796	258.003
570.276	353.132
573.65	298.623
566.967	397.278
579.534	12.5625
572.223	451.71
582.157	216.7
589.59	133.554
588.196	238.498
589.647	311.124
594.732	42.1269
594.732	42.1269
596.479	227.647
589.994	445.73
601.866	190.874
604.953	257.886
601.062	342.786
600.96	420.591
611.8	250.16
614.226	319.319
621.611	122.354
624.535	84.3757
626.437	63.2307
619.68	388.353
621.894	454.348
637.297	394.062
652.55	193.424
657.36	301.332
655.59	414.052
664.064	280.025
663.509	301.304
667.105	286.855
675.876	164.08
673.758	92.9968
666.027	439.32
678.63	127.06
683.441	99.8002
686.119	154.563
709.148	75.74
20.3627	441.909
23.0125	400.446
33.1115	279.4
37.684	270.225
44.6561	75.1823
49.6152	15.8581
46.1458	91.3542
40.3692	371.056
46.1639	161.093
46.4598	220.602
54.742	125.404
51.1318	354.691
61.0075	130.375
78.4026	64.504
82.0997	161.952
78.6146	441.809
86.3726	85.4844
82.2892	297.091
82.4022	331.072
86.9519	315.694
92.1938	264.745
92.1938	264.745
113.997	443.49
121.38	210.855
125.907	298.141
125.009	447.513
133.031	129.382
130.498	224.423
142.095	417.869
146.486	213.775
139.805	393.528
151.887	160.306
161.015	458.557
166.841	317.061
170.122	275.926
170.122	275.926
183.927	154.168
204.97	123.31
211.394	56.3936
215.467	133.373
227.95	465.92
239.494	181.518
241.936	330.636
251.249	153.368
254.332	419.909
255.322	281.925
255.322	281.925
273.713	134.863
284.816	61.429
287.396	35.3257
271.778	393.311
271.771	435.5
291.885	50.3843
282.398	436.707
310.978	41.4319
296.796	392.518
312.396	340.263
315.699	346.546
413.533	226.232
475.167	70.8627
482.001	22.9877
484.702	31.4012
492.381	103.161
492.746	45.2524
488.125	257.807
488.125	257.807
505.84	125.326
496.007	367.956
496.007	367.956
520.556	83.7321
523.833	38.103
522.967	398.398
527.245	353.749
536.727	135.817
538.099	85.6321
543.566	152.593
544.585	122.085
540.071	323.07
548.651	158.691
548.424	321.186
568.785	284.08
571.471	202.717
570.423	353.125
566.984	397.256
579.311	12.1031
572.233	451.789
572.233	451.789
585.704	263.871
588.738	213.456
588.587	238.84
594.877	123.621
594.655	172.543
589.882	445.719
598.678	236.748
606.047	271.819
600.764	420.443
613.658	89.9035
614.3	141.651
614.228	319.397
617.239	263.627
626.507	63.3263
619.645	388.275
626.297	304.483
632.693	445.806
637.351	394.162
657.808	154.727
655.542	414.121
663.976	280.118
666.896	287
666.117	439.289
679.716	143.831
686.81	175.343
677.845	305.915
687.518	187.493
699.88	132.22
709.957	48.1428
15.6709	266.5
17.882	255.062
20.3382	442.072
23.2436	400.456
23.4784	432.944
40.3196	371.159
49.6418	15.8045
54.9618	125.457
51.3177	354.616
63.1692	237.201
79.6738	177.528
78.7689	251.765
78.5222	442.026
86.4422	85.4833
97.2388	87.5947
96.0779	338.203
107.308	171.902
115.935	288.327
115.935	288.327
119.872	124.951
119.065	187.199
117.523	450.656
121.558	211.009
124.926	447.673
133.344	129.502
135.009	308.577
135.009	308.577
137.871	201.443
137.62	245.834
140.216	393.357
148.262	415.773
152.181	456.959
156.405	183.278
167.28	136.348
170.097	276.014
185.189	235.952
206.196	163.901
219.077	59.2097
232.194	128.064
239.571	181.493
228.26	403.066
241.888	330.671
251.182	153.405
259.28	129.76
252.325	440.933
260.573	419.162
287.308	35.3252
272.988	466.65
289.399	48.2645
291.886	50.4234
282.246	436.253
287.341	398.256
287.403	374.287
287.403	374.287
296.793	392.537
303.398	270.303
315.371	41.5322
413.495	225.832
455.336	124.096
475.24	70.8618
469.545	393.352
481.962	22.6939
482.268	388.173
488.087	257.728
491.769	272.051
491.126	302.235
498.235	346.086
507.531	142.748
509.196	73.3523
506.971	336.972
513.602	140.249
520.46	83.7203
514.778	335.648
523.155	398.226
536.573	121.078
538.073	85.5515
546.385	116.964
544.607	350.303
548.53	321.225
552.326	457.027
564.435	154.491
565.557	183.266
568.783	284.06
571.401	202.786
566.494	396.604
570.329	353.224
572.469	256.206
579.056	11.6437
579.056	11.6437
572.202	451.547
588.453	238.782
594.926	123.729
595.604	43.1527
596.457	188.625
589.752	445.664
596.404	280.705
591.654	467.221
605.994	271.888
619.335	202.415
617.044	310.208
612.551	422.41
612.551	422.41
619.652	74.8448
621.601	122.282
619.884	388.619
626.361	63.1992
625.036	312.595
644.972	202.869
653.961	160.242
664.367	143.351
664.367	143.351
655.413	414.017
664.153	279.967
666.796	287.004
666.476	439.489
677.656	305.647
677.656	305.647
686.069	154.499
704.983	155.118
20.4311	442.002
22.9501	400.872
23.459	432.974
32.7279	279.343
37.5695	270.149
40.2535	371.113
49.6403	15.8455
46.1298	161.171
46.4129	220.669
46.4129	220.669
54.9007	125.396
51.3833	354.65
63.2435	237.139
63.2435	237.139
78.238	64.5222
82.0212	161.97
86.9071	315.698
86.9071	315.698
97.188	87.6233
105.749	446.862
108.841	346.197
110.172	452.676
119.858	124.967
128.93	453.733
133.302	129.481
135.005	308.618
135.005	308.618
137.632	245.815
145.106	203.189
140.131	393.342
148.312	415.726
150.74	432.907
156.436	183.247
164.295	194.647
170.08	276.031
206.223	163.83
205.127	123.307
217.162	28.1986
228.228	403.171
241.928	330.762
251.195	153.396
276.578	183.889
269.235	444.772
271.75	393.354
284.695	61.2895
285.406	54.0313
287.354	35.3325
291.872	50.4142
282.197	387.737
297.477	7.1467
282.183	436.117
287.443	398.225
287.391	374.302
287.391	374.302
304.968	44.8428
303.427	270.326
413.53	225.898
436.05	47.5967
436.05	47.5967
451.325	107.751
462.411	387.859
469.531	393.033
481.935	22.6578
488.097	257.752
491.142	302.04
498.313	346.133
507.496	142.903
509.184	73.3512
506.913	336.95
513.549	140.141
515.499	59.515
520.5	83.7028
536.753	135.885
538.007	85.5789
543.673	152.705
540.14	323.141
547.867	179.409
544.608	350.316
548.524	321.236
552.335	457.057
558.662	388.68
568.765	284.061
566.437	396.573
570.325	353.206
572.467	256.182
579.021	11.6409
579.021	11.6409
572.194	451.537
582.156	216.719
588.364	238.701
589.545	133.481
591.871	235.32
595.67	43.2231
596.42	188.651
589.794	445.657
596.398	280.692
591.659	467.217
601.299	184.228
605.95	271.834
611.219	136.934
611.219	136.934
612.618	422.56
612.618	422.56
619.94	388.699
626.401	63.2363
626.401	63.2363
625.001	312.597
632.825	308.151
644.993	202.903
664.316	143.331
655.525	414.038
663.489	106.549
664.143	279.942
666.85	286.98
675.544	156.222
677.761	305.792
677.761	305.792
686.036	154.571
687.361	75.7262
710.272	48.1609
