5.552046460650935842e+02	2.953677710881624989e+02
4.955602739620640591e+02	2.693526445623405721e+02
4.925711815785974181e+02	5.081643186871859825e+02
4.095856204426547720e+02	2.255296881854770561e+02
3.772397711869148225e+02	3.279785439975830172e+02
3.498077117441599739e+02	4.215045214171288990e+02
3.613123674384137303e+02	1.891641678362381072e+02
7.470243063629591234e+02	2.865744029615898967e+02
5.351836656448363101e+02	2.287568247355434323e+02
3.236172412288149189e+02	2.991822486007966972e+02
3.582935982362720324e+02	3.448360812918785427e+02
4.037128483716516030e+02	2.427685209592733031e+02
4.555451554623248285e+02	3.650922131641474380e+02
5.098321830432157071e+02	1.592947389469240704e+02
5.083239252291195953e+02	2.203464495849332820e+02
5.345659664268063125e+02	3.331351358191325858e+02
3.602695622781636189e+02	3.214003641407676355e+02
5.359878601944251386e+02	2.232856736063960739e+02
5.656810521634216684e+02	2.929586133635388592e+02
3.014999904459063487e+02	3.801319106623386688e+02
6.254741926785995929e+02	4.474004399823447216e+02
3.502843616091835202e+02	3.148487625432462664e+02
6.063594185443757851e+02	3.755115963068078599e+02
4.349355063063143803e+02	1.662647618614067540e+02
2.584918088236928497e+02	9.787810994502707729e+01
5.008077711439326549e+02	3.239191454699752057e+02
5.075842832581186599e+02	5.064409154493770302e+02
5.063275452076657075e+02	3.719179368289607055e+02
3.786434464447526125e+02	4.381852635805223599e+02
4.430738517376844356e+02	5.090330591895733505e+02
6.131901663098082054e+02	4.217781785412622071e+02
5.598971478801375952e+02	4.832570865123122985e+02
3.385015108977431737e+02	2.625952817430461437e+02
5.064593899753564301e+02	3.322887711003307913e+02
5.445321232478569300e+02	3.924773642681338970e+02
6.288960785414302563e+02	4.105494789554262525e+02
4.997446415116631329e+02	3.543536772593912474e+02
4.779406775695991882e+02	3.191226197591994946e+02
3.937920462045702834e+02	3.939408636883354120e+02
4.602991368699148325e+02	1.628594849110805285e+02
3.054874325266790152e+02	3.988179235535921521e+02
3.421738790514277753e+02	4.090777826562914470e+02
3.194946295514282610e+02	3.093810452106208686e+02
4.774938259055822982e+02	2.888420517972093080e+02
3.033591428216825534e+02	4.792042877163546564e+02
6.134483201126395215e+02	3.057298624002514771e+02
3.615751513123697691e+02	3.041095067443789617e+02
3.293922496331282446e+02	2.613383004627818309e+02
3.387327081328830900e+02	3.752919065883888834e+02
6.227926596043289464e+02	4.523026021473140190e+02
