-833.703	1322.81	4371.05
1719.77	903.441	4525.99
932.603	1952.27	4737.21
1760.66	1743.97	3942.33
250.911	2690.75	2822.51
1896.53	539.238	5846.77
640.034	3663.3	2643.66
1713.08	1582.75	2549.47
104.05	1384.87	2158.77
1249.62	1238.92	2112.23
1390.36	2769.24	5546.44
2325.93	2629.21	3321.46
-199.304	871.015	4290.78
1048.82	1935.78	4540.87
-172.79	-178.241	3886.65
821.919	-253.867	1991.78
296.099	3366.58	3356.72
2144.79	1104.66	2818.25
1601.34	2578.6	3560.34
3011.44	1091.86	5371.99
1160.69	424.225	2375.57
-628.947	146.992	3850.14
415.176	1466.42	5079.01
1971.56	2809.12	5584.6
2736.69	1495.58	5484.65
3049.87	2344.94	2167.47
-520.91	1202.34	2659.33
132.081	3157.12	3857.09
1709.78	1133.5	4375.08
3036.19	2298.12	4106.75
884.867	1276.45	5349.56
-1115.22	1511.87	5065.07
2903.4	1881.25	5255.28
425.366	1044.64	2646.84
-1110.38	2565.76	3461.85
1266.3	2336.05	3027.52
-614.329	446.651	1654.64
1806.86	243.622	4301.81
1161.13	1763.09	2478.82
-944.689	2985.39	4463.56
1729.54	204.983	3018.62
2490.01	2037.43	3711.89
809.203	751.165	4376.29
-704.071	481.572	3067.64
187.537	430.212	3571.26
383.7	-514.463	5508.5
507.25	1675.56	2887.99
-184.183	-107.511	3481.15
422.603	-99.9168	5354.01
266.904	3038.15	5326.52
-833.703	1322.81	4371.05
1719.77	903.441	4525.99
932.603	1952.27	4737.21
1760.66	1743.97	3942.33
250.911	2690.75	2822.51
1896.53	539.238	5846.77
640.034	3663.3	2643.66
1713.08	1582.75	2549.47
104.05	1384.87	2158.77
1249.62	1238.92	2112.23
1390.36	2769.24	5546.44
2325.93	2629.21	3321.46
-199.304	871.015	4290.78
1048.82	1935.78	4540.87
-172.79	-178.241	3886.65
821.919	-253.867	1991.78
296.099	3366.58	3356.72
2144.79	1104.66	2818.25
1601.34	2578.6	3560.34
3011.44	1091.86	5371.99
1160.69	424.225	2375.57
-628.947	146.992	3850.14
415.176	1466.42	5079.01
1971.56	2809.12	5584.6
2736.69	1495.58	5484.65
3049.87	2344.94	2167.47
-520.91	1202.34	2659.33
132.081	3157.12	3857.09
1709.78	1133.5	4375.08
3036.19	2298.12	4106.75
884.867	1276.45	5349.56
-1115.22	1511.87	5065.07
2903.4	1881.25	5255.28
425.366	1044.64	2646.84
-1110.38	2565.76	3461.85
1266.3	2336.05	3027.52
-614.329	446.651	1654.64
1806.86	243.622	4301.81
1161.13	1763.09	2478.82
-944.689	2985.39	4463.56
1729.54	204.983	3018.62
2490.01	2037.43	3711.89
809.203	751.165	4376.29
-704.071	481.572	3067.64
187.537	430.212	3571.26
383.7	-514.463	5508.5
507.25	1675.56	2887.99
-184.183	-107.511	3481.15
422.603	-99.9168	5354.01
266.904	3038.15	5326.52
-833.703	1322.81	4371.05
1719.77	903.441	4525.99
932.603	1952.27	4737.21
1760.66	1743.97	3942.33
250.911	2690.75	2822.51
1896.53	539.238	5846.77
640.034	3663.3	2643.66
1713.08	1582.75	2549.47
104.05	1384.87	2158.77
1249.62	1238.92	2112.23
1390.36	2769.24	5546.44
2325.93	2629.21	3321.46
-199.304	871.015	4290.78
1048.82	1935.78	4540.87
-172.79	-178.241	3886.65
821.919	-253.867	1991.78
296.099	3366.58	3356.72
2144.79	1104.66	2818.25
1601.34	2578.6	3560.34
3011.44	1091.86	5371.99
1160.69	424.225	2375.57
-628.947	146.992	3850.14
415.176	1466.42	5079.01
1971.56	2809.12	5584.6
2736.69	1495.58	5484.65
3049.87	2344.94	2167.47
-520.91	1202.34	2659.33
132.081	3157.12	3857.09
1709.78	1133.5	4375.08
3036.19	2298.12	4106.75
884.867	1276.45	5349.56
-1115.22	1511.87	5065.07
2903.4	1881.25	5255.28
425.366	1044.64	2646.84
-1110.38	2565.76	3461.85
1266.3	2336.05	3027.52
-614.329	446.651	1654.64
1806.86	243.622	4301.81
1161.13	1763.09	2478.82
-944.689	2985.39	4463.56
1729.54	204.983	3018.62
2490.01	2037.43	3711.89
809.203	751.165	4376.29
-704.071	481.572	3067.64
187.537	430.212	3571.26
383.7	-514.463	5508.5
507.25	1675.56	2887.99
-184.183	-107.511	3481.15
422.603	-99.9168	5354.01
266.904	3038.15	5326.52
-833.703	1322.81	4371.05
1719.77	903.441	4525.99
932.603	1952.27	4737.21
1760.66	1743.97	3942.33
250.911	2690.75	2822.51
1896.53	539.238	5846.77
640.034	3663.3	2643.66
1713.08	1582.75	2549.47
104.05	1384.87	2158.77
1249.62	1238.92	2112.23
1390.36	2769.24	5546.44
2325.93	2629.21	3321.46
-199.304	871.015	4290.78
1048.82	1935.78	4540.87
-172.79	-178.241	3886.65
821.919	-253.867	1991.78
296.099	3366.58	3356.72
2144.79	1104.66	2818.25
1601.34	2578.6	3560.34
3011.44	1091.86	5371.99
1160.69	424.225	2375.57
-628.947	146.992	3850.14
415.176	1466.42	5079.01
1971.56	2809.12	5584.6
2736.69	1495.58	5484.65
3049.87	2344.94	2167.47
-520.91	1202.34	2659.33
132.081	3157.12	3857.09
1709.78	1133.5	4375.08
3036.19	2298.12	4106.75
884.867	1276.45	5349.56
-1115.22	1511.87	5065.07
2903.4	1881.25	5255.28
425.366	1044.64	2646.84
-1110.38	2565.76	3461.85
1266.3	2336.05	3027.52
-614.329	446.651	1654.64
1806.86	243.622	4301.81
1161.13	1763.09	2478.82
-944.689	2985.39	4463.56
1729.54	204.983	3018.62
2490.01	2037.43	3711.89
809.203	751.165	4376.29
-704.071	481.572	3067.64
187.537	430.212	3571.26
383.7	-514.463	5508.5
507.25	1675.56	2887.99
-184.183	-107.511	3481.15
422.603	-99.9168	5354.01
266.904	3038.15	5326.52
-833.703	1322.81	4371.05
1719.77	903.441	4525.99
932.603	1952.27	4737.21
1760.66	1743.97	3942.33
250.911	2690.75	2822.51
1896.53	539.238	5846.77
640.034	3663.3	2643.66
1713.08	1582.75	2549.47
104.05	1384.87	2158.77
1249.62	1238.92	2112.23
1390.36	2769.24	5546.44
2325.93	2629.21	3321.46
-199.304	871.015	4290.78
1048.82	1935.78	4540.87
-172.79	-178.241	3886.65
821.919	-253.867	1991.78
296.099	3366.58	3356.72
2144.79	1104.66	2818.25
1601.34	2578.6	3560.34
3011.44	1091.86	5371.99
1160.69	424.225	2375.57
-628.947	146.992	3850.14
415.176	1466.42	5079.01
1971.56	2809.12	5584.6
2736.69	1495.58	5484.65
3049.87	2344.94	2167.47
-520.91	1202.34	2659.33
132.081	3157.12	3857.09
1709.78	1133.5	4375.08
3036.19	2298.12	4106.75
884.867	1276.45	5349.56
-1115.22	1511.87	5065.07
2903.4	1881.25	5255.28
425.366	1044.64	2646.84
-1110.38	2565.76	3461.85
1266.3	2336.05	3027.52
-614.329	446.651	1654.64
1806.86	243.622	4301.81
1161.13	1763.09	2478.82
-944.689	2985.39	4463.56
1729.54	204.983	3018.62
2490.01	2037.43	3711.89
809.203	751.165	4376.29
-704.071	481.572	3067.64
187.537	430.212	3571.26
383.7	-514.463	5508.5
507.25	1675.56	2887.99
-184.183	-107.511	3481.15
422.603	-99.9168	5354.01
266.904	3038.15	5326.52
