-832.525	1316.84	4364.61
1717.84	897.313	4520.31
931.657	1944.75	4729.31
1758.64	1737.32	3935.51
250.733	2684.27	2814.78
1894.48	532.21	5840.8
639.364	3655.58	2634.22
1711.04	1577.72	2544.19
104.015	1380.83	2154.14
1248.14	1234.87	2107.98
1388.9	2759.76	5536.31
2323.15	2621.87	3313.5
-198.901	865.572	4285.31
1047.72	1928.44	4533.17
-172.45	-181.949	3883.57
820.966	-255.738	1990.49
295.893	3358.66	3347.21
2142.22	1099.89	2813.67
1599.49	2571.26	3552.23
3007.98	1084.37	5365.31
1159.33	421.011	2372.65
-628.054	143.003	3846.42
414.875	1459.29	5071.78
1969.39	2799.42	5574.37
2733.58	1487.52	5477.09
3046.08	2338.97	2161.14
-520.155	1198.17	2654.58
132.098	3149.03	3847.54
1707.86	1127.24	4369.11
3032.58	2290.3	4098.78
884.007	1269.19	5342.48
-1113.69	1505.02	5057.69
2900.05	1872.87	5247.14
424.945	1040.49	2642.45
-1108.85	2559.12	3453.74
1264.85	2329.63	3020.33
-613.501	444.504	1652.22
1804.83	238.553	4297.65
1159.77	1758	2473.22
-943.331	2977.19	4453.79
1727.51	201.284	3015.58
2487.06	2030.47	3704.74
808.387	745.578	4371.03
-703.098	477.967	3063.93
187.44	425.979	3567.26
383.434	-519.532	5504.82
506.743	1670.32	2882.18
-183.841	-110.891	3478.25
422.288	-105.345	5349.62
266.81	3028.78	5316.01
-832.852	1317.09	4365.79
1718.15	897.661	4521.33
931.702	1945.29	4730.44
1758.9	1737.88	3936.39
250.565	2684.95	2815.49
1894.87	532.48	5842.14
639.211	3656.52	2634.87
1711.31	1578.23	2544.71
103.919	1381.18	2154.69
1248.33	1235.27	2108.43
1388.99	2760.54	5537.63
2323.48	2622.69	3314.17
-199.04	865.761	4286.42
1047.8	1928.99	4534.25
-172.497	-182.014	3884.56
821.173	-255.74	1990.93
295.678	3359.5	3348.06
2142.64	1100.33	2814.22
1599.65	2572.01	3553.02
3008.59	1084.87	5366.44
1159.57	421.202	2373.17
-628.235	142.983	3847.44
414.832	1459.68	5073.04
1969.61	2800.25	5575.65
2734.09	1488.09	5478.27
3046.61	2339.78	2161.47
-520.389	1198.42	2655.3
131.858	3149.81	3848.52
1708.16	1127.64	4370.09
3033.1	2291.1	4099.6
884.091	1269.57	5343.77
-1114.1	1505.3	5059.07
2900.57	1873.55	5248.26
424.95	1040.77	2643.09
-1109.34	2559.66	3454.72
1264.95	2330.29	3021.02
-613.692	444.563	1652.69
1805.22	238.747	4298.6
1159.9	1758.52	2473.77
-943.818	2977.84	4455.02
1727.89	201.465	3016.21
2487.48	2031.16	3705.5
808.499	745.818	4372.08
-703.321	478.024	3064.76
187.433	426.093	3568.15
383.54	-519.639	5506.18
506.717	1670.76	2882.88
-183.894	-110.938	3479.15
422.371	-105.347	5350.94
266.605	3029.54	5317.36
-847.181	1318.45	4337.84
1699.47	899.237	4356.21
912.523	1947.24	4604.37
1741.16	1739.69	3779.92
238.014	2686.7	2758.22
1871.94	534.205	5645.13
625.549	3658.7	2561.34
1698.38	1579.68	2413.91
95.1889	1382.22	2114.68
1237.98	1236.41	2008.87
1365.51	2763.06	5374.92
2305.87	2624.82	3139.5
-213.691	867.002	4225.96
1029.08	1930.9	4405.33
-184.744	-181.292	3828.22
813.537	-255.311	1914.05
280.578	3361.66	3280.28
2128.61	1101.68	2655.66
1582.53	2574.07	3412.33
2984.77	1086.88	5119.53
1149.38	422.043	2272.88
-639.944	143.77	3816.07
395.925	1461.41	4967.8
1944.99	2802.88	5381.85
2709.92	1490.26	5244.38
3031.87	2341.64	1967.8
-529.51	1199.41	2639.5
115.619	3151.97	3780.71
1689.73	1129.28	4208.28
3012.07	2293.35	3874.06
863.711	1271.35	5209.11
-1130.43	1506.84	5034.5
2876.45	1875.86	5009.92
414.445	1041.83	2577.62
-1121.55	2561.3	3458.06
1250.4	2332.09	2906.57
-618.554	445.013	1657.74
1787.83	240.009	4131.85
1147.94	1759.94	2373.35
-960.045	2979.9	4433.36
1714.87	202.429	2875.01
2468.94	2033.14	3514.95
791.997	747.169	4257.08
-712.698	478.775	3050.86
174.959	427.053	3498.92
365.403	-518.637	5393.01
494.607	1672.14	2809.82
-194.87	-110.274	3430.3
404.23	-104.199	5238.83
245.453	3031.96	5217.65
-847.181	1318.45	4337.84
1699.47	899.237	4356.21
912.523	1947.24	4604.37
1741.16	1739.69	3779.92
238.014	2686.7	2758.22
1871.94	534.205	5645.13
625.549	3658.7	2561.34
1698.38	1579.68	2413.91
95.1889	1382.22	2114.68
1237.98	1236.41	2008.87
1365.51	2763.06	5374.92
2305.87	2624.82	3139.5
-213.691	867.002	4225.96
1029.08	1930.9	4405.33
-184.744	-181.292	3828.22
813.537	-255.311	1914.05
280.578	3361.66	3280.28
2128.61	1101.68	2655.66
1582.53	2574.07	3412.33
2984.77	1086.88	5119.53
1149.38	422.043	2272.88
-639.944	143.77	3816.07
395.925	1461.41	4967.8
1944.99	2802.88	5381.85
2709.92	1490.26	5244.38
3031.87	2341.64	1967.8
-529.51	1199.41	2639.5
115.619	3151.97	3780.71
1689.73	1129.28	4208.28
3012.07	2293.35	3874.06
863.711	1271.35	5209.11
-1130.43	1506.84	5034.5
2876.45	1875.86	5009.92
414.445	1041.83	2577.62
-1121.55	2561.3	3458.06
1250.4	2332.09	2906.57
-618.554	445.013	1657.74
1787.83	240.009	4131.85
1147.94	1759.94	2373.35
-960.045	2979.9	4433.36
1714.87	202.429	2875.01
2468.94	2033.14	3514.95
791.997	747.169	4257.08
-712.698	478.775	3050.86
174.959	427.053	3498.92
365.403	-518.637	5393.01
494.607	1672.14	2809.82
-194.87	-110.274	3430.3
404.23	-104.199	5238.83
245.453	3031.96	5217.65
-847.181	1318.45	4337.84
1699.47	899.237	4356.21
912.523	1947.24	4604.37
1741.16	1739.69	3779.92
238.014	2686.7	2758.22
1871.94	534.205	5645.13
625.549	3658.7	2561.34
1698.38	1579.68	2413.91
95.1889	1382.22	2114.68
1237.98	1236.41	2008.87
1365.51	2763.06	5374.92
2305.87	2624.82	3139.5
-213.691	867.002	4225.96
1029.08	1930.9	4405.33
-184.744	-181.292	3828.22
813.537	-255.311	1914.05
280.578	3361.66	3280.28
2128.61	1101.68	2655.66
1582.53	2574.07	3412.33
2984.77	1086.88	5119.53
1149.38	422.043	2272.88
-639.944	143.77	3816.07
395.925	1461.41	4967.8
1944.99	2802.88	5381.85
2709.92	1490.26	5244.38
3031.87	2341.64	1967.8
-529.51	1199.41	2639.5
115.619	3151.97	3780.71
1689.73	1129.28	4208.28
3012.07	2293.35	3874.06
863.711	1271.35	5209.11
-1130.43	1506.84	5034.5
2876.45	1875.86	5009.92
414.445	1041.83	2577.62
-1121.55	2561.3	3458.06
1250.4	2332.09	2906.57
-618.554	445.013	1657.74
1787.83	240.009	4131.85
1147.94	1759.94	2373.35
-960.045	2979.9	4433.36
1714.87	202.429	2875.01
2468.94	2033.14	3514.95
791.997	747.169	4257.08
-712.698	478.775	3050.86
174.959	427.053	3498.92
365.403	-518.637	5393.01
494.607	1672.14	2809.82
-194.87	-110.274	3430.3
404.23	-104.199	5238.83
245.453	3031.96	5217.65
