3.753358260418580699e+02	2.502286457774816881e+02
3.735483178549646937e+02	2.624694936153202320e+02
4.458017831846784702e+02	1.690565184144276998e+02
4.308716470576778761e+02	2.627910129511720925e+02
4.158052597303201878e+02	2.519099874795932408e+02
3.688320206672588597e+02	2.503330467183296548e+02
3.480228003356394879e+02	2.922648635728185695e+02
4.696835577717181991e+02	2.034269777857767565e+02
4.452145816119073061e+02	2.570666214049835503e+02
3.598518783989114240e+02	2.204531103920539863e+02
4.313891630891525892e+02	3.609765348036029309e+02
4.104719287280495337e+02	2.354327664862345557e+02
3.389162586832320017e+02	1.994407485789918724e+02
4.516361691101864722e+02	3.425129496862655287e+02
3.239323772549609544e+02	2.480608862208455889e+02
3.656880124719843366e+02	2.124213271895606567e+02
3.916735410252597376e+02	2.597735495017732319e+02
4.088214139413643693e+02	2.096568459472773611e+02
3.895186997407669196e+02	2.762037338335678669e+02
3.631411331218671421e+02	2.956926795585588366e+02
4.114226384883135665e+02	2.948310721889720867e+02
4.008096158246810887e+02	1.677263512909620999e+02
3.672242564683580781e+02	2.381003994253175620e+02
4.027521751823235263e+02	2.273127279901027293e+02
4.700304467053792905e+02	2.918530285393512145e+02
4.056358714997501238e+02	2.090438714666747728e+02
4.243594330135206292e+02	1.795664428524000016e+02
4.012158394489213151e+02	1.914071345702474503e+02
3.528452287129450724e+02	2.369324978091155174e+02
4.909065128426191222e+02	3.346794336231820353e+02
3.335383539460810312e+02	2.883205950434482361e+02
3.715797965184579539e+02	2.602091366449488419e+02
3.842293269811698906e+02	2.613409461664955415e+02
3.486754999283628536e+02	2.220499267826034782e+02
3.354237427272188370e+02	3.384337074245980830e+02
4.541721657061917199e+02	3.439107554998760179e+02
3.745815901256903544e+02	2.761344298282324417e+02
3.732790639872757765e+02	1.907025047143912388e+02
4.574642441897482854e+02	2.728316109514178152e+02
4.254693653147259056e+02	2.419633369529581444e+02
3.772664877171011426e+02	2.545669711438990532e+02
3.462227171700239410e+02	2.184186960074437422e+02
3.374226795718392395e+02	3.018622465158796331e+02
3.271911155544491407e+02	3.172658262598960732e+02
4.628623713279659455e+02	3.338494015115325624e+02
3.989908406411605597e+02	3.162818181016132826e+02
3.393457235925530995e+02	3.337146817703425654e+02
3.916548214956090419e+02	2.840693661715276903e+02
4.093682747456113020e+02	3.267291106081519274e+02
3.686568757563295549e+02	2.562680810200690757e+02
