654.393	3509.72	4127.92
750.041	464.997	2938.03
2510.39	1268.05	3504.1
1628.75	173.221	3963.1
2912.81	1625	5521.62
1750.53	643.227	3078.2
38.287	-454.054	5805.72
24.2608	1736.05	4131.49
559.667	1901.46	3824.44
510.751	-277.876	3080.62
1297.93	2784.6	6155.22
-382.096	1432.42	4529.55
2685.52	-295.86	5031.21
294.864	1916.67	4524.33
2537.94	1850.46	2121.62
-442.266	2955.9	5996.43
615.266	2994.26	5065.78
-942.76	3062.83	2104.65
1425.65	3252.1	6222.53
921.362	1426.72	3170.93
-215.044	132.775	3921.48
2952.1	3431.69	3417.56
2988.74	2511.16	3646.85
491.334	238.815	5791.99
2047.79	2497.7	6233.67
2334.29	3455.69	5802.57
725.417	170.142	3114.96
-782.15	2198.59	5167.91
907.226	2903.09	5947.97
-172.917	1045.85	5270.11
171.394	654.018	1725.47
2531.78	3529.27	4776.14
-952.619	1996.99	5592.82
-1179.84	2261.79	3766.75
-95.1411	2032.43	2890.35
-375.914	868.695	2678.07
2994.88	2200.99	4281.37
-14.6384	2194.22	2535.73
2809.01	3135.61	4265.88
39.4374	-37.8895	3885.8
-557.244	834.297	3824.38
986.34	3142.34	2841.67
332.771	486.035	2241.35
2114.43	2231.14	4558.61
63.5431	1978.63	4619.35
642.637	878.37	4692.05
-909.903	1175.04	3088.74
-859.962	1949.13	1802.18
2038.27	-586.393	5350.59
2531.1	2512.8	4925.66
654.393	3509.72	4127.92
750.041	464.997	2938.03
2510.39	1268.05	3504.1
1628.75	173.221	3963.1
2912.81	1625	5521.62
1750.53	643.227	3078.2
38.287	-454.054	5805.72
24.2608	1736.05	4131.49
559.667	1901.46	3824.44
510.751	-277.876	3080.62
1297.93	2784.6	6155.22
-382.096	1432.42	4529.55
2685.52	-295.86	5031.21
294.864	1916.67	4524.33
2537.94	1850.46	2121.62
-442.266	2955.9	5996.43
615.266	2994.26	5065.78
-942.76	3062.83	2104.65
1425.65	3252.1	6222.53
921.362	1426.72	3170.93
-215.044	132.775	3921.48
2952.1	3431.69	3417.56
2988.74	2511.16	3646.85
491.334	238.815	5791.99
2047.79	2497.7	6233.67
2334.29	3455.69	5802.57
725.417	170.142	3114.96
-782.15	2198.59	5167.91
907.226	2903.09	5947.97
-172.917	1045.85	5270.11
171.394	654.018	1725.47
2531.78	3529.27	4776.14
-952.619	1996.99	5592.82
-1179.84	2261.79	3766.75
-95.1411	2032.43	2890.35
-375.914	868.695	2678.07
2994.88	2200.99	4281.37
-14.6384	2194.22	2535.73
2809.01	3135.61	4265.88
39.4374	-37.8895	3885.8
-557.244	834.297	3824.38
986.34	3142.34	2841.67
332.771	486.035	2241.35
2114.43	2231.14	4558.61
63.5431	1978.63	4619.35
642.637	878.37	4692.05
-909.903	1175.04	3088.74
-859.962	1949.13	1802.18
2038.27	-586.393	5350.59
2531.1	2512.8	4925.66
654.393	3509.72	4127.92
750.041	464.997	2938.03
2510.39	1268.05	3504.1
1628.75	173.221	3963.1
2912.81	1625	5521.62
1750.53	643.227	3078.2
38.287	-454.054	5805.72
24.2608	1736.05	4131.49
559.667	1901.46	3824.44
510.751	-277.876	3080.62
1297.93	2784.6	6155.22
-382.096	1432.42	4529.55
2685.52	-295.86	5031.21
294.864	1916.67	4524.33
2537.94	1850.46	2121.62
-442.266	2955.9	5996.43
615.266	2994.26	5065.78
-942.76	3062.83	2104.65
1425.65	3252.1	6222.53
921.362	1426.72	3170.93
-215.044	132.775	3921.48
2952.1	3431.69	3417.56
2988.74	2511.16	3646.85
491.334	238.815	5791.99
2047.79	2497.7	6233.67
2334.29	3455.69	5802.57
725.417	170.142	3114.96
-782.15	2198.59	5167.91
907.226	2903.09	5947.97
-172.917	1045.85	5270.11
171.394	654.018	1725.47
2531.78	3529.27	4776.14
-952.619	1996.99	5592.82
-1179.84	2261.79	3766.75
-95.1411	2032.43	2890.35
-375.914	868.695	2678.07
2994.88	2200.99	4281.37
-14.6384	2194.22	2535.73
2809.01	3135.61	4265.88
39.4374	-37.8895	3885.8
-557.244	834.297	3824.38
986.34	3142.34	2841.67
332.771	486.035	2241.35
2114.43	2231.14	4558.61
63.5431	1978.63	4619.35
642.637	878.37	4692.05
-909.903	1175.04	3088.74
-859.962	1949.13	1802.18
2038.27	-586.393	5350.59
2531.1	2512.8	4925.66
654.393	3509.72	4127.92
750.041	464.997	2938.03
2510.39	1268.05	3504.1
1628.75	173.221	3963.1
2912.81	1625	5521.62
1750.53	643.227	3078.2
38.287	-454.054	5805.72
24.2608	1736.05	4131.49
559.667	1901.46	3824.44
510.751	-277.876	3080.62
1297.93	2784.6	6155.22
-382.096	1432.42	4529.55
2685.52	-295.86	5031.21
294.864	1916.67	4524.33
2537.94	1850.46	2121.62
-442.266	2955.9	5996.43
615.266	2994.26	5065.78
-942.76	3062.83	2104.65
1425.65	3252.1	6222.53
921.362	1426.72	3170.93
-215.044	132.775	3921.48
2952.1	3431.69	3417.56
2988.74	2511.16	3646.85
491.334	238.815	5791.99
2047.79	2497.7	6233.67
2334.29	3455.69	5802.57
725.417	170.142	3114.96
-782.15	2198.59	5167.91
907.226	2903.09	5947.97
-172.917	1045.85	5270.11
171.394	654.018	1725.47
2531.78	3529.27	4776.14
-952.619	1996.99	5592.82
-1179.84	2261.79	3766.75
-95.1411	2032.43	2890.35
-375.914	868.695	2678.07
2994.88	2200.99	4281.37
-14.6384	2194.22	2535.73
2809.01	3135.61	4265.88
39.4374	-37.8895	3885.8
-557.244	834.297	3824.38
986.34	3142.34	2841.67
332.771	486.035	2241.35
2114.43	2231.14	4558.61
63.5431	1978.63	4619.35
642.637	878.37	4692.05
-909.903	1175.04	3088.74
-859.962	1949.13	1802.18
2038.27	-586.393	5350.59
2531.1	2512.8	4925.66
654.393	3509.72	4127.92
750.041	464.997	2938.03
2510.39	1268.05	3504.1
1628.75	173.221	3963.1
2912.81	1625	5521.62
1750.53	643.227	3078.2
38.287	-454.054	5805.72
24.2608	1736.05	4131.49
559.667	1901.46	3824.44
510.751	-277.876	3080.62
1297.93	2784.6	6155.22
-382.096	1432.42	4529.55
2685.52	-295.86	5031.21
294.864	1916.67	4524.33
2537.94	1850.46	2121.62
-442.266	2955.9	5996.43
615.266	2994.26	5065.78
-942.76	3062.83	2104.65
1425.65	3252.1	6222.53
921.362	1426.72	3170.93
-215.044	132.775	3921.48
2952.1	3431.69	3417.56
2988.74	2511.16	3646.85
491.334	238.815	5791.99
2047.79	2497.7	6233.67
2334.29	3455.69	5802.57
725.417	170.142	3114.96
-782.15	2198.59	5167.91
907.226	2903.09	5947.97
-172.917	1045.85	5270.11
171.394	654.018	1725.47
2531.78	3529.27	4776.14
-952.619	1996.99	5592.82
-1179.84	2261.79	3766.75
-95.1411	2032.43	2890.35
-375.914	868.695	2678.07
2994.88	2200.99	4281.37
-14.6384	2194.22	2535.73
2809.01	3135.61	4265.88
39.4374	-37.8895	3885.8
-557.244	834.297	3824.38
986.34	3142.34	2841.67
332.771	486.035	2241.35
2114.43	2231.14	4558.61
63.5431	1978.63	4619.35
642.637	878.37	4692.05
-909.903	1175.04	3088.74
-859.962	1949.13	1802.18
2038.27	-586.393	5350.59
2531.1	2512.8	4925.66
