933.011	1125.6	3804.34
956.383	1003.97	5115.58
-640.571	-373.869	3999.24
-691.61	-508.231	4694.82
810.86	586.069	4320.42
173.717	1272.82	3344.94
658.551	507.251	4086.23
276.789	236.731	4293.28
736.946	680.315	3599.28
1244.02	-692.81	5062.5
999.629	46.3766	4471.54
1120.56	-401.954	5019.95
-927.218	566.427	4523.56
719.461	-567.568	4736.47
-332.339	-696.224	4437.46
-411.084	1130.2	3286.27
1178.88	-589.205	3858.42
-308.347	-647.257	3714.75
114.579	-324.174	4391.26
-643.401	653.934	3570.3
1176.59	289.197	3522.18
518.233	836.878	5396.52
-170.173	-929.981	4982.75
-115.753	-261.408	4766.09
784.683	976.419	3740.25
624.503	1093.53	3516.81
808.474	451.685	4971.29
430.458	717.375	5036.62
817.618	1367.59	4391.46
-377.478	708.504	5171.28
722.503	323.643	5173.17
-757.701	494.824	4886.85
772.115	939.196	4216.27
-159.11	595.14	3359.03
734.382	567.121	5077.63
-691.44	1018.19	4033.48
-421.906	107.304	5081.7
-743.598	1069.2	4267.79
-377.431	-66.942	4829.09
772.456	-761.658	4985.24
-261.57	-867.93	3723.22
45.2418	-563.032	5117.31
-293.856	-110.32	4867.31
1198.82	49.8319	3994.21
593.759	-786.623	4992.86
-465.077	-404.687	4104.13
1277.54	-387.981	5312.21
-644.701	404.846	3231.54
-40.3088	487.59	5046.44
-384.572	19.6897	4922.12
932.8	1125.39	3803.6
956.168	1003.78	5114.58
-640.435	-373.805	3998.47
-691.462	-508.14	4693.91
810.683	585.964	4319.58
173.658	1272.57	3344.29
658.407	507.16	4085.44
276.727	236.688	4292.44
736.782	680.19	3598.57
1243.78	-692.646	5061.51
999.423	46.3852	4470.67
1120.34	-401.853	5018.97
-927.041	566.295	4522.69
719.323	-567.439	4735.54
-332.261	-696.088	4436.6
-411.022	1129.96	3285.63
1178.65	-589.064	3857.66
-308.274	-647.131	3714.03
114.56	-324.106	4390.4
-643.283	653.789	3569.61
1176.35	289.159	3521.49
518.111	836.717	5395.47
-170.124	-929.795	4981.78
-115.727	-261.357	4765.16
784.504	976.235	3739.52
624.356	1093.32	3516.12
808.3	451.608	4970.32
430.356	717.237	5035.63
817.426	1367.33	4390.6
-377.416	708.353	5170.28
722.348	323.59	5172.16
-757.557	494.71	4885.91
771.94	939.019	4215.45
-159.09	595.016	3358.37
734.221	567.019	5076.64
-691.319	1017.97	4032.7
-421.824	107.274	5080.71
-743.467	1068.97	4266.96
-377.355	-66.9351	4828.16
772.311	-761.489	4984.27
-261.503	-867.758	3722.49
45.241	-562.917	5116.32
-293.796	-110.303	4866.37
1198.57	49.8434	3993.43
593.651	-786.452	4991.89
-464.977	-404.613	4103.33
1277.29	-387.879	5311.17
-644.578	404.752	3230.92
-40.3111	487.49	5045.46
-384.496	19.6788	4921.17
932.824	1125.46	3803.85
956.197	1003.85	5114.92
-640.459	-373.837	3998.73
-691.486	-508.181	4694.22
810.713	586.013	4319.86
173.64	1272.64	3344.51
658.431	507.201	4085.7
276.737	236.706	4292.73
736.806	680.241	3598.81
1243.86	-692.655	5061.84
999.475	46.4098	4470.96
1120.41	-401.849	5019.3
-927.1	566.305	4522.98
719.373	-567.452	4735.86
-332.262	-696.131	4436.89
-411.067	1130.01	3285.85
1178.72	-589.068	3857.92
-308.275	-647.171	3714.28
114.574	-324.12	4390.69
-643.33	653.81	3569.84
1176.4	289.2	3521.73
518.121	836.772	5395.82
-170.112	-929.846	4982.1
-115.726	-261.373	4765.48
784.524	976.302	3739.76
624.365	1093.39	3516.35
808.333	451.649	4970.64
430.363	717.284	5035.96
817.439	1367.42	4390.89
-377.45	708.382	5170.61
722.379	323.623	5172.5
-757.606	494.72	4886.22
771.96	939.085	4215.73
-159.11	595.044	3358.59
734.247	567.064	5076.98
-691.376	1018.01	4032.96
-421.847	107.271	5081.05
-743.528	1069.01	4267.24
-377.372	-66.9461	4828.47
772.368	-761.511	4984.6
-261.497	-867.809	3722.74
45.2564	-562.944	5116.65
-293.808	-110.315	4866.69
1198.63	49.8724	3993.69
593.7	-786.479	4992.22
-464.991	-404.644	4103.6
1277.37	-387.87	5311.52
-644.62	404.76	3231.13
-40.3228	487.515	5045.79
-384.515	19.6721	4921.49
932.986	1125.71	3804.68
956.367	1004.08	5116.04
-640.578	-373.928	3999.6
-691.611	-508.299	4695.24
810.864	586.151	4320.81
173.645	1272.9	3345.24
658.553	507.32	4086.6
276.789	236.761	4293.66
736.94	680.397	3599.6
1244.13	-692.763	5062.95
999.677	46.4441	4471.94
1120.65	-401.901	5020.4
-927.299	566.397	4523.96
719.534	-567.549	4736.89
-332.31	-696.278	4437.86
-411.176	1130.23	3286.56
1178.98	-589.157	3858.77
-308.32	-647.308	3715.08
114.607	-324.182	4391.65
-643.474	653.927	3570.61
1176.63	289.287	3522.5
518.207	836.955	5397
-170.121	-930.037	4983.19
-115.741	-261.427	4766.51
784.661	976.519	3740.58
624.465	1093.63	3517.12
808.487	451.761	4971.73
430.435	717.44	5037.07
817.573	1367.71	4391.85
-377.541	708.517	5171.74
722.519	323.707	5173.63
-757.769	494.802	4887.29
772.094	939.294	4216.65
-159.156	595.161	3359.32
734.384	567.197	5078.09
-691.539	1018.2	4033.84
-421.933	107.283	5082.15
-743.702	1069.21	4268.16
-377.445	-66.968	4829.52
772.545	-761.645	4985.69
-261.527	-867.989	3723.55
45.2813	-563.056	5117.77
-293.863	-110.343	4867.75
1198.87	49.9122	3994.57
593.84	-786.622	4993.31
-465.073	-404.736	4104.49
1277.63	-387.917	5312.68
-644.759	404.826	3231.83
-40.3408	487.613	5046.89
-384.591	19.6675	4922.56
1192.86	1117.93	3797.79
1304.53	994.659	5091.12
-374.823	-378.405	3903.57
-379.305	-513.486	4586.19
1105.03	578.616	4300.73
398.803	1266.07	3301.04
936.257	500.348	4061.5
566.621	230.219	4244.27
982.236	673.763	3585.84
1590.85	-699.566	5060.55
1305.16	39.4385	4462.11
1463.78	-409.028	5010.64
-628.117	559.874	4400.67
1041.68	-573.722	4708.78
-35.4378	-701.065	4353.99
-192.813	1124.13	3209.95
1444.41	-594.411	3870.43
-59.9212	-651.189	3643.33
410.445	-329.832	4333.11
-406.984	648.378	3477.78
1419.09	283.076	3536.43
883.144	827.732	5343.1
164.302	-935.319	4901.17
204.118	-267.532	4688.87
1039.55	969.175	3726.55
863.489	1086.52	3496.86
1146.45	443.544	4942.14
770.793	708.973	4983.87
1116.23	1358.81	4368.74
-32.148	700.466	5069.97
1073.67	315.48	5136.43
-433.297	487.767	4768.52
1058.93	931.358	4194.84
65.5692	589.649	3297.77
1079.07	558.698	5042.26
-424.305	1011.45	3930.15
-82.5349	100.364	4980.98
-461.001	1062.09	4157.78
-54.7322	-73.2865	4735.24
1111.76	-767.889	4957.49
-12.2367	-871.557	3655.03
389.671	-569.275	5045.02
31.8519	-116.705	4777.85
1473.27	43.4188	4003.4
932.688	-792.706	4954.76
-191.384	-409.436	4017.1
1641.18	-395.585	5307.54
-430.94	400.152	3144.77
298.429	479.847	4967.09
-55.6973	13.0844	4826.2
