649.724	3484.68	4098.46
745	461.872	2918.28
2492.54	1259.03	3479.18
1617.71	172.046	3936.22
2891.95	1613.37	5482.08
1738.44	638.785	3056.94
38.0435	-451.166	5768.8
24.0969	1724.32	4103.57
555.816	1888.37	3798.13
507.4	-276.053	3060.41
1288.77	2764.95	6111.8
-379.563	1422.92	4499.52
2667.14	-293.835	4996.78
292.855	1903.61	4493.49
2519.52	1837.04	2106.23
-439.256	2935.78	5955.63
610.95	2973.25	5030.25
-936.276	3041.77	2090.17
1415.46	3228.86	6178.06
915.014	1416.89	3149.09
-213.651	131.915	3896.08
2929.89	3405.88	3391.85
2966.69	2492.63	3619.94
488.12	237.252	5754.1
2033.19	2479.89	6189.22
2317.16	3430.33	5759.97
720.582	169.008	3094.2
-776.94	2183.95	5133.49
900.86	2882.72	5906.23
-171.78	1038.97	5235.45
170.246	649.637	1713.91
2512.99	3503.08	4740.7
-946.344	1983.83	5555.98
-1171.99	2246.73	3741.68
-94.4914	2018.55	2870.62
-373.429	862.953	2660.37
2972.99	2184.9	4250.09
-14.5377	2179.13	2518.29
2788.16	3112.33	4234.21
39.1813	-37.6435	3860.57
-553.603	828.846	3799.4
979.26	3119.79	2821.28
330.548	482.788	2226.38
2099.29	2215.17	4525.97
63.112	1965.21	4588.01
638.328	872.481	4660.59
-903.938	1167.33	3068.49
-854.175	1936.01	1790.06
2024.65	-582.475	5314.84
2512.73	2494.56	4889.92
649.724	3484.68	4098.46
745	461.872	2918.28
2492.54	1259.03	3479.18
1617.71	172.046	3936.22
2891.95	1613.37	5482.08
1738.44	638.785	3056.94
38.0435	-451.166	5768.8
24.0969	1724.32	4103.57
555.816	1888.37	3798.13
507.4	-276.053	3060.41
1288.77	2764.95	6111.8
-379.563	1422.92	4499.52
2667.14	-293.835	4996.78
292.855	1903.61	4493.49
2519.52	1837.04	2106.23
-439.256	2935.78	5955.63
610.95	2973.25	5030.25
-936.276	3041.77	2090.17
1415.46	3228.86	6178.06
915.014	1416.89	3149.09
-213.651	131.915	3896.08
2929.89	3405.88	3391.85
2966.69	2492.63	3619.94
488.12	237.252	5754.1
2033.19	2479.89	6189.22
2317.16	3430.33	5759.97
720.582	169.008	3094.2
-776.94	2183.95	5133.49
900.86	2882.72	5906.23
-171.78	1038.97	5235.45
170.246	649.637	1713.91
2512.99	3503.08	4740.7
-946.344	1983.83	5555.98
-1171.99	2246.73	3741.68
-94.4914	2018.55	2870.62
-373.429	862.953	2660.37
2972.99	2184.9	4250.09
-14.5377	2179.13	2518.29
2788.16	3112.33	4234.21
39.1813	-37.6435	3860.57
-553.603	828.846	3799.4
979.26	3119.79	2821.28
330.548	482.788	2226.38
2099.29	2215.17	4525.97
63.112	1965.21	4588.01
638.328	872.481	4660.59
-903.938	1167.33	3068.49
-854.175	1936.01	1790.06
2024.65	-582.475	5314.84
2512.73	2494.56	4889.92
649.724	3484.68	4098.46
745	461.872	2918.28
2492.54	1259.03	3479.18
1617.71	172.046	3936.22
2891.95	1613.37	5482.08
1738.44	638.785	3056.94
38.0435	-451.166	5768.8
24.0969	1724.32	4103.57
555.816	1888.37	3798.13
507.4	-276.053	3060.41
1288.77	2764.95	6111.8
-379.563	1422.92	4499.52
2667.14	-293.835	4996.78
292.855	1903.61	4493.49
2519.52	1837.04	2106.23
-439.256	2935.78	5955.63
610.95	2973.25	5030.25
-936.276	3041.77	2090.17
1415.46	3228.86	6178.06
915.014	1416.89	3149.09
-213.651	131.915	3896.08
2929.89	3405.88	3391.85
2966.69	2492.63	3619.94
488.12	237.252	5754.1
2033.19	2479.89	6189.22
2317.16	3430.33	5759.97
720.582	169.008	3094.2
-776.94	2183.95	5133.49
900.86	2882.72	5906.23
-171.78	1038.97	5235.45
170.246	649.637	1713.91
2512.99	3503.08	4740.7
-946.344	1983.83	5555.98
-1171.99	2246.73	3741.68
-94.4914	2018.55	2870.62
-373.429	862.953	2660.37
2972.99	2184.9	4250.09
-14.5377	2179.13	2518.29
2788.16	3112.33	4234.21
39.1813	-37.6435	3860.57
-553.603	828.846	3799.4
979.26	3119.79	2821.28
330.548	482.788	2226.38
2099.29	2215.17	4525.97
63.112	1965.21	4588.01
638.328	872.481	4660.59
-903.938	1167.33	3068.49
-854.175	1936.01	1790.06
2024.65	-582.475	5314.84
2512.73	2494.56	4889.92
649.724	3484.68	4098.46
745	461.872	2918.28
2492.54	1259.03	3479.18
1617.71	172.046	3936.22
2891.95	1613.37	5482.08
1738.44	638.785	3056.94
38.0435	-451.166	5768.8
24.0969	1724.32	4103.57
555.816	1888.37	3798.13
507.4	-276.053	3060.41
1288.77	2764.95	6111.8
-379.563	1422.92	4499.52
2667.14	-293.835	4996.78
292.855	1903.61	4493.49
2519.52	1837.04	2106.23
-439.256	2935.78	5955.63
610.95	2973.25	5030.25
-936.276	3041.77	2090.17
1415.46	3228.86	6178.06
915.014	1416.89	3149.09
-213.651	131.915	3896.08
2929.89	3405.88	3391.85
2966.69	2492.63	3619.94
488.12	237.252	5754.1
2033.19	2479.89	6189.22
2317.16	3430.33	5759.97
720.582	169.008	3094.2
-776.94	2183.95	5133.49
900.86	2882.72	5906.23
-171.78	1038.97	5235.45
170.246	649.637	1713.91
2512.99	3503.08	4740.7
-946.344	1983.83	5555.98
-1171.99	2246.73	3741.68
-94.4914	2018.55	2870.62
-373.429	862.953	2660.37
2972.99	2184.9	4250.09
-14.5377	2179.13	2518.29
2788.16	3112.33	4234.21
39.1813	-37.6435	3860.57
-553.603	828.846	3799.4
979.26	3119.79	2821.28
330.548	482.788	2226.38
2099.29	2215.17	4525.97
63.112	1965.21	4588.01
638.328	872.481	4660.59
-903.938	1167.33	3068.49
-854.175	1936.01	1790.06
2024.65	-582.475	5314.84
2512.73	2494.56	4889.92
649.724	3484.68	4098.46
745	461.872	2918.28
2492.54	1259.03	3479.18
1617.71	172.046	3936.22
2891.95	1613.37	5482.08
1738.44	638.785	3056.94
38.0435	-451.166	5768.8
24.0969	1724.32	4103.57
555.816	1888.37	3798.13
507.4	-276.053	3060.41
1288.77	2764.95	6111.8
-379.563	1422.92	4499.52
2667.14	-293.835	4996.78
292.855	1903.61	4493.49
2519.52	1837.04	2106.23
-439.256	2935.78	5955.63
610.95	2973.25	5030.25
-936.276	3041.77	2090.17
1415.46	3228.86	6178.06
915.014	1416.89	3149.09
-213.651	131.915	3896.08
2929.89	3405.88	3391.85
2966.69	2492.63	3619.94
488.12	237.252	5754.1
2033.19	2479.89	6189.22
2317.16	3430.33	5759.97
720.582	169.008	3094.2
-776.94	2183.95	5133.49
900.86	2882.72	5906.23
-171.78	1038.97	5235.45
170.246	649.637	1713.91
2512.99	3503.08	4740.7
-946.344	1983.83	5555.98
-1171.99	2246.73	3741.68
-94.4914	2018.55	2870.62
-373.429	862.953	2660.37
2972.99	2184.9	4250.09
-14.5377	2179.13	2518.29
2788.16	3112.33	4234.21
39.1813	-37.6435	3860.57
-553.603	828.846	3799.4
979.26	3119.79	2821.28
330.548	482.788	2226.38
2099.29	2215.17	4525.97
63.112	1965.21	4588.01
638.328	872.481	4660.59
-903.938	1167.33	3068.49
-854.175	1936.01	1790.06
2024.65	-582.475	5314.84
2512.73	2494.56	4889.92
