658.012	3527.46	4149.4
754.03	464.828	2954.84
2524.09	1271.77	3522.55
1637.33	170.427	3985.67
2928.51	1628.76	5551.33
1760	643.874	3095.16
38.0945	-461.971	5840.32
24.0336	1742.37	4154.78
562.618	1909.01	3845.39
513.351	-282.293	3099.14
1305.07	2795.21	6189.48
-384.739	1436.54	4555.82
2699.15	-302.119	5059.39
296.203	1923.67	4549.76
2552.26	1858.99	2131.2
-445.55	2968.34	6031.07
618.52	3007.58	5093.68
-949.027	3080.16	2114.07
1433.64	3265.66	6256.92
926.411	1431.93	3188.09
-216.546	129.824	3944.95
2969.32	3448.8	3433.26
3005.62	2522.11	3664.76
493.622	234.671	5825.82
2059.12	2506.21	6267.89
2347.67	3470.71	5833.52
729.223	168.149	3133.12
-787.369	2206.98	5197.93
912.127	2914.8	5981.21
-174.341	1046.88	5300.96
172.23	656.132	1735
2546.45	3545.76	4800.5
-958.864	2003.69	5625.76
-1187.49	2272.09	3788.03
-96.0087	2041.88	2905.66
-378.338	871.203	2693.42
3011.52	2209.39	4303.36
-15.0018	2205.04	2548.58
2825.15	3149.95	4287.18
39.3779	-41.7585	3909.05
-560.798	835.511	3846.89
992.058	3158.81	2855
334.485	486.672	2254.16
2126.25	2239.67	4582.83
63.505	1985.97	4645.47
645.907	878.896	4718.98
-915.584	1179.06	3106.57
-865.445	1959.29	1810.95
2048.53	-594.455	5381.15
2545.28	2522.58	4951.61
658.012	3527.46	4149.4
754.03	464.828	2954.84
2524.09	1271.77	3522.55
1637.33	170.427	3985.67
2928.51	1628.76	5551.33
1760	643.874	3095.16
38.0945	-461.971	5840.32
24.0336	1742.37	4154.78
562.618	1909.01	3845.39
513.351	-282.293	3099.14
1305.07	2795.21	6189.48
-384.739	1436.54	4555.82
2699.15	-302.119	5059.39
296.203	1923.67	4549.76
2552.26	1858.99	2131.2
-445.55	2968.34	6031.07
618.52	3007.58	5093.68
-949.027	3080.16	2114.07
1433.64	3265.66	6256.92
926.411	1431.93	3188.09
-216.546	129.824	3944.95
2969.32	3448.8	3433.26
3005.62	2522.11	3664.76
493.622	234.671	5825.82
2059.12	2506.21	6267.89
2347.67	3470.71	5833.52
729.223	168.149	3133.12
-787.369	2206.98	5197.93
912.127	2914.8	5981.21
-174.341	1046.88	5300.96
172.23	656.132	1735
2546.45	3545.76	4800.5
-958.864	2003.69	5625.76
-1187.49	2272.09	3788.03
-96.0087	2041.88	2905.66
-378.338	871.203	2693.42
3011.52	2209.39	4303.36
-15.0018	2205.04	2548.58
2825.15	3149.95	4287.18
39.3779	-41.7585	3909.05
-560.798	835.511	3846.89
992.058	3158.81	2855
334.485	486.672	2254.16
2126.25	2239.67	4582.83
63.505	1985.97	4645.47
645.907	878.896	4718.98
-915.584	1179.06	3106.57
-865.445	1959.29	1810.95
2048.53	-594.455	5381.15
2545.28	2522.58	4951.61
658.711	3531.2	4153.8
754.83	465.321	2957.97
2526.77	1273.12	3526.29
1639.06	170.607	3989.9
2931.62	1630.48	5557.21
1761.86	644.556	3098.44
38.1343	-462.461	5846.51
24.0593	1744.21	4159.19
563.215	1911.03	3849.46
513.895	-282.592	3102.43
1306.46	2798.17	6196.04
-385.146	1438.06	4560.65
2702.01	-302.44	5064.75
296.518	1925.71	4554.58
2554.96	1860.96	2133.46
-446.021	2971.49	6037.47
619.177	3010.77	5099.08
-950.032	3083.43	2116.31
1435.16	3269.12	6263.55
927.394	1433.45	3191.47
-216.775	129.962	3949.13
2972.47	3452.45	3436.9
3008.8	2524.78	3668.65
494.145	234.919	5832
2061.3	2508.87	6274.53
2350.16	3474.39	5839.71
729.996	168.327	3136.44
-788.203	2209.32	5203.45
913.094	2917.89	5987.55
-174.525	1047.99	5306.58
172.412	656.828	1736.84
2549.16	3549.51	4805.59
-959.88	2005.82	5631.72
-1188.75	2274.5	3792.05
-96.11	2044.04	2908.75
-378.739	872.127	2696.27
3014.72	2211.73	4307.92
-15.0172	2207.38	2551.28
2828.14	3153.29	4291.73
39.4194	-41.8029	3913.2
-561.393	836.397	3850.97
993.11	3162.16	2858.02
334.84	487.188	2256.55
2128.51	2242.04	4587.69
63.5727	1988.08	4650.4
646.592	879.827	4723.98
-916.554	1180.31	3109.87
-866.362	1961.37	1812.87
2050.7	-595.086	5386.86
2547.98	2525.26	4956.85
659.21	3533.88	4156.95
755.402	465.673	2960.21
2528.69	1274.09	3528.96
1640.31	170.737	3992.92
2933.84	1631.72	5561.43
1763.2	645.045	3100.79
38.1633	-462.812	5850.94
24.0774	1745.54	4162.34
563.642	1912.48	3852.38
514.284	-282.806	3104.78
1307.45	2800.29	6200.74
-385.438	1439.15	4564.11
2704.06	-302.669	5068.59
296.742	1927.17	4558.04
2556.9	1862.37	2135.08
-446.36	2973.74	6042.04
619.646	3013.05	5102.95
-950.753	3085.76	2117.91
1436.25	3271.6	6268.3
928.096	1434.54	3193.89
-216.94	130.06	3952.12
2974.72	3455.07	3439.5
3011.08	2526.69	3671.43
494.52	235.098	5836.42
2062.86	2510.77	6279.29
2351.94	3477.02	5844.13
730.549	168.455	3138.82
-788.801	2211	5207.39
913.786	2920.1	5992.09
-174.658	1048.79	5310.6
172.543	657.326	1738.16
2551.09	3552.21	4809.23
-960.607	2007.34	5635.99
-1189.65	2276.22	3794.92
-96.1831	2045.59	2910.95
-379.026	872.788	2698.32
3017	2213.41	4311.18
-15.0288	2209.05	2553.21
2830.28	3155.68	4294.98
39.4493	-41.8344	3916.16
-561.818	837.031	3853.89
993.863	3164.56	2860.19
335.093	487.557	2258.26
2130.12	2243.74	4591.17
63.6207	1989.59	4653.92
647.082	880.494	4727.56
-917.249	1181.2	3112.22
-867.019	1962.85	1814.24
2052.25	-595.537	5390.94
2549.91	2527.17	4960.61
659.21	3533.88	4156.95
755.402	465.673	2960.21
2528.69	1274.09	3528.96
1640.31	170.737	3992.92
2933.84	1631.72	5561.43
1763.2	645.045	3100.79
38.1633	-462.812	5850.94
24.0774	1745.54	4162.34
563.642	1912.48	3852.38
514.284	-282.806	3104.78
1307.45	2800.29	6200.74
-385.438	1439.15	4564.11
2704.06	-302.669	5068.59
296.742	1927.17	4558.04
2556.9	1862.37	2135.08
-446.36	2973.74	6042.04
619.646	3013.05	5102.95
-950.753	3085.76	2117.91
1436.25	3271.6	6268.3
928.096	1434.54	3193.89
-216.94	130.06	3952.12
2974.72	3455.07	3439.5
3011.08	2526.69	3671.43
494.52	235.098	5836.42
2062.86	2510.77	6279.29
2351.94	3477.02	5844.13
730.549	168.455	3138.82
-788.801	2211	5207.39
913.786	2920.1	5992.09
-174.658	1048.79	5310.6
172.543	657.326	1738.16
2551.09	3552.21	4809.23
-960.607	2007.34	5635.99
-1189.65	2276.22	3794.92
-96.1831	2045.59	2910.95
-379.026	872.788	2698.32
3017	2213.41	4311.18
-15.0288	2209.05	2553.21
2830.28	3155.68	4294.98
39.4493	-41.8344	3916.16
-561.818	837.031	3853.89
993.863	3164.56	2860.19
335.093	487.557	2258.26
2130.12	2243.74	4591.17
63.6207	1989.59	4653.92
647.082	880.494	4727.56
-917.249	1181.2	3112.22
-867.019	1962.85	1814.24
2052.25	-595.537	5390.94
2549.91	2527.17	4960.61
