-236.463	-555.13	3560.86
-506.748	-1006.27	5418.13
193.34	879.163	4552.11
427.633	82.7055	3646.1
1025.52	-761.442	4705.54
900.067	1298	4689.1
423.963	-81.8353	4189.09
424.354	357.899	4067.02
581.831	-833.783	4203.78
767.371	262.176	4242.84
-199.595	743.529	3681.07
-644.208	418.278	4089.24
138.158	1135.16	5071.1
1170.98	-669.585	4707.65
557.851	240.406	4732.15
-125.645	949.103	3822.33
22.1457	-958.738	5309.12
670.009	-475.309	5305.28
621.528	964.42	4172.37
698.144	70.2957	5277.08
195.607	667.177	4115.46
871.145	-254.262	4603.81
-912.483	854.624	4649.76
-923.728	58.3923	5288.43
279.65	-240.335	4039.83
928.506	-264.409	4629.61
-162.621	810.442	4671.77
-242.703	-849.83	4798.76
814.596	-6.82509	4569.7
246.708	683.248	4184.93
-417.244	-748.879	5372.26
1038.72	-772.091	4871.61
290.318	1190.56	4144.3
-729.986	974.618	3641.98
-8.21193	-769.994	3517.91
182.165	-514.381	3628.19
710.073	949.398	4316.51
651.406	254.867	5538.85
228.455	745.694	3671.68
976.188	409.92	5261.64
298.038	-596.374	4203.19
1030.78	452.767	4954.14
1020.67	934.5	4052.39
1106.31	-417.059	4174.14
-794.005	1056.5	4380.51
-49.0169	976.774	3817.67
751.723	-565.687	4310.57
-536.852	456.419	3393.95
-210.913	-427.819	5089.48
-341.803	1036.01	4790.08
-236.463	-555.13	3560.86
-506.748	-1006.27	5418.13
193.34	879.163	4552.11
427.633	82.7055	3646.1
1025.52	-761.442	4705.54
900.067	1298	4689.1
423.963	-81.8353	4189.09
424.354	357.899	4067.02
581.831	-833.783	4203.78
767.371	262.176	4242.84
-199.595	743.529	3681.07
-644.208	418.278	4089.24
138.158	1135.16	5071.1
1170.98	-669.585	4707.65
557.851	240.406	4732.15
-125.645	949.103	3822.33
22.1457	-958.738	5309.12
670.009	-475.309	5305.28
621.528	964.42	4172.37
698.144	70.2957	5277.08
195.607	667.177	4115.46
871.145	-254.262	4603.81
-912.483	854.624	4649.76
-923.728	58.3923	5288.43
279.65	-240.335	4039.83
928.506	-264.409	4629.61
-162.621	810.442	4671.77
-242.703	-849.83	4798.76
814.596	-6.82509	4569.7
246.708	683.248	4184.93
-417.244	-748.879	5372.26
1038.72	-772.091	4871.61
290.318	1190.56	4144.3
-729.986	974.618	3641.98
-8.21193	-769.994	3517.91
182.165	-514.381	3628.19
710.073	949.398	4316.51
651.406	254.867	5538.85
228.455	745.694	3671.68
976.188	409.92	5261.64
298.038	-596.374	4203.19
1030.78	452.767	4954.14
1020.67	934.5	4052.39
1106.31	-417.059	4174.14
-794.005	1056.5	4380.51
-49.0169	976.774	3817.67
751.723	-565.687	4310.57
-536.852	456.419	3393.95
-210.913	-427.819	5089.48
-341.803	1036.01	4790.08
-236.463	-555.13	3560.86
-506.748	-1006.27	5418.13
193.34	879.163	4552.11
427.633	82.7055	3646.1
1025.52	-761.442	4705.54
900.067	1298	4689.1
423.963	-81.8353	4189.09
424.354	357.899	4067.02
581.831	-833.783	4203.78
767.371	262.176	4242.84
-199.595	743.529	3681.07
-644.208	418.278	4089.24
138.158	1135.16	5071.1
1170.98	-669.585	4707.65
557.851	240.406	4732.15
-125.645	949.103	3822.33
22.1457	-958.738	5309.12
670.009	-475.309	5305.28
621.528	964.42	4172.37
698.144	70.2957	5277.08
195.607	667.177	4115.46
871.145	-254.262	4603.81
-912.483	854.624	4649.76
-923.728	58.3923	5288.43
279.65	-240.335	4039.83
928.506	-264.409	4629.61
-162.621	810.442	4671.77
-242.703	-849.83	4798.76
814.596	-6.82509	4569.7
246.708	683.248	4184.93
-417.244	-748.879	5372.26
1038.72	-772.091	4871.61
290.318	1190.56	4144.3
-729.986	974.618	3641.98
-8.21193	-769.994	3517.91
182.165	-514.381	3628.19
710.073	949.398	4316.51
651.406	254.867	5538.85
228.455	745.694	3671.68
976.188	409.92	5261.64
298.038	-596.374	4203.19
1030.78	452.767	4954.14
1020.67	934.5	4052.39
1106.31	-417.059	4174.14
-794.005	1056.5	4380.51
-49.0169	976.774	3817.67
751.723	-565.687	4310.57
-536.852	456.419	3393.95
-210.913	-427.819	5089.48
-341.803	1036.01	4790.08
-236.463	-555.13	3560.86
-506.748	-1006.27	5418.13
193.34	879.163	4552.11
427.633	82.7055	3646.1
1025.52	-761.442	4705.54
900.067	1298	4689.1
423.963	-81.8353	4189.09
424.354	357.899	4067.02
581.831	-833.783	4203.78
767.371	262.176	4242.84
-199.595	743.529	3681.07
-644.208	418.278	4089.24
138.158	1135.16	5071.1
1170.98	-669.585	4707.65
557.851	240.406	4732.15
-125.645	949.103	3822.33
22.1457	-958.738	5309.12
670.009	-475.309	5305.28
621.528	964.42	4172.37
698.144	70.2957	5277.08
195.607	667.177	4115.46
871.145	-254.262	4603.81
-912.483	854.624	4649.76
-923.728	58.3923	5288.43
279.65	-240.335	4039.83
928.506	-264.409	4629.61
-162.621	810.442	4671.77
-242.703	-849.83	4798.76
814.596	-6.82509	4569.7
246.708	683.248	4184.93
-417.244	-748.879	5372.26
1038.72	-772.091	4871.61
290.318	1190.56	4144.3
-729.986	974.618	3641.98
-8.21193	-769.994	3517.91
182.165	-514.381	3628.19
710.073	949.398	4316.51
651.406	254.867	5538.85
228.455	745.694	3671.68
976.188	409.92	5261.64
298.038	-596.374	4203.19
1030.78	452.767	4954.14
1020.67	934.5	4052.39
1106.31	-417.059	4174.14
-794.005	1056.5	4380.51
-49.0169	976.774	3817.67
751.723	-565.687	4310.57
-536.852	456.419	3393.95
-210.913	-427.819	5089.48
-341.803	1036.01	4790.08
-236.463	-555.13	3560.86
-506.748	-1006.27	5418.13
193.34	879.163	4552.11
427.633	82.7055	3646.1
1025.52	-761.442	4705.54
900.067	1298	4689.1
423.963	-81.8353	4189.09
424.354	357.899	4067.02
581.831	-833.783	4203.78
767.371	262.176	4242.84
-199.595	743.529	3681.07
-644.208	418.278	4089.24
138.158	1135.16	5071.1
1170.98	-669.585	4707.65
557.851	240.406	4732.15
-125.645	949.103	3822.33
22.1457	-958.738	5309.12
670.009	-475.309	5305.28
621.528	964.42	4172.37
698.144	70.2957	5277.08
195.607	667.177	4115.46
871.145	-254.262	4603.81
-912.483	854.624	4649.76
-923.728	58.3923	5288.43
279.65	-240.335	4039.83
928.506	-264.409	4629.61
-162.621	810.442	4671.77
-242.703	-849.83	4798.76
814.596	-6.82509	4569.7
246.708	683.248	4184.93
-417.244	-748.879	5372.26
1038.72	-772.091	4871.61
290.318	1190.56	4144.3
-729.986	974.618	3641.98
-8.21193	-769.994	3517.91
182.165	-514.381	3628.19
710.073	949.398	4316.51
651.406	254.867	5538.85
228.455	745.694	3671.68
976.188	409.92	5261.64
298.038	-596.374	4203.19
1030.78	452.767	4954.14
1020.67	934.5	4052.39
1106.31	-417.059	4174.14
-794.005	1056.5	4380.51
-49.0169	976.774	3817.67
751.723	-565.687	4310.57
-536.852	456.419	3393.95
-210.913	-427.819	5089.48
-341.803	1036.01	4790.08
