645.944	-642.475	4347.34
1333.7	538.407	2868.63
3289.63	47.8803	5454.29
3282.96	729.108	3095.08
498.861	2472.11	2804.12
1070.62	2394.94	1915.89
232.221	2302.06	3127.05
398.949	1773.7	4634.71
-921.031	2635.63	3695.48
548.315	1845.35	5347.17
1007.02	2281.66	5777.29
263.095	-440.165	1711.94
642.603	2097.49	1901.14
1655.3	-296.237	2151.76
2869.02	1104.7	2629.81
786.027	2311.33	3730.29
2777.12	1924.19	3820.41
2454.86	1495.1	4932.07
-324.175	3063.79	5199.34
2832.41	1782.13	5525.95
-700.15	3127.79	5160.86
3082.8	1018.83	5433.74
-560.038	1098.06	4789.44
647.104	1627.74	4590.57
3525.52	-68.3594	3329.38
724.253	-391.118	3523.05
3331.56	931.826	2772.38
2931.78	-127.108	2797.33
-1003.6	2544.85	2164.63
-552.464	-92.7556	1683.69
1556.05	177.133	3684.16
-614.703	294.855	5010.35
1020.58	-342.519	3241.95
335.254	79.3391	4635.41
-529.62	2751.98	3505.64
224.972	350.156	4813.52
403.389	69.8957	5615.19
325.434	302.945	5622.51
2923.69	556.583	5689.26
-185.309	2068.63	4857.77
-1058.7	3239.03	2572.08
1415.89	50.0536	3736.97
-33.1675	2571.91	5594.42
-1105.69	3055.44	3044.03
279.375	2409.78	2630.49
499.377	744.908	1733.82
2516.77	2226.29	2691.71
2607.02	3215.06	3010.91
-343.993	847.382	2486.51
430.067	2181.09	3200.63
645.953	-642.486	4347.41
1333.73	538.412	2868.68
3289.68	47.8715	5454.39
3283.02	729.109	3095.13
498.877	2472.15	2804.16
1070.64	2394.98	1915.92
232.232	2302.09	3127.1
398.962	1773.73	4634.78
-921.036	2635.68	3695.53
548.33	1845.38	5347.25
1007.04	2281.7	5777.38
263.098	-440.173	1711.97
642.62	2097.52	1901.17
1655.33	-296.247	2151.8
2869.07	1104.71	2629.85
786.047	2311.37	3730.35
2777.17	1924.21	3820.48
2454.9	1495.12	4932.15
-324.17	3063.84	5199.42
2832.46	1782.15	5526.04
-700.15	3127.84	5160.94
3082.85	1018.83	5433.83
-560.043	1098.08	4789.51
647.119	1627.76	4590.64
3525.58	-68.3709	3329.43
724.264	-391.126	3523.1
3331.61	931.83	2772.43
2931.82	-127.119	2797.38
-1003.61	2544.89	2164.66
-552.472	-92.7553	1683.71
1556.08	177.131	3684.22
-614.711	294.862	5010.42
1020.59	-342.528	3242
335.261	79.3396	4635.48
-529.619	2752.02	3505.69
224.977	350.161	4813.6
403.396	69.8959	5615.27
325.441	302.949	5622.6
2923.74	556.584	5689.36
-185.305	2068.66	4857.84
-1058.71	3239.09	2572.12
1415.91	50.0504	3737.03
-33.1593	2571.95	5594.5
-1105.69	3055.5	3044.08
279.387	2409.82	2630.53
499.387	744.918	1733.84
2516.82	2226.32	2691.76
2607.07	3215.1	3010.96
-343.996	847.397	2486.55
430.081	2181.12	3200.68
645.975	-642.51	4347.56
1333.77	538.427	2868.78
3289.8	47.8653	5454.58
3283.14	729.127	3095.25
498.901	2472.23	2804.26
1070.69	2395.06	1915.99
232.247	2302.17	3127.21
398.981	1773.79	4634.95
-921.061	2635.77	3695.66
548.355	1845.44	5347.44
1007.08	2281.78	5777.58
263.106	-440.189	1712.03
642.648	2097.59	1901.24
1655.39	-296.261	2151.88
2869.17	1104.74	2629.95
786.081	2311.45	3730.48
2777.27	1924.27	3820.62
2455	1495.17	4932.33
-324.172	3063.95	5199.6
2832.57	1782.2	5526.24
-700.166	3127.95	5161.12
3082.97	1018.86	5434.02
-560.058	1098.12	4789.67
647.147	1627.82	4590.81
3525.7	-68.3819	3329.56
724.289	-391.141	3523.23
3331.73	931.855	2772.54
2931.92	-127.131	2797.48
-1003.64	2544.98	2164.73
-552.491	-92.7571	1683.77
1556.13	177.134	3684.35
-614.731	294.874	5010.59
1020.63	-342.542	3242.12
335.274	79.3418	4635.64
-529.63	2752.12	3505.81
224.987	350.173	4813.77
403.412	69.8976	5615.47
325.455	302.959	5622.8
2923.84	556.596	5689.56
-185.305	2068.74	4858.01
-1058.74	3239.2	2572.2
1415.96	50.0488	3737.17
-33.1525	2572.04	5594.69
-1105.72	3055.61	3044.18
279.404	2409.91	2630.62
499.407	744.943	1733.91
2516.91	2226.39	2691.86
2607.17	3215.2	3011.07
-344.005	847.428	2486.63
430.103	2181.2	3200.8
646.01	-642.547	4347.8
1333.85	538.454	2868.95
3289.98	47.8617	5454.89
3283.32	729.161	3095.43
498.934	2472.37	2804.42
1070.75	2395.19	1916.09
232.265	2302.3	3127.38
399.008	1773.89	4635.2
-921.106	2635.92	3695.86
548.39	1845.54	5347.73
1007.15	2281.9	5777.9
263.12	-440.214	1712.13
642.688	2097.71	1901.35
1655.48	-296.28	2152
2869.33	1104.8	2630.1
786.13	2311.57	3730.69
2777.43	1924.37	3820.83
2455.13	1495.24	4932.6
-324.183	3064.12	5199.88
2832.73	1782.29	5526.55
-700.197	3128.13	5161.4
3083.14	1018.91	5434.33
-560.086	1098.18	4789.94
647.187	1627.91	4591.06
3525.9	-68.3925	3329.75
724.329	-391.164	3523.42
3331.92	931.899	2772.7
2932.09	-127.143	2797.64
-1003.69	2545.12	2164.85
-552.522	-92.7611	1683.86
1556.22	177.141	3684.56
-614.763	294.892	5010.87
1020.69	-342.563	3242.3
335.294	79.3457	4635.9
-529.653	2752.27	3506
225.001	350.192	4814.03
403.436	69.9009	5615.78
325.475	302.975	5623.1
2924	556.621	5689.88
-185.31	2068.85	4858.27
-1058.79	3239.38	2572.34
1416.04	50.0489	3737.37
-33.1481	2572.18	5595
-1105.78	3055.78	3044.34
279.424	2410.04	2630.76
499.436	744.983	1734
2517.05	2226.51	2692.01
2607.32	3215.38	3011.25
-344.022	847.475	2486.77
430.131	2181.32	3200.97
941.435	-647.881	4320.44
1532.73	532.463	2900.3
3672.04	37.713	5560.88
3506.58	721.032	3235.11
688.779	2463.5	2782.77
1203.65	2387.27	1941.24
442.61	2293.5	3085.94
711.651	1763.85	4581.88
-678.157	2626.58	3578.22
909.586	1834.26	5291.9
1399.26	2268.87	5740.63
379.569	-441.973	1702.42
772.682	2090.68	1902.95
1808.02	-299.967	2215.38
3059.22	1096.93	2751.9
1039.63	2301.5	3711.91
3046.56	1913.39	3916.61
2797.6	1483.76	4994.09
22.4834	3051.43	5092.32
3216.79	1769.16	5599.85
-357.922	3115.67	5032.57
3462.49	1007.15	5525.81
-241.333	1089.91	4681.02
958.098	1618.02	4553.17
3766.35	-75.5492	3482.24
964.641	-395.88	3512.43
3533.65	923.804	2919.5
3134	-133.004	2924.22
-863.96	2538.14	2066.16
-441.969	-94.5123	1626.52
1811.08	170.519	3717.33
-281.119	287.844	4897.85
1243.5	-347.201	3252.55
648.327	72.5031	4584.03
-297.649	2742.68	3413.48
549.378	342.681	4752.25
782.631	61.6629	5552.86
704.705	294.352	5554.87
3319.93	545.475	5769.64
139.441	2058.4	4766.98
-892.209	3230.58	2462.14
1673.84	43.6952	3761.65
341.632	2559.65	5499.68
-907.638	3046.7	2924.76
456.586	2401.69	2599.31
618.023	740.813	1734
2709	2216.73	2789.16
2820.78	3203.26	3105.73
-178.894	842.703	2426.31
646.406	2172.5	3170.18
