4.839672164477834144e+02	2.728604374439375988e+02
4.823308098728405753e+02	3.227988915048772469e+02
4.419462841121543306e+02	1.973158061016089562e+02
3.437413148068517899e+02	2.509628592520289203e+02
4.029105112435366323e+02	2.375152005385763516e+02
4.795468721648175574e+02	2.918620667448875565e+02
4.131764430769914611e+02	3.260504294982778788e+02
3.412585894179621278e+02	2.437133541080897885e+02
4.589955399681318795e+02	1.862826339718485258e+02
4.383425702122608527e+02	1.961582688813315372e+02
4.698135384515766191e+02	1.863496719392219063e+02
4.443079903787315743e+02	1.821084027493923827e+02
3.680342903772722707e+02	1.810031243832455914e+02
4.325408875809487768e+02	1.911299298612456710e+02
4.573939609097101879e+02	3.121532764274222131e+02
4.008396070022774325e+02	3.166506846263391708e+02
3.691653353416867844e+02	1.506601108876780870e+02
3.169268372361660226e+02	2.924576817787690857e+02
4.455069867883947268e+02	2.168586686885637960e+02
5.102026092528618051e+02	2.399461495689828610e+02
5.188099604881505229e+02	2.027078836371664750e+02
4.725618990286630492e+02	3.001692909782791503e+02
3.977066831043418915e+02	2.616847086752147789e+02
4.813895617300120762e+02	2.902573808795297623e+02
4.035020565180136032e+02	2.062131350935987655e+02
3.575133736676251601e+02	1.570117795258914271e+02
3.922866970867067380e+02	3.297358395178022192e+02
3.833900493538342857e+02	3.114416615443142859e+02
3.873661163216304431e+02	1.539948831296802894e+02
3.711913021682578346e+02	1.795113641914508946e+02
4.325700504747108539e+02	1.979781012715680504e+02
3.486638845920519429e+02	2.908886686571260611e+02
3.545965406802730513e+02	2.007472122157622039e+02
4.010585599587985257e+02	1.762872027987943397e+02
4.446827981989015370e+02	2.442453996950954433e+02
4.798119395891787349e+02	2.924922691427133259e+02
4.192764614803156178e+02	2.376942263192851499e+02
3.616303298011654306e+02	2.153422236095371431e+02
4.840709276242848205e+02	2.389267667409830551e+02
3.043776920794883836e+02	3.570554238475259012e+02
4.507385724345819540e+02	2.733740957924798067e+02
3.968328181305393514e+02	2.749156428536653038e+02
3.326567670137450818e+02	2.704047727779450838e+02
3.532080167863717293e+02	2.378977020691522171e+02
3.501671355683613456e+02	2.286700458378839755e+02
3.756764431544842751e+02	2.384922748095905547e+02
4.326529502178887014e+02	2.126686414626132091e+02
3.903419260667585036e+02	2.174567921333554068e+02
4.918837025374745053e+02	1.975445607639039736e+02
4.843177563564433967e+02	2.519980829757144818e+02
