3.480202849573167896e+02	2.394027337688415855e+02
3.444213448579878900e+02	2.583127745881861301e+02
4.183136406279989501e+02	1.520314175838656752e+02
4.031729031109380230e+02	2.469607403008192534e+02
3.936780212011034337e+02	2.502029423885328470e+02
3.489111210663305087e+02	2.360170563202558185e+02
3.224003471413848843e+02	2.757860359842279081e+02
4.532488001193333957e+02	1.923663818840921920e+02
4.319338255961764048e+02	2.448072164649143758e+02
3.369053810625402434e+02	2.097401278867697272e+02
4.087615443681526131e+02	3.483925957143547976e+02
3.930240876694061285e+02	2.240419324501804681e+02
3.089012037078379080e+02	1.939941657155631560e+02
4.254278335288533981e+02	3.367236658443774218e+02
2.967661328777984977e+02	2.406974897171201917e+02
3.461836091392981984e+02	1.996537971685125683e+02
3.773867046904556446e+02	2.520712284332803108e+02
3.887108042008732696e+02	2.074382626090066708e+02
3.670718334666599389e+02	2.645905883503174891e+02
3.394951710794263704e+02	2.859613251316295077e+02
3.943541786366994870e+02	2.869294948911175425e+02
3.740093741397891449e+02	1.664101355253846748e+02
3.484304231582063949e+02	2.291710728131714916e+02
3.773075839447286626e+02	2.165991260296435428e+02
4.558664458949273239e+02	2.796854810370525115e+02
3.739403123450240969e+02	2.052703792154204905e+02
4.039890964229025485e+02	1.654909166529714923e+02
3.843586139489692073e+02	1.815876482854613982e+02
3.241644005665631880e+02	2.251048021419166503e+02
4.682608908643484824e+02	3.272422421773291603e+02
3.134008967760922815e+02	2.809626859908319148e+02
3.554053483803741074e+02	2.456880217958652395e+02
3.588659299149790058e+02	2.400179121384217638e+02
3.241961999633750224e+02	2.122117982139943422e+02
3.108278158601389123e+02	3.286343621191221587e+02
4.330270171055485093e+02	3.401300670214608317e+02
3.603520454789783685e+02	2.655012665657523598e+02
3.539108227213459372e+02	1.795622312008211452e+02
4.387405201817583702e+02	2.624935886003811447e+02
3.976851110926246520e+02	2.328216261576154977e+02
3.554064708757106814e+02	2.414810615782732555e+02
3.364371573624050598e+02	2.102055506103861831e+02
3.152017023491951591e+02	2.943951589655439420e+02
3.086584666693908616e+02	3.072560223912221318e+02
4.480315703816992823e+02	3.302649544834760604e+02
3.723933510805447895e+02	2.990297970923854791e+02
3.182653422520564845e+02	3.181018323664489458e+02
3.730863727172223889e+02	2.802819833778438579e+02
3.822882615474876502e+02	3.140185110653451375e+02
3.433325867385957508e+02	2.521485808545662053e+02
