4.224632705744009513e+02	5.390038989524791759e+02
4.492811696898988885e+02	2.897183380948115428e+02
6.178635734633252241e+02	3.615042694521767999e+02
5.103966965844275023e+02	2.483647870278429082e+02
5.572411440434632368e+02	3.378114430922984184e+02
5.622860404353691592e+02	3.071542164685292846e+02
3.707471608052769056e+02	2.054236858972024038e+02
3.667938521875296942e+02	3.844815038657677064e+02
4.161146745636767150e+02	4.117667782973043131e+02
4.177789588214323544e+02	2.008740056532498102e+02
4.456580527637702289e+02	3.954516079614506907e+02
3.355650645907989542e+02	3.473068592957467331e+02
5.573847997512015127e+02	2.115053632670605168e+02
3.894878320494302670e+02	3.855423956641039354e+02
7.776180627338429758e+02	5.426181096380971667e+02
3.432189887138692939e+02	4.109350032601805651e+02
4.115734149921512994e+02	4.456620179730413724e+02
1.887251479138579668e+02	7.616104930599059344e+02
4.524626205353795854e+02	4.206601583534705355e+02
4.641785117221875225e+02	3.943255657821156888e+02
3.434665430885742126e+02	2.457305633767287247e+02
6.717638594376848005e+02	5.914195480321396872e+02
6.562392936529406597e+02	4.782508108440820251e+02
3.989895729849835675e+02	2.481073880523753132e+02
4.877957156085151382e+02	3.765166968126049483e+02
5.138644570802850922e+02	4.463102788497655524e+02
4.423114816528085385e+02	2.526181770889189409e+02
3.134084083822523326e+02	3.868336420213228735e+02
4.244418905743482924e+02	4.084701092941019738e+02
3.559378451207703620e+02	3.048065166076365244e+02
3.781456324334865258e+02	3.693965072025268910e+02
5.574756092974132571e+02	4.974179900641213408e+02
3.074323693686041565e+02	3.622460003003230327e+02
2.504877102042941885e+02	4.505481241204233243e+02
3.464928233658488352e+02	4.866527550708520948e+02
3.053875034524139096e+02	3.503871690363392872e+02
6.156762369286350349e+02	4.160807154826940746e+02
3.533636581559871388e+02	5.451359449634514931e+02
6.016393096078909366e+02	4.955309949170867299e+02
3.665670957317997818e+02	2.299625227456561447e+02
3.106579780680431213e+02	3.121619607899964421e+02
4.835234825104537322e+02	6.304839570714790398e+02
4.042173150634429817e+02	3.109840750419799065e+02
5.325157688146106238e+02	4.079811586368194867e+02
3.713207796377059253e+02	3.873874253327661563e+02
4.153062075110163960e+02	3.003691495786324026e+02
2.531116405371597295e+02	3.710217197849244144e+02
1.724763827364923543e+02	6.256535618432684487e+02
5.035919622636825466e+02	1.936054328634630224e+02
5.514983988812666666e+02	4.152581138863212686e+02
