97.3708	283.634
114.923	285.491
135.121	444.206
135.121	444.206
170.382	359.764
218.015	245.176
378.781	295.031
378.781	295.031
379.52	244.645
380.387	204.287
381.514	359.431
473.289	82.1643
519.768	208.643
535.246	249.902
535.246	249.902
654.373	89.9467
661.935	126.395
664.376	83.3358
672.222	135.817
682.178	104.413
689.624	74.7212
696.818	105.968
713.057	146.099
114.865	285.705
135.105	444.179
135.105	444.179
170.401	359.769
170.401	359.769
235.096	204.924
235.096	204.924
377.903	359.486
378.765	295.001
380.384	204.322
381.457	359.275
451.617	24.1201
480	100.552
480	100.552
487.679	121.729
507.308	174.521
507.308	174.521
535.319	249.885
535.319	249.885
634.063	52.4657
654.929	90.3326
661.973	126.475
672.05	135.659
682.193	104.449
689.461	74.6585
698.494	73.1082
709.017	143.969
713.063	146.119
68.7941	334.11
70.4395	326.253
84.689	373.333
97.9619	355.254
108.223	289.696
115.295	285.959
135.165	444.169
135.165	444.169
381.418	142.751
378.784	295.052
378.784	295.052
381.517	359.51
473.064	82.2174
535.269	249.927
555.033	300.85
613.566	452.414
613.566	452.414
633.345	85.2593
654.475	90.0807
671.868	135.542
671.868	135.542
697.015	106.085
698.16	73.0896
713.002	146.176
721.728	122.792
70.4794	326.213
75.6219	348.872
80.9134	269.566
97.7488	354.912
108.146	289.549
135.127	444.13
137.584	335.357
170.387	359.717
170.387	359.717
217.959	245.204
234.956	204.98
234.956	204.98
248.798	171.656
381.435	142.781
380.372	204.301
380.372	204.301
378.736	295.032
377.881	359.516
377.881	359.516
376.618	445.012
507.424	174.525
519.693	208.668
535.244	249.91
535.244	249.91
555.109	300.865
555.109	300.865
613.59	452.403
613.59	452.403
633.272	85.0991
654.584	90.1757
671.999	135.687
671.999	135.687
682.259	104.52
689.984	75.0902
698.112	73.1698
721.86	122.891
55.9071	304.428
57.9644	269.041
56.9805	460.098
66.7894	394.426
71.7505	274.076
66.9191	427.044
71.6263	459.207
97.9282	355.187
97.9282	355.187
107.72	289.675
135.036	444.196
170.238	359.755
170.238	359.755
217.917	245.227
235.072	204.93
235.072	204.93
379.488	244.62
377.883	359.546
377.883	359.546
376.577	445.014
376.577	445.014
487.592	121.742
487.592	121.742
535.216	249.916
535.216	249.916
613.586	452.453
672.179	135.775
672.179	135.775
697.055	106.062
64.2766	306.931
64.1848	372.908
67.2455	394.581
66.9232	427.143
87.9383	317.477
98.0165	355.177
137.426	335.398
135.123	444.206
170.25	359.807
170.25	359.807
196.718	295.553
248.812	171.587
248.812	171.587
380.344	204.367
380.344	204.367
379.519	244.668
379.519	244.668
378.753	295.016
378.753	295.016
377.882	359.441
377.882	359.441
473.268	82.2015
519.709	208.676
613.589	452.466
613.589	452.466
671.952	135.605
55.7977	304.372
62.3356	323.243
66.3085	361.33
80.3669	268.783
81.4085	396.499
87.1782	393.198
98.0222	355.256
135.138	444.153
170.3	359.782
170.3	359.782
217.971	245.193
378.746	295.029
378.746	295.029
381.444	359.645
456.287	26.2711
507.519	174.496
580.858	365.863
580.858	365.863
613.601	452.423
613.601	452.423
654.636	90.1629
672.065	135.7
697.185	106.037
721.712	122.883
97.9266	355.132
97.9266	355.132
115.293	285.556
135.13	444.181
135.13	444.181
170.325	359.805
170.325	359.805
196.541	295.551
196.541	295.551
234.94	204.948
234.94	204.948
378.753	295.025
378.753	295.025
377.889	359.369
381.484	359.425
376.526	445.07
473.11	82.1913
473.11	82.1913
479.981	100.58
479.981	100.58
496.443	146.211
519.63	208.666
519.63	208.666
535.211	249.914
535.211	249.914
555.103	300.882
555.103	300.882
580.866	365.842
654.667	90.2398
661.746	126.241
672.036	135.685
709.516	143.852
713.088	146.078
107.786	289.617
115.1	285.892
137.524	335.317
135.108	444.182
170.318	359.78
380.383	204.345
380.383	204.345
378.723	294.987
479.969	100.589
479.969	100.589
487.567	121.757
507.394	174.522
507.394	174.522
519.655	208.664
519.655	208.664
535.257	249.908
535.257	249.908
555.064	300.857
555.064	300.857
580.867	365.848
672.028	135.7
672.028	135.7
696.862	105.984
713.192	146.204
48.4717	286.624
57.5902	268.775
62.3317	323.302
62.3317	323.302
66.5979	361.297
67.1922	394.495
69.9307	352.629
70.9189	459.445
70.9189	459.445
74.6346	406.572
87.1	393.073
89.9044	294.304
97.8956	355.214
97.8956	355.214
98.3814	395.352
108.149	289.564
135.09	444.216
137.416	335.391
196.432	295.558
380.425	204.352
380.425	204.352
378.76	295.04
376.624	444.977
381.58	359.587
519.716	208.622
580.872	365.907
613.631	452.508
613.631	452.508
48.3847	286.526
48.3847	286.526
61.0836	348.286
62.3328	323.345
62.3328	323.345
66.737	427.235
66.4574	361.277
70.3451	459.158
80.0114	298.129
80.5888	269.035
87.2852	393.313
91.3653	343.661
97.5788	354.936
98.4858	395.119
135.082	444.141
170.3	359.755
170.3	359.755
196.672	295.548
196.672	295.548
378.793	295.065
378.793	295.065
380.401	204.325
381.498	359.55
554.977	300.876
554.977	300.876
580.978	365.948
580.978	365.948
613.678	452.516
728.662	443.087
48.2683	286.518
62.3788	323.207
62.3788	323.207
63.9128	285.701
66.5321	361.268
66.7114	427.241
70.7281	459.294
74.4409	366.285
80.0039	298.066
80.8832	269.547
81.2698	396.514
87.1953	393.174
89.8877	294.347
97.8041	355.137
107.87	289.566
196.447	295.546
248.845	171.552
379.485	244.629
378.754	295.012
378.754	295.012
377.89	359.51
377.89	359.51
519.78	208.715
535.268	249.907
535.268	249.907
555.063	300.894
555.063	300.894
580.985	365.915
728.551	443.079
40.5365	284.911
45.8101	346.572
63.9267	285.743
64.1017	306.896
66.5934	361.354
66.7389	427.182
70.3474	326.329
71.0823	459.56
71.5019	448.795
80.6792	269.246
87.3127	393.345
97.9398	355.181
97.9398	355.181
98.5281	394.946
108.02	289.585
114.998	286.061
135.056	444.175
135.056	444.175
137.347	335.431
170.266	359.781
170.266	359.781
196.58	295.545
196.58	295.545
380.399	204.347
380.399	204.347
377.91	359.52
376.645	445.006
381.203	359.651
535.327	249.93
535.327	249.93
555.032	300.885
555.032	300.885
580.995	365.931
580.995	365.931
728.57	443.187
40.479	284.921
45.0667	266.213
62.4382	323.247
64.1014	306.873
66.5066	361.244
66.7592	427.191
67.4078	394.581
70.8835	459.319
71.5297	448.865
74.4999	366.194
81.3173	396.532
87.8569	317.474
87.8569	317.474
87.2188	393.219
90.9189	343.438
94.1572	287.04
115.103	285.682
135.07	444.135
135.07	444.135
170.291	359.755
170.291	359.755
196.539	295.558
196.539	295.558
379.508	244.648
379.508	244.648
378.745	295.033
378.745	295.033
377.907	359.495
377.907	359.495
376.641	445.158
381.495	359.393
535.238	249.905
535.238	249.905
555.154	300.892
555.154	300.892
613.607	452.458
613.607	452.458
46.2321	346.72
58.273	269.414
57.9969	459.56
62.4535	323.325
62.4535	323.325
66.1284	361.308
66.7823	427.228
71.7381	448.832
80.7796	269.302
87.1643	393.182
97.2035	283.709
97.9283	355.255
97.9283	355.255
98.3998	395.469
121.085	326.16
379.51	244.641
379.51	244.641
377.902	359.501
377.902	359.501
555.139	300.905
555.139	300.905
613.659	452.469
613.659	452.469
42.048	350.602
54.0546	355.129
57.9395	269.097
57.7132	459.666
62.3824	323.267
66.7234	427.12
67.5331	394.61
70.2875	326.292
71.09	459.428
80.7388	269.357
84.1516	372.543
87.1345	393.154
89.891	294.319
97.7758	355.075
114.985	286.055
135.047	444.151
135.047	444.151
137.604	335.342
170.383	359.734
170.383	359.734
380.395	204.33
379.533	244.65
378.775	295.053
378.775	295.053
376.574	445.027
507.521	174.539
507.521	174.539
535.301	249.912
535.301	249.912
555.105	300.89
555.105	300.89
580.894	365.918
580.894	365.918
728.419	443.205
58.1256	459.552
61.424	348.46
62.3903	323.337
62.3903	323.337
66.7005	361.236
66.7129	427.126
70.768	459.188
80.4569	269.122
79.9462	298.204
81.4397	396.655
87.2061	393.192
97.1352	283.728
97.6863	355.008
120.815	326.146
135.108	444.096
135.108	444.096
170.315	359.751
170.315	359.751
196.689	295.544
196.689	295.544
379.506	244.684
379.506	244.684
378.775	295.035
378.775	295.035
377.888	359.441
381.394	359.52
519.786	208.615
535.318	249.939
535.318	249.939
555.118	300.894
555.118	300.894
613.637	452.523
54.0796	355.118
58.3187	269.405
62.4309	323.325
66.6515	427.212
67.2958	394.552
70.4041	326.297
71.9318	273.939
70.9817	459.213
71.7558	448.919
75.5319	348.832
80.4575	269.03
87.2733	393.315
91.6024	343.916
97.7409	355.055
120.954	326.086
135.061	444.184
135.061	444.184
137.532	335.366
170.289	359.766
170.289	359.766
379.535	244.653
379.535	244.653
378.756	295.048
378.756	295.048
381.505	359.352
535.289	249.948
535.289	249.948
555.063	300.869
555.063	300.869
580.926	365.931
580.926	365.931
613.617	452.467
728.646	443.172
40.4654	284.965
40.4654	284.965
62.4464	323.336
62.4464	323.336
66.648	361.276
66.6327	427.147
70.8283	459.155
72.104	449.032
74.2669	366.221
80.0346	298.153
80.8316	269.223
87.1365	393.105
97.9738	355.174
97.9738	355.174
98.5988	394.884
107.701	289.601
135.112	444.13
135.112	444.13
170.292	359.739
170.292	359.739
196.696	295.531
380.419	204.329
376.586	445.036
376.586	445.036
381.183	359.533
555.119	300.879
555.119	300.879
613.622	452.501
33.2013	264.205
40.3937	284.963
45.7648	346.613
56.6742	460.077
62.3923	323.326
66.6374	427.256
70.3599	326.279
70.4922	458.784
74.6197	366.283
79.9658	298.147
80.5358	269.129
81.6329	396.819
81.6329	396.819
108.177	289.537
135.054	444.182
135.054	444.182
170.229	359.76
170.229	359.76
196.593	295.545
196.593	295.545
217.917	245.161
379.498	244.655
379.498	244.655
378.795	295.079
378.795	295.079
377.892	359.597
377.892	359.597
376.578	445.002
376.578	445.002
535.284	249.927
555.039	300.862
555.039	300.862
580.881	365.916
580.881	365.916
613.663	452.48
