40.526	284.982
48.3193	286.478
62.3706	323.203
66.6998	427.196
66.5572	361.256
67.156	336.823
70.1911	458.753
69.753	352.562
79.3103	404.629
81.3102	396.478
97.671	354.932
97.671	354.932
97.1281	283.683
107.735	289.604
121.446	325.217
135.049	444.159
137.338	335.407
170.223	359.805
170.223	359.805
217.916	245.157
217.916	245.157
380.414	204.339
380.414	204.339
381.195	359.482
535.271	249.965
535.271	249.965
555.09	300.894
580.972	365.924
580.972	365.924
613.675	452.518
728.597	442.98
40.5131	284.961
48.3946	286.451
53.8582	355.282
64.0643	306.824
66.7602	427.305
66.3455	361.197
67.1553	336.826
70.2123	458.782
77.0456	413.513
81.0442	269.401
87.9593	317.483
89.8495	294.355
97.7517	354.967
97.7517	354.967
98.3143	394.801
115.013	285.72
135.042	444.151
137.319	335.399
170.232	359.787
170.232	359.787
217.881	245.174
235.163	204.903
381.139	359.538
535.273	249.947
535.273	249.947
555.118	300.875
613.704	452.52
728.148	442.954
35.7136	289.386
53.8434	355.279
57.7872	269.137
62.336	323.301
62.336	323.301
66.7199	427.315
66.6413	361.258
70.1522	458.69
81.2897	396.472
90.7481	343.3
97.2114	283.695
98.3958	394.549
107.873	289.58
121.471	325.296
135.098	444.169
170.251	359.772
170.251	359.772
217.949	245.15
235.032	204.929
380.434	204.34
380.434	204.34
535.248	249.941
555.07	300.903
555.07	300.903
728.438	443.049
744.743	460.149
35.6218	289.365
48.3023	286.464
61.0695	348.326
64.0496	306.883
66.6783	427.265
66.2252	361.205
67.2234	336.886
80.0635	298.127
87.1107	393.078
97.8179	355.054
97.8179	355.054
115.134	285.745
121.374	325.275
135.097	444.138
137.324	335.411
170.247	359.781
170.247	359.781
217.819	245.176
235.163	204.9
376.629	445
379.536	244.636
535.239	249.951
535.239	249.951
555.148	300.894
580.962	365.955
580.962	365.955
613.676	452.509
728.439	443.062
40.4813	284.916
48.41	286.439
54.1197	355.206
62.3971	323.273
66.8043	427.266
66.393	361.219
67.2989	336.871
81.2446	396.467
80.8085	269.292
87.2099	393.26
97.6652	354.923
97.6652	354.923
121.362	325.25
137.335	335.395
217.929	245.154
235.099	204.905
376.615	445.029
379.547	244.601
380.42	204.345
381.501	359.691
535.247	249.958
535.247	249.958
613.696	452.489
728.549	443.008
35.8792	289.472
41.8983	350.566
58.0927	269.212
62.3828	323.228
66.798	427.337
66.8006	361.355
67.3694	336.853
72.6302	449.22
81.1888	396.335
81.1888	396.335
84.2229	283.663
97.7501	354.996
97.7501	354.996
114.946	285.612
121.521	325.275
135.042	444.192
137.421	335.368
170.243	359.768
170.243	359.768
235.141	204.902
235.141	204.902
376.613	445.01
555.054	300.871
728.469	442.969
40.5697	284.941
53.617	355.333
63.8971	285.583
64.1819	306.846
66.8211	427.296
66.4263	361.21
67.1463	336.85
70.2448	458.771
79.9609	298.065
79.9609	298.065
81.2245	396.364
81.2245	396.364
80.8169	269.434
97.711	354.95
97.711	354.95
108.203	289.619
135.008	444.214
137.385	335.403
170.208	359.778
170.208	359.778
235.161	204.924
379.555	244.614
380.427	204.348
381.189	359.575
535.24	249.943
555.11	300.901
613.712	452.509
728.391	443.001
35.9389	289.406
35.9389	289.406
61.462	348.441
62.4427	323.224
66.7226	427.264
66.5458	361.28
67.0853	394.475
67.2494	336.875
70.1382	458.788
75.6062	348.854
81.4813	396.689
80.8239	269.306
87.1728	393.122
107.742	289.648
121.429	325.238
135.064	444.186
137.321	335.465
170.258	359.782
170.258	359.782
217.957	245.173
235.16	204.891
376.616	444.948
380.424	204.326
380.424	204.326
555.113	300.882
613.661	452.514
722.521	457.519
728.563	443.009
53.8877	355.192
57.9808	269.201
63.811	285.669
64.8387	329.198
66.8377	427.277
66.3393	361.286
67.1669	336.82
70.2148	458.814
69.9034	322.101
72.2197	449.003
74.9037	366.5
80.4196	269.39
87.1169	393.112
89.8774	294.337
97.827	355.013
98.4519	394.301
114.601	285.625
135.048	444.188
137.374	335.4
170.222	359.792
170.222	359.792
235.14	204.902
235.14	204.902
378.798	295.056
378.798	295.056
379.54	244.64
379.54	244.64
613.657	452.51
728.397	442.946
48.344	286.476
57.6813	268.934
62.4605	323.257
64.0426	306.848
66.7741	427.352
66.2607	361.232
69.9928	458.66
69.8871	352.582
71.9375	448.934
81.3975	396.594
87.0623	393.063
87.9719	317.42
97.0891	283.74
97.7043	354.957
97.7043	354.957
107.795	289.602
121.362	325.315
135.05	444.159
137.399	335.381
170.212	359.789
170.212	359.789
235.114	204.922
235.114	204.922
380.42	204.321
380.42	204.321
381.406	359.526
535.233	249.923
535.233	249.923
555.105	300.889
555.105	300.889
613.688	452.512
728.309	443.094
36.0084	289.478
62.4312	323.158
63.8841	372.871
63.9056	285.669
66.7569	427.272
66.4441	361.324
67.1942	336.8
70.2247	458.773
79.988	298.028
80.2147	268.672
87.1203	393.129
89.8976	294.339
97.8182	355.016
97.8182	355.016
135.047	444.17
137.429	335.343
235.069	204.914
235.069	204.914
379.553	244.613
381.474	359.572
555.099	300.897
555.099	300.897
613.718	452.541
728.495	443.019
40.5653	284.887
53.86	355.2
62.4377	323.274
63.8556	285.707
66.6617	427.191
66.5008	361.269
67.1818	336.822
69.9986	458.697
80.5603	269.408
87.1247	393.101
97.7263	354.951
97.7263	354.951
98.4256	394.378
107.661	289.551
121.488	325.308
135.067	444.165
170.241	359.786
170.241	359.786
196.505	295.546
196.505	295.546
217.933	245.183
235.149	204.91
378.8	295.057
379.545	244.63
379.545	244.63
381.16	359.468
535.244	249.955
535.244	249.955
613.717	452.538
728.394	442.953
40.5032	284.892
48.3771	286.447
62.4329	323.266
62.4329	323.266
66.6251	427.26
66.4846	361.225
70.4146	458.854
69.9458	352.583
81.4185	396.631
81.4185	396.631
80.4948	269.423
97.7146	354.941
97.7146	354.941
115.124	285.632
121.431	325.253
135.056	444.174
170.238	359.768
170.238	359.768
196.539	295.537
196.539	295.537
217.896	245.164
235.102	204.915
376.62	444.99
378.789	295.042
380.423	204.331
380.423	204.331
381.222	359.503
535.283	249.959
535.283	249.959
555.047	300.892
580.974	365.944
580.974	365.944
613.678	452.517
728.375	442.979
48.3715	286.49
63.7414	372.68
63.9346	285.719
64.202	306.839
66.6432	427.299
66.3278	361.22
67.2659	336.894
69.921	458.694
69.921	458.694
87.0983	393.098
97.7355	354.961
97.7355	354.961
98.3916	394.573
107.693	289.528
115.041	285.639
121.465	325.298
135.059	444.147
135.059	444.147
137.391	335.397
170.274	359.821
170.274	359.821
235.125	204.908
235.125	204.908
328.033	45.8568
376.612	445.016
380.415	204.328
380.415	204.328
381.2	359.464
535.201	249.959
535.201	249.959
613.712	452.528
728.123	443.012
40.6528	284.875
53.9002	355.246
58.0156	269.204
62.4118	323.215
66.778	427.307
67.1626	336.832
70.156	458.676
69.8294	352.549
69.9007	322.072
70.3696	326.229
80.8737	269.38
87.1762	393.194
97.7946	355.016
97.7946	355.016
115.085	285.562
135.121	444.145
137.392	335.411
170.214	359.781
170.214	359.781
235.142	204.928
235.142	204.928
379.545	244.623
380.42	204.314
381.439	359.471
535.234	249.944
535.234	249.944
555.151	300.898
728.642	442.927
35.6479	289.427
41.9563	350.521
53.7895	355.217
58.8379	270.152
62.4042	323.256
62.4042	323.256
66.721	427.277
70.2438	458.799
69.9041	322.144
70.4927	330.714
80.5157	269.354
87.0397	393.019
97.119	283.732
97.7014	354.913
97.7014	354.913
135.038	444.151
137.434	335.375
170.267	359.781
170.267	359.781
217.915	245.151
235.153	204.913
376.615	444.992
380.426	204.326
380.426	204.326
381.081	359.537
555.059	300.906
555.059	300.906
613.682	452.53
728.402	443.055
44.7214	266.615
53.8683	355.251
63.87	285.643
66.7146	427.26
66.7051	361.265
67.2325	336.831
70.1969	458.692
70.1969	458.692
69.6699	322.052
80.2959	268.583
87.0858	393.069
97.8025	355.048
97.8025	355.048
98.4411	394.63
121.442	325.286
135.083	444.161
137.412	335.453
170.251	359.763
170.251	359.763
235.156	204.902
235.156	204.902
377.908	359.513
380.42	204.336
380.42	204.336
381.446	359.534
535.254	249.95
535.254	249.95
613.68	452.515
722.484	457.44
728.495	443.005
36.0084	289.406
53.778	355.23
55.7618	304.336
63.949	285.716
66.7887	427.303
66.4398	361.266
67.3295	336.853
70.0925	458.683
70.0925	458.683
87.081	393.067
89.8286	294.302
96.9466	283.778
97.7718	355.026
97.7718	355.026
98.3471	394.909
107.688	289.62
121.454	325.224
135.073	444.155
137.41	335.356
170.213	359.797
170.213	359.797
217.874	245.163
235.189	204.89
380.405	204.335
380.405	204.335
381.424	359.625
555.07	300.9
580.953	365.912
580.953	365.912
613.713	452.517
728.362	443.001
40.5485	284.959
48.3803	286.458
54.0356	355.193
64.0025	306.833
66.7154	427.219
66.5469	361.285
67.1896	336.863
70.1799	458.772
70.4325	326.224
81.2689	396.525
81.2689	396.525
89.8769	294.269
97.7619	354.999
97.7619	354.999
107.772	289.597
115.005	285.73
135.091	444.13
137.427	335.388
170.193	359.794
170.193	359.794
217.934	245.159
235.111	204.917
376.604	445.043
377.904	359.484
379.54	244.65
380.441	204.338
381.439	359.732
535.257	249.954
535.257	249.954
613.708	452.528
728.287	443.024
40.55	284.995
54.0259	355.237
62.4399	323.246
62.4399	323.246
63.9224	285.704
66.6786	427.227
69.8849	352.595
70.2028	322.127
81.3534	396.538
80.5191	269.351
87.1779	393.231
89.8383	294.296
97.738	354.953
97.738	354.953
114.892	285.789
135.123	444.178
137.436	335.337
170.226	359.785
170.226	359.785
235.157	204.913
235.157	204.913
328.189	45.8511
380.439	204.339
380.439	204.339
535.262	249.938
555.102	300.893
555.102	300.893
580.971	365.944
580.971	365.944
613.703	452.546
728.471	443.073
