32.7324	263.954
45.302	266.505
54.1278	355.183
55.8603	304.3
64.1718	306.858
66.519	361.29
66.667	427.166
71.9725	449.059
87.0699	393.047
97.6409	354.994
98.5086	394.775
120.703	325.484
137.521	335.284
170.333	359.771
217.831	245.211
248.848	171.579
248.848	171.579
381.411	142.752
381.411	142.752
380.401	204.298
378.782	295.056
377.883	359.618
377.883	359.618
435.263	40.1246
451.318	23.9873
455.016	26.5368
458.952	24.3652
473.095	82.2568
535.27	249.974
555.073	300.903
555.073	300.903
580.987	365.882
580.987	365.882
625.1	31.2394
613.681	452.534
642.351	102.555
653.484	46.199
656.555	303.122
669.6	275.593
682.173	104.024
682.04	268.997
684.883	293.41
690.449	40.9414
713.495	146.477
725.014	108.429
738.279	120.541
55.8142	304.313
55.8142	304.313
58.0218	269.448
66.6164	361.317
67.178	336.844
66.7587	427.221
71.8014	448.872
75.169	348.702
87.1344	393.13
91.4364	343.847
96.8676	283.72
98.3732	395.234
120.536	325.599
170.297	359.753
170.297	359.753
248.801	171.599
248.801	171.599
381.414	142.761
381.414	142.761
380.405	204.311
378.78	295.043
378.78	295.043
377.889	359.665
381.522	359.587
435.269	40.1049
451.289	23.9982
455.089	26.4942
458.846	24.3878
473.095	82.2527
555.132	300.911
555.132	300.911
596.122	49.6058
625.24	31.3901
613.673	452.514
642.338	102.59
654.157	268.258
662.01	277.648
671.676	135.407
671.676	135.407
675.489	59.2159
676.409	293.781
682.212	103.97
690.591	40.988
703.807	138.085
713.534	146.515
724.995	108.464
35.9059	289.393
35.9059	289.393
54.1726	355.187
66.6892	427.177
67.1871	394.507
69.7406	352.57
71.8325	448.975
74.573	366.178
87.135	393.146
89.9091	294.318
90.9455	343.514
98.4284	394.962
108.094	289.531
196.596	295.528
235.043	204.875
260.808	143.073
373.737	27.1854
381.377	142.743
381.377	142.743
378.78	295.073
377.894	359.555
377.894	359.555
400.024	29.9263
455.655	48.424
458.951	24.4126
535.336	249.97
535.336	249.97
555.137	300.902
555.137	300.902
580.926	365.91
625.214	31.3323
613.66	452.537
642.242	102.479
641.497	306.19
645.734	270.733
653.511	46.222
671.739	135.458
671.739	135.458
667.545	297.082
682.168	103.951
690.495	40.9538
713.623	146.553
725.031	108.372
738.466	120.721
44.8525	266.279
58.5169	459.382
64.2049	300.06
64.2011	306.831
66.6001	361.315
66.8116	427.206
69.8816	352.69
71.9409	449.031
74.7511	366.292
79.9002	298.152
87.0466	393.016
91.2624	343.606
98.3525	395.295
115.097	285.445
120.569	325.548
170.306	359.764
170.306	359.764
234.992	204.889
260.774	143.055
381.397	142.779
381.397	142.779
380.399	204.314
377.884	359.61
377.884	359.61
395.875	29.0583
435.331	40.183
458.987	15.9658
458.987	15.9658
535.314	249.955
555.084	300.904
555.084	300.904
580.906	365.922
580.906	365.922
625.086	31.1353
613.627	452.506
633.905	309.111
634.7	333.729
637.821	273.59
642.434	102.695
643.787	284.921
671.835	135.712
671.835	135.712
675.408	59.153
682.143	103.989
690.543	40.9543
713.69	146.572
724.951	108.369
738.014	120.407
45.3704	309.117
53.825	355.224
55.727	304.293
58.0891	459.646
66.4585	361.265
71.5458	448.88
87.1326	393.158
91.3556	343.762
98.4347	395.002
114.585	285.362
120.329	325.532
137.527	335.369
170.325	359.755
235.05	204.897
235.05	204.897
248.825	171.61
248.825	171.61
381.394	142.771
381.394	142.771
378.781	295.063
378.781	295.063
377.887	359.634
377.887	359.634
376.629	445.173
426.786	31.7898
455.621	48.4207
462.289	52.0305
535.271	249.954
555.141	300.91
555.141	300.91
580.935	365.925
580.935	365.925
625.226	31.0125
613.723	452.567
626.27	311.414
631.055	275.254
636.045	287.672
642.274	102.551
672.681	47.2635
682.186	103.962
690.638	41.0435
713.654	146.577
724.93	108.396
738.169	120.416
41.9824	350.512
45.0361	266.219
45.3386	309.095
58.2389	459.426
64.1522	306.857
66.7722	427.222
67.1838	394.517
69.9861	352.695
71.9894	449.071
74.5014	366.245
87.0761	393.102
96.771	283.698
97.82	355.083
98.3467	395.16
114.654	285.35
120.221	325.482
170.263	359.773
196.607	295.541
217.799	245.206
217.799	245.206
248.798	171.592
248.798	171.592
374.053	27.1722
380.394	204.32
379.465	244.65
378.776	295.06
377.88	359.569
377.88	359.569
419.76	28.97
435.276	40.0455
454.892	26.4523
460.229	16.9815
473.049	82.2035
535.284	249.948
555.09	300.898
555.09	300.898
580.951	365.908
580.951	365.908
596.07	49.6165
624.674	49.7235
619.337	313.507
613.7	452.515
628.988	289.428
642.295	102.583
644.269	281.336
671.74	135.486
671.74	135.486
675.369	59.1803
682.224	103.968
690.397	40.8776
689.644	145.28
710.576	66.4103
713.625	146.513
32.7588	263.932
44.7808	266.013
55.7802	304.287
58.0597	459.539
62.3867	323.289
66.53	361.283
66.696	427.19
69.8924	352.665
72.0215	448.999
75.389	406.272
87.1506	393.152
89.9305	294.323
90.9689	343.454
93.7485	286.891
97.9208	355.28
170.335	359.765
235.09	204.887
248.783	171.59
381.405	142.745
381.405	142.745
378.775	295.065
378.775	295.065
377.888	359.569
377.888	359.569
395.827	28.9394
435.289	40.1729
460.267	17.012
460.267	17.012
473.058	82.2475
473.058	82.2475
535.264	249.964
555.098	300.9
555.098	300.9
580.993	365.944
580.993	365.944
596.157	49.6536
612.513	314.945
625.142	31.2578
613.719	452.541
622.275	290.16
637.65	281.967
642.427	102.824
653.472	46.1829
671.725	135.457
671.725	135.457
682.167	103.965
690.359	40.846
713.608	146.492
724.752	108.21
738.407	120.564
53.9571	355.16
55.806	304.285
57.9389	459.62
62.3962	323.322
66.5376	361.305
71.5991	448.908
80.2165	268.928
80.0239	298.107
79.198	404.59
84.26	372.791
88.0497	317.42
87.1288	393.108
91.4354	343.823
115.081	285.269
170.324	359.798
170.324	359.798
196.594	295.557
235.077	204.911
248.854	171.598
248.854	171.598
278.175	97.5166
278.175	97.5166
381.397	142.767
380.404	204.304
378.781	295.079
377.887	359.591
377.887	359.591
419.768	28.9783
435.297	40.2073
455.005	26.4752
458.863	24.3396
535.306	249.96
555.118	300.885
555.118	300.885
580.933	365.919
580.933	365.919
606.337	315.3
612.563	322.481
615.691	290.279
625.065	31.3292
613.639	452.519
631.152	281.975
642.203	102.591
671.686	135.415
671.686	135.415
675.423	59.1847
682.174	103.998
689.236	145.208
690.578	41.0155
713.591	146.534
724.933	108.35
44.8287	266.186
53.7972	355.204
55.7637	304.313
55.7637	304.313
57.5596	268.941
58.1117	459.54
66.462	361.236
71.6538	448.989
87.1651	393.195
91.1749	343.614
98.4003	395.109
115.015	285.237
119.672	325.37
137.528	335.337
196.576	295.539
235.058	204.9
248.835	171.593
248.835	171.593
334.103	19.8782
381.405	142.764
381.405	142.764
380.406	204.302
378.78	295.054
377.886	359.615
377.886	359.615
451.312	24.0371
460.23	17.0019
460.23	17.0019
555.123	300.902
555.123	300.902
580.947	365.925
580.947	365.925
607.645	323.711
609.139	295.923
625.227	31.0054
613.676	452.523
623.135	282.607
624.751	307.639
642.371	102.633
672.69	47.3123
671.781	135.486
671.781	135.486
682.23	103.946
690.525	40.941
713.529	146.523
725.362	108.514
738.168	120.487
32.9515	263.999
44.9651	266.264
45.3961	309.081
53.9434	355.181
55.8314	304.332
66.8066	427.181
69.776	352.6
71.6906	448.772
87.1297	393.103
91.7161	343.939
93.8386	286.864
98.4562	394.804
119.672	325.432
137.498	335.356
170.254	359.764
196.63	295.541
217.823	245.214
248.845	171.593
248.845	171.593
381.398	142.747
381.398	142.747
377.887	359.602
376.544	445.159
376.544	445.159
381.54	359.586
435.356	40.2296
451.252	24.0469
455.07	26.4539
462.352	52.0108
473.115	82.2524
473.115	82.2524
535.284	249.976
535.284	249.976
580.927	365.91
580.927	365.91
591.633	318.006
599.61	293.856
600.868	325.601
600.868	325.601
625.074	31.3123
613.667	452.519
642.234	102.511
671.792	135.471
671.792	135.471
675.401	59.1694
682.12	104
690.525	40.9652
713.446	146.449
725.036	108.441
738.318	120.554
45.3919	309.109
53.9706	355.182
62.3141	323.278
66.5587	361.281
66.7399	427.159
71.7906	448.962
81.2476	396.466
87.1345	393.147
89.9364	294.357
91.0471	343.574
96.4691	298.9
114.828	285.367
135.071	444.168
137.475	335.364
170.338	359.771
235.105	204.888
248.859	171.594
248.859	171.594
260.729	143.057
381.38	142.767
381.38	142.767
378.77	295.041
377.888	359.619
377.888	359.619
400.025	29.9263
435.326	40.2022
458.801	24.3117
462.312	52.0058
487.729	121.822
535.31	249.951
580.915	365.917
580.915	365.917
583.329	320.007
596.06	49.5032
590.707	301.534
590.707	301.534
592.403	328.014
613.706	452.531
642.427	102.807
672.826	47.5223
671.701	135.447
671.701	135.447
675.464	59.211
682.141	104.032
690.401	40.8892
689.169	145.211
713.736	146.576
724.939	108.457
45.2734	309.08
53.8624	355.175
58.1728	459.413
61.3118	348.355
64.3188	306.879
66.7598	427.257
80.019	298.102
80.019	298.102
87.1227	393.117
90.97	343.52
97.7026	354.993
98.4028	394.926
170.319	359.765
170.319	359.765
196.637	295.543
217.826	245.186
235.117	204.891
248.86	171.61
248.86	171.61
260.743	143.063
381.409	142.74
381.409	142.74
380.401	204.316
378.773	295.05
378.773	295.05
377.899	359.593
377.899	359.593
395.824	29.1076
435.288	40.2142
455.576	48.453
465.789	12.0017
473.103	82.2508
535.321	249.954
575.35	322.096
581.014	298.182
580.957	365.91
580.957	365.91
584.079	329.474
594.92	287.951
599.133	312.495
613.642	452.538
642.324	102.618
653.474	46.2162
671.7	135.451
671.7	135.451
675.409	59.1133
682.161	104.042
689.299	145.217
690.646	40.9981
713.555	146.533
725.088	108.426
35.866	289.51
45.1798	266.316
54.198	355.122
55.8472	304.279
66.7301	361.298
71.9144	448.951
87.1522	393.169
90.9441	343.43
97.736	355.021
98.2751	395.467
114.74	285.315
119.379	325.519
170.337	359.767
196.511	295.541
235.09	204.904
278.214	97.5246
278.214	97.5246
381.39	142.769
381.39	142.769
378.783	295.034
378.783	295.034
377.891	359.596
377.891	359.596
400.03	29.9761
435.256	40.1839
455.049	26.5019
458.807	24.357
535.325	249.958
574.087	304.713
580.919	365.913
580.919	365.913
586.459	288.937
591.442	313.053
625.089	31.1154
613.695	452.524
638.71	71.7486
642.355	102.652
653.513	46.1372
671.79	135.486
671.79	135.486
682.169	103.992
690.423	40.9221
689.588	145.296
713.581	146.529
724.919	108.457
44.857	266.139
53.9885	355.19
58.0907	459.5
62.3298	323.296
64.2213	306.902
66.7491	427.157
69.7908	352.559
72.0351	449.047
74.6506	366.314
87.2215	393.232
91.236	343.658
93.7607	286.825
119.211	325.583
170.264	359.771
235.002	204.894
235.002	204.894
248.83	171.604
248.83	171.604
381.413	142.761
378.779	295.061
377.883	359.563
377.883	359.563
376.537	445.147
376.537	445.147
435.282	40.1161
451.357	24.0111
454.995	26.4581
458.849	24.3893
535.318	249.964
567.115	306.646
577.693	291.946
580.916	365.887
580.916	365.887
583.84	302.816
613.722	452.54
642.245	102.53
672.747	47.442
675.376	59.1694
682.155	104.01
690.438	40.9318
689.451	145.254
713.643	146.6
725.01	108.466
32.6655	263.969
45.2238	266.329
45.2053	309.085
53.8534	355.214
62.4647	323.34
66.7469	361.225
66.7608	427.167
71.7078	448.892
81.569	396.812
81.569	396.812
84.7331	373.444
89.9409	294.314
115.024	285.364
119.007	325.517
137.412	335.401
170.249	359.753
381.379	142.746
381.379	142.746
380.39	204.298
380.39	204.298
377.888	359.588
377.888	359.588
435.273	40.17
451.352	24.0233
458.921	24.3652
462.359	51.9972
473.119	82.2401
535.317	249.967
572.817	292.217
572.817	292.217
579.23	315.197
580.92	365.899
580.92	365.899
596.002	49.5316
625.232	31.1146
613.677	452.518
642.296	102.586
675.486	59.2366
682.213	104.003
690.459	40.9139
689.317	145.221
724.955	108.339
738.402	120.637
45.2894	309.111
53.8984	355.209
58.092	269.276
58.5538	459.322
64.1774	306.889
66.5981	361.325
66.7505	427.319
71.9191	448.951
75.0994	348.638
87.0804	393.056
89.9252	294.342
97.668	354.932
98.474	394.802
108.072	289.546
115.115	285.427
170.283	359.777
248.838	171.598
248.838	171.598
260.669	143.037
368.971	27.1798
374.127	27.174
381.394	142.746
381.394	142.746
377.88	359.55
377.88	359.55
376.551	445.204
376.551	445.204
435.251	40.1861
451.271	24.0288
458.944	15.9364
458.944	15.9364
535.333	249.949
556.475	335.227
556.475	335.227
565.289	296.737
566.545	295.064
580.925	365.907
580.925	365.907
596.038	49.4437
625.08	31.2044
613.677	452.535
642.382	102.805
671.713	135.454
671.713	135.454
675.426	59.1866
682.131	103.974
690.587	40.9503
689.579	145.28
713.547	146.502
724.866	108.373
33.0579	264.061
36.5745	307.256
54.0305	355.166
60.525	348.142
66.6864	427.213
70.3459	326.3
71.9078	448.935
87.0797	393.124
88.5158	302.515
96.5546	298.954
97.7463	355.006
98.3528	395.097
170.326	359.757
217.81	245.213
248.896	171.609
248.896	171.609
378.793	295.044
378.793	295.044
377.905	359.624
377.905	359.624
400.038	30.025
435.301	40.2309
454.923	26.4774
462.334	52.0106
473.078	82.2323
473.078	82.2323
519.695	208.631
535.324	249.954
540.914	294.285
546.54	347.405
558.749	299.24
565.096	320.531
580.926	365.896
580.926	365.896
596.072	49.5101
625.149	31.2358
613.678	452.536
642.271	102.592
671.803	135.513
671.803	135.513
675.418	59.2072
682.179	103.988
690.533	41.038
713.765	146.621
724.886	108.449
738.1	120.275
45.276	309.073
54.1115	355.169
64.1842	306.848
66.6848	361.342
66.815	427.217
71.8662	449.038
81.4785	396.691
81.4785	396.691
84.0669	372.629
89.9244	294.362
93.9115	286.846
97.7362	355.038
170.318	359.779
170.318	359.779
196.645	295.527
217.836	245.198
235.053	204.905
248.836	171.586
248.836	171.586
381.422	142.785
378.79	295.059
378.79	295.059
377.886	359.6
377.886	359.6
451.256	24.0406
458.741	24.3727
460.317	17.0854
473.058	82.2216
493.408	317.47
515.991	309.566
535.274	249.956
533.755	298.583
536.688	336.754
542.172	342.499
580.957	365.937
580.957	365.937
625.075	31.1551
613.695	452.53
642.259	102.495
671.733	135.473
671.733	135.473
675.481	59.2437
682.157	103.977
690.581	41.001
713.513	146.46
725.018	108.456
737.939	120.306
44.8928	266.031
53.9697	355.174
55.8127	304.284
58.0755	459.48
66.55	361.259
66.5759	394.403
66.6468	427.093
70.331	326.311
74.9965	366.489
84.3964	372.965
87.1235	393.186
89.9474	294.33
98.3814	395.28
108.36	289.692
114.749	285.327
170.37	359.792
235.077	204.891
248.846	171.598
248.846	171.598
381.38	142.767
381.38	142.767
380.377	204.289
377.9	359.561
381.601	359.419
435.301	40.1823
451.301	24.0375
455.592	48.4377
458.855	24.3945
529.48	341.307
532.831	326.573
535.305	249.954
580.934	365.917
580.934	365.917
596.136	49.602
625.013	31.3096
613.709	452.525
642.257	102.536
653.526	46.2013
671.813	135.688
682.17	104.069
690.656	41.0231
713.595	146.518
724.819	108.336
738.175	120.48
36.3287	289.504
55.8351	304.327
57.6903	269.047
57.9291	459.669
66.6659	361.241
69.7113	352.531
71.7015	448.898
74.6739	366.317
75.3602	348.784
80.2576	268.613
81.419	396.645
81.419	396.645
89.9426	294.325
110.948	332.848
170.333	359.75
170.333	359.75
196.584	295.548
217.814	245.201
248.863	171.595
248.863	171.595
260.78	143.036
381.437	142.76
381.437	142.76
378.774	295.056
377.891	359.649
377.891	359.649
395.756	29.0558
451.257	24.0574
458.86	24.3721
460.28	17.0618
555.089	300.899
555.089	300.899
580.93	365.904
580.93	365.904
596.099	49.5496
625.133	31.1992
613.712	452.522
642.424	102.789
671.781	135.508
671.781	135.508
675.528	59.2884
682.18	103.988
690.443	40.9613
689.481	145.255
713.472	146.487
725.102	108.402
