34.3193	314.487
40.5037	284.844
58.0595	459.702
61.3347	348.378
62.4078	323.32
63.9998	285.644
66.7184	427.184
71.7047	448.913
75.3894	348.807
81.5626	396.794
87.1828	393.151
87.9131	317.473
89.8718	294.366
90.9572	343.49
108.271	289.545
135.079	444.163
135.079	444.163
170.275	359.805
170.275	359.805
196.659	295.518
235.068	204.859
260.605	143.025
278.334	97.4709
376.617	444.993
377.917	359.58
377.917	359.58
378.775	295.058
378.775	295.058
453.713	14.2095
453.713	14.2095
454.937	26.6636
535.29	249.909
555.052	300.87
555.052	300.87
580.942	365.927
613.707	452.508
613.707	452.508
624.762	49.8389
653.446	46.2217
654	89.6588
671.64	135.454
671.64	135.454
675.687	59.5831
682.205	104.093
690.562	41.0103
710.448	66.4128
725.077	108.378
728.52	443.109
36.6204	307.163
40.3292	326.609
40.5755	284.871
40.5755	284.871
42.0423	350.521
58.0791	459.59
66.6864	427.01
69.887	352.579
79.9822	298.119
79.9822	298.119
83.7356	372.983
87.1282	393.117
97.7238	355.028
135.044	444.2
135.044	444.2
170.199	359.778
170.199	359.778
196.623	295.543
196.623	295.543
260.634	143.027
286.317	79.3204
376.619	445.012
377.911	359.532
377.911	359.532
378.774	295.072
378.774	295.072
380.39	204.317
380.39	204.317
454.948	26.6569
535.282	249.907
535.282	249.907
555.002	300.861
555.002	300.861
613.658	452.521
624.755	49.7925
653.422	46.2136
654.002	89.6614
671.715	135.521
671.715	135.521
675.559	59.3983
690.476	40.9887
703.616	138.034
703.616	138.034
710.576	66.3931
728.505	443.147
34.2833	314.518
36.5032	307.154
40.4855	284.9
42.0334	350.492
48.315	286.416
53.9998	355.167
58.1351	459.526
66.5934	427.146
71.0188	459.543
76.9472	413.394
79.9681	298.078
87.1171	393.162
87.936	317.48
91.4104	343.734
97.891	355.134
107.871	289.641
135.019	444.152
135.019	444.152
170.251	359.793
170.251	359.793
196.656	295.526
235.089	204.877
235.089	204.877
269.866	118.513
376.606	444.987
377.926	359.537
380.412	204.328
381.506	359.526
535.25	249.896
535.25	249.896
555.003	300.878
555.003	300.878
580.948	365.911
613.694	452.524
624.771	49.7987
641.665	101.623
653.438	46.1991
671.76	135.567
671.76	135.567
675.605	59.428
682.196	104.094
690.592	41.0237
704.547	148.638
710.63	66.4352
728.605	443.119
32.3549	263.724
34.3696	314.49
36.5743	307.166
48.4774	286.497
60.663	348.152
66.6832	427.178
71.1463	459.46
69.7509	352.555
71.7896	448.95
75.1787	406.596
79.9964	298.118
81.322	396.513
80.8977	269.486
87.1629	393.117
89.877	294.309
97.777	355.124
97.777	355.124
135.04	444.176
135.04	444.176
170.246	359.764
170.246	359.764
196.629	295.53
260.667	143.043
286.338	79.3073
376.607	444.997
377.912	359.562
380.4	204.319
535.228	249.914
535.228	249.914
555.023	300.873
555.023	300.873
613.67	452.513
613.67	452.513
624.698	49.7839
631.031	83.4213
653.402	46.1727
671.755	135.569
671.755	135.569
675.604	59.4806
682.19	104.092
690.508	41.0226
704.001	138.107
710.638	66.415
728.53	443.139
36.6482	307.187
40.2844	326.58
40.4757	284.897
48.3637	286.511
57.8681	459.644
66.7155	427.133
66.7937	361.304
71.2025	459.619
69.6826	352.517
79.9137	298.136
81.5048	396.682
87.1455	393.119
89.8698	294.313
97.7627	355.128
108.12	289.555
135.026	444.161
135.026	444.161
170.183	359.815
170.183	359.815
196.646	295.547
235.099	204.871
286.276	79.3161
376.61	444.964
377.91	359.587
380.413	204.308
380.413	204.308
382.838	24.6541
381.323	359.644
454.803	26.6118
496.506	146.168
535.283	249.913
535.283	249.913
555.055	300.863
555.055	300.863
613.69	452.514
624.739	49.8077
641.635	101.571
672.692	47.2995
675.609	59.397
682.175	104.139
690.567	41.0256
710.706	66.4356
713.175	146.494
728.526	443.162
32.6126	263.8
48.3901	286.507
57.7361	459.69
60.9578	348.206
62.4402	323.306
62.4402	323.306
66.7874	427.164
71.0865	459.473
69.6679	352.516
79.907	298.134
81.4836	396.705
81.4836	396.705
135.026	444.166
135.026	444.166
137.436	335.44
170.22	359.801
170.22	359.801
196.691	295.537
235.11	204.885
235.11	204.885
260.598	143.034
286.306	79.3073
376.63	444.985
377.918	359.565
380.418	204.307
380.418	204.307
454.884	26.6342
555.036	300.853
555.036	300.853
613.677	452.517
653.858	89.5173
653.451	46.2109
671.753	135.562
671.753	135.562
672.844	47.6006
675.549	59.3568
682.152	104.083
690.701	41.1037
710.451	66.4219
713.207	146.518
728.029	443.135
34.3608	314.492
36.6534	307.15
40.6199	284.924
42.0379	350.512
45.1027	266.136
53.7842	355.155
58.0737	459.525
66.8418	427.226
70.9494	459.413
79.8906	298.122
81.5244	396.694
81.5244	396.694
87.866	317.487
97.9226	355.127
107.94	289.517
135.064	444.159
135.064	444.159
196.637	295.533
260.716	143.021
376.626	445.014
377.907	359.592
378.765	295.067
378.765	295.067
380.402	204.33
381.375	359.559
455.012	26.6145
535.313	249.906
535.313	249.906
555.042	300.874
555.042	300.874
580.938	365.916
580.938	365.916
596.331	49.8385
613.645	452.503
613.645	452.503
653.93	89.5752
653.502	46.2301
671.771	135.554
671.771	135.554
672.715	47.4932
675.577	59.4379
690.527	41.0291
710.569	66.3616
713.156	146.48
728.398	443.185
738.402	120.558
34.3404	314.511
40.4517	284.931
40.4517	284.931
57.7433	459.605
66.7121	427.184
67.1077	336.867
71.0003	459.55
69.8194	352.517
75.0961	348.652
79.8523	298.116
79.8523	298.116
81.3675	396.559
80.7141	269.403
87.1385	393.091
97.6846	354.98
97.6846	354.98
135.116	444.188
135.116	444.188
170.231	359.769
170.231	359.769
196.597	295.527
260.652	143.033
376.616	444.998
377.923	359.551
378.758	295.049
378.758	295.049
381.486	359.406
535.268	249.901
535.268	249.901
554.953	300.849
554.953	300.849
580.938	365.917
613.707	452.542
613.707	452.542
624.692	49.8135
653.751	89.3798
653.492	46.2337
675.57	59.4018
682.211	104.092
690.541	41.0445
710.669	66.4034
728.523	443.114
738.38	120.636
34.3872	314.515
36.1083	289.428
48.455	286.525
53.9898	355.218
64.242	299.993
66.743	427.112
71.0736	459.513
69.7201	352.481
79.9321	298.113
79.9321	298.113
87.0712	393.024
135.031	444.132
135.031	444.132
170.251	359.791
170.251	359.791
196.725	295.545
269.822	118.537
286.3	79.311
376.623	444.898
377.923	359.513
378.766	295.054
378.766	295.054
380.392	204.325
381.367	359.631
455.025	26.5579
456.149	25.8128
496.501	146.185
535.283	249.903
535.283	249.903
555.016	300.87
555.016	300.87
580.922	365.933
613.633	452.492
613.633	452.492
624.751	49.8328
642.431	102.953
653.417	46.167
671.695	135.476
675.638	59.4844
682.194	104.075
689.406	145.311
690.805	41.1537
710.561	66.4219
728.959	443.098
48.3939	286.475
57.6046	459.792
58.1223	269.261
64.687	329.139
66.7074	427.176
70.9368	459.506
69.7684	352.565
70.2741	326.275
75.3037	348.742
79.7917	298.101
81.233	396.424
80.9113	269.444
87.2326	393.242
97.9539	355.176
97.9539	355.176
135.043	444.19
135.043	444.19
137.472	335.442
170.245	359.789
170.245	359.789
196.723	295.521
260.627	143.035
376.628	445.011
377.918	359.544
378.766	295.07
378.766	295.07
380.397	204.308
380.397	204.308
381.529	359.462
535.287	249.911
535.287	249.911
555.017	300.869
555.017	300.869
613.657	452.504
624.761	49.7923
641.705	101.669
653.5	46.2265
675.616	59.4654
682.187	104.11
690.545	41.0124
703.877	138.077
710.753	66.4323
728.475	443.071
40.2169	334.536
42.0545	350.484
48.3627	286.455
50.9376	292.012
53.9707	355.161
64.0863	306.791
66.6796	427.139
71.2106	459.628
79.8674	298.116
87.0947	393.033
107.845	289.556
135.065	444.151
170.279	359.786
170.279	359.786
196.604	295.519
376.631	445.034
377.903	359.539
379.514	244.654
380.387	204.312
453.62	14.1841
453.62	14.1841
496.456	146.174
496.456	146.174
535.245	249.903
535.245	249.903
555.023	300.851
555.023	300.851
580.927	365.923
580.927	365.923
613.668	452.513
613.668	452.513
641.782	101.887
653.448	46.2005
672.833	47.5695
675.614	59.4894
690.469	40.9786
703.844	138.087
703.844	138.087
710.536	66.4215
728.646	443.13
40.485	284.911
48.4608	286.495
58.0207	459.582
64.1777	299.995
64.1777	299.995
66.7061	427.225
67.6925	394.672
70.9044	459.576
69.8956	352.539
75.4052	348.733
79.8165	298.1
81.3706	396.523
87.1131	393.087
87.8986	317.452
97.6893	354.995
97.6893	354.995
107.639	289.595
115.105	286.065
135.07	444.103
135.07	444.103
170.315	359.777
170.315	359.777
196.615	295.553
235.07	204.852
260.59	143.025
286.3	79.2967
286.3	79.2967
376.618	444.907
377.923	359.548
378.776	295.036
380.403	204.312
380.403	204.312
381.374	359.42
454.865	26.6438
473.09	82.2242
473.09	82.2242
535.299	249.914
535.299	249.914
555.02	300.856
555.02	300.856
613.632	452.502
613.632	452.502
625.264	31.2006
641.7	101.674
653.499	46.2126
671.684	135.478
671.684	135.478
675.605	59.4436
689.177	145.257
690.788	41.1074
710.511	66.4548
725.056	108.312
728.541	443.083
36.5716	307.15
40.4357	284.957
48.4062	286.475
61.3313	348.355
64.1545	299.972
66.6591	427.196
70.943	459.364
69.8685	352.612
72.0269	449.021
80.0436	298.144
80.0436	298.144
80.6418	269.384
81.3659	396.518
87.1487	393.048
97.7642	355.072
97.7642	355.072
107.746	289.607
135.055	444.176
135.055	444.176
170.205	359.786
170.205	359.786
196.672	295.53
260.624	143.038
376.611	444.971
377.905	359.546
378.766	295.05
378.766	295.05
380.401	204.32
380.401	204.32
507.478	174.467
554.997	300.863
554.997	300.863
580.938	365.927
580.938	365.927
613.628	452.493
613.628	452.493
624.721	49.7877
653.444	46.1828
653.985	89.7621
675.599	59.4048
682.189	104.093
690.436	40.9863
710.577	66.3993
725.045	108.311
728.586	443.163
40.3731	326.668
40.5199	284.925
48.37	286.54
54.0986	355.093
66.7443	427.181
67.0215	336.915
71.0841	459.577
69.5731	352.397
81.4828	396.642
81.4828	396.642
80.837	269.436
83.2876	380.777
89.8623	294.319
97.7318	355.026
108.213	289.595
135.091	444.166
135.091	444.166
137.478	335.383
196.614	295.542
260.634	143.024
376.628	445.003
377.923	359.483
378.773	295.077
378.773	295.077
382.814	24.6569
381.459	359.525
454.955	26.6059
535.288	249.908
535.288	249.908
555.039	300.853
555.039	300.853
580.923	365.924
580.923	365.924
613.638	452.497
613.638	452.497
624.684	49.7507
653.454	46.1972
654.002	89.7714
671.826	135.608
671.826	135.608
675.561	59.4205
682.187	104.034
690.36	40.917
710.48	66.4163
728.509	443.161
738.33	120.527
37.5612	319.182
40.4333	326.627
48.4025	286.471
57.7402	459.681
57.7934	269.071
66.6659	427.157
70.9763	459.543
75.3666	348.759
75.3666	348.759
79.9488	298.11
81.3179	396.411
87.2429	393.273
87.9369	317.505
97.8922	355.119
135.053	444.158
170.238	359.795
170.238	359.795
196.576	295.546
235.059	204.89
235.059	204.89
260.62	143.024
376.619	445.068
377.919	359.555
378.764	295.025
378.764	295.025
380.406	204.316
380.406	204.316
381.541	359.488
496.514	146.165
496.514	146.165
535.315	249.913
535.315	249.913
555.007	300.854
555.007	300.854
613.678	452.495
613.678	452.495
624.672	49.7432
641.39	101.265
653.474	46.2241
671.785	135.584
671.785	135.584
675.552	59.4267
682.191	104.134
690.638	41.0438
710.722	66.4198
724.975	108.254
728.559	443.129
36.6266	307.169
40.5292	284.944
58.2132	459.398
61.1095	348.284
63.9228	285.664
64.1699	306.81
66.696	427.151
71.086	459.518
69.684	352.519
80.0236	298.125
80.0236	298.125
81.2385	396.46
87.1201	393.077
135.037	444.147
135.037	444.147
170.271	359.771
170.271	359.771
196.607	295.527
260.674	143.045
286.272	79.3127
376.62	445.04
377.905	359.52
378.772	295.034
378.772	295.034
380.383	204.313
453.689	14.2259
453.689	14.2259
454.966	26.6763
555.011	300.863
555.011	300.863
613.691	452.514
613.691	452.514
624.626	49.714
653.889	89.6047
653.466	46.1874
675.468	59.344
690.463	40.9554
703.49	138.011
710.674	66.4051
728.254	443.157
738.48	120.742
40.5276	284.973
40.5276	284.973
62.3512	323.28
62.3512	323.28
66.7264	427.177
71.0633	459.59
72.1391	449.079
75.2019	348.681
75.2019	348.681
79.9037	298.024
81.4294	396.661
80.8129	269.439
87.0897	393.058
87.8841	317.445
97.7646	355.077
135.012	444.157
135.012	444.157
170.309	359.76
170.309	359.76
196.613	295.537
260.643	143.014
376.624	445.021
377.901	359.515
378.77	295.036
378.77	295.036
380.403	204.308
380.403	204.308
381.551	359.525
455.019	26.5304
535.317	249.917
535.317	249.917
555.047	300.861
555.047	300.861
613.683	452.486
613.683	452.486
624.653	49.7318
653.437	46.2099
653.951	89.6689
671.8	135.595
671.8	135.595
675.6	59.4531
682.171	104.08
690.787	41.1215
710.64	66.4167
724.976	108.291
728.67	443.126
37.7011	319.146
40.3456	326.622
40.501	284.909
42.0451	350.518
48.3463	286.422
58.0395	459.494
66.7406	427.218
69.9491	352.672
79.9997	298.112
79.9997	298.112
81.3301	396.584
81.3301	396.584
91.3506	343.693
97.6567	354.99
135.055	444.163
135.055	444.163
170.283	359.794
170.283	359.794
196.64	295.546
235.086	204.856
235.086	204.856
269.861	118.506
376.612	444.979
377.909	359.58
378.76	295.043
378.76	295.043
380.393	204.312
455	26.6158
555.01	300.866
555.01	300.866
613.676	452.519
613.676	452.519
624.717	49.7919
653.984	89.8404
653.492	46.1598
675.574	59.4367
682.201	104.066
689.259	145.272
690.72	41.0993
710.549	66.3937
722.434	457.349
728.579	443.136
34.3791	314.502
40.4231	284.865
40.4231	284.865
54.1238	355.115
66.7206	427.115
68.7453	334.156
70.9809	459.571
69.6787	352.569
79.8426	298.123
81.4747	396.667
87.0928	393.057
89.8164	294.318
108.112	289.553
135.041	444.157
135.041	444.157
170.302	359.74
170.302	359.74
196.65	295.531
196.65	295.531
235.054	204.862
269.92	118.531
376.629	445.004
377.913	359.544
378.759	295.08
378.759	295.08
380.417	204.303
382.701	24.6516
381.489	359.569
454.899	26.6523
535.251	249.907
535.251	249.907
555.031	300.866
555.031	300.866
580.925	365.901
613.688	452.518
613.688	452.518
624.658	49.7171
641.446	101.299
653.433	46.1879
671.819	135.607
671.819	135.607
675.58	59.4486
682.184	104.133
690.594	41.053
710.455	66.3431
725.079	108.38
728.672	443.115
55.9159	304.342
58.291	269.292
63.9145	285.854
57.474	459.857
66.584	361.352
66.9081	427.313
71.9058	459.713
80.8978	269.147
81.4281	396.627
97.9505	355.193
137.583	335.332
135.108	444.138
170.36	359.764
196.547	295.554
196.547	295.554
248.868	171.579
248.868	171.579
380.411	204.354
379.49	244.619
376.571	444.883
376.571	444.883
381.5	359.44
426.706	31.819
431.935	28.7117
456.769	46.7721
462.385	52.0318
473.167	82.2248
473.167	82.2248
519.68	208.662
519.68	208.662
580.908	365.913
580.908	365.913
599.638	53.6675
632.338	83.451
613.594	452.455
639.279	71.5378
654.548	90.0005
664.652	83.3198
682.205	104.162
697.075	106.031
698.302	73.1767
703.896	138.079
710.101	65.9211
709.241	144.003
737.766	120.118
