40.2169	334.536
42.0545	350.484
48.3627	286.455
50.9376	292.012
53.9707	355.161
64.0863	306.791
66.6796	427.139
71.2106	459.628
79.8674	298.116
87.0947	393.033
107.845	289.556
135.065	444.151
170.279	359.786
170.279	359.786
196.604	295.519
376.631	445.034
377.903	359.539
379.514	244.654
380.387	204.312
453.62	14.1841
453.62	14.1841
496.456	146.174
496.456	146.174
535.245	249.903
535.245	249.903
555.023	300.851
555.023	300.851
580.927	365.923
580.927	365.923
613.668	452.513
613.668	452.513
641.782	101.887
653.448	46.2005
672.833	47.5695
675.614	59.4894
690.469	40.9786
703.844	138.087
703.844	138.087
710.536	66.4215
728.646	443.13
40.485	284.911
48.4608	286.495
58.0207	459.582
64.1777	299.995
64.1777	299.995
66.7061	427.225
67.6925	394.672
70.9044	459.576
69.8956	352.539
75.4052	348.733
79.8165	298.1
81.3706	396.523
87.1131	393.087
87.8986	317.452
97.6893	354.995
97.6893	354.995
107.639	289.595
115.105	286.065
135.07	444.103
135.07	444.103
170.315	359.777
170.315	359.777
196.615	295.553
235.07	204.852
260.59	143.025
286.3	79.2967
286.3	79.2967
376.618	444.907
377.923	359.548
378.776	295.036
380.403	204.312
380.403	204.312
381.374	359.42
454.865	26.6438
473.09	82.2242
473.09	82.2242
535.299	249.914
535.299	249.914
555.02	300.856
555.02	300.856
613.632	452.502
613.632	452.502
625.264	31.2006
641.7	101.674
653.499	46.2126
671.684	135.478
671.684	135.478
675.605	59.4436
689.177	145.257
690.788	41.1074
710.511	66.4548
725.056	108.312
728.541	443.083
36.5716	307.15
40.4357	284.957
48.4062	286.475
61.3313	348.355
64.1545	299.972
66.6591	427.196
70.943	459.364
69.8685	352.612
72.0269	449.021
80.0436	298.144
80.0436	298.144
80.6418	269.384
81.3659	396.518
87.1487	393.048
97.7642	355.072
97.7642	355.072
107.746	289.607
135.055	444.176
135.055	444.176
170.205	359.786
170.205	359.786
196.672	295.53
260.624	143.038
376.611	444.971
377.905	359.546
378.766	295.05
378.766	295.05
380.401	204.32
380.401	204.32
507.478	174.467
554.997	300.863
554.997	300.863
580.938	365.927
580.938	365.927
613.628	452.493
613.628	452.493
624.721	49.7877
653.444	46.1828
653.985	89.7621
675.599	59.4048
682.189	104.093
690.436	40.9863
710.577	66.3993
725.045	108.311
728.586	443.163
40.3731	326.668
40.5199	284.925
48.37	286.54
54.0986	355.093
66.7443	427.181
67.0215	336.915
71.0841	459.577
69.5731	352.397
81.4828	396.642
81.4828	396.642
80.837	269.436
83.2876	380.777
89.8623	294.319
97.7318	355.026
108.213	289.595
135.091	444.166
135.091	444.166
137.478	335.383
196.614	295.542
260.634	143.024
376.628	445.003
377.923	359.483
378.773	295.077
378.773	295.077
382.814	24.6569
381.459	359.525
454.955	26.6059
535.288	249.908
535.288	249.908
555.039	300.853
555.039	300.853
580.923	365.924
580.923	365.924
613.638	452.497
613.638	452.497
624.684	49.7507
653.454	46.1972
654.002	89.7714
671.826	135.608
671.826	135.608
675.561	59.4205
682.187	104.034
690.36	40.917
710.48	66.4163
728.509	443.161
738.33	120.527
37.5612	319.182
40.4333	326.627
48.4025	286.471
57.7402	459.681
57.7934	269.071
66.6659	427.157
70.9763	459.543
75.3666	348.759
75.3666	348.759
79.9488	298.11
81.3179	396.411
87.2429	393.273
87.9369	317.505
97.8922	355.119
135.053	444.158
170.238	359.795
170.238	359.795
196.576	295.546
235.059	204.89
235.059	204.89
260.62	143.024
376.619	445.068
377.919	359.555
378.764	295.025
378.764	295.025
380.406	204.316
380.406	204.316
381.541	359.488
496.514	146.165
496.514	146.165
535.315	249.913
535.315	249.913
555.007	300.854
555.007	300.854
613.678	452.495
613.678	452.495
624.672	49.7432
641.39	101.265
653.474	46.2241
671.785	135.584
671.785	135.584
675.552	59.4267
682.191	104.134
690.638	41.0438
710.722	66.4198
724.975	108.254
728.559	443.129
36.6266	307.169
40.5292	284.944
58.2132	459.398
61.1095	348.284
63.9228	285.664
64.1699	306.81
66.696	427.151
71.086	459.518
69.684	352.519
80.0236	298.125
80.0236	298.125
81.2385	396.46
87.1201	393.077
135.037	444.147
135.037	444.147
170.271	359.771
170.271	359.771
196.607	295.527
260.674	143.045
286.272	79.3127
376.62	445.04
377.905	359.52
378.772	295.034
378.772	295.034
380.383	204.313
453.689	14.2259
453.689	14.2259
454.966	26.6763
555.011	300.863
555.011	300.863
613.691	452.514
613.691	452.514
624.626	49.714
653.889	89.6047
653.466	46.1874
675.468	59.344
690.463	40.9554
703.49	138.011
710.674	66.4051
728.254	443.157
738.48	120.742
40.5276	284.973
40.5276	284.973
62.3512	323.28
62.3512	323.28
66.7264	427.177
71.0633	459.59
72.1391	449.079
75.2019	348.681
75.2019	348.681
79.9037	298.024
81.4294	396.661
80.8129	269.439
87.0897	393.058
87.8841	317.445
97.7646	355.077
135.012	444.157
135.012	444.157
170.309	359.76
170.309	359.76
196.613	295.537
260.643	143.014
376.624	445.021
377.901	359.515
378.77	295.036
378.77	295.036
380.403	204.308
380.403	204.308
381.551	359.525
455.019	26.5304
535.317	249.917
535.317	249.917
555.047	300.861
555.047	300.861
613.683	452.486
613.683	452.486
624.653	49.7318
653.437	46.2099
653.951	89.6689
671.8	135.595
671.8	135.595
675.6	59.4531
682.171	104.08
690.787	41.1215
710.64	66.4167
724.976	108.291
728.67	443.126
37.7011	319.146
40.3456	326.622
40.501	284.909
42.0451	350.518
48.3463	286.422
58.0395	459.494
66.7406	427.218
69.9491	352.672
79.9997	298.112
79.9997	298.112
81.3301	396.584
81.3301	396.584
91.3506	343.693
97.6567	354.99
135.055	444.163
135.055	444.163
170.283	359.794
170.283	359.794
196.64	295.546
235.086	204.856
235.086	204.856
269.861	118.506
376.612	444.979
377.909	359.58
378.76	295.043
378.76	295.043
380.393	204.312
455	26.6158
555.01	300.866
555.01	300.866
613.676	452.519
613.676	452.519
624.717	49.7919
653.984	89.8404
653.492	46.1598
675.574	59.4367
682.201	104.066
689.259	145.272
690.72	41.0993
710.549	66.3937
722.434	457.349
728.579	443.136
34.3791	314.502
40.4231	284.865
40.4231	284.865
54.1238	355.115
66.7206	427.115
68.7453	334.156
70.9809	459.571
69.6787	352.569
79.8426	298.123
81.4747	396.667
87.0928	393.057
89.8164	294.318
108.112	289.553
135.041	444.157
135.041	444.157
170.302	359.74
170.302	359.74
196.65	295.531
196.65	295.531
235.054	204.862
269.92	118.531
376.629	445.004
377.913	359.544
378.759	295.08
378.759	295.08
380.417	204.303
382.701	24.6516
381.489	359.569
454.899	26.6523
535.251	249.907
535.251	249.907
555.031	300.866
555.031	300.866
580.925	365.901
613.688	452.518
613.688	452.518
624.658	49.7171
641.446	101.299
653.433	46.1879
671.819	135.607
671.819	135.607
675.58	59.4486
682.184	104.133
690.594	41.053
710.455	66.3431
725.079	108.38
728.672	443.115
55.9159	304.342
58.291	269.292
63.9145	285.854
57.474	459.857
66.584	361.352
66.9081	427.313
71.9058	459.713
80.8978	269.147
81.4281	396.627
97.9505	355.193
137.583	335.332
135.108	444.138
170.36	359.764
196.547	295.554
196.547	295.554
248.868	171.579
248.868	171.579
380.411	204.354
379.49	244.619
376.571	444.883
376.571	444.883
381.5	359.44
426.706	31.819
431.935	28.7117
456.769	46.7721
462.385	52.0318
473.167	82.2248
473.167	82.2248
519.68	208.662
519.68	208.662
580.908	365.913
580.908	365.913
599.638	53.6675
632.338	83.451
613.594	452.455
639.279	71.5378
654.548	90.0005
664.652	83.3198
682.205	104.162
697.075	106.031
698.302	73.1767
703.896	138.079
710.101	65.9211
709.241	144.003
737.766	120.118
55.8392	304.392
55.8392	304.392
58.081	269.171
57.5378	459.899
67.3418	394.56
66.8638	427.282
71.518	448.764
97.8843	355.183
97.8843	355.183
115.19	285.974
135.093	444.14
135.093	444.14
170.286	359.789
170.286	359.789
381.467	142.752
381.467	142.752
379.508	244.638
379.508	244.638
378.753	295.04
377.881	359.552
377.881	359.552
461.815	18.4103
461.815	18.4103
473.092	82.223
473.092	82.223
519.732	208.66
535.235	249.938
580.832	365.883
580.832	365.883
597.436	51.0216
624.91	49.9563
632.098	82.8657
613.561	452.486
613.561	452.486
639.16	71.5671
654.426	89.988
671.897	135.691
678	62.107
682.211	104.168
688.375	132.06
696.787	105.935
709.222	143.997
725.083	108.478
55.8912	304.405
55.8912	304.405
66.4035	361.322
67.2916	394.575
74.4345	366.321
71.7657	459.836
80.6144	269.489
81.3967	396.513
114.958	285.909
137.309	335.436
135.079	444.179
170.322	359.76
196.703	295.561
196.703	295.561
381.431	142.766
381.431	142.766
380.401	204.35
379.53	244.662
378.751	295.045
378.751	295.045
376.629	445.066
381.531	359.545
455.236	26.5812
462.215	52.0163
473.173	82.2326
480.096	100.599
496.446	146.23
496.446	146.23
555.066	300.857
555.066	300.857
580.894	365.878
597.695	51.3357
625.041	50.0363
631.99	82.6117
653.496	46.6026
654.494	89.9822
678.167	62.3615
682.227	104.148
688.322	132.001
696.826	105.875
704.543	138.21
709.54	144.01
724.995	108.388
55.9085	304.384
57.9403	268.947
57.6451	459.724
67.2266	394.517
72.2483	449.086
79.9849	298.235
81.5094	396.668
97.9999	355.255
97.9999	355.255
98.4194	395.918
108.111	289.591
115.29	286.032
113.398	375.285
170.312	359.758
196.6	295.571
196.6	295.571
235.145	204.934
248.889	171.543
381.397	142.743
380.392	204.332
380.392	204.332
378.737	295.062
378.737	295.062
395.94	29.0338
381.532	359.681
461.788	18.5415
461.788	18.5415
535.266	249.925
535.266	249.925
555.088	300.885
555.088	300.885
580.867	365.888
580.867	365.888
598.065	51.6613
625.024	50.1105
613.621	452.524
638.751	71.8709
654.469	89.8537
671.894	135.667
682.144	103.983
685.273	49.9862
688.182	131.923
696.639	105.73
703.748	138.018
713.305	146.485
738.014	120.215
41.8887	350.625
45.3343	309.176
59.5939	397.488
57.8859	459.671
63.9524	285.714
74.5032	366.335
80.2424	268.93
81.4338	396.568
97.8722	355.183
97.8722	355.183
98.3975	395.819
120.245	326.974
137.575	335.262
135.097	444.148
196.616	295.574
217.923	245.212
369.965	27.2203
379.506	244.675
379.506	244.675
461.581	18.2108
461.581	18.2108
535.224	249.924
535.224	249.924
555.013	300.873
555.013	300.873
580.853	365.871
596.767	50.1984
624.873	49.8246
631.834	83.3919
613.61	452.467
654.276	89.8025
661.711	126.571
677.708	61.5632
683.011	49.6137
682.184	104.213
688.023	131.856
696.986	105.942
713.276	146.511
713.276	146.511
722.187	123.113
57.8844	269.029
57.4479	459.827
62.3386	323.295
67.3669	394.621
70.3456	326.251
66.7975	426.976
71.4793	459.508
75.5157	348.952
75.5157	348.952
97.9549	355.194
97.9549	355.194
98.4554	395.604
115.12	286.182
120.179	326.908
135.091	444.196
135.091	444.196
196.529	295.527
278.324	97.4971
379.5	244.644
379.5	244.644
378.759	295.072
378.759	295.072
377.898	359.601
461.445	18.1535
461.445	18.1535
535.245	249.932
535.245	249.932
555.042	300.886
555.042	300.886
580.825	365.876
580.825	365.876
597.026	50.4729
624.908	49.8616
631.811	83.2371
613.619	452.463
613.619	452.463
654.504	89.9381
671.919	135.628
683.148	49.4522
682.249	104.119
688.294	132.006
696.935	105.896
704.534	138.191
709.327	143.917
724.683	108.188
64.259	306.885
66.4387	361.365
66.8793	427.222
71.4651	459.489
71.8077	448.891
74.9983	366.501
89.9866	294.316
87.3384	393.402
97.8854	355.178
97.8854	355.178
98.6433	395.034
107.943	289.656
120.667	326.605
135.067	444.177
135.067	444.177
196.534	295.555
196.534	295.555
381.42	142.766
381.42	142.766
379.497	244.653
379.497	244.653
377.884	359.603
376.623	445.066
455.393	48.4433
458.62	24.7549
473.179	82.2157
507.442	174.529
535.262	249.943
535.262	249.943
555.072	300.894
555.072	300.894
580.861	365.886
580.861	365.886
595.735	49.2665
624.686	49.6518
631.609	83.3707
638.981	71.6166
653.406	46.2649
654.402	89.9702
682.231	104.197
688.061	131.897
689.053	145.261
696.851	105.834
713.169	146.563
738.186	120.613
45.4216	309.18
58.552	269.499
57.8582	459.633
64.1824	306.907
66.471	361.383
66.8476	427.188
69.739	352.677
71.4269	459.607
81.4725	396.622
97.7935	355.082
98.6285	395.08
120.725	326.445
137.544	335.385
135.122	444.169
135.122	444.169
196.512	295.574
196.512	295.574
235.058	204.957
235.058	204.957
380.377	204.28
379.476	244.617
377.89	359.537
377.89	359.537
376.55	445.021
376.55	445.021
461.231	17.8905
461.231	17.8905
519.808	208.679
519.808	208.679
555.077	300.874
555.077	300.874
596.185	49.6538
580.919	365.899
580.919	365.899
624.837	49.825
631.624	83.5193
638.74	71.9086
664.584	83.2833
671.908	135.694
671.908	135.694
680.993	49.3928
682.122	104.284
697.308	106.02
707.402	47.4202
709.772	144.055
713.378	146.569
724.741	108.179
41.9866	350.583
57.8576	268.968
57.7138	459.76
70.3308	326.276
69.8234	352.483
71.9177	449.052
80.9405	269.665
81.4098	396.619
89.9869	294.325
87.238	393.321
97.0709	283.649
97.9632	355.205
97.9632	355.205
98.581	395.241
108.078	289.604
190.959	52.1133
196.466	295.582
196.466	295.582
369.798	27.2232
381.435	142.74
380.389	204.302
380.389	204.302
378.756	295.047
377.884	359.457
377.884	359.457
376.55	445.072
376.55	445.072
461.294	17.9519
461.294	17.9519
496.51	146.21
519.755	208.665
519.755	208.665
555.057	300.883
555.057	300.883
595.779	49.3442
580.937	365.922
580.937	365.922
624.632	49.6353
638.853	71.7188
654.455	89.9432
671.864	135.652
677.255	60.6682
682.18	104.203
688.25	132.049
696.941	105.896
704.173	138.183
710.544	66.4312
713.122	146.502
724.755	108.315
48.2617	286.269
48.2617	286.269
66.5757	427.358
62.3576	323.272
62.3576	323.272
67.3946	336.782
69.5656	352.386
81.4595	396.707
79.8729	298.071
86.9895	392.918
91.4938	343.734
89.83	294.3
94.4508	286.874
97.7216	354.971
107.935	289.53
135.053	444.157
135.053	444.157
137.514	335.355
170.203	359.745
196.606	295.518
196.606	295.518
235.058	204.886
235.058	204.886
248.693	171.521
248.693	171.521
368.761	27.0766
378.766	295.069
378.766	295.069
381.575	359.703
379.521	244.618
380.456	204.306
380.456	204.306
381.506	142.782
452.841	13.6918
454.373	26.6223
473.237	82.2693
555.134	300.893
555.134	300.893
581.032	366.01
581.032	366.01
613.748	452.526
671.904	135.779
671.904	135.779
48.2805	286.312
48.2805	286.312
66.6364	427.323
62.3915	323.279
66.3756	361.189
69.8349	352.575
70.2812	326.239
81.467	396.651
84.2998	283.641
87.9264	317.36
89.8264	294.275
112.959	374.524
114.945	285.715
121.226	324.892
170.29	359.741
196.669	295.508
235.064	204.881
235.064	204.881
269.519	118.449
269.519	118.449
278.431	97.4609
278.431	97.4609
376.635	445.068
376.635	445.068
378.751	295.06
378.751	295.06
379.535	244.619
374.145	27.1357
380.437	204.311
380.437	204.311
452.992	13.7448
454.277	26.5635
519.797	208.655
580.982	365.929
580.982	365.929
653.798	89.288
660.98	125.685
671.759	135.656
671.759	135.656
