41.8887	350.625
45.3343	309.176
59.5939	397.488
57.8859	459.671
63.9524	285.714
74.5032	366.335
80.2424	268.93
81.4338	396.568
97.8722	355.183
97.8722	355.183
98.3975	395.819
120.245	326.974
137.575	335.262
135.097	444.148
196.616	295.574
217.923	245.212
369.965	27.2203
379.506	244.675
379.506	244.675
461.581	18.2108
461.581	18.2108
535.224	249.924
535.224	249.924
555.013	300.873
555.013	300.873
580.853	365.871
596.767	50.1984
624.873	49.8246
631.834	83.3919
613.61	452.467
654.276	89.8025
661.711	126.571
677.708	61.5632
683.011	49.6137
682.184	104.213
688.023	131.856
696.986	105.942
713.276	146.511
713.276	146.511
722.187	123.113
57.8844	269.029
57.4479	459.827
62.3386	323.295
67.3669	394.621
70.3456	326.251
66.7975	426.976
71.4793	459.508
75.5157	348.952
75.5157	348.952
97.9549	355.194
97.9549	355.194
98.4554	395.604
115.12	286.182
120.179	326.908
135.091	444.196
135.091	444.196
196.529	295.527
278.324	97.4971
379.5	244.644
379.5	244.644
378.759	295.072
378.759	295.072
377.898	359.601
461.445	18.1535
461.445	18.1535
535.245	249.932
535.245	249.932
555.042	300.886
555.042	300.886
580.825	365.876
580.825	365.876
597.026	50.4729
624.908	49.8616
631.811	83.2371
613.619	452.463
613.619	452.463
654.504	89.9381
671.919	135.628
683.148	49.4522
682.249	104.119
688.294	132.006
696.935	105.896
704.534	138.191
709.327	143.917
724.683	108.188
64.259	306.885
66.4387	361.365
66.8793	427.222
71.4651	459.489
71.8077	448.891
74.9983	366.501
89.9866	294.316
87.3384	393.402
97.8854	355.178
97.8854	355.178
98.6433	395.034
107.943	289.656
120.667	326.605
135.067	444.177
135.067	444.177
196.534	295.555
196.534	295.555
381.42	142.766
381.42	142.766
379.497	244.653
379.497	244.653
377.884	359.603
376.623	445.066
455.393	48.4433
458.62	24.7549
473.179	82.2157
507.442	174.529
535.262	249.943
535.262	249.943
555.072	300.894
555.072	300.894
580.861	365.886
580.861	365.886
595.735	49.2665
624.686	49.6518
631.609	83.3707
638.981	71.6166
653.406	46.2649
654.402	89.9702
682.231	104.197
688.061	131.897
689.053	145.261
696.851	105.834
713.169	146.563
738.186	120.613
45.4216	309.18
58.552	269.499
57.8582	459.633
64.1824	306.907
66.471	361.383
66.8476	427.188
69.739	352.677
71.4269	459.607
81.4725	396.622
97.7935	355.082
98.6285	395.08
120.725	326.445
137.544	335.385
135.122	444.169
135.122	444.169
196.512	295.574
196.512	295.574
235.058	204.957
235.058	204.957
380.377	204.28
379.476	244.617
377.89	359.537
377.89	359.537
376.55	445.021
376.55	445.021
461.231	17.8905
461.231	17.8905
519.808	208.679
519.808	208.679
555.077	300.874
555.077	300.874
596.185	49.6538
580.919	365.899
580.919	365.899
624.837	49.825
631.624	83.5193
638.74	71.9086
664.584	83.2833
671.908	135.694
671.908	135.694
680.993	49.3928
682.122	104.284
697.308	106.02
707.402	47.4202
709.772	144.055
713.378	146.569
724.741	108.179
41.9866	350.583
57.8576	268.968
57.7138	459.76
70.3308	326.276
69.8234	352.483
71.9177	449.052
80.9405	269.665
81.4098	396.619
89.9869	294.325
87.238	393.321
97.0709	283.649
97.9632	355.205
97.9632	355.205
98.581	395.241
108.078	289.604
190.959	52.1133
196.466	295.582
196.466	295.582
369.798	27.2232
381.435	142.74
380.389	204.302
380.389	204.302
378.756	295.047
377.884	359.457
377.884	359.457
376.55	445.072
376.55	445.072
461.294	17.9519
461.294	17.9519
496.51	146.21
519.755	208.665
519.755	208.665
555.057	300.883
555.057	300.883
595.779	49.3442
580.937	365.922
580.937	365.922
624.632	49.6353
638.853	71.7188
654.455	89.9432
671.864	135.652
677.255	60.6682
682.18	104.203
688.25	132.049
696.941	105.896
704.173	138.183
710.544	66.4312
713.122	146.502
724.755	108.315
48.2617	286.269
48.2617	286.269
66.5757	427.358
62.3576	323.272
62.3576	323.272
67.3946	336.782
69.5656	352.386
81.4595	396.707
79.8729	298.071
86.9895	392.918
91.4938	343.734
89.83	294.3
94.4508	286.874
97.7216	354.971
107.935	289.53
135.053	444.157
135.053	444.157
137.514	335.355
170.203	359.745
196.606	295.518
196.606	295.518
235.058	204.886
235.058	204.886
248.693	171.521
248.693	171.521
368.761	27.0766
378.766	295.069
378.766	295.069
381.575	359.703
379.521	244.618
380.456	204.306
380.456	204.306
381.506	142.782
452.841	13.6918
454.373	26.6223
473.237	82.2693
555.134	300.893
555.134	300.893
581.032	366.01
581.032	366.01
613.748	452.526
671.904	135.779
671.904	135.779
48.2805	286.312
48.2805	286.312
66.6364	427.323
62.3915	323.279
66.3756	361.189
69.8349	352.575
70.2812	326.239
81.467	396.651
84.2998	283.641
87.9264	317.36
89.8264	294.275
112.959	374.524
114.945	285.715
121.226	324.892
170.29	359.741
196.669	295.508
235.064	204.881
235.064	204.881
269.519	118.449
269.519	118.449
278.431	97.4609
278.431	97.4609
376.635	445.068
376.635	445.068
378.751	295.06
378.751	295.06
379.535	244.619
374.145	27.1357
380.437	204.311
380.437	204.311
452.992	13.7448
454.277	26.5635
519.797	208.655
580.982	365.929
580.982	365.929
653.798	89.288
660.98	125.685
671.759	135.656
671.759	135.656
48.2689	286.322
66.5634	427.294
62.4228	323.328
63.9795	306.758
66.4339	361.139
69.8129	352.483
70.3189	326.231
70.2299	322.203
74.1035	366.136
86.9534	392.807
94.5922	287.041
97.7304	354.969
97.2203	283.606
113.268	375.145
121.38	324.945
196.54	295.451
217.888	245.124
217.888	245.124
235.087	204.878
248.792	171.53
248.792	171.53
269.681	118.431
269.681	118.431
381.521	359.871
379.513	244.61
379.513	244.61
381.438	142.749
381.438	142.749
453.04	13.7776
453.04	13.7776
496.556	146.224
535.336	249.947
535.336	249.947
559.679	479.587
573.151	479.7
581.034	365.979
581.034	365.979
613.742	452.626
48.2507	286.282
48.2507	286.282
54.0571	355.039
62.3538	323.323
62.3538	323.323
69.6932	352.534
81.2773	396.507
79.9117	298.056
79.9117	298.056
87.0729	392.926
90.7223	343.376
94.3419	286.96
97.606	354.919
135.014	444.147
135.014	444.147
137.345	335.373
170.263	359.767
235.036	204.892
235.036	204.892
248.692	171.531
248.692	171.531
269.609	118.459
269.609	118.459
320.652	45.6217
353.045	46.7657
377.903	359.555
378.75	295.051
381.374	359.747
379.549	244.608
379.549	244.608
380.364	204.283
380.364	204.283
380.795	170.779
380.795	170.779
381.43	142.766
454.363	26.5821
572.16	472.282
581.026	365.953
585.313	471.367
48.2925	286.363
48.2925	286.363
66.5188	427.139
62.4595	323.353
66.4415	361.109
69.7439	352.507
69.3606	321.928
75.5529	405.504
79.8696	297.993
91.1044	343.513
89.8275	294.281
98.2889	393.499
94.3257	287.045
97.7597	355.002
107.99	289.61
135.009	444.121
135.009	444.121
137.446	335.308
286.256	79.2699
286.256	79.2699
297.888	45.695
297.888	45.695
328.852	45.803
328.852	45.803
378.782	295.061
381.449	359.417
379.534	244.603
379.534	244.603
454.767	26.5229
581.023	365.949
581.023	365.949
613.734	452.568
613.734	452.568
48.2772	286.232
48.2772	286.232
66.5019	427.26
62.3573	323.267
67.2906	336.8
69.5911	352.386
70.3352	326.202
75.7125	405.814
74.9822	348.588
79.9195	298.036
86.898	392.738
89.8531	294.28
98.288	393.688
94.3211	286.977
97.6843	354.963
135.043	444.162
135.043	444.162
234.89	204.884
234.89	204.884
248.761	171.538
286.197	79.2595
286.197	79.2595
377.908	359.593
378.774	295.067
381.477	359.781
379.53	244.604
380.382	204.302
380.382	204.302
454.598	26.4947
558.718	448.033
580.813	474.789
581.009	365.928
581.009	365.928
688.995	145.101
48.3337	286.367
48.3337	286.367
54.1272	355.043
66.7089	427.359
62.3728	323.331
67.3261	336.803
70.2944	326.206
75.7132	405.821
91.5285	343.797
89.8248	294.289
98.1909	393.999
94.2761	286.885
97.8243	355.091
121.843	324.548
135.059	444.1
135.059	444.1
248.702	171.528
260.582	142.918
286.141	79.2101
297.963	45.7014
352.927	46.783
376.603	445.057
376.603	445.057
377.914	359.605
378.773	295.08
381.383	359.738
379.533	244.606
380.362	204.317
380.362	204.317
380.821	170.743
380.821	170.743
454.442	26.6264
571.64	440.665
581.018	365.949
581.018	365.949
48.2551	286.368
48.2551	286.368
66.6573	427.204
62.4054	323.319
64.7965	329.252
66.3924	361.127
67.3074	336.851
80.096	268.336
91.1395	343.643
89.8262	294.282
98.2187	393.816
94.1597	286.881
97.7855	355.095
121.846	324.59
135.036	444.163
135.036	444.163
137.461	335.339
217.957	245.126
217.957	245.126
260.556	142.952
286.247	79.2646
286.247	79.2646
297.959	45.6727
297.959	45.6727
376.615	445.07
376.615	445.07
377.921	359.611
380.369	204.312
380.369	204.312
380.827	170.776
380.827	170.776
454.676	26.5622
581.03	365.948
581.03	365.948
583.015	432.548
608.057	456.599
608.057	456.599
626.438	441.283
50.5621	291.891
57.9385	269.253
66.6806	427.272
64.5326	329.075
67.2319	336.823
69.7015	352.475
70.2857	326.216
75.7974	405.62
79.9104	298.096
86.9806	392.841
84.2991	283.656
98.3155	393.433
93.9782	286.923
97.5759	354.793
97.5759	354.793
121.83	324.398
135.047	444.094
135.047	444.094
137.504	335.294
234.982	204.878
234.982	204.878
248.7	171.525
286.228	79.2365
297.973	45.7386
297.973	45.7386
328.744	45.8267
328.744	45.8267
376.614	445.082
376.614	445.082
377.917	359.554
378.772	295.069
381.483	359.53
379.535	244.578
454.677	26.6012
473.245	82.1682
535.5	478.194
549.616	475.336
581.005	365.945
581.005	365.945
594.362	424.981
621.34	448.125
639.53	433.114
48.2711	286.226
48.2711	286.226
66.7732	427.341
64.7787	329.144
66.1997	361.087
64.0369	306.761
67.3128	336.839
75.7903	405.726
87.0158	392.887
84.4143	283.63
89.8723	294.315
98.3013	393.306
97.6127	354.865
97.6127	354.865
114.692	285.846
122.113	324.256
135.01	444.126
135.01	444.126
234.897	204.882
234.897	204.882
248.695	171.53
260.548	142.907
260.548	142.907
286.16	79.2447
297.876	45.7366
376.619	445.045
376.619	445.045
381.305	359.765
380.823	170.786
380.823	170.786
454.826	26.5771
473.273	82.2221
549.529	475.165
581.035	365.951
604.372	417.66
631.864	440.295
631.864	440.295
48.27	286.303
48.27	286.303
54.0007	355.032
66.7514	427.322
62.4003	323.31
64.9556	329.219
67.3068	336.843
74.612	348.349
79.8801	298.111
86.8889	392.713
91.3841	343.678
94.1868	286.982
97.2114	283.575
122.02	324.472
134.961	444.143
134.961	444.143
137.404	335.34
234.969	204.897
278.173	97.46
278.173	97.46
335.47	45.946
352.948	46.788
376.614	445.068
376.614	445.068
377.912	359.577
378.769	295.088
381.486	359.609
454.691	26.576
473.298	82.2253
580.984	365.93
621.953	403.421
621.953	403.421
48.3037	286.255
48.3037	286.255
66.7106	427.112
64.7298	329.182
67.3386	336.829
69.6972	352.469
70.2433	326.199
79.7952	298.051
86.8452	392.572
83.9745	283.543
97.7479	355.101
97.7479	355.101
114.633	285.876
122.098	324.203
134.997	444.126
134.997	444.126
137.4	335.289
286.275	79.2362
376.602	445.065
376.602	445.065
377.918	359.557
378.752	295.067
381.411	359.759
379.53	244.603
379.53	244.603
380.361	204.31
380.361	204.31
454.636	26.5725
580.999	365.942
580.999	365.942
631.679	395.578
631.679	395.578
48.2677	286.356
48.2677	286.356
66.6858	427.17
62.4701	323.328
64.6091	329.14
66.4262	361.127
67.2769	336.826
79.9604	298.081
86.8866	392.627
91.1326	343.667
98.2159	392.977
94.549	287.098
97.7041	355.058
122.089	324.135
135.087	444.135
135.087	444.135
137.46	335.339
286.202	79.2622
286.202	79.2622
297.797	45.704
297.797	45.704
346.279	46.4675
376.597	445.065
376.597	445.065
377.919	359.629
378.776	295.07
381.408	359.665
379.528	244.588
454.8	26.587
581.004	365.937
581.004	365.937
688.838	145.072
48.249	286.402
48.249	286.402
53.9517	355.065
66.7887	427.306
62.4141	323.379
67.2843	336.804
70.3116	326.192
79.8916	298.102
86.7914	392.467
89.8372	294.291
94.0737	286.87
97.6937	355.011
115.093	285.734
135.023	444.126
135.023	444.126
137.452	335.311
217.914	245.119
298.062	45.7148
298.062	45.7148
376.597	445.073
376.597	445.073
378.774	295.087
381.456	359.571
379.521	244.58
454.774	26.6254
581.038	365.935
581.038	365.935
688.803	145.024
48.2484	286.256
48.2484	286.256
66.7398	427.2
62.3865	323.335
64.6697	329.188
67.2745	336.818
69.6798	352.501
79.9585	298.029
86.7627	392.409
84.203	283.629
91.1056	343.486
89.8421	294.296
97.5921	354.82
115.094	285.866
135.063	444.111
135.063	444.111
260.579	142.934
286.193	79.2419
298.048	45.7307
298.048	45.7307
328.819	45.8073
328.819	45.8073
376.598	445.079
376.598	445.079
377.919	359.609
378.767	295.091
381.417	359.751
379.525	244.594
379.525	244.594
380.376	204.302
380.376	204.302
454.905	26.5914
473.281	82.1838
580.996	365.95
689.189	145.126
