-730.046	146.09	808.782
-706.406	186.327	799.002
-817.648	317.125	935.963
-653.643	65.5196	785.706
-1071.91	563.434	1289.18
-1240.47	651.623	1522.37
-702.712	288.259	897.91
-1487.51	1240.79	2186.43
-1816.71	1041.73	3138.09
-1816.71	1041.73	3138.09
-3018.15	115.713	6770.67
-14.8399	447.997	2919.84
-14.8399	447.997	2919.84
4.97767	708.358	2147.27
833.002	-2337.88	3986.69
1295.41	-656.309	3722.74
889.103	562.653	1611.79
889.103	562.653	1611.79
763.392	697.66	1180.87
763.392	697.66	1180.87
2011.14	-1093.89	2636.92
2592.33	-919.821	3198.19
1790.38	-753.424	2024.22
1827.41	-624.433	1913.3
-685.222	280.718	875.258
-685.222	280.718	875.258
-985.266	174.44	1344.79
-1510.2	1259.76	2219.7
-1510.2	1259.76	2219.7
-1715.23	984.063	2963.12
-1715.23	984.063	2963.12
-2418.96	742.912	4788.61
-2418.96	742.912	4788.61
-7218.48	-1681.58	18084.7
-7218.48	-1681.58	18084.7
-14.327	434.312	2830.82
-14.327	434.312	2830.82
-15.3806	683.448	2074.11
4.793	654.6	1985.69
-17.8057	906.329	1603.83
6076.2	-10284.5	23882.1
6076.2	-10284.5	23882.1
3909.59	-5438.05	14316.7
3909.59	-5438.05	14316.7
1815.11	-1450.89	5711.81
1492.81	-324.244	3917.43
1492.81	-324.244	3917.43
1229.48	87.8224	2900.43
1229.48	87.8224	2900.43
947.105	335.809	1976.88
947.105	335.809	1976.88
883.137	558.765	1600.91
2271.3	-1233.72	2977.81
3290.65	-1320.76	4211.47
3046.93	-1081.16	3759.45
2028.1	-588.38	2208.12
2245.4	-628.855	2417.63
-705.449	130.736	935.762
-958.526	170.084	1307.36
-2892.49	1143.02	4314.67
-1505.54	1255.86	2212.64
-1724.28	988.819	2978.69
-3.493	-533.325	5672.73
-3.493	-533.325	5672.73
-15.2097	453.111	2952.81
3678.81	-5116.38	13473.5
3678.81	-5116.38	13473.5
3443.5	-3768.03	11726.1
1878.91	-952.764	5404.97
1878.91	-952.764	5404.97
1459.11	-316.784	3828.32
1459.11	-316.784	3828.32
1226.73	87.5236	2893.06
1226.73	87.5236	2893.06
952.341	337.678	1988.26
952.341	337.678	1988.26
895.121	566.365	1622.63
3350.9	-1188.59	4134.64
3350.9	-1188.59	4134.64
2094.33	-882.171	2370.42
2060.41	-576.435	2217.72
-704.546	100.218	762.794
-590.931	53.7848	658.617
-710.622	187.358	803.774
-710.622	187.358	803.774
-770.839	299.177	883.223
-816.689	404.013	936.309
-597.758	217.888	692.715
-821.366	582.922	949.731
-821.366	582.922	949.731
-1033.62	565.384	1214.07
-1122.72	588.614	1377.53
-781.412	147.937	971.028
-693.407	284.141	885.618
-693.407	284.141	885.618
-1221.18	676.069	1559.86
-668.057	123.651	887.387
-1531.79	1277.65	2251.06
-2695.62	1065.53	4019.18
-2810.48	862.394	5560.38
-2.84857	-536.513	5706.25
-2.84857	-536.513	5706.25
-14.5092	441.421	2876.54
-17.2879	901.109	1595.01
4.66457	570.599	1730.98
1401.03	-304.276	3674.35
919.906	582.385	1667.52
768.923	702.845	1189.27
768.923	702.845	1189.27
-722.525	102.613	782.042
-722.525	102.613	782.042
-586.9	200.011	660.718
-713.46	188.232	806.983
-713.46	188.232	806.983
-1093.69	654.175	1249.79
-751.538	291.447	860.714
-885.795	626.673	1022.29
-678.822	133.096	814.884
-583.686	58.1385	702.201
-1083.88	569.281	1330.74
-727.426	262.319	907.8
-712.366	290.986	908.785
-1234.27	681.298	1577.31
-1556.66	1298.26	2287.52
-1648.79	945.576	2848.01
-1648.79	945.576	2848.01
-1829.76	562.255	3624.84
-1829.76	562.255	3624.84
-14.0517	435.679	2839.03
-14.0517	435.679	2839.03
-3.15107	-521.598	5546.5
5.16614	694.621	2105.16
1093	387.935	2283.08
1093	387.935	2283.08
862.934	546.038	1563.39
862.934	546.038	1563.39
766.523	700.513	1185.31
417.956	244.117	427.501
-741.236	105.169	802.005
-701.818	185.059	793.925
-701.818	185.059	793.925
-711.793	104.149	809.695
-752.416	291.965	861.923
-1136.04	679.455	1298.07
-834.753	591.815	964.59
-797.621	330.558	937.981
-696.264	136.332	835.803
-607.661	61.4937	731.792
-1179.41	620.11	1417.75
-1115.24	585.202	1368.81
-768.536	145.61	954.971
-683.821	279.858	873.093
-712.637	131.802	945.606
-2569.25	788.446	5083.51
-13380.5	-6837.61	37051.8
-13.8004	71.4914	4497.24
-14.7766	447.891	2919.72
-14.7766	447.891	2919.72
-15.7414	700.86	2124.85
-15.7414	700.86	2124.85
1342.35	-290.911	3518.77
1249.86	89.2269	2947.42
1249.86	89.2269	2947.42
999.564	354.685	2086.87
999.564	354.685	2086.87
866.362	548.112	1569.56
421.987	246.676	431.767
-701.128	94.0889	740.652
-630.054	201.313	675.758
-733.612	107.402	834.556
-731.826	156.182	832.799
-740.672	287.552	848.648
-1105.33	661.054	1263.09
-691.848	193.986	803.431
-839.52	596.589	971.23
-1000.09	677.256	1159.46
-576.484	57.8435	693.752
-1041.08	546.66	1278.34
-679.713	278.441	868.274
-679.713	278.441	868.274
-1207.03	667.119	1542.62
-778.453	144.012	1033.53
-1074.35	190.214	1464.83
-1543.57	1287.38	2268.03
-1543.57	1287.38	2268.03
-2934.63	1159.69	4374.32
-1893.23	1085.48	3269.72
-1893.23	1085.48	3269.72
-2343.54	719.656	4640.32
-2343.54	719.656	4640.32
-3.20875	-528.133	5615.43
-3.20875	-528.133	5615.43
-15.355	689.009	2089.59
-16.7512	877.95	1553.79
3.87328	770.529	2335.07
1082.59	77.3275	2551.96
1082.59	77.3275	2551.96
985.739	349.83	2058.38
985.739	349.83	2058.38
869.62	550.225	1575.38
869.62	550.225	1575.38
430.352	251.505	440.3
-697.211	93.3881	736.394
-645.467	51.8541	691.495
-681.881	179.834	771.527
-725.53	154.805	825.632
-744.136	288.625	852.371
-1096.99	656.287	1253.64
-845.983	419.204	970.567
-817.833	580.383	945.506
-1272.05	861.989	1474.88
-733.376	303.864	862.599
-1290.84	679.152	1551.92
-818.472	218.769	1009.4
-818.472	218.769	1009.4
-1150.35	603.968	1412
-975.863	351.603	1215.84
-723.972	121.16	913.438
-969.89	171.861	1322.84
-1501.71	1252.13	2206.67
-1501.71	1252.13	2206.67
-1867.69	1070.76	3226
-1867.69	1070.76	3226
-2899.39	890.017	5739.66
-2899.39	890.017	5739.66
-13.258	70.4812	4412.31
-13.258	70.4812	4412.31
-14.8411	447.866	2918.46
-14.8411	447.866	2918.46
-15.5568	697.074	2114.06
-15.5568	697.074	2114.06
-16.8245	881.626	1559.18
4.30612	579.535	1759.06
1344.21	95.8728	3170.53
1344.21	95.8728	3170.53
976.538	346.3	2037.72
976.538	346.3	2037.72
781.026	713.885	1208.11
781.026	713.885	1208.11
-598.173	191.748	642.397
-596.428	55.6607	666.201
-661.808	451.844	733.374
-699.967	184.788	792.028
-699.967	184.788	792.028
-812.92	315.037	930
-1062.54	635.573	1214.38
-888.219	601.83	1030.6
-593.183	59.5776	714.099
-1147.98	602.593	1408.82
-663.078	104.185	845.892
-675.277	276.6	862.582
-675.277	276.6	862.582
-1255.05	694.568	1603.3
-1367.27	459.577	1907.86
-13.2952	70.65	4429.01
-13.2952	70.65	4429.01
-15.5926	697.214	2114.24
-15.5926	697.214	2114.24
949.584	336.828	1981.65
949.584	336.828	1981.65
772.614	706.104	1194.83
772.614	706.104	1194.83
-659.486	216.521	699.028
-695.273	246.434	765.066
-741.646	69.2421	827.474
-796.516	543.023	881.893
-708.919	187.013	801.971
-1130.85	676.219	1292.18
-742.528	367.89	852.251
-694.197	194.558	805.996
-844.791	600.095	977.352
-600.627	60.4682	722.956
-1101.64	496.361	1338.92
-1155.93	606.605	1418.42
-796.407	150.844	989.613
-686.534	280.781	876.469
-897.399	158.372	1223.53
-1531.43	1277.06	2250.1
-1531.43	1277.06	2250.1
-2657.71	1050.68	3965.79
-1635.52	938.141	2826.22
-1635.52	938.141	2826.22
-3.2447	-523.142	5561.51
-12.7151	69.0392	4329.7
-14.1121	433.185	2823.88
-14.1121	433.185	2823.88
-17.8343	918.028	1624.25
1614.13	-817.577	4638.58
1614.13	-817.577	4638.58
1179.4	84.1311	2780.65
1179.4	84.1311	2780.65
1003.33	355.899	2094.23
1003.33	355.899	2094.23
906.691	574.001	1643.38
906.691	574.001	1643.38
442.919	258.867	453.364
-759.992	518.84	842.548
-559.337	191.026	630.388
-708.96	187.127	802.04
-708.96	187.127	802.04
-721.926	280.216	827.456
-1132.9	677.508	1294.48
-861.754	610.896	995.915
-642.543	64.2743	772.652
-696.043	136.405	835.382
-1153.7	607.445	1387.65
-1143.16	600.247	1403.1
-686.272	107.841	875.265
-692.886	283.286	884.28
-1435.97	482	2001.6
-1474.53	1229.81	2167.05
-1474.53	1229.81	2167.05
-1833.06	1050.95	3166.54
-1833.06	1050.95	3166.54
-1969.93	605.405	3902.9
-1969.93	605.405	3902.9
-13.4923	71.8705	4480.68
-13.4923	71.8705	4480.68
-14.2696	437.831	2853.16
-14.2696	437.831	2853.16
-15.845	704.269	2136.09
4.79912	727.555	2206.34
1450.5	-314.992	3802.17
1191.53	85.174	2808.91
1191.53	85.174	2808.91
1015.91	360.397	2120.33
1015.91	360.397	2120.33
776.28	709.631	1200.61
-655.443	232.347	721.293
-570.375	53.1282	637.199
-693.027	182.942	784.118
-1125.78	673.218	1286.09
-721.534	357.093	827.506
-684.393	191.893	794.923
-638.255	71.7424	745.612
-806.18	571.944	932.356
-1133.82	768.739	1315.63
-604.883	217.162	714.363
-632.852	62.9614	761.008
-1051.19	551.899	1290.57
-674.159	243.579	842.053
-702.276	287.251	896.444
-1376.16	461.841	1919.28
-1484.47	1238.12	2181.23
-1484.47	1238.12	2181.23
-2611.3	1032.26	3895.37
-1790.09	1026.43	3091.93
-1790.09	1026.43	3091.93
-12.5912	68.615	4294.25
-12.5912	68.615	4294.25
-14.4677	439.49	2864.01
-14.4677	439.49	2864.01
5.26577	705.279	2139.24
1245.24	89.0871	2936.1
1245.24	89.0871	2936.1
997.152	353.748	2081.84
997.152	353.748	2081.84
887.232	561.543	1607.85
887.232	561.543	1607.85
781.25	714.122	1208.41
423.034	247.382	432.711
-717.122	96.1064	757.394
-717.122	96.1064	757.394
-700.956	185.014	793.132
-700.956	185.014	793.132
-757.339	293.999	867.894
-1155.26	690.765	1319.68
-858.836	608.778	992.754
-853.056	579.109	991.016
-814.628	337.323	957.414
-694.024	135.992	833.209
-570.463	57.262	686.865
-1182.16	620.335	1450.61
-658.107	269.51	840.785
-658.107	269.51	840.785
-1236.77	682.191	1581.15
-776.278	143.488	1029.41
-1459.33	1217.04	2144.77
-1459.33	1217.04	2144.77
-1718.35	985.206	2968.06
-1718.35	985.206	2968.06
-1674.87	514.718	3318.41
-2.77135	-501.265	5330.33
-17.3727	897.262	1587.7
-17.3727	897.262	1587.7
3.89823	806.274	2444.4
964.43	342.109	2012.88
964.43	342.109	2012.88
772.624	706.233	1195.04
-538.651	38.1283	556.548
-715.8	95.9612	755.828
-685.423	219.296	735.023
-743.979	506.79	820.927
-690.816	182.37	781.516
-1144.81	684.725	1307.76
-678.867	190.348	788.383
-842.656	595.735	972.974
-705.14	292.256	829.738
-697.053	136.538	836.648
-595.475	59.5468	716.249
-1097.96	578.847	1321.49
-1097.96	578.847	1321.49
-722.153	133.602	959.347
-1572.68	1311.37	2310.82
-1572.68	1311.37	2310.82
-1722.11	987.386	2973.63
-1722.11	987.386	2973.63
-2371.18	728.258	4695.38
-2371.18	728.258	4695.38
-2853.8	109.52	6399.73
-13.8536	72.9889	4569.41
-13.8536	72.9889	4569.41
-13.7703	427.518	2784.77
-13.7703	427.518	2784.77
-15.6338	697.601	2115.6
-15.6338	697.601	2115.6
-17.2503	889.012	1573.26
-17.2503	889.012	1573.26
1262	90.3854	2975.73
1046.7	371.416	2185.61
1046.7	371.416	2185.61
914.441	578.879	1657.53
914.441	578.879	1657.53
770.43	704.109	1191.43
-707.374	250.71	778.103
-737.495	502.579	814.824
-714.101	188.385	807.75
-791.069	390.783	906.105
-1024.57	613.326	1171.24
-684.997	191.915	795.404
-1130.58	766.506	1311.44
-699.209	290.558	823.969
-688.022	134.858	826.059
-1124.61	590.972	1352.09
-1078.04	565.737	1323.29
-702.749	110.395	896.063
-686.956	281.064	877.002
-723.99	133.991	959.478
-874.988	154.125	1193.45
-1542.12	1285.89	2265.75
-1542.12	1285.89	2265.75
-1622.36	930.43	2802.49
-12.8127	68.6708	4296.34
-12.8127	68.6708	4296.34
-14.482	443.676	2890.67
-14.482	443.676	2890.67
-15.7568	701.183	2126.67
-15.7568	701.183	2126.67
932.215	330.705	1945.35
932.215	330.705	1945.35
880.154	557.134	1595.11
880.154	557.134	1595.11
-636.618	51.2405	682.595
-649.265	207.951	696.775
-842.614	573.637	929.986
-691.599	147.552	787.296
-732.477	284.133	839.192
-1121.68	670.958	1281.68
-704.106	197.236	817.428
-859.317	608.121	992.392
-682.375	133.728	819.352
-1174.17	618.484	1412.44
-1131.16	593.313	1388.11
-785.381	148.673	975.929
-684.289	279.939	873.679
-684.289	279.939	873.679
-1519.83	1267.4	2233.29
-1519.83	1267.4	2233.29
-1801.68	1032.96	3111.43
-1801.68	1032.96	3111.43
-1923.76	591.156	3811.55
-1923.76	591.156	3811.55
-2727.43	104.617	6117.36
-13.291	70.3788	4407.08
-13.291	70.3788	4407.08
-15.695	702.015	2127.9
-15.695	702.015	2127.9
1049.11	372.287	2190.53
1049.11	372.287	2190.53
874.532	553.426	1584.64
874.532	553.426	1584.64
779.581	712.565	1205.71
779.581	712.565	1205.71
-723.964	256.509	795.928
-707.22	66.4947	789.943
-772.96	526.412	852.225
-707.866	186.756	800.93
-707.866	186.756	800.93
-1110.63	664.358	1269.08
-882.467	623.425	1018.26
-703.511	292.125	828.589
-567.356	57.0815	682.859
-1123.59	590.814	1350.99
-1123.59	590.814	1350.99
-681.89	278.805	870.342
-743.794	137.793	987.864
-1451.22	486.6	2023.76
-1433.11	1195.27	2106.01
-1433.11	1195.27	2106.01
-2419.2	956.571	3609.58
-1699.61	974.451	2935.39
-1699.61	974.451	2935.39
-2835.94	108.891	6357.44
-2835.94	108.891	6357.44
-14.1704	73.6301	4612.84
-14.1704	73.6301	4612.84
-15.6579	698.681	2117.78
-15.6579	698.681	2117.78
-18.0021	922.588	1633.04
897.714	568.162	1626.49
755.574	690.486	1168.3
422.656	246.975	432.415
-648.368	207.359	695.472
-762.012	519.74	844.166
-841.556	325.953	962.905
-1069.01	639.555	1221.79
-686.064	192.244	796.757
-725.775	214.238	843.853
-1123.91	762.184	1304.06
-1209.49	636.305	1454.29
-1192.19	625.111	1462.62
-776.743	147.195	965.239
-710.169	290.464	906.627
-710.169	290.464	906.627
-748.403	131.791	1022.49
-2704.4	1068.65	4033.72
-1776.01	1018.27	3068.11
-1776.01	1018.27	3068.11
-2599.03	797.695	5142.89
-13.2359	70.6438	4422.06
-13.2359	70.6438	4422.06
-15.7235	701.097	2126.05
-15.7235	701.097	2126.05
-17.6838	911.835	1613.62
-17.6838	911.835	1613.62
1002.17	355.501	2091.86
1002.17	355.501	2091.86
891.579	564.276	1615.76
891.579	564.276	1615.76
771.396	704.99	1192.91
-705.987	250.125	776.714
-661.738	61.6434	738.871
-715.801	277.816	820.167
-1112.08	664.858	1270.49
-742.92	218.578	861.698
-689.393	193.236	800.46
-876.135	619.261	1011.13
-599.305	60.3379	721.536
-1193.88	628.022	1435.51
-1129.26	592.007	1385.51
-756.157	143.212	939.952
-709.402	290.071	905.542
-1142.89	584.715	1546.17
-2250.39	889.892	3358.31
-1729.48	991.84	2987.84
-1729.48	991.84	2987.84
-12.7218	68.9092	4307.73
-12.7218	68.9092	4307.73
-14.2771	436.594	2845.2
-14.2771	436.594	2845.2
-17.749	916.965	1622.37
4.99846	593.214	1797.6
981.638	348.172	2048.68
981.638	348.172	2048.68
-704.323	185.801	796.799
-1141.91	682.871	1304.58
-748.302	370.294	858.027
-688.231	192.844	799.167
-597.807	218.264	693.017
-773.196	546.945	893.458
-1338.11	905.076	1549.54
-773.385	321.242	910.804
-1108.21	583.511	1333.2
-1039.38	467.715	1260.26
-1178.91	617.913	1446.09
-766.007	145.157	951.955
-924.885	333.53	1152.89
-2627.22	1038.54	3919.75
-1719.77	986.335	2971.19
-1719.77	986.335	2971.19
-2365.39	726.441	4684.66
-2365.39	726.441	4684.66
5.12435	625.053	1892.87
899.072	569.081	1629.26
899.072	569.081	1629.26
776.404	709.609	1200.79
776.404	709.609	1200.79
425.014	248.326	434.61
