-98.2061	13.1497	103.754
-92.6255	32.8224	101.782
-96.3045	14.0755	109.544
-94.1557	20.0753	107.175
-95.953	57.4525	109.676
-90.4204	35.0588	103.544
-91.685	28.5391	105.319
-84.2725	59.5006	97.2275
-91.8024	17.9674	110.185
-91.8024	17.9674	110.185
-97.3554	51.1482	117.012
-97.3554	51.1482	117.012
-86.5945	8.72762	104.26
-83.5091	34.1296	106.586
-83.5091	34.1296	106.586
-87.2101	16.1594	115.866
-84.1442	70.172	123.612
-101.845	40.2437	151.831
-83.3845	47.7904	143.97
-83.3845	47.7904	143.97
-77.4306	-18.0731	194.286
-0.508029	2.80138	176.444
-0.0951561	-18.0425	191.972
0.234256	47.606	144.425
72.9351	5.21358	172.024
73.3319	26.0082	153.059
76.2472	69.6704	117.887
81.8735	47.8601	83.8119
-102.04	14.7906	106.291
-102.04	14.7906	106.291
-83.2255	28.4183	93.8089
-91.9139	24.2409	103.999
-96.3697	57.6744	110.117
-89.609	34.7665	102.656
-90.965	44.9817	104.252
-91.2789	28.4212	104.888
-86.2733	60.9126	99.4989
-84.5501	30.3654	99.8784
-97.3122	51.2672	117.062
-86.4022	8.68994	104.03
-96.1858	50.4807	118.045
-89.2689	16.513	118.396
-95.9687	32.0632	134.094
-84.3838	70.3764	123.993
-102.288	40.4254	152.452
-82.0237	47.0249	141.654
-82.0237	47.0249	141.654
-79.3504	3.04666	177.991
-77.71	-18.1531	194.985
-1.32745	69.0435	122.211
-0.0975278	-18.0912	192.43
-0.0975278	-18.0912	192.43
73.4366	26.0453	153.275
76.6652	70.0702	118.56
75.9053	48.3216	79.0166
81.0273	47.3425	82.9027
-92.226	32.6708	101.431
-93.3122	8.63485	104.13
-96.3078	14.08	109.517
-89.7055	25.5049	102.286
-96.3506	57.6847	110.137
-90.7403	35.1829	103.881
-91.9347	28.6094	105.613
-86.1401	60.8346	99.3711
-88.2419	23.4879	102.332
-86.7176	58.8998	100.78
-86.5266	35.95	101.913
-89.1077	8.96574	107.139
-95.3689	50.0161	117.021
-93.1167	17.6343	115.701
-82.9051	33.903	105.86
-93.08	51.1923	118.933
-94.2931	16.5584	128.367
-83.883	69.968	123.248
-101.259	40.0183	150.951
-82.0511	47.0367	141.676
-82.0511	47.0367	141.676
-77.6583	-18.134	194.828
-77.6583	-18.134	194.828
-0.776922	24.1486	157.393
-0.776922	24.1486	157.393
-0.516655	2.81525	177.035
-0.516655	2.81525	177.035
76.8125	70.2049	118.79
81.3715	47.5582	83.2966
-99.3548	14.0986	107.525
-92.5024	8.47345	103.127
-91.2855	24.088	103.294
-94.7592	20.2036	107.812
-96.2843	57.6443	110.039
-93.1279	36.095	106.586
-86.3359	60.8927	99.5238
-82.4503	30.0238	95.5348
-87.5069	59.3565	101.602
-98.4619	51.8543	118.41
-96.6309	50.6725	118.545
-91.742	24.5289	113.189
-88.8225	13.9594	113.264
-83.3078	34.0478	106.326
-83.3078	34.0478	106.326
-89.0815	16.4706	118.171
-96.1539	32.1148	134.318
-84.0991	70.1375	123.567
-100.897	39.866	150.427
-82.9588	47.5489	143.237
-82.9588	47.5489	143.237
-78.0754	-18.2226	195.84
-78.0754	-18.2226	195.84
-0.099235	-18.0907	192.375
-0.099235	-18.0907	192.375
0.311244	46.6064	141.248
72.7001	5.19302	171.478
72.7001	5.19302	171.478
73.1041	25.9249	152.588
73.1041	25.9249	152.588
76.4893	69.9021	118.274
81.7988	47.8401	83.7558
-103.677	15.0616	108.018
-91.965	24.2459	104.052
-90.5707	38.1591	102.809
-96.0133	14.031	109.217
-96.5595	57.7952	110.346
-90.3537	35.0522	103.474
-91.2868	28.4153	104.878
-86.9361	61.3851	100.293
-91.7611	17.9537	110.145
-90.3773	8.96637	108.586
-95.9645	50.3414	117.753
-92.4929	17.5099	114.934
-83.1019	33.9886	106.108
-83.1019	33.9886	106.108
-83.9372	70.0038	123.327
-100.614	39.7545	150.023
-78.2681	-18.2673	196.262
-78.2681	-18.2673	196.262
-0.510348	2.80978	176.949
0.336866	46.2981	140.432
73.3181	26.004	153.04
73.3181	26.004	153.04
75.9951	69.4463	117.494
81.1281	47.406	83.0229
-98.9517	13.2502	104.54
-91.137	32.3002	100.223
-91.8078	24.2078	103.878
-96.0899	14.0396	109.286
-97.434	58.2861	111.31
-91.2334	35.391	104.501
-91.2718	28.4086	104.856
-86.8991	61.2995	100.175
-88.0476	8.86224	105.916
-95.3738	50.0139	117.03
-83.6789	34.2054	106.808
-83.6789	34.2054	106.808
-93.9251	51.6532	120.002
-86.769	16.0308	115.045
-95.5163	31.9336	133.493
-83.7116	69.8253	123.006
-82.6071	47.3527	142.65
-82.6071	47.3527	142.65
-82.9682	25.4626	164.213
-82.9682	25.4626	164.213
-79.2287	3.04229	177.691
-77.7502	-18.1542	195.071
-0.77678	24.1634	157.474
-0.514821	2.81773	177.18
-0.514821	2.81773	177.18
0.221064	47.535	144.189
72.7395	5.19896	171.559
72.7395	5.19896	171.559
76.2435	69.6723	117.879
80.3941	46.9852	82.2969
-98.8549	13.2268	104.418
-98.4362	13.9602	106.542
-92.3467	24.3628	104.485
-92.3467	24.3628	104.485
-97.6555	58.4285	111.55
-90.3502	35.0448	103.483
-85.1383	60.1725	98.281
-85.0624	31.0157	98.5787
-95.5477	50.27	114.918
-95.5477	50.27	114.918
-88.5215	8.90155	106.462
-83.9815	34.3247	107.19
-83.9815	34.3247	107.19
-89.4591	15.7557	122.032
-96.1815	32.1378	134.392
-83.9287	70.0045	123.319
-82.0215	47.0174	141.636
-82.0215	47.0174	141.636
-82.2133	25.2357	162.749
-82.2133	25.2357	162.749
-79.8615	3.0662	179.069
-77.6911	-18.1315	194.86
-1.32665	69.0838	122.272
-0.78227	24.1832	157.646
-0.0978733	-18.0816	192.321
-0.0978733	-18.0816	192.321
0.245736	47.4907	144.038
72.3478	5.17345	170.592
72.3478	5.17345	170.592
73.6895	26.1415	153.862
75.7426	47.9271	137.227
75.7426	47.9271	137.227
76.3981	69.8183	118.138
80.7417	47.1982	82.6573
-98.4844	13.9828	106.592
-91.0179	38.2922	103.268
-95.8999	14.034	109.098
-93.7598	20.0002	106.731
-97.8781	58.5704	111.811
-93.1535	36.1141	106.639
-90.7411	28.271	104.276
-87.7597	61.8966	101.14
-87.7597	61.8966	101.14
-95.7469	50.2101	117.477
-84.2585	34.4545	107.551
-84.2585	34.4545	107.551
-93.9765	51.7444	120.052
-89.3607	16.4999	118.495
-89.8597	15.8	122.54
-95.8313	32.0359	133.921
-83.7618	69.8578	123.076
-83.7618	69.8578	123.076
-100.629	39.7588	150.023
-81.9863	47.0177	141.6
-81.9863	47.0177	141.6
-77.6649	-18.1348	194.825
-77.6649	-18.1348	194.825
-16.724	-61.408	115.608
-1.33044	69.16	122.398
-0.102102	-18.0674	192.197
-0.102102	-18.0674	192.197
0.234973	47.1977	143.136
73.4561	5.2545	173.298
73.4561	5.2545	173.298
76.2237	69.6511	117.851
82.5739	48.2984	84.5974
-98.0696	13.1123	103.637
-91.7352	32.5117	100.895
-90.3449	8.34082	100.831
-92.143	24.2928	104.248
-96.6976	57.8916	110.512
-91.4308	28.4614	105.032
-84.8549	59.8837	97.8697
-85.9691	31.3316	99.5906
-90.7516	24.1634	105.241
-90.2021	25.2679	104.758
-86.2098	8.68269	103.817
-95.5241	50.1333	117.235
-83.4429	34.1365	106.533
-83.4429	34.1365	106.533
-91.1824	16.0522	124.363
-83.5635	69.7162	122.815
-100.964	39.9075	150.521
-83.1662	47.6731	143.596
-83.1662	47.6731	143.596
-77.7952	-18.1584	195.176
-77.7952	-18.1584	195.176
-0.513559	2.80832	176.841
-0.0995876	-18.1197	192.72
0.324562	46.5966	141.321
72.7015	5.19461	171.481
72.7015	5.19461	171.481
72.7644	25.7996	151.838
79.4407	46.3928	81.2603
-106.57	15.4542	110.911
-91.6575	30.0646	97.1259
-92.7863	32.8703	102.015
-91.6191	8.71815	102.525
-92.5959	24.4136	104.758
-92.5959	24.4136	104.758
-96.6018	57.8237	110.381
-86.7663	61.2803	100.103
-90.5989	24.1295	105.066
-92.1885	27.1749	107.097
-88.0524	8.84691	105.905
-96.3132	50.4881	118.147
-84.9227	13.3815	108.302
-82.7199	33.7922	105.575
-82.7199	33.7922	105.575
-84.0485	70.0935	123.486
-101.545	40.1171	151.415
-82.1737	47.116	141.919
-82.1737	47.116	141.919
-79.9498	3.06067	179.288
-77.1388	-18.0123	193.542
-1.32712	69.0353	122.189
-0.0960311	-18.0773	192.222
-0.0960311	-18.0773	192.222
0.192985	48.0933	145.881
73.2707	25.993	152.976
73.2707	25.993	152.976
76.0859	69.5284	117.653
80.4871	47.0495	82.3899
-100.394	8.10227	107.44
-92.7006	32.8415	101.947
-96.4816	14.1147	109.736
-96.9801	58.0408	110.811
-89.7849	34.8588	102.911
-90.1477	28.0664	103.582
-84.7347	59.8035	97.7451
-84.7347	59.8035	97.7451
-93.0833	24.7642	107.862
-90.5853	8.98752	108.865
-95.5105	50.0684	117.182
-83.2361	34.0471	106.273
-83.2361	34.0471	106.273
-93.41	51.4295	119.352
-96.1213	32.1198	134.314
-83.6764	69.7969	122.962
-101.429	40.0988	151.229
-82.5769	47.3397	142.604
-82.5769	47.3397	142.604
-77.7358	-18.1583	195.045
-77.7358	-18.1583	195.045
-1.02918	46.1516	140.029
-0.0994404	-18.1003	192.51
-0.0994404	-18.1003	192.51
0.325055	46.3795	140.565
73.0979	5.22796	172.393
73.0979	5.22796	172.393
76.1802	69.6201	117.8
76.2438	48.5273	79.3785
80.4447	47.0116	82.3234
-102.799	14.9024	107.104
-92.9417	32.9193	102.182
-95.742	19.1395	106.056
-96.1883	14.0602	109.432
-96.3492	57.6823	110.118
-91.36	35.4318	104.625
-90.2676	28.1204	103.753
-85.6685	60.4493	98.787
-85.6685	60.4493	98.787
-96.9178	50.8436	118.904
-93.3117	17.6696	115.923
-86.061	13.5514	109.685
-83.7053	34.2365	106.86
-83.7053	34.2365	106.86
-93.8582	51.7031	119.885
-84.6219	15.6338	112.21
-95.8189	31.9992	133.898
-83.6166	69.7434	122.869
-100.6	39.7539	149.99
-82.8689	47.5015	143.083
-82.8689	47.5015	143.083
-79.9545	3.06486	179.253
-76.559	-17.8837	192.136
-0.107401	-18.1007	192.51
-0.107401	-18.1007	192.51
0.321525	47.0395	142.514
73.6015	26.1088	153.657
75.9666	48.0698	137.648
75.9666	48.0698	137.648
76.4354	69.8462	118.177
80.7666	47.2208	82.6859
-97.9833	13.1281	103.512
-98.4876	13.9831	106.598
-91.1335	32.2997	100.276
-94.6368	20.1559	107.66
-96.8303	57.9291	110.641
-90.2829	35.0319	103.428
-91.3619	28.4472	104.963
-85.667	60.4762	98.8146
-89.8863	25.1861	104.413
-97.7658	51.4025	117.524
-97.7658	51.4025	117.524
-93.3079	17.657	115.938
-83.9702	34.3415	107.194
-83.9702	34.3415	107.194
-90.0843	16.6443	119.491
-92.0859	16.2284	125.558
-83.2624	69.446	122.358
-100.928	39.8886	150.491
-82.6384	47.3678	142.671
-82.6384	47.3678	142.671
-79.4659	3.04741	178.224
-77.7273	-18.1414	194.963
-1.33353	69.1884	122.447
-1.03247	46.2056	140.197
-0.515958	2.81399	176.775
-0.0878879	-18.0712	192.116
0.323616	46.3612	140.452
72.7644	5.20457	171.603
72.7644	5.20457	171.603
76.3725	69.7902	118.082
82.0264	47.9659	83.9945
-98.5785	13.2248	104.141
-91.4306	32.4029	100.601
-92.0879	24.2904	104.195
-92.0879	24.2904	104.195
-96.157	14.0657	109.386
-97.7569	58.4969	111.685
-84.5799	30.8231	98.0004
-88.442	23.5814	102.666
-96.267	50.6144	115.757
-89.4469	8.99269	107.584
-95.3579	50.0485	117.033
-93.3586	17.6715	115.985
-83.9802	34.3416	107.197
-83.9802	34.3416	107.197
-93.0186	16.3976	126.774
-83.9686	70.0491	123.413
-100.87	39.8593	150.408
-82.5608	47.3241	142.56
-82.5608	47.3241	142.56
-77.7041	-18.1429	194.966
-77.7041	-18.1429	194.966
-16.2544	-59.8585	112.695
-0.0890922	-18.0512	192.022
-0.0890922	-18.0512	192.022
72.9127	5.21081	171.948
73.3171	26.0021	153.036
73.3171	26.0021	153.036
75.536	47.7928	136.855
75.536	47.7928	136.855
76.5986	70.0066	118.435
80.7072	47.1705	82.598
-99.0977	14.0674	107.243
-93.1528	32.9973	102.417
-92.0774	24.2985	104.182
-95.9701	14.0215	109.156
-97.1679	58.1497	111.023
-93.7142	36.3111	107.234
-90.5208	28.1973	104.014
-84.8116	59.8676	97.8379
-87.7629	8.81523	105.568
-96.0626	50.4294	117.891
-82.667	33.7862	105.523
-82.667	33.7862	105.523
-93.1184	51.2731	118.976
-90.698	15.9522	123.655
-94.9492	31.7868	132.733
-84.0444	70.0867	123.462
-84.0444	70.0867	123.462
-101.428	40.0809	151.229
-82.8915	47.5085	143.11
-82.8915	47.5085	143.11
-76.947	-17.9663	193.078
-76.947	-17.9663	193.078
-1.32447	68.9905	122.105
-1.03077	46.1921	140.11
-0.519178	2.81385	176.968
-0.0988214	-18.0813	192.208
72.4299	5.18013	170.769
72.4299	5.18013	170.769
72.9816	25.8828	152.304
72.9816	25.8828	152.304
76.1102	69.5452	117.671
81.4251	47.6222	83.3876
-99.0256	14.0546	107.178
-93.6741	33.1722	102.987
-89.3693	8.16689	99.6527
-91.7331	24.1932	103.78
-97.3411	58.2579	111.216
-91.5741	35.5157	104.861
-90.8765	28.3031	104.421
-84.9677	57.715	98.7544
-87.0804	36.1953	102.581
-92.9519	18.1825	111.542
-85.1982	8.58077	102.602
-95.8004	50.2513	117.558
-93.0581	17.6262	115.63
-84.6078	34.5656	107.936
-83.865	15.5161	111.403
-83.7136	69.8212	123.016
-101.461	40.094	151.288
-82.7066	47.4011	142.789
-82.7066	47.4011	142.789
-81.9556	25.1533	162.236
-77.249	-18.0433	193.871
-77.249	-18.0433	193.871
-16.9167	-62.0244	116.778
-1.32897	69.0879	122.284
-0.11107	-18.1154	192.716
-0.11107	-18.1154	192.716
0.223547	47.7303	144.715
72.8203	5.20911	171.744
72.8203	5.20911	171.744
73.6791	26.1371	153.812
76.3837	69.8031	118.106
80.0644	46.7978	81.9424
-98.4847	13.1931	104.046
-97.8837	13.8963	105.96
-92.1899	32.6575	101.378
-92.3087	24.3452	104.442
-96.2928	57.6206	110.031
-88.8825	34.4916	101.839
-91.3599	28.4355	104.957
-85.2774	60.2339	98.3932
-96.2077	55.1201	113.867
-92.3231	18.0562	110.8
-89.3512	9.00204	107.479
-92.1443	43.8605	111.725
-83.02	33.9551	106.004
-93.0724	51.2222	118.922
-87.1264	16.1102	115.631
-94.7073	31.6526	132.348
-84.4541	70.4245	124.069
-82.2096	47.1167	141.945
-82.2096	47.1167	141.945
-78.6628	3.02016	176.429
-77.474	-18.084	194.317
-0.516163	2.81757	177.021
-0.0947744	-18.0614	192.12
0.237667	47.5599	144.248
72.6312	5.19095	171.259
72.6312	5.19095	171.259
73.7147	26.1488	153.902
76.469	69.8922	118.256
80.5383	47.0903	82.4618
-91.339	32.3768	100.516
-90.3629	8.32675	100.814
-92.087	24.2854	104.186
-95.0988	13.9042	108.207
-97.1209	58.0822	110.961
-88.3435	34.3055	101.261
-90.901	28.2949	104.423
-85.025	60.0498	98.088
-90.1845	25.2563	104.732
-97.0997	51.065	116.737
-97.0997	51.065	116.737
-87.273	8.788	105.072
-84.6207	34.6011	107.999
-84.6207	34.6011	107.999
-89.9993	15.8976	122.751
-96.5045	32.2483	134.86
-84.0406	70.0914	123.462
-101.637	40.1635	151.517
-82.8142	47.4671	142.992
-82.8142	47.4671	142.992
-77.3528	-18.064	194.09
-77.3528	-18.064	194.09
-16.4311	-60.4236	113.772
-0.511044	2.80876	176.8
0.202129	47.5759	144.273
73.3038	25.9991	153.013
75.6262	47.8488	137.016
75.6262	47.8488	137.016
76.5166	69.9352	118.341
81.1112	47.4283	83.0544
-98.7719	13.2416	104.366
-99.4564	14.1234	107.616
-95.418	19.0808	105.725
-91.9757	38.706	104.345
-96.4448	57.7077	110.204
-93.2892	36.1534	106.766
-91.332	28.4427	104.949
-84.8268	59.894	97.8536
-84.8268	59.894	97.8536
-90.4536	32.3258	106.527
-96.3338	50.6539	115.834
-95.407	50.0305	117.066
-90.9157	14.2778	115.951
-88.2997	45.0955	119.476
-90.6307	15.9109	123.532
-95.4413	31.8971	133.383
-84.0532	70.1034	123.498
-102.168	40.3711	152.287
-81.8714	46.9371	141.389
-81.8714	46.9371	141.389
-77.4567	-18.0825	194.27
-77.4567	-18.0825	194.27
-1.32488	68.9389	122.047
-1.03137	46.2018	140.162
-0.50622	2.80905	176.713
0.322742	46.4299	140.757
72.5225	5.18418	171.031
72.5225	5.18418	171.031
72.885	25.8441	152.086
72.885	25.8441	152.086
75.6896	47.8982	137.142
75.6896	47.8982	137.142
76.2072	69.6371	117.826
81.0149	47.3485	82.914
-98.4497	13.1752	104.007
-91.9534	30.1587	97.4594
-89.4433	8.17971	99.7368
-92.064	24.2879	104.169
-92.064	24.2879	104.169
-97.3748	58.2809	111.265
-84.4866	59.6892	97.5165
-86.4847	31.5112	100.175
-97.4746	51.2961	117.211
-88.0293	8.85126	105.889
-96.7823	50.7955	118.752
-82.928	33.861	105.838
-82.928	33.861	105.838
-92.4087	17.078	122.478
-96.0779	32.1064	134.274
-83.8203	69.9146	123.156
-101.427	40.0811	151.203
-82.5918	47.3461	142.618
-82.5918	47.3461	142.618
-79.8353	3.06212	179.052
-77.552	-18.1008	194.512
-1.33118	69.1322	122.377
-0.778502	24.1653	157.494
-0.104703	-18.1182	192.784
72.4437	5.1805	170.866
72.4437	5.1805	170.866
73.3088	26	153.039
73.3088	26	153.039
75.6496	47.8717	137.058
75.6496	47.8717	137.058
76.2716	69.6964	117.93
77.725	45.4123	79.5309
