-795.36	282.133	874.869
-710.781	483.954	785.35
-807.104	212.963	912.948
-768.765	379.829	880.551
-836.598	500.942	956.343
-761.291	213.316	883.994
-828.539	561.615	961.093
-721.311	299.894	850.002
-763.77	149.656	917.008
-849.41	445.872	1021.27
-817.558	428.887	1003.56
-740.324	116.244	943.979
-666.748	273.169	851.175
-717.242	132.446	950.555
-770.012	134.992	1050.31
-680.629	567.729	999.994
-680.629	567.729	999.994
-645.603	370.426	1115.21
-3.70449	19.9078	1241.11
-3.70449	19.9078	1241.11
-5.34626	163.786	1067.05
-5.34626	163.786	1067.05
-6.76726	301.215	913.856
-6.76726	301.215	913.856
563.376	199.875	1175.66
563.376	199.875	1175.66
581.938	368.337	1054.65
581.938	368.337	1054.65
-787.837	63.1877	844.747
-721.468	231.385	774.239
-705.081	479.883	778.204
-739.042	157.712	841.301
-708.415	274.928	811.615
-805.758	481.892	920.703
-712.746	199.755	827.453
-675.395	478.174	779.967
-698.587	136.908	838.818
-798.393	419.873	960.462
-770.272	403.59	945.279
-735.12	139.314	913.465
-611.003	250.258	780.087
-611.003	250.258	780.087
-625.742	522.011	919.465
-625.742	522.011	919.465
-607.572	348.538	1049.24
-607.572	348.538	1049.24
-584.003	179.621	1157.07
-584.003	179.621	1157.07
-587.736	22.5418	1318.24
-3.41421	18.0715	1132.24
-3.41421	18.0715	1132.24
-6.13073	274.206	831.108
-6.13073	274.206	831.108
532.273	188.915	1111.38
532.273	188.915	1111.38
529.244	334.931	958.986
529.244	334.931	958.986
536.999	490.869	830.532
536.999	490.869	830.532
-690.218	244.747	758.813
-747.839	69.9821	835.331
-626.031	426.266	690.238
-685.251	180.831	775.338
-685.251	180.831	775.338
-745.646	445.958	852.035
-634.979	448.681	732.681
-617.806	256.766	727.629
-592.711	59.6086	713.378
-729.385	383.07	877.044
-729.385	383.07	877.044
-564.773	231.149	720.84
-617.697	114.237	820.401
-736.7	246.269	1027.4
-572.16	477.49	840.781
-572.16	477.49	840.781
-757.827	300.01	1130.69
-556.662	319.304	961.394
-556.662	319.304	961.394
-548.216	21.0213	1228.96
-548.216	21.0213	1228.96
-3.2405	16.8454	1054.74
-3.2405	16.8454	1054.74
-5.67552	253.219	767.406
-5.67552	253.219	767.406
-7.18195	368.054	651.449
496.075	313.861	898.788
491.939	449.695	760.658
535.143	312.531	547.5
-606.287	194.002	650.327
-561.362	382.584	621.913
-647.391	250.707	740.745
-667.963	399.595	763.428
-589.433	165.225	684.532
-606.112	178.954	704.719
-647.823	439.189	751.676
-684.71	359.616	823.352
-665.592	348.445	816.617
-614.364	116.562	763.445
-523.595	214.21	668.435
-523.595	214.21	668.435
-548.198	96.2514	748.986
-707.222	279.902	1054.81
-511.353	293.308	883.365
-511.353	293.308	883.365
-518.567	159.302	1026.12
-2.85415	15.283	952.599
-2.85415	15.283	952.599
-5.16737	230.394	698.597
-5.16737	230.394	698.597
-6.47371	333.808	590.726
-6.47371	333.808	590.726
445.464	158.018	929.832
445.464	158.018	929.832
453.039	286.704	821.019
453.039	286.704	821.019
455.149	416.042	703.853
-556.009	196.973	611.712
-583.715	54.2783	651.76
-530.442	205.939	607.776
-617.139	369.072	705.035
-556.107	163.577	645.02
-532.923	149.388	618.781
-519.992	367.489	600.119
-500.945	50.3904	603.118
-616.568	323.748	741.409
-589.163	308.561	722.88
-544.556	103.269	676.911
-471.186	192.767	601.454
-533.061	272.034	721.219
-614.327	243.118	916.759
-457.78	262.661	790.847
-457.78	262.661	790.847
-2.49393	13.5796	843.054
-2.49393	13.5796	843.054
-3.62878	110.954	722.768
-3.62878	110.954	722.768
-5.76343	297.817	527.051
1.66378	196.389	595.682
392.814	139.361	819.806
392.814	139.361	819.806
-513.114	135.367	580.484
-574.643	343.575	656.51
-479.892	237.538	550.253
-488.537	136.947	567.28
-432.792	158.085	501.716
-449.108	317.886	518.943
-582.948	394.129	675.072
-490.761	203.955	577.954
-549.541	289.055	661.136
-546.136	245.343	662.229
-552.016	288.878	677.16
-503.512	95.4542	625.737
-519.252	187.026	647.274
-585.342	231.645	873.296
-420.844	241.468	727.071
-420.844	241.468	727.071
-422.274	129.808	836.304
-422.274	129.808	836.304
1.50876	183.778	556.674
374.59	237.019	678.813
374.59	237.019	678.813
377.082	344.657	583.197
377.082	344.657	583.197
405.755	236.938	414.917
-481.925	158.202	510.625
-466.448	165.273	512.903
-487.609	44.3246	543.008
-532.319	318.319	608.305
-466.576	124.766	541.655
-456.959	128.104	530.525
-426.728	42.6537	513.231
-491.14	257.699	602.932
-465.599	88.2589	578.58
-425.552	66.991	542.57
-476.142	263.402	608.392
-505.356	168.89	705.283
-407.03	339.531	598.019
-407.03	339.531	598.019
-395.106	226.629	682.167
-395.106	226.629	682.167
-2.1294	11.4693	715.287
-2.1294	11.4693	715.287
-3.03098	93.4085	608.537
-3.03098	93.4085	608.537
-3.86251	172.768	523.732
-3.86251	172.768	523.732
0.948617	170.074	514.537
339.382	120.414	708.55
339.382	120.414	708.55
334.508	211.673	606.049
340.126	310.92	526.003
-527.958	42.4085	565.401
-415.341	283.267	459.844
-443.285	172.13	508.024
-506.131	302.637	578.26
-439.735	123.253	510.648
-439.735	123.253	510.648
-388.089	139.091	457.896
-435.03	43.2534	522.884
-93.8196	12.447	114.49
-489.176	256.173	600.143
-454.212	86.1586	564.438
-383.449	157.089	489.51
-470.314	260.513	600.585
-478.624	83.149	652.57
-472.416	158.037	659.498
-386.884	322.791	568.434
-525.302	207.976	783.36
-375.337	215.348	648.302
-375.337	215.348	648.302
-376.097	115.618	744.697
-376.097	115.618	744.697
-0.453685	-72.1395	767.152
-0.453685	-72.1395	767.152
-2.90103	89.8876	585.327
-2.90103	89.8876	585.327
327.529	299.462	506.659
327.529	299.462	506.659
353.944	206.882	362.172
-505.497	40.1479	541.309
-460.149	163.051	505.903
-457.484	120.834	517.541
-494.125	295.765	564.809
-437.108	122.507	507.627
-420.228	174.309	494.527
-500.841	286.929	592.643
-406.958	40.784	489.751
-447.128	119.532	551.593
-487.245	255.291	597.925
-460.712	87.3533	572.407
-443.271	159.306	552.109
-451.715	249.619	577.265
-474.709	82.5146	647.176
-384.169	320.589	564.587
-384.169	320.589	564.587
-521.187	206.343	777.152
-370.326	212.482	639.868
-370.326	212.482	639.868
-377.003	115.829	746.229
-377.003	115.829	746.229
-0.461008	-72.2022	767.957
-2.07286	11.0692	691.957
-2.92732	90.206	587.601
-3.72198	166.387	504.348
-3.72198	166.387	504.348
325.022	205.66	588.953
325.546	297.635	503.49
325.546	297.635	503.49
357.907	209.13	366.236
-498.733	40.04	534.562
-462.888	164.108	508.849
-463.516	131.683	527.851
-436.763	122.392	507.228
-482.977	327.146	559.941
-409.54	170.41	482.627
-414.386	41.4615	498.282
-481.793	252.412	591.222
-456.394	86.5247	567.036
-485.738	174.642	605.133
-466.046	258.164	595.134
-410.708	76.0117	545.151
-492.674	85.8911	671.272
-435.426	221.73	589.006
-367.223	210.749	634.561
-367.223	210.749	634.561
-0.496341	-72.4604	770.87
-0.496341	-72.4604	770.87
-2.92775	90.078	586.614
-3.71582	166.31	503.951
328.488	300.324	508.092
328.488	300.324	508.092
364.3	212.984	372.9
-472.337	43.6479	527.16
-459.366	121.248	519.617
-459.366	121.248	519.617
-500.337	299.263	571.834
-394.904	143.972	457.545
-399.509	282.88	461.588
-452.743	306.971	525.222
-430.393	178.327	506.083
-418.238	41.7031	503.026
-509.623	229.607	619.038
-486.393	254.624	596.719
-461.08	87.443	572.828
-465.484	257.766	594.618
-414.277	76.456	549.034
-386.867	322.868	568.549
-386.867	322.868	568.549
-521.887	206.569	778.045
-371.049	212.935	640.992
-371.049	212.935	640.992
-380.617	116.973	753.317
-380.617	116.973	753.317
-0.460037	-72.0825	766.852
-0.460037	-72.0825	766.852
-2.93778	90.1083	587.1
-3.69574	166.107	503.267
-4.703	240.77	425.934
-4.703	240.77	425.934
322.25	23.0024	759.841
322.25	23.0024	759.841
327.993	299.875	507.343
327.993	299.875	507.343
-459.471	42.9736	513.042
-459.691	121.355	519.977
-424.424	164.965	486.484
-440.232	123.359	511.227
-437.601	309.525	505.131
-408.743	170	481.474
-419.974	42.0114	505.195
-485.422	254.399	595.724
-387.319	158.717	494.452
-466.18	257.703	595.778
-457.961	79.5115	624.137
-484.23	161.87	675.951
-381.931	318.692	561.308
-381.931	318.692	561.308
-518.281	205.135	772.996
-376.715	216.184	650.643
-376.715	216.184	650.643
-373.603	114.882	739.896
-373.603	114.882	739.896
-0.431299	-72.0383	766.149
-0.431299	-72.0383	766.149
-2.93785	90.2545	587.881
-2.93785	90.2545	587.881
-3.71201	166.24	503.837
-3.71201	166.24	503.837
0.991381	162.723	492.487
326.457	298.463	504.94
-445.467	157.973	490.105
-452.314	119.493	511.75
-437.378	122.547	507.977
-426.373	301.633	492.441
-466.117	315.602	540.4
-422.928	175.553	497.603
-414.926	41.4418	499.058
-493.2	258.176	605.041
-455.632	252.166	582.079
-379.689	173.524	496.767
-419.339	77.6359	556.24
-471.603	157.779	658.389
-525.649	208.053	783.744
-372.44	213.714	643.404
-372.44	213.714	643.404
-372.606	114.519	737.727
-372.606	114.519	737.727
-0.47368	-72.1849	767.871
-2.04867	11.0227	689.287
-2.94568	90.255	587.769
-2.94568	90.255	587.769
-3.73795	166.588	504.876
-3.73795	166.588	504.876
327.792	23.3693	772.685
327.792	23.3693	772.685
326.168	298.202	504.482
-459.089	162.771	505.093
-429.595	293.075	475.65
-456.763	120.641	516.707
-456.763	120.641	516.707
-509.206	304.365	581.665
-430.941	178.878	507.174
-414.834	41.726	499.175
-484.531	253.915	594.549
-449.662	85.3018	558.876
-486.176	174.29	605.049
-375.461	154.171	479.611
-451.096	249.146	576.472
-388.533	71.8558	516.297
-448.733	77.7601	611.228
-384.15	320.598	564.6
-384.15	320.598	564.6
-372.986	213.979	644.365
-372.986	213.979	644.365
-0.477764	-72.348	769.555
-0.477764	-72.348	769.555
-2.9423	90.2004	587.438
-2.9423	90.2004	587.438
-3.70855	165.981	503.116
-3.70855	165.981	503.116
325.97	23.2285	768.526
325.97	23.2285	768.526
324.572	115.19	677.803
328.827	300.622	508.632
368.993	215.588	377.576
-445.311	157.91	489.904
-469.484	43.3484	523.473
-466.223	123.164	527.273
-466.223	123.164	527.273
-503.957	301.287	575.882
-415.89	294.173	480.26
-434.785	295.134	504.954
-414.835	172.122	488.284
-575.437	274.762	683.811
-429.047	43.0095	516.113
-430.852	195.971	525.702
-445.073	119.036	549.093
-478.536	250.903	587.323
-459.247	253.99	586.842
-480.853	160.857	671.118
-384.256	320.696	564.659
-518.511	205.201	773.284
-371.073	212.934	641.031
-371.073	212.934	641.031
-378.156	116.262	748.708
-378.156	116.262	748.708
-0.476237	-72.2668	768.518
-2.05961	11.075	691.336
-2.93048	89.9721	586.293
-2.93048	89.9721	586.293
-3.71191	166.286	504
-3.71191	166.286	504
318.61	113.065	665.278
318.61	113.065	665.278
329.071	300.89	509.015
356.299	208.261	364.754
-462.749	164.083	508.914
-455.442	43.1978	509.654
-433.15	213.45	484.57
-433.15	213.45	484.57
-487.608	138.505	555.169
-439.478	123.163	510.328
-419.015	173.873	492.956
-434.103	43.3743	521.761
-506.413	266.238	609.076
-496.123	259.899	608.688
-460.004	87.1777	571.464
-450.956	162.142	561.909
-503.939	88.1939	685.798
-471.062	157.758	657.669
-385.383	321.507	566.228
-385.383	321.507	566.228
-379.618	217.795	655.546
-379.618	217.795	655.546
-375.396	115.4	743.171
-375.396	115.4	743.171
-0.475945	-72.4737	770.783
-0.475945	-72.4737	770.783
-2.9394	90.2392	587.761
-2.9394	90.2392	587.761
-3.71743	166.27	504.066
-3.71743	166.27	504.066
0.632748	87.9318	266.383
327.632	299.512	506.734
327.632	299.512	506.734
-478.489	169.622	525.806
-445.44	126.725	507.635
-403.465	146.892	467.001
-438.485	122.885	509.204
-409.317	289.721	472.773
-425.323	288.535	493.857
-517.208	247.338	614.872
-517.208	247.338	614.872
-407.477	40.9629	490.577
-492.592	258.707	592.425
-479.833	251.162	588.674
-379.503	155.528	484.426
-484.342	84.0877	659.891
-469.687	157.045	655.651
-385.48	321.512	566.357
-385.48	321.512	566.357
-524.67	207.674	782.425
-370.067	212.339	639.268
-370.067	212.339	639.268
-370.623	113.941	733.733
-370.623	113.941	733.733
-0.47523	-72.1708	767.297
-2.05032	11.0466	688.906
-2.93391	90.1453	587.114
-2.93391	90.1453	587.114
-4.71701	240.988	426.406
-4.71701	240.988	426.406
320.388	113.651	668.693
320.388	113.651	668.693
324.448	296.609	501.773
324.448	296.609	501.773
-452.252	144.482	484.685
-467.764	165.636	514.105
-427.17	40.2565	477.46
-466.12	132.836	531.576
-436.753	122.39	507.238
-426.729	42.6838	513.288
-491.981	258.539	591.772
-464.192	167.311	578.665
-461.387	255.152	589.457
-444.846	82.2594	589.568
-446.383	77.4027	608.935
-476.608	159.495	665.268
-389.913	325.344	572.951
-389.913	325.344	572.951
-373.925	214.456	645.76
-373.925	214.456	645.76
-373.803	114.936	740.291
-373.803	114.936	740.291
-0.477233	-72.2276	768.327
-0.477233	-72.2276	768.327
-2.92449	90.0146	586.375
-2.92449	90.0146	586.375
-3.69547	165.867	502.577
0.999395	161.824	490.506
327.264	299.176	506.143
327.264	299.176	506.143
-453.496	160.838	498.982
-487.199	45.5787	544.299
-456.437	120.485	516.32
-456.437	120.485	516.32
-406.762	288.182	470.191
-478.13	323.545	554.114
-424.161	176.384	499.63
-423.147	42.3214	508.818
-505.208	242.539	601.888
-505.208	242.539	601.888
-510.418	268.41	614.019
-500.511	261.772	613.859
-450.353	85.4144	559.587
-375.048	153.866	478.861
-375.048	153.866	478.861
-378.183	70.034	502.202
-484.225	84.3136	659.669
-384.66	321.038	565.305
-384.66	321.038	565.305
-375.912	215.675	649.213
-375.912	215.675	649.213
-367.167	112.893	727.158
-0.444823	-72.2109	768.039
-0.444823	-72.2109	768.039
-2.92591	90.0437	586.476
-2.92591	90.0437	586.476
-3.72351	166.306	504.225
-3.72351	166.306	504.225
1.1258	159.81	483.912
325.137	23.2385	766.626
326.406	298.379	504.807
-414.405	132.853	444.902
-442.627	156.975	487.089
-443.938	41.7764	495.836
-454.524	120.034	514.178
-436.252	122.318	506.697
-466.317	315.744	540.621
-528.16	251.808	627.062
-528.16	251.808	627.062
-411.642	41.0606	495.187
-479.364	251.631	576.387
-547.247	246.022	664.818
-484.372	253.816	594.364
-455.3	86.3106	565.625
-377.463	69.8096	501.233
-388.793	324.369	571.253
-388.793	324.369	571.253
-517.561	204.817	771.801
-373.552	214.318	645.287
-373.552	214.318	645.287
-368.049	113.153	728.961
-368.049	113.153	728.961
-0.47663	-72.3531	769.322
-0.47663	-72.3531	769.322
-2.91519	89.9539	586.206
-2.91519	89.9539	586.206
-3.67701	165.613	502.006
-3.67701	165.613	502.006
0.967657	162.277	491.059
320.089	113.555	668.266
323.711	204.832	586.518
328.236	300.123	507.723
328.236	300.123	507.723
