-100.854	21.0368	108.091
-93.3836	33.1302	102.768
-90.843	44.7435	101.605
-90.843	44.7435	101.605
-98.3599	21.0161	111.939
-91.2916	35.4712	104.627
-99.3055	11.2432	115.934
-81.6716	58.0979	94.616
-85.7394	58.212	99.5967
-31.059	4.03593	37.9314
-96.8445	18.3881	120.349
-92.2523	48.5374	113.329
-83.3718	34.1964	106.489
-90.1715	50.0145	115.17
-94.365	16.7094	128.702
-96.3881	38.0366	143.83
-77.075	64.2575	113.314
-77.075	64.2575	113.314
-77.4307	44.3547	133.788
-77.4307	44.3547	133.788
-80.9462	-18.9413	202.782
-6.12547	-199.943	342.963
1.23914	-209.307	353.506
-0.101061	-17.6094	186.93
-0.101061	-17.6094	186.93
-0.728382	22.6015	147.373
-0.728382	22.6015	147.373
-1.19924	62.1202	109.901
-1.19924	62.1202	109.901
0.160585	27.3493	82.5287
42.1537	-188.503	330.291
46.9273	-192.377	331.841
69.1715	-15.0168	181.335
70.2267	44.4901	127.305
70.2267	44.4901	127.305
178.852	-160.622	283.113
180.175	-139.693	265.223
182.106	-117.932	253.261
182.418	-99.6676	239.731
197.909	-119.748	239.103
198.718	-88.9545	236.273
184.232	-64.2058	214.873
180.948	-55.1287	210.682
180.588	-56.3271	199.771
204.676	-59.4183	222.945
186.591	-63.1836	194.737
223.144	-73.8523	222.188
-112.84	9.08601	120.711
-99.6058	9.38561	111.234
-102.229	15.0311	116.311
-98.5905	21.0722	112.199
-87.8025	43.4301	100.644
-92.677	55.4019	105.95
-88.6874	60.127	102.936
-83.9991	30.2134	99.2206
-83.9991	30.2134	99.2206
-94.4044	25.2681	116.468
-96.3524	18.2931	119.763
-93.5974	49.1642	114.907
-83.0875	34.1115	106.169
-90.1868	49.9802	115.21
-77.5807	64.6653	114.036
-77.377	44.3247	133.696
-77.377	44.3247	133.696
-79.8934	-63.8978	242.965
1.29298	-199.556	337.085
-0.0977396	-17.6289	187.087
-0.510727	2.66693	169.597
-0.731373	22.6352	147.565
-0.731373	22.6352	147.565
14.9231	-206.786	357.519
-1.20074	62.1237	109.906
42.7898	-191.457	335.32
47.4802	-194.68	335.757
69.2539	-15.0436	181.587
70.5586	5.02587	166.427
172.025	-151.962	288.208
70.2135	44.4787	127.271
70.2135	44.4787	127.271
181.514	-163.06	287.382
180.3	-116.778	250.686
162.494	-88.5819	213.196
196.62	-118.93	237.505
200.36	-89.6583	238.228
183.452	-63.9804	214.023
181.884	-55.4359	211.83
196.016	-82.7429	221.959
203.174	-63.5332	225.005
202.041	-105.843	218.467
198.597	-55.346	213.745
188.458	-63.7693	196.645
-101.351	20.3429	112.28
-86.8909	59.218	96.1621
-98.0483	20.9564	111.602
-89.9677	34.9504	103.073
-99.7794	11.2782	116.448
-93.6127	55.9518	106.995
-87.5701	31.9486	101.365
-82.003	58.3777	95.0342
-30.9982	4.02496	37.8634
-95.1369	50.0565	114.425
-96.3667	18.2892	119.771
-93.553	49.1503	114.856
-84.5296	34.6664	107.951
-90.6047	50.2217	115.713
-88.891	16.5245	118.137
-95.701	37.7855	142.859
-77.0958	64.2722	113.315
-77.3672	44.3122	133.666
-77.3672	44.3122	133.666
-80.0212	-64.0154	243.409
-80.0212	-64.0154	243.409
-6.70283	-208.316	357.237
-0.0902283	-17.5705	186.498
-0.0902283	-17.5705	186.498
-0.733535	22.6365	147.604
-0.733535	22.6365	147.604
-1.19966	62.0482	109.798
18.8552	-203.383	353.434
36.3671	-194.519	336.418
42.9796	-192.326	337.24
69.4094	-15.0724	181.954
171.174	-151.226	286.748
70.3115	44.5404	127.436
70.3115	44.5404	127.436
177.947	-159.864	281.765
181.713	-117.7	252.725
176.291	-96.3233	231.614
194.055	-117.344	234.359
198.227	-88.6922	235.625
183.563	-63.9555	214.062
193.374	-58.9711	225.244
191.73	-59.9583	212.415
206.076	-108.03	222.897
205.236	-59.5217	223.574
182.352	-61.709	190.245
225.127	-85.5999	233.206
-95.7164	31.459	101.393
-101.472	14.9163	115.452
-88.8547	43.7782	99.4003
-98.3923	21.051	112.026
-92.7027	55.5034	106.011
-86.0957	30.9001	101.582
-82.3272	58.5978	95.3856
-96.3669	18.2864	119.785
-93.165	48.9115	114.374
-83.8979	34.3763	107.128
-83.8979	34.3763	107.128
-90.3495	50.1397	115.381
-89.7416	16.6659	119.121
-77.4652	64.5736	113.867
-77.4232	44.3477	133.747
-77.4232	44.3477	133.747
1.28359	-200.938	339.419
-0.0866412	-17.5583	186.429
-0.0866412	-17.5583	186.429
-0.727326	22.5968	147.309
-0.727326	22.5968	147.309
-1.19866	62.122	109.899
18.7365	-201.799	350.705
47.4841	-194.49	335.555
51.0907	-178.953	337.255
68.9235	-55.1224	216.928
70.0464	-15.2295	183.695
70.4849	5.02407	166.251
68.5396	24.3263	143.075
68.5396	24.3263	143.075
168.928	-149.156	282.959
70.2605	44.5093	127.358
70.2605	44.5093	127.358
180.883	-140.26	266.279
184.331	-119.443	256.392
174.617	-95.2155	229.248
194.61	-117.655	235.018
197.833	-88.512	235.192
188.626	-65.7278	220.006
177.974	-54.2192	207.218
191.953	-60.023	212.631
201.366	-58.4872	219.393
185.904	-62.9229	193.991
225.682	-85.7919	233.783
-101.126	21.0882	108.356
-93.0186	33.0098	102.349
-85.4439	58.2277	94.4808
-96.2806	25.4126	108.917
-91.133	35.4158	104.451
-85.3395	57.9824	99.2028
-93.6504	12.609	114.21
-97.4817	51.2701	117.178
-96.7553	18.3676	120.252
-94.1514	49.438	115.561
-90.9065	14.3659	115.952
-84.0437	34.4784	107.348
-84.0437	34.4784	107.348
-90.0694	49.9662	115.048
-77.2443	64.3927	113.537
-77.2443	64.3927	113.537
-77.3751	44.3178	133.682
-77.3751	44.3178	133.682
1.21599	-198.669	335.531
-0.0979404	-17.6208	186.997
-0.506827	2.65986	169.281
-0.731223	22.6334	147.555
-0.731223	22.6334	147.555
-1.19575	62.0693	109.795
0.318382	41.2823	125.182
18.736	-201.969	351.083
43.1795	-193.367	339.001
47.1954	-193.378	333.644
68.1938	-54.5223	214.606
69.0003	-14.9803	180.899
70.2212	44.4893	127.291
70.2212	44.4893	127.291
175.202	-157.34	277.323
174.819	-135.527	257.302
183.493	-118.862	255.189
162.145	-88.2998	212.675
182.436	-64.7658	225.203
197.028	-119.173	238
200.596	-89.7574	238.498
182.134	-63.4332	212.352
202.707	-85.4706	229.401
193.542	-60.497	214.318
202.246	-58.6522	220.32
185.318	-62.7558	193.402
-95.1868	31.2799	100.851
-95.9337	9.01348	107.197
-96.0523	25.3599	108.662
-96.0523	25.3599	108.662
-92.6091	35.9622	106.063
-99.6506	11.2902	116.35
-92.1253	55.1162	105.332
-83.4266	59.3178	96.6117
-87.6443	59.4155	101.701
-97.4766	51.1903	117.13
-94.377	25.2637	116.446
-85.0819	34.8779	108.63
-90.4872	50.1111	115.645
-90.2792	16.7654	119.942
-95.4494	37.6826	142.472
-77.8252	64.8552	114.369
-76.9397	44.0831	132.961
-76.9397	44.0831	132.961
-80.9552	-64.7417	246.121
1.22139	-206.431	348.609
-0.0926598	-17.5838	186.656
-0.0926598	-17.5838	186.656
-0.728405	22.6126	147.444
-0.728405	22.6126	147.444
-1.19938	62.1007	109.881
0.330815	41.1596	124.737
18.911	-204.076	354.599
36.3742	-194.36	336.226
42.4654	-190.21	333.19
67.1017	-134.334	277.186
69.9129	-15.1877	183.342
69.3645	24.6196	144.822
69.3645	24.6196	144.822
175.968	-155.437	294.825
70.3361	44.5602	127.499
70.3361	44.5602	127.499
179.776	-139.403	264.642
183.926	-119.153	255.871
194.248	-137.318	255.164
180.607	-98.7212	237.331
181.251	-99.3435	228.762
180.001	-62.7725	209.967
199.781	-61.0476	233.02
194.966	-60.9466	215.883
202.021	-58.6833	220.097
233.829	-94.3537	248.994
180.464	-61.0131	188.213
-95.1677	31.2943	100.839
-92.6844	32.8857	102.005
-97.4676	25.7185	110.214
-92.712	45.6673	103.691
-96.4616	20.652	109.847
-98.4111	11.1407	114.916
-93.9577	56.1356	107.377
-87.505	59.2975	101.529
-96.5601	9.75932	115.987
-96.2593	18.2685	119.642
-82.7344	33.9564	105.705
-82.7344	33.9564	105.705
-90.7258	50.3849	115.852
-86.8821	16.1461	115.382
-77.668	64.7414	114.166
-77.668	64.7414	114.166
-77.7042	44.508	134.244
-77.7042	44.508	134.244
1.28495	-202.086	341.383
-0.0968977	-17.5692	186.538
-0.0968977	-17.5692	186.538
-0.723774	22.599	147.32
-0.723774	22.599	147.32
14.9849	-207.485	358.969
-1.19552	62.0489	109.776
-1.19552	62.0489	109.776
43.3637	-194.54	340.773
46.2983	-189.56	327.073
68.0208	-54.3545	213.956
69.0936	-15.0045	181.127
164.679	-145.447	275.785
70.2253	44.4894	127.31
174.007	-156.271	275.435
182.516	-118.264	253.889
192.983	-136.368	253.444
169.005	-92.1031	221.761
181.263	-99.3376	228.758
179.859	-63.8801	222.048
181.951	-63.4707	212.291
204.934	-64.1416	227.049
202.033	-58.6679	220.125
182.962	-61.9231	190.896
222.172	-84.4503	230.145
-95.333	31.3424	101.03
-100.727	20.2161	111.602
-92.6863	32.8997	101.992
-98.4348	21.0498	112.06
-93.0551	55.5942	106.364
-84.3951	59.9815	97.66
-86.7249	58.8405	100.695
-94.6795	49.8483	113.909
-94.741	25.3655	116.884
-96.5558	18.3265	119.997
-93.9099	49.2724	115.26
-83.7361	34.3553	106.979
-83.7361	34.3553	106.979
-90.3816	50.1436	115.453
-77.1338	64.3065	113.382
-77.1338	64.3065	113.382
-77.1895	44.2197	133.385
1.25317	-196.837	332.515
-0.730261	22.6191	147.469
-0.730261	22.6191	147.469
-1.19785	62.1298	109.919
35.5605	-209.297	349.867
43.1861	-193.4	338.977
70.0714	-192.429	325.813
69.3058	-55.4365	218.2
69.1227	-15.0088	181.22
175.721	-155.284	294.453
70.2154	44.484	127.29
70.2154	44.484	127.29
176.522	-158.421	279.305
182.125	-117.943	253.359
195.368	-138.092	256.604
186.25	-101.819	244.793
198.508	-88.8137	235.993
180.289	-62.786	210.193
208.458	-63.7065	243.162
191.608	-59.8848	212.152
204.079	-56.912	219.67
184.601	-62.536	192.663
224.144	-85.1407	232.104
-94.6739	31.1304	100.329
-100.624	20.1974	111.492
-93.2513	33.0834	102.595
-86.5522	58.9866	95.7111
-101.607	14.926	115.608
-97.5567	11.0064	113.933
-82.8485	58.93	95.9507
-92.4301	48.5901	111.175
-94.4076	25.2736	116.475
-96.3341	18.2893	119.746
-93.2901	48.9495	114.497
-83.8321	34.3636	107.04
-83.8321	34.3636	107.04
-91.1131	50.5452	116.376
-77.205	64.3743	113.509
-77.205	64.3743	113.509
-77.2914	44.2792	133.554
-77.2914	44.2792	133.554
-81.2499	-88.2847	267.044
1.21701	-209.516	353.826
-0.101009	-17.6246	187.108
-0.101009	-17.6246	187.108
-0.72698	22.6249	147.477
-0.72698	22.6249	147.477
-1.20356	62.182	110.035
0.310488	41.0383	124.612
18.8032	-202.733	352.243
43.2073	-193.369	339.024
47.4373	-194.318	335.263
69.439	-15.0826	182.066
70.1865	5.00718	165.522
165.023	-145.793	276.416
70.3651	44.5794	127.543
70.3651	44.5794	127.543
181.348	-140.577	266.919
186.223	-120.663	259.068
176.818	-96.4243	232.149
189.779	-114.699	229.148
198.531	-88.8384	236.006
190.015	-66.2543	221.685
184.171	-56.1785	214.565
201.228	-62.8859	222.756
194.639	-56.4868	211.986
185.099	-62.6594	193.146
238.402	-90.7669	247.103
-95.4516	31.3715	101.116
-93.3318	33.1184	102.715
-82.123	56.0836	90.9297
-98.6708	21.0966	112.307
-89.6806	44.3757	102.806
-93.9993	26.374	109.135
-93.1417	55.6904	106.479
-83.247	59.193	96.3853
-94.9183	25.3947	117.096
-96.5648	18.3198	119.996
-83.3622	34.1821	106.479
-83.3622	34.1821	106.479
-90.7494	50.3191	115.961
-77.2798	64.429	113.605
-77.8024	44.5615	134.411
-77.8024	44.5615	134.411
1.21288	-209.006	353.046
-0.092007	-17.5878	186.669
-0.092007	-17.5878	186.669
-0.721392	22.5827	147.235
-0.721392	22.5827	147.235
-0.966131	42.6137	129.256
-1.19433	62.0536	109.797
-1.19433	62.0536	109.797
35.5991	-209.559	350.263
47.5397	-194.971	336.306
69.9315	-176.195	333.074
68.1786	-54.4856	214.495
68.1786	-54.4856	214.495
69.6083	-15.1323	182.548
70.6231	5.02554	166.583
68.8336	24.4314	143.682
68.8336	24.4314	143.682
163.507	-144.247	273.675
70.3539	44.5726	127.553
70.3539	44.5726	127.553
173.121	-155.507	274.079
180.253	-116.73	250.598
175.951	-96.1865	231.213
179.087	-63.5408	220.99
195.001	-118.019	235.59
198.415	-88.7846	235.886
184.694	-64.3852	215.423
180.741	-56.3564	199.871
201.059	-58.3683	219.002
204.047	-69.4566	213.327
225.78	-85.8328	233.887
-95.4157	31.3563	101.091
-101.328	20.328	112.244
-98.5601	9.14428	109.928
-94.8654	33.6434	104.38
-84.7736	57.8274	93.864
-92.6173	45.7453	106.045
-93.8961	26.3505	109.017
-83.3351	59.2445	96.4946
-98.2277	51.6636	118.075
-96.0484	18.2384	119.384
-92.3841	45.8841	115.538
-84.1115	34.487	107.42
-90.7871	50.3915	115.958
-97.461	17.2372	132.785
-95.7506	37.8016	142.892
-77.2857	64.4232	113.594
-77.2857	64.4232	113.594
-77.4882	44.3893	133.905
-77.4882	44.3893	133.905
-80.3292	-87.3536	264.292
1.25362	-201.58	340.484
-0.105947	-17.6144	187.032
-0.105947	-17.6144	187.032
-0.723475	22.5892	147.263
-0.723475	22.5892	147.263
-1.19705	62.0933	109.848
18.7594	-202.33	351.587
36.5607	-195.383	337.959
46.7182	-191.368	330.167
69.3106	-55.4541	218.277
69.8205	-15.1707	183.114
69.342	24.6171	144.789
69.342	24.6171	144.789
70.4315	44.6181	127.672
70.4315	44.6181	127.672
175.518	-157.486	277.7
173.929	-134.71	255.862
181.085	-117.277	251.756
175.796	-96.0406	230.989
184.946	-101.394	233.47
176.667	-62.7375	218.066
190.348	-115.035	229.809
174.345	-60.7476	203.265
201.613	-84.9738	228.122
188.963	-59.0955	209.275
197.408	-55.0308	212.449
184.332	-62.4201	192.364
-102.473	22.3032	106.181
-95.9913	31.5465	101.687
-100.298	20.1315	111.135
-103.324	9.57304	115.174
-93.1156	33.0339	102.459
-83.2371	56.7916	92.1997
-93.5607	55.9388	106.953
-85.488	58.0875	99.3517
-97.0267	51.0744	116.68
-96.2182	18.2619	119.6
-95.0982	47.2082	118.805
-84.0539	34.4911	107.38
-84.0539	34.4911	107.38
-90.4529	50.2354	115.582
-95.5545	16.9602	130.38
-77.4933	64.6036	113.906
-77.3372	44.3119	133.648
-77.3372	44.3119	133.648
-6.69961	-211.006	361.869
1.22691	-202.224	341.522
-0.727142	22.6127	147.42
-0.727142	22.6127	147.42
-1.19581	62.0525	109.779
42.849	-191.751	336.059
46.4916	-190.493	328.601
69.0851	-15.0007	181.109
68.8338	24.4375	143.706
68.8338	24.4375	143.706
170.023	-150.031	284.709
70.3312	44.5503	127.488
70.3312	44.5503	127.488
184.617	-143.144	271.793
177.913	-115.239	247.396
182.774	-100.167	230.69
195.811	-118.437	236.535
199.655	-89.3243	237.382
177.016	-61.6368	206.347
170.987	-52.0033	198.902
201.238	-62.8768	222.779
197.953	-55.1749	213.005
224.101	-90.3858	238.635
182.649	-61.8165	190.578
-89.1305	16.5361	118.213
-98.5314	17.308	134.246
-99.2952	32.9865	139.424
-77.5371	44.3882	133.925
-77.5371	44.3882	133.925
-135.459	-217.736	409.287
-135.459	-217.736	409.287
-78.9536	-18.5104	198.012
-78.9536	-18.5104	198.012
-80.4581	-41.1539	222.672
-96.218	-132.514	340.72
-96.218	-132.514	340.72
-79.5761	-134.785	307.088
0.753777	-82.3997	250.491
-0.550988	2.65137	169.379
-0.550988	2.65137	169.379
-0.78387	22.6816	148.013
0.239417	41.9439	127.162
68.8408	-116.551	270.689
68.8408	-116.551	270.689
69.0078	-55.2273	217.324
69.0122	-35.0608	198.673
68.6278	-14.9241	180.034
68.6278	-14.9241	180.034
70.3717	44.5871	127.62
70.3717	44.5871	127.62
-88.672	16.4557	117.694
-97.2368	17.1986	132.469
-96.6307	32.1389	135.481
-77.6793	44.4603	134.16
-77.6793	44.4603	134.16
-77.2644	2.90034	173.297
-77.2644	2.90034	173.297
1.90178	-149.075	309.393
1.47855	-125.7	287.458
0.727707	-82.3221	250.301
0.0864481	-38.785	208.543
0.0864481	-38.785	208.543
-0.162236	-17.6824	187.56
-0.162236	-17.6824	187.56
-0.985979	42.4307	128.723
-0.985979	42.4307	128.723
68.9428	-116.733	271.08
69.885	-97.2772	256.13
69.8112	-76.4168	237.788
69.5594	4.96018	164.172
69.2786	24.5818	144.702
70.5419	64.5981	109.185
-94.6165	25.3127	116.662
-89.58	16.6151	118.896
-98.5631	32.8189	138.352
-77.2596	44.2346	133.447
-80.1158	-18.781	200.834
0.43903	-59.408	226.223
0.0814088	-38.9218	209.296
0.0814088	-38.9218	209.296
-0.775846	22.6203	147.593
-0.775846	22.6203	147.593
-0.987225	42.4521	128.778
0.242142	42.4354	128.736
68.8018	-116.501	270.593
69.4315	-15.1064	182.188
69.4315	-15.1064	182.188
70.2973	44.5364	127.479
-85.9442	15.9601	114.203
-95.8918	16.9955	130.63
-97.8698	32.5662	137.268
-95.752	37.7487	142.822
-77.9005	23.8534	154.241
-78.7105	2.94241	176.408
-79.3252	-18.5808	198.715
-79.3252	-18.5808	198.715
-81.1682	-41.5049	224.541
-82.3013	-89.4405	270.55
0.733685	-83.0882	252.651
0.733685	-83.0882	252.651
0.439709	-59.3928	226.143
-0.158413	-17.7132	187.824
-0.158413	-17.7132	187.824
-0.768395	22.6236	147.589
-0.988896	42.4798	128.906
-0.988896	42.4798	128.906
69.5178	-117.733	273.391
69.5178	-117.733	273.391
68.984	-55.2111	217.229
69.012	-15.0156	181.028
68.9596	24.4782	144.055
68.9596	24.4782	144.055
70.2468	44.5084	127.384
-96.2794	18.2505	119.618
-91.5869	16.9885	121.526
-97.6483	32.529	136.881
-95.825	37.7886	142.889
-77.1238	44.147	133.183
-83.4794	-115.156	296.27
0.735937	-83.1758	252.791
0.735937	-83.1758	252.791
-0.171707	-17.7154	187.883
-0.171707	-17.7154	187.883
-0.536075	2.64058	168.722
-0.991724	42.5231	128.989
-0.991724	42.5231	128.989
71.104	-120.482	279.812
69.7399	-97.0113	255.433
69.8202	-55.8895	219.953
68.5497	4.88461	161.726
68.5497	4.88461	161.726
70.3826	44.5925	127.629
70.7447	64.779	109.5
-90.6722	16.0159	123.709
-97.6828	32.5714	137.005
-77.4953	44.3734	133.845
-78.5623	24.0362	155.473
-78.759	-18.4587	197.458
-78.759	-18.4587	197.458
-81.0167	-88.0801	266.44
-81.3873	-137.616	313.443
1.8926	-151.036	313.454
-0.153135	-17.6427	187.241
0.24983	42.567	128.895
68.5377	-74.9552	233.255
69.2156	-15.0523	181.621
69.1617	24.5621	144.542
182.311	-56.0472	214.691
-89.2255	32.2192	111.347
-91.5135	16.9771	121.502
-98.1787	32.6879	137.583
-95.3669	37.6053	142.236
-77.8245	44.5456	134.385
-78.6113	-40.2266	217.724
-78.6113	-40.2266	217.724
-80.7082	-87.7078	265.354
0.759142	-82.7228	251.559
0.759142	-82.7228	251.559
-0.153105	-17.6777	187.736
-0.548979	2.65914	169.442
-0.548979	2.65914	169.442
-0.984176	42.4329	128.719
-0.984176	42.4329	128.719
69.5228	-15.1307	182.448
69.5228	-15.1307	182.448
70.526	44.6844	127.896
70.526	44.6844	127.896
-95.5723	34.4509	119.103
-86.7165	16.1212	115.241
-97.5806	32.5145	136.865
-82.4848	-89.6324	271.137
1.88915	-152.23	315.994
1.88915	-152.23	315.994
0.726719	-82.4695	250.775
0.726719	-82.4695	250.775
-0.537805	2.64449	168.692
-0.537805	2.64449	168.692
0.237686	42.6146	129.247
68.5719	-116.037	269.443
68.5719	-116.037	269.443
69.0067	-55.2007	217.247
69.5545	-35.343	200.225
68.9448	-14.9928	180.883
68.9448	-14.9928	180.883
70.1748	44.4571	127.256
179.279	-55.2368	211.457
70.7986	64.8323	109.582
