-82.6279	15.2917	109.609
-91.2975	16.0473	124.423
-95.0967	31.6483	133.518
-76.5935	43.8962	132.261
-76.5935	43.8962	132.261
-127.763	-205.313	386.006
-127.763	-205.313	386.006
-77.7819	-18.1525	195.015
-77.7819	-18.1525	195.015
-79.2236	-40.4292	219.193
-97.1135	-133.498	343.645
-97.1135	-133.498	343.645
-78.7681	-133.352	303.86
0.779218	-85.8322	261.014
-0.579846	2.77425	174.863
-0.579846	2.77425	174.863
-0.811117	23.3149	152.011
0.254807	42.6237	129.232
74.7963	-126.636	294.05
74.7963	-126.636	294.05
74.2637	-59.4234	233.881
73.8075	-37.485	212.484
72.9587	-15.857	191.409
72.9587	-15.857	191.409
72.2503	45.7367	131.01
72.2503	45.7367	131.01
-81.962	15.1721	108.816
-89.8399	15.896	122.433
-91.3939	30.4484	128.161
-76.7961	44.0029	132.599
-76.7961	44.0029	132.599
-75.9568	2.9177	170.321
-75.9568	2.9177	170.321
1.99357	-156.098	323.919
1.54817	-130.464	298.333
0.752063	-85.7442	260.792
0.0752993	-40.2859	216.823
0.0752993	-40.2859	216.823
-0.176797	-18.2456	193.925
-0.176797	-18.2456	193.925
-1.00617	43.337	131.466
-1.00617	43.337	131.466
74.9559	-126.917	294.672
76.3007	-106.218	279.666
75.8109	-82.9822	258.247
73.1991	5.22899	172.762
72.1386	25.5844	150.67
71.1661	65.0764	110.124
-87.9888	23.5243	108.5
-83.2846	15.4104	110.553
-94.1013	31.3883	132.086
-76.3709	43.7713	131.875
-79.1845	-18.4696	198.425
0.455575	-61.4257	234.012
0.0672168	-40.4881	217.94
0.0672168	-40.4881	217.94
-0.803356	23.2529	151.594
-0.803356	23.2529	151.594
-1.00734	43.358	131.519
0.242814	43.4864	131.92
74.7951	-126.653	294.114
73.8662	-16.056	193.84
73.8662	-16.056	193.84
72.1482	45.6674	130.817
-79.4618	14.7065	105.615
-88.7878	15.7355	120.986
-93.2448	31.0799	130.783
-93.6214	36.9743	139.599
-76.7562	23.5656	151.935
-77.4648	2.97199	173.57
-78.1769	-18.2263	195.777
-78.1769	-18.2263	195.777
-80.0281	-40.8224	221.318
-81.0108	-87.9478	266.239
0.758379	-86.5889	263.4
0.758379	-86.5889	263.4
0.456358	-61.406	233.914
-0.171174	-18.2643	194.067
-0.171174	-18.2643	194.067
-0.795563	23.2552	151.584
-1.00864	43.3819	131.635
-1.00864	43.3819	131.635
75.9415	-128.625	298.638
75.9415	-128.625	298.638
74.2388	-59.4068	233.781
73.4257	-15.9643	192.623
71.7693	25.4608	149.916
71.7693	25.4608	149.916
72.1063	45.6448	130.738
-89.2106	16.8818	110.84
-85.3343	15.7993	113.237
-92.2898	30.8008	129.394
-93.7358	37.0301	139.727
-76.1628	43.6425	131.489
-82.824	-114.144	293.815
0.761511	-86.633	263.403
0.761511	-86.633	263.403
-0.186662	-18.2803	194.276
-0.186662	-18.2803	194.276
-0.565903	2.76222	174.262
-1.01085	43.4176	131.693
-1.01085	43.4176	131.693
77.6498	-131.565	305.538
75.8842	-105.561	277.933
75.3698	-60.3188	237.458
72.1005	5.13913	170.101
72.1005	5.13913	170.101
72.2491	45.7342	130.996
71.4211	65.3075	110.523
-84.593	14.9153	115.426
-92.7635	30.9853	130.117
-76.6046	43.9104	132.27
-77.5451	23.7908	153.414
-77.5222	-18.0876	194.303
-77.5222	-18.0876	194.303
-79.7046	-86.5735	262.058
-80.5687	-136.155	310.181
1.98582	-157.597	327.036
-0.166578	-18.1981	193.517
0.258484	43.4429	131.54
73.9454	-80.8659	251.641
73.646	-16.0023	193.264
71.9926	25.5545	150.451
202.041	-62.1145	237.934
-83.9065	30.2843	104.712
-84.8736	15.7179	112.707
-92.8459	30.9713	130.133
-93.0746	36.7662	138.777
-76.9571	44.0978	132.851
-77.2409	-39.4474	213.877
-77.2409	-39.4474	213.877
-79.3112	-86.1145	260.701
0.785454	-86.1514	262.081
0.785454	-86.1514	262.081
-0.163655	-18.2112	193.801
-0.574156	2.77885	174.696
-0.574156	2.77885	174.696
-1.0046	43.3431	131.474
-1.0046	43.3431	131.474
74.0031	-16.0899	194.224
74.0031	-16.0899	194.224
72.3834	45.821	131.246
72.3834	45.821	131.246
-89.9634	32.4421	112.119
-80.1349	14.8515	106.522
-92.7649	30.9627	130.119
-81.1701	-88.1128	266.748
1.98348	-158.408	328.795
1.98348	-158.408	328.795
0.751008	-85.9096	261.326
0.751008	-85.9096	261.326
-0.566455	2.76491	174.15
-0.566455	2.76491	174.15
0.251993	43.3594	131.495
74.5331	-126.131	292.817
74.5331	-126.131	292.817
74.2468	-59.382	233.747
74.4789	-37.8298	214.413
73.3003	-15.9283	192.323
73.3003	-15.9283	192.323
72.0408	45.5972	130.622
198.91	-61.2975	234.626
71.4146	65.3043	110.509
-89.0937	16.8571	110.665
-85.7818	15.8418	113.728
-92.9647	16.5062	126.602
-93.9217	31.2912	131.666
-78.461	3.01063	175.764
-78.461	3.01063	175.764
-78.9163	-18.4097	197.842
-78.9163	-18.4097	197.842
-78.0352	-39.8262	215.958
1.97573	-158.566	329.123
1.97573	-158.566	329.123
-0.574948	2.77267	174.837
-0.574948	2.77267	174.837
-1.01548	43.4626	131.802
0.270254	43.2418	131.143
76.2146	-129.101	299.758
75.4209	-104.883	276.141
72.9989	-37.0381	209.946
72.9989	-37.0381	209.946
74.0273	-16.0821	194.222
74.0273	-16.0821	194.222
72.5532	5.17445	171.193
72.5219	45.9221	131.523
71.1692	65.0775	110.121
71.1692	65.0775	110.121
-89.2233	17.4734	107.022
-89.346	16.9129	111.003
-87.6484	23.4384	108.128
-78.8609	32.2759	100.681
-78.8609	32.2759	100.681
-94.1788	37.2036	140.378
-76.3378	43.7632	131.851
-76.4171	23.4708	151.309
-76.4171	23.4708	151.309
-77.2997	-39.4708	214.028
-77.2997	-39.4708	214.028
-77.9915	-62.2844	237.006
-53.9603	-173.672	326.496
-53.9603	-173.672	326.496
1.9966	-158.014	327.999
1.54545	-130.913	299.403
-0.154791	-18.2589	193.96
-0.154791	-18.2589	193.96
-0.797407	23.3667	152.255
-0.797407	23.3667	152.255
-1.00097	43.4081	131.614
-1.00097	43.4081	131.614
74.2891	-59.4318	233.994
73.8473	-16.0355	193.72
72.0061	5.1315	169.891
72.1886	25.6088	150.783
71.439	65.3363	110.548
207.691	-72.2316	241.906
211.508	-64.5544	246.465
-85.1916	13.377	108.573
-80.1149	14.8569	106.542
-79.2345	32.4441	101.163
-79.2345	32.4441	101.163
-92.1915	36.441	137.477
-76.0356	43.5846	131.299
-77.4238	2.97452	173.573
-77.4238	2.97452	173.573
-79.238	-40.3953	219.082
-81.4226	-88.3407	267.481
1.52157	-131.763	301.375
0.789168	-86.6051	263.377
0.462091	-61.6164	234.687
0.041916	-40.5116	218.047
0.041916	-40.5116	218.047
-0.178859	-18.2578	194.141
-0.178859	-18.2578	194.141
-0.57068	2.77774	174.715
-0.57068	2.77774	174.715
-0.789344	23.2668	151.626
-0.789344	23.2668	151.626
-0.998189	43.3716	131.546
-0.998189	43.3716	131.546
74.6814	-126.406	293.493
73.2857	-15.9216	192.309
73.2857	-15.9216	192.309
71.4582	25.3372	149.217
200.286	-71.1651	247.29
200.286	-71.1651	247.29
-88.3776	29.0091	93.623
-86.5686	30.6904	95.2583
-89.3915	8.32737	99.8439
-93.2487	13.6552	106.052
-88.3119	23.3037	99.9084
-79.749	54.4233	88.2759
-88.3908	9.9717	103.213
-82.9629	41.0657	95.1453
-84.239	57.1701	97.8148
-88.6988	46.707	106.729
-89.64	16.9913	111.385
-89.1609	46.762	109.4
-82.47	15.2915	109.659
-92.4528	36.567	137.942
-75.5424	43.326	130.496
-75.5424	43.326	130.496
-76.7731	2.95227	172.206
-78.94	-18.4048	197.809
-78.94	-18.4048	197.809
-79.4234	-86.2894	261.29
-0.141169	-18.2698	194.294
-0.52255	2.77433	173.944
-2.29061	43.1526	131.414
0.290628	43.3258	131.449
71.4227	-196.366	321.253
71.4227	-196.366	321.253
76.967	-130.224	302.399
71.7955	25.4791	149.913
71.8047	45.4438	130.115
71.8047	45.4438	130.115
210.684	-191.854	335.499
208.312	-161.577	306.525
71.4532	65.3218	110.506
217.776	-141.164	303.083
223.446	-157.97	293.31
202.596	-111.375	256.169
189.529	-67.2542	233.793
220.833	-98.9121	262.556
206.865	-72.3068	241.554
206.135	-64.3945	228.161
235.852	-123.74	255
221.441	-61.7273	238.376
248.045	-94.3434	256.895
251.961	-83.7036	251.031
-95.8875	7.71526	102.744
-88.2532	28.9598	93.4915
-87.4111	30.9761	96.1537
-82.2202	56.053	90.9508
-92.5721	13.5733	105.31
-92.0007	19.6293	104.683
-89.2897	10.0107	104.262
-83.6265	56.7276	97.0695
-87.8534	17.2182	105.472
-89.4138	16.9355	111.097
-89.0759	46.7425	109.311
-78.5374	32.1573	100.317
-78.5374	32.1573	100.317
-76.3001	43.7526	131.791
-76.3001	43.7526	131.791
-77.8798	23.8999	154.078
-79.5404	-86.3682	261.533
-83.593	-115.302	296.886
-12.07	-27.8402	52.3352
1.09705	-200.215	337.337
-0.511859	2.78647	174.071
-0.511859	2.78647	174.071
-0.766667	23.3082	151.866
-0.766667	23.3082	151.866
-0.970373	43.3462	131.45
14.7794	-202.029	349.461
-1.21393	63.2769	111.967
0.330341	42.6048	129.057
53.2528	-193.335	353.259
71.3472	-181.169	345.414
75.4076	-104.834	276.071
75.4076	-104.834	276.071
72.3034	25.6547	150.993
72.3034	25.6547	150.993
201.141	-176.64	335.879
72.7403	46.0448	131.838
220.408	-201.93	351.755
209.262	-162.405	308.099
176.839	-109.566	253.688
71.2394	65.1079	110.167
198.131	-128.335	275.358
224.985	-159.05	295.307
219.462	-76.5265	256.1
206.451	-62.9091	240.321
217.649	-114.024	235.04
224.316	-62.5349	241.514
224.316	-62.5349	241.514
252.067	-95.8252	261.056
252.835	-83.8545	251.795
-87.5273	28.7064	92.7161
-85.1416	30.1842	93.7313
-86.2775	7.85214	96.1317
-92.0935	13.4925	104.765
-91.5176	19.5008	104.097
-90.3049	54.0842	103.211
-80.9746	29.0253	95.548
-88.8937	17.4052	106.673
-89.3763	47.0746	107.528
-89.3763	47.0746	107.528
-88.8675	32.0697	110.828
-84.8167	15.6943	112.407
-76.655	63.9066	112.613
-76.655	63.9066	112.613
-92.7819	36.6812	138.414
-76.2514	43.7063	131.686
-78.6333	24.1297	155.571
-78.6333	24.1297	155.571
-76.8795	2.94959	172.41
-55.0237	-215.461	356.303
-11.6066	-213.49	365.919
-0.11355	-18.1669	193.159
-0.11355	-18.1669	193.159
-1.22074	63.0707	111.586
0.333893	43.1958	130.899
52.7498	-191.372	349.638
57.0376	-162.317	277.177
71.5127	-181.97	346.939
74.3939	-16.1551	195.095
71.487	45.2354	129.487
71.487	45.2354	129.487
215.783	-183.226	316.364
206.17	-133.566	287.287
215.516	-112.314	296.777
212.655	-85.3583	272.472
232.414	-152.607	284.343
222.178	-99.485	264.093
233.187	-80.5837	271.517
236.473	-151.276	272.009
224.599	-117.7	242.543
261.392	-86.6625	260.303
-92.3819	13.4997	105.086
-91.0988	19.4339	103.675
-86.5449	24.5806	98.6196
-86.16	33.4191	98.6781
-89.0935	53.3437	101.828
-88.2142	17.2731	105.814
-88.8691	46.597	109.046
-89.105	16.8739	110.732
-78.2755	32.0764	99.9902
-78.2755	32.0764	99.9902
-87.7282	48.4675	112.089
-76.6669	63.9472	112.664
-75.993	43.5678	131.258
-75.8732	23.3096	150.286
-76.1933	2.94091	170.835
-76.1933	2.94091	170.835
-78.1416	-39.9076	216.519
-78.1416	-39.9076	216.519
-0.530292	2.79565	175.132
-0.530292	2.79565	175.132
-1.2231	63.4086	112.195
0.304758	43.3018	131.182
35.7801	-192.966	343.632
52.6366	-191.002	348.992
71.6479	-205.319	350.379
70.3104	-178.967	341.177
74.4801	-59.4854	234.248
71.7146	5.12883	169.038
71.9683	25.5352	150.266
71.9683	25.5352	150.266
72.8819	46.1301	132.065
223.24	-157.792	292.954
223.24	-157.792	292.954
207.823	-114.269	262.561
207.823	-114.269	262.561
191.285	-68.0687	236.188
191.285	-68.0687	236.188
222.28	-135.663	269.596
227.533	-101.925	270.51
226.47	-78.545	264.06
235.339	-150.619	270.812
76.7561	49.7823	80.3788
279.14	-92.8798	278.358
-88.4033	28.9942	93.6553
-95.2307	13.5196	103.066
-88.097	8.03543	98.1582
-92.3484	13.5186	105.012
-85.2746	33.0827	97.6932
-90.0591	53.8881	102.898
-85.4837	35.3957	100.482
-90.2045	17.6683	108.232
-85.8991	8.6015	103.352
-90.26	47.3197	110.722
-78.9309	32.2679	100.752
-88.0831	48.5143	112.538
-86.8073	16.0196	115.087
-76.147	63.5079	111.915
-76.147	63.5079	111.915
-75.7012	43.4184	130.787
-75.7012	43.4184	130.787
-76.6237	2.95367	171.795
-77.8853	-62.2183	236.871
-77.9487	-84.7568	256.599
-0.520132	2.76898	174.201
-0.520132	2.76898	174.201
-0.759096	23.3271	151.927
-0.759096	23.3271	151.927
-0.967122	43.4124	131.669
-1.21496	63.2378	111.952
0.329032	42.2138	127.998
52.5177	-190.507	348.136
76.2788	-129.029	299.622
73.2989	-15.8847	192.135
73.2072	5.23626	172.646
72.1885	25.611	150.674
72.1885	25.611	150.674
72.3842	45.8089	131.164
196.086	-151.791	288.212
210.69	-178.931	308.792
184.446	-96.0266	253.59
189.541	-67.419	233.936
189.541	-67.419	233.936
223.319	-89.4562	272.163
223.465	-100.08	265.664
225.998	-144.522	259.884
250.488	-101.104	266.931
262.895	-87.1873	261.83
-97.7486	7.79424	104.63
-91.6626	19.0521	98.2581
-87.3949	30.9859	96.1123
-88.1656	8.09072	98.3352
-90.0092	19.2014	102.439
-86.8078	33.699	99.4575
-90.2882	54.0347	103.171
-84.082	34.8486	98.9086
-83.0207	8.34698	99.9554
-88.532	23.6849	109.186
-89.4014	46.8699	109.681
-78.9268	32.3167	100.793
-88.3373	48.7381	112.81
-95.8409	32.0562	133.608
-76.2743	43.7342	131.766
-76.2743	43.7342	131.766
-78.0276	23.9555	154.477
-78.0276	23.9555	154.477
-77.1606	-61.6556	234.737
-82.6086	-89.6469	271.437
-0.120392	-18.1981	193.442
-0.750883	23.1973	151.207
-0.750883	23.1973	151.207
-0.965241	43.3143	131.388
-1.2152	63.2176	111.886
0.200127	26.9636	81.7448
69.9985	-177.722	338.733
73.0965	-58.3671	229.765
73.0965	-58.3671	229.765
72.8861	25.8544	152.175
72.8861	25.8544	152.175
72.0195	45.5807	130.492
201.149	-155.854	295.782
71.2646	65.1401	110.209
71.2646	65.1401	110.209
206.553	-113.42	260.812
206.553	-113.42	260.812
228.523	-150.027	279.56
190.36	-67.6888	234.989
227.488	-101.893	270.485
239.313	-82.9179	278.935
241.92	-154.876	278.434
231.071	-121.123	249.684
278.746	-92.5882	277.81
-86.9084	30.7978	95.6199
-86.0078	7.93489	95.9766
-89.1654	23.5059	100.841
-92.658	13.5591	105.398
-90.0076	53.8765	102.861
-80.0544	29.1672	92.7459
-90.1363	47.3882	108.366
-89.2385	46.7839	109.494
-78.8223	32.2612	100.657
-79.7748	14.799	106.086
-77.0219	64.2302	113.181
-77.0219	64.2302	113.181
-93.7399	37.0635	139.791
-76.7396	43.9963	132.507
-76.7396	43.9963	132.507
-77.4682	23.789	153.359
-77.4682	23.789	153.359
-78.4485	-40.0515	217.278
-78.4485	-40.0515	217.278
-79.7346	-63.6309	242.109
-80.9422	-87.8697	266.002
-0.519407	2.77686	174.195
-0.519407	2.77686	174.195
-0.765035	23.2767	151.687
-0.967375	43.3323	131.388
-0.967375	43.3323	131.388
-1.23079	63.1806	111.825
-1.23079	63.1806	111.825
65.329	-186.879	319.037
69.7349	-190.876	322.313
74.8562	-59.8069	235.541
196.65	-152.169	288.983
70.8989	64.7948	109.625
70.8989	64.7948	109.625
203.264	-131.697	283.191
214.137	-117.701	270.552
224.426	-100.563	266.785
220.853	-141.229	253.92
198.396	-60.259	230.463
233.388	-122.328	252.125
262.356	-86.9234	261.193
-93.029	7.48794	99.7074
-92.1974	19.1762	98.7932
-88.1035	31.2094	96.9546
-88.0621	23.2481	99.6385
-85.3543	33.1221	97.7613
-90.2351	53.9885	103.093
-80.1903	28.7361	94.6094
-87.9608	17.2241	105.548
-84.8074	8.47987	102.03
-89.0241	46.8539	107.092
-88.2932	23.6235	108.925
-89.6082	46.998	109.949
-80.1288	32.7888	102.289
-77.2697	64.4127	113.518
-77.2697	64.4127	113.518
-76.0957	43.6323	131.44
-76.0957	43.6323	131.44
-77.5888	-39.5869	214.872
-77.7809	-62.1092	236.464
-81.0716	-87.9607	266.269
-0.103739	-18.1313	192.766
-0.532146	2.78527	174.935
-0.754274	23.2736	151.629
-0.754274	23.2736	151.629
-1.21115	63.1612	111.792
59.2466	-165.672	281.487
75.0036	-59.9044	235.861
73.9809	-16.048	194.006
72.6516	25.7807	151.687
72.1048	45.6228	130.625
199.466	-154.545	293.32
71.1965	65.0716	110.082
71.1965	65.0716	110.082
197.453	-127.869	274.865
200.918	-104.444	276.305
230.174	-150.773	281.422
194.929	-69.4512	240.785
194.929	-69.4512	240.785
222.021	-99.4058	263.953
224.726	-77.7306	261.716
236.214	-151.12	271.735
214.778	-65.4062	249.905
253.092	-102.172	269.766
-99.213	6.99697	102.277
-89.2509	20.7756	93.4427
-87.8302	31.1192	96.5835
-91.874	18.3772	101.785
-83.4814	32.4196	95.7053
-90.4267	54.1041	103.317
-87.7466	17.181	105.306
-82.7811	8.30577	99.6442
-87.8009	46.0914	107.784
-89.6706	16.9886	111.418
-78.618	32.1454	100.352
-78.618	32.1454	100.352
-87.8954	48.5109	112.259
-76.7324	63.9838	112.739
-76.7324	63.9838	112.739
-76.7915	23.5811	152.071
-76.7915	23.5811	152.071
-76.7448	-61.3413	233.514
-79.2191	-85.9992	260.349
-0.104464	-18.2512	193.997
-0.104464	-18.2512	193.997
-0.770391	23.3366	152.123
-0.770391	23.3366	152.123
-1.22367	63.0999	111.707
-1.22367	63.0999	111.707
73.0132	-58.2865	229.524
73.0132	-58.2865	229.524
71.1846	25.2388	148.549
71.1846	25.2388	148.549
72.5844	45.9484	131.519
72.5844	45.9484	131.519
71.6092	65.4641	110.753
71.6092	65.4641	110.753
199.693	-129.373	277.93
221.186	-144.996	270.405
193.044	-68.7053	238.371
193.044	-68.7053	238.371
221.869	-99.3629	263.716
234.334	-149.907	269.591
221.065	-115.838	238.781
255.658	-71.2806	275.362
262.972	-87.3006	261.956
