-3304.27	526.296	3600.82
-3201.97	297.42	3572.68
-2904.06	1737.33	3317.9
-2916.16	828.105	3321.76
-2848.37	886.227	3272.87
-2642.47	961.614	3059.89
-2808.7	786.683	3261.01
-2874.43	1567.48	3389.89
-2905.66	568.729	3486.89
-2892.44	1512.02	3547.58
-2835.35	425.248	3454.97
-2806.35	1532.09	3584.31
-3006.2	500.61	3790.55
-2602.49	1062.33	3320
-2602.49	1062.33	3320
-2873.31	946.433	4021.51
-2498.63	2083.59	3671.16
-2498.63	2083.59	3671.16
-3018.48	1193.91	4502.11
-2608.1	-608.651	6536.04
-2608.1	-608.651	6536.04
-2625.38	-1339.82	7261.76
-2624.02	-4438.36	10115
-2521.36	-5894.76	11079.9
-2521.36	-5894.76	11079.9
-1536.56	-5721.62	10767.7
-1536.56	-5721.62	10767.7
-42.7551	2224.41	3935.13
-42.7551	2224.41	3935.13
-33.8525	1523.44	4619.94
-26.6583	816.89	5320.59
11.0382	1503.34	4559.88
-17.8925	96.4809	6099.97
2156.5	-6176.45	10545
2768.72	-4680.72	10866.3
1661.57	2561.31	3880.56
1825.98	2548.71	3905.97
2832.28	1791.96	5130.59
2832.28	1791.96	5130.59
1771.14	1538.21	2996.43
1804.46	1564	2700.49
1940.83	1451.53	2698.55
-3086.28	435.559	3339.32
-3086.28	435.559	3339.32
-2904.63	1738.82	3319.55
-2891.33	822.337	3296.14
-2833.21	1096.94	3241.99
-2968.79	632.691	3377.66
-2825.15	879.379	3247.06
-2866.15	1563.92	3380.02
-2886.18	1509.38	3540.33
-2675.16	401.152	3261.09
-2906.38	550.871	3611.19
-2813.9	1534.87	3593.79
-2593.54	1059.48	3309.02
-2593.54	1059.48	3309.02
-3027.83	531.85	4123.52
-2835.84	933.561	3973.52
-2509.65	2092.79	3686.78
-2509.65	2092.79	3686.78
-2650.14	-618.026	6637.46
-2650.14	-618.026	6637.46
-2607.91	-1330.75	7213.19
-2632.48	-2103.38	7995.67
-2632.48	-2103.38	7995.67
-2663.01	-4500.83	10257.9
-2616.92	-6111.06	11486.3
-42.7254	2224.82	3936.58
-42.7254	2224.82	3936.58
8.96002	1529.16	4629.15
4.53613	-1420.29	7643.44
4.53613	-1420.29	7643.44
2147.66	-6139.51	10480.7
2756.26	-4656.65	10814.2
1813.24	2530.41	3880.8
2829.01	1789.71	5123.9
1899.06	1513.4	3067.93
1939.23	1549.98	2779.36
1939.23	1549.98	2779.36
-3107.11	439.212	3361.85
-3107.11	439.212	3361.85
-2791.01	988.263	3070.66
-2913.44	1743.8	3329.39
-2870.55	757.694	3247.51
-2892.52	823.821	3299.4
-2831.1	881.258	3253.85
-2713.16	966.78	3194.32
-2906.46	568.969	3487.48
-2920.89	1525.14	3581.34
-2799.66	1010.75	3494.03
-2972.69	496.007	3751.12
-2784.42	436.188	3552.2
-2868.38	946.327	4017.63
-2530.94	2110.28	3717.29
-2530.94	2110.28	3717.29
-3071.31	1214.88	4578.98
-2604	-607.293	6525.16
-2702.55	-3730.43	9606.14
-2702.55	-3730.43	9606.14
-331.191	-1416.23	2667.22
-145.633	-1012.18	1915.17
-42.851	2229.12	3943.74
-42.851	2229.12	3943.74
-33.9393	1524.84	4623.32
-26.7155	817.527	5323.02
10.9226	1482.54	4493.83
2169.76	-6214.07	10607.9
2756.79	-4656.18	10813.3
2840.92	1797.41	5146.81
1436.07	976.344	2149.35
1436.07	976.344	2149.35
-3091.43	436.595	3345.23
-3091.43	436.595	3345.23
-2911.83	1740.66	3327.14
-2884.33	820.561	3287.63
-2823.39	878.815	3245.32
-2625.78	955.474	3040.52
-2820.23	789.657	3273.94
-2897.47	566.47	3475.69
-2919.54	1522.8	3579.15
-2950.25	440.867	3590.93
-2581.44	1057.19	3295.17
-2581.44	1057.19	3295.17
-2987.61	525	4067.82
-2816.08	926.427	3945.61
-2508.93	2092.07	3685.52
-2508.93	2092.07	3685.52
-3105.56	1227.77	4629.99
-2624.12	-4440.74	10120.4
-42.908	2225.05	3936.61
-42.908	2225.05	3936.61
-33.8605	1524.33	4622.54
-26.9888	818.149	5329.02
10.1917	1513.28	4581.33
-17.9929	96.9884	6106.47
-17.9929	96.9884	6106.47
-4.58618	-637.303	6772.12
-4.58618	-637.303	6772.12
2160.78	-6193.05	10571.9
2841.49	1797.8	5147.44
2841.49	1797.8	5147.44
1461.2	909.284	2101.18
1461.2	909.284	2101.18
-3101.77	438.947	3356.04
-3101.77	438.947	3356.04
-2877.48	1720.52	3287.62
-2828.64	746.954	3200.83
-2861.1	813.257	3259.86
-2762.55	1070.71	3163.49
-2829.36	880.472	3251.53
-2858.48	559.444	3430.86
-2908.46	1517.78	3566.08
-2897.3	1044.97	3612.65
-2818.89	1533.85	3599.1
-2944.1	493.07	3719.88
-2573.77	1053.5	3284.87
-2891.37	950.399	4050.97
-2485.76	2073.61	3652.86
-2485.76	2073.61	3652.86
-3054.02	1208.32	4554.26
-2682.48	-4535.24	10337.5
-2682.48	-4535.24	10337.5
-2504.07	-5842.97	10980.5
-2504.07	-5842.97	10980.5
-235.601	-1321.33	2495.72
-42.9783	2226.05	3938.36
-42.9783	2226.05	3938.36
-33.8384	1524.96	4621.65
-26.6147	817.292	5323.12
10.2136	1521.82	4610.76
-18.0323	96.7305	6105.88
2104.22	-6017.17	10272.3
2831.15	1791.13	5128.59
2831.15	1791.13	5128.59
8755.37	-2672.99	10198.7
-3115.96	441.362	3371.2
-3115.96	441.362	3371.2
-2788.73	987.588	3067.66
-2863.68	1714.07	3272.93
-2839.25	750.081	3212.25
-2828.2	879.939	3250.27
-2805.84	785.733	3257.98
-2862.61	560.318	3435
-2942.01	1533.2	3606.04
-2915.03	552.206	3621.49
-3017.99	502.185	3806.73
-2565.69	1049.72	3274.44
-2819.31	494.791	3845.5
-2511.92	2094.8	3690.33
-2511.92	2094.8	3690.33
-3060.99	1210.68	4564.53
-2533.48	96.7725	5681.29
-2731.41	-6393.55	12015.9
-2731.41	-6393.55	12015.9
-43.009	2227.52	3940.81
-43.009	2227.52	3940.81
-26.6331	817.242	5321.23
10.7296	1506.73	4568.61
-18.1638	96.7048	6112.44
2129.68	-6091.04	10400.4
2831	1790.71	5127.44
2831	1790.71	5127.44
8763.67	-2677.19	10209.5
-3105.33	438.495	3359.69
-3105.33	438.495	3359.69
-2868.78	1715.88	3278.25
-2867.38	757.052	3243.79
-2835.01	806.433	3230.77
-2842.21	884.396	3266.26
-2633.83	958.624	3049.66
-2845.46	556.396	3415.21
-2948.15	1535.67	3613.21
-2850.58	427.136	3472.37
-2895.7	1042.48	3610.33
-2914.67	552.199	3621.11
-2585.11	1055.54	3298.02
-2862.84	503.854	3904.88
-2495.73	2081.48	3667.14
-2495.73	2081.48	3667.14
-2601.06	-2078.23	7902.31
-2696.05	-4558.32	10388.8
-2630.87	-6156.61	11571.6
-2630.87	-6156.61	11571.6
-1540.49	-5745.21	10811
-1540.49	-5745.21	10811
-43.0087	2228.24	3941.98
-43.0087	2228.24	3941.98
-33.8547	1525.5	4624.07
-26.7498	817.66	5323.58
10.3118	1520.4	4603.18
-18.085	96.8887	6108.79
-18.085	96.8887	6108.79
-4.29443	-635.943	6756.14
-4.29443	-635.943	6756.14
2080.46	-5940.69	10141.9
2735.09	-4621.59	10730.1
2834.87	1793.74	5135.51
8549.98	-2605.84	9947.71
-3102.82	438.998	3357.48
-3339.21	532.694	3641.64
-2778.94	984.218	3056.54
-2942.31	1760.99	3362.39
-2861.74	755.364	3237.02
-2902.77	825.767	3307.43
-2624.33	955.659	3040.18
-2645.18	1099.8	3116.49
-2896.68	1512.13	3552.08
-2929.38	554.867	3638.96
-2946.73	1591	3758.22
-2965.14	493.579	3740.7
-2594.36	1061.89	3311.48
-2853.69	500.32	3890.84
-2820.83	927.592	3958.31
-2517.55	2098.96	3697.05
-2517.55	2098.96	3697.05
-2651.56	-1352.89	7330.45
-2651.56	-1352.89	7330.45
-2606.95	-2083.03	7920.28
-2696.96	-6290.83	11821.5
-147.6	-1021.47	1932.75
-42.811	2226.96	3940.21
-42.811	2226.96	3940.21
-33.6096	1522.84	4615.75
11.53	1511.98	4580.04
-4.69202	-637.806	6775.52
-4.69202	-637.806	6775.52
2200.59	-6318.43	10791.7
2825.58	-4779.49	11097.5
2837.01	1794.83	5139.01
2837.01	1794.83	5139.01
1897.82	878.42	2331.8
1897.82	878.42	2331.8
-2971.33	617.521	3184.3
-3106.32	439.207	3360.49
-3106.32	439.207	3360.49
-2917.76	1744.1	3332.51
-2987.33	572.538	3400.45
-2818.62	877.421	3239.88
-2680.21	973.961	3101.23
-2848.95	556.99	3418.71
-2912.61	1518.81	3570.37
-2796.16	419.708	3407.01
-2927.8	1580.52	3733.94
-2876	479.734	3631.87
-2613.31	1067.41	3334.18
-2613.31	1067.41	3334.18
-2505.56	2089.5	3681.46
-2505.56	2089.5	3681.46
-2651.96	-618.724	6642.26
-2664	-4503.6	10262.8
-2664	-4503.6	10262.8
-42.8351	2225.56	3937.62
-42.8351	2225.56	3937.62
-33.8436	1524.16	4619.42
-26.9515	819.08	5333.86
10.7418	1507.21	4571.72
-17.8489	96.7019	6098.38
-4.396	-637.242	6769.68
-4.396	-637.242	6769.68
2193.43	-6282.93	10729
2813.91	200.957	6633.21
2827.99	1789.07	5122.15
2827.99	1789.07	5122.15
2850.36	2605.4	4406.42
2850.36	2605.4	4406.42
-3084.1	435.916	3337.99
-3084.1	435.916	3337.99
-2744.42	972.139	3020.51
-2891.89	1730.45	3304
-2865.06	756.256	3241.12
-2865.06	756.256	3241.12
-2832.9	881.727	3255.57
-2916.62	1522.15	3576.17
-2885.25	1040.56	3599.34
-2917.24	552.512	3623.87
-2937.29	1589.08	3744.57
-2994.28	499.187	3777.32
-2581.68	1055.36	3294.32
-2886.41	507.351	3931.64
-2848.65	936.626	3996.59
-2481.77	2070.02	3646.99
-2481.77	2070.02	3646.99
-3077.96	1216.58	4589.55
-2515.87	96.0961	5644.47
-2515.87	96.0961	5644.47
-2636.57	-1345.03	7289.27
-2606.22	-2083.01	7920.93
-2606.22	-2083.01	7920.93
-2402.56	-5615.76	10552.5
-2402.56	-5615.76	10552.5
-42.8679	2225.51	3937.82
-42.8679	2225.51	3937.82
-33.9817	1525.48	4624.13
-4.5675	-638.224	6784.76
2138.44	-6126.95	10458.1
2754.44	-4654.25	10806.7
2754.44	-4654.25	10806.7
2828.83	1789.59	5124
2859.7	2613.87	4420.94
2859.7	2613.87	4420.94
1948.43	827.021	2245.92
-3102.79	437.765	3356.76
-3102.79	437.765	3356.76
-2757.78	977.461	3038.73
-2882.89	760.888	3261.09
-2855.97	811.292	3253.77
-2836.68	883.005	3260.61
-2912.52	1519.75	3570.82
-2977.85	1068.59	3707.3
-2921.23	553.641	3628.79
-2908.85	1573.28	3710.06
-2947.04	491.146	3718.21
-2556.59	1046.85	3263.76
-2940.22	517.105	4004.67
-2488.16	2075.11	3655.53
-2488.16	2075.11	3655.53
-3039.13	1202.67	4533.3
-2613.31	-609.711	6547.78
-2642.66	-2111.65	8028.78
-2636.99	-4460.04	10164
-2636.99	-4460.04	10164
-2624.76	-6130.78	11521.2
-2624.76	-6130.78	11521.2
-1547.58	-5763.24	10846.4
-1547.58	-5763.24	10846.4
-42.7936	2226.6	3939.13
-42.7936	2226.6	3939.13
-33.7795	1524.46	4621.23
9.82379	1491.75	4529.39
4.60486	-1418.9	7634.36
4.60486	-1418.9	7634.36
2158.7	-6182.17	10554.4
2752.73	-4653.98	10806.7
2836.31	1794.56	5137.82
2843.57	2599.1	4395.12
2843.57	2599.1	4395.12
8639.25	-2632.59	10051.7
-3099.43	438.133	3353.69
-3099.43	438.133	3353.69
-2825.46	1001.11	3107.88
-2896.13	1732.44	3308.67
-2858.06	754.393	3233.08
-2813.52	875.463	3234.08
-2804.83	785.595	3256.67
-2658.28	1105.1	3131.68
-2917.33	1603.64	3491.16
-2848.78	557.728	3419.73
-2848.78	557.728	3419.73
-2908.32	1515.79	3564.63
-2930.35	488.339	3698.72
-2575.82	1054.13	3287.9
-2986.12	525.345	4067.87
-2518.56	2099.65	3699.2
-2518.56	2099.65	3699.2
-3050.85	1206.32	4549.36
-2506.43	95.8663	5620.65
-2606.8	-1330.47	7212.29
-2606.8	-1330.47	7212.29
-2660.5	-2125.17	8082.81
-42.7646	2225.72	3938.1
-42.7646	2225.72	3938.1
-33.8531	1523.5	4619.93
-26.6138	816.806	5318.71
9.97345	1516.05	4592.05
-4.41052	-637.659	6776.26
-4.41052	-637.659	6776.26
4.44824	-1422.72	7656.07
2174.74	-6233.4	10642.4
2835.08	1793.77	5135.67
-3119.22	440.002	3374.57
-3384.27	537.544	3686.68
-2774.44	983.147	3053.37
-2872.5	758.171	3249.46
-2841.36	884.026	3265.57
-2806.27	786.122	3258.24
-2927.53	1525.06	3587.66
-2818.36	1016.52	3515.38
-2915.78	552.773	3622.84
-2899.67	1567.96	3699
-2971.38	494.837	3749.41
-2504.26	2087.89	3678.41
-2504.26	2087.89	3678.41
-3076.16	1217.2	4585.09
-2617.67	-6114.17	11491.6
-2617.67	-6114.17	11491.6
-147.103	-1016.56	1923.45
-147.103	-1016.56	1923.45
-42.8474	2227.07	3939.83
-42.8474	2227.07	3939.83
-33.6909	1523.1	4618.36
-26.6586	816.84	5320.08
10.3542	1518.14	4596.71
-17.869	96.9272	6101.16
-17.869	96.9272	6101.16
-4.3728	-636.606	6763.98
-4.3728	-636.606	6763.98
4.78931	-1422.42	7653.12
2081.87	-5950.9	10157.5
2829.57	1790.38	5125.7
2829.57	1790.38	5125.7
2854.03	2608.34	4412.39
2854.03	2608.34	4412.39
-3079.48	435.754	3332.67
-3079.48	435.754	3332.67
-2884.85	1726.31	3295.82
-2806.59	801.014	3204
-2988.39	572.493	3400.64
-2841.85	883.779	3265.44
-2647.63	964.585	3067.01
-2727.19	272.612	3282.15
-2918.95	1521.35	3577.42
-2889.43	1562.49	3686.79
-2887.05	481.926	3645.69
-2597.09	1061.91	3314.34
-2597.09	1061.91	3314.34
-2501.54	2086.47	3675.24
-2501.54	2086.47	3675.24
-3068.58	1213.41	4575.06
-2653.1	-618.783	6643.54
-2654.03	-2118.69	8058.52
-2654.03	-2118.69	8058.52
-2641.3	-6174.38	11601.1
-42.8788	2224.46	3934.9
-42.8788	2224.46	3934.9
-33.795	1524.38	4622.2
-26.6769	816.433	5319.73
10.9761	1508.18	4574.94
-17.9613	97.1301	6110.7
-17.9613	97.1301	6110.7
-4.20642	-635.052	6750.82
4.5177	-1423.49	7657.52
2146.26	-6141.26	10484.1
2836.81	1794.83	5138.91
2836.81	1794.83	5138.91
2862.87	2616.42	4425.86
2862.87	2616.42	4425.86
-3115.11	440.287	3370.35
-3115.11	440.287	3370.35
-2916.7	1745.24	3332.38
-2875.23	758.409	3252.57
-2839.6	883.45	3263.54
-2788.56	781.246	3238.21
-2808.23	1162.44	3300.08
-2938.58	1531.49	3601.41
-2852.41	427.956	3474.31
-2893.69	1566.15	3692.54
-2954.81	493.115	3729.75
-2601.98	1062.66	3319.61
-2601.98	1062.66	3319.61
-2894.47	952.99	4060.8
-2500.74	2085.49	3673.94
-2500.74	2085.49	3673.94
-3047.99	1205.76	4544.8
-2630.59	-613.785	6588.83
-2715.3	-4589.7	10458.9
-2715.3	-4589.7	10458.9
-26.4623	815.208	5308.58
-26.4623	815.208	5308.58
9.89349	1492.77	4529.81
-17.9327	96.7179	6104.01
4.32886	-1424.95	7665.54
4.32886	-1424.95	7665.54
2173.64	-6220.58	10615.7
420.579	-698.011	1472.84
2839.67	1797.06	5144.63
2839.67	1797.06	5144.63
2835.45	2591.02	4382.39
2835.45	2591.02	4382.39
-3120.82	442.147	3376.93
-3120.82	442.147	3376.93
-2752.36	974.864	3029.57
-2855.05	753.672	3230.15
-2855.05	753.672	3230.15
-2625.82	955.986	3040.98
-2672.24	1112.74	3150.7
-2662.17	951.52	3137.56
-2857.74	558.725	3428.4
-2935.53	1528.51	3596.81
-2931.99	555.296	3641.89
-2908.54	1579.5	3710.72
-2706.62	500.001	3591.65
-2760.42	484.022	3765.85
-2496.82	2082.25	3668.26
-2496.82	2082.25	3668.26
-3058.52	1209.8	4560.12
-2560.2	97.8709	5740.4
-2560.2	97.8709	5740.4
-2692.52	-4550.99	10372.8
-2573.45	-6014.69	11301.8
-1416.84	-5295.65	9965.77
-145.473	-1005.31	1902.01
-42.7726	2223.87	3933.69
-42.7726	2223.87	3933.69
-33.8272	1524.41	4621.23
-26.698	816.286	5318.04
-18.0133	96.761	6108.06
-18.0133	96.761	6108.06
-4.42285	-637.774	6777.5
2148.17	-6149.02	10497.6
2830.7	1791.1	5127.85
2830.7	1791.1	5127.85
2849.67	2604.39	4405.77
2849.67	2604.39	4405.77
-3090.94	436.196	3344.45
-3283.44	523.311	3579.05
-2769.05	980.286	3047.7
-2855.47	753.669	3230.66
-2832.07	881.709	3255.36
-2800.32	784.291	3251.12
-2681.36	1115.48	3158.94
-2953.71	1538.13	3619.03
-2869.08	1555.31	3661.53
-2941.45	490.545	3711.35
-2578.82	1055.53	3291.66
-2833.03	496.369	3862.97
-2495.33	2080.9	3665.58
-2495.33	2080.9	3665.58
-2654.24	-618.823	6648.25
-2654.24	-618.823	6648.25
-2560.31	-2046.25	7783.02
-2687.75	-4546.27	10361
-2687.75	-4546.27	10361
-2418.2	-5655.79	10624.6
-2418.2	-5655.79	10624.6
-1496.83	-5586.6	10514.4
-1496.83	-5586.6	10514.4
-42.7744	2225.61	3937.48
-42.7744	2225.61	3937.48
-33.7833	1524.59	4620.93
10.0116	1509.97	4584.01
-4.62427	-638.595	6785.5
-4.62427	-638.595	6785.5
2135.79	-6108.88	10429.7
2829.76	1790.6	5126.48
2829.76	1790.6	5126.48
2843.21	2598.62	4395.23
2843.21	2598.62	4395.23
-2995.49	622.266	3209.92
-3103.74	439.531	3358.99
-3467.04	550.815	3773.95
-2771.96	981.637	3049.22
-2869.02	1717.7	3278.26
-2797.47	796.515	3190.64
-2822.62	878.105	3244.05
-2918.81	1521.58	3577.41
-2881.62	1563.27	3677.45
-2966.94	494.353	3743.68
-2593.9	1061.08	3311.01
-2593.9	1061.08	3311.01
-2979.89	524.728	4060.68
-2509.7	2093.08	3686.58
-2509.7	2093.08	3686.58
-3049.71	1205.89	4546.66
-2638.47	-2107.93	8013.67
-2638.47	-2107.93	8013.67
-2645.11	-6176.17	11607.2
-33.8989	1525.52	4624.09
-26.5994	817.973	5326.98
-18.1611	97.232	6111.24
-4.26184	-636.19	6758.05
2130.01	-6095.7	10406
2770.57	-4680.76	10869.5
2770.57	-4680.76	10869.5
2826.06	1788.4	5119.36
2826.06	1788.4	5119.36
2858.33	2613.04	4420.27
2858.33	2613.04	4420.27
-3113.26	439.672	3368.64
-3113.26	439.672	3368.64
-2905.54	1738.24	3318.61
-2872.92	758.356	3249.6
-2826.39	1094.57	3235.1
-2979.79	571.25	3391.39
-2644.14	962.681	3062.04
-2786.29	1155.81	3277.74
-2632.32	940.613	3102.11
-2878.74	563.349	3454.26
-2929.06	1527.51	3590.48
-2915.55	1581.94	3719.43
-2959.34	494.064	3735.48
-2857.11	502.075	3895.29
-2903.83	955.226	4070.91
-2481.8	2070.07	3647.23
-2481.8	2070.07	3647.23
-3066.7	1212.42	4572.27
-2661.73	-1357.56	7358.69
-2661.73	-1357.56	7358.69
-2620.21	-2093.57	7961.76
-2620.21	-2093.57	7961.76
-33.8071	1524.52	4620.58
-26.8475	818.232	5328.8
11.8889	1497.29	4541.11
-18.0774	96.8947	6101.03
-4.42688	-636.181	6758.84
2190.47	-6268.14	10702.6
2829.26	1789.95	5124.93
2829.26	1789.95	5124.93
2850.4	2605.19	4406.49
2850.4	2605.19	4406.49
-3117.03	441.514	3371.99
-3002.14	284.532	3357.12
-2858.45	1710.84	3266.38
-2867.56	756.906	3243.6
-2816.12	1090.33	3221.7
-2952.85	629.513	3359.66
-2681.53	974.781	3103.28
-2580.47	924.342	3044.74
-2873.33	561.671	3447.52
-2909.79	551.217	3615.18
-2905.6	1577.41	3706.76
-2943.05	491.969	3718.75
-2598.76	1062.59	3315.93
-2852.53	498.772	3890.4
-2504.84	2088.85	3679.85
-2504.84	2088.85	3679.85
-3041.73	1203.38	4536.84
-2645.5	-6170.13	11595.6
-33.8268	1524.62	4622.97
-26.7386	817.398	5324.22
11.704	1510.62	4574.25
-18.155	97.1742	6115.44
-18.155	97.1742	6115.44
-4.33972	-636.56	6767.04
-4.33972	-636.56	6767.04
2165.12	-6197.54	10579.8
2825.95	1788	5118.34
2825.95	1788	5118.34
2846.38	2601.94	4400.25
2846.38	2601.94	4400.25
