-95.7289	12.8342	101.13
-96.0239	13.6414	103.931
-88.2095	31.2642	97.059
-91.8688	19.5726	104.511
-91.9902	55.0259	105.111
-87.0949	33.7953	99.7758
-88.3865	27.524	101.544
-81.6657	57.6384	94.1999
-87.1216	24.4158	101.201
-92.873	48.8276	111.643
-92.873	48.8276	111.643
-90.3207	17.0993	112.226
-80.8145	33.0527	103.165
-80.8145	33.0527	103.165
-87.0916	16.0994	115.521
-88.835	15.6638	121.125
-78.0523	65.0937	114.702
-95.1699	37.619	141.904
-77.818	44.6094	134.348
-77.818	44.6094	134.348
-75.954	2.91945	170.347
-74.9294	-17.4868	187.945
-1.25051	64.8756	114.812
-0.979644	43.841	132.999
-0.500353	2.7314	171.437
-0.0859703	-17.7297	188.43
0.306806	43.9921	133.252
72.0821	5.15458	169.994
72.0821	5.15458	169.994
72.5559	66.3111	112.182
79.3456	46.4026	81.2491
-96.2801	12.9246	101.713
-88.4814	31.3585	97.3557
-89.334	23.5686	101.079
-89.334	23.5686	101.079
-93.5796	13.6968	106.454
-92.7968	55.5213	106.019
-81.9514	29.8664	94.9547
-85.8594	22.8974	99.6679
-91.5574	48.1356	110.094
-87.317	8.78784	105.021
-90.6581	47.5798	111.265
-90.3673	17.1129	112.269
-80.8229	33.0524	103.167
-80.8229	33.0524	103.167
-89.6827	15.8178	122.227
-78.6613	65.6149	115.613
-95.1188	37.5929	141.833
-77.7502	44.5711	134.253
-77.7502	44.5711	134.253
-74.9075	-17.4883	187.95
-74.9075	-17.4883	187.95
-16.5901	-61.1004	115.022
-0.0872497	-17.711	188.348
-0.0872497	-17.711	188.348
72.2299	5.16079	170.338
71.6994	25.4346	149.66
71.6994	25.4346	149.66
72.8496	46.1032	131.988
72.8496	46.1032	131.988
72.7615	66.5084	112.502
78.0885	45.644	79.9178
-96.5875	13.7191	104.526
-90.0517	31.8997	99.0079
-89.3239	23.5765	101.067
-93.4093	13.6555	106.244
-92.2815	55.2179	105.44
-90.1997	34.95	103.212
-87.6188	27.2965	100.679
-80.9076	57.0986	93.3349
-85.7516	8.62246	103.148
-91.2734	47.9134	112.014
-79.6404	32.5509	101.659
-79.6404	32.5509	101.659
-88.363	48.653	112.901
-87.5725	15.4107	119.393
-90.5445	30.3182	126.576
-78.7274	65.646	115.652
-78.7274	65.646	115.652
-95.6054	37.7861	142.547
-78.0383	44.7315	134.73
-78.0383	44.7315	134.73
-74.2124	-17.3259	186.216
-74.2124	-17.3259	186.216
-1.24209	64.6993	114.507
-0.978088	43.8297	132.921
-0.503491	2.7312	171.62
-0.0967958	-17.7402	188.527
71.7516	5.13049	169.17
71.7516	5.13049	169.17
71.3757	25.3195	148.953
71.3757	25.3195	148.953
72.3162	66.087	111.805
78.7709	46.0741	80.6692
-96.5196	13.707	104.465
-90.5245	32.0578	99.5239
-87.6263	8.01702	97.7091
-89.0101	23.4797	100.699
-92.4306	55.3115	105.606
-88.2646	34.2327	101.071
-87.9436	27.3929	101.051
-81.1147	55.0862	94.2767
-83.9558	34.8965	98.9002
-90.1387	17.6394	108.165
-83.3581	8.40467	100.386
-91.0445	47.7547	111.722
-90.093	17.0722	111.945
-81.3926	33.2539	103.834
-81.3917	15.0663	108.117
-78.4429	65.4184	115.271
-95.6336	37.7974	142.598
-77.8771	44.6378	134.451
-77.8771	44.6378	134.451
-77.6636	23.8443	153.74
-74.4885	-17.3967	186.943
-74.4885	-17.3967	186.943
-17.2736	-63.3406	119.241
-1.24622	64.785	114.665
-0.108751	-17.7721	189.008
-0.108751	-17.7721	189.008
0.211586	45.2145	137.063
72.138	5.1591	170.135
72.138	5.1591	170.135
72.0483	25.5648	150.408
72.5659	66.3227	112.203
77.4717	45.2862	79.2887
-96.195	12.8946	101.626
-95.4649	13.5609	103.341
-89.1738	31.5899	98.061
-89.5363	23.6186	101.305
-91.517	54.7552	104.574
-85.8252	33.3056	98.3362
-88.385	27.5128	101.539
-81.3111	57.4194	93.8178
-91.3847	52.3516	108.159
-89.5613	17.5232	107.485
-87.2285	8.79745	104.925
-88.1057	41.9371	106.828
-79.9565	32.7039	102.092
-88.3209	48.6056	112.851
-84.3873	15.6117	111.995
-90.3341	30.1969	126.236
-79.0801	65.9366	116.174
-77.4455	44.3907	133.719
-77.4455	44.3907	133.719
-75.2312	2.89518	168.732
-74.6989	-17.4345	187.357
-0.500574	2.73478	171.672
-0.0928339	-17.7209	188.442
0.225	45.062	136.648
71.9512	5.14119	169.655
71.9512	5.14119	169.655
72.0828	25.5761	150.495
72.6432	66.4041	112.34
77.9244	45.566	79.7852
-88.3966	31.3346	97.2776
-88.548	8.16891	98.7895
-89.3337	23.5639	101.071
-92.6055	13.5478	105.369
-92.2489	55.161	105.395
-85.3347	33.1375	97.8121
-87.9677	27.3851	101.053
-81.0944	57.2606	93.5542
-87.3959	24.4797	101.493
-92.2857	48.5309	110.95
-92.2857	48.5309	110.95
-85.2947	8.59805	102.689
-81.4019	33.2868	103.891
-81.4019	33.2868	103.891
-86.9363	15.3647	118.573
-91.9295	30.7255	128.466
-78.7244	65.6509	115.653
-95.7877	37.8582	142.797
-77.97	44.6951	134.627
-77.97	44.6951	134.627
-74.585	-17.4159	187.145
-74.585	-17.4159	187.145
-16.7719	-61.6831	116.132
-0.495612	2.72635	171.463
0.191306	45.0769	136.67
71.6862	25.4316	149.637
72.9343	46.1558	132.139
72.9343	46.1558	132.139
72.6862	66.4429	112.417
78.4742	45.8905	80.354
-96.4602	12.9398	101.923
-96.9201	13.7713	104.871
-92.7844	18.5606	102.807
-88.5274	37.2539	100.433
-91.6506	54.8315	104.726
-89.8154	34.8078	102.79
-88.358	27.5198	101.532
-80.9166	57.1199	93.3437
-80.9166	57.1199	93.3437
-87.2399	31.1795	102.742
-91.6125	48.1688	110.158
-90.7053	47.563	111.297
-88.1528	13.8522	112.427
-84.0265	42.9139	113.694
-87.5149	15.3722	119.285
-90.9857	30.414	127.155
-78.7331	65.6596	115.682
-96.2504	38.0389	143.466
-77.1488	44.2341	133.233
-77.1488	44.2341	133.233
-74.6827	-17.4332	187.313
-74.6827	-17.4332	187.313
-1.24248	64.6526	114.456
-0.978599	43.8377	132.967
-0.490975	2.72672	171.384
0.305962	44.0526	133.527
71.8427	5.13444	169.428
71.8427	5.13444	169.428
71.2828	25.2822	148.743
71.2828	25.2822	148.743
72.9932	46.2021	132.256
72.9932	46.2021	132.256
72.4051	66.1713	111.947
78.379	45.8121	80.2161
-96.1601	12.877	101.588
-89.2608	29.2767	94.6056
-87.6951	8.02925	97.7874
-89.3119	23.5665	101.054
-89.3119	23.5665	101.054
-92.4606	55.3321	105.651
-80.612	56.9386	93.0451
-83.688	30.4936	96.9356
-92.6066	48.7319	111.358
-85.9981	8.6563	103.445
-91.902	48.2323	112.764
-79.8773	32.6171	101.945
-79.8773	32.6171	101.945
-89.2106	16.495	118.239
-91.5508	30.5996	127.946
-78.5319	65.4969	115.386
-95.6048	37.7865	142.523
-77.7766	44.5903	134.303
-77.7766	44.5903	134.303
-76.2859	2.93267	171.091
-74.7665	-17.449	187.526
-1.24818	64.8226	114.746
-0.747123	23.1937	151.115
-0.102545	-17.775	189.076
71.7645	5.1308	169.264
71.7645	5.1308	169.264
71.6911	25.4325	149.662
71.6911	25.4325	149.662
72.956	46.1773	132.178
72.956	46.1773	132.178
72.4636	66.2252	112.042
75.2333	43.9598	76.981
-96.5581	7.77337	103.451
-88.2252	31.283	97.0472
-87.6243	8.08025	97.7744
-81.4029	55.5654	90.2316
-90.6245	19.346	103.159
-87.6037	33.9693	100.358
-91.2546	54.6328	104.321
-87.2051	24.4396	101.291
-84.6321	57.4239	98.2654
-91.329	48.1217	109.883
-91.9913	48.2695	112.871
-80.636	32.9653	102.936
-80.636	32.9653	102.936
-84.3878	15.6056	111.989
-94.9138	37.5262	141.526
-76.934	44.1181	132.897
-76.934	44.1181	132.897
-10.2902	-185.624	318.031
-0.496386	2.73512	171.498
-0.107309	-17.6579	187.836
-0.747203	23.168	150.981
-0.747203	23.168	150.981
-0.980463	43.8339	132.913
-0.980463	43.8339	132.913
-1.25753	64.6412	114.42
-1.25753	64.6412	114.42
47.2881	-171.867	314.01
52.4485	-149.01	254.415
70.9467	-188.826	301.209
68.2852	-115.481	268.122
71.8995	25.503	150.17
71.8995	25.503	150.17
184.164	-161.503	307.492
187.58	-171.859	299.255
72.8699	66.6184	112.72
72.8699	66.6184	112.72
185.354	-143.717	272.804
191.147	-162.301	280.302
181.3	-64.4729	223.832
204.411	-91.5841	242.994
191.305	-66.3497	222.812
211.219	-89.2031	239.13
232.293	-64.7387	250.045
250.498	-95.1993	259.477
78.8163	46.0923	80.7134
-81.1762	55.392	89.9816
-86.8759	33.729	99.5858
-92.0712	55.0574	105.209
-87.9174	23.4565	102.043
-87.7367	24.5808	101.889
-91.7257	10.3498	107.081
-81.5809	58.0256	94.4187
-86.954	35.9474	102.146
-89.8941	47.4297	108.244
-90.4565	17.1335	112.425
-79.749	32.6119	101.821
-90.3331	49.8772	115.44
-91.1678	16.0917	124.1
-93.2413	36.8689	139.091
-76.8876	44.1033	132.83
-76.8876	44.1033	132.83
-75.4542	-38.5133	208.889
-73.3949	-58.6221	223.075
-5.57251	-179.808	308.271
0.516475	-57.6771	219.726
0.516475	-57.6771	219.726
-0.511327	2.74422	171.902
-0.511327	2.74422	171.902
-0.759821	23.2162	151.336
-0.759821	23.2162	151.336
-0.972708	43.7349	132.607
-0.972708	43.7349	132.607
-1.24503	64.7557	114.626
57.9957	-178.833	287.977
62.5	-159.038	303.231
70.3783	5.03145	165.852
70.3783	5.03145	165.852
71.7414	25.4455	149.741
71.7414	25.4455	149.741
73.0535	46.239	132.394
72.2775	66.0519	111.755
72.2775	66.0519	111.755
181.644	-140.922	267.373
175.204	-108.829	251.814
200.086	-141.454	262.656
206.036	-82.8885	264.149
206.036	-82.8885	264.149
205.68	-92.2177	244.537
204.348	-130.784	235.157
216.097	-91.1978	244.631
206.485	-57.5565	222.135
238.925	-90.8398	247.395
244.744	-81.2837	243.89
-98.3336	13.1849	103.831
-93.0122	13.6288	105.828
-90.9671	19.4118	103.536
-89.7641	25.5354	102.292
-86.0288	33.3863	98.6225
-92.1466	55.1144	105.312
-81.4739	29.7029	94.3954
-82.5615	58.7181	95.5461
-89.1216	17.4473	106.969
-92.2285	48.6247	110.98
-80.881	15.0053	107.57
-95.8234	37.8754	142.923
-78.374	44.9278	135.321
-78.374	44.9278	135.321
-75.3493	23.167	149.28
-75.3493	23.167	149.28
-76.3782	-17.8246	191.571
-46.9431	-182.697	302.119
0.514066	-57.8872	220.547
-0.528016	2.75137	172.505
-0.528016	2.75137	172.505
-0.967304	43.7023	132.504
-0.967304	43.7023	132.504
53.9506	-153.576	262.195
61.5342	-156.444	298.233
72.5208	25.7325	151.474
72.5208	25.7325	151.474
72.3197	45.7636	131.04
72.3197	45.7636	131.04
182.213	-166.95	290.697
72.6803	66.4352	112.418
72.6803	66.4352	112.418
183.553	-142.373	270.118
182.034	-154.45	266.742
175.003	-108.674	251.541
193.391	-77.6295	247.682
204.793	-91.6676	243.34
205.087	-71.7078	239.58
198.086	-126.645	227.768
204.199	-63.8781	226.213
206.124	-108.024	222.691
203.784	-56.8242	219.251
235.329	-89.4479	243.715
-95.6321	12.8102	101.048
-95.6321	12.8102	101.048
-88.5945	29.0927	93.8866
-82.9117	28.295	93.3823
-91.7808	54.9248	104.907
-89.4372	26.4199	104.003
-89.4372	26.4199	104.003
-89.445	60.5082	103.608
-80.8187	57.543	93.6115
-89.4585	17.5357	107.388
-90.8325	47.6186	111.444
-87.3061	31.5609	108.976
-79.6739	32.6319	101.754
-83.5092	15.5048	111.064
-92.1275	16.1257	125.45
-78.1433	44.7968	134.925
-78.1433	44.7968	134.925
-76.4186	23.4723	151.271
-76.4186	23.4723	151.271
-76.7491	-17.8979	192.402
-76.7491	-17.8979	192.402
-78.0174	-107.596	276.917
-9.66631	-172.685	295.943
-0.976022	43.7726	132.722
-1.2356	64.5885	114.322
0.225054	44.7717	135.78
55.8963	-169.404	285.72
53.9131	-153.479	262.134
71.34	-15.4872	187.051
71.1728	25.2396	148.562
71.1728	25.2396	148.562
72.6871	45.9953	131.696
72.6871	45.9953	131.696
72.7694	66.5148	112.548
185.688	-144.076	273.359
171.293	-106.336	246.143
176.676	-114.432	245.624
201.264	-142.347	264.276
212.747	-74.3575	248.489
186.79	-56.7774	217.056
198.304	-126.699	227.932
184.146	-57.5582	203.815
198.866	-55.4623	213.978
-94.401	7.49835	101.129
-87.154	8.0489	97.2818
-84.9735	57.9045	94.0159
-89.508	23.6242	101.258
-89.508	23.6242	101.258
-85.9496	33.3977	98.5699
-91.2717	54.5925	104.311
-86.1352	42.5987	98.7295
-83.8534	59.6458	97.0413
-85.9764	35.6926	101.222
-88.8576	17.3966	106.67
-83.9301	8.39975	101.04
-92.8095	48.9161	111.665
-93.1457	42.3129	113.528
-90.5152	47.4717	111.08
-81.1291	15.0257	107.764
-88.8315	45.4281	120.121
-78.5797	65.5295	115.465
-95.1786	37.6317	141.915
-77.9828	44.7158	134.655
-77.9828	44.7158	134.655
-76.8822	23.6159	152.225
-76.8822	23.6159	152.225
-0.109829	-17.7548	188.894
-0.514431	2.74602	172.171
-0.754182	23.2131	151.269
-0.754182	23.2131	151.269
-0.974419	43.7453	132.659
-0.974419	43.7453	132.659
-1.24194	64.6213	114.355
56.514	-171.292	288.887
63.228	-160.862	306.725
71.2272	25.2553	148.679
71.2272	25.2553	148.679
72.282	45.7315	130.938
72.282	45.7315	130.938
174.907	-153.611	292.093
72.5995	66.366	112.296
72.5995	66.366	112.296
185.734	-157.755	272.324
174.105	-108.102	250.211
181.011	-117.224	251.759
195.867	-138.458	257.106
180.668	-64.2049	222.953
204.135	-71.2595	238.29
199.773	-104.653	215.724
202.272	-56.4237	217.667
266.698	-101.455	276.462
240.213	-79.7051	239.31
-97.4433	13.041	102.924
-97.4433	13.041	102.924
-88.1795	31.2621	97.0504
-89.2744	23.5525	101.005
-88.9934	34.5368	101.978
-90.819	54.3452	103.823
-87.2879	43.2546	100.167
-85.6828	22.9021	99.5457
-81.299	57.8365	94.1212
-86.5391	58.7126	100.467
-86.8126	8.69245	104.372
-89.2433	17.4856	107.104
-91.6417	48.257	110.256
-90.331	47.3718	110.844
-84.6501	13.2979	107.977
-78.5169	32.1508	100.297
-96.452	32.3035	134.631
-76.9285	44.1284	132.919
-76.9285	44.1284	132.919
-74.9785	-81.4588	246.613
0.521299	-57.6202	219.523
0.521299	-57.6202	219.523
-0.119921	-17.8448	189.833
-0.523847	2.75404	172.498
-0.752376	23.2455	151.45
-0.752376	23.2455	151.45
-0.977769	43.7905	132.749
-1.23664	64.6522	114.383
0.359037	43.2968	131.213
59.5707	-183.195	295.192
59.5707	-183.195	295.192
73.7845	-147.663	304.574
70.8531	-15.388	185.774
72.4969	25.7157	151.351
72.4969	25.7157	151.351
72.8355	46.0941	132.006
72.8355	46.0941	132.006
170.478	-149.951	284.767
180.886	-140.306	266.202
191.944	-162.893	281.563
72.6425	66.4019	112.363
170.768	-106.079	245.31
183.705	-65.3824	226.874
209.113	-93.5238	248.553
195.867	-59.6848	228.024
200.851	-84.7343	227.203
195.491	-102.436	211.138
212.285	-59.1278	228.356
254.65	-84.6018	253.859
77.5472	45.3216	79.3233
-88.7164	29.1154	94.0118
-96.3154	13.7024	104.25
-96.0798	13.6649	104.006
-79.8571	54.5143	88.4531
-85.2047	29.0099	95.8072
-91.1302	19.4557	103.772
-91.1346	54.5325	104.18
-87.0781	43.1881	99.9854
-87.2829	24.4694	101.356
-82.6827	58.812	95.7085
-88.862	8.89497	106.814
-91.8048	48.1873	110.337
-88.9811	23.7902	109.779
-88.9811	23.7902	109.779
-90.2605	47.3371	110.766
-79.7493	32.6966	101.876
-85.7151	43.6887	115.917
-77.2906	44.3295	133.516
-77.2906	44.3295	133.516
-75.4791	-81.9815	248.227
0.505366	-58.4899	222.853
-0.514082	2.74762	171.828
-0.514082	2.74762	171.828
-0.76722	23.2432	151.447
-0.76722	23.2432	151.447
-0.968907	43.6935	132.468
-0.968907	43.6935	132.468
-1.23751	64.5167	114.164
-1.23751	64.5167	114.164
58.5135	-180.234	290.39
61.9395	-157.638	300.513
71.5355	25.3682	149.289
71.5355	25.3682	149.289
72.9929	46.1922	132.275
72.9929	46.1922	132.275
179.64	-139.376	264.374
170.503	-105.935	244.959
200.319	-141.656	263.009
192.796	-105.981	243.745
186.389	-66.3004	230.178
206.045	-62.7463	239.826
202.653	-85.4627	229.257
222.333	-62.0105	239.384
232.597	-88.4768	240.933
252.785	-84.1361	252.081
-87.5032	31.0114	96.31
-93.3819	18.6822	103.454
-84.3086	57.4695	93.3419
-89.3087	23.5641	101.056
-88.5976	34.3382	101.422
-92.9024	55.5326	106.129
-88.8395	17.3986	106.633
-91.4543	48.1114	109.989
-90.759	47.6117	111.364
-89.4809	16.9681	111.218
-79.0249	32.354	100.938
-88.8069	15.674	121.192
-78.4937	65.4732	115.361
-78.4937	65.4732	115.361
-77.4219	44.3924	133.709
-77.4219	44.3924	133.709
0.503323	-58.5321	222.949
-0.105018	-17.6547	187.751
-0.502427	2.73789	171.652
-0.76392	23.2422	151.441
-0.76392	23.2422	151.441
-0.984053	43.8302	132.894
-0.984053	43.8302	132.894
-1.24844	64.5813	114.265
-1.24844	64.5813	114.265
23.666	-170.377	305.611
62.763	-172.116	290.832
68.3137	-115.571	268.309
71.5897	25.3908	149.438
71.5897	25.3908	149.438
72.6763	45.9971	131.729
72.6763	45.9971	131.729
180.853	-140.18	266.045
181.082	-153.708	265.449
72.4634	66.2332	112.07
172.623	-107.34	248.019
183.558	-100.684	241.509
183.791	-65.3538	226.895
194.688	-59.3051	226.556
197.406	-83.1763	223.166
200.475	-105.094	216.587
203.027	-56.59	218.475
258.268	-98.282	267.748
234.106	-77.7193	233.188
76.1594	44.5229	77.9335
-97.907	13.1292	103.389
-93.9471	18.7958	104.07
-93.6668	13.7167	106.535
-91.8551	19.6001	104.53
-86.5329	33.5678	99.1632
-91.585	54.7575	104.665
-85.8581	42.5443	98.5483
-82.4927	58.6652	95.4496
-84.4817	57.3557	98.1446
-86.0139	35.6615	101.196
-89.3097	17.4977	107.181
-91.364	48.0862	109.896
-90.3202	47.4299	110.877
-86.3923	31.1436	107.727
-80.2369	12.6768	102.484
-78.9335	32.2667	100.783
-82.3921	15.2786	109.495
-86.6748	15.3618	118.193
-79.1692	66.0128	116.323
-78.208	44.8487	135.071
-78.208	44.8487	135.071
-75.6166	2.92387	169.576
-75.6166	2.92387	169.576
-75.3727	-17.6023	189.113
-75.3727	-17.6023	189.113
-0.0928944	-17.6046	187.211
-0.0928944	-17.6046	187.211
-0.752057	23.1985	151.151
-0.752057	23.1985	151.151
-1.24017	64.6962	114.431
0.327802	43.7019	132.461
61.7274	-156.562	298.439
70.3391	-35.6613	202.131
71.3836	25.3178	149.004
71.3836	25.3178	149.004
72.9491	46.1696	132.231
187.902	-145.775	276.596
72.3826	66.1528	111.944
171.055	-106.44	245.751
190.346	-123.4	264.817
218.457	-143.728	267.541
194.474	-69.2454	240.312
200.718	-70.146	234.402
208.065	-109.106	224.823
199.17	-55.4441	214.158
232.681	-88.4897	241.007
239.488	-79.6556	238.713
77.6666	45.4255	79.5079
-97.143	7.76582	104.077
-87.4924	31.0163	96.3243
-84.6098	57.698	93.6586
-89.4787	23.5836	101.231
-89.4787	23.5836	101.231
-93.7145	13.7273	106.621
-83.4777	30.3786	96.6084
-82.9902	59.0571	96.0654
-89.317	47.0243	107.484
-91.3261	47.9321	112.073
-80.8804	33.1133	103.276
-80.8804	33.1133	103.276
-87.2346	15.3624	118.984
-96.8044	32.4208	135.075
-95.1254	37.6107	141.895
-77.6231	44.5185	134.065
-77.6231	44.5185	134.065
-77.3956	23.7726	153.204
-77.3956	23.7726	153.204
-76.5612	2.94938	171.639
-76.5612	2.94938	171.639
-82.3209	-113.537	292.331
-82.3209	-113.537	292.331
1.07083	-173.462	291.869
-0.110845	-17.6872	188.024
-0.110845	-17.6872	188.024
-0.759659	23.2401	151.409
-0.759659	23.2401	151.409
-0.976633	43.758	132.695
-1.23914	64.6893	114.435
0.357914	43.0893	130.618
46.5341	-168.863	308.454
62.2819	-156.55	295.725
70.7092	-77.2965	240.608
72.5884	25.751	151.557
72.5884	25.751	151.557
72.8803	46.1178	132.077
178.446	-138.437	262.601
174.343	-108.409	250.507
187.215	-102.564	246.237
206.962	-135.589	253.039
184.436	-65.6123	227.734
204.165	-71.4076	238.528
200.007	-84.2401	226.107
196.583	-61.4495	217.618
204.553	-107.204	220.989
208.455	-58.1308	224.374
257.401	-97.9318	266.746
-88.9376	29.2115	94.2512
-97.1608	13.8364	105.171
-91.2804	8.50533	101.909
-81.6019	55.7165	90.5027
-84.726	41.9035	97.1296
-85.1153	22.728	98.8314
-87.9146	24.628	102.076
-80.5739	29.3859	93.3831
-87.2049	59.0786	101.143
-92.7936	50.7309	108.821
-89.1128	23.8378	109.932
-90.3799	47.3614	110.882
-78.669	32.2468	100.512
-78.669	32.2468	100.512
-78.1888	65.2286	114.923
-78.1888	65.2286	114.923
-94.0121	37.1787	140.234
-76.822	44.0743	132.737
-76.822	44.0743	132.737
-77.718	23.8844	153.975
-77.718	23.8844	153.975
-75.0537	2.88939	168.404
-73.6528	-58.8538	223.937
-73.4618	-79.8915	241.847
-9.43636	-172.455	295.608
-0.110298	-17.7265	188.475
-0.765792	23.2786	151.657
-0.976416	43.7353	132.604
-1.23819	64.7165	114.527
0.33111	42.8161	129.852
46.2235	-167.693	306.297
56.1325	-159.902	273.029
72.5222	5.1734	171.039
72.5222	5.1734	171.039
72.1811	25.6002	150.671
72.1811	25.6002	150.671
72.7335	46.0309	131.827
72.7335	46.0309	131.827
171.513	-150.51	286.217
72.7043	66.4488	112.448
173.67	-107.883	249.605
192.155	-124.602	267.587
202.095	-142.933	265.354
193.327	-68.8588	238.857
193.327	-68.8588	238.857
207.825	-136.534	254.307
208.693	-109.446	225.567
201.198	-58.2939	218.949
231.199	-76.7063	230.278
76.1534	44.4592	77.8541
-97.7868	13.1056	103.285
-93.0066	19.3393	99.7002
-88.3819	31.3118	97.2193
-89.5174	23.6235	101.297
-91.5144	54.7535	104.589
-81.0089	29.5765	93.944
-89.7496	10.1543	104.837
-83.4866	59.3811	96.608
-87.926	59.616	102.021
-92.8274	48.7838	111.582
-89.5321	47.0132	109.927
-90.1522	17.094	112.044
-80.5631	33.0017	102.888
-78.4043	65.3853	115.214
-96.4534	38.0942	143.816
-78.5249	45.0184	135.595
-78.5249	45.0184	135.595
-77.4192	23.78	153.319
-77.4192	23.78	153.319
-75.9946	2.9229	170.534
-75.9946	2.9229	170.534
-0.499465	2.74357	171.363
-0.499465	2.74357	171.363
-0.770576	23.2898	151.701
-0.770576	23.2898	151.701
-0.974267	43.7763	132.684
-1.25358	64.765	114.609
-1.25358	64.765	114.609
0.191293	43.7049	132.439
45.8536	-166.354	303.938
68.5185	-156.389	303.912
72.3711	45.7959	131.113
72.3711	45.7959	131.113
182.967	-141.904	269.252
72.5989	66.362	112.273
167.282	-103.905	240.336
199.736	-141.224	262.229
195.155	-106.677	256.504
182.67	-65.0455	225.605
182.67	-65.0455	225.605
201.852	-85.2167	228.412
203.133	-56.6512	218.643
241.749	-91.9959	250.487
239.465	-79.5305	238.551
