-3801.83	824.761	3939.49
-3976.84	533.054	4200.6
-3147.37	2147.41	3488.67
-3402.99	1162.05	3834.09
-3602.26	951.026	4075.41
-3801.22	556.531	4325.24
-3496.77	2090.91	3995.6
-3371.1	2285.33	3910.97
-3307.82	1186.32	3904.65
-3512.91	1851.37	4227.17
-3450.96	1810	4235.5
-3549.7	949.235	4378.63
-3635.93	688.642	4517.7
-3453.33	1242.72	4303.3
-3518.67	650.709	4676.06
-2910.71	2427.5	4277.2
-2910.71	2427.5	4277.2
-2905.28	1666.2	5017.76
-2905.28	1666.2	5017.76
-2896.66	889.858	5737.95
-2967.46	-693.493	7441.08
-2937.14	-2344.76	8925.23
-3042.92	-4209.13	10833.7
-46.8409	2437.67	4314.17
-37.0547	1667.7	5056.88
-37.0547	1667.7	5056.88
-29.2084	896.224	5840.08
-29.2084	896.224	5840.08
2597.68	-7977.22	12856.4
2597.68	-7977.22	12856.4
2623.12	-7484.95	12781.6
2826.17	200.907	6663.61
2818.37	999.657	5884.52
2818.37	999.657	5884.52
2828.16	1790.11	5124.79
2793.79	2553.82	4319.59
2793.79	2553.82	4319.59
8370.55	-6486.39	12318.2
9101.73	-6435.47	11948
7948.32	-4345.48	10446.3
8189.44	-2916.87	10118.6
8189.44	-2916.87	10118.6
9590.4	-5832.49	11625.7
8925.39	-3999.18	10610
9423.09	-6025.21	10837.8
9127.41	-4783.57	9860.54
10394.7	-3951.28	10763.2
3093.57	1807.83	3165.58
-3843.83	757.916	4011.33
-3712.18	952.031	3916.54
-3956.39	530.139	4179.94
-3956.39	530.139	4179.94
-3584.37	1175.87	3799.23
-3217.63	2195.06	3566.77
-3515.5	2101.01	4016.58
-3302.65	1203.62	3826.71
-3636.2	712.283	4364.63
-3636.2	712.283	4364.63
-3534.1	1592.32	4289.28
-3484.04	1827.27	4275.26
-3225.05	1318.89	4116.43
-2934.28	2447.26	4311.19
-2934.28	2447.26	4311.19
-2923.4	1675.92	5047.2
-2923.4	1675.92	5047.2
-2912.32	894.705	5767.86
-2912.32	894.705	5767.86
-2937.75	-2346	8929.3
-2940.46	-4978.7	11346.4
-46.8647	2440.27	4318.14
-37.174	1669.2	5060.92
-37.174	1669.2	5060.92
-29.1756	895.068	5831.69
-29.1756	895.068	5831.69
-4.4548	-699.706	7438.11
-4.4548	-699.706	7438.11
2568.75	-7329.08	12514.6
2832.12	201.293	6677.95
2832.12	201.293	6677.95
2843.19	1008.67	5938.06
2843.19	1008.67	5938.06
2797.39	2557.69	4326.09
7991.86	-6196.6	11760.8
9116.04	-6445.92	11968
8597.57	-4701.16	11299.4
8103.05	-2884.07	10009.1
8103.05	-2884.07	10009.1
10169.7	-6190.01	12334.1
9410.62	-6019.69	10826.5
10009.6	-3137.89	11102.2
10009.6	-3137.89	11102.2
8938.96	-4683.7	9653
3084.09	1802.54	3156.02
-3810.84	826.893	3948.41
-3869.46	762.515	4036.64
-4004.47	537.107	4229.55
-3591.7	1177.91	3806.9
-3950.02	560.647	4274.42
-3508.22	1242.82	3859.74
-3174.75	2165.8	3519.88
-3538.43	2114.21	4041.56
-3183.53	2262.05	3682.15
-3492.45	1999.83	4133.2
-3595.03	704.184	4314.98
-3494.38	1833.49	4287.75
-3546.04	948.353	4374.47
-3475.51	1256.17	4337.88
-3149.8	1288.65	4022.87
-3314.27	614.146	4397.76
-2924.19	2437.84	4295.94
-2924.19	2437.84	4295.94
-2921.05	1674.78	5044.43
-2921.05	1674.78	5044.43
-2908.55	893.597	5761.43
-2976.4	-695.48	7464.56
-2976.4	-695.48	7464.56
-3015.04	-3276.94	9921.07
-47.1272	2445.4	4327.94
-36.9027	1666.39	5052.5
-3.98821	-698.05	7422.93
12.2326	1626.52	4930.93
2822.92	200.73	6657.69
2822.92	200.73	6657.69
2831.05	1004.48	5912.69
2831.05	1004.48	5912.69
2826.88	1789.06	5122.3
2790.35	2550.79	4314.53
7962.91	-6173.99	11717.3
9014.39	-4728.14	12435.8
9145.35	-6466.96	12005.7
8018.24	-2853.23	9902.63
8018.24	-2853.23	9902.63
9956.8	-6059.53	12073.8
8943.98	-4007.09	10632.5
9014.69	-5764.42	10366.8
8201.02	-2294.36	9073.56
8733.43	-4573.85	9429.55
3099.99	1811.28	3171.33
-4099.17	287.389	4224.44
-3812.16	827.225	3950.8
-3848.63	758.674	4015.77
-3924.82	557.808	4249.32
-3497.5	1190.27	3931.98
-3504.99	2095.3	4004.54
-3163.08	2248.41	3660.04
-3347.7	1219.3	3877.15
-3304.84	2240.97	3835.2
-3451.85	1890.38	4062.08
-3568.24	698.891	4283.27
-3579.61	1883.61	4303.83
-3499.92	354.243	4215.04
-3472.23	1821.42	4261.27
-3633.4	688.271	4514.61
-3196.63	1307.71	4080.98
-3196.63	1307.71	4080.98
-2934.01	2446.51	4310.75
-2934.01	2446.51	4310.75
-2911.92	1669.57	5028.53
-2911.92	1669.57	5028.53
-2915.59	895.604	5774.49
-2938.23	-2346.89	8933.26
-2976.52	-5041.85	11488.2
-47.0221	2441.09	4320.3
-37.1498	1668.93	5060.97
-4.24909	-698.866	7429.27
2854.94	203.087	6734.17
2854.94	203.087	6734.17
2843.6	1008.75	5938.21
2843.6	1008.75	5938.21
2805.08	2564.64	4337.74
2805.08	2564.64	4337.74
8115.41	-6294.35	11945.4
7182.01	-4466.77	10323.6
9093.16	-6431.52	11938.9
8090.61	-2878.04	9992.32
8090.61	-2878.04	9992.32
9892.26	-6019.74	11995.3
8949.59	-4010.32	10639.2
9305.32	-5951.57	10704.1
9216.08	-2884.38	10209.3
9037.2	-4732.93	9757.34
3068.08	1792.83	3139.41
-3824.62	754.351	3991.62
-3670.68	940.738	3872.24
-3959.36	530.647	4181.81
-3929.53	558.359	4252.92
-3233.64	2204.62	3582.09
-3518.77	2104.29	4020.68
-3433.05	1333.17	3936.09
-3176.75	2258.62	3676.57
-3379.11	1230.6	3912.61
-3596.1	704.017	4315.5
-3564.21	1878.51	4288
-3477.75	1824.14	4267.79
-3641.59	689.8	4524.68
-3220.64	1318.09	4111.38
-3322.21	615.212	4412.43
-2930.7	2443.37	4305.64
-2930.7	2443.37	4305.64
-2931.78	1680.8	5061.26
-2931.78	1680.8	5061.26
-2923.69	898.219	5791.12
-2978.44	-695.906	7470.19
-2934.94	-4966.95	11320.1
-46.9908	2440.71	4319.97
-37.1883	1669.57	5061.44
-3.9724	-698.085	7420.27
-3.9724	-698.085	7420.27
79.6263	-7480.07	12660.3
9.85136	1639.25	4966.5
2646.01	-7565.77	12916.2
2887.35	-2308.33	9080.79
2834.19	201.509	6682.81
2834.19	201.509	6682.81
2823.87	1001.54	5895.93
2823.87	1001.54	5895.93
2790.84	2551.33	4315.34
8153.95	-6322.16	12000.2
8883.85	-4663.53	12256.8
9695.52	-6368.56	11864.9
9896.11	-6022.49	12000.2
8952.65	-4010.14	10643.5
8713.24	-5572.28	10020.9
9089.02	-4759.29	9811.06
9041.26	-2522.4	9732.07
3086.15	1803.46	3157.94
-3982.53	280.084	4107.42
-3921.08	557.315	4244.12
-3200.03	2181.05	3543.35
-3432.37	1169.21	3862.47
-3614.39	954.327	4089.56
-3614.39	954.327	4089.56
-3500.38	2093.92	4000.63
-3172.62	2253.77	3670.38
-3384	1232.8	3918.07
-3624.24	709.277	4349.19
-3512.79	1849.69	4225.91
-3512.79	1849.69	4225.91
-2929.54	2442.43	4303.92
-2929.54	2442.43	4303.92
-3567.41	1410.44	5319.44
-2917.98	1673.08	5038.35
-2917.98	1673.08	5038.35
-2893.94	889.354	5733.58
-2968.85	-693.66	7446.72
-2968.85	-693.66	7446.72
-2948.65	-2353.91	8959.79
-2919.89	-4943.95	11265.7
-46.6619	2437.07	4312.55
-37.0761	1669.36	5060.88
-3.88692	-697.508	7414.74
-3.88692	-697.508	7414.74
2559.62	-7309.93	12481.1
2834.83	1005.45	5919.46
2834.83	1005.45	5919.46
2798.29	2558.31	4327.12
8036.47	-4401.05	10567.5
9087.03	-6424.78	11928.6
7987.21	-2842.59	9864.53
7987.21	-2842.59	9864.53
9431.42	-6182.69	11535.7
9748.26	-5937.05	11823
9054.65	-4058.01	10765.6
9118.78	-5826.29	10482.8
9635.62	-5048.94	10409.6
9014.09	-2514.44	9701.8
3169.85	1855.2	3248.45
-3806.2	825.778	3944.52
-3843.73	757.928	4011.62
-3944.33	528.661	4167.79
-3566.99	1170.1	3780.76
-3917.97	313.877	4197.84
-3542.69	1254.49	3894.97
-3191.35	2177.16	3537.57
-3485.57	2085.33	3984.43
-3204.02	2274.88	3705.01
-3608.07	706.664	4329.5
-3483.67	1833.99	4191.49
-3483.67	1833.99	4191.49
-3566.1	953.412	4398.14
-3162.29	1294.11	4039.28
-3508.77	648.74	4657.06
-2937.09	2449.07	4315.7
-2937.09	2449.07	4315.7
-2900.76	891.057	5745.38
-2925.18	-2337.61	8897.16
-46.7113	2436.87	4312.26
-37.2273	1669.69	5061.75
-29.3908	897.138	5846.2
-29.3908	897.138	5846.2
-4.19415	-698.217	7423.97
10.5959	1644.03	4984.06
2567.13	-7319.58	12495.9
2832.14	201.362	6676.68
2832.14	201.362	6676.68
2812.93	997.934	5873.49
2812.93	997.934	5873.49
2831.36	1792.24	5130.69
2831.36	1792.24	5130.69
7489.61	-6572.15	12504
2795.99	2556.33	4324.17
2795.99	2556.33	4324.17
8460.71	-4626.3	11123.2
8813	-6229.89	11566.6
7998.76	-2845.96	9878.26
7998.76	-2845.96	9878.26
9717.78	-6374.69	11891.7
9863.33	-6002.95	11961.6
9107.03	-5824.27	10475.3
9167.04	-4803.06	9899.72
9107.16	-2541.4	9803.59
3086.95	1804.9	3159.97
10135.6	-3365	10092.7
-3789.38	822.232	3926.85
-3977.1	533.277	4200.24
-3977.1	533.277	4200.24
-3234.71	2204.46	3581.83
-3504.99	2095.89	4004.91
-3558.44	1107.63	4087.07
-3186.18	2263.4	3684.99
-3350.68	1220.52	3881.47
-3340.23	1195.48	3938.99
-3604.29	705.43	4324.41
-3604.29	705.43	4324.41
-3547.6	1866.65	4266.05
-3556.33	358.933	4280.27
-3485.65	1828.53	4277.36
-3219.94	1315.73	4109.34
-3197.5	1306.24	4080.72
-2917.27	2433.53	4287.5
-2917.27	2433.53	4287.5
-2929.41	1679.46	5058.35
-2929.41	1679.46	5058.35
-2900.91	890.907	5744.43
-2909.11	-2323.3	8843.56
-46.9172	2440.98	4320.15
-36.9565	1667.05	5054.2
-29.5063	897.163	5847.38
-29.5063	897.163	5847.38
11.9108	1623.02	4920.83
2828.25	201.054	6669.47
2828.25	201.054	6669.47
2853.02	1012.38	5960.31
2853.02	1012.38	5960.31
2834.56	1794.12	5136.49
2782.62	2543.84	4302.33
2782.62	2543.84	4302.33
8132.18	-6306.52	11970.4
8315.75	-4557.27	10939.6
9045.08	-6393.69	11871.6
9860.15	-6002.06	11958.1
8867.61	-3971.96	10541.3
8858.4	-5665.18	10188.7
9034.18	-4731.09	9753.14
3102.52	1813.05	3174.71
10454.4	-3468.71	10410.9
-3798.81	824.535	3937.17
-3930.84	571.003	4096.67
-3910.55	556.135	4233.58
-3454.67	1225.32	3800.66
-3739.72	717.669	4258.01
-3524.52	2107.52	4027.64
-3168.28	2251.66	3665.17
-3352.75	1220.96	3882.58
-3612.81	707.596	4335.81
-3612.81	707.596	4335.81
-3494.44	1831.99	4287.15
-2925.59	2439.1	4298.21
-2925.59	2439.1	4298.21
-2917.46	1672.83	5038.2
-2917.46	1672.83	5038.2
-2886.78	887.421	5720.49
-3027.64	-3289.28	9958.66
-2973.22	-5033.58	11470.7
-46.7668	2437.26	4313.86
-36.947	1666.27	5052.66
-29.3391	895.927	5839.72
-29.3391	895.927	5839.72
-4.39965	-698.032	7420.75
10.4863	1643.99	4983.09
2603.72	-7423.08	12673
2543.16	-7166.54	12194.1
2876.79	-2299.78	9047.97
2842.21	201.997	6701.73
2842.21	201.997	6701.73
2835.32	1005.76	5921.13
2835.32	1005.76	5921.13
2834.34	1794.07	5136.5
2799.16	2559.49	4329.3
2799.16	2559.49	4329.3
8004.12	-6205.31	11778.9
7661.99	-3985.47	10536
9148.48	-6470.34	12010.8
8116.63	-2890.05	10026.6
9827.82	-5978.72	11916
8953.3	-4011.07	10643.7
7935.66	-2414.35	9225.99
8835.02	-5642.56	10152.9
9229.89	-4835.38	9967.72
3039.23	1773.94	3105.86
-3934.36	558.899	4258.54
-3247.61	2213.31	3594.5
-3764.58	350.01	4202.9
-3580.63	1018.22	4080.71
-3497.22	2090.58	3996
-3198.54	2271.77	3698.49
-3352.49	1221.74	3882.89
-3525.62	987.977	4093.22
-3319.38	1189.49	3917.17
-3628.52	709.994	4352.57
-3562.73	1872.33	4282.28
-3534.63	357.301	4257.05
-3461.8	1817.03	4249.53
-3165.37	1296.09	4043.67
-3165.37	1296.09	4043.67
-2920.09	2434.9	4290.35
-2920.09	2434.9	4290.35
-3564.32	1409.66	5315.62
-2917.91	1673.14	5038.83
-2917.91	1673.14	5038.83
-2886.74	887.135	5720.32
-2929.69	-2338.81	8904.23
-46.6933	2437.03	4312.53
-37.0401	1667.27	5055.21
-29.3479	896.498	5842.31
-29.3479	896.498	5842.31
-4.31306	-699.031	7430.99
-4.31306	-699.031	7430.99
12.5012	1619.49	4912.66
2836.61	201.66	6688.33
2836.61	201.66	6688.33
2840.63	1007.72	5932.18
2840.63	1007.72	5932.18
2799.37	2559.31	4329.18
7876.89	-6108.07	11591.1
9087.13	-4765.4	12534
8971.15	-6341.77	11774.2
9795.6	-5961.05	11877.6
8950.63	-4009.49	10640.8
8847.74	-5658.71	10176.4
9001.57	-2818.54	9975.71
8952.05	-4686.75	9661.83
3127.59	1828.1	3200.8
-3632.85	1015.58	3830.81
-3591.03	1177.72	3806.43
-3927.55	557.537	4250.75
-3953.03	632.386	4312.87
-3496.52	1238.57	3846.51
-3745.17	798.722	4261.66
-3516.36	2101.66	4017.5
-3168.4	2253.08	3666.99
-3659.61	716.452	4391
-3498.82	1834.4	4292.88
-3509.07	649.14	4655.78
-2926.14	2440.05	4299.64
-2899.3	1662.65	5007.54
-2899.3	1662.65	5007.54
-2917.1	895.871	5776.71
-46.658	2436.6	4312.33
-37.277	1668.86	5061.12
-19.9802	106.544	6691.6
-4.5194	-700.079	7440.64
2609.29	-8023.84	12930.5
2609.29	-8023.84	12930.5
2898.44	-2318.52	9119.43
2898.44	-2318.52	9119.43
2840.75	202.016	6699.95
2840.75	202.016	6699.95
2832	1004.54	5914
2832	1004.54	5914
2838.24	1796.61	5143.42
2838.24	1796.61	5143.42
2789.46	2550.32	4313.63
2789.46	2550.32	4313.63
8963.91	-4694.39	12360
9004.09	-6366.42	11819.9
9678.35	-6343.91	11838.6
9663.38	-5880.73	11717.3
9277.03	-5934.85	10673.1
9399.99	-2943.34	10418.4
9399.99	-2943.34	10418.4
9275.32	-4859.36	10017.6
3077.72	1797.85	3148.17
-3997.9	536.035	4222.62
-3908.67	555.662	4231.62
-3182.96	2171.19	3527.66
-3784.65	726.302	4308.26
-3784.65	726.302	4308.26
-3510.63	2099.49	4011.27
-3348.55	1660.4	3845.34
-3216.58	2284.67	3718.95
-3316.57	1208.5	3842.94
-3296.72	1181.88	3891.75
-3619.39	708.077	4342
-3559.62	1873.46	4280.52
-3485.04	1827.5	4276.26
-3551.79	949.563	4380.98
-3183.51	1300.65	4062.94
-3183.51	1300.65	4062.94
-3570.68	659.256	4733.92
-3614.52	640.854	4930.25
-2915.02	2430.63	4283.38
-2915.02	2430.63	4283.38
-2894.3	1660	4999.77
-2894.3	1660	4999.77
-2912.21	894.814	5767.38
-2969.08	-693.776	7445.18
-2978.91	-2378.27	9051.14
-2945.86	-4987.03	11365
-2945.86	-4987.03	11365
-46.8133	2436.58	4312.66
-36.9677	1667.57	5056.47
-29.1786	895.586	5838.89
-4.17882	-698.614	7426.41
-4.17882	-698.614	7426.41
10.5426	1642.99	4981.02
2589.15	-7394.91	12629
3006.63	-5089.88	11819.8
3006.63	-5089.88	11819.8
2825.89	200.964	6662.52
2825.89	200.964	6662.52
2843.65	1008.6	5938.4
2843.65	1008.6	5938.4
2803.39	2563.3	4335.86
2803.39	2563.3	4335.86
8681.87	-7374.23	12729.6
8669.28	-4547.99	11957.5
8994.98	-6358.87	11805.6
8214.87	-2924.65	10148.4
8214.87	-2924.65	10148.4
10059.7	-6120.74	12198.7
8419.31	-2564.47	9795.85
8898.68	-5684.16	10226.7
9199.9	-4820.02	9936.82
10286.5	-3912.51	10651.8
3031.11	1771.07	3101.48
-3862.68	761.136	4030.41
-3971.4	532.875	4194
-3931.88	558.578	4256.02
-3359.69	1146.95	3785.27
-3759.19	721.166	4278.95
-3507.24	2096.69	4006.79
-3156.21	2240.23	3649.67
-3342.57	1218.87	3872.7
-3307.35	2245	3841.16
-3586.04	702.792	4305.33
-3586.04	702.792	4305.33
-3573.76	360.378	4300.18
-3564.71	1875.81	4286.58
-3473.76	1821.53	4262.94
-3163.96	1293.58	4039.09
-3163.96	1293.58	4039.09
-3356.7	621.413	4451.94
-2927.35	2441.13	4301.23
-2927.35	2441.13	4301.23
-2921.16	1674.5	5043.49
-2921.16	1674.5	5043.49
-2906.98	893.209	5758.82
-2944.63	-2351.22	8949.53
-46.9725	2440.24	4319.77
-37.2752	1670.1	5063.93
-29.3232	895.298	5835.38
-29.3232	895.298	5835.38
-4.21721	-696.743	7408.58
-4.21721	-696.743	7408.58
2847.99	-1444.57	8187.15
2844.85	1009.29	5941.71
2844.85	1009.29	5941.71
2827.64	1789.86	5123.94
2827.64	1789.86	5123.94
2809.45	2568.94	4345.3
2809.45	2568.94	4345.3
8134.72	-6307.41	11973
8979.07	-6349.34	11787.2
8191.56	-4475.82	10766.6
9787.49	-5957.23	11868.7
8941.56	-4005.66	10629.9
9256.36	-5922.68	10650.3
8940.97	-4684.18	9655.24
10348.2	-3935.8	10716.1
3111.51	1818.36	3183.3
-3690.55	947.039	3894.25
-3988.3	534.772	4212.94
-3933.04	559.377	4256.79
-3485.67	1235.12	3836.11
-3503.68	2095.34	4003.84
-3561.97	1108.86	4089.97
-3157.08	2243.29	3652.37
-3402.27	1237.83	3937.99
-3483.7	1833.18	4190.93
-3483.7	1833.18	4190.93
-3512.04	354.686	4228.76
-3486.64	1658.6	4223.83
-3634.6	688.51	4515.87
-3206.03	1310.56	4092.3
-3438.07	636.863	4567.92
-2911.44	2428.26	4278.49
-2911.44	2428.26	4278.49
-3575.04	1413.24	5331.74
-2913.29	894.884	5769.48
-2930.61	-2340.25	8907.61
-46.7213	2438.48	4314.97
-36.9744	1666.93	5055.79
-29.1943	895.49	5835.1
-29.1943	895.49	5835.1
79.7498	-7573.45	12818.6
7.81052	1088.91	3306.49
2631.42	-7507.1	12820.3
2830.52	201.287	6673.93
2830.52	201.287	6673.93
2829.01	1003.37	5907.2
2829.01	1003.37	5907.2
2835.9	1795.13	5139.31
2835.9	1795.13	5139.31
2800.74	2561.04	4331.64
2800.74	2561.04	4331.64
8121.15	-6298.64	11954.9
8948.86	-6328.03	11747
8029.79	-4388.61	10553
7979.72	-2837.54	9852.81
7979.72	-2837.54	9852.81
10175.7	-6192.59	12341.4
8997.26	-4032.44	10696.2
9248.65	-5920.98	10644.1
9183.06	-4812.15	9919.67
3078.73	1799.32	3150.51
10061.3	-3342.34	10020.7
-3829.59	890.913	4007.07
-3677.33	943.317	3881.02
-3923.43	557.113	4246.84
-3212.58	2190.17	3557.27
-3785.88	349.808	4222.2
-3513.74	2100.44	4014.31
-3201.32	2273.71	3702.22
-3320.14	1190.39	3918.89
-3320.14	1190.39	3918.89
-3586.11	702.22	4304.02
-3526.71	1853.62	4240.23
-3442.95	1806.86	4226.57
-3547.32	948.808	4376.07
-3151.19	1289.19	4024.66
-2930.48	2443.41	4305.8
-2910.88	1669.27	5026.52
-2910.88	1669.27	5026.52
-2931.49	900.346	5804.33
-2989.37	-698.065	7495.52
-2989.37	-698.065	7495.52
-2932.01	-2341.01	8910.76
-46.8075	2437.82	4313.04
-37.0342	1667.98	5056.79
-29.4138	896.692	5845.09
-29.4138	896.692	5845.09
-4.12228	-699.025	7429.32
-4.12228	-699.025	7429.32
8.528	1083.63	3293.64
2874.21	-2297.93	9038.79
2874.21	-2297.93	9038.79
2826.08	200.99	6662.31
2826.08	200.99	6662.31
2825.79	1002.39	5901.55
2825.79	1002.39	5901.55
2798.84	2558.77	4327.95
2798.84	2558.77	4327.95
8134.6	-6311.69	11974.8
9240.04	-4863.34	12760.8
9024.36	-6380.25	11845.2
7958.77	-2831.91	9828.25
7958.77	-2831.91	9828.25
9575.25	-5831.33	11612.6
8983.61	-4023.84	10679.8
9016.95	-5763.84	10367.9
9049.51	-4737.77	9768.1
10155.1	-3865.55	10518.2
3116.09	1821.18	3188.23
-3840.69	757.274	4008.12
-4001.38	537.069	4226.87
-3150.36	2149.14	3493.72
-3349.08	1141.42	3770.62
-3825.6	560.454	4351.87
-3723.32	794.736	4237.94
-3522.59	2106.53	4024.8
-3187.35	2264.86	3687.4
-3323.63	1209.71	3848.42
-3576.52	700.856	4293.6
-3576.52	700.856	4293.6
-3610.83	1899.98	4340.09
-3487.7	1829.09	4279.62
-2923.58	2437.72	4295.36
-2923.58	2437.72	4295.36
-2908.85	1668.11	5023.81
-2908.85	1668.11	5023.81
-2917.89	896.169	5778.37
-2887.98	-2307.02	8781.05
-2963.34	-5015.75	11429.3
-46.8317	2439.14	4316.34
-37.2829	1670.26	5064.76
-29.2383	895.657	5837.86
-29.2383	895.657	5837.86
-4.59423	-700.112	7441.81
2600.51	-7988.26	12874.4
2600.51	-7988.26	12874.4
2573.89	-7341.34	12536.7
2833.87	1005.4	5918.31
2833.87	1005.4	5918.31
2792.7	2553.01	4318.21
2792.7	2553.01	4318.21
8333.22	-6465.52	12270.1
8136.68	-4451.65	10698.3
8993.83	-6359.75	11805.5
10325.6	-6287.31	12527.4
9477.48	-6063.17	10904
9950.11	-3121.04	11040.6
8885.35	-4653.51	9592.24
3075.05	1798.51	3149.15
10290.6	-3411.58	10244.6
-3990.73	535.542	4215.61
-3990.73	535.542	4215.61
-3649.41	962.985	4127.99
-3649.41	962.985	4127.99
-3519.35	2105.44	4021.48
-3172.46	2253.98	3669.92
-3269.48	2220.3	3798.6
-3327.89	1191.69	3925.85
-3327.89	1191.69	3925.85
-3601.05	704.326	4321.26
-3548.89	1868.57	4268.51
-3527.43	356.279	4246.94
-3504.64	1838.18	4299.92
-3559.97	951.711	4390.85
-3199.03	1308.27	4083.85
-2916.47	2431.51	4284.47
-2916.47	2431.51	4284.47
-2906.42	1666.65	5020.56
-2906.42	1666.65	5020.56
-2910.89	894.275	5764.71
-2936.74	-2345.32	8926.85
-46.7691	2438.82	4315.62
-37.3357	1669.79	5062.71
-29.3003	896.273	5841.37
-29.3003	896.273	5841.37
-4.18248	-698.276	7422.37
-4.18248	-698.276	7422.37
12.833	1624.63	4925.37
2509.51	-7155.82	12215.7
2832.51	201.445	6677.38
2832.51	201.445	6677.38
2832.41	1004.65	5914
2832.41	1004.65	5914
2793.41	2553.55	4319.45
2793.41	2553.55	4319.45
8124.2	-6303.16	11960.8
9060.44	-6406.49	11894.3
8416.37	-4598.91	11064
8079.4	-2873.41	9976.84
8079.4	-2873.41	9976.84
9530.65	-5802.05	11556.7
8967.77	-4018.86	10661.6
8654.12	-5528.6	9945.52
8838.12	-4628.66	9542.35
10364.3	-3943.43	10735
3066.07	1790.92	3136.03
-3768.22	876.833	3944.52
-3698.46	948.479	3902.27
-3973.01	532.891	4196.53
-3579.5	1174.22	3794.1
-3921.01	556.419	4243.45
-3169.62	2162.23	3513.08
-3511.95	2100.33	4013.25
-3299.69	1203.39	3824.08
-3578.18	700.907	4295.24
-3578.18	700.907	4295.24
-3535.15	1859.41	4250.56
-3535.15	1859.41	4250.56
-3440.18	1242.34	4292.89
-3163.56	1291.84	4037.02
-2923.73	2437.88	4295.91
-2923.73	2437.88	4295.91
-2896.65	1661.36	5003.03
-2896.65	1661.36	5003.03
-2908.04	893.528	5759.92
-2979.65	-696.428	7472.55
-2979.65	-696.428	7472.55
-3008.11	-3269.46	9897.86
-46.9377	2440.8	4318.51
-37.2124	1670.25	5064.27
-29.4686	897.057	5847.15
-29.4686	897.057	5847.15
-4.38547	-698.474	7424.11
2596.18	-7403.04	12640
2836.36	1006.22	5923.54
2836.36	1006.22	5923.54
2791.7	2552.18	4316.95
2791.7	2552.18	4316.95
8055.28	-6246.89	11856
8176.42	-4466.45	10746.6
8921.7	-6307.94	11709.9
9772.43	-5949.5	11851.1
8971.29	-4020.44	10664.7
8176.74	-2489.38	9511.02
8888.07	-5678.84	10216.9
8945.96	-4687.39	9661.47
2968.08	1889.04	3090.58
3081.23	1800.31	3152.39
-3789.48	822.244	3927.41
-3995.61	535.167	4219.4
-3995.61	535.167	4219.4
-3513.06	1244.88	3866.58
-3507.33	2096.99	4007.7
-3531.87	1074.51	4078.9
-3193.97	2269.03	3693.76
-3368.12	1226.77	3899.85
-3641.24	712.947	4368.59
-3538.75	1863.46	4256.98
-3496.55	1833.69	4290.04
-3658.2	692.841	4544.46
-3343.45	618.833	4440.52
-2935.19	2447.46	4312.5
-2935.19	2447.46	4312.5
-2908.59	1667.84	5024.11
-2908.59	1667.84	5024.11
-2904.08	892.318	5752.39
-2904.08	892.318	5752.39
-2985.56	-697.605	7485.72
-2934.31	-3190.55	9660.22
-46.6834	2437.88	4313.37
-37.1367	1668.69	5060.04
-29.4778	897.297	5846.81
-29.4778	897.297	5846.81
-3.89511	-697.017	7407.62
75.7528	-7566.87	12806.3
8.08048	1086.65	3301.42
2628	-7502.59	12812.3
2852.36	202.8	6727.06
2852.36	202.8	6727.06
2821.35	1000.79	5891.45
2821.35	1000.79	5891.45
2832.42	1792.7	5132.95
2798.83	2558.62	4327.74
2798.83	2558.62	4327.74
8313.1	-6448.41	12239
9742.25	-5118.88	13452.7
9055.48	-6403.2	11888.1
8027.16	-2854.51	9911.63
8027.16	-2854.51	9911.63
9849.46	-5994.68	11944.5
8993.12	-4028.65	10691.3
9254.47	-5916.06	10642.7
9277.67	-4863.46	10022.8
10338.8	-3930.29	10705.2
3036.57	1773.42	3105.85
-3779.92	756.54	4189.15
-3759.16	349.329	4199.17
-3821.48	560.285	4347.14
-3215.68	2192.34	3557.6
-3421.52	1327.73	3920.19
-3517.13	2106.42	4021.33
-3158.24	2251.83	3663.73
-3561.4	360.522	4288.89
-3467.98	1823.37	4171.28
-3159.42	1294.2	4036
-3560.43	1407.71	5312.27
-2914.96	2431.23	4283.97
-2897.12	1662.09	5005.7
-2958.6	908.531	5857.08
-2958.6	908.531	5857.08
-2959.72	-1511.33	8197.13
-2959.72	-1511.33	8197.13
-3.9899	-693.671	7380.96
-20.4185	106.146	6682.69
-47.3683	2437.15	4313.14
-47.3683	2437.15	4313.14
12.313	1646.95	4996.48
1790.63	-8037.3	14077
1983.06	-8112.99	14000.5
2965.32	-7476.17	14124.3
3009.88	-6873.41	13356.4
2919.39	-4938.27	11467.1
2919.39	-4938.27	11467.1
2884.73	-627.014	7567.26
2884.73	-627.014	7567.26
2822.71	1786.61	5115.81
2822.71	1786.61	5115.81
7875.23	-6671.55	12949
7277.99	-4500.12	10406.5
2798.83	2559.16	4329.54
8040.95	-5210.06	11171.7
7937.32	-4324.24	10409.9
7556.04	-4147.29	9542.96
9005.27	-4031.68	10705.2
8526.34	-3591.77	9642.93
8810.3	-4606.41	9902.19
9089.23	-2846.05	10072.2
9387.16	-4936.29	10152.4
9109.32	-2644.42	9926.08
10840.8	-3618.04	10814.9
