-1338.82	253.931	1664.61
-1172.71	481.128	1498.34
-1172.71	481.128	1498.34
-1298.45	240.425	1725.94
-1788.6	1492.44	2629.11
-1970.23	1129.98	3403.16
-2879.14	-671.682	7220.38
-2879.14	-671.682	7220.38
-3197.63	-1633.86	8860.14
-21.1492	944.996	2867.17
-17.9272	549.817	3584.14
-17.9272	549.817	3584.14
-3.23386	-528.279	5614.02
-3.23386	-528.279	5614.02
6.55881	917.401	2786.31
18.9627	-2106.33	8028.05
1675.92	-5073.27	8557.63
3101.03	-5250.19	12195
2768.5	-3847.37	10130.3
1467.96	520.731	3066.43
3890.82	-2378.62	5539.2
4081.76	-2641.59	5666.93
5228.14	-2846.23	6860.44
7977.94	-3191.09	10207.6
3054.37	-1673.88	3855.83
4938.61	-1752.42	6093.13
3959.2	-2115.2	4587.83
4044.43	-1703.22	4577.24
4775.14	-1386.45	5203.56
4686.11	-1312.26	5045.95
-1352.29	256.335	1681.04
-1187.16	220.139	1576.71
-1737.02	1449.4	2553.77
-1737.02	1449.4	2553.77
-1895.4	1087.36	3275.62
-1895.4	1087.36	3275.62
-18.4235	557.155	3630.85
-2.60975	-514.286	5466.84
3061.93	-5177.24	12020.3
3061.93	-5177.24	12020.3
1840.58	-932.414	5287.24
1636.97	116.529	3859.58
1636.97	116.529	3859.58
3818.64	-2072.8	5003.06
7695.8	-3085.52	9852.66
7695.8	-3085.52	9852.66
4197.97	-2303.33	5305.72
4914.8	-2195.99	5844.19
3947.74	-2100.12	4568.15
4163.75	-1165.41	4483.69
-1192.03	187.304	1521.6
-1698.09	298.623	2314.52
-1776.51	1482.27	2611.01
-1776.51	1482.27	2611.01
-1840.03	1055.94	3179.57
-2334	90.1311	5237.24
-17.6962	544.756	3550.73
-17.6962	544.756	3550.73
-14.1335	75.8213	4756.28
-3.4593	-536.271	5695.52
7.0248	921.342	2798.07
2561.01	-4327.87	10046.2
1715.39	-372.407	4497.05
1666.53	118.647	3930.53
1666.53	118.647	3930.53
4021.19	-2192.3	5277.6
5129.24	-2053.96	6560.11
4645.26	-2550.08	5873.01
4170.79	-1478.8	5142.62
4793.35	-2141.91	5698.85
4110.91	-2185.24	4756.23
4044.98	-1704.35	4578.86
4334.42	-1213.79	4667.35
-1498.9	264.228	2042.58
-1827.46	1524.35	2685.72
-1827.46	1524.35	2685.72
-1861.13	1067.9	3216.36
-1861.13	1067.9	3216.36
-2940.95	-686.05	7375.99
-2940.95	-686.05	7375.99
-21.1804	947.526	2874.54
-18.0917	551.593	3595.43
-3.43725	-524.511	5578.44
6.66291	937.352	2846.81
1490.73	-4506.99	7602
2888.93	-4017.77	10577.2
2888.93	-4017.77	10577.2
2846.39	-3112.18	9682.53
2105.84	-1069.08	6061.82
2105.84	-1069.08	6061.82
1622.29	115.424	3824.37
1622.29	115.424	3824.37
4776.46	-3516.57	6766.61
4084.38	-2215.07	5349.63
6700.48	-2678.11	8568.74
4813.51	-1708.61	5938.79
4935.7	-2204.9	5867.81
4696.32	-2497.66	5436.58
3262.91	-1705.27	3665.07
5190.35	-1507.62	5659.94
4123.85	-1154.82	4440.5
-1294.53	393.643	1495.28
-1227.46	344.146	1425.86
-1511.44	684.663	1840.49
-1164.87	477.38	1488.14
-1141.66	211.829	1516.9
-1395.18	247.053	1904.44
-1779.5	1484.69	2615.89
-1779.5	1484.69	2615.89
19.68	-2323.38	8852.49
-17.5311	540.509	3522.82
-17.5311	540.509	3522.82
6.85164	900.588	2730.85
3582.21	-6066.75	14086.4
1590.35	113.333	3750.28
1450.01	514.189	3027.84
1240.99	1134.34	1919.94
1240.99	1134.34	1919.94
4475.68	-2724.89	6374.3
4437.55	-2414.13	5822.09
5138.75	-1826.52	6344.2
5138.75	-1826.52	6344.2
3852.88	-1621.63	4358.55
3484.36	-1823.52	3918.04
4795.98	-1341.97	5165.29
3119.09	-1067.35	3265.46
-1206.79	338.405	1402.02
-1054.99	378.744	1246.33
-1080.54	109.57	1301.4
-1222.99	500.409	1561.12
-1239.69	229.75	1646.66
-1766.75	1473.72	2596.72
-2506.87	991.303	3740.38
-1930.39	1107.41	3335.81
-1930.39	1107.41	3335.81
-2362.68	90.9735	5299.8
-3183.2	-742.072	7975.98
-3183.2	-742.072	7975.98
-3756.49	-1916.9	10398.4
18.2312	-2104.63	8017.15
-3.61585	-526.133	5588.45
-3.61585	-526.133	5588.45
-18.4914	555.353	3619.64
-21.1521	939.137	2849.38
-21.1521	939.137	2849.38
-24.045	1251.79	2215.25
2018.64	-1023.69	5805.44
1862.62	-404.5	4885.68
1661.62	118.396	3919.02
1661.62	118.396	3919.02
1421.59	504.058	2967.18
1421.59	504.058	2967.18
1245.23	1138.18	1926.31
1245.23	1138.18	1926.31
4778.9	-2911.08	6808.32
3826.42	-2080.73	5018.13
4662.69	-1655.58	5753.72
4662.69	-1655.58	5753.72
4561.66	-2036.31	5421.93
3597.78	-1905.79	4157.65
3370.38	-1763.23	3790.51
3104.13	-1060.99	3248.49
-1293.58	259.177	1433.59
-1164.03	107.186	1298.91
-1257.26	857.175	1388.68
-1384.89	684.061	1585.62
-1212.77	136.651	1415.91
-1668.95	998.664	1908.25
-1332.68	947.694	1544.56
-1181.45	484.103	1509.12
-1181.45	484.103	1509.12
-1313.25	243.172	1741.58
-1821.6	1519.22	2676.34
-1931.43	1107.28	3335.21
-1931.43	1107.28	3335.21
-2445.99	94.2195	5485.27
-3197.77	-746.845	8018.85
-3197.77	-746.845	8018.85
-14.6378	76.107	4778.52
-21.1519	939.913	2849.75
-21.1519	939.913	2849.75
-24.7968	1277.43	2260.42
-24.7968	1277.43	2260.42
3054.76	-3343.28	10399.7
3054.76	-3343.28	10399.7
1617.65	115.361	3815.98
1617.65	115.361	3815.98
1241.88	1135.16	1921.15
4418.35	-1566.35	5448.77
4418.35	-1566.35	5448.77
3552.13	-1495.98	4017.72
-1300.15	277.794	1480.38
-1214.63	512.156	1380.13
-1240.69	613.932	1422.68
-1627.21	973.785	1860.59
-1366.06	365.396	1685.21
-1168.37	478.917	1492.89
-2780.22	1098.54	4145.52
-1758.38	1467.13	2584.38
-1897.45	1088.2	3276.73
-1897.45	1088.2	3276.73
-2000.32	614.994	3963.71
-3760.8	-1921.09	10411.5
-3760.8	-1921.09	10411.5
-4.11225	-536.679	5708.1
-4.11225	-536.679	5708.1
-13.7761	73.968	4630.6
-13.7761	73.968	4630.6
-18.2473	552.854	3603.32
-18.2473	552.854	3603.32
-21.1049	936.38	2841.02
-21.1049	936.38	2841.02
2885.27	-4876.15	11320.8
1972.01	-428.129	5171.99
1250.15	1142.85	1933.92
1250.15	1142.85	1933.92
4436.61	-1576.01	5475.7
-1310.46	262.245	1451.8
-1261.31	332.705	1426.64
-1382.72	536.327	1582.8
-1198.9	120.167	1441.15
-1618.87	851.012	1946.99
-1769.68	929.708	2171.83
-1207.68	495.431	1543.14
-1765.06	1472.44	2594.37
-1946.01	1116	3361.42
-1946.01	1116	3361.42
-2391.1	91.7959	5363.98
-18.3774	554.793	3615.8
-18.3774	554.793	3615.8
6.64399	946.079	2867.71
1364.79	-3830.7	6531.56
1736.78	-880.154	4991.13
1372.81	868.76	2488.67
1372.81	868.76	2488.67
1238.72	1132.13	1916.14
1238.72	1132.13	1916.14
3622.98	-1971.13	4750.27
4181.33	-1484.13	5158.52
3392.62	-1428.15	3835.69
3472.62	-1187.07	3635.81
-1185.03	485.505	1513.68
-1185.03	485.505	1513.68
-1574.53	278.806	2149.11
-1778.98	1484.11	2614.75
-1778.98	1484.11	2614.75
-1893.13	1086.26	3270.45
-1893.13	1086.26	3270.45
-2204.72	677.244	4364.48
-2204.72	677.244	4364.48
-2991.02	-696.617	7493.47
-2991.02	-696.617	7493.47
-17.9954	545.523	3555.61
-17.9954	545.523	3555.61
-20.814	925.055	2807.17
6.60971	902.425	2737.31
-25.0786	1276.41	2258.54
3279.44	-5551.25	12889.5
3279.44	-5551.25	12889.5
2889.03	-4018.95	10579.4
2889.03	-4018.95	10579.4
2085.77	-1667.53	6563.5
1873.24	-407.057	4915.72
1873.24	-407.057	4915.72
1675.7	119.572	3953.07
1675.7	119.572	3953.07
1427.39	506.032	2979.37
1427.39	506.032	2979.37
1366.69	864.709	2477.48
3969.25	-2156.56	5203.88
4894.33	-1964.98	6263.85
4664	-1655.49	5754.62
3633.51	-1054.57	3956.01
3928.47	-1100.68	4229.77
-1239.19	229.657	1643.76
-1545.61	274.292	2108.13
-2641.7	1044.07	3940.54
-1776.15	1481.74	2610.33
-1898.25	1088.71	3279.19
-3.46122	-528.833	5624.31
-3.46122	-528.833	5624.31
-18.7285	558.053	3636.59
2829.22	-3935.24	10361.9
2829.22	-3935.24	10361.9
2746.42	-3005.64	9352.28
2118.52	-1074.51	6094.19
2118.52	-1074.51	6094.19
1849.96	-401.822	4853.78
1849.96	-401.822	4853.78
1673.78	119.295	3947.34
1673.78	119.295	3947.34
1432.32	507.799	2990.34
1432.32	507.799	2990.34
1379.05	872.557	2499.87
4958.63	-1759.41	6118.34
4958.63	-1759.41	6118.34
3844.58	-1619.93	4351.35
3681.81	-1030.48	3962.87
-1289.08	183.364	1395.66
-1119.45	101.87	1247.67
-1267.47	334.185	1433.61
-1267.47	334.185	1433.61
-1322.87	513.464	1515.73
-1359.29	672.487	1558.38
-1087.51	396.418	1260.26
-1321.13	937.679	1527.59
-1321.13	937.679	1527.59
-1582.06	865.454	1858.25
-1661.67	871.251	2038.79
-1356.12	256.754	1685.19
-1195.83	490.047	1527.3
-1195.83	490.047	1527.3
-1726.36	955.848	2205.16
-1188.03	219.894	1578.07
-1792.18	1494.99	2633.72
-2567.27	1014.95	3827.78
-2335.46	716.778	4620.56
-2.81464	-530.279	5639.32
-2.81464	-530.279	5639.32
-18.092	550.421	3586.76
-24.4003	1271.75	2250.89
6.77793	829.686	2516.83
1808.88	-393.033	4743.94
1404.11	888.929	2545.23
1245.04	1138.12	1925.65
1245.04	1138.12	1925.65
-1315.34	186.805	1423.69
-1315.34	186.805	1423.69
-1078.84	367.669	1214.53
-1271.36	335.435	1438.01
-1271.36	335.435	1438.01
-1637.96	979.811	1871.74
-1298.01	503.399	1486.56
-1393.49	985.932	1608.2
-1221.87	239.574	1466.78
-1094.69	109.019	1316.96
-1623.61	852.841	1993.4
-1252.91	451.841	1563.58
-1220.72	498.666	1557.3
-1739.26	960.139	2222.65
-1806.82	1507.03	2655.11
-1857.07	1065.14	3207.76
-1857.07	1065.14	3207.76
-1953.58	600.409	3870.13
-1953.58	600.409	3870.13
-17.6307	546.597	3561.73
-17.6307	546.597	3561.73
-3.16036	-523.786	5569.13
6.95552	935.021	2833.57
1562.78	554.61	3264.36
1562.78	554.61	3264.36
1345.9	851.642	2438.39
1345.9	851.642	2438.39
1242.42	1135.5	1921.2
850.062	496.497	869.477
-1342.58	190.492	1452.64
-1254.87	330.905	1419.56
-1254.87	330.905	1419.56
-1288.88	188.588	1466.16
-1298.93	504.065	1487.97
-1679.12	1004.36	1918.61
-1336.45	947.578	1544.31
-1345.81	557.782	1582.63
-1246.6	244.096	1496.43
-1131.16	114.456	1362.24
-1722.57	905.786	2070.68
-1654.26	868.127	2030.38
-1339.04	253.712	1663.87
-1183.51	484.385	1511.08
-1249.1	231.026	1657.44
-2258.17	693.12	4468
-3268.55	-1670.12	9050.85
-14.6441	75.8344	4771.55
-18.2984	554.661	3615.65
-18.2984	554.661	3615.65
-21.0905	939.147	2847.11
-21.0905	939.147	2847.11
1766.73	-383.062	4631.2
1692.21	120.681	3990.54
1692.21	120.681	3990.54
1477.63	524.256	3084.96
1477.63	524.256	3084.96
1349.47	853.753	2444.79
857.094	501.019	876.958
-1289.94	173.104	1362.66
-1152.94	368.393	1236.57
-1320.09	193.266	1501.73
-1304.77	278.467	1484.79
-1283.56	498.349	1470.68
-1649.31	986.478	1884.71
-1233.15	345.775	1432.04
-1341.21	953.181	1551.62
-1518.61	1028.48	1760.6
-1083.42	108.69	1303.81
-1581.22	830.359	1941.58
-1177.93	482.561	1504.7
-1177.93	482.561	1504.7
-1713.76	947.277	2190.23
-1335.77	247.128	1773.46
-1674.85	296.574	2283.59
-1799.13	1500.67	2643.52
-1799.13	1500.67	2643.52
-2658.42	1050.7	3962.57
-1983.65	1137.45	3425.86
-1983.65	1137.45	3425.86
-2176.82	668.586	4310.18
-2176.82	668.586	4310.18
-3.20073	-526.818	5600.81
-3.20073	-526.818	5600.81
-20.7227	929.894	2819.97
-23.8808	1251.55	2214.8
4.98615	992.523	3007.64
1552.04	110.736	3658.56
1552.04	110.736	3658.56
1464.34	519.614	3057.77
1464.34	519.614	3057.77
1352.88	855.993	2450.85
1352.88	855.993	2450.85
872.039	509.633	892.198
-1284.46	172.045	1356.65
-1212.18	97.3673	1298.62
-1226.81	323.56	1388.09
-1295.96	276.527	1474.77
-1288.18	499.67	1475.54
-1640.97	981.814	1875.28
-1394.03	690.83	1599.32
-1316.98	934.682	1522.57
-1770.3	1199.73	2052.56
-1263.8	523.672	1486.48
-1822.88	959.174	2191.58
-1389.72	371.483	1713.91
-1389.72	371.483	1713.91
-1687.51	886.082	2071.34
-1550.31	558.63	1931.56
-1278.9	214.035	1613.59
-1557.78	276.069	2124.7
-1774.05	1479.34	2606.84
-1774.05	1479.34	2606.84
-1971.2	1130.24	3404.77
-1971.2	1130.24	3404.77
-2361.15	724.94	4674.13
-2361.15	724.94	4674.13
-14.2105	75.5218	4729.03
-14.2105	75.5218	4729.03
-18.3816	554.728	3614.72
-18.3816	554.728	3614.72
-20.8911	936.17	2839.02
-20.8911	936.17	2839.02
-23.9517	1255.02	2219.36
6.22248	837.378	2541.57
1764.84	125.748	4162.64
1764.84	125.748	4162.64
1456.02	516.267	3038.24
1456.02	516.267	3038.24
1258.62	1150.5	1946.86
1258.62	1150.5	1946.86
-1105.19	354.283	1186.9
-1127.32	105.188	1259.2
-1139.34	777.935	1262.55
-1252.28	330.608	1416.98
-1252.28	330.608	1416.98
-1377	533.678	1575.32
-1607	961.332	1836.64
-1400.98	949.341	1625.55
-1109.17	111.384	1335.26
-1685.27	884.713	2068.19
-1193.68	187.552	1522.78
-1172.28	480.2	1497.43
-1172.28	480.2	1497.43
-1756.49	972.165	2243.86
-1883.87	633.305	2628.72
-14.2219	75.5517	4737.44
-14.2219	75.5517	4737.44
-20.9372	936.286	2839.04
-20.9372	936.286	2839.04
1429.78	507.093	2983.75
1429.78	507.093	2983.75
1249.22	1141.75	1931.88
1249.22	1141.75	1931.88
-1196.05	392.698	1267.76
-1235.81	438.046	1359.86
-1344.67	125.542	1500.3
-1306.77	890.96	1446.84
-1264.85	333.682	1430.87
-1673.96	1001.07	1912.77
-1266.68	627.625	1453.85
-1236.44	346.543	1435.57
-1347.09	956.981	1558.47
-1120.48	112.789	1348.69
-1665.83	750.641	2024.63
-1692.84	888.448	2077.25
-1375.77	260.594	1709.52
-1187.14	485.545	1515.56
-1477.02	260.689	2013.8
-1791.95	1494.45	2632.87
-1791.95	1494.45	2632.87
-2551.36	1008.79	3807.07
-1849.41	1060.95	3195.81
-1849.41	1060.95	3195.81
-3.25202	-524.624	5576.63
-13.7693	74.7322	4687.95
-17.7517	544.83	3551.6
-17.7517	544.83	3551.6
-24.9902	1286.35	2275.72
1962.58	-994.308	5639.89
1962.58	-994.308	5639.89
1635.25	116.524	3855.37
1635.25	116.524	3855.37
1481.36	525.399	3092.01
1481.36	525.399	3092.01
1390.78	880.466	2520.79
1390.78	880.466	2520.79
894.2	522.621	915.288
-1262.53	861.983	1399.67
-1037.48	354.328	1169.27
-1264.95	333.89	1431.02
-1264.95	333.89	1431.02
-1258.55	488.538	1442.52
-1675.88	1002.32	1914.89
-1366.41	968.724	1579.13
-1183.68	118.394	1423.37
-1246.53	244.29	1496.07
-1697.93	894.08	2042.25
-1680.55	882.506	2062.69
-1226.42	192.72	1564.17
-1195.38	488.756	1525.57
-1940.78	651.534	2705.26
-1756.94	1465.49	2582.07
-1756.94	1465.49	2582.07
-1954.1	1120.48	3375.62
-1954.1	1120.48	3375.62
-2020.47	621.047	4003
-2020.47	621.047	4003
-14.3452	76.3845	4763.21
-14.3452	76.3845	4763.21
-17.8588	547.971	3570.81
-17.8588	547.971	3570.81
-21.1813	941.615	2855.81
6.33442	960.403	2912.28
1844.65	-400.767	4835.3
1645.37	117.492	3878.8
1645.37	117.492	3878.8
1493.16	529.636	3116.4
1493.16	529.636	3116.4
1253.32	1145.79	1938.42
-1179.86	418.263	1298.39
-1086.32	101.165	1213.59
-1242.53	328.011	1405.85
-1669.26	998.311	1906.95
-1239.93	613.692	1422.04
-1222.67	342.831	1420.13
-1181.05	132.743	1379.7
-1303.68	924.967	1507.71
-1647.56	1117.16	1911.74
-1095.51	393.318	1293.79
-1169.52	116.341	1406.35
-1591.37	835.586	1953.76
-1182.46	427.251	1476.93
-1207.55	493.952	1541.42
-1891.86	634.996	2638.52
-1763.33	1470.85	2590.98
-1763.33	1470.85	2590.98
-2532.83	1001.39	3778.28
-1932.45	1108.19	3337.8
-1932.45	1108.19	3337.8
-13.6923	74.5892	4669.38
-13.6923	74.5892	4669.38
-18.0778	549.135	3578.45
-18.0778	549.135	3578.45
7.04501	942.796	2859.51
1688.79	120.696	3981.93
1688.79	120.696	3981.93
1475.29	523.304	3080.08
1475.29	523.304	3080.08
1371.04	867.751	2484.6
1371.04	867.751	2484.6
1258.86	1150.77	1947.15
858.938	502.287	878.586
