-103.085	7.21316	106.237
-91.3639	29.9812	96.8117
-96.2744	19.2811	106.665
-84.2449	57.4563	93.3274
-86.7901	42.8131	97.1527
-93.459	19.9736	106.4
-90.2006	27.4489	104.182
-85.462	42.3205	98.0168
-83.9888	59.6151	97.1057
-91.2464	17.3017	113.4
-89.8311	47.0468	110.22
-81.6597	33.4795	104.283
-81.6597	33.4795	104.283
-88.0085	48.5768	112.472
-84.6976	15.6708	112.319
-75.704	63.17	111.259
-75.704	63.17	111.259
-73.9648	42.4504	127.789
-50.6138	-197.483	326.611
-50.6138	-197.483	326.611
0.92935	-196.604	330.882
-0.488611	2.63464	164.781
-0.488611	2.63464	164.781
-0.719503	22.1596	144.325
-0.719503	22.1596	144.325
-1.17429	61.0735	108.061
0.330394	41.1901	124.982
17.402	-186.78	324.513
40.6661	-182.068	319.02
46.2261	-189.535	326.828
67.7162	-54.0974	212.97
67.7162	-54.0974	212.97
67.6277	23.9975	141.224
67.6277	23.9975	141.224
68.1901	43.1456	123.572
68.1901	43.1456	123.572
183.508	-161.279	306.537
195.409	-179.343	312.105
190.491	-147.864	280.498
67.7956	61.9714	104.848
189.145	-103.366	248.622
198.987	-88.9742	236.493
184.293	-64.3669	215.161
200.334	-127.993	230.338
188.026	-57.4408	219.159
194.886	-82.249	220.579
184.894	-57.7098	204.595
205.366	-107.605	221.78
198.012	-55.1316	212.923
238.666	-90.7721	247.323
-101.545	7.11262	104.666
-92.5348	30.386	98.0273
-95.7145	19.1646	106.048
-97.6515	9.07528	109.071
-82.3581	56.1216	91.1872
-89.227	34.5944	102.198
-84.7687	42.026	97.2893
-89.8341	25.1784	104.323
-81.4946	57.9353	94.3222
-91.3229	17.8946	109.617
-90.2527	47.386	108.527
-88.1402	40.0558	107.568
-92.0491	17.4423	114.388
-87.5693	48.3979	111.912
-75.7103	63.1681	111.237
-75.7103	63.1681	111.237
-74.4346	42.7141	128.589
-74.4346	42.7141	128.589
-74.8304	22.9888	148.069
-48.6557	-189.136	312.79
-0.732352	22.2741	145.112
-0.732352	22.2741	145.112
17.5021	-188.104	326.706
63.1708	-178.331	290.028
63.1708	-178.331	290.028
68.5533	4.90404	161.643
67.9956	24.1252	141.941
67.9956	24.1252	141.941
68.2356	43.1892	123.669
68.2356	43.1892	123.669
184.529	-162.009	308.127
197.29	-180.884	314.936
67.859	62.0363	104.95
67.859	62.0363	104.95
202.9	-143.435	266.393
191.818	-104.959	252.107
207.441	-136.193	253.761
189.553	-66.1522	221.249
185.725	-56.4833	216.017
210.067	-88.6856	237.819
200.093	-62.5404	221.615
207.916	-108.959	224.62
228.153	-92.0736	243.08
226.718	-75.0908	225.749
-92.0311	30.2091	97.515
-85.7224	48.8386	92.2716
-92.4363	8.48394	103.065
-94.5918	20.206	107.672
-87.875	43.5073	100.76
-93.9371	10.5517	109.669
-90.106	25.2585	104.65
-84.0742	30.6593	97.3956
-81.9766	58.3375	94.9282
-84.0375	57.0029	97.5281
-93.092	18.2217	111.691
-92.0984	48.4074	110.766
-89.9337	47.1344	110.372
-81.787	33.5517	104.467
-81.787	33.5517	104.467
-92.4562	36.5865	137.944
-76.4159	63.7269	112.271
-76.4159	63.7269	112.271
-75.608	43.3747	130.551
-75.608	43.3747	130.551
-0.72032	22.2231	144.764
-0.72032	22.2231	144.764
-0.938426	41.8241	126.894
0.188647	27.4765	83.4676
13.8258	-189.556	327.799
17.7252	-190.552	331.063
42.1613	-188.744	330.938
61.092	-171.726	279.552
68.0845	-115.18	267.506
68.1531	4.85426	160.688
68.1531	4.85426	160.688
67.942	24.1049	141.828
67.942	24.1049	141.828
67.9367	42.9903	123.102
67.9367	42.9903	123.102
198.197	-174.238	331.221
203.246	-186.493	324.659
184.645	-143.251	271.831
67.9342	62.1163	105.088
182.342	-99.4596	239.453
198.481	-88.7847	235.943
188.241	-65.7364	219.733
208.378	-133.381	239.874
184.397	-56.1922	214.67
190.627	-80.3195	215.586
186.013	-58.0989	205.926
212.041	-111.208	229.23
199.982	-57.9969	217.872
221.885	-73.4847	220.951
-92.9095	30.5055	98.4303
-91.0946	32.3011	100.229
-95.6138	8.83319	106.715
-93.1588	24.5815	105.376
-93.1588	24.5815	105.376
-91.4475	54.6907	104.504
-85.1329	60.506	98.4955
-83.3453	56.5865	96.7972
-91.8927	48.2638	110.51
-91.1506	47.7619	111.845
-81.9177	33.5657	104.592
-81.9177	33.5657	104.592
-86.2234	15.9293	114.324
-92.1204	36.4763	137.412
-76.6399	63.9574	112.615
-74.957	43.0243	129.511
-74.957	43.0243	129.511
-73.5908	-124.369	283.602
-0.0993519	-17.1416	182.146
-0.0993519	-17.1416	182.146
-0.734798	22.3619	145.691
-1.18217	61.4121	108.605
13.6657	-188.636	326.151
0.295209	40.8583	123.832
41.7657	-187.026	327.775
64.4583	-177.602	290.471
68.0115	43.0437	123.257
187.762	-172.069	299.689
184.94	-143.37	272.087
67.3379	61.5347	104.128
191.6	-124.133	266.667
184.955	-101.325	233.214
197.741	-129.531	241.78
178.595	-63.4286	220.465
178.595	-63.4286	220.465
202.903	-129.66	233.386
204.582	-107.275	221.087
208.932	-60.6212	227.752
206.278	-70.1417	215.578
222.717	-73.8542	221.784
-108.091	7.59886	111.406
-93.6266	30.7407	99.2002
-93.7433	33.277	103.062
-82.4708	56.2409	91.3765
-97.1492	20.7351	110.567
-88.6161	43.8588	101.586
-91.684	54.8295	104.771
-90.4744	24.1873	105.051
-83.142	59.1864	96.2947
-92.912	48.7215	111.677
-90.033	47.312	110.565
-91.4352	32.8765	113.887
-82.6587	33.9154	105.601
-97.1325	16.8241	132.308
-96.787	32.4784	134.822
-76.0513	43.6399	131.362
-76.0513	43.6399	131.362
-75.6343	-38.5787	209.394
-75.6343	-38.5787	209.394
-73.7382	-58.9036	224.059
-75.747	-82.2376	249.023
-75.747	-82.2376	249.023
-15.4893	-200.468	334.6
-0.100898	-17.1208	181.954
-1.18197	61.3796	108.568
0.281906	41.7771	126.545
17.7534	-191.031	331.807
40.877	-183.067	320.746
45.2983	-185.199	319.61
67.9637	43.0059	123.172
195.223	-178.373	311.451
186.271	-144.583	274.249
67.3656	61.589	104.204
200.068	-141.372	262.642
177.868	-71.4505	227.804
179.89	-98.4213	226.858
192.698	-86.1933	229.073
190.897	-66.7328	222.951
199.066	-126.862	228.907
198.452	-83.4169	224.218
185.261	-57.8187	204.992
198.687	-55.3539	213.791
218.933	-72.7648	218.183
-103.979	13.9658	109.8
-91.8563	32.572	101.091
-96.8613	8.8533	108.003
-87.9999	43.31	98.3642
-87.9999	43.31	98.3642
-82.0538	55.9496	90.9548
-93.5882	24.7007	105.872
-83.9597	59.7378	97.212
-87.3582	36.2724	102.848
-93.9548	17.8201	116.742
-92.774	48.6945	113.89
-82.848	33.9468	105.782
-82.848	33.9468	105.782
-98.1899	32.9646	136.773
-76.0687	43.6519	131.41
-76.0687	43.6519	131.41
-73.8966	22.7339	146.401
-74.7809	2.87268	167.824
1.07313	-194.037	327.074
-0.110532	-17.2518	183.208
-0.110532	-17.2518	183.208
-0.736412	22.3511	145.611
-0.736412	22.3511	145.611
14.0037	-192.444	332.883
0.326852	41.4791	125.626
44.3065	-181.715	313.346
44.3065	-181.715	313.346
67.7394	4.8484	159.763
182.883	-189.071	319.777
68.1379	43.1166	123.491
68.1379	43.1166	123.491
183.133	-141.954	269.484
67.2687	61.4971	104.058
67.2687	61.4971	104.058
190.72	-123.514	265.288
176.476	-62.7491	217.935
176.476	-62.7491	217.935
194.289	-86.8903	230.911
194.289	-86.8903	230.911
198.379	-126.131	227.9
193.118	-60.2868	213.703
189.84	-99.3598	204.889
194.321	-56.2994	211.723
198.249	-67.3708	207.134
232.622	-88.4761	240.987
-93.6284	30.7433	99.2355
-102.642	14.626	111.118
-92.2286	32.6898	101.478
-102.347	9.54527	114.382
-97.9067	14.3898	111.418
-92.8631	55.5604	106.155
-85.2036	57.9932	99.117
-95.4955	9.4886	114.747
-90.8105	47.7323	109.244
-94.2955	17.8833	117.19
-82.8819	33.9793	105.855
-89.2537	49.4356	114.091
-95.3034	31.9587	132.879
-93.4974	37.0095	139.412
-76.3329	43.7919	131.826
-76.3329	43.7919	131.826
-75.6194	2.94274	169.62
1.11782	-199.8	337.134
0.512594	-57.795	219.996
-0.101731	-17.1733	182.585
-0.101731	-17.1733	182.585
-1.19108	61.4458	108.756
-1.19108	61.4458	108.756
0.212851	42.7592	129.486
17.855	-191.883	333.289
67.0774	-184.286	301.671
67.0774	-184.286	301.671
68.8382	-54.9978	216.574
68.8382	-54.9978	216.574
180.961	-160.387	303.887
180.659	-139.986	265.793
67.3619	61.5992	104.215
186.088	-120.52	259.247
207.211	-146.522	272.08
175.6	-95.776	230.56
178.747	-98.1005	225.758
180.526	-64.1632	222.913
186.204	-64.8196	217.154
196.191	-102.768	211.87
191.696	-53.3962	206.271
191.696	-53.3962	206.271
194.59	-66.1569	203.409
221.86	-84.3516	229.834
-98.6434	14.4737	112.23
-96.186	20.5522	109.534
-88.8032	34.5062	101.762
-90.7695	44.8824	103.979
-87.0714	31.7272	100.815
-84.677	60.2001	98.0035
-84.8501	57.6759	98.6392
-93.9286	49.3711	112.985
-93.9725	17.8191	116.806
-92.4545	48.5643	113.518
-83.596	34.3039	106.783
-95.7071	16.8657	130.414
-93.8996	37.1593	140.06
-77.0142	64.2445	113.179
-75.3155	43.2284	130.114
-75.3155	43.2284	130.114
-74.3255	2.85322	166.729
-74.2423	-80.651	244.258
0.505732	-57.4671	218.773
-0.0949907	-17.157	182.413
-0.744877	22.5117	146.68
14.1897	-196.627	339.745
17.9718	-193.124	335.429
41.0436	-183.585	321.966
68.0783	-186.677	315.459
67.4401	-114.066	264.865
67.4401	-114.066	264.865
67.7777	4.83071	159.716
67.7777	4.83071	159.716
186.746	-193.151	326.623
188.98	-172.181	301.098
67.5381	61.7486	104.455
176.616	-129.711	250.004
184.886	-101.003	242.927
183.358	-100.269	231.164
177.073	-62.9887	218.695
177.073	-62.9887	218.695
199.363	-126.677	228.949
186.242	-78.4187	210.71
186.835	-58.3109	206.708
204.988	-107.425	221.418
191.765	-55.6223	208.896
197.393	-67.0182	206.184
-94.0932	30.8976	99.7149
-93.0384	32.972	102.409
-84.6829	57.7404	93.8033
-96.4651	20.6354	109.827
-91.0844	24.3468	105.751
-93.4946	55.8821	106.85
-92.4616	9.22049	111.191
-93.4136	49.0732	112.35
-92.2991	24.6589	113.903
-94.8926	17.9899	117.925
-83.432	34.1763	106.527
-83.432	34.1763	106.527
-89.0633	49.31	113.826
-77.9005	64.9813	114.444
-77.9005	64.9813	114.444
-76.8017	44.0623	132.645
-76.8017	44.0623	132.645
-76.696	2.99245	171.896
-0.489599	2.67424	166.258
-0.489599	2.67424	166.258
-0.73801	22.4063	146.012
-0.73801	22.4063	146.012
-1.1831	61.5274	108.847
-1.1831	61.5274	108.847
17.7768	-191.237	332.22
35.7371	-191.47	330.962
66.5195	-182.813	299.216
68.7708	-116.259	269.975
175.547	-155.493	294.715
67.3433	42.611	122.033
67.3433	42.611	122.033
181.559	-140.774	267.195
67.1371	61.3853	103.836
184.123	-119.262	256.45
203.088	-143.599	266.662
178.98	-97.7267	235.192
182.934	-100.41	231.079
179.411	-63.72	221.492
189.364	-57.7484	220.684
188.66	-79.4368	213.423
179.763	-56.0006	198.605
202.897	-106.402	219.331
205.63	-59.6605	224.226
226.235	-86.0215	234.354
-94.9973	31.1835	100.654
-99.3365	19.9067	110.066
-93.4228	33.1097	102.768
-99.1967	14.5631	112.868
-88.4462	60.2962	97.8345
-98.9343	11.0847	115.452
-94.0593	56.2643	107.5
-83.8345	59.6877	97.129
-92.8858	53.3367	110.013
-94.8962	18.0105	117.951
-93.4567	49.0252	114.724
-83.8653	34.4045	107.105
-87.2471	16.1575	115.941
-93.4918	37.0229	139.506
-77.7813	64.894	114.297
-77.7813	64.894	114.297
-76.8534	44.1038	132.759
-76.8534	44.1038	132.759
-75.6661	-60.452	229.955
1.32154	-190.127	321.25
-0.0982924	-17.2219	183.107
-0.0982924	-17.2219	183.107
-0.733419	22.4168	145.972
-0.733419	22.4168	145.972
-1.1813	61.5698	108.96
-1.1813	61.5698	108.96
17.7252	-190.283	330.528
42.3089	-189.419	331.995
46.3334	-190.031	327.747
67.9125	-54.296	213.756
68.1656	-14.8074	178.734
67.2453	23.8546	140.408
67.2453	23.8546	140.408
173.417	-153.1	290.516
67.638	42.8103	122.594
67.638	42.8103	122.594
183.38	-164.755	290.277
188.586	-122.116	262.333
179.741	-98.0194	235.955
181.612	-99.5733	229.133
178.424	-63.3192	220.252
194.84	-117.856	235.247
186.744	-65.1005	217.859
191.26	-59.806	211.877
196.776	-57.0589	214.38
219.859	-88.6617	234.144
184.621	-62.3695	192.64
-103.24	8.28611	110.582
-93.2528	33.0468	102.562
-99.9102	14.6748	113.688
-85.4154	58.2274	94.4895
-92.3343	24.6917	107.216
-94.0694	56.2244	107.505
-88.3188	36.6834	103.96
-83.293	59.3062	96.5247
-93.1338	53.491	110.31
-95.0588	18.0291	118.167
-92.8464	48.7416	113.989
-84.2359	34.5426	107.579
-89.4391	49.4904	114.289
-95.3152	16.7098	129.823
-94.3671	37.3542	140.79
-77.8232	64.916	114.349
-77.8232	64.916	114.349
-76.2184	43.733	131.671
-76.2184	43.733	131.671
-75.7049	-60.4833	230.049
-75.8614	-82.3491	249.348
-75.8614	-82.3491	249.348
1.21739	-199.484	337.003
-0.730035	22.4232	145.986
-0.730035	22.4232	145.986
-1.18708	61.6378	109.092
-1.18708	61.6378	109.092
17.844	-192.112	333.713
42.0906	-188.623	330.367
61.8242	-175.965	300.485
67.3584	-53.8614	211.957
69.1622	4.93971	163.199
69.1622	4.93971	163.199
178.526	-157.619	299.054
67.6164	42.7905	122.552
67.6164	42.7905	122.552
185.201	-143.576	272.529
191.419	-123.895	266.358
180.194	-98.5163	236.802
180.96	-99.2308	228.362
197.478	-119.498	238.476
182.754	-63.7184	213.229
191.121	-58.4275	223.046
192.893	-60.3153	213.695
198.47	-57.5454	216.325
187.343	-63.3244	195.519
237.856	-90.6754	246.596
-95.2604	31.2956	100.923
-92.3896	32.7411	101.721
-95.6621	25.2361	108.213
-95.6621	25.2361	108.213
-93.8354	56.0931	107.227
-84.3923	60.0411	97.7357
-86.3161	58.6086	100.245
-95.4995	50.1313	114.812
-95.3547	18.0966	118.52
-93.2324	48.9305	114.452
-86.6277	35.4152	110.5
-88.2779	16.3288	117.294
-94.162	37.2848	140.472
-77.8937	64.9968	114.473
-77.8937	64.9968	114.473
-76.859	44.0929	132.758
-76.859	44.0929	132.758
-77.5158	-18.0343	194.157
-75.1154	-60.0299	228.408
-75.5688	-82.0438	248.372
1.28929	-185.713	313.822
-0.727108	22.4035	145.854
-0.727108	22.4035	145.854
-0.953068	42.0987	127.768
-1.18051	61.562	108.943
18.0018	-194.037	336.948
42.2908	-189.48	332.008
45.7022	-187.234	322.955
68.3059	-14.8206	179.117
66.9677	23.7529	139.792
66.9677	23.7529	139.792
67.6033	42.7851	122.53
180.42	-162.214	285.719
181.206	-140.45	266.613
189.363	-122.648	263.522
200.594	-141.9	263.423
170.436	-92.9654	223.789
177.687	-63.0378	219.293
198.18	-88.6766	235.596
187.801	-65.4653	219.097
193.147	-56.032	210.248
191.194	-53.2938	205.702
228.021	-92.009	242.972
187.084	-63.1783	195.175
-103.962	8.29332	111.435
-94.9379	31.1747	100.606
-100.907	9.21362	112.446
-99.5221	19.9592	110.28
-93.5545	33.1785	102.944
-88.6312	43.8929	101.661
-93.1877	26.1352	108.206
-92.896	55.5922	106.213
-87.0562	59.032	100.995
-82.7031	58.9129	95.8504
-93.1109	24.8933	114.9
-95.2078	18.0568	118.314
-92.8859	48.7414	114.026
-83.4168	34.244	106.554
-88.0147	48.6616	112.497
-93.0886	36.8721	138.917
-77.2269	64.4311	113.479
-77.2269	64.4311	113.479
-76.8947	44.1214	132.814
-76.8947	44.1214	132.814
1.29749	-185.928	314.069
-0.730495	22.404	145.907
-0.730495	22.404	145.907
-1.18161	61.561	108.934
-1.18161	61.561	108.934
17.9649	-193.455	336.028
45.8557	-188.103	324.332
70.1971	-193.126	327.108
68.2194	-14.8142	178.857
67.4217	23.9247	140.776
67.4217	23.9247	140.776
171.801	-175.687	308.578
173.098	-152.878	289.992
67.6704	42.826	122.657
67.6704	42.826	122.657
190.991	-123.644	265.653
199.37	-141.032	261.828
183.148	-100.418	231.105
183.148	-100.418	231.105
175.281	-62.1759	216.306
189.142	-65.9049	220.65
188.745	-79.5535	213.552
190.507	-59.5474	210.959
190.003	-55.0449	206.827
228.885	-87.1006	237.182
-95.8738	31.4763	101.558
-99.1879	19.8771	109.905
-98.3145	9.0607	109.694
-96.5029	20.6098	109.888
-94.2707	36.5721	107.819
-98.0387	10.9056	114.445
-93.4319	55.8892	106.825
-87.701	59.5576	101.865
-94.9844	49.8837	114.215
-94.9321	18.0135	118.009
-92.3318	48.4864	113.374
-83.8038	34.3443	107.014
-83.8038	34.3443	107.014
-90.8263	16.8037	120.6
-77.4218	64.6097	113.808
-77.4218	64.6097	113.808
-76.8096	44.0737	132.657
-76.8096	44.0737	132.657
-75.4437	-60.2737	229.257
-75.4437	-60.2737	229.257
1.19578	-192.252	324.821
-0.726044	22.385	145.803
-0.726044	22.385	145.803
-1.17909	61.4906	108.856
17.9275	-192.965	335.122
41.7235	-186.62	327.197
46.6717	-191.525	330.233
68.7305	-14.9209	180.271
177.904	-157.027	297.982
67.5623	42.7591	122.466
67.5623	42.7591	122.466
185.635	-144.052	273.298
185.474	-120.111	257.84
184.635	-100.951	242.654
178.764	-63.487	220.707
196.35	-118.761	237.079
197.898	-88.5757	235.277
188.004	-65.6133	219.452
200.367	-84.324	226.661
185.654	-57.9846	205.518
200.62	-58.124	218.61
188.294	-63.7048	196.559
-95.4628	31.3395	101.145
-99.2171	19.8969	109.932
-98.7839	7.58403	111.05
-81.9653	55.8934	90.823
-96.5329	20.6333	109.914
-92.023	35.7695	105.496
-96.4408	10.8402	112.654
-92.6348	55.4401	105.934
-84.7081	60.2425	98.054
-93.1979	24.9022	115.007
-95.2062	18.0642	118.326
-92.4788	48.5593	113.553
-84.5658	34.6697	107.976
-84.5658	34.6697	107.976
-89.4495	49.5105	114.299
-77.6581	64.7933	114.113
-76.5404	43.9227	132.223
-76.5404	43.9227	132.223
1.13349	-196.462	331.867
-0.100029	-17.2702	183.549
-0.100029	-17.2702	183.549
-0.729188	22.398	145.875
-0.729188	22.398	145.875
-1.18126	61.583	108.995
17.7753	-191.314	332.249
41.8202	-187.385	328.304
45.8147	-187.849	323.94
68.3374	-14.8313	179.196
68.8786	4.92635	162.452
172.142	-151.96	288.332
67.6327	42.792	122.559
67.6327	42.792	122.559
183.18	-164.624	290.014
188.563	-122.111	262.293
175.125	-95.4702	229.897
199.993	-120.994	241.499
198.125	-88.69	235.562
187.972	-65.4864	219.236
177.176	-54.0032	206.33
197.097	-54.9802	212.145
185.956	-62.9011	194.075
216.475	-71.8445	215.672
-95.7651	31.4334	101.433
-99.5048	19.9533	110.248
-101.439	9.28159	113.08
-94.9651	25.0431	107.457
-92.5768	35.9553	106.073
-92.6504	55.4212	105.922
-84.3679	60.0721	97.7218
-87.7856	59.5843	101.913
-93.3642	48.976	112.232
-92.8248	24.7841	114.542
-95.4828	18.1091	118.661
-91.8395	48.2868	112.816
-83.4925	34.277	106.66
-77.6495	64.7919	114.093
-77.6495	64.7919	114.093
-76.5092	43.9072	132.171
-76.5092	43.9072	132.171
-76.7556	-106.019	273.141
-76.7556	-106.019	273.141
-74.1292	-125.271	285.685
1.26826	-192.224	324.843
-0.0900192	-17.2085	182.973
-0.723281	22.391	145.728
-0.723281	22.391	145.728
-1.18509	61.6258	109.06
17.963	-193.625	336.156
41.9871	-188.101	329.48
63.1629	-179.657	306.796
68.4827	-14.8672	179.562
67.0221	23.775	139.912
67.0221	23.775	139.912
173.747	-153.449	291.07
67.594	42.7751	122.502
67.594	42.7751	122.502
190.761	-171.581	302.2
187.056	-121.102	260.183
200.983	-142.147	263.913
174.215	-95.0376	228.687
173.992	-61.7183	214.728
196.588	-87.9671	233.698
172.529	-60.1198	201.238
197.088	-82.7925	222.76
202.965	-58.8509	221.163
192.171	-53.5543	206.785
226.797	-91.4566	241.544
-104.189	8.30478	111.657
-95.0042	31.2032	100.653
-95.8491	20.4696	109.131
-93.3279	26.1499	108.354
-93.4094	55.8735	106.775
-90.6927	37.5315	106.556
-83.2432	59.2728	96.4539
-88.8319	60.3332	103.191
-91.5519	48.1779	110.157
-94.7359	17.976	117.739
-91.0567	47.9264	111.872
-84.5843	34.6912	108.026
-84.5843	34.6912	108.026
-91.7663	16.9759	121.829
-77.7928	64.8981	114.311
-77.7928	64.8981	114.311
-75.9512	43.5963	131.223
-75.4209	-60.2651	229.253
-75.0636	-81.4707	246.671
-75.0636	-81.4707	246.671
1.2713	-188.569	318.633
-0.729004	22.4033	145.88
-0.729004	22.4033	145.88
-1.1881	61.6478	109.124
17.7848	-191.406	332.463
42.2996	-189.311	331.992
62.7964	-178.513	304.837
68.0798	-54.4351	214.211
68.2364	-14.8095	178.922
178.132	-157.186	298.366
67.7714	42.8948	122.844
67.7714	42.8948	122.844
185.13	-166.332	293.063
180.485	-116.899	250.938
182.438	-100.081	230.275
182.438	-100.081	230.275
174.312	-61.836	215.115
198.626	-120.221	239.877
181.407	-63.2453	211.65
195.007	-82.0146	220.458
187.619	-58.6128	207.68
200.198	-55.8915	215.552
184.237	-62.2176	192.187
-104.794	8.40518	112.212
-95.6574	31.4165	101.345
-99.611	19.9599	110.368
-93.6299	8.65511	104.563
-99.4754	14.5986	113.179
-85.0513	57.9946	94.1947
-93.7904	56.0799	107.19
-89.157	36.9644	104.867
-85.1491	57.8696	98.9573
-96.2548	50.4649	115.684
-95.0447	18.0105	118.118
-83.8593	34.3957	107.086
-83.8593	34.3957	107.086
-89.028	49.2558	113.759
-89.3234	16.5975	118.63
-77.692	64.821	114.164
-24.6623	-22.287	43.5956
-76.8021	44.0624	132.649
-76.8021	44.0624	132.649
-75.009	-59.9151	227.943
1.29502	-194.747	329.069
-0.72371	22.3797	145.706
-0.72371	22.3797	145.706
-1.18446	61.5921	108.996
17.7899	-191.366	332.358
41.2969	-184.719	323.803
46.5838	-191.108	329.595
67.9735	-54.3414	213.9
68.3483	-14.8409	179.246
66.5474	23.6024	138.893
66.5474	23.6024	138.893
172.273	-151.818	288.364
67.6336	42.8009	122.578
67.6336	42.8009	122.578
184.007	-165.37	291.329
183.708	-119.022	255.461
177.231	-96.7467	232.731
198.729	-120.234	239.974
197.286	-88.2889	234.522
181.984	-63.5269	212.445
206.353	-63.0864	240.813
190.041	-80.1213	215.057
187.791	-58.7422	208.048
196.065	-56.7944	213.518
186.202	-62.9378	194.319
-103.146	8.28082	110.504
-94.9938	31.2039	100.658
-99.5377	19.9537	110.287
-92.4638	32.7891	101.771
-92.9297	8.81525	103.931
-94.8501	25.0238	107.334
-86.6109	59.0667	95.8611
-92.7193	55.4791	105.992
-86.6418	58.8406	100.65
-94.9755	49.9202	114.231
-92.8545	48.731	113.988
-83.3785	34.2127	106.503
-83.3785	34.2127	106.503
-89.3394	49.5288	114.126
-88.1374	16.3054	117.035
-91.9212	16.2017	125.429
-78.1193	65.166	114.775
-78.1193	65.166	114.775
-76.6108	43.9479	132.32
-76.6108	43.9479	132.32
1.26971	-192.823	325.768
-0.109218	-17.29	183.869
-0.727116	22.3908	145.811
-0.727116	22.3908	145.811
14.2237	-196.624	340.089
-1.18781	61.6037	109.019
0.319526	40.7452	123.658
35.5176	-189.982	328.479
45.9885	-188.791	325.446
68.0463	-14.7669	178.416
69.0174	4.9355	162.796
67.3722	23.9042	140.656
67.3722	23.9042	140.656
160.716	-141.692	269.028
67.7418	42.8758	122.798
67.7418	42.8758	122.798
181.788	-163.239	287.692
193.677	-125.418	269.462
198.012	-140.069	260.027
173.865	-94.916	228.282
174.365	-61.8478	215.17
198.873	-89.0389	236.443
176.052	-61.3161	205.301
181.447	-56.6658	200.847
201.257	-105.51	217.516
195.689	-54.5551	210.598
224.111	-85.2541	232.205
215.014	-71.2723	214.13
-103.074	8.26133	110.468
-95.5602	31.3867	101.244
-99.3379	19.9174	110.082
-97.6533	20.8658	111.137
-96.4175	10.8342	112.611
-93.1113	55.6948	106.452
-87.6886	31.9713	101.57
-84.4165	60.0857	97.776
-87.2604	59.3039	101.418
-94.6678	49.7736	113.879
-94.8027	17.9845	117.848
-92.4054	48.5425	113.478
-89.5109	49.5832	114.352
-98.9211	17.094	134.783
-93.1846	36.8771	139.041
-77.8973	64.9843	114.474
-77.8973	64.9843	114.474
-77.0406	44.2064	133.046
-77.0406	44.2064	133.046
-74.9206	-81.3467	246.282
-74.9206	-81.3467	246.282
-11.0231	-196.238	336.313
1.16977	-194.029	327.786
-0.72306	22.3732	145.689
-0.72306	22.3732	145.689
-1.18442	61.5735	108.964
-1.18442	61.5735	108.964
46.1284	-189.071	326.159
63.4335	-180.651	308.576
67.7195	-54.137	213.06
67.7195	-54.137	213.06
68.4728	-14.8502	179.532
67.0421	23.7808	139.963
67.0421	23.7808	139.963
179.049	-158.178	300.029
67.6827	42.8328	122.683
183.238	-142.14	269.713
193.681	-125.372	269.607
200.934	-142.126	263.876
180.04	-98.4259	236.617
198.847	-88.9754	236.409
186.144	-64.8681	217.112
192.684	-58.8652	224.764
201.824	-105.888	218.181
189.399	-52.805	203.783
221.399	-84.1943	229.318
214.049	-70.7652	212.968
