-97.8706	13.1002	103.378
-97.3636	13.813	105.381
-91.0241	24.0164	102.989
-91.0241	24.0164	102.989
-95.031	56.8533	108.552
-88.7494	34.4236	101.65
-83.0162	58.6628	95.8317
-83.7324	30.5309	97.0375
-93.1168	48.9894	111.995
-93.1168	48.9894	111.995
-87.6157	8.81604	105.373
-82.3703	33.6669	105.133
-82.3703	33.6669	105.133
-88.0408	15.5105	120.097
-93.9149	31.3844	131.225
-81.0351	67.5875	119.068
-79.592	45.6283	137.44
-79.592	45.6283	137.44
-80.2162	24.6271	158.796
-80.2162	24.6271	158.796
-78.4809	3.01403	175.974
-76.9186	-17.9567	192.923
-1.28193	66.7545	118.145
-0.770901	23.8326	155.343
-0.0979521	-18.1711	193.147
-0.0979521	-18.1711	193.147
0.239674	46.3408	140.534
73.2071	5.22814	172.618
73.2071	5.22814	172.618
73.7471	26.1632	153.982
74.9204	47.4135	135.737
74.9204	47.4135	135.737
74.5817	68.1658	115.329
79.09	46.2338	80.9663
-97.4099	13.8351	105.429
-89.3207	37.577	101.343
-94.7535	13.8711	107.793
-92.5026	19.7357	105.3
-95.2415	56.9877	108.8
-91.4153	35.4402	104.649
-89.3134	27.8278	102.635
-85.4721	60.2737	98.5043
-85.4721	60.2737	98.5043
-93.2514	48.9004	114.415
-82.6319	33.7901	105.475
-82.6319	33.7901	105.475
-91.4113	50.3313	116.775
-87.9778	16.2492	116.662
-88.4243	15.5523	120.582
-93.5835	31.2884	130.779
-80.8806	67.4515	118.842
-80.8806	67.4515	118.842
-97.7749	38.6353	145.767
-79.5594	45.6295	137.408
-79.5594	45.6295	137.408
-76.8922	-17.9599	192.887
-76.8922	-17.9599	192.887
-17.0079	-62.4598	117.571
-1.28561	66.8276	118.266
-0.102239	-18.1569	193.024
-0.102239	-18.1569	193.024
0.229245	46.0573	139.661
74.3693	5.31277	175.452
74.3693	5.31277	175.452
74.4113	68.0023	115.049
80.9212	47.3333	82.9041
-97.111	12.9891	102.624
-90.2775	31.995	99.2916
-89.5927	8.27717	99.9912
-90.8296	23.9491	102.762
-94.1363	56.3531	107.585
-89.9734	28.0094	103.358
-82.7499	58.3884	95.4424
-84.599	30.8324	98.0034
-89.4219	23.812	103.699
-88.8547	24.8929	103.193
-85.3778	8.60447	102.815
-93.042	48.8296	114.19
-81.8565	33.4882	104.508
-81.8565	33.4882	104.508
-89.6946	15.795	122.333
-80.6932	67.3181	118.597
-98.0865	38.7746	146.231
-80.6638	46.2423	139.275
-80.6638	46.2423	139.275
-77.0191	-17.9828	193.229
-77.0191	-17.9828	193.229
-0.510766	2.79044	175.935
-0.0997512	-18.2106	193.561
0.316707	45.4794	137.917
73.5786	5.25042	173.549
73.5786	5.25042	173.549
72.7974	25.8127	151.907
77.7939	45.4319	79.5756
-105.31	15.2763	109.599
-90.3857	29.6474	95.7782
-91.2802	32.3367	100.359
-90.8071	8.64663	101.616
-91.2638	24.065	103.251
-91.2638	24.065	103.251
-94.0436	56.2874	107.458
-84.5414	59.6993	97.5366
-89.276	23.7798	103.531
-90.7125	26.742	105.382
-87.1639	8.7632	104.836
-93.7778	49.1582	115.037
-83.8678	13.2201	106.956
-81.1717	33.1603	103.599
-81.1717	33.1603	103.599
-81.1455	67.6691	119.221
-98.6318	38.9707	147.071
-79.7341	45.7207	137.705
-79.7341	45.7207	137.705
-78.5657	3.0085	176.184
-76.3765	-17.8397	191.63
-1.28244	66.7094	118.068
-0.0960799	-18.1664	193.045
-0.0960799	-18.1664	193.045
0.188118	46.9216	142.31
73.3169	26.0107	153.073
73.3169	26.0107	153.073
74.2785	67.8841	114.858
78.8417	46.0887	80.7055
-99.4729	8.03398	106.455
-91.2005	32.31	100.297
-95.3159	13.9491	108.41
-94.3987	56.4908	107.862
-88.209	34.2467	101.104
-88.7472	27.6319	101.973
-82.6406	58.3155	95.3298
-82.6406	58.3155	95.3298
-91.6554	24.3871	106.207
-89.6353	8.89881	107.723
-93.0324	48.7683	114.142
-81.6621	33.4039	104.263
-81.6621	33.4039	104.263
-90.8902	50.0412	116.132
-93.8584	31.3676	131.152
-80.8018	67.3956	118.738
-98.523	38.9543	146.895
-80.1114	45.9299	138.345
-80.1114	45.9299	138.345
-76.9618	-17.9831	193.104
-76.9618	-17.9831	193.104
-1.00454	45.0453	136.657
-0.0994955	-18.1899	193.337
-0.0994955	-18.1899	193.337
0.317228	45.2696	137.185
73.9944	5.28511	174.507
73.9944	5.28511	174.507
74.3672	67.9705	114.996
74.51	47.4237	77.5735
78.7951	46.0486	80.6351
-101.68	14.7449	105.938
-91.4301	32.3839	100.52
-94.5242	18.8999	104.707
-95.0299	13.8958	108.114
-93.8112	56.1576	107.217
-89.7122	34.7926	102.738
-88.8602	27.6836	102.136
-83.5128	58.9185	96.3016
-83.5128	58.9185	96.3016
-94.3375	49.4892	115.739
-91.9053	17.4078	114.175
-84.965	13.3836	108.288
-82.1076	33.5837	104.82
-82.1076	33.5837	104.82
-91.3244	50.3063	116.648
-83.4261	15.4173	110.625
-93.5732	31.2532	130.76
-80.7461	67.3457	118.651
-97.7452	38.6301	145.733
-80.3867	46.0822	138.796
-80.3867	46.0822	138.796
-78.5701	3.01262	176.149
-75.8113	-17.7142	190.259
-0.107491	-18.1903	193.337
-0.107491	-18.1903	193.337
0.313673	45.9063	139.064
73.6566	26.1296	153.772
75.1446	47.5563	136.159
75.1446	47.5563	136.159
74.6167	68.1917	115.365
79.1141	46.2558	80.9939
-97.0286	13.0052	102.503
-97.4137	13.8355	105.436
-89.7018	31.7921	98.7009
-93.3465	19.8848	106.192
-94.2637	56.3885	107.709
-88.6864	34.4121	101.599
-89.9075	27.996	103.292
-83.5166	58.9483	96.3345
-88.5515	24.8144	102.862
-95.1892	50.0465	114.427
-95.1892	50.0465	114.427
-91.9013	17.3952	114.19
-82.3588	33.6832	105.137
-82.3588	33.6832	105.137
-88.6694	16.3875	117.614
-90.5568	15.9637	123.472
-80.4178	67.0699	118.178
-98.0532	38.7567	146.203
-80.1705	45.9569	138.41
-80.1705	45.9569	138.41
-78.099	2.99586	175.158
-76.9537	-17.9664	193.023
-1.28872	66.857	118.317
-1.00769	45.0967	136.816
-0.513109	2.79602	175.866
-0.0878143	-18.1595	192.929
0.315679	45.2557	137.087
73.6444	5.26064	173.678
73.6444	5.26064	173.678
74.5562	68.1378	115.274
80.372	46.9999	82.3002
-97.6028	13.0989	103.11
-89.9875	31.8913	99.0128
-90.7762	23.9469	102.711
-90.7762	23.9469	102.711
-95.0011	13.9015	108.071
-95.1214	56.915	108.675
-83.2744	30.3474	96.4877
-87.2056	23.2542	101.231
-93.7906	49.3108	112.78
-88.5127	8.90434	106.46
-92.8891	48.7516	114.003
-91.95	17.4093	114.235
-82.3668	33.6826	105.137
-82.3668	33.6826	105.137
-91.4496	16.1258	124.636
-81.0751	67.6318	119.16
-97.9974	38.7287	146.125
-80.0981	45.916	138.307
-80.0981	45.916	138.307
-76.9312	-17.968	193.028
-76.9312	-17.968	193.028
-16.5215	-60.8498	114.546
-0.0891149	-18.14	192.841
-0.0891149	-18.14	192.841
73.8006	5.26735	174.041
73.3648	26.0204	153.135
73.3648	26.0204	153.135
74.7135	47.279	135.365
74.7135	47.279	135.365
74.7768	68.349	115.618
79.0617	46.2099	80.9138
-98.0016	13.9167	106.056
-91.6335	32.4591	100.747
-90.7653	23.9548	102.698
-94.8223	13.8587	107.851
-94.5733	56.5919	108.059
-91.9495	35.6274	105.214
-89.1024	27.757	102.384
-82.7128	58.3761	95.417
-86.8831	8.73243	104.51
-93.543	49.1057	114.799
-81.1238	33.156	103.553
-81.1238	33.156	103.553
-90.6039	49.8878	115.764
-89.2271	15.6982	121.649
-92.7477	31.0537	129.656
-81.1441	67.6646	119.201
-81.1441	67.6646	119.201
-98.5224	38.9371	146.896
-80.4077	46.0886	138.821
-80.4077	46.0886	138.821
-76.188	-17.7944	191.174
-76.188	-17.7944	191.174
-1.27986	66.6666	117.987
-1.00609	45.0845	136.735
-0.516345	2.79592	176.061
-0.0988914	-18.1705	193.031
73.2934	5.2351	172.805
73.2934	5.2351	172.805
73.0203	25.8978	152.385
73.0203	25.8978	152.385
74.299	67.8975	114.87
79.7737	46.6577	81.6962
-97.9312	13.9041	105.993
-92.129	32.6251	101.288
-88.651	8.10707	98.8518
-90.4374	23.854	102.314
-94.7315	56.6911	108.235
-89.9149	34.872	102.961
-89.4436	27.8584	102.775
-82.9058	56.3056	96.3582
-85.499	35.5373	100.718
-91.6328	17.9287	109.958
-84.3968	8.50565	101.637
-93.2979	48.9376	114.488
-91.662	17.3662	113.895
-82.9645	33.895	105.839
-82.6944	15.304	109.848
-80.8389	67.42	118.792
-98.5531	38.9493	146.951
-80.2337	45.9875	138.52
-80.2337	45.9875	138.52
-79.9717	24.5488	158.309
-76.4838	-17.87	191.951
-76.4838	-17.87	191.951
-17.2087	-63.1047	118.793
-1.2842	66.7591	118.157
-0.111147	-18.2051	193.544
-0.111147	-18.2051	193.544
0.218045	46.5701	141.181
73.7037	5.26541	173.827
73.7037	5.26541	173.827
73.7362	26.1587	153.931
74.567	68.1502	115.297
78.4194	45.8373	80.2587
-97.5134	13.068	103.019
-96.8311	13.7517	104.82
-90.7112	32.1336	99.7516
-90.9876	23.9993	102.947
-93.7603	56.1	107.138
-87.3524	33.8974	100.086
-89.9051	27.9844	103.286
-83.1406	58.7149	95.9284
-93.665	53.6598	110.857
-91.0288	17.8073	109.246
-88.4207	8.91385	106.359
-90.0537	42.8645	109.19
-81.457	33.3165	104.008
-90.5577	49.8376	115.709
-85.8309	15.8753	113.911
-92.5219	30.926	129.294
-81.5245	67.9781	119.765
-79.7701	45.722	137.733
-79.7701	45.722	137.733
-77.3243	2.96974	173.427
-76.7068	-17.9104	192.393
-0.513357	2.79963	176.116
-0.094833	-18.1505	192.941
0.231827	46.4065	140.733
73.505	5.24656	173.319
73.505	5.24656	173.319
73.7731	26.1708	154.023
74.6505	68.2375	115.444
78.8917	46.1286	80.7757
-89.8988	31.8661	98.9307
-89.6103	8.2632	99.9748
-90.7756	23.9421	102.702
-93.9833	13.746	106.937
-94.5389	56.5329	108.011
-86.8392	33.7209	99.5366
-89.4676	27.8504	102.776
-82.9114	58.5471	95.65
-88.8377	24.8815	103.168
-94.5642	49.7303	113.689
-94.5642	49.7303	113.689
-86.4092	8.70659	104.031
-82.9764	33.9295	105.901
-82.9764	33.9295	105.901
-88.5581	15.6477	120.785
-94.2197	31.4888	131.667
-81.1413	67.6698	119.203
-98.7179	39.0143	147.165
-80.3341	46.0492	138.71
-80.3341	46.0492	138.71
-76.5863	-17.8905	192.167
-76.5863	-17.8905	192.167
-16.7042	-61.4363	115.663
-0.508244	2.79085	175.893
0.19711	46.4227	140.759
73.3509	26.0172	153.112
74.8038	47.3352	135.526
74.8038	47.3352	135.526
74.6967	68.2792	115.526
79.4647	46.4668	81.3684
-97.7901	13.1149	103.328
-98.3479	13.9709	106.416
-94.2121	18.8434	104.389
-90.2297	37.9701	102.364
-93.9024	56.1813	107.299
-91.5452	35.4775	104.77
-89.8781	27.9916	103.279
-82.7219	58.3979	95.426
-82.7219	58.3979	95.426
-88.8448	31.7519	104.632
-93.8483	49.3455	112.846
-92.938	48.7347	114.037
-89.6322	14.0811	114.314
-86.0642	43.9544	116.452
-89.1648	15.6583	121.534
-93.2146	31.1568	130.271
-81.1508	67.6793	119.234
-99.2167	39.2092	147.887
-79.4512	45.5531	137.209
-79.4512	45.5531	137.209
-76.6893	-17.9089	192.346
-76.6893	-17.9089	192.346
-1.28021	66.6166	117.932
-1.0066	45.0928	136.782
-0.503474	2.79118	175.808
0.314848	45.3213	137.38
73.3907	5.23943	173.078
73.3907	5.23943	173.078
72.9211	25.8583	152.161
72.9211	25.8583	152.161
74.867	47.3843	135.651
74.867	47.3843	135.651
74.3945	67.9879	115.023
79.3633	46.3845	81.2236
-97.478	13.0502	102.981
-90.667	29.7368	96.096
-88.7225	8.11962	98.9331
-90.7532	23.9447	102.685
-90.7532	23.9447	102.685
-94.764	56.7133	108.283
-82.4011	58.2059	95.1098
-85.0917	31.0039	98.5615
-94.9057	49.9429	114.123
-87.14	8.76743	104.819
-94.2103	49.4448	115.597
-81.3713	33.226	103.851
-81.3713	33.226	103.851
-90.8968	16.8032	120.474
-93.8168	31.3548	131.114
-80.9339	67.5036	118.915
-98.5201	38.9368	146.869
-80.1265	45.9365	138.361
-80.1265	45.9365	138.361
-78.455	3.01001	175.956
-76.7794	-17.926	192.575
-1.28625	66.7996	118.244
-0.767167	23.8149	155.192
-0.104791	-18.2083	193.616
73.3083	5.23553	172.904
73.3083	5.23553	172.904
73.3563	26.0182	153.138
73.3563	26.0182	153.138
74.8271	47.3579	135.568
74.8271	47.3579	135.568
74.4571	68.0457	115.125
76.0909	44.458	77.8586
-97.812	7.87047	104.795
-89.717	31.811	98.6882
-88.6516	8.17129	98.9208
-83.1107	56.7348	92.1244
-92.0466	19.6469	104.778
-89.2208	34.5956	102.211
-93.4844	55.9704	106.87
-88.6393	24.8395	102.957
-86.6331	58.785	100.588
-93.5501	49.2931	112.556
-94.3053	49.4847	115.71
-82.1706	33.5915	104.895
-82.1706	33.5915	104.895
-85.8321	15.8692	113.905
-97.7773	38.6564	145.796
-79.2207	45.4283	136.847
-79.2207	45.4283	136.847
-10.3612	-186.907	320.227
-0.509051	2.79988	175.931
-0.109639	-18.0838	192.297
-0.767213	23.7875	155.049
-0.767213	23.7875	155.049
-1.00858	45.0895	136.728
-1.00858	45.0895	136.728
-1.29573	66.6045	117.894
-1.29573	66.6045	117.894
47.5293	-172.744	315.612
52.3042	-148.598	253.715
70.5967	-187.891	299.724
68.8905	-116.507	270.499
73.5792	26.0937	153.677
73.5792	26.0937	153.677
182.866	-160.36	305.324
185.201	-169.673	295.462
74.8938	68.4672	115.851
74.8938	68.4672	115.851
183.389	-142.188	269.911
188.273	-159.854	276.09
181.682	-64.6101	224.303
203.528	-91.1878	241.945
191.309	-66.3521	222.817
210.074	-88.7181	237.834
232.992	-64.9349	250.796
248.804	-94.5539	257.723
79.8229	46.6781	81.7444
-82.8724	56.553	91.8615
-88.4582	34.3426	101.4
-94.3486	56.4219	107.811
-89.3592	23.839	103.717
-89.1956	24.9875	103.583
-93.0607	10.4967	108.639
-83.4401	59.3517	96.5703
-88.6425	36.6449	104.13
-92.0312	48.5583	110.817
-92.0457	17.4312	114.401
-81.2388	33.2199	103.723
-92.7157	51.1937	118.484
-93.009	16.413	126.607
-95.9795	37.9497	143.175
-79.1712	45.4121	136.775
-79.1712	45.4121	136.775
-77.4436	-39.5368	214.397
-75.1695	-60.0478	228.469
-5.60549	-180.874	310.097
0.526856	-58.8159	224.04
0.526856	-58.8159	224.04
-0.524416	2.80947	176.362
-0.524416	2.80947	176.362
-0.780249	23.8394	155.428
-0.780249	23.8394	155.428
-1.00044	44.9821	136.397
-1.00044	44.9821	136.397
-1.28293	66.7274	118.115
57.7665	-178.124	286.84
62.8084	-159.823	304.727
71.8384	5.13028	169.293
71.8384	5.13028	169.293
73.4095	26.0321	153.222
73.4095	26.0321	153.222
74.9318	47.424	135.798
74.2576	67.86	114.817
74.2576	67.86	114.817
179.699	-139.408	264.51
174.495	-108.387	250.794
197.225	-139.425	258.9
206.842	-83.2141	265.183
206.842	-83.2141	265.183
204.804	-91.8242	243.496
200.501	-128.315	230.731
214.976	-90.7235	243.362
206.672	-57.6103	222.336
237.208	-90.1853	245.617
243.329	-80.8126	242.479
-99.7423	13.3705	105.318
-94.4093	13.8301	107.418
-92.4042	19.7157	105.172
-91.2834	25.9657	104.023
-87.5679	33.9828	100.387
-94.4307	56.4832	107.922
-82.7751	30.1761	95.9029
-84.483	60.0884	97.7694
-90.5691	17.7276	108.707
-94.5079	49.8276	113.723
-82.161	15.2393	109.273
-98.7582	39.0334	147.3
-80.7697	46.3001	139.457
-80.7697	46.3001	139.457
-77.4885	23.8207	153.519
-77.4885	23.8207	153.519
-78.5054	-18.3284	196.907
-47.2651	-183.952	304.192
0.52447	-59.0378	224.906
-0.541613	2.8172	177.006
-0.541613	2.8172	177.006
-0.994828	44.9468	136.286
-0.994828	44.9468	136.286
53.8223	-153.209	261.572
61.8169	-157.163	299.603
74.2405	26.3376	155.065
74.2405	26.3376	155.065
74.148	46.9168	134.353
74.148	46.9168	134.353
179.891	-164.816	286.994
74.6908	68.2715	115.528
74.6908	68.2715	115.528
181.595	-140.849	267.237
179.292	-152.117	262.726
174.295	-108.233	250.524
193.921	-77.8432	248.36
203.911	-91.2719	242.292
205.322	-71.7909	239.854
194.378	-124.267	223.505
204.243	-63.8929	226.262
202.969	-106.366	219.283
203.924	-56.865	219.402
233.614	-88.7944	241.94
-96.9284	12.9805	102.418
-96.9284	12.9805	102.418
-89.9713	29.5437	95.3456
-84.1833	28.7277	94.8145
-94.0423	56.2808	107.491
-91.0112	26.883	105.833
-91.0112	26.883	105.833
-91.7445	62.0676	106.271
-82.6359	58.8405	95.7159
-90.9219	17.8195	109.145
-93.0712	48.7932	114.191
-89.0663	32.1958	111.173
-81.1618	33.2402	103.654
-84.9155	15.7625	112.935
-94.0225	16.4536	128.03
-80.5208	46.1587	139.03
-80.5208	46.1587	139.03
-78.6336	24.1487	155.656
-78.6336	24.1487	155.656
-78.9012	-18.4072	197.797
-78.9012	-18.4072	197.797
-79.8614	-110.148	283.463
-9.71866	-173.622	297.547
-1.00387	45.0224	136.52
-1.27309	66.5478	117.788
0.231746	46.096	139.804
55.8074	-169.133	285.266
53.7858	-153.115	261.515
72.7241	-15.7934	190.679
72.8051	25.8134	151.969
72.8051	25.8134	151.969
74.5398	47.1638	135.053
74.5398	47.1638	135.053
74.7859	68.3565	115.667
183.718	-142.543	270.46
170.561	-105.88	245.091
175.339	-113.564	243.766
198.387	-140.306	260.499
213.121	-74.4892	248.925
187.194	-56.9022	217.525
194.591	-124.32	223.665
183.895	-57.4809	203.537
198.927	-55.4809	214.044
-95.5699	7.58739	102.381
-88.1651	8.1386	98.4105
-86.8885	59.2134	96.1344
-90.9592	24.0051	102.9
-90.9592	24.0051	102.9
-87.4859	33.9939	100.332
-93.5	55.928	106.858
-87.8681	43.4564	100.716
-85.853	61.0721	99.3552
-87.6227	36.3755	103.16
-90.2929	17.6745	108.393
-84.99	8.50204	102.316
-95.1241	50.1373	114.45
-95.3665	43.3217	116.235
-92.7349	48.6367	113.804
-82.4198	15.2613	109.479
-91.1754	46.6269	123.291
-80.9857	67.5393	119
-98.0627	38.77	146.216
-80.348	46.071	138.739
-80.348	46.071	138.739
-79.1323	24.3031	156.681
-79.1323	24.3031	156.681
-0.112245	-18.187	193.423
-0.527639	2.81149	176.649
-0.77444	23.8357	155.357
-0.77444	23.8357	155.357
-1.00218	44.9931	136.451
-1.00218	44.9931	136.451
-1.27964	66.5826	117.824
56.4323	-171.043	288.469
63.5545	-161.693	308.309
72.863	25.8303	152.093
72.863	25.8303	152.093
74.107	46.8824	134.244
74.107	46.8824	134.244
173.596	-152.455	289.904
74.6035	68.1965	115.395
74.6035	68.1965	115.395
182.936	-155.372	268.223
173.391	-107.657	249.185
179.683	-116.361	249.912
193.063	-136.47	253.426
181.035	-64.3368	223.405
204.351	-71.336	238.542
196.713	-103.046	212.42
202.388	-56.4575	217.791
265.048	-100.825	274.75
238.786	-79.2307	237.888
-98.8134	13.221	104.372
-98.8134	13.221	104.372
-89.6707	31.7898	98.6916
-90.7148	23.9304	102.635
-90.6837	35.1921	103.915
-93.0197	55.6646	106.339
-89.09	44.1484	102.235
-87.025	23.2586	101.105
-83.1424	59.1516	96.2551
-88.6591	60.1545	102.927
-87.9849	8.80601	105.782
-90.6969	17.7674	108.848
-93.8816	49.4377	112.95
-92.5393	48.5308	113.554
-85.9645	13.5009	109.654
-79.9463	32.7349	102.123
-99.0585	33.1742	138.269
-79.2159	45.4395	136.871
-79.2159	45.4395	136.871
-76.744	-83.3853	252.42
0.531764	-58.7559	223.825
0.531764	-58.7559	223.825
-0.1226	-18.2827	194.422
-0.537337	2.81993	176.998
-0.772627	23.8703	155.551
-0.772627	23.8703	155.551
-1.00571	45.0418	136.55
-1.27419	66.6154	117.855
0.36921	44.5088	134.894
59.3526	-182.522	294.112
59.3526	-182.522	294.112
74.3441	-148.784	306.884
72.21	-15.6884	189.331
74.2135	26.3195	154.935
74.2135	26.3195	154.935
74.6993	47.2698	135.384
74.6993	47.2698	135.384
169.159	-148.787	282.565
178.945	-138.796	263.346
189.068	-160.445	277.346
74.6505	68.236	115.469
170.023	-105.615	244.241
184.134	-65.5369	227.404
208.272	-93.1465	247.553
196.471	-59.8707	228.727
199.659	-84.2303	225.855
192.497	-100.862	207.905
212.578	-59.2109	228.671
253.279	-84.1451	252.492
78.4964	45.8734	80.2942
