-176.142	23.5953	186.043
-161.118	52.8624	170.761
-172.379	35.783	184.665
-165.848	58.7862	182.496
-169.756	44.8091	192.034
-201.35	136.111	233.292
-153.552	55.9962	177.92
-228.619	124.827	268.752
-170.339	33.3583	204.436
-170.339	33.3583	204.436
-147.126	14.6172	176.873
-229.365	120.123	281.326
-163.5	66.7675	208.567
-195.358	34.4117	266.189
-262.062	86.9211	365.88
-233.908	194.998	343.668
-233.908	194.998	343.668
-313.162	123.829	466.933
-234.518	134.419	404.929
-288.059	-67.1948	721.825
-288.059	-67.1948	721.825
-366.38	-397.743	1203.9
-366.38	-397.743	1203.9
-329.677	-455.697	1172.78
-1.86886	56.7951	369.889
-1.38136	7.22247	454.184
0.683588	102.404	309.93
142.609	90.2529	258.404
136.309	124.591	210.786
136.309	124.591	210.786
-161.902	53.1283	171.562
-180.236	25.5327	195.022
-180.236	25.5327	195.022
-172.515	61.1139	189.734
-169.606	44.7438	191.861
-229.45	137.413	262.167
-166.58	35.5113	189.57
-172.225	25.191	195.861
-207.749	113.557	244.505
-171.568	70.9998	201.676
-171.849	33.6277	206.233
-235.085	123.007	288.238
-150.822	61.6381	192.569
-164.54	30.4489	218.513
-303.522	120.007	452.735
-239.32	137.201	413.241
-288.167	-67.2175	722.016
-2.79181	145.712	257.813
-0.283802	-47.2688	502.471
-0.283802	-47.2688	502.471
0.815821	100.944	305.687
-174.735	23.3753	184.523
-161.698	53.0496	171.323
-171.088	35.5215	183.323
-175.551	24.8785	190.016
-165.462	58.6204	182.148
-167.99	44.3328	190.021
-227.448	136.094	259.835
-173.248	36.9452	197.155
-160.561	42.851	186.356
-225.047	122.912	264.69
-228.008	119.896	274.093
-155.629	15.4358	186.955
-163.62	66.9049	208.78
-163.62	66.9049	208.78
-160.744	29.6988	213.576
-248.025	82.2497	346.322
-232.21	193.644	341.217
-311.037	-72.4932	778.979
-311.037	-72.4932	778.979
-295.452	-150.893	818.247
-2.27053	102.289	310.24
-1.86603	56.9062	370.854
-1.30547	7.10775	446.713
-1.30547	7.10775	446.713
0.554001	98.764	299.288
139.388	88.1892	252.53
139.388	88.1892	252.53
-175.281	23.4574	185.113
-179.547	25.3986	194.273
-167.526	59.3399	184.267
-169.091	44.6142	191.228
-169.091	44.6142	191.228
-232.059	138.865	265.073
-169.698	36.1778	193.122
-171.561	25.0875	195.144
-146.099	52.4009	172.469
-222.745	117.346	267.979
-222.745	117.346	267.979
-176.123	33.3066	218.851
-157.083	64.1442	200.449
-159.846	29.6008	212.335
-232.627	193.956	341.767
-232.627	193.956	341.767
-321.616	127.113	479.496
-247.062	9.52865	554.136
-271.049	-138.402	750.254
-271.049	-138.402	750.254
-1.82782	56.6525	369.039
-1.82782	56.6525	369.039
-0.267563	-47.7409	507.344
-0.267563	-47.7409	507.344
1.42335	-166.632	634.803
1.42335	-166.632	634.803
142.771	90.3531	258.697
-170.247	47.4552	179.198
-180.733	24.1803	190.797
-178.995	25.3427	193.686
-172.939	61.2421	190.267
-172.37	34.4404	190.941
-166.967	44.0816	188.927
-220.594	131.992	252.073
-175.003	37.3232	199.136
-167.791	65.0974	192.289
-207.412	113.426	244.256
-169.345	33.1786	203.225
-220.288	115.27	270.232
-162.898	66.6197	207.904
-161.261	25.396	205.571
-184.223	32.6869	251.252
-234.407	195.439	344.307
-234.407	195.439	344.307
-313.763	123.988	468.003
-231.682	132.876	400.176
-2.26984	101.997	309.362
-2.26984	101.997	309.362
-0.345166	-47.9874	509.956
-0.345166	-47.9874	509.956
153.054	10.925	360.866
153.054	10.925	360.866
142.452	90.1484	258.063
-204.31	29.6079	212.695
-174.241	23.3123	184
-167.344	34.7522	179.333
-170.217	60.2839	187.262
-168.424	44.4372	190.493
-175.239	25.6241	199.261
-192.464	95.0825	220.424
-169.282	33.111	203.161
-182.072	48.6802	224.578
-231.924	127.308	296.21
-154.269	63.0668	196.958
-154.269	63.0668	196.958
-181.601	33.5839	241.05
-316.215	125.002	471.689
-232.076	133.047	400.842
-251.379	77.1665	497.481
-251.379	77.1665	497.481
-24.1488	-35.5867	67.0819
-269.042	-214.896	817.385
-269.042	-214.896	817.385
-1.82725	56.3752	367.259
-1.82725	56.3752	367.259
0.68761	97.6427	295.737
-0.261705	-46.5283	494.587
-0.261705	-46.5283	494.587
155.173	-33.6835	406.598
155.173	-33.6835	406.598
139.035	87.9543	251.861
-161.484	53.0121	171.12
-177.961	25.2128	192.586
-177.961	25.2128	192.586
-167.698	59.3856	184.399
-168.018	44.3183	190.032
-168.018	44.3183	190.032
-171.888	25.1203	195.535
-157.924	42.1448	183.295
-164.023	45.9406	190.447
-196.09	107.178	230.575
-231.518	121.989	278.495
-159.766	24.0861	194.981
-164.412	67.2278	209.823
-164.412	67.2278	209.823
-238.688	198.972	350.596
-238.688	198.972	350.596
-324.028	128.074	483.256
-239.42	137.285	413.354
-260.062	79.855	514.798
-260.062	79.855	514.798
-301.38	-240.707	915.328
-1.81006	56.2144	366.27
-1.81006	56.2144	366.27
-1.34253	7.15601	449.528
-1.34253	7.15601	449.528
0.789347	102.097	309.443
138.847	87.8339	251.518
151.431	108.697	173.171
-159.938	44.6025	168.452
-176.485	23.6008	186.37
-164.439	53.9453	174.203
-178.558	25.3041	193.214
-175.07	35.003	193.913
-168.291	44.3919	190.325
-175.621	25.7025	199.74
-178.31	34.1798	202.93
-169.943	65.9474	194.724
-227.916	120.141	274.214
-139.432	20.9215	170.092
-178.89	33.8691	222.211
-237.614	130.649	303.379
-158.853	64.9345	202.746
-231.661	193.154	340.366
-231.661	193.154	340.366
-311.879	123.27	465.119
-234.744	134.588	405.436
-234.744	134.588	405.436
-259.304	79.6152	513.053
-259.304	79.6152	513.053
-271.628	-63.3572	680.959
-271.628	-63.3572	680.959
-2.26664	101.864	309.001
-1.87522	56.9152	370.808
-1.37031	7.2179	454.767
-0.34564	-48.2566	512.937
0.742733	100.324	304.194
158.913	-34.4609	416.641
-161.989	53.1454	171.674
-182.658	25.901	197.624
-182.658	25.901	197.624
-166.133	58.88	182.83
-168.776	44.5075	190.912
-168.776	44.5075	190.912
-172.673	25.2817	196.421
-157.043	41.8877	182.226
-211.925	115.862	249.24
-156.528	23.6409	191.178
-209.634	109.645	257.189
-175.261	33.1954	217.812
-159.962	65.4312	204.204
-159.962	65.4312	204.204
-235.827	196.636	346.533
-319.809	126.366	476.906
-236.706	135.738	408.81
-236.706	135.738	408.81
-274.622	10.5937	615.347
-270.489	-63.1068	678.003
-259.129	-132.365	717.6
-259.129	-132.365	717.6
-279.384	-223.328	849.396
-279.384	-223.328	849.396
-1.8131	56.2973	366.841
-1.8131	56.2973	366.841
-1.32557	7.20491	451.427
-0.281342	-48.0597	511.013
0.802717	97.6184	295.893
-173.111	23.1789	182.879
-162.138	53.2045	171.807
-169.234	35.1291	181.314
-176.618	25.0033	191.13
-166.701	59.0482	183.358
-165.941	43.796	187.713
-167.104	47.5797	190.483
-165.874	46.4627	192.591
-142.287	17.9626	165.646
-226.098	118.137	277.163
-228.091	125.493	291.255
-158.027	64.6805	201.787
-158.027	64.6805	201.787
-167.465	30.9609	222.22
-244.25	81.0932	341.142
-230.021	191.814	337.979
-230.021	191.814	337.979
-236.4	135.513	408.248
-236.4	135.513	408.248
-261.477	80.2936	517.41
-261.477	80.2936	517.41
-271.152	10.4192	607.612
-276.085	-64.3461	691.634
-320.57	-163.593	887.357
-2.80451	144.765	256.181
-2.27517	102.365	310.466
-1.29682	7.04006	441.38
157.724	-34.2178	413.576
141.504	89.552	256.322
146.441	105.433	167.754
-162.763	53.377	172.45
-177.874	25.1494	192.443
-177.874	25.1494	192.443
-168.854	59.8246	185.75
-172.379	34.4649	190.971
-169.714	44.7725	191.975
-169.18	24.7371	192.422
-208.599	113.944	245.523
-141.453	21.3258	172.785
-222.893	116.449	273.259
-181.203	48.4539	223.543
-180.019	34.0934	223.659
-156.877	64.1345	200.254
-156.877	64.1345	200.254
-244.81	81.3369	341.937
-235.41	196.264	345.778
-235.41	196.264	345.778
-293.106	-68.3944	734.508
-293.106	-68.3944	734.508
-2.76223	144.818	256.249
-2.27714	102.232	310.024
-2.27714	102.232	310.024
-1.86436	56.9535	371.022
-0.228706	-47.3067	503.268
-0.228706	-47.3067	503.268
141.838	89.7654	256.984
141.838	89.7654	256.984
-179.256	23.9938	189.234
-161.306	52.9124	170.932
-179.094	25.3367	193.749
-163.078	57.8125	179.384
-172.268	34.4349	190.841
-165.506	43.6927	187.29
-172.579	25.1907	196.251
-181.013	70.1898	207.176
-164.953	43.9838	191.336
-208.507	113.974	245.247
-228.088	119.371	279.725
-179.539	33.9923	223.077
-161.288	65.9701	205.859
-209.004	36.6567	284.667
-247.811	82.2825	346.135
-231.517	193.079	340.202
-231.517	193.079	340.202
-241.823	138.556	417.457
-241.823	138.556	417.457
-2.80493	145.013	256.568
-2.80493	145.013	256.568
-2.29317	102.388	310.431
-2.29317	102.388	310.431
-1.85449	56.9075	370.717
-1.85449	56.9075	370.717
-1.33604	7.18567	450.561
-1.33604	7.18567	450.561
1.46947	-167.701	639.042
150.171	53.2831	313.58
150.171	53.2831	313.58
134.547	122.963	208.035
134.547	122.963	208.035
-176.857	49.3185	186.162
-163.377	53.5991	173.125
-176.2	24.9549	190.689
-176.2	24.9549	190.689
-167.91	44.3171	189.954
-167.91	44.3171	189.954
-175.646	25.6757	199.724
-171.016	36.4729	194.629
-177.643	50.5877	202.446
-232.166	138.895	265.18
-149.568	14.8747	179.82
-226.734	118.543	277.992
-160.823	65.6905	205.238
-160.823	65.6905	205.238
-231.211	126.974	295.305
-249.613	82.8625	348.527
-235.547	196.397	346.077
-239.822	137.448	414.194
-239.822	137.448	414.194
-248.09	76.2158	491.302
-287.051	-66.9828	719.652
-287.051	-66.9828	719.652
-2.32021	103.26	313.137
-1.82955	56.3392	367.065
-1.82955	56.3392	367.065
145.78	51.7202	304.387
145.78	51.7202	304.387
142.997	90.499	259.076
142.997	90.499	259.076
133.442	121.926	206.284
-175.084	36.2862	176.753
-167.711	46.9293	176.857
-163.759	53.7184	173.515
-177.032	25.0482	191.579
-177.032	25.0482	191.579
-164.535	43.4325	186.169
-176.279	25.7842	200.467
-172.245	36.7483	196.025
-172.245	36.7483	196.025
-221.068	120.725	259.933
-178.066	73.9575	209.699
-218.594	114.979	262.889
-157.825	24.7877	201.162
-162.82	66.648	207.864
-245.004	81.3247	342.278
-236.736	197.352	347.786
-338.507	133.753	504.732
-237.506	72.9364	470.255
-237.506	72.9364	470.255
-2.28998	102.428	310.633
-2.28998	102.428	310.633
-0.312261	-47.3861	503.922
-0.312261	-47.3861	503.922
142.258	90.037	257.755
142.258	90.037	257.755
111.354	72.288	118.604
-162.948	35.3285	168.849
-169.795	22.7113	179.423
-169.795	22.7113	179.423
-164.795	54.0488	174.58
-170.935	60.5169	187.979
-169.447	44.7212	191.668
-219.691	131.519	251.065
-169.897	33.2783	203.897
-218.529	115.18	262.959
-147.089	22.1608	179.596
-214.76	112.281	263.396
-157.387	64.3788	200.947
-157.387	64.3788	200.947
-155.774	24.4997	198.658
-205.578	68.5921	287.491
-227.994	190.146	335.06
-227.994	190.146	335.06
-304.731	120.488	454.7
-263.481	80.9033	521.543
-0.293913	-47.8956	509.104
-0.293913	-47.8956	509.104
153.223	-33.23	401.519
153.223	-33.23	401.519
148.653	52.7484	310.378
148.653	52.7484	310.378
138.125	99.55	158.33
-146.316	10.3544	151.202
-163.662	53.67	173.412
-175.964	35.1962	194.95
-173.934	25.4802	197.807
-175.392	33.6305	199.642
-228.897	137.041	261.579
-175.006	67.8917	200.405
-200.7	135.756	232.579
-233.718	133.941	276.698
-171.574	33.5847	205.834
-150.096	22.6252	183.144
-177.772	33.6789	220.935
-155.109	63.4839	198.097
-155.109	63.4839	198.097
-224.131	123.323	286.43
-174.418	32.2429	231.318
-233.49	194.728	343.07
-326.757	129.178	487.18
-237.878	136.364	410.821
-237.878	136.364	410.821
-2.85512	146.975	260.137
-2.29382	102.734	311.52
-2.29382	102.734	311.52
-1.85368	56.685	369.345
-1.35998	7.18231	450.498
-1.35998	7.18231	450.498
136.171	124.466	210.611
136.171	124.466	210.611
121.781	87.3255	139.028
-172.641	23.1227	182.328
-160.917	52.8099	170.555
-173.502	36.994	197.392
-172.852	25.3398	196.658
-172.322	49.1074	196.422
-225.83	135.219	258.097
-179.394	69.5945	205.461
-169.609	45.2147	196.697
-225.477	118.592	271.16
-184.273	82.9734	223.953
-226.524	118.851	278.013
-157.493	64.4203	201.072
-233.632	77.9571	326.173
-229.44	191.397	337.23
-231.144	132.561	399.255
-231.144	132.561	399.255
-235.271	72.2918	465.967
-254.603	9.80095	570.826
-2.29436	102.498	310.94
-0.306707	-47.2456	502.325
-0.306707	-47.2456	502.325
0.753228	95.1293	288.535
144.347	51.1844	301.371
144.347	51.1844	301.371
129.73	92.9681	148.038
109.265	63.8888	111.892
-172.33	23.1154	182.026
-164.232	53.8701	174.007
-170.991	45.1089	193.401
-175.88	25.7072	200.033
-171.466	48.7772	195.306
-163.216	63.3488	187.047
-176.838	124.222	203.641
-176.838	124.222	203.641
-140.599	51.2655	163.002
-220.661	116.321	265.592
-145.468	14.6496	175.135
-179.884	34.0828	223.508
-157.13	64.2498	200.576
-234.867	129.421	300.086
-179.827	33.2388	239.029
-233.156	77.8046	325.609
-226.763	189.143	333.298
-331.726	131.142	494.702
-237.277	136.058	409.667
-237.277	136.058	409.667
-237.204	72.8964	469.934
-252.844	9.72887	566.975
-2.25081	101.623	308.191
-2.25081	101.623	308.191
-0.247524	-46.8431	498.158
-0.247524	-46.8431	498.158
147.742	52.4308	308.574
143.13	90.5927	259.375
143.13	90.5927	259.375
117.81	84.2253	134.149
111.602	65.2818	114.31
-162.056	53.1888	171.801
-175.697	24.9407	190.159
-175.035	35.0065	193.922
-166.757	44.0436	188.67
-172.249	25.1997	195.958
-231.536	138.622	264.537
-171.125	66.3426	195.92
-170.102	51.7596	196.414
-156.904	57.1229	181.635
-214.671	117.504	253.118
-168.144	32.9283	201.731
-161.057	24.2345	196.311
-163.273	66.8042	208.399
-230.936	127.216	295.141
-142.944	26.5161	190.05
-333.331	131.74	497.113
-239.844	137.55	414.203
-239.844	137.55	414.203
-236.426	72.6673	468.357
-236.178	9.07839	530.105
-236.178	9.07839	530.105
-278.912	-142.374	772.239
-278.912	-142.374	772.239
-2.29404	102.515	310.89
-0.259903	-47.8333	508.411
-0.259903	-47.8333	508.411
0.486502	102.306	310.124
144.22	91.2709	261.36
106.823	76.2648	121.419
111.936	65.4657	114.636
-173.411	23.2539	183.211
-177.91	25.238	192.49
-168.301	59.657	185.239
-173.643	34.7157	192.368
-228.29	136.621	260.898
-173.171	67.1656	198.261
-170.7	53.1735	196.145
-189.164	133.247	217.936
-189.164	133.247	217.936
-167.015	46.7743	193.916
-167.015	46.7743	193.916
-245.723	129.264	295.373
-230.404	120.866	282.708
-159.971	65.448	204.231
-159.971	65.448	204.231
-188.456	33.2903	257.201
-323.973	128.038	483.242
-237.231	136.056	409.814
-237.231	136.056	409.814
-250.093	9.62295	561.084
-250.093	9.62295	561.084
-282.339	-144.079	781.779
-2.86296	146.816	259.879
-2.86296	146.816	259.879
-2.24996	101.65	308.185
-1.81091	56.4471	367.777
-1.81091	56.4471	367.777
-1.34109	7.20276	451.593
-1.34109	7.20276	451.593
0.648559	95.8375	290.31
148.809	52.7932	310.665
148.809	52.7932	310.665
140.416	88.8498	254.337
140.416	88.8498	254.337
121.828	87.2138	138.904
107.041	62.5564	109.53
