179.676	286.087
179.676	286.087
256.567	108.203
362.357	283.909
362.357	283.909
364.084	233.46
364.084	233.46
365.598	193.056
383.567	17.7212
387.75	18.8028
414.434	20.3897
449.85	40.1847
460.089	70.1785
466.713	88.4054
538.843	287.869
621.997	74.9857
625.901	57.9217
640.9	76.4524
648.225	112.264
649.399	69.0049
658.12	121.207
658.12	121.207
668.149	90.2602
684.643	58.7633
367.552	131.689
367.552	131.689
406.369	23.7691
422.687	28.5562
466.823	88.3918
482.572	133.761
482.572	133.761
519.862	237.096
519.862	237.096
539.046	287.879
622.013	74.7604
625.846	57.9823
640.823	76.3096
649.105	68.9336
658.102	121.138
658.102	121.138
668.278	90.2559
694.983	128.767
710.351	93.1447
179.544	286.115
201.99	235.438
357.543	434.657
357.543	434.657
360.352	348.823
363.885	348.675
362.337	284.011
362.337	284.011
365.598	193.069
443.164	36.6793
446.304	13.062
519.969	237.072
519.969	237.072
621.865	74.5589
625.862	57.9358
641.104	76.3754
648.846	68.7625
658.213	121.266
658.213	121.266
682.551	91.517
694.768	128.666
699.03	131.01
710.634	93.3556
69.2754	285.599
75.9385	346.575
75.9385	346.575
87.8562	280.725
114.993	435.918
152.015	350.747
220.113	195.027
220.113	195.027
234.568	161.439
360.334	348.768
362.328	283.973
362.328	283.973
365.554	193.099
365.554	193.099
363.818	348.645
367.564	131.718
438.507	12.4458
460.045	70.2695
466.796	88.4623
538.908	287.898
619.46	71.0149
625.573	57.7221
640.76	76.1408
648.529	112.688
650.103	69.1605
658.154	121.393
674.807	60.1041
682.53	91.3331
695.102	128.893
698.865	131.221
69.2805	285.529
87.1251	280.889
114.935	435.841
114.935	435.841
152.016	350.714
152.016	350.714
362.336	283.972
365.545	193.081
460.194	70.1913
460.194	70.1913
493.138	161.983
519.967	237.088
519.967	237.088
640.696	76.1105
648.327	112.479
648.327	112.479
650.419	69.2507
668.205	90.0629
675.221	60.6411
698.627	131.295
76.2026	274.972
95.8558	277.41
114.938	435.914
114.938	435.914
151.904	350.825
202.087	235.5
362.31	283.98
362.31	283.98
364.087	233.427
365.568	193.063
363.894	348.523
460.11	70.1528
504.904	195.942
519.962	237.094
519.962	237.094
640.323	75.6845
648.15	112.28
650.492	69.2234
658.059	121.265
668.214	89.9822
675.347	60.7427
682.461	91.3558
698.712	131.29
95.2664	277.425
115.023	435.857
115.023	435.857
151.959	350.762
151.959	350.762
220.154	195.02
220.154	195.02
360.346	348.763
362.325	284.006
365.528	193.124
363.886	348.671
438.462	12.4099
466.776	88.4475
466.776	88.4475
474.275	109.471
493.105	161.934
493.105	161.934
519.968	237.104
519.968	237.104
620.468	38.8188
640.891	76.2635
648.502	112.61
658.115	121.326
668.274	90.0116
675.413	60.8317
683.679	58.5223
695.025	128.869
698.622	131.262
46.8484	325.748
48.2932	317.817
63.5055	365.117
75.8655	346.412
87.0027	280.871
95.375	277.426
114.99	435.856
114.99	435.856
367.623	131.734
362.291	283.965
362.291	283.965
363.805	348.812
460.156	70.1911
519.87	237.091
538.931	287.903
595.629	439.576
595.629	439.576
619.609	71.3128
640.572	76.0917
658.026	121.3
658.026	121.3
682.565	91.3556
683.507	58.4387
698.841	131.401
706.605	107.284
48.2204	317.86
52.3101	340.298
58.8434	260.926
75.9229	346.584
87.4017	280.945
114.924	435.869
119.642	326.36
152.048	350.785
152.048	350.785
202.055	235.441
220.114	194.949
220.114	194.949
234.597	161.484
367.53	131.657
365.521	193.056
365.521	193.056
362.315	283.986
360.297	348.709
360.297	348.709
357.486	434.786
493.153	161.95
504.997	195.935
519.952	237.104
519.952	237.104
538.943	287.927
538.943	287.927
595.668	439.617
595.668	439.617
619.616	71.4071
640.44	75.9929
658.018	121.268
658.018	121.268
668.214	90.0731
675.433	61.1227
683.381	58.5267
706.724	107.365
34.0174	295.891
35.8461	260.382
33.0676	452.627
44.4942	386.306
50.1823	265.389
45.2151	419.43
48.4707	451.517
75.9127	346.479
75.9127	346.479
87.2866	280.904
114.941	435.888
151.9	350.762
151.9	350.762
202.075	235.429
220.236	194.926
220.236	194.926
364.063	233.442
360.296	348.846
360.296	348.846
357.53	434.823
357.53	434.823
474.258	109.42
474.258	109.42
519.86	237.11
519.86	237.11
595.652	439.578
658.108	121.374
658.108	121.374
682.438	91.1674
42.5811	298.365
41.2761	364.467
44.3007	386.217
45.1049	419.352
66.9401	308.999
75.9336	346.496
119.733	326.303
114.904	435.908
151.862	350.783
151.862	350.783
179.615	286.098
234.613	161.428
234.613	161.428
365.53	193.083
365.53	193.083
364.031	233.427
364.031	233.427
362.319	284.002
362.319	284.002
360.284	348.782
360.284	348.782
460.195	70.1718
505.121	195.941
595.686	439.618
595.686	439.618
657.886	121.29
33.9882	295.838
40.2018	314.893
44.3853	352.942
58.9522	261.145
60.2118	388.676
66.5202	385.647
76.1389	346.609
114.933	435.861
151.986	350.739
151.986	350.739
202.09	235.415
362.322	283.994
362.322	283.994
363.904	348.773
442.901	14.7913
492.98	161.964
564.018	352.929
564.018	352.929
595.654	439.581
595.654	439.581
640.4	75.7823
657.902	121.276
682.458	91.1992
706.863	107.464
75.9266	346.505
75.9266	346.505
95.9014	277.848
114.954	435.864
114.954	435.864
151.931	350.816
151.931	350.816
179.656	286.119
179.656	286.119
220.017	195.034
220.017	195.034
362.285	283.99
362.285	283.99
360.247	348.809
363.777	348.818
357.478	434.78
460.137	70.2166
460.137	70.2166
466.761	88.3945
466.761	88.3945
482.469	133.786
504.947	195.928
504.947	195.928
519.94	237.127
519.94	237.127
538.952	287.887
538.952	287.887
564.009	352.907
640.586	76.0958
647.902	111.996
658.053	121.314
694.838	128.82
698.549	131.188
87.0295	281.016
95.6358	277.787
119.708	326.353
114.924	435.898
151.933	350.741
365.543	193.101
365.543	193.101
362.311	284.051
466.727	88.4595
466.727	88.4595
474.129	109.473
493.199	161.967
493.199	161.967
504.946	195.945
504.946	195.945
519.983	237.113
519.983	237.113
538.924	287.89
538.924	287.89
564.044	352.912
658.137	121.387
658.137	121.387
682.406	91.2933
698.516	131.191
26.6058	278.077
35.1897	260.012
40.237	314.762
40.237	314.762
44.4199	352.905
44.7994	386.324
46.6374	344.156
47.7098	451.434
47.7098	451.434
53.061	398.963
66.1802	385.23
69.1888	285.53
75.9528	346.507
75.9528	346.507
77.8267	387.591
87.1656	280.792
114.94	435.859
119.53	326.417
179.669	286.084
365.591	193.089
365.591	193.089
362.314	283.999
357.56	434.764
363.576	348.633
504.961	195.938
564.114	353.007
595.708	439.632
595.708	439.632
26.645	278.057
26.645	278.057
37.5398	339.861
40.2559	314.832
40.2559	314.832
44.9526	419.327
44.1631	352.829
47.4353	451.172
58.3984	289.623
58.6063	260.439
66.2666	385.347
69.667	334.974
75.7506	346.319
77.9962	386.766
114.956	435.906
151.848	350.799
151.848	350.799
179.511	286.09
179.511	286.09
362.331	283.978
362.331	283.978
365.544	193.101
363.911	348.919
539.101	287.94
539.101	287.94
564.061	352.968
564.061	352.968
595.745	439.625
706.038	428.678
26.6576	278.013
40.2138	314.852
40.2138	314.852
42.4126	276.995
44.2388	352.929
45.0465	419.33
47.5771	451.414
52.4899	357.892
58.5171	289.535
59.1325	260.83
60.3437	388.916
66.2578	385.297
69.1012	285.575
75.7999	346.362
87.166	280.831
179.613	286.095
234.506	161.453
364.058	233.408
362.329	283.989
362.329	283.989
360.297	348.908
360.297	348.908
504.979	195.943
520.019	237.13
520.019	237.13
539.019	287.946
539.019	287.946
564.077	352.965
706.013	428.893
18.5049	276.666
22.3919	337.922
42.5754	277.006
42.4248	298.325
44.2317	352.913
44.9853	419.335
48.2314	317.81
47.9585	451.674
49.1857	441.097
58.624	260.647
66.1795	385.195
75.9087	346.424
75.9087	346.424
77.9437	387.308
87.6857	280.794
95.8907	277.456
114.914	435.931
114.914	435.931
119.547	326.383
152.004	350.754
152.004	350.754
179.669	286.085
179.669	286.085
365.553	193.072
365.553	193.072
360.288	348.82
357.512	434.793
363.816	348.841
519.864	237.119
519.864	237.119
538.96	287.951
538.96	287.951
564.097	352.986
564.097	352.986
706.206	428.711
18.425	276.498
22.9479	257.854
40.1306	314.802
42.3822	298.317
44.1635	352.863
44.9766	419.429
45.1582	386.551
47.6392	451.597
49.946	441.302
52.1715	357.86
60.6296	389.074
66.9524	308.949
66.9524	308.949
66.3675	385.408
70.3191	335.401
73.2835	278.502
95.664	277.868
114.882	435.831
114.882	435.831
152.012	350.734
152.012	350.734
179.801	286.061
179.801	286.061
364.063	233.445
364.063	233.445
362.32	284.01
362.32	284.01
360.307	348.844
360.307	348.844
357.516	434.935
363.521	348.695
520.088	237.111
520.088	237.111
539.064	287.934
539.064	287.934
595.737	439.624
595.737	439.624
22.4997	338.183
35.9299	260.732
33.4208	452.397
40.2792	314.889
40.2792	314.889
44.1779	352.908
44.9062	419.291
49.0012	440.938
58.893	260.635
66.3031	385.436
76.0429	274.945
75.8738	346.335
75.8738	346.335
77.9349	387.331
102.078	317.958
364.068	233.436
364.068	233.436
360.3	348.866
360.3	348.866
538.992	287.941
538.992	287.941
595.752	439.652
595.752	439.652
