11.5926	306.26
18.7148	342.397
33.8975	295.827
35.9614	260.505
31.1239	346.859
33.7905	452.26
45.0626	419.382
49.505	441.24
60.6761	389.348
69.2079	285.539
71.5302	375.109
76.0655	346.594
76.0655	346.594
77.8215	388.091
95.5382	277.725
114.909	435.884
151.961	350.77
151.961	350.77
361.707	16.3418
369.507	12.8124
362.31	283.984
362.31	283.984
357.518	434.74
414.492	20.2067
419.411	16.9156
505.005	195.978
538.963	287.966
538.963	287.966
582.55	35.7496
564.067	352.96
564.067	352.96
611.151	36.148
625.201	57.7372
650.576	69.0854
662.302	45.6856
668.249	89.795
673.896	117.218
674.554	130.588
690.191	123.332
699.01	131.642
701.911	89.134
707.614	107.972
86.8662	280.895
95.5087	277.36
104.134	316.431
151.875	350.746
151.875	350.746
248.808	36.0331
248.808	36.0331
220.042	194.937
220.042	194.937
234.485	161.46
265.68	87.0132
265.68	87.0132
273.604	68.7831
368.341	107.503
363.957	233.4
363.957	233.4
362.212	283.965
363.518	348.943
460.012	70.2032
460.012	70.2032
482.45	133.787
492.979	161.934
504.866	195.915
504.866	195.915
563.986	352.939
563.986	352.939
86.9883	280.945
95.311	277.728
103.357	316.888
151.885	350.715
151.885	350.715
201.876	235.432
201.876	235.432
370.252	52.3421
369.609	68.4068
368.299	107.525
366.525	159.493
366.525	159.493
365.444	193.069
365.444	193.069
360.191	348.787
360.191	348.787
460.025	70.1822
466.692	88.3895
474.046	109.456
519.872	237.144
538.955	287.913
595.584	439.631
66.7595	309.009
87.1576	280.78
103.949	316.713
151.842	350.723
220.098	194.91
367.444	131.63
366.547	159.486
366.547	159.486
362.198	283.96
362.198	283.96
360.194	348.798
363.722	348.662
459.992	70.2093
504.932	195.929
504.932	195.929
563.981	352.944
86.8888	280.8
95.146	277.723
103.644	316.748
119.49	326.322
179.53	286.101
201.917	235.444
219.904	194.932
219.904	194.932
234.491	161.451
256.507	108.209
368.356	107.549
368.356	107.549
367.443	131.621
365.46	193.073
365.46	193.073
362.216	283.97
360.202	348.764
360.202	348.764
460.066	70.1493
460.066	70.1493
482.458	133.773
504.926	195.899
538.883	287.929
538.883	287.929
563.978	352.952
69.0693	285.505
87.3807	280.818
103.42	317.103
119.428	326.369
151.766	350.741
265.191	87.0236
368.36	107.496
368.36	107.496
365.44	193.068
365.44	193.068
363.952	233.377
360.203	348.818
360.203	348.818
460.128	70.2256
466.731	88.42
482.505	133.789
519.793	237.107
519.793	237.107
564.002	352.951
595.628	439.589
94.9308	277.08
103.602	317.012
151.861	350.756
179.527	286.072
219.968	194.944
219.968	194.944
256.463	108.189
273.516	68.7667
370.268	52.3907
365.446	193.09
363.73	349.017
473.994	109.491
504.908	195.933
538.841	287.938
671.476	130.807
69.8709	335.131
87.5061	280.931
103.404	317.085
119.416	326.381
151.866	350.746
234.418	161.46
234.418	161.46
256.407	108.213
368.37	107.556
368.37	107.556
365.463	193.14
363.958	233.442
363.958	233.442
360.196	348.794
360.196	348.794
504.931	195.919
504.931	195.919
564.015	352.957
564.015	352.957
70.3836	335.37
87.034	280.903
103.602	316.916
256.512	108.218
370.279	52.4624
370.279	52.4624
368.308	107.54
368.308	107.54
363.944	233.396
363.944	233.396
363.704	348.924
460.052	70.1595
460.052	70.1595
482.486	133.801
493.047	161.922
504.892	195.931
504.892	195.931
563.963	352.928
670.911	130.7
595.633	439.638
68.9717	285.544
87.1913	280.771
95.5158	277.977
103.588	316.807
201.989	235.443
201.989	235.443
220.14	194.955
220.14	194.955
234.414	161.466
370.272	52.4485
370.272	52.4485
363.966	233.385
363.966	233.385
360.202	348.845
363.728	348.841
460.071	70.19
466.728	88.422
493.016	161.92
493.016	161.92
504.978	195.933
504.978	195.933
519.83	237.117
564.001	352.975
595.602	439.639
595.602	439.639
58.5187	289.514
69.0749	285.507
66.8389	309.03
75.7744	346.396
75.7744	346.396
119.459	326.389
151.891	350.737
179.544	286.08
179.544	286.08
234.416	161.448
234.416	161.448
246.778	132.83
308.009	35.1587
308.009	35.1587
370.287	52.4601
369.617	68.3987
365.487	193.045
365.487	193.045
362.265	284.002
362.265	284.002
360.222	348.845
360.222	348.845
482.438	133.804
504.978	195.927
519.77	237.112
538.953	287.918
595.636	439.614
674.471	117.425
674.806	130.576
75.867	274.987
87.1581	280.76
75.8551	346.452
75.8551	346.452
119.345	326.429
151.796	350.753
202.006	235.436
202.006	235.436
234.391	161.456
256.487	108.229
369.61	68.4641
368.398	107.527
367.471	131.616
366.508	159.481
366.508	159.481
365.449	193.111
365.449	193.111
363.968	233.405
363.968	233.405
362.235	283.983
362.235	283.983
360.222	348.816
360.222	348.816
460.035	70.206
504.875	195.922
504.875	195.922
538.892	287.888
657.863	121.281
657.863	121.281
18.7123	342.383
31.1735	346.866
36.0359	260.727
42.4581	277.061
40.1956	314.844
33.6847	452.373
50.033	265.543
44.4458	386.313
49.5953	441.217
60.3364	388.839
69.1589	285.63
66.2237	385.317
87.5038	280.861
119.513	326.433
151.804	350.8
151.804	350.8
202.023	235.414
220.071	194.928
220.071	194.928
256.513	108.238
365.527	193.105
364.025	233.405
356.604	348.035
363.816	348.633
447.908	5.8623
447.908	5.8623
460.213	70.1837
538.95	287.959
564.038	352.986
564.038	352.986
592.949	20.2249
611.108	36.096
595.763	439.663
625.338	57.8345
639.397	32.3999
649.942	68.9287
657.771	121.223
668.11	89.6467
673.704	117.169
689.723	123.291
695.371	51.7602
698.979	131.679
710.728	93.3352
723.923	105.417
23.2943	257.924
18.6907	342.373
31.2028	346.928
33.9525	452.186
42.4436	277.107
42.508	298.318
50.1723	265.271
49.3819	441.152
58.5801	289.523
69.1103	285.553
66.2591	385.317
75.8603	346.347
75.8603	346.347
151.894	350.766
151.894	350.766
179.571	286.086
256.458	108.221
265.362	87.0497
260.216	35.7085
369.103	12.4985
364.055	233.447
364.055	233.447
362.308	284.008
362.308	284.008
360.29	348.817
383.432	17.8997
357.553	434.796
363.718	349.054
422.835	28.7662
443.018	36.742
466.735	88.4892
466.735	88.4892
539.002	287.95
539.002	287.95
583.185	36.2725
564.15	353.016
592.65	19.499
610.996	36.0956
617.203	69.8012
595.737	439.648
625.178	57.8697
639.452	32.3873
674.253	117.461
674.961	130.58
695.248	51.7402
699.005	131.724
699.005	131.724
710.828	93.4313
724.092	105.536
18.544	342.302
31.0799	346.774
34.7403	259.992
42.3727	277.088
42.3261	298.244
45.1299	419.614
52.4543	340.389
58.6011	289.521
60.3883	388.965
60.3883	388.965
70.4271	335.35
86.9451	280.909
114.807	435.865
114.807	435.865
119.515	326.405
151.852	350.743
179.666	286.085
179.666	286.085
202.001	235.436
312.294	9.3124
356.824	16.3721
365.531	193.093
365.531	193.093
357.468	434.879
363.887	348.905
422.834	28.7984
441.327	15.1478
442.882	36.7431
505.077	195.903
564.061	352.979
564.061	352.979
611.537	18.0143
624.757	58.2546
628.802	89.2024
647.934	112.368
658.466	33.2931
668.211	89.7007
675.26	118.308
675.819	26.7042
695.446	51.7548
724.302	105.653
42.393	276.944
42.4289	298.31
42.269	320.559
44.1196	352.852
44.9467	419.589
58.3717	289.557
66.197	385.213
69.1138	285.566
75.8353	346.426
75.8353	346.426
77.9251	386.975
114.882	435.939
151.844	350.74
179.542	286.072
201.886	235.476
201.886	235.476
234.594	161.491
234.594	161.491
364.076	233.448
364.076	233.448
357.559	434.817
363.831	348.907
405.79	23.7064
422.81	28.7207
442.016	14.8804
442.791	36.6766
482.616	133.83
519.874	237.165
538.984	287.937
538.984	287.937
564.216	353.019
639.468	32.3362
639.468	32.3362
650.306	68.892
650.306	68.892
657.56	120.969
657.56	120.969
661.051	45.1295
668.291	89.693
674.687	118.008
675.678	26.6347
698.205	446.119
724.197	105.515
18.7332	342.304
26.5706	277.991
35.0373	260.118
42.2784	277.05
44.063	352.888
44.9866	419.58
52.2328	357.889
58.7543	289.56
58.8715	260.587
66.3079	385.367
75.7328	346.284
77.9517	386.65
87.3399	280.78
114.827	435.905
114.827	435.905
151.856	350.779
151.856	350.779
201.931	235.462
246.869	132.89
256.476	108.213
364.045	233.39
364.045	233.39
362.332	284.012
362.332	284.012
360.325	348.748
357.546	434.706
363.627	348.799
422.81	28.769
460.188	70.2383
505.017	196.005
519.986	237.185
539.071	287.943
539.071	287.943
564.134	353.003
611.063	36.3193
611.497	17.8996
628.338	88.5835
657.615	121.044
657.615	121.044
661.704	106.875
668.199	89.7583
675.651	26.6037
701.572	89.1653
724.294	105.685
23.2023	257.793
22.9195	300.598
31.1267	346.902
35.3801	260.304
42.2793	298.279
44.3433	352.975
45.0581	419.553
52.2382	357.802
58.6001	260.654
66.8853	309.054
66.2206	385.29
75.8651	346.436
77.8598	386.946
102.343	317.478
151.922	350.744
151.922	350.744
179.722	286.066
179.722	286.066
246.847	132.87
256.594	108.26
365.53	193.062
362.295	283.957
362.295	283.957
360.299	348.73
357.534	434.799
356.751	348.343
442.962	36.6582
482.552	133.824
482.552	133.824
539.121	287.954
539.121	287.954
564.09	352.986
611.092	36.1952
595.737	439.635
595.737	439.635
650.424	69.0116
650.424	69.0116
658.401	33.1747
657.595	121.069
668.262	89.6705
675.1	118.094
675.775	26.6915
695.432	51.8308
724.379	105.72
31.1903	346.792
35.1873	260.381
40.226	314.74
42.4248	277.005
45.0475	419.578
46.5864	344.089
60.2802	388.831
66.2348	385.226
75.8404	346.372
87.086	280.917
114.932	435.891
114.932	435.891
119.533	326.402
151.888	350.767
151.888	350.767
179.639	286.089
179.639	286.089
234.563	161.464
234.563	161.464
246.816	132.836
256.497	108.201
364.046	233.431
364.046	233.431
362.299	283.974
360.293	348.78
360.293	348.78
357.471	434.837
357.471	434.837
441.688	15.0099
445.879	12.6748
482.598	133.836
611.129	36.1806
595.701	439.633
595.701	439.633
624.722	58.2157
650.463	69.0114
668.244	89.6349
675.571	26.5484
675.316	130.681
695.566	51.7919
724.414	105.685
22.9685	257.787
22.8709	300.708
31.4544	346.758
40.1963	314.882
44.0021	352.941
44.9957	419.534
52.2679	340.331
58.4444	289.51
58.6701	260.501
60.3003	388.853
66.9421	309.012
66.291	385.309
75.9629	346.503
114.912	435.87
114.912	435.87
151.867	350.767
151.867	350.767
234.471	161.522
246.813	132.874
256.437	108.208
365.533	193.063
364.061	233.43
362.319	284.015
362.319	284.015
357.532	434.78
443.089	14.1191
482.677	133.817
505.036	195.969
539.087	287.943
564.135	352.997
611.039	36.2321
595.766	439.652
595.766	439.652
624.769	58.0895
628.771	89.1333
658.606	33.5305
657.565	120.986
657.565	120.986
668.156	89.7986
674.99	118.213
675.789	26.6114
675.333	130.639
701.561	89.1947
