94.9308	277.08
103.602	317.012
151.861	350.756
179.527	286.072
219.968	194.944
219.968	194.944
256.463	108.189
273.516	68.7667
370.268	52.3907
365.446	193.09
363.73	349.017
473.994	109.491
504.908	195.933
538.841	287.938
671.476	130.807
69.8709	335.131
87.5061	280.931
103.404	317.085
119.416	326.381
151.866	350.746
234.418	161.46
234.418	161.46
256.407	108.213
368.37	107.556
368.37	107.556
365.463	193.14
363.958	233.442
363.958	233.442
360.196	348.794
360.196	348.794
504.931	195.919
504.931	195.919
564.015	352.957
564.015	352.957
70.3836	335.37
87.034	280.903
103.602	316.916
256.512	108.218
370.279	52.4624
370.279	52.4624
368.308	107.54
368.308	107.54
363.944	233.396
363.944	233.396
363.704	348.924
460.052	70.1595
460.052	70.1595
482.486	133.801
493.047	161.922
504.892	195.931
504.892	195.931
563.963	352.928
670.911	130.7
595.633	439.638
68.9717	285.544
87.1913	280.771
95.5158	277.977
103.588	316.807
201.989	235.443
201.989	235.443
220.14	194.955
220.14	194.955
234.414	161.466
370.272	52.4485
370.272	52.4485
363.966	233.385
363.966	233.385
360.202	348.845
363.728	348.841
460.071	70.19
466.728	88.422
493.016	161.92
493.016	161.92
504.978	195.933
504.978	195.933
519.83	237.117
564.001	352.975
595.602	439.639
595.602	439.639
58.5187	289.514
69.0749	285.507
66.8389	309.03
75.7744	346.396
75.7744	346.396
119.459	326.389
151.891	350.737
179.544	286.08
179.544	286.08
234.416	161.448
234.416	161.448
246.778	132.83
308.009	35.1587
308.009	35.1587
370.287	52.4601
369.617	68.3987
365.487	193.045
365.487	193.045
362.265	284.002
362.265	284.002
360.222	348.845
360.222	348.845
482.438	133.804
504.978	195.927
519.77	237.112
538.953	287.918
595.636	439.614
674.471	117.425
674.806	130.576
75.867	274.987
87.1581	280.76
75.8551	346.452
75.8551	346.452
119.345	326.429
151.796	350.753
202.006	235.436
202.006	235.436
234.391	161.456
256.487	108.229
369.61	68.4641
368.398	107.527
367.471	131.616
366.508	159.481
366.508	159.481
365.449	193.111
365.449	193.111
363.968	233.405
363.968	233.405
362.235	283.983
362.235	283.983
360.222	348.816
360.222	348.816
460.035	70.206
504.875	195.922
504.875	195.922
538.892	287.888
657.863	121.281
657.863	121.281
18.7123	342.383
31.1735	346.866
36.0359	260.727
42.4581	277.061
40.1956	314.844
33.6847	452.373
50.033	265.543
44.4458	386.313
49.5953	441.217
60.3364	388.839
69.1589	285.63
66.2237	385.317
87.5038	280.861
119.513	326.433
151.804	350.8
151.804	350.8
202.023	235.414
220.071	194.928
220.071	194.928
256.513	108.238
365.527	193.105
364.025	233.405
356.604	348.035
363.816	348.633
447.908	5.8623
447.908	5.8623
460.213	70.1837
538.95	287.959
564.038	352.986
564.038	352.986
592.949	20.2249
611.108	36.096
595.763	439.663
625.338	57.8345
639.397	32.3999
649.942	68.9287
657.771	121.223
668.11	89.6467
673.704	117.169
689.723	123.291
695.371	51.7602
698.979	131.679
710.728	93.3352
723.923	105.417
23.2943	257.924
18.6907	342.373
31.2028	346.928
33.9525	452.186
42.4436	277.107
42.508	298.318
50.1723	265.271
49.3819	441.152
58.5801	289.523
69.1103	285.553
66.2591	385.317
75.8603	346.347
75.8603	346.347
151.894	350.766
151.894	350.766
179.571	286.086
256.458	108.221
265.362	87.0497
260.216	35.7085
369.103	12.4985
364.055	233.447
364.055	233.447
362.308	284.008
362.308	284.008
360.29	348.817
383.432	17.8997
357.553	434.796
363.718	349.054
422.835	28.7662
443.018	36.742
466.735	88.4892
466.735	88.4892
539.002	287.95
539.002	287.95
583.185	36.2725
564.15	353.016
592.65	19.499
610.996	36.0956
617.203	69.8012
595.737	439.648
625.178	57.8697
639.452	32.3873
674.253	117.461
674.961	130.58
695.248	51.7402
699.005	131.724
699.005	131.724
710.828	93.4313
724.092	105.536
18.544	342.302
31.0799	346.774
34.7403	259.992
42.3727	277.088
42.3261	298.244
45.1299	419.614
52.4543	340.389
58.6011	289.521
60.3883	388.965
60.3883	388.965
70.4271	335.35
86.9451	280.909
114.807	435.865
114.807	435.865
119.515	326.405
151.852	350.743
179.666	286.085
179.666	286.085
202.001	235.436
312.294	9.3124
356.824	16.3721
365.531	193.093
365.531	193.093
357.468	434.879
363.887	348.905
422.834	28.7984
441.327	15.1478
442.882	36.7431
505.077	195.903
564.061	352.979
564.061	352.979
611.537	18.0143
624.757	58.2546
628.802	89.2024
647.934	112.368
658.466	33.2931
668.211	89.7007
675.26	118.308
675.819	26.7042
695.446	51.7548
724.302	105.653
42.393	276.944
42.4289	298.31
42.269	320.559
44.1196	352.852
44.9467	419.589
58.3717	289.557
66.197	385.213
69.1138	285.566
75.8353	346.426
75.8353	346.426
77.9251	386.975
114.882	435.939
151.844	350.74
179.542	286.072
201.886	235.476
201.886	235.476
234.594	161.491
234.594	161.491
364.076	233.448
364.076	233.448
357.559	434.817
363.831	348.907
405.79	23.7064
422.81	28.7207
442.016	14.8804
442.791	36.6766
482.616	133.83
519.874	237.165
538.984	287.937
538.984	287.937
564.216	353.019
639.468	32.3362
639.468	32.3362
650.306	68.892
650.306	68.892
657.56	120.969
657.56	120.969
661.051	45.1295
668.291	89.693
674.687	118.008
675.678	26.6347
698.205	446.119
724.197	105.515
18.7332	342.304
26.5706	277.991
35.0373	260.118
42.2784	277.05
44.063	352.888
44.9866	419.58
52.2328	357.889
58.7543	289.56
58.8715	260.587
66.3079	385.367
75.7328	346.284
77.9517	386.65
87.3399	280.78
114.827	435.905
114.827	435.905
151.856	350.779
151.856	350.779
201.931	235.462
246.869	132.89
256.476	108.213
364.045	233.39
364.045	233.39
362.332	284.012
362.332	284.012
360.325	348.748
357.546	434.706
363.627	348.799
422.81	28.769
460.188	70.2383
505.017	196.005
519.986	237.185
539.071	287.943
539.071	287.943
564.134	353.003
611.063	36.3193
611.497	17.8996
628.338	88.5835
657.615	121.044
657.615	121.044
661.704	106.875
668.199	89.7583
675.651	26.6037
701.572	89.1653
724.294	105.685
23.2023	257.793
22.9195	300.598
31.1267	346.902
35.3801	260.304
42.2793	298.279
44.3433	352.975
45.0581	419.553
52.2382	357.802
58.6001	260.654
66.8853	309.054
66.2206	385.29
75.8651	346.436
77.8598	386.946
102.343	317.478
151.922	350.744
151.922	350.744
179.722	286.066
179.722	286.066
246.847	132.87
256.594	108.26
365.53	193.062
362.295	283.957
362.295	283.957
360.299	348.73
357.534	434.799
356.751	348.343
442.962	36.6582
482.552	133.824
482.552	133.824
539.121	287.954
539.121	287.954
564.09	352.986
611.092	36.1952
595.737	439.635
595.737	439.635
650.424	69.0116
650.424	69.0116
658.401	33.1747
657.595	121.069
668.262	89.6705
675.1	118.094
675.775	26.6915
695.432	51.8308
724.379	105.72
31.1903	346.792
35.1873	260.381
40.226	314.74
42.4248	277.005
45.0475	419.578
46.5864	344.089
60.2802	388.831
66.2348	385.226
75.8404	346.372
87.086	280.917
114.932	435.891
114.932	435.891
119.533	326.402
151.888	350.767
151.888	350.767
179.639	286.089
179.639	286.089
234.563	161.464
234.563	161.464
246.816	132.836
256.497	108.201
364.046	233.431
364.046	233.431
362.299	283.974
360.293	348.78
360.293	348.78
357.471	434.837
357.471	434.837
441.688	15.0099
445.879	12.6748
482.598	133.836
611.129	36.1806
595.701	439.633
595.701	439.633
624.722	58.2157
650.463	69.0114
668.244	89.6349
675.571	26.5484
675.316	130.681
695.566	51.7919
724.414	105.685
22.9685	257.787
22.8709	300.708
31.4544	346.758
40.1963	314.882
44.0021	352.941
44.9957	419.534
52.2679	340.331
58.4444	289.51
58.6701	260.501
60.3003	388.853
66.9421	309.012
66.291	385.309
75.9629	346.503
114.912	435.87
114.912	435.87
151.867	350.767
151.867	350.767
234.471	161.522
246.813	132.874
256.437	108.208
365.533	193.063
364.061	233.43
362.319	284.015
362.319	284.015
357.532	434.78
443.089	14.1191
482.677	133.817
505.036	195.969
539.087	287.943
564.135	352.997
611.039	36.2321
595.766	439.652
595.766	439.652
624.769	58.0895
628.771	89.1333
658.606	33.5305
657.565	120.986
657.565	120.986
668.156	89.7986
674.99	118.213
675.789	26.6114
675.333	130.639
701.561	89.1947
10.5694	255.511
14.5766	310.777
31.172	346.841
33.8525	295.831
43.9775	352.863
45.0402	419.553
58.4542	289.488
58.4892	260.605
66.1785	385.247
69.1506	285.57
75.6755	346.309
75.6755	346.309
77.7979	387.523
114.846	435.897
114.846	435.897
179.618	286.067
179.618	286.067
246.835	132.881
256.378	108.218
365.584	193.07
365.584	193.07
362.32	283.977
362.32	283.977
357.479	434.709
357.479	434.709
482.535	133.846
482.535	133.846
538.957	287.932
538.957	287.932
564.177	353.045
564.177	353.045
595.783	439.651
595.783	439.651
624.874	57.9559
658.413	33.2395
657.604	121.02
657.604	121.02
668.213	89.717
675.727	26.6338
695.281	51.7291
699.65	131.867
724.229	105.626
10.2355	255.268
18.6332	342.308
23.1464	257.776
42.3744	277.029
42.3657	298.233
43.9994	352.898
45.0073	419.567
58.4142	289.544
60.153	388.64
66.2385	385.293
69.9478	335.132
76.3972	274.879
75.8298	346.314
102.288	317.367
114.888	435.888
114.888	435.888
220.11	194.953
256.487	108.221
256.487	108.221
365.584	193.076
364.086	233.426
362.316	283.982
362.316	283.982
360.324	348.762
441.638	15.0707
460.067	70.1937
460.067	70.1937
482.603	133.82
493.21	161.908
493.21	161.908
519.875	237.13
519.875	237.13
595.737	439.649
647.916	112.349
657.684	121.081
658.68	33.6034
668.224	89.7867
695.563	51.8112
695.414	129.088
724.421	105.673
23.1572	257.843
33.885	295.79
37.5882	339.813
42.3029	276.989
44.0748	352.861
45.014	419.552
59.0352	260.917
66.8803	309.045
66.2042	385.287
76.3005	274.937
75.8657	346.386
75.8657	346.386
77.9506	386.98
102.312	317.879
114.873	435.876
151.882	350.761
151.882	350.761
179.669	286.087
179.669	286.087
202.129	235.431
202.129	235.431
220.08	194.931
265.467	87.0316
273.656	68.8076
365.6	193.089
364.069	233.44
357.505	434.836
438.292	12.4475
441.441	15.1209
482.609	133.775
564.132	353.01
564.132	353.01
595.753	439.678
628.595	88.874
658.421	33.1388
657.693	121.141
657.693	121.141
661.27	45.2811
683.028	91.2258
695.454	51.6947
699.344	131.74
724.041	105.402
18.6467	342.356
33.8867	295.777
44.0604	352.912
45.0302	419.513
48.243	317.766
59.0767	260.918
66.3033	385.395
75.8319	346.398
77.9024	387.258
95.5873	277.529
102.262	317.838
114.848	435.879
119.487	326.46
151.906	350.717
151.906	350.717
179.697	286.063
202.092	235.435
202.092	235.435
219.987	194.931
219.987	194.931
234.582	161.434
234.582	161.434
265.314	87.0292
356.664	16.3368
365.57	193.098
365.57	193.098
360.298	348.793
360.298	348.793
357.477	434.874
357.477	434.874
441.801	15.0156
442.834	36.8124
482.681	133.76
493.14	161.97
505.16	195.933
539.049	287.952
539.049	287.952
564.141	353.008
611.021	36.2443
628.479	88.7394
658.4	33.0936
657.789	121.22
657.789	121.22
661.268	45.3116
675.527	130.71
699.305	131.731
711.078	93.6173
18.5851	342.228
26.4876	277.958
44.2382	352.881
45.0593	419.61
48.2665	317.793
58.5991	289.587
66.2916	385.348
69.707	335.01
75.8418	346.374
77.8844	387.136
87.544	280.738
114.874	435.881
114.874	435.881
151.854	350.773
151.854	350.773
179.755	286.069
202.075	235.423
202.075	235.423
265.27	87.0383
265.27	87.0383
365.59	193.089
357.522	434.775
363.651	348.992
441.595	15.0136
482.595	133.764
564.093	353.027
564.093	353.027
595.756	439.677
628.677	88.9324
650.299	68.8525
658.273	32.9365
657.666	121.101
657.666	121.101
668.26	89.6537
674.543	117.832
675.475	26.5168
682.943	91.2018
724.414	105.713
31.252	346.892
40.1575	314.76
42.3093	298.3
44.0455	352.888
45.0314	419.494
66.219	385.344
69.0867	285.574
76.2972	274.951
75.7003	346.333
75.7003	346.333
77.9855	386.689
114.818	435.895
114.818	435.895
151.856	350.782
179.744	286.078
179.744	286.078
202.109	235.441
202.109	235.441
219.956	194.939
219.956	194.939
365.6	193.083
360.297	348.831
357.506	434.773
357.506	434.773
438.296	12.4376
441.444	15.154
460.244	70.1859
505.058	195.933
519.979	237.143
564.154	353.025
564.154	353.025
595.72	439.665
628.606	88.8311
650.261	68.8755
658.619	33.406
657.598	121.016
657.598	121.016
661.512	106.737
668.292	89.7105
675.564	26.579
675.446	130.703
695.727	51.7881
