18.544	342.302
31.0799	346.774
34.7403	259.992
42.3727	277.088
42.3261	298.244
45.1299	419.614
52.4543	340.389
58.6011	289.521
60.3883	388.965
60.3883	388.965
70.4271	335.35
86.9451	280.909
114.807	435.865
114.807	435.865
119.515	326.405
151.852	350.743
179.666	286.085
179.666	286.085
202.001	235.436
312.294	9.3124
356.824	16.3721
365.531	193.093
365.531	193.093
357.468	434.879
363.887	348.905
422.834	28.7984
441.327	15.1478
442.882	36.7431
505.077	195.903
564.061	352.979
564.061	352.979
611.537	18.0143
624.757	58.2546
628.802	89.2024
647.934	112.368
658.466	33.2931
668.211	89.7007
675.26	118.308
675.819	26.7042
695.446	51.7548
724.302	105.653
42.393	276.944
42.4289	298.31
42.269	320.559
44.1196	352.852
44.9467	419.589
58.3717	289.557
66.197	385.213
69.1138	285.566
75.8353	346.426
75.8353	346.426
77.9251	386.975
114.882	435.939
151.844	350.74
179.542	286.072
201.886	235.476
201.886	235.476
234.594	161.491
234.594	161.491
364.076	233.448
364.076	233.448
357.559	434.817
363.831	348.907
405.79	23.7064
422.81	28.7207
442.016	14.8804
442.791	36.6766
482.616	133.83
519.874	237.165
538.984	287.937
538.984	287.937
564.216	353.019
639.468	32.3362
639.468	32.3362
650.306	68.892
650.306	68.892
657.56	120.969
657.56	120.969
661.051	45.1295
668.291	89.693
674.687	118.008
675.678	26.6347
698.205	446.119
724.197	105.515
18.7332	342.304
26.5706	277.991
35.0373	260.118
42.2784	277.05
44.063	352.888
44.9866	419.58
52.2328	357.889
58.7543	289.56
58.8715	260.587
66.3079	385.367
75.7328	346.284
77.9517	386.65
87.3399	280.78
114.827	435.905
114.827	435.905
151.856	350.779
151.856	350.779
201.931	235.462
246.869	132.89
256.476	108.213
364.045	233.39
364.045	233.39
362.332	284.012
362.332	284.012
360.325	348.748
357.546	434.706
363.627	348.799
422.81	28.769
460.188	70.2383
505.017	196.005
519.986	237.185
539.071	287.943
539.071	287.943
564.134	353.003
611.063	36.3193
611.497	17.8996
628.338	88.5835
657.615	121.044
657.615	121.044
661.704	106.875
668.199	89.7583
675.651	26.6037
701.572	89.1653
724.294	105.685
23.2023	257.793
22.9195	300.598
31.1267	346.902
35.3801	260.304
42.2793	298.279
44.3433	352.975
45.0581	419.553
52.2382	357.802
58.6001	260.654
66.8853	309.054
66.2206	385.29
75.8651	346.436
77.8598	386.946
102.343	317.478
151.922	350.744
151.922	350.744
179.722	286.066
179.722	286.066
246.847	132.87
256.594	108.26
365.53	193.062
362.295	283.957
362.295	283.957
360.299	348.73
357.534	434.799
356.751	348.343
442.962	36.6582
482.552	133.824
482.552	133.824
539.121	287.954
539.121	287.954
564.09	352.986
611.092	36.1952
595.737	439.635
595.737	439.635
650.424	69.0116
650.424	69.0116
658.401	33.1747
657.595	121.069
668.262	89.6705
675.1	118.094
675.775	26.6915
695.432	51.8308
724.379	105.72
31.1903	346.792
35.1873	260.381
40.226	314.74
42.4248	277.005
45.0475	419.578
46.5864	344.089
60.2802	388.831
66.2348	385.226
75.8404	346.372
87.086	280.917
114.932	435.891
114.932	435.891
119.533	326.402
151.888	350.767
151.888	350.767
179.639	286.089
179.639	286.089
234.563	161.464
234.563	161.464
246.816	132.836
256.497	108.201
364.046	233.431
364.046	233.431
362.299	283.974
360.293	348.78
360.293	348.78
357.471	434.837
357.471	434.837
441.688	15.0099
445.879	12.6748
482.598	133.836
611.129	36.1806
595.701	439.633
595.701	439.633
624.722	58.2157
650.463	69.0114
668.244	89.6349
675.571	26.5484
675.316	130.681
695.566	51.7919
724.414	105.685
22.9685	257.787
22.8709	300.708
31.4544	346.758
40.1963	314.882
44.0021	352.941
44.9957	419.534
52.2679	340.331
58.4444	289.51
58.6701	260.501
60.3003	388.853
66.9421	309.012
66.291	385.309
75.9629	346.503
114.912	435.87
114.912	435.87
151.867	350.767
151.867	350.767
234.471	161.522
246.813	132.874
256.437	108.208
365.533	193.063
364.061	233.43
362.319	284.015
362.319	284.015
357.532	434.78
443.089	14.1191
482.677	133.817
505.036	195.969
539.087	287.943
564.135	352.997
611.039	36.2321
595.766	439.652
595.766	439.652
624.769	58.0895
628.771	89.1333
658.606	33.5305
657.565	120.986
657.565	120.986
668.156	89.7986
674.99	118.213
675.789	26.6114
675.333	130.639
701.561	89.1947
10.5694	255.511
14.5766	310.777
31.172	346.841
33.8525	295.831
43.9775	352.863
45.0402	419.553
58.4542	289.488
58.4892	260.605
66.1785	385.247
69.1506	285.57
75.6755	346.309
75.6755	346.309
77.7979	387.523
114.846	435.897
114.846	435.897
179.618	286.067
179.618	286.067
246.835	132.881
256.378	108.218
365.584	193.07
365.584	193.07
362.32	283.977
362.32	283.977
357.479	434.709
357.479	434.709
482.535	133.846
482.535	133.846
538.957	287.932
538.957	287.932
564.177	353.045
564.177	353.045
595.783	439.651
595.783	439.651
624.874	57.9559
658.413	33.2395
657.604	121.02
657.604	121.02
668.213	89.717
675.727	26.6338
695.281	51.7291
699.65	131.867
724.229	105.626
10.2355	255.268
18.6332	342.308
23.1464	257.776
42.3744	277.029
42.3657	298.233
43.9994	352.898
45.0073	419.567
58.4142	289.544
60.153	388.64
66.2385	385.293
69.9478	335.132
76.3972	274.879
75.8298	346.314
102.288	317.367
114.888	435.888
114.888	435.888
220.11	194.953
256.487	108.221
256.487	108.221
365.584	193.076
364.086	233.426
362.316	283.982
362.316	283.982
360.324	348.762
441.638	15.0707
460.067	70.1937
460.067	70.1937
482.603	133.82
493.21	161.908
493.21	161.908
519.875	237.13
519.875	237.13
595.737	439.649
647.916	112.349
657.684	121.081
658.68	33.6034
668.224	89.7867
695.563	51.8112
695.414	129.088
724.421	105.673
23.1572	257.843
33.885	295.79
37.5882	339.813
42.3029	276.989
44.0748	352.861
45.014	419.552
59.0352	260.917
66.8803	309.045
66.2042	385.287
76.3005	274.937
75.8657	346.386
75.8657	346.386
77.9506	386.98
102.312	317.879
114.873	435.876
151.882	350.761
151.882	350.761
179.669	286.087
179.669	286.087
202.129	235.431
202.129	235.431
220.08	194.931
265.467	87.0316
273.656	68.8076
365.6	193.089
364.069	233.44
357.505	434.836
438.292	12.4475
441.441	15.1209
482.609	133.775
564.132	353.01
564.132	353.01
595.753	439.678
628.595	88.874
658.421	33.1388
657.693	121.141
657.693	121.141
661.27	45.2811
683.028	91.2258
695.454	51.6947
699.344	131.74
724.041	105.402
18.6467	342.356
33.8867	295.777
44.0604	352.912
45.0302	419.513
48.243	317.766
59.0767	260.918
66.3033	385.395
75.8319	346.398
77.9024	387.258
95.5873	277.529
102.262	317.838
114.848	435.879
119.487	326.46
151.906	350.717
151.906	350.717
179.697	286.063
202.092	235.435
202.092	235.435
219.987	194.931
219.987	194.931
234.582	161.434
234.582	161.434
265.314	87.0292
356.664	16.3368
365.57	193.098
365.57	193.098
360.298	348.793
360.298	348.793
357.477	434.874
357.477	434.874
441.801	15.0156
442.834	36.8124
482.681	133.76
493.14	161.97
505.16	195.933
539.049	287.952
539.049	287.952
564.141	353.008
611.021	36.2443
628.479	88.7394
658.4	33.0936
657.789	121.22
657.789	121.22
661.268	45.3116
675.527	130.71
699.305	131.731
711.078	93.6173
18.5851	342.228
26.4876	277.958
44.2382	352.881
45.0593	419.61
48.2665	317.793
58.5991	289.587
66.2916	385.348
69.707	335.01
75.8418	346.374
77.8844	387.136
87.544	280.738
114.874	435.881
114.874	435.881
151.854	350.773
151.854	350.773
179.755	286.069
202.075	235.423
202.075	235.423
265.27	87.0383
265.27	87.0383
365.59	193.089
357.522	434.775
363.651	348.992
441.595	15.0136
482.595	133.764
564.093	353.027
564.093	353.027
595.756	439.677
628.677	88.9324
650.299	68.8525
658.273	32.9365
657.666	121.101
657.666	121.101
668.26	89.6537
674.543	117.832
675.475	26.5168
682.943	91.2018
724.414	105.713
31.252	346.892
40.1575	314.76
42.3093	298.3
44.0455	352.888
45.0314	419.494
66.219	385.344
69.0867	285.574
76.2972	274.951
75.7003	346.333
75.7003	346.333
77.9855	386.689
114.818	435.895
114.818	435.895
151.856	350.782
179.744	286.078
179.744	286.078
202.109	235.441
202.109	235.441
219.956	194.939
219.956	194.939
365.6	193.083
360.297	348.831
357.506	434.773
357.506	434.773
438.296	12.4376
441.444	15.154
460.244	70.1859
505.058	195.933
519.979	237.143
564.154	353.025
564.154	353.025
595.72	439.665
628.606	88.8311
650.261	68.8755
658.619	33.406
657.598	121.016
657.598	121.016
661.512	106.737
668.292	89.7105
675.564	26.579
675.446	130.703
695.727	51.7881
29.0374	330.712
42.363	277.023
44.095	352.923
45.0075	419.515
47.7446	313.587
52.0172	357.819
53.9591	398.584
58.5371	289.643
66.2385	385.31
75.8212	346.433
87.4846	280.824
114.768	435.893
114.768	435.893
151.785	350.81
151.785	350.81
220.096	194.962
246.86	132.831
265.42	87.0444
363.819	348.789
367.585	131.662
365.543	193.055
364.04	233.437
362.311	283.98
357.561	434.911
438.446	12.3791
442.783	36.7864
482.682	133.819
564.109	352.988
595.769	439.667
595.769	439.667
628.739	89.0429
639.507	32.3468
658.349	33.1962
657.456	120.938
657.456	120.938
668.216	89.6682
674.592	117.974
675.808	26.6687
675.266	130.668
701.46	89.2467
18.5382	276.55
18.5382	276.55
37.259	339.837
44.0149	352.877
45.0218	419.531
58.636	260.744
58.5261	289.559
60.1587	388.764
66.3839	385.495
69.2279	285.552
70.0493	335.185
114.869	435.842
119.452	326.441
151.936	350.742
151.936	350.742
179.622	286.068
179.622	286.068
201.996	235.464
201.996	235.464
220.117	194.949
246.716	132.83
246.716	132.83
364.05	233.416
364.05	233.416
362.334	284.012
362.334	284.012
360.298	348.797
360.298	348.797
442.777	36.7963
447.743	5.78049
616.993	69.5551
628.741	89.0936
639.515	32.3258
658.554	33.5271
657.488	120.901
657.488	120.901
661.527	106.739
668.28	89.762
675.246	118.268
675.656	26.7073
695.63	51.773
40.228	314.773
42.4771	277.023
44.027	352.931
44.9806	419.503
46.7115	344.293
52.0744	357.833
52.4995	340.408
53.8369	398.655
58.5306	289.573
62.4123	275.107
66.2958	385.393
114.839	435.893
151.887	350.804
151.887	350.804
220.059	194.968
365.594	193.091
364.078	233.456
362.319	284.016
363.754	348.775
422.843	28.7707
442.772	36.8012
460.174	70.2438
460.174	70.2438
595.746	439.636
595.746	439.636
628.508	88.7407
658.65	33.5807
657.675	121.153
661.139	45.1294
661.962	107.104
668.22	89.7855
675.156	118.075
675.606	26.7385
699.276	131.686
711.075	93.4716
708.914	259.416
23.0958	257.69
35.8162	260.587
42.227	298.273
42.227	298.273
44.9873	419.41
46.6952	344.25
46.6952	344.25
53.9526	398.323
58.467	289.498
66.2177	385.3
69.156	285.536
76.2623	274.975
75.7513	346.352
114.893	435.896
114.893	435.896
119.442	326.392
220.109	194.956
234.565	161.484
234.565	161.484
364.062	233.433
364.062	233.433
362.33	283.987
362.33	283.987
360.296	348.778
357.525	434.754
357.525	434.754
363.678	348.972
383.453	17.8935
442.913	36.7338
447.682	5.69873
460.136	70.2299
460.136	70.2299
519.997	237.128
564.132	353.012
564.132	353.012
595.722	439.658
628.563	88.8689
658.464	33.2972
661.158	45.1361
661.811	106.994
661.811	106.994
675.514	118.3
675.634	26.661
691.695	295.498
695.549	51.7459
700.284	259.335
711.235	93.5912
724.354	105.716
14.2306	281.053
35.7394	260.52
35.2212	451.43
37.6511	339.983
42.2983	298.268
44.0637	352.923
44.9507	419.402
58.5205	260.625
66.2211	385.226
71.5853	350.208
101.644	317.624
114.922	435.888
114.922	435.888
119.424	326.532
151.925	350.728
179.619	286.082
179.619	286.082
201.981	235.428
220.038	194.967
234.641	161.476
234.641	161.476
246.849	132.869
365.549	193.076
364.05	233.432
362.329	283.994
362.329	283.994
422.811	28.8083
441.54	15.1598
442.828	36.7836
482.643	133.741
519.938	237.177
538.981	287.962
538.981	287.962
595.754	439.651
624.772	58.1523
628.803	89.0224
639.506	32.306
658.55	33.4191
657.654	121.335
674.918	118.028
675.706	26.7515
682.634	91.0511
682.634	91.0511
682.467	296.437
689.709	260.214
699.247	131.696
30.9168	346.906
42.3815	298.356
44.0998	352.877
44.944	419.4
48.1388	317.807
49.2836	441.163
52.3305	357.93
53.7245	398.519
66.3387	385.469
69.1462	285.537
69.9756	335.177
101.6	317.594
151.965	350.709
151.965	350.709
234.532	161.476
234.532	161.476
246.82	132.874
367.526	131.7
367.526	131.7
365.594	193.086
362.32	283.978
360.295	348.803
360.295	348.803
414.401	20.3695
422.79	28.7894
441.705	14.9857
446.115	4.41707
519.977	237.132
538.953	287.922
538.953	287.922
564.106	353.009
564.106	353.009
582.991	36.2633
595.755	439.673
628.326	88.3412
639.529	32.3522
661.295	45.0342
668.189	89.6884
675.668	26.6993
675.473	130.71
673.185	297.183
679.136	261.004
711.028	93.4909
724.126	105.514
14.3794	281.109
22.8513	257.782
29.0647	330.741
31.1331	346.926
33.886	295.818
34.4679	452.042
44.9232	419.492
58.1671	260.47
66.1921	385.191
70.3069	335.3
77.7602	387.349
87.4766	280.811
95.0519	276.662
101.698	317.609
119.434	326.472
179.544	286.089
220.039	194.931
234.508	161.479
234.508	161.479
367.516	131.674
365.602	193.083
365.602	193.083
360.296	348.744
360.296	348.744
414.356	20.4418
422.838	28.7814
441.977	14.9729
446.078	4.39989
460.094	70.1954
520.03	237.143
538.967	287.933
538.967	287.933
564.134	352.996
564.134	352.996
595.732	439.665
627.177	34.7639
628.642	88.7823
657.828	121.224
657.828	121.224
661.293	45.0309
668.24	89.6459
669.938	260.343
675.631	26.695
682.255	254.355
699.388	131.72
711.266	93.6509
724.179	105.569
9.84687	255.401
31.1311	346.894
33.9396	295.82
36.0619	260.687
40.1771	314.818
44.962	419.417
46.6149	344.149
49.1788	441.061
60.4889	389.044
66.4217	385.556
69.2126	285.508
75.9426	346.489
101.657	317.53
119.514	326.461
151.989	350.741
202.083	235.475
220.12	194.92
367.528	131.685
367.528	131.685
365.601	193.085
362.321	283.975
362.321	283.975
360.3	348.811
360.3	348.811
442.872	36.7409
445.747	12.8045
520.061	237.153
538.99	287.927
538.99	287.927
564.164	352.985
564.164	352.985
595.749	439.67
628.524	88.7034
639.504	32.3241
657.754	121.119
657.754	121.119
661.285	45.0121
661.578	259.916
668.238	89.5869
675.189	130.603
675.59	26.6663
676.615	279.443
699.39	131.692
711.06	93.5347
