1589.72	-287.468	3206.77
2668.53	2504.08	4446.38
2565.91	3591.61	3862.74
2241.48	-428.936	5366.43
199.386	3158.38	5541.77
433.229	2502.78	3295.24
1240.98	1991.57	5042.82
1357.23	2702.65	2367.84
1237.24	1046.85	5550.82
1510.03	600.49	5197.26
1249.6	-170.612	3101.38
2101.05	-360.155	3330.19
-200.284	1308.99	3225.86
2565.6	3471.52	3759.25
701.35	2302.62	4636.45
2775.72	2027.6	3235.89
-1273.78	2768.62	3909.17
2339.45	1592.8	4752.42
-985.867	1737.3	2309.18
3075.15	15.6947	4541.68
-1069.72	2016.61	5316.05
468.466	465.905	3535.09
943.528	1356.7	4604.38
1171.01	1802.51	2547.08
-276.316	2463.04	4891.12
2834.69	2249.79	2735.9
3192.07	771.775	2662.32
2873.95	2227.6	2175.46
1916.45	2114.85	3958.67
672.343	2061.36	4058.23
864.775	-717.74	5734.19
2428.73	1382.64	3315.01
2202.31	39.9323	4832.68
117.01	2146.32	5997.25
1611.38	1578.15	3669.27
758.105	632.136	3204.99
1955.93	2515.89	4729.81
2882.23	955.443	4481.28
-1186.42	2455.55	4186.32
2965.93	1986.77	4133.58
1370.44	2077.76	4348.28
-885.924	-20.8631	5216.88
111.011	1967.36	3827.67
2153.69	88.8171	5784.31
-640.396	735.196	5489.16
576.292	742.629	4660.59
1117.98	1703.68	5285.29
2277.34	3460.53	4298.41
1584.2	1315.35	5032.4
1214.57	1303.3	3076.42
1589.72	-287.468	3206.77
2668.53	2504.08	4446.38
2565.91	3591.61	3862.74
2241.48	-428.936	5366.43
199.386	3158.38	5541.77
433.229	2502.78	3295.24
1240.98	1991.57	5042.82
1357.23	2702.65	2367.84
1237.24	1046.85	5550.82
1510.03	600.49	5197.26
1249.6	-170.612	3101.38
2101.05	-360.155	3330.19
-200.284	1308.99	3225.86
2565.6	3471.52	3759.25
701.35	2302.62	4636.45
2775.72	2027.6	3235.89
-1273.78	2768.62	3909.17
2339.45	1592.8	4752.42
-985.867	1737.3	2309.18
3075.15	15.6947	4541.68
-1069.72	2016.61	5316.05
468.466	465.905	3535.09
943.528	1356.7	4604.38
1171.01	1802.51	2547.08
-276.316	2463.04	4891.12
2834.69	2249.79	2735.9
3192.07	771.775	2662.32
2873.95	2227.6	2175.46
1916.45	2114.85	3958.67
672.343	2061.36	4058.23
864.775	-717.74	5734.19
2428.73	1382.64	3315.01
2202.31	39.9323	4832.68
117.01	2146.32	5997.25
1611.38	1578.15	3669.27
758.105	632.136	3204.99
1955.93	2515.89	4729.81
2882.23	955.443	4481.28
-1186.42	2455.55	4186.32
2965.93	1986.77	4133.58
1370.44	2077.76	4348.28
-885.924	-20.8631	5216.88
111.011	1967.36	3827.67
2153.69	88.8171	5784.31
-640.396	735.196	5489.16
576.292	742.629	4660.59
1117.98	1703.68	5285.29
2277.34	3460.53	4298.41
1584.2	1315.35	5032.4
1214.57	1303.3	3076.42
1589.72	-287.468	3206.77
2668.53	2504.08	4446.38
2565.91	3591.61	3862.74
2241.48	-428.936	5366.43
199.386	3158.38	5541.77
433.229	2502.78	3295.24
1240.98	1991.57	5042.82
1357.23	2702.65	2367.84
1237.24	1046.85	5550.82
1510.03	600.49	5197.26
1249.6	-170.612	3101.38
2101.05	-360.155	3330.19
-200.284	1308.99	3225.86
2565.6	3471.52	3759.25
701.35	2302.62	4636.45
2775.72	2027.6	3235.89
-1273.78	2768.62	3909.17
2339.45	1592.8	4752.42
-985.867	1737.3	2309.18
3075.15	15.6947	4541.68
-1069.72	2016.61	5316.05
468.466	465.905	3535.09
943.528	1356.7	4604.38
1171.01	1802.51	2547.08
-276.316	2463.04	4891.12
2834.69	2249.79	2735.9
3192.07	771.775	2662.32
2873.95	2227.6	2175.46
1916.45	2114.85	3958.67
672.343	2061.36	4058.23
864.775	-717.74	5734.19
2428.73	1382.64	3315.01
2202.31	39.9323	4832.68
117.01	2146.32	5997.25
1611.38	1578.15	3669.27
758.105	632.136	3204.99
1955.93	2515.89	4729.81
2882.23	955.443	4481.28
-1186.42	2455.55	4186.32
2965.93	1986.77	4133.58
1370.44	2077.76	4348.28
-885.924	-20.8631	5216.88
111.011	1967.36	3827.67
2153.69	88.8171	5784.31
-640.396	735.196	5489.16
576.292	742.629	4660.59
1117.98	1703.68	5285.29
2277.34	3460.53	4298.41
1584.2	1315.35	5032.4
1214.57	1303.3	3076.42
1589.72	-287.468	3206.77
2668.53	2504.08	4446.38
2565.91	3591.61	3862.74
2241.48	-428.936	5366.43
199.386	3158.38	5541.77
433.229	2502.78	3295.24
1240.98	1991.57	5042.82
1357.23	2702.65	2367.84
1237.24	1046.85	5550.82
1510.03	600.49	5197.26
1249.6	-170.612	3101.38
2101.05	-360.155	3330.19
-200.284	1308.99	3225.86
2565.6	3471.52	3759.25
701.35	2302.62	4636.45
2775.72	2027.6	3235.89
-1273.78	2768.62	3909.17
2339.45	1592.8	4752.42
-985.867	1737.3	2309.18
3075.15	15.6947	4541.68
-1069.72	2016.61	5316.05
468.466	465.905	3535.09
943.528	1356.7	4604.38
1171.01	1802.51	2547.08
-276.316	2463.04	4891.12
2834.69	2249.79	2735.9
3192.07	771.775	2662.32
2873.95	2227.6	2175.46
1916.45	2114.85	3958.67
672.343	2061.36	4058.23
864.775	-717.74	5734.19
2428.73	1382.64	3315.01
2202.31	39.9323	4832.68
117.01	2146.32	5997.25
1611.38	1578.15	3669.27
758.105	632.136	3204.99
1955.93	2515.89	4729.81
2882.23	955.443	4481.28
-1186.42	2455.55	4186.32
2965.93	1986.77	4133.58
1370.44	2077.76	4348.28
-885.924	-20.8631	5216.88
111.011	1967.36	3827.67
2153.69	88.8171	5784.31
-640.396	735.196	5489.16
576.292	742.629	4660.59
1117.98	1703.68	5285.29
2277.34	3460.53	4298.41
1584.2	1315.35	5032.4
1214.57	1303.3	3076.42
1589.72	-287.468	3206.77
2668.53	2504.08	4446.38
2565.91	3591.61	3862.74
2241.48	-428.936	5366.43
199.386	3158.38	5541.77
433.229	2502.78	3295.24
1240.98	1991.57	5042.82
1357.23	2702.65	2367.84
1237.24	1046.85	5550.82
1510.03	600.49	5197.26
1249.6	-170.612	3101.38
2101.05	-360.155	3330.19
-200.284	1308.99	3225.86
2565.6	3471.52	3759.25
701.35	2302.62	4636.45
2775.72	2027.6	3235.89
-1273.78	2768.62	3909.17
2339.45	1592.8	4752.42
-985.867	1737.3	2309.18
3075.15	15.6947	4541.68
-1069.72	2016.61	5316.05
468.466	465.905	3535.09
943.528	1356.7	4604.38
1171.01	1802.51	2547.08
-276.316	2463.04	4891.12
2834.69	2249.79	2735.9
3192.07	771.775	2662.32
2873.95	2227.6	2175.46
1916.45	2114.85	3958.67
672.343	2061.36	4058.23
864.775	-717.74	5734.19
2428.73	1382.64	3315.01
2202.31	39.9323	4832.68
117.01	2146.32	5997.25
1611.38	1578.15	3669.27
758.105	632.136	3204.99
1955.93	2515.89	4729.81
2882.23	955.443	4481.28
-1186.42	2455.55	4186.32
2965.93	1986.77	4133.58
1370.44	2077.76	4348.28
-885.924	-20.8631	5216.88
111.011	1967.36	3827.67
2153.69	88.8171	5784.31
-640.396	735.196	5489.16
576.292	742.629	4660.59
1117.98	1703.68	5285.29
2277.34	3460.53	4298.41
1584.2	1315.35	5032.4
1214.57	1303.3	3076.42
