1606.25	-290.457	3240.11
2697.9	2531.64	4495.31
2595.07	3632.43	3906.64
2264.2	-433.285	5420.84
201.647	3194.2	5604.63
438.122	2531.05	3332.47
1254.57	2013.37	5098.03
1372.62	2733.28	2394.68
1250.4	1057.99	5609.89
1525.91	606.804	5251.9
1262.69	-172.398	3133.86
2122.72	-363.871	3364.55
-202.49	1323.42	3261.41
2594.7	3510.9	3801.88
709.147	2328.22	4688
2806.11	2049.79	3271.3
-1288.42	2800.43	3954.08
2364.6	1609.92	4803.51
-996.988	1756.9	2335.23
3106.67	15.8555	4588.22
-1081.64	2039.09	5375.32
473.475	470.887	3572.89
953.744	1371.39	4654.23
1183.99	1822.48	2575.3
-279.42	2490.71	4946.07
2865.98	2274.62	2766.1
3225.87	779.947	2690.52
2905.75	2252.25	2199.54
1937.53	2138.1	4002.2
679.801	2084.23	4103.24
873.561	-725.032	5792.45
2454.93	1397.55	3350.77
2225.03	40.3442	4882.53
118.3	2169.99	6063.39
1628.94	1595.35	3709.24
766.244	638.922	3239.4
1977.56	2543.7	4782.1
2912.61	965.513	4528.51
-1199.9	2483.47	4233.92
2998.11	2008.32	4178.43
1385.53	2100.64	4396.15
-895.28	-21.0834	5271.98
112.247	1989.26	3870.29
2175.79	89.7285	5843.67
-647.268	743.086	5548.07
582.447	750.56	4710.37
1130.12	1722.19	5342.69
2303.13	3499.72	4347.09
1601.19	1329.45	5086.37
1227.8	1317.5	3109.93
1606.25	-290.457	3240.11
2697.9	2531.64	4495.31
2595.07	3632.43	3906.64
2264.2	-433.285	5420.84
201.647	3194.2	5604.63
438.122	2531.05	3332.47
1254.57	2013.37	5098.03
1372.62	2733.28	2394.68
1250.4	1057.99	5609.89
1525.91	606.804	5251.9
1262.69	-172.398	3133.86
2122.72	-363.871	3364.55
-202.49	1323.42	3261.41
2594.7	3510.9	3801.88
709.147	2328.22	4688
2806.11	2049.79	3271.3
-1288.42	2800.43	3954.08
2364.6	1609.92	4803.51
-996.988	1756.9	2335.23
3106.67	15.8555	4588.22
-1081.64	2039.09	5375.32
473.475	470.887	3572.89
953.744	1371.39	4654.23
1183.99	1822.48	2575.3
-279.42	2490.71	4946.07
2865.98	2274.62	2766.1
3225.87	779.947	2690.52
2905.75	2252.25	2199.54
1937.53	2138.1	4002.2
679.801	2084.23	4103.24
873.561	-725.032	5792.45
2454.93	1397.55	3350.77
2225.03	40.3442	4882.53
118.3	2169.99	6063.39
1628.94	1595.35	3709.24
766.244	638.922	3239.4
1977.56	2543.7	4782.1
2912.61	965.513	4528.51
-1199.9	2483.47	4233.92
2998.11	2008.32	4178.43
1385.53	2100.64	4396.15
-895.28	-21.0834	5271.98
112.247	1989.26	3870.29
2175.79	89.7285	5843.67
-647.268	743.086	5548.07
582.447	750.56	4710.37
1130.12	1722.19	5342.69
2303.13	3499.72	4347.09
1601.19	1329.45	5086.37
1227.8	1317.5	3109.93
1606.25	-290.457	3240.11
2697.9	2531.64	4495.31
2595.07	3632.43	3906.64
2264.2	-433.285	5420.84
201.647	3194.2	5604.63
438.122	2531.05	3332.47
1254.57	2013.37	5098.03
1372.62	2733.28	2394.68
1250.4	1057.99	5609.89
1525.91	606.804	5251.9
1262.69	-172.398	3133.86
2122.72	-363.871	3364.55
-202.49	1323.42	3261.41
2594.7	3510.9	3801.88
709.147	2328.22	4688
2806.11	2049.79	3271.3
-1288.42	2800.43	3954.08
2364.6	1609.92	4803.51
-996.988	1756.9	2335.23
3106.67	15.8555	4588.22
-1081.64	2039.09	5375.32
473.475	470.887	3572.89
953.744	1371.39	4654.23
1183.99	1822.48	2575.3
-279.42	2490.71	4946.07
2865.98	2274.62	2766.1
3225.87	779.947	2690.52
2905.75	2252.25	2199.54
1937.53	2138.1	4002.2
679.801	2084.23	4103.24
873.561	-725.032	5792.45
2454.93	1397.55	3350.77
2225.03	40.3442	4882.53
118.3	2169.99	6063.39
1628.94	1595.35	3709.24
766.244	638.922	3239.4
1977.56	2543.7	4782.1
2912.61	965.513	4528.51
-1199.9	2483.47	4233.92
2998.11	2008.32	4178.43
1385.53	2100.64	4396.15
-895.28	-21.0834	5271.98
112.247	1989.26	3870.29
2175.79	89.7285	5843.67
-647.268	743.086	5548.07
582.447	750.56	4710.37
1130.12	1722.19	5342.69
2303.13	3499.72	4347.09
1601.19	1329.45	5086.37
1227.8	1317.5	3109.93
1606.25	-290.457	3240.11
2697.9	2531.64	4495.31
2595.07	3632.43	3906.64
2264.2	-433.285	5420.84
201.647	3194.2	5604.63
438.122	2531.05	3332.47
1254.57	2013.37	5098.03
1372.62	2733.28	2394.68
1250.4	1057.99	5609.89
1525.91	606.804	5251.9
1262.69	-172.398	3133.86
2122.72	-363.871	3364.55
-202.49	1323.42	3261.41
2594.7	3510.9	3801.88
709.147	2328.22	4688
2806.11	2049.79	3271.3
-1288.42	2800.43	3954.08
2364.6	1609.92	4803.51
-996.988	1756.9	2335.23
3106.67	15.8555	4588.22
-1081.64	2039.09	5375.32
473.475	470.887	3572.89
953.744	1371.39	4654.23
1183.99	1822.48	2575.3
-279.42	2490.71	4946.07
2865.98	2274.62	2766.1
3225.87	779.947	2690.52
2905.75	2252.25	2199.54
1937.53	2138.1	4002.2
679.801	2084.23	4103.24
873.561	-725.032	5792.45
2454.93	1397.55	3350.77
2225.03	40.3442	4882.53
118.3	2169.99	6063.39
1628.94	1595.35	3709.24
766.244	638.922	3239.4
1977.56	2543.7	4782.1
2912.61	965.513	4528.51
-1199.9	2483.47	4233.92
2998.11	2008.32	4178.43
1385.53	2100.64	4396.15
-895.28	-21.0834	5271.98
112.247	1989.26	3870.29
2175.79	89.7285	5843.67
-647.268	743.086	5548.07
582.447	750.56	4710.37
1130.12	1722.19	5342.69
2303.13	3499.72	4347.09
1601.19	1329.45	5086.37
1227.8	1317.5	3109.93
1606.25	-290.457	3240.11
2697.9	2531.64	4495.31
2595.07	3632.43	3906.64
2264.2	-433.285	5420.84
201.647	3194.2	5604.63
438.122	2531.05	3332.47
1254.57	2013.37	5098.03
1372.62	2733.28	2394.68
1250.4	1057.99	5609.89
1525.91	606.804	5251.9
1262.69	-172.398	3133.86
2122.72	-363.871	3364.55
-202.49	1323.42	3261.41
2594.7	3510.9	3801.88
709.147	2328.22	4688
2806.11	2049.79	3271.3
-1288.42	2800.43	3954.08
2364.6	1609.92	4803.51
-996.988	1756.9	2335.23
3106.67	15.8555	4588.22
-1081.64	2039.09	5375.32
473.475	470.887	3572.89
953.744	1371.39	4654.23
1183.99	1822.48	2575.3
-279.42	2490.71	4946.07
2865.98	2274.62	2766.1
3225.87	779.947	2690.52
2905.75	2252.25	2199.54
1937.53	2138.1	4002.2
679.801	2084.23	4103.24
873.561	-725.032	5792.45
2454.93	1397.55	3350.77
2225.03	40.3442	4882.53
118.3	2169.99	6063.39
1628.94	1595.35	3709.24
766.244	638.922	3239.4
1977.56	2543.7	4782.1
2912.61	965.513	4528.51
-1199.9	2483.47	4233.92
2998.11	2008.32	4178.43
1385.53	2100.64	4396.15
-895.28	-21.0834	5271.98
112.247	1989.26	3870.29
2175.79	89.7285	5843.67
-647.268	743.086	5548.07
582.447	750.56	4710.37
1130.12	1722.19	5342.69
2303.13	3499.72	4347.09
1601.19	1329.45	5086.37
1227.8	1317.5	3109.93
