534.436	194.35
579.429	430.085
598.88	558.772
514.665	197.557
378.409	436.449
405.715	504.269
453.422	371.787
555.401	632.762
445.517	296.41
469.087	269.41
500.509	207.252
583.323	187.264
333.573	377.422
604.808	556.324
417.987	409.364
664.095	450.023
242.445	487.257
541.584	348.554
195.322	502.906
605.609	227.164
290.429	367.919
405.568	276.341
436.878	335.438
518.297	483.462
342.813	412.792
720.228	515.897
775.491	327.274
806.272	579.185
536.183	420.804
421.259	413.463
418.348	181.801
621.186	376.622
527.468	229.637
372.572	359.263
518.576	383.567
441.855	299.963
513.513	420.431
594.316	303.366
258.191	443.489
619.8	399.394
476.64	401.604
300.381	227.32
370.42	416.347
499.635	232.386
320.884	277.695
406.897	286.23
441.214	345.446
553.629	516.888
478.005	322.662
499.101	381.676
534.436	194.35
579.429	430.085
598.88	558.772
514.665	197.557
378.409	436.449
405.715	504.269
453.422	371.787
555.401	632.762
445.517	296.41
469.087	269.41
500.509	207.252
583.323	187.264
333.573	377.422
604.808	556.324
417.987	409.364
664.095	450.023
242.445	487.257
541.584	348.554
195.322	502.906
605.609	227.164
290.429	367.919
405.568	276.341
436.878	335.438
518.297	483.462
342.813	412.792
720.228	515.897
775.491	327.274
806.272	579.185
536.183	420.804
421.259	413.463
418.348	181.801
621.186	376.622
527.468	229.637
372.572	359.263
518.576	383.567
441.855	299.963
513.513	420.431
594.316	303.366
258.191	443.489
619.8	399.394
476.64	401.604
300.381	227.32
370.42	416.347
499.635	232.386
320.884	277.695
406.897	286.23
441.214	345.446
553.629	516.888
478.005	322.662
499.101	381.676
534.436	194.35
579.429	430.085
598.88	558.772
514.665	197.557
378.409	436.449
405.715	504.269
453.422	371.787
555.401	632.762
445.517	296.41
469.087	269.41
500.509	207.252
583.323	187.264
333.573	377.422
604.808	556.324
417.987	409.364
664.095	450.023
242.445	487.257
541.584	348.554
195.322	502.906
605.609	227.164
290.429	367.919
405.568	276.341
436.878	335.438
518.297	483.462
342.813	412.792
720.228	515.897
775.491	327.274
806.272	579.185
536.183	420.804
421.259	413.463
418.348	181.801
621.186	376.622
527.468	229.637
372.572	359.263
518.576	383.567
441.855	299.963
513.513	420.431
594.316	303.366
258.191	443.489
619.8	399.394
476.64	401.604
300.381	227.32
370.42	416.347
499.635	232.386
320.884	277.695
406.897	286.23
441.214	345.446
553.629	516.888
478.005	322.662
499.101	381.676
534.436	194.35
579.429	430.085
598.88	558.772
514.665	197.557
378.409	436.449
405.715	504.269
453.422	371.787
555.401	632.762
445.517	296.41
469.087	269.41
500.509	207.252
583.323	187.264
333.573	377.422
604.808	556.324
417.987	409.364
664.095	450.023
242.445	487.257
541.584	348.554
195.322	502.906
605.609	227.164
290.429	367.919
405.568	276.341
436.878	335.438
518.297	483.462
342.813	412.792
720.228	515.897
775.491	327.274
806.272	579.185
536.183	420.804
421.259	413.463
418.348	181.801
621.186	376.622
527.468	229.637
372.572	359.263
518.576	383.567
441.855	299.963
513.513	420.431
594.316	303.366
258.191	443.489
619.8	399.394
476.64	401.604
300.381	227.32
370.42	416.347
499.635	232.386
320.884	277.695
406.897	286.23
441.214	345.446
553.629	516.888
478.005	322.662
499.101	381.676
534.436	194.35
579.429	430.085
598.88	558.772
514.665	197.557
378.409	436.449
405.715	504.269
453.422	371.787
555.401	632.762
445.517	296.41
469.087	269.41
500.509	207.252
583.323	187.264
333.573	377.422
604.808	556.324
417.987	409.364
664.095	450.023
242.445	487.257
541.584	348.554
195.322	502.906
605.609	227.164
290.429	367.919
405.568	276.341
436.878	335.438
518.297	483.462
342.813	412.792
720.228	515.897
775.491	327.274
806.272	579.185
536.183	420.804
421.259	413.463
418.348	181.801
621.186	376.622
527.468	229.637
372.572	359.263
518.576	383.567
441.855	299.963
513.513	420.431
594.316	303.366
258.191	443.489
619.8	399.394
476.64	401.604
300.381	227.32
370.42	416.347
499.635	232.386
320.884	277.695
406.897	286.23
441.214	345.446
553.629	516.888
478.005	322.662
499.101	381.676
