3.328187101153500294e+02	3.145351249505452529e+02
4.333177795575505797e+02	2.595732961051139682e+02
4.370061659374548526e+02	3.349193523617710753e+02
4.322925526590396998e+02	2.899004428712631807e+02
3.925309178216145938e+02	2.188092467269712529e+02
3.801816347509342222e+02	2.548500786164660497e+02
3.211245138715239023e+02	2.730252622915062375e+02
3.855103235887654591e+02	2.966174449037723093e+02
3.700413960405462035e+02	2.523938823710906263e+02
4.458780412648674769e+02	1.834087242309637134e+02
4.534734518115838000e+02	2.681124912283942763e+02
3.104578997712803812e+02	2.339579984635910535e+02
3.310599045833767491e+02	3.002002283832051717e+02
4.564041544553629137e+02	1.702790733392554898e+02
3.493922340155280608e+02	2.677765576432086050e+02
4.463672176101751461e+02	3.602011916576298631e+02
2.806505681429743504e+02	3.028434129898993774e+02
4.399327047851636507e+02	2.327796363940037168e+02
3.674980403444037051e+02	1.755289480616482081e+02
4.738320808084529290e+02	2.225897764922653721e+02
4.664035975555426035e+02	2.057096668395170127e+02
4.464829176050679962e+02	2.899021917195549349e+02
3.299511734353037582e+02	2.591253019946712470e+02
3.125784649490877314e+02	2.254254676553619561e+02
3.503995709711988411e+02	3.582271564521892060e+02
4.484035948199750123e+02	2.104419738935819453e+02
4.665880367829483362e+02	2.725794047929081216e+02
4.114533332430200971e+02	1.900006394034869288e+02
4.550800995509153495e+02	3.712160325417191302e+02
3.029996313553717187e+02	2.496310501270781685e+02
3.182292210698332156e+02	2.042961725455890587e+02
4.629084952116038494e+02	2.069776006073827546e+02
2.870181603462253292e+02	3.147554641432253106e+02
3.859721315401363881e+02	1.884183593513032520e+02
4.453916097127329863e+02	1.981167778148230809e+02
3.724994894504687295e+02	3.065370946230983122e+02
4.463790805021949382e+02	2.264354597010613759e+02
4.320851643867260350e+02	2.624899571172550736e+02
3.149959880248758850e+02	3.108360088304359579e+02
4.309431153292982799e+02	2.478148379495526683e+02
3.768769184597003346e+02	2.003405103628779500e+02
4.185285256107699183e+02	2.294237536288771935e+02
4.341998799380457399e+02	2.103318575921808815e+02
4.486661386868369163e+02	2.843782690503061303e+02
3.862464570504806716e+02	2.743645276143404317e+02
3.100331613588514301e+02	1.670037988667844786e+02
3.453000320844279827e+02	3.108192802368745902e+02
4.237521881749148065e+02	3.097391926313260342e+02
4.216183572797250463e+02	3.182807586118053109e+02
3.620340387823324590e+02	1.951795247113727214e+02
