15042.2	31397.6	42782.3
8337.93	12786.1	34003.3
-6831.38	-2178.15	51861.7
28375.8	9843.2	36293.9
776.478	2649.23	42206
1224.09	-6257.92	21804.6
-4073.43	29165.8	40603.1
18270.1	14930.8	34302.6
25816.3	33734.9	25929.7
28241.5	1843.64	26519.4
21216.9	31104	24953.1
6448.82	17540.3	26712.6
17379.1	25160.8	45986.4
5524.29	3617.07	48599.3
17337.1	13709.8	18922.7
4205.65	25094	52510.1
12670.1	-4543.12	22834.2
19156.3	28751.2	37794.7
26658.6	2205.71	24145.5
7080.8	10732	38248.7
19502.4	34998.8	26218.9
25154.9	29239.6	25124.7
23539.4	34096.3	58206.4
7358.47	4580.91	47893.3
23817.2	6064.05	35415.8
2065.11	14166.9	28063.6
25432.2	38213.6	29433.1
27283.1	25432.4	44433.9
17547.3	35298	42881.8
30897.4	6829.09	42237.1
120.927	-2952.9	31663.7
3935.67	21770.5	31422.6
-2031.02	-8259.53	38802.4
-4729.54	-1007.52	41731
28669.7	17403.7	46391.2
25515.2	7.3125	23499.8
14486.9	160.232	30681.2
-4685.05	3163.2	30455.3
-7277.12	20236.3	48882.1
-7336.36	22233.4	21134.3
-1945.2	-7122.73	47748.3
20726.7	24.2156	51134.1
9403.49	15833.4	48232.7
27071.6	15910.4	46197.3
-4199.53	-3572.52	42968.6
-8235.67	26783.1	18646.8
14755.5	19857.4	45572.3
-5065.5	-2906.12	45991.9
31904.3	3593.99	27497.5
28709.5	14722	59293.6
15042.2	31397.6	42782.3
8337.93	12786.1	34003.3
-6831.38	-2178.15	51861.7
28375.8	9843.2	36293.9
776.478	2649.23	42206
1224.09	-6257.92	21804.6
-4073.43	29165.8	40603.1
18270.1	14930.8	34302.6
25816.3	33734.9	25929.7
28241.5	1843.64	26519.4
21216.9	31104	24953.1
6448.82	17540.3	26712.6
17379.1	25160.8	45986.4
5524.29	3617.07	48599.3
17337.1	13709.8	18922.7
4205.65	25094	52510.1
12670.1	-4543.12	22834.2
19156.3	28751.2	37794.7
26658.6	2205.71	24145.5
7080.8	10732	38248.7
19502.4	34998.8	26218.9
25154.9	29239.6	25124.7
23539.4	34096.3	58206.4
7358.47	4580.91	47893.3
23817.2	6064.05	35415.8
2065.11	14166.9	28063.6
25432.2	38213.6	29433.1
27283.1	25432.4	44433.9
17547.3	35298	42881.8
30897.4	6829.09	42237.1
120.927	-2952.9	31663.7
3935.67	21770.5	31422.6
-2031.02	-8259.53	38802.4
-4729.54	-1007.52	41731
28669.7	17403.7	46391.2
25515.2	7.3125	23499.8
14486.9	160.232	30681.2
-4685.05	3163.2	30455.3
-7277.12	20236.3	48882.1
-7336.36	22233.4	21134.3
-1945.2	-7122.73	47748.3
20726.7	24.2156	51134.1
9403.49	15833.4	48232.7
27071.6	15910.4	46197.3
-4199.53	-3572.52	42968.6
-8235.67	26783.1	18646.8
14755.5	19857.4	45572.3
-5065.5	-2906.12	45991.9
31904.3	3593.99	27497.5
28709.5	14722	59293.6
15042.2	31397.6	42782.3
8337.93	12786.1	34003.3
-6831.38	-2178.15	51861.7
28375.8	9843.2	36293.9
776.478	2649.23	42206
1224.09	-6257.92	21804.6
-4073.43	29165.8	40603.1
18270.1	14930.8	34302.6
25816.3	33734.9	25929.7
28241.5	1843.64	26519.4
21216.9	31104	24953.1
6448.82	17540.3	26712.6
17379.1	25160.8	45986.4
5524.29	3617.07	48599.3
17337.1	13709.8	18922.7
4205.65	25094	52510.1
12670.1	-4543.12	22834.2
19156.3	28751.2	37794.7
26658.6	2205.71	24145.5
7080.8	10732	38248.7
19502.4	34998.8	26218.9
25154.9	29239.6	25124.7
23539.4	34096.3	58206.4
7358.47	4580.91	47893.3
23817.2	6064.05	35415.8
2065.11	14166.9	28063.6
25432.2	38213.6	29433.1
27283.1	25432.4	44433.9
17547.3	35298	42881.8
30897.4	6829.09	42237.1
120.927	-2952.9	31663.7
3935.67	21770.5	31422.6
-2031.02	-8259.53	38802.4
-4729.54	-1007.52	41731
28669.7	17403.7	46391.2
25515.2	7.3125	23499.8
14486.9	160.232	30681.2
-4685.05	3163.2	30455.3
-7277.12	20236.3	48882.1
-7336.36	22233.4	21134.3
-1945.2	-7122.73	47748.3
20726.7	24.2156	51134.1
9403.49	15833.4	48232.7
27071.6	15910.4	46197.3
-4199.53	-3572.52	42968.6
-8235.67	26783.1	18646.8
14755.5	19857.4	45572.3
-5065.5	-2906.12	45991.9
31904.3	3593.99	27497.5
28709.5	14722	59293.6
15443.5	32235	43923.3
8560.36	13127.2	34910.2
-7013.63	-2236.24	53245
29132.7	10105.7	37261.7
797.179	2719.88	43331.7
1256.71	-6424.85	22386.2
-4182.03	29943.8	41686.1
18757.5	15329	35217.4
26505.1	34634.7	26621.2
28994.8	1892.72	27226.5
21782.9	31933.6	25618.5
6620.88	18008.1	27425
17842.7	25831.9	47212.9
5671.64	3713.52	49895.4
17799.6	14075.4	19427.3
4317.88	25763.3	53910.6
13008	-4664.35	23443.1
19667.4	29518.1	38802.6
27369.7	2264.46	24789.4
7269.69	11018.2	39268.8
20022.7	35932.3	26918.1
25826	30019.5	25794.7
24167.4	35005.7	59758.7
7554.75	4703.07	49170.7
24452.5	6225.73	36360.3
2120.23	14544.8	28812.1
26110.7	39232.8	30218
28011	26110.7	45618.9
18015.5	36239.5	44025.4
31721.6	7011.15	43363.5
124.131	-3031.67	32508.2
4040.69	22351.2	32260.6
-2085.24	-8479.85	39837.3
-4855.72	-1034.39	42844
29434.4	17867.9	47628.4
26195.8	7.42776	24126.4
14873.3	164.456	31499.4
-4810.03	3247.59	31267.6
-7471.19	20776.1	50185.9
-7532	22826.5	21698
-1997.13	-7312.73	49021.8
21279.5	24.7881	52497.8
9654.35	16255.7	49519.1
27793.7	16334.7	47429.3
-4311.58	-3667.81	44114.7
-8455.29	27497.6	19144.2
15149.1	20387	46787.7
-5200.65	-2983.64	47218.6
32755.4	3689.76	28230.8
29475.3	15114.6	60874.9
15612	32586.4	44401.9
8653.71	13270.3	35290.6
-7090.12	-2260.62	53825.3
29450.3	10215.7	37667.7
805.862	2749.52	43804
1270.39	-6494.91	22630.1
-4227.55	30270.2	42140.5
18962	15496	35601.1
26794.1	35012.2	26911.2
29310.9	1913.27	27523.1
22020.5	32281.7	25897.6
6693.1	18204.4	27723.9
18037.3	26113.4	47727.3
5733.47	3753.98	50439.2
17993.7	14228.8	19638.9
4365	26044.2	54498.1
13149.8	-4715.25	23698.6
19881.9	29839.8	39225.4
27668.1	2289.06	25059.4
7348.96	11138.3	39696.8
20241.1	36324	27211.4
26107.6	30346.7	26075.7
24430.9	35387.3	60409.9
7637.11	4754.31	49706.5
24719.1	6293.52	36756.4
2143.37	14703.4	29126.1
26395.5	39660.5	30547.2
28316.4	26395.3	46115.9
18212	36634.5	44505.1
32067.4	7087.49	43835.9
125.464	-3064.74	32862.5
4084.8	22594.9	32612.2
-2108.01	-8572.31	40271.5
-4908.67	-1045.67	43311
29755.4	18062.6	48147.3
26481.4	7.42499	24389.2
15035.4	166.196	31842.6
-4862.47	3283	31608.4
-7552.61	21002.6	50732.9
-7614.06	23075.4	21934.5
-2018.94	-7392.47	49556.1
21511.5	24.9788	53069.9
9759.63	16432.9	50058.7
28096.8	16512.7	47946.1
-4358.62	-3707.81	44595.5
-8547.4	27797.4	19352.9
15314.3	20609.2	47297.5
-5257.38	-3016.17	47733.3
33112.5	3729.88	28538.3
29796.7	15279.3	61538.2
