8394.46	17541.1	23899.5
4652.56	7150.38	18985.6
-3814.25	-1193.34	28938.7
15835.1	5508.48	20262.8
432.033	1496.57	23554.7
682.193	-3483.28	12163
-2273.62	16295	22680.5
10195.6	8347.22	19154.9
14407.9	18838.1	14497.6
15760.2	1039.72	14802
11841	17369.5	13950.3
3598.7	9800.6	14920.7
9698.31	14061.7	25682.8
3081.52	2039.36	27123.4
9675.36	7659.22	10571.3
2346.24	14027.4	29322.4
7070.01	-2526.03	12739.6
10690.5	16061.9	21114.4
14876.9	1240.81	13477.5
3950.76	6005.78	21353
10884.3	19543.8	14659.6
14038.6	16329	14044.8
13136.1	19053.7	32509.3
4105.19	2576.94	26730.3
13290.9	3399.04	19769.6
1152.07	7918.57	15671.7
14193.6	21339.2	16456
15225.6	14212.4	24817.2
9792.66	19718	23958.2
17242	3828.77	23577.1
66.3332	-1634.5	17667.2
2196.15	12163.5	17552.1
-1135.05	-4593.06	21646.6
-2640.87	-544.379	23286.3
15999	9732.35	25903.4
14238.8	13.622	13115.4
8083.84	102.25	17122.3
-2615.53	1778.5	16997.4
-4062.12	11315	27293.4
-4094.18	12417.7	11810.5
-1087.41	-3954.78	26639.6
11565.5	34.9545	28536.2
5246.86	8857.08	26928.5
15107.1	8898.82	25793.8
-2345.22	-1975.4	23975
-4595.84	14955.9	10425.9
8233.93	11101.7	25447.4
-2828.58	-1602.17	25662.7
17804.4	2016.95	15349.5
16020.7	8241.15	33101.2
8491.82	17744.6	24176.7
4706.53	7233.34	19205.8
-3858.49	-1207.2	29274.3
16018.8	5572.42	20497.9
437.049	1513.93	23827.9
690.119	-3523.68	12304
-2300.02	16484	22943.5
10313.8	8444.08	19377.1
14575	19056.7	14665.8
15943	1051.82	14973.7
11978.3	17571.1	14112.1
3640.43	9914.31	15093.7
9810.8	14224.8	25980.7
3117.27	2063.03	27438
9787.59	7748.1	10694
2373.44	14190.2	29662.5
7152.04	-2555.32	12887.4
10814.5	16248.3	21359.3
15049.5	1255.24	13633.9
3996.59	6075.46	21600.6
11010.5	19770.6	14829.7
14201.4	16518.4	14207.7
13288.5	19274.8	32886.4
4152.82	2606.85	27040.3
13445.1	3438.5	19998.9
1165.42	8010.44	15853.4
14358.2	21586.8	16646.9
15402.2	14377.3	25105.1
9906.23	19946.7	24236.1
17442	3873.23	23850.6
67.1118	-1653.46	17872.1
2221.6	12304.7	17755.7
-1148.2	-4646.35	21897.7
-2671.5	-550.699	23556.4
16184.6	9845.3	26203.8
14404	13.8122	13267.6
8177.63	103.455	17320.9
-2645.87	1799.13	17194.5
-4109.27	11446.3	27609.9
-4141.71	12561.8	11947.5
-1100.01	-4000.66	26948.6
11699.7	35.3872	28867.2
5307.72	8959.85	27240.9
15282.3	9002.1	26093
-2372.42	-1998.32	24253.1
-4649.19	15129.4	10546.8
8329.44	11230.5	25742.6
-2861.39	-1620.76	25960.3
18011	2040.39	15527.6
16206.5	8336.8	33485.1
8597.31	17965.3	24477.1
4765.01	7323.29	19444.4
-3906.43	-1222.22	29637.8
16217.9	5641.78	20752.6
442.497	1532.75	24123.8
698.729	-3567.48	12456.9
-2328.68	16688.9	23228.5
10442	8549.11	19617.9
14756.1	19293.7	14848.1
16141.2	1064.98	15159.9
12127.2	17789.6	14287.6
3685.64	10037.6	15281.2
9932.7	14401.7	26303.5
3156.04	2088.69	27778.8
9909.23	7844.48	10826.9
2402.89	14366.6	30031
7240.97	-2587.04	13047.5
10948.9	16450.3	21624.7
15236.6	1270.92	13803.4
4046.26	6151.01	21869
11147.3	20016.4	15014
14377.9	16723.8	14384.4
13453.6	19514.4	33295.1
4204.45	2639.28	27376.2
13612.3	3481.32	20247.5
1179.88	8110.03	16050.4
14536.6	21855.2	16853.9
15593.6	14556.1	25417.1
10029.3	20194.8	24537.3
17658.9	3921.48	24147.1
67.9726	-1674.01	18094.1
2249.17	12457.6	17976.3
-1162.43	-4704.11	22169.6
-2704.69	-557.559	23849
16385.8	9967.78	26529.5
14583	14.0631	13432.5
8279.3	104.787	17536.2
-2678.76	1821.48	17408
-4160.38	11588.5	27952.8
-4193.25	12717.9	12095.8
-1113.63	-4050.4	27283.3
11845.1	35.892	29225.9
5373.68	9071.26	27579.3
15472.3	9114.09	26417.3
-2401.88	-2023.17	24554.3
-4707.05	15317.5	10677.8
8432.94	11370.1	26062.4
-2896.93	-1640.93	26282.7
18234.9	2065.85	15720.7
16408	8440.52	33901.3
8701.25	18182.6	24773.1
4822.64	7411.89	19679.5
-3953.65	-1237.02	29996.1
16414.1	5710.08	21003.6
447.858	1551.3	24415.5
707.2	-3610.63	12607.5
-2356.89	16890.8	23509.3
10568.3	8652.55	19855.1
14934.5	19527.1	15027.7
16336.5	1077.91	15343.3
12273.8	18004.8	14460.4
3730.2	10159	15466
10052.8	14575.9	26621.6
3194.22	2113.96	28114.7
10029.1	7939.39	10957.9
2431.93	14540.4	30394
7328.58	-2618.31	13205.3
11081.3	16649.3	21886.2
15420.9	1286.35	13970.4
4095.2	6225.43	22133.4
11282.1	20258.5	15195.6
14551.8	16926.2	14558.4
13616.3	19750.5	33697.7
4255.32	2671.22	27707.2
13776.9	3523.48	20492.3
1194.14	8208.13	16244.4
14712.3	22119.6	17057.7
15782.2	14732.2	25724.5
10150.5	20439.1	24834
17872.5	3968.97	24439.1
68.8109	-1694.26	18312.9
2276.34	12608.3	18193.6
-1176.46	-4761.02	22437.7
-2737.39	-564.312	24137.3
16584	10088.4	26850.4
14759.4	14.2817	13595
8379.46	106.082	17748.2
-2711.16	1843.51	17618.5
-4210.73	11728.7	28290.7
-4244.01	12871.8	12242
-1127.08	-4099.4	27613.1
11988.4	36.366	29579.3
5438.66	9181	27912.7
15659.4	9224.38	26736.8
-2430.91	-2047.65	24851.1
-4764.03	15502.7	10806.9
8534.92	11507.7	26377.6
-2931.95	-1660.78	26600.4
18455.4	2090.9	15910.8
16606.5	8542.67	34311.2
8787.74	18363.1	25019.3
4870.55	7485.46	19875.1
-3992.96	-1249.28	30294.4
16577.1	5766.69	21212.3
452.29	1566.7	24658.2
714.19	-3646.49	12732.8
-2380.23	17058.6	23743.1
10673.3	8738.42	20052.4
15082.9	19721	15177
16498.7	1088.53	15495.6
12395.8	18183.5	14604
3767.29	10259.9	15619.7
10152.7	14720.6	26886.1
3225.93	2134.94	28394.1
10128.7	8018.18	11066.7
2456.13	14684.8	30696.2
7401.33	-2644.35	13336.5
11191.4	16814.6	22103.7
15574	1299.03	14109.1
4135.88	6287.23	22353.4
11394.2	20459.7	15346.5
14696.4	17094.2	14702.9
13751.6	19946.6	34032.5
4297.56	2697.72	27982.6
13913.7	3558.39	20695.9
1206.03	8289.64	16405.9
14858.6	22339.2	17227.1
15939	14878.5	25980.1
10251.4	20642	25080.7
18050	4008.28	24681.9
69.466	-1711.09	18494.9
2299	12733.5	18374.5
-1188.2	-4808.29	22660.7
-2764.6	-569.901	24377.3
16748.7	10188.5	27117.1
14906	14.3399	13730
8462.65	107.088	17924.6
-2738.09	1861.83	17793.7
-4252.51	11845.2	28572
-4286.09	12999.6	12363.8
-1138.32	-4140.1	27887.6
12107.4	36.6585	29873.2
5492.69	9272.14	28190.2
15814.9	9315.9	27002.4
-2455.09	-2067.98	25098.2
-4811.27	15656.7	10914.3
8619.72	11621.9	26639.7
-2961.1	-1677.26	26864.9
18638.7	2111.56	16068.8
16771.4	8627.41	34652.1
