11579.2	24192.2	32952
6425.87	9873.51	26205.4
-5198.75	-1625.14	39473.4
21858.6	7605.76	27962.7
596.902	2056.35	32318.4
946.623	-4820.25	16833.2
-3130.6	22461.5	31254.2
14089.6	11535.5	26461.3
20055.3	26222.3	20176.2
21832.5	1442.61	20500.5
16479	24172.9	19410.2
4990.74	13587.7	20680
13346.7	19349.3	35328.7
4222.26	2794.37	37117
13467	10661.3	14710.7
3219.36	19224.8	40172.6
9793.69	-3496.54	17640.6
14779	22203.3	29179.4
20631.7	1722.86	18686.8
5444.17	8273.34	29400.9
15145.3	27194.2	20393.7
19535.2	22722.7	19539.9
18001.4	26108.1	44531.3
5626.63	3532.29	36601.1
18339.4	4692.16	27270.2
1597.06	10962.9	21689.2
19735.8	29671.5	22876.8
20981.2	19585.1	34187.9
13516.5	27212.7	33055.7
23725.8	5271.18	32433.4
94.5872	-2250.66	24343.7
3041.2	16832.5	24282.2
-1553.45	-6300.02	29696.5
-3617.65	-744.161	31928.9
22002.4	13385.5	35611.5
19745.1	21.0831	18183.2
11164.7	143.487	23637.8
-3605.97	2455.66	23447.9
-5563.77	15512.1	37403.3
-5688.39	17258.4	16409.9
-1481.09	-5401.22	36395.1
15822.5	51.5128	39021.3
7201.48	12152.7	36932.2
20771.3	12236.5	35452.8
-3208.99	-2704.04	32842.4
-6397.65	20823.7	14512.6
11323.7	15265.5	34978.7
-3865.49	-2189.41	35104.3
24664.5	2796.41	21259.2
21888.1	11261.1	45206.3
11579.2	24192.2	32952
6425.87	9873.51	26205.4
-5198.75	-1625.14	39473.4
21858.6	7605.76	27962.7
596.902	2056.35	32318.4
946.623	-4820.25	16833.2
-3130.6	22461.5	31254.2
14089.6	11535.5	26461.3
20055.3	26222.3	20176.2
21832.5	1442.61	20500.5
16479	24172.9	19410.2
4990.74	13587.7	20680
13346.7	19349.3	35328.7
4222.26	2794.37	37117
13467	10661.3	14710.7
3219.36	19224.8	40172.6
9793.69	-3496.54	17640.6
14779	22203.3	29179.4
20631.7	1722.86	18686.8
5444.17	8273.34	29400.9
15145.3	27194.2	20393.7
19535.2	22722.7	19539.9
18001.4	26108.1	44531.3
5626.63	3532.29	36601.1
18339.4	4692.16	27270.2
1597.06	10962.9	21689.2
19735.8	29671.5	22876.8
20981.2	19585.1	34187.9
13516.5	27212.7	33055.7
23725.8	5271.18	32433.4
94.5872	-2250.66	24343.7
3041.2	16832.5	24282.2
-1553.45	-6300.02	29696.5
-3617.65	-744.161	31928.9
22002.4	13385.5	35611.5
19745.1	21.0831	18183.2
11164.7	143.487	23637.8
-3605.97	2455.66	23447.9
-5563.77	15512.1	37403.3
-5688.39	17258.4	16409.9
-1481.09	-5401.22	36395.1
15822.5	51.5128	39021.3
7201.48	12152.7	36932.2
20771.3	12236.5	35452.8
-3208.99	-2704.04	32842.4
-6397.65	20823.7	14512.6
11323.7	15265.5	34978.7
-3865.49	-2189.41	35104.3
24664.5	2796.41	21259.2
21888.1	11261.1	45206.3
11579.2	24192.2	32952
6425.87	9873.51	26205.4
-5198.75	-1625.14	39473.4
21858.6	7605.76	27962.7
596.902	2056.35	32318.4
946.623	-4820.25	16833.2
-3130.6	22461.5	31254.2
14089.6	11535.5	26461.3
20055.3	26222.3	20176.2
21832.5	1442.61	20500.5
16479	24172.9	19410.2
4990.74	13587.7	20680
13346.7	19349.3	35328.7
4222.26	2794.37	37117
13467	10661.3	14710.7
3219.36	19224.8	40172.6
9793.69	-3496.54	17640.6
14779	22203.3	29179.4
20631.7	1722.86	18686.8
5444.17	8273.34	29400.9
15145.3	27194.2	20393.7
19535.2	22722.7	19539.9
18001.4	26108.1	44531.3
5626.63	3532.29	36601.1
18339.4	4692.16	27270.2
1597.06	10962.9	21689.2
19735.8	29671.5	22876.8
20981.2	19585.1	34187.9
13516.5	27212.7	33055.7
23725.8	5271.18	32433.4
94.5872	-2250.66	24343.7
3041.2	16832.5	24282.2
-1553.45	-6300.02	29696.5
-3617.65	-744.161	31928.9
22002.4	13385.5	35611.5
19745.1	21.0831	18183.2
11164.7	143.487	23637.8
-3605.97	2455.66	23447.9
-5563.77	15512.1	37403.3
-5688.39	17258.4	16409.9
-1481.09	-5401.22	36395.1
15822.5	51.5128	39021.3
7201.48	12152.7	36932.2
20771.3	12236.5	35452.8
-3208.99	-2704.04	32842.4
-6397.65	20823.7	14512.6
11323.7	15265.5	34978.7
-3865.49	-2189.41	35104.3
24664.5	2796.41	21259.2
21888.1	11261.1	45206.3
11579.2	24192.2	32952
6425.87	9873.51	26205.4
-5198.75	-1625.14	39473.4
21858.6	7605.76	27962.7
596.902	2056.35	32318.4
946.623	-4820.25	16833.2
-3130.6	22461.5	31254.2
14089.6	11535.5	26461.3
20055.3	26222.3	20176.2
21832.5	1442.61	20500.5
16479	24172.9	19410.2
4990.74	13587.7	20680
13346.7	19349.3	35328.7
4222.26	2794.37	37117
13467	10661.3	14710.7
3219.36	19224.8	40172.6
9793.69	-3496.54	17640.6
14779	22203.3	29179.4
20631.7	1722.86	18686.8
5444.17	8273.34	29400.9
15145.3	27194.2	20393.7
19535.2	22722.7	19539.9
18001.4	26108.1	44531.3
5626.63	3532.29	36601.1
18339.4	4692.16	27270.2
1597.06	10962.9	21689.2
19735.8	29671.5	22876.8
20981.2	19585.1	34187.9
13516.5	27212.7	33055.7
23725.8	5271.18	32433.4
94.5872	-2250.66	24343.7
3041.2	16832.5	24282.2
-1553.45	-6300.02	29696.5
-3617.65	-744.161	31928.9
22002.4	13385.5	35611.5
19745.1	21.0831	18183.2
11164.7	143.487	23637.8
-3605.97	2455.66	23447.9
-5563.77	15512.1	37403.3
-5688.39	17258.4	16409.9
-1481.09	-5401.22	36395.1
15822.5	51.5128	39021.3
7201.48	12152.7	36932.2
20771.3	12236.5	35452.8
-3208.99	-2704.04	32842.4
-6397.65	20823.7	14512.6
11323.7	15265.5	34978.7
-3865.49	-2189.41	35104.3
24664.5	2796.41	21259.2
21888.1	11261.1	45206.3
11579.2	24192.2	32952
6425.87	9873.51	26205.4
-5198.75	-1625.14	39473.4
21858.6	7605.76	27962.7
596.902	2056.35	32318.4
946.623	-4820.25	16833.2
-3130.6	22461.5	31254.2
14089.6	11535.5	26461.3
20055.3	26222.3	20176.2
21832.5	1442.61	20500.5
16479	24172.9	19410.2
4990.74	13587.7	20680
13346.7	19349.3	35328.7
4222.26	2794.37	37117
13467	10661.3	14710.7
3219.36	19224.8	40172.6
9793.69	-3496.54	17640.6
14779	22203.3	29179.4
20631.7	1722.86	18686.8
5444.17	8273.34	29400.9
15145.3	27194.2	20393.7
19535.2	22722.7	19539.9
18001.4	26108.1	44531.3
5626.63	3532.29	36601.1
18339.4	4692.16	27270.2
1597.06	10962.9	21689.2
19735.8	29671.5	22876.8
20981.2	19585.1	34187.9
13516.5	27212.7	33055.7
23725.8	5271.18	32433.4
94.5872	-2250.66	24343.7
3041.2	16832.5	24282.2
-1553.45	-6300.02	29696.5
-3617.65	-744.161	31928.9
22002.4	13385.5	35611.5
19745.1	21.0831	18183.2
11164.7	143.487	23637.8
-3605.97	2455.66	23447.9
-5563.77	15512.1	37403.3
-5688.39	17258.4	16409.9
-1481.09	-5401.22	36395.1
15822.5	51.5128	39021.3
7201.48	12152.7	36932.2
20771.3	12236.5	35452.8
-3208.99	-2704.04	32842.4
-6397.65	20823.7	14512.6
11323.7	15265.5	34978.7
-3865.49	-2189.41	35104.3
24664.5	2796.41	21259.2
21888.1	11261.1	45206.3
