9697.8	20265.4	27610.5
5375.01	8260.94	21933.5
-4406.46	-1378.75	33431.4
18294.2	6364.32	23409.5
499.184	1729	27211.7
788.266	-4024.21	14051.4
-2627	18825.6	26201.7
11778.8	9643.77	22129.3
16645.1	21764	16749.2
18207.8	1201.56	17100.9
13679.5	20067.3	16116.8
4157.4	11322.7	17237.4
11204.2	16245.6	29670.7
3560.13	2356.15	31334.6
11177.8	8848.92	12213.1
2710.39	16205.9	33875
8168.08	-2918.15	14717.8
12350.4	18556.6	24393
17187.3	1433.85	15570.7
4564.26	6938.57	24668.4
12574.2	22579.2	16936.1
16218.5	18865.2	16226
15175.9	22013	37557.3
4742.77	2977.24	30880.5
15355	3927.22	22839.6
1330.86	9148.35	18104.9
16397.4	24653.5	19011.6
17589.9	16419.9	28671
11313.1	22780.4	27678.4
19919.7	4423.79	27238.4
76.7419	-1888.33	20410.2
2536.99	14052.6	20277.3
-1311.13	-5306.38	25007.4
-3050.9	-628.975	26901.6
18483.6	11244.2	29925.8
16450.1	16.0718	15152.3
9339.32	118.322	19781.1
-3021.7	2054.65	19636.2
-4693.13	13072.1	31530.7
-4730.25	14346.1	13644
-1256.09	-4568.97	30775.5
13361.7	40.6598	32967.2
6061.59	10232.7	31109.6
17453.1	10281.2	29799.2
-2709.3	-2282.22	27697.2
-5309.88	17278.4	12044.4
9512.49	12825.9	29398.7
-3267.72	-1851.04	29646.8
20569.4	2330.6	17733.4
18508.6	9521.38	38241.2
9878.01	20641.8	28123.5
5474.87	8414.34	22341
-4488.35	-1404.34	34052.7
18634	6482.43	23844.3
508.441	1761.11	27717.4
802.873	-4098.96	14312.5
-2675.71	19175.2	26688.7
11997.6	9822.83	22540.4
16954.3	22168.2	17060.2
18545.9	1223.77	17418.5
13933.7	20439.9	16416.1
4234.67	11533	17557.7
11412.4	16547.3	30222
3626.24	2399.89	31916.9
11385.4	9013.22	12439.9
2760.79	16506.9	34504.5
8319.77	-2972.4	14991.3
12579.9	18901.2	24846.2
17506.5	1460.39	15859.9
4649.05	7067.42	25126.8
12807.8	22998.5	17250.7
16519.8	19215.5	16527.4
15457.8	22421.8	38255.1
4830.84	3032.51	31454.4
15640.2	4000.08	23263.8
1355.61	9318.26	18441.3
16702.1	25111.3	19364.7
17916.6	16724.8	29203.6
11523.3	23203.4	28192.6
20289.7	4505.84	27744.4
78.1389	-1923.4	20789.5
2584.17	14313.6	20654.1
-1335.54	-5404.93	25472.1
-3107.59	-640.643	27401.5
18826.9	11452.9	30481.7
16755.6	16.2802	15433.7
9512.77	120.468	20148.6
-3077.83	2092.82	20001.2
-4780.25	13315	32116.7
-4818.05	14612.6	13897.6
-1279.47	-4653.83	31347.5
13609.8	41.3401	33579.7
6174.2	10422.7	31687.7
17777.3	10472	30352.8
-2759.65	-2324.6	28211.9
-5408.42	17599.4	12268.3
9689.22	13064.1	29944.9
-3328.45	-1885.41	30197.8
20951.5	2373.77	18062.8
18852.4	9698.12	38951.6
8736.41	21134.1	27882.8
5017.87	8700.59	22147.9
-4354.55	-1631.27	33751.1
18242.3	7504.43	23643.7
442.773	1797.16	27474
1044.49	-4033.78	14186.6
-3696.31	18976.6	26454.8
11441.3	10465.6	22348.6
15691.4	23041.7	16920.2
18437.9	2255.18	17273.8
12775.7	21151.6	16280.2
3603.31	11737.8	17406.4
10495	17139.3	29963.2
3519.97	2608.53	31638.1
10863.8	9619.82	12336.6
1879.41	16622.1	34204
8474.97	-2494.44	14862.9
11521.8	19547.2	24635.4
17386.9	2432.68	15728.4
4272.74	7313.8	24908.6
11512.9	23639.8	17107.2
15421.2	20074.5	16391.5
14211.4	23222	37927.8
4685.01	3305.52	31180.2
15395.1	4864.27	23066.7
857.484	9371.51	18280.7
15279.8	25962.2	19204.7
16966.7	17675.7	28956.7
10234.5	23778.2	27952.2
20006.6	5627.99	27509.9
209.527	-1902.36	20606.5
1808.06	14419.3	20475.2
-1001.03	-5448.27	25246.9
-3028.7	-796.969	27159.2
18167.4	12472.4	30223.4
16718	951.587	15305.6
9498.99	656.757	19975.6
-3159.32	1925.39	19824.1
-5462.85	13022	31833.5
-5594.41	14304.2	13774.8
-979.64	-4693.65	31070.8
13603.1	811.399	33290.4
5615.01	10745.7	31412.9
17175.4	11436.6	30095
-2587.69	-2455.67	27962.4
-6350.17	17247.6	12159.9
8970.04	13572	29687.3
-3176.52	-2048.43	29930.5
20772.6	3534.86	17913.6
18300.2	10729.1	38618.7
8736.41	21134.1	27882.8
5017.87	8700.59	22147.9
-4354.55	-1631.27	33751.1
18242.3	7504.43	23643.7
442.773	1797.16	27474
1044.49	-4033.78	14186.6
-3696.31	18976.6	26454.8
11441.3	10465.6	22348.6
15691.4	23041.7	16920.2
18437.9	2255.18	17273.8
12775.7	21151.6	16280.2
3603.31	11737.8	17406.4
10495	17139.3	29963.2
3519.97	2608.53	31638.1
10863.8	9619.82	12336.6
1879.41	16622.1	34204
8474.97	-2494.44	14862.9
11521.8	19547.2	24635.4
17386.9	2432.68	15728.4
4272.74	7313.8	24908.6
11512.9	23639.8	17107.2
15421.2	20074.5	16391.5
14211.4	23222	37927.8
4685.01	3305.52	31180.2
15395.1	4864.27	23066.7
857.484	9371.51	18280.7
15279.8	25962.2	19204.7
16966.7	17675.7	28956.7
10234.5	23778.2	27952.2
20006.6	5627.99	27509.9
209.527	-1902.36	20606.5
1808.06	14419.3	20475.2
-1001.03	-5448.27	25246.9
-3028.7	-796.969	27159.2
18167.4	12472.4	30223.4
16718	951.587	15305.6
9498.99	656.757	19975.6
-3159.32	1925.39	19824.1
-5462.85	13022	31833.5
-5594.41	14304.2	13774.8
-979.64	-4693.65	31070.8
13603.1	811.399	33290.4
5615.01	10745.7	31412.9
17175.4	11436.6	30095
-2587.69	-2455.67	27962.4
-6350.17	17247.6	12159.9
8970.04	13572	29687.3
-3176.52	-2048.43	29930.5
20772.6	3534.86	17913.6
18300.2	10729.1	38618.7
8736.41	21134.1	27882.8
5017.87	8700.59	22147.9
-4354.55	-1631.27	33751.1
18242.3	7504.43	23643.7
442.773	1797.16	27474
1044.49	-4033.78	14186.6
-3696.31	18976.6	26454.8
11441.3	10465.6	22348.6
15691.4	23041.7	16920.2
18437.9	2255.18	17273.8
12775.7	21151.6	16280.2
3603.31	11737.8	17406.4
10495	17139.3	29963.2
3519.97	2608.53	31638.1
10863.8	9619.82	12336.6
1879.41	16622.1	34204
8474.97	-2494.44	14862.9
11521.8	19547.2	24635.4
17386.9	2432.68	15728.4
4272.74	7313.8	24908.6
11512.9	23639.8	17107.2
15421.2	20074.5	16391.5
14211.4	23222	37927.8
4685.01	3305.52	31180.2
15395.1	4864.27	23066.7
857.484	9371.51	18280.7
15279.8	25962.2	19204.7
16966.7	17675.7	28956.7
10234.5	23778.2	27952.2
20006.6	5627.99	27509.9
209.527	-1902.36	20606.5
1808.06	14419.3	20475.2
-1001.03	-5448.27	25246.9
-3028.7	-796.969	27159.2
18167.4	12472.4	30223.4
16718	951.587	15305.6
9498.99	656.757	19975.6
-3159.32	1925.39	19824.1
-5462.85	13022	31833.5
-5594.41	14304.2	13774.8
-979.64	-4693.65	31070.8
13603.1	811.399	33290.4
5615.01	10745.7	31412.9
17175.4	11436.6	30095
-2587.69	-2455.67	27962.4
-6350.17	17247.6	12159.9
8970.04	13572	29687.3
-3176.52	-2048.43	29930.5
20772.6	3534.86	17913.6
18300.2	10729.1	38618.7
