12613.5	26353.2	35895.5
6990.9	10741.7	28509.7
-5893.78	-1842.41	44750.7
23308.8	8110.35	29817.8
662.387	2281.96	35864
1024.77	-5218.16	18222.8
-3479.01	24961.4	34732.5
15155.9	12408.5	28463.9
21134.9	27634	21262.4
23028.1	1521.61	21623.1
17441	25584.1	20543.4
5390.86	14677.1	22337.9
14564.5	21114.8	38552.2
4695.75	3107.74	41279.4
14234.8	11269.1	15549.4
3596.55	21477.3	44879.3
10474.5	-3739.59	18866.8
15929.1	23931.1	31450.1
21737.5	1815.21	19688.5
5963.58	9062.68	32206
16079.9	28872.5	21652.3
20590.8	23950.5	20595.8
19781.3	28689.6	48934.4
6238.2	3916.22	40579.3
19644.1	5025.98	29210.3
1737.32	11925.7	23594.1
20887.4	31402.8	24211.6
22591.5	21088.3	36811.8
14677.7	29550.7	35895.6
25415.9	5646.68	34743.9
103.743	-2468.52	26700.2
3312.47	18333.9	26448.1
-1724	-6991.7	32956.9
-4039.67	-830.971	35653.5
23726.7	14434.5	38402.4
20818.4	22.2294	19171.6
12025	154.543	25459.3
-3969.33	2703.11	25810.6
-6275.54	17496.6	42188.3
-6198.81	18806.9	17882.4
-1661.6	-6059.47	40830.6
17346	56.4724	42778.5
7960.51	13433.6	40824.8
22438	13218.4	38297.6
-3587.37	-3022.88	36714.8
-6954.83	22637.3	15776.6
12394.2	16708.7	38285.6
-4341.66	-2459.11	39428.6
25933.9	2940.33	22353.4
23980.9	12337.8	49528.6
12613.5	26353.2	35895.5
6990.9	10741.7	28509.7
-5893.78	-1842.41	44750.7
23308.8	8110.35	29817.8
662.387	2281.96	35864
1024.77	-5218.16	18222.8
-3479.01	24961.4	34732.5
15155.9	12408.5	28463.9
21134.9	27634	21262.4
23028.1	1521.61	21623.1
17441	25584.1	20543.4
5390.86	14677.1	22337.9
14564.5	21114.8	38552.2
4695.75	3107.74	41279.4
14234.8	11269.1	15549.4
3596.55	21477.3	44879.3
10474.5	-3739.59	18866.8
15929.1	23931.1	31450.1
21737.5	1815.21	19688.5
5963.58	9062.68	32206
16079.9	28872.5	21652.3
20590.8	23950.5	20595.8
19781.3	28689.6	48934.4
6238.2	3916.22	40579.3
19644.1	5025.98	29210.3
1737.32	11925.7	23594.1
20887.4	31402.8	24211.6
22591.5	21088.3	36811.8
14677.7	29550.7	35895.6
25415.9	5646.68	34743.9
103.743	-2468.52	26700.2
3312.47	18333.9	26448.1
-1724	-6991.7	32956.9
-4039.67	-830.971	35653.5
23726.7	14434.5	38402.4
20818.4	22.2294	19171.6
12025	154.543	25459.3
-3969.33	2703.11	25810.6
-6275.54	17496.6	42188.3
-6198.81	18806.9	17882.4
-1661.6	-6059.47	40830.6
17346	56.4724	42778.5
7960.51	13433.6	40824.8
22438	13218.4	38297.6
-3587.37	-3022.88	36714.8
-6954.83	22637.3	15776.6
12394.2	16708.7	38285.6
-4341.66	-2459.11	39428.6
25933.9	2940.33	22353.4
23980.9	12337.8	49528.6
12613.5	26353.2	35895.5
6990.9	10741.7	28509.7
-5893.78	-1842.41	44750.7
23308.8	8110.35	29817.8
662.387	2281.96	35864
1024.77	-5218.16	18222.8
-3479.01	24961.4	34732.5
15155.9	12408.5	28463.9
21134.9	27634	21262.4
23028.1	1521.61	21623.1
17441	25584.1	20543.4
5390.86	14677.1	22337.9
14564.5	21114.8	38552.2
4695.75	3107.74	41279.4
14234.8	11269.1	15549.4
3596.55	21477.3	44879.3
10474.5	-3739.59	18866.8
15929.1	23931.1	31450.1
21737.5	1815.21	19688.5
5963.58	9062.68	32206
16079.9	28872.5	21652.3
20590.8	23950.5	20595.8
19781.3	28689.6	48934.4
6238.2	3916.22	40579.3
19644.1	5025.98	29210.3
1737.32	11925.7	23594.1
20887.4	31402.8	24211.6
22591.5	21088.3	36811.8
14677.7	29550.7	35895.6
25415.9	5646.68	34743.9
103.743	-2468.52	26700.2
3312.47	18333.9	26448.1
-1724	-6991.7	32956.9
-4039.67	-830.971	35653.5
23726.7	14434.5	38402.4
20818.4	22.2294	19171.6
12025	154.543	25459.3
-3969.33	2703.11	25810.6
-6275.54	17496.6	42188.3
-6198.81	18806.9	17882.4
-1661.6	-6059.47	40830.6
17346	56.4724	42778.5
7960.51	13433.6	40824.8
22438	13218.4	38297.6
-3587.37	-3022.88	36714.8
-6954.83	22637.3	15776.6
12394.2	16708.7	38285.6
-4341.66	-2459.11	39428.6
25933.9	2940.33	22353.4
23980.9	12337.8	49528.6
12613.5	26353.2	35895.5
6990.9	10741.7	28509.7
-5893.78	-1842.41	44750.7
23308.8	8110.35	29817.8
662.387	2281.96	35864
1024.77	-5218.16	18222.8
-3479.01	24961.4	34732.5
15155.9	12408.5	28463.9
21134.9	27634	21262.4
23028.1	1521.61	21623.1
17441	25584.1	20543.4
5390.86	14677.1	22337.9
14564.5	21114.8	38552.2
4695.75	3107.74	41279.4
14234.8	11269.1	15549.4
3596.55	21477.3	44879.3
10474.5	-3739.59	18866.8
15929.1	23931.1	31450.1
21737.5	1815.21	19688.5
5963.58	9062.68	32206
16079.9	28872.5	21652.3
20590.8	23950.5	20595.8
19781.3	28689.6	48934.4
6238.2	3916.22	40579.3
19644.1	5025.98	29210.3
1737.32	11925.7	23594.1
20887.4	31402.8	24211.6
22591.5	21088.3	36811.8
14677.7	29550.7	35895.6
25415.9	5646.68	34743.9
103.743	-2468.52	26700.2
3312.47	18333.9	26448.1
-1724	-6991.7	32956.9
-4039.67	-830.971	35653.5
23726.7	14434.5	38402.4
20818.4	22.2294	19171.6
12025	154.543	25459.3
-3969.33	2703.11	25810.6
-6275.54	17496.6	42188.3
-6198.81	18806.9	17882.4
-1661.6	-6059.47	40830.6
17346	56.4724	42778.5
7960.51	13433.6	40824.8
22438	13218.4	38297.6
-3587.37	-3022.88	36714.8
-6954.83	22637.3	15776.6
12394.2	16708.7	38285.6
-4341.66	-2459.11	39428.6
25933.9	2940.33	22353.4
23980.9	12337.8	49528.6
12613.5	26353.2	35895.5
6990.9	10741.7	28509.7
-5893.78	-1842.41	44750.7
23308.8	8110.35	29817.8
662.387	2281.96	35864
1024.77	-5218.16	18222.8
-3479.01	24961.4	34732.5
15155.9	12408.5	28463.9
21134.9	27634	21262.4
23028.1	1521.61	21623.1
17441	25584.1	20543.4
5390.86	14677.1	22337.9
14564.5	21114.8	38552.2
4695.75	3107.74	41279.4
14234.8	11269.1	15549.4
3596.55	21477.3	44879.3
10474.5	-3739.59	18866.8
15929.1	23931.1	31450.1
21737.5	1815.21	19688.5
5963.58	9062.68	32206
16079.9	28872.5	21652.3
20590.8	23950.5	20595.8
19781.3	28689.6	48934.4
6238.2	3916.22	40579.3
19644.1	5025.98	29210.3
1737.32	11925.7	23594.1
20887.4	31402.8	24211.6
22591.5	21088.3	36811.8
14677.7	29550.7	35895.6
25415.9	5646.68	34743.9
103.743	-2468.52	26700.2
3312.47	18333.9	26448.1
-1724	-6991.7	32956.9
-4039.67	-830.971	35653.5
23726.7	14434.5	38402.4
20818.4	22.2294	19171.6
12025	154.543	25459.3
-3969.33	2703.11	25810.6
-6275.54	17496.6	42188.3
-6198.81	18806.9	17882.4
-1661.6	-6059.47	40830.6
17346	56.4724	42778.5
7960.51	13433.6	40824.8
22438	13218.4	38297.6
-3587.37	-3022.88	36714.8
-6954.83	22637.3	15776.6
12394.2	16708.7	38285.6
-4341.66	-2459.11	39428.6
25933.9	2940.33	22353.4
23980.9	12337.8	49528.6
