11561.3	24134.6	32883.9
6409.92	9826.94	26138.7
-5247.39	-1679.93	39871.7
21814.2	7565.42	27899.9
599.49	2032.65	32447.2
943.568	-4813	16764.5
-3133.2	22417.9	31209.5
14044.7	11476.2	26368.1
19842	25933.7	19927
21711.6	1416.44	20387
16306.7	23911	19176.8
4956.42	13482.4	20532.7
13359	19339.8	35348.6
4249.55	2776.36	37362
13326.6	10539	14544.4
3232.66	19287	40364.3
9742.19	-3494.13	17555.5
14724	22100.8	29049.9
20494.5	1694.92	18561.9
5444.18	8247.28	29403
14988.1	26905	20149.2
19334.2	22477.9	19309
18093.9	26208.2	44740.9
5659.32	3517.51	36819
18310.4	4659.89	27225.7
1587.2	10888.7	21572.1
19546.2	29376.4	22619.3
20972.3	19549.3	34154.6
13486.4	27133.3	32959.5
23753.4	5247.77	32469.4
95.7094	-2273.18	24343.5
3024.14	16733.9	24152.9
-1557.17	-6353.63	29832.8
-3632.56	-778.871	32082.9
22039.6	13376.9	35661
19615.9	4.83764	18066
11138.6	121.062	23587.2
-3599.84	2428.59	23413.3
-5593.91	15552.1	37576.3
-5641.75	17090.2	16243.4
-1490.74	-5480.55	36710.2
15936.8	14.8796	39311.3
7229.56	12168.3	37077.5
20811.2	12228.7	35512.2
-3224.62	-2750.88	33034.8
-6334.01	20588.1	14330.2
11342.9	15262.4	35031.2
-3890.2	-2238.91	35359
24527.1	2762.19	21138.5
22071.5	11313.9	45580.8
11612.4	23637	33422.6
6424.54	9291.56	26326.9
-5419.05	-2761.28	39754.4
22053.8	6974.87	27989.8
525.808	1209.44	32430.2
924.039	-5322.23	16600.1
-3290.73	21916.6	31739.8
14168.1	10970.5	26581.9
20043.3	25815.8	20521.6
21977.8	934.367	20331.5
16461.2	23778	19727.9
4957.66	13145.2	20832.3
13437.9	18710.5	35751.5
4216.21	1840.3	37345.8
13469.8	10329.7	14760.4
3151.03	18509.4	40778.3
9847.64	-3991.4	17404.1
14834	21679.5	29535.9
20746.9	1263.01	18520.4
5439.15	7601.65	29544.9
15116.2	26787.8	20780
19535	22325.4	19815.3
18208.5	25438.8	45294
5646.8	2608.67	36820.3
18505	4039.6	27248.7
1540.6	10481.3	21809
19731.2	29237.1	23299.6
21165.4	18966.4	34548.4
13560.8	26680	33572.4
24014	4506.5	32484.4
41.2319	-2946.33	24231.6
2983.08	16345.5	24534.7
-1642.85	-7232.83	29605.7
-3762.96	-1639.77	32002.3
22254.4	12666.6	35886.9
19859.3	-439.866	17983.1
11244.1	-480.371	23514.8
-3713.65	1842.24	23435.5
-5792.23	14780.1	37918.1
-5791.1	16901.5	16671.2
-1593.63	-6527.91	36491.2
16074.4	-994.279	39191.8
7225.79	11380.3	37302.3
21010.3	11503.8	35711
-3348.26	-3664.74	32899.5
-6494.34	20499.3	14855.6
11399.6	14579.5	35332.3
-4030.08	-3207.53	35233.7
24830.7	2284.22	21110.5
22266	10313	45731.5
11612.4	23637	33422.6
6424.54	9291.56	26326.9
-5419.05	-2761.28	39754.4
22053.8	6974.87	27989.8
525.808	1209.44	32430.2
924.039	-5322.23	16600.1
-3290.73	21916.6	31739.8
14168.1	10970.5	26581.9
20043.3	25815.8	20521.6
21977.8	934.367	20331.5
16461.2	23778	19727.9
4957.66	13145.2	20832.3
13437.9	18710.5	35751.5
4216.21	1840.3	37345.8
13469.8	10329.7	14760.4
3151.03	18509.4	40778.3
9847.64	-3991.4	17404.1
14834	21679.5	29535.9
20746.9	1263.01	18520.4
5439.15	7601.65	29544.9
15116.2	26787.8	20780
19535	22325.4	19815.3
18208.5	25438.8	45294
5646.8	2608.67	36820.3
18505	4039.6	27248.7
1540.6	10481.3	21809
19731.2	29237.1	23299.6
21165.4	18966.4	34548.4
13560.8	26680	33572.4
24014	4506.5	32484.4
41.2319	-2946.33	24231.6
2983.08	16345.5	24534.7
-1642.85	-7232.83	29605.7
-3762.96	-1639.77	32002.3
22254.4	12666.6	35886.9
19859.3	-439.866	17983.1
11244.1	-480.371	23514.8
-3713.65	1842.24	23435.5
-5792.23	14780.1	37918.1
-5791.1	16901.5	16671.2
-1593.63	-6527.91	36491.2
16074.4	-994.279	39191.8
7225.79	11380.3	37302.3
21010.3	11503.8	35711
-3348.26	-3664.74	32899.5
-6494.34	20499.3	14855.6
11399.6	14579.5	35332.3
-4030.08	-3207.53	35233.7
24830.7	2284.22	21110.5
22266	10313	45731.5
11612.4	23637	33422.6
6424.54	9291.56	26326.9
-5419.05	-2761.28	39754.4
22053.8	6974.87	27989.8
525.808	1209.44	32430.2
924.039	-5322.23	16600.1
-3290.73	21916.6	31739.8
14168.1	10970.5	26581.9
20043.3	25815.8	20521.6
21977.8	934.367	20331.5
16461.2	23778	19727.9
4957.66	13145.2	20832.3
13437.9	18710.5	35751.5
4216.21	1840.3	37345.8
13469.8	10329.7	14760.4
3151.03	18509.4	40778.3
9847.64	-3991.4	17404.1
14834	21679.5	29535.9
20746.9	1263.01	18520.4
5439.15	7601.65	29544.9
15116.2	26787.8	20780
19535	22325.4	19815.3
18208.5	25438.8	45294
5646.8	2608.67	36820.3
18505	4039.6	27248.7
1540.6	10481.3	21809
19731.2	29237.1	23299.6
21165.4	18966.4	34548.4
13560.8	26680	33572.4
24014	4506.5	32484.4
41.2319	-2946.33	24231.6
2983.08	16345.5	24534.7
-1642.85	-7232.83	29605.7
-3762.96	-1639.77	32002.3
22254.4	12666.6	35886.9
19859.3	-439.866	17983.1
11244.1	-480.371	23514.8
-3713.65	1842.24	23435.5
-5792.23	14780.1	37918.1
-5791.1	16901.5	16671.2
-1593.63	-6527.91	36491.2
16074.4	-994.279	39191.8
7225.79	11380.3	37302.3
21010.3	11503.8	35711
-3348.26	-3664.74	32899.5
-6494.34	20499.3	14855.6
11399.6	14579.5	35332.3
-4030.08	-3207.53	35233.7
24830.7	2284.22	21110.5
22266	10313	45731.5
11612.4	23637	33422.6
6424.54	9291.56	26326.9
-5419.05	-2761.28	39754.4
22053.8	6974.87	27989.8
525.808	1209.44	32430.2
924.039	-5322.23	16600.1
-3290.73	21916.6	31739.8
14168.1	10970.5	26581.9
20043.3	25815.8	20521.6
21977.8	934.367	20331.5
16461.2	23778	19727.9
4957.66	13145.2	20832.3
13437.9	18710.5	35751.5
4216.21	1840.3	37345.8
13469.8	10329.7	14760.4
3151.03	18509.4	40778.3
9847.64	-3991.4	17404.1
14834	21679.5	29535.9
20746.9	1263.01	18520.4
5439.15	7601.65	29544.9
15116.2	26787.8	20780
19535	22325.4	19815.3
18208.5	25438.8	45294
5646.8	2608.67	36820.3
18505	4039.6	27248.7
1540.6	10481.3	21809
19731.2	29237.1	23299.6
21165.4	18966.4	34548.4
13560.8	26680	33572.4
24014	4506.5	32484.4
41.2319	-2946.33	24231.6
2983.08	16345.5	24534.7
-1642.85	-7232.83	29605.7
-3762.96	-1639.77	32002.3
22254.4	12666.6	35886.9
19859.3	-439.866	17983.1
11244.1	-480.371	23514.8
-3713.65	1842.24	23435.5
-5792.23	14780.1	37918.1
-5791.1	16901.5	16671.2
-1593.63	-6527.91	36491.2
16074.4	-994.279	39191.8
7225.79	11380.3	37302.3
21010.3	11503.8	35711
-3348.26	-3664.74	32899.5
-6494.34	20499.3	14855.6
11399.6	14579.5	35332.3
-4030.08	-3207.53	35233.7
24830.7	2284.22	21110.5
22266	10313	45731.5
