7725.13	16140	21984.1
4270.78	6562.16	17416.7
-3534.86	-1105	26839.7
14356.1	4995.24	18365.1
400.941	1381.26	21708.4
625.255	-3183.83	11118.5
-2111.88	15152.4	21083.8
9305.78	7618.89	17477
13113.7	17146.2	13192.8
14223.7	939.849	13355.9
10798.1	15839.6	12718.8
3303.76	8994.78	13689.7
8907.78	12914	23578.9
2841.24	1880.39	24976.7
8794.01	6961.86	9606.14
2178.82	13011.1	27188.3
6425.46	-2294.01	11573.7
9792.65	14712	19334.4
13431.3	1121.59	12165.2
3632.68	5520.47	19618.1
9948.4	17862.9	13395.9
12766.8	14849.9	12769.9
12086.9	17530.1	29900.2
3779.84	2372.91	24587.8
12069.6	3088.03	17947.2
1061.17	7284.31	14411.4
12947.9	19466.3	15008.5
13894	12969.5	22639.6
9005.96	18131.7	22024.9
15623.9	3471.16	21358
63.0179	-1499.48	16218.8
2024.71	11206.4	16166.1
-1041.74	-4224.79	19914.5
-2437.42	-501.383	21512.3
14569.3	8863.41	23580.8
12855.3	13.7266	11838.4
7363.27	94.6317	15589.5
-2409.21	1640.67	15665.9
-3782.81	10546.7	25430.6
-3785.85	11486.1	10921.5
-1000.13	-3647.27	24576.4
10556.4	34.3683	26034.2
4836.92	8162.45	24805.8
13765	8109.08	23494.4
-2162.9	-1822.56	22136.2
-4253.84	13845.8	9649.53
7565.21	10198.7	23368.9
-2613.15	-1480.09	23731.2
16044.1	1819.04	13828.9
14634.3	7529.14	30224.8
7725.13	16140	21984.1
4270.78	6562.16	17416.7
-3534.86	-1105	26839.7
14356.1	4995.24	18365.1
400.941	1381.26	21708.4
625.255	-3183.83	11118.5
-2111.88	15152.4	21083.8
9305.78	7618.89	17477
13113.7	17146.2	13192.8
14223.7	939.849	13355.9
10798.1	15839.6	12718.8
3303.76	8994.78	13689.7
8907.78	12914	23578.9
2841.24	1880.39	24976.7
8794.01	6961.86	9606.14
2178.82	13011.1	27188.3
6425.46	-2294.01	11573.7
9792.65	14712	19334.4
13431.3	1121.59	12165.2
3632.68	5520.47	19618.1
9948.4	17862.9	13395.9
12766.8	14849.9	12769.9
12086.9	17530.1	29900.2
3779.84	2372.91	24587.8
12069.6	3088.03	17947.2
1061.17	7284.31	14411.4
12947.9	19466.3	15008.5
13894	12969.5	22639.6
9005.96	18131.7	22024.9
15623.9	3471.16	21358
63.0179	-1499.48	16218.8
2024.71	11206.4	16166.1
-1041.74	-4224.79	19914.5
-2437.42	-501.383	21512.3
14569.3	8863.41	23580.8
12855.3	13.7266	11838.4
7363.27	94.6317	15589.5
-2409.21	1640.67	15665.9
-3782.81	10546.7	25430.6
-3785.85	11486.1	10921.5
-1000.13	-3647.27	24576.4
10556.4	34.3683	26034.2
4836.92	8162.45	24805.8
13765	8109.08	23494.4
-2162.9	-1822.56	22136.2
-4253.84	13845.8	9649.53
7565.21	10198.7	23368.9
-2613.15	-1480.09	23731.2
16044.1	1819.04	13828.9
14634.3	7529.14	30224.8
7725.13	16140	21984.1
4270.78	6562.16	17416.7
-3534.86	-1105	26839.7
14356.1	4995.24	18365.1
400.941	1381.26	21708.4
625.255	-3183.83	11118.5
-2111.88	15152.4	21083.8
9305.78	7618.89	17477
13113.7	17146.2	13192.8
14223.7	939.849	13355.9
10798.1	15839.6	12718.8
3303.76	8994.78	13689.7
8907.78	12914	23578.9
2841.24	1880.39	24976.7
8794.01	6961.86	9606.14
2178.82	13011.1	27188.3
6425.46	-2294.01	11573.7
9792.65	14712	19334.4
13431.3	1121.59	12165.2
3632.68	5520.47	19618.1
9948.4	17862.9	13395.9
12766.8	14849.9	12769.9
12086.9	17530.1	29900.2
3779.84	2372.91	24587.8
12069.6	3088.03	17947.2
1061.17	7284.31	14411.4
12947.9	19466.3	15008.5
13894	12969.5	22639.6
9005.96	18131.7	22024.9
15623.9	3471.16	21358
63.0179	-1499.48	16218.8
2024.71	11206.4	16166.1
-1041.74	-4224.79	19914.5
-2437.42	-501.383	21512.3
14569.3	8863.41	23580.8
12855.3	13.7266	11838.4
7363.27	94.6317	15589.5
-2409.21	1640.67	15665.9
-3782.81	10546.7	25430.6
-3785.85	11486.1	10921.5
-1000.13	-3647.27	24576.4
10556.4	34.3683	26034.2
4836.92	8162.45	24805.8
13765	8109.08	23494.4
-2162.9	-1822.56	22136.2
-4253.84	13845.8	9649.53
7565.21	10198.7	23368.9
-2613.15	-1480.09	23731.2
16044.1	1819.04	13828.9
14634.3	7529.14	30224.8
7725.13	16140	21984.1
4270.78	6562.16	17416.7
-3534.86	-1105	26839.7
14356.1	4995.24	18365.1
400.941	1381.26	21708.4
625.255	-3183.83	11118.5
-2111.88	15152.4	21083.8
9305.78	7618.89	17477
13113.7	17146.2	13192.8
14223.7	939.849	13355.9
10798.1	15839.6	12718.8
3303.76	8994.78	13689.7
8907.78	12914	23578.9
2841.24	1880.39	24976.7
8794.01	6961.86	9606.14
2178.82	13011.1	27188.3
6425.46	-2294.01	11573.7
9792.65	14712	19334.4
13431.3	1121.59	12165.2
3632.68	5520.47	19618.1
9948.4	17862.9	13395.9
12766.8	14849.9	12769.9
12086.9	17530.1	29900.2
3779.84	2372.91	24587.8
12069.6	3088.03	17947.2
1061.17	7284.31	14411.4
12947.9	19466.3	15008.5
13894	12969.5	22639.6
9005.96	18131.7	22024.9
15623.9	3471.16	21358
63.0179	-1499.48	16218.8
2024.71	11206.4	16166.1
-1041.74	-4224.79	19914.5
-2437.42	-501.383	21512.3
14569.3	8863.41	23580.8
12855.3	13.7266	11838.4
7363.27	94.6317	15589.5
-2409.21	1640.67	15665.9
-3782.81	10546.7	25430.6
-3785.85	11486.1	10921.5
-1000.13	-3647.27	24576.4
10556.4	34.3683	26034.2
4836.92	8162.45	24805.8
13765	8109.08	23494.4
-2162.9	-1822.56	22136.2
-4253.84	13845.8	9649.53
7565.21	10198.7	23368.9
-2613.15	-1480.09	23731.2
16044.1	1819.04	13828.9
14634.3	7529.14	30224.8
7725.13	16140	21984.1
4270.78	6562.16	17416.7
-3534.86	-1105	26839.7
14356.1	4995.24	18365.1
400.941	1381.26	21708.4
625.255	-3183.83	11118.5
-2111.88	15152.4	21083.8
9305.78	7618.89	17477
13113.7	17146.2	13192.8
14223.7	939.849	13355.9
10798.1	15839.6	12718.8
3303.76	8994.78	13689.7
8907.78	12914	23578.9
2841.24	1880.39	24976.7
8794.01	6961.86	9606.14
2178.82	13011.1	27188.3
6425.46	-2294.01	11573.7
9792.65	14712	19334.4
13431.3	1121.59	12165.2
3632.68	5520.47	19618.1
9948.4	17862.9	13395.9
12766.8	14849.9	12769.9
12086.9	17530.1	29900.2
3779.84	2372.91	24587.8
12069.6	3088.03	17947.2
1061.17	7284.31	14411.4
12947.9	19466.3	15008.5
13894	12969.5	22639.6
9005.96	18131.7	22024.9
15623.9	3471.16	21358
63.0179	-1499.48	16218.8
2024.71	11206.4	16166.1
-1041.74	-4224.79	19914.5
-2437.42	-501.383	21512.3
14569.3	8863.41	23580.8
12855.3	13.7266	11838.4
7363.27	94.6317	15589.5
-2409.21	1640.67	15665.9
-3782.81	10546.7	25430.6
-3785.85	11486.1	10921.5
-1000.13	-3647.27	24576.4
10556.4	34.3683	26034.2
4836.92	8162.45	24805.8
13765	8109.08	23494.4
-2162.9	-1822.56	22136.2
-4253.84	13845.8	9649.53
7565.21	10198.7	23368.9
-2613.15	-1480.09	23731.2
16044.1	1819.04	13828.9
14634.3	7529.14	30224.8
