10916	22806.6	31064.6
6057.54	9307.56	24703.3
-4925.26	-1539.65	37396.9
21383.9	7440.6	27355.5
565.212	1947.18	30602.6
889.595	-4529.86	15819.1
-2865.73	20561.2	28609.9
13469.4	11027.8	25296.6
18924	24743.2	19038.1
21347.5	1410.56	20045.1
15462.7	22682	18213.1
4641.53	12637	19233
12738.5	18467.6	33718.8
4045.83	2677.61	35566
12706.8	10059.5	13880.3
3025.68	18068.2	37755.7
9365.88	-3343.8	16870
14001.6	21035.4	27644.5
20073.6	1676.26	18181.4
5149.96	7826.25	27812.1
14134.7	25379.7	19033
18481.6	21497.2	18486.1
17377	25202.5	42986.7
5399.19	3389.51	35121.6
17860.8	4569.72	26558.6
1481.54	10169.9	20120.3
18585.1	27941.5	21542.9
20315.4	18963.6	33103
12746.3	25662.2	31172.3
23493.8	5219.64	32116.3
89.1764	-2121.91	22951.1
2816.95	15591.3	22491.7
-1475.67	-5984.56	28209.6
-3406.53	-700.732	30065.5
21556.3	13114.1	34889.5
19206.2	20.5077	17686.9
10729.3	137.891	22716
-3351.28	2282.22	21791.8
-5144.94	14344.4	34587.7
-5132.69	15572.4	14806.8
-1415.96	-5163.7	34794.7
15626.6	50.8751	38538.1
6860.29	11576.9	35182.4
20323.5	11972.8	34688.5
-3034.69	-2557.17	31058.5
-5728.94	18647.1	12995.7
10813.8	14578.2	33403.8
-3657.28	-2071.48	33213.4
24240.9	2748.38	20894.1
21735.2	11182.4	44890.5
10916	22806.6	31064.6
6057.54	9307.56	24703.3
-4925.26	-1539.65	37396.9
21383.9	7440.6	27355.5
565.212	1947.18	30602.6
889.595	-4529.86	15819.1
-2865.73	20561.2	28609.9
13469.4	11027.8	25296.6
18924	24743.2	19038.1
21347.5	1410.56	20045.1
15462.7	22682	18213.1
4641.53	12637	19233
12738.5	18467.6	33718.8
4045.83	2677.61	35566
12706.8	10059.5	13880.3
3025.68	18068.2	37755.7
9365.88	-3343.8	16870
14001.6	21035.4	27644.5
20073.6	1676.26	18181.4
5149.96	7826.25	27812.1
14134.7	25379.7	19033
18481.6	21497.2	18486.1
17377	25202.5	42986.7
5399.19	3389.51	35121.6
17860.8	4569.72	26558.6
1481.54	10169.9	20120.3
18585.1	27941.5	21542.9
20315.4	18963.6	33103
12746.3	25662.2	31172.3
23493.8	5219.64	32116.3
89.1764	-2121.91	22951.1
2816.95	15591.3	22491.7
-1475.67	-5984.56	28209.6
-3406.53	-700.732	30065.5
21556.3	13114.1	34889.5
19206.2	20.5077	17686.9
10729.3	137.891	22716
-3351.28	2282.22	21791.8
-5144.94	14344.4	34587.7
-5132.69	15572.4	14806.8
-1415.96	-5163.7	34794.7
15626.6	50.8751	38538.1
6860.29	11576.9	35182.4
20323.5	11972.8	34688.5
-3034.69	-2557.17	31058.5
-5728.94	18647.1	12995.7
10813.8	14578.2	33403.8
-3657.28	-2071.48	33213.4
24240.9	2748.38	20894.1
21735.2	11182.4	44890.5
10916	22806.6	31064.6
6057.54	9307.56	24703.3
-4925.26	-1539.65	37396.9
21383.9	7440.6	27355.5
565.212	1947.18	30602.6
889.595	-4529.86	15819.1
-2865.73	20561.2	28609.9
13469.4	11027.8	25296.6
18924	24743.2	19038.1
21347.5	1410.56	20045.1
15462.7	22682	18213.1
4641.53	12637	19233
12738.5	18467.6	33718.8
4045.83	2677.61	35566
12706.8	10059.5	13880.3
3025.68	18068.2	37755.7
9365.88	-3343.8	16870
14001.6	21035.4	27644.5
20073.6	1676.26	18181.4
5149.96	7826.25	27812.1
14134.7	25379.7	19033
18481.6	21497.2	18486.1
17377	25202.5	42986.7
5399.19	3389.51	35121.6
17860.8	4569.72	26558.6
1481.54	10169.9	20120.3
18585.1	27941.5	21542.9
20315.4	18963.6	33103
12746.3	25662.2	31172.3
23493.8	5219.64	32116.3
89.1764	-2121.91	22951.1
2816.95	15591.3	22491.7
-1475.67	-5984.56	28209.6
-3406.53	-700.732	30065.5
21556.3	13114.1	34889.5
19206.2	20.5077	17686.9
10729.3	137.891	22716
-3351.28	2282.22	21791.8
-5144.94	14344.4	34587.7
-5132.69	15572.4	14806.8
-1415.96	-5163.7	34794.7
15626.6	50.8751	38538.1
6860.29	11576.9	35182.4
20323.5	11972.8	34688.5
-3034.69	-2557.17	31058.5
-5728.94	18647.1	12995.7
10813.8	14578.2	33403.8
-3657.28	-2071.48	33213.4
24240.9	2748.38	20894.1
21735.2	11182.4	44890.5
10916	22806.6	31064.6
6057.54	9307.56	24703.3
-4925.26	-1539.65	37396.9
21383.9	7440.6	27355.5
565.212	1947.18	30602.6
889.595	-4529.86	15819.1
-2865.73	20561.2	28609.9
13469.4	11027.8	25296.6
18924	24743.2	19038.1
21347.5	1410.56	20045.1
15462.7	22682	18213.1
4641.53	12637	19233
12738.5	18467.6	33718.8
4045.83	2677.61	35566
12706.8	10059.5	13880.3
3025.68	18068.2	37755.7
9365.88	-3343.8	16870
14001.6	21035.4	27644.5
20073.6	1676.26	18181.4
5149.96	7826.25	27812.1
14134.7	25379.7	19033
18481.6	21497.2	18486.1
17377	25202.5	42986.7
5399.19	3389.51	35121.6
17860.8	4569.72	26558.6
1481.54	10169.9	20120.3
18585.1	27941.5	21542.9
20315.4	18963.6	33103
12746.3	25662.2	31172.3
23493.8	5219.64	32116.3
89.1764	-2121.91	22951.1
2816.95	15591.3	22491.7
-1475.67	-5984.56	28209.6
-3406.53	-700.732	30065.5
21556.3	13114.1	34889.5
19206.2	20.5077	17686.9
10729.3	137.891	22716
-3351.28	2282.22	21791.8
-5144.94	14344.4	34587.7
-5132.69	15572.4	14806.8
-1415.96	-5163.7	34794.7
15626.6	50.8751	38538.1
6860.29	11576.9	35182.4
20323.5	11972.8	34688.5
-3034.69	-2557.17	31058.5
-5728.94	18647.1	12995.7
10813.8	14578.2	33403.8
-3657.28	-2071.48	33213.4
24240.9	2748.38	20894.1
21735.2	11182.4	44890.5
10916	22806.6	31064.6
6057.54	9307.56	24703.3
-4925.26	-1539.65	37396.9
21383.9	7440.6	27355.5
565.212	1947.18	30602.6
889.595	-4529.86	15819.1
-2865.73	20561.2	28609.9
13469.4	11027.8	25296.6
18924	24743.2	19038.1
21347.5	1410.56	20045.1
15462.7	22682	18213.1
4641.53	12637	19233
12738.5	18467.6	33718.8
4045.83	2677.61	35566
12706.8	10059.5	13880.3
3025.68	18068.2	37755.7
9365.88	-3343.8	16870
14001.6	21035.4	27644.5
20073.6	1676.26	18181.4
5149.96	7826.25	27812.1
14134.7	25379.7	19033
18481.6	21497.2	18486.1
17377	25202.5	42986.7
5399.19	3389.51	35121.6
17860.8	4569.72	26558.6
1481.54	10169.9	20120.3
18585.1	27941.5	21542.9
20315.4	18963.6	33103
12746.3	25662.2	31172.3
23493.8	5219.64	32116.3
89.1764	-2121.91	22951.1
2816.95	15591.3	22491.7
-1475.67	-5984.56	28209.6
-3406.53	-700.732	30065.5
21556.3	13114.1	34889.5
19206.2	20.5077	17686.9
10729.3	137.891	22716
-3351.28	2282.22	21791.8
-5144.94	14344.4	34587.7
-5132.69	15572.4	14806.8
-1415.96	-5163.7	34794.7
15626.6	50.8751	38538.1
6860.29	11576.9	35182.4
20323.5	11972.8	34688.5
-3034.69	-2557.17	31058.5
-5728.94	18647.1	12995.7
10813.8	14578.2	33403.8
-3657.28	-2071.48	33213.4
24240.9	2748.38	20894.1
21735.2	11182.4	44890.5
