10322.2	21563.6	29383.4
5721.63	8788.36	23343.3
-4687.37	-1473.2	35583.6
19471.4	6770.06	24913.8
533.037	1835.52	28962.7
840.032	-4285.22	14956.4
-2794.79	20031	27885
12537	10260.3	23551.1
17715.2	23160.7	17822.3
19379.2	1276.53	18200.1
14559.1	21354.8	17149.7
4425.34	12047.7	18344.5
11925.8	17285.2	31576.9
3790.97	2502.39	33350.7
11896.7	9416.01	12996.8
2886.26	17241.9	36052.3
8694.18	-3107.92	15665
13145.2	19745.6	25959
18293	1523.98	16571.4
4859.01	7380.5	26254.5
13382.6	24028	18021.4
17261.3	20075.5	17266
16152.9	23422	39969.5
5049.57	3163.53	32867.2
16343.3	4176.3	24307.8
1417.27	9733.33	19268.4
17451.7	26235.5	20229.9
18721.8	17471.1	30512.3
12041.2	24240.2	29455
21201.6	4704.19	28989.3
83.1242	-2013.16	21724.1
2700.88	14952.5	21579.8
-1393.51	-5651.73	26617.8
-3245.15	-674.083	28633.4
19673.2	11962.5	31848.7
17508.4	15.1163	16126.4
9940.89	122.899	21053.5
-3214.65	2183.26	20899.8
-4993.14	13906.8	33558.1
-5033.91	15265.7	14520
-1334.57	-4867.92	32757.2
14222.7	38.1473	35088
6452.9	10885.4	33109.7
18576.5	10937.6	31714.2
-2881.48	-2433.72	29480.4
-5651	18386.8	12817
10125.4	13645.7	31288
-3475.67	-1975.17	31555.4
21892.6	2478.11	18873
19700.5	10127.6	40699.6
10410.8	21748.1	29634.4
5770.7	8863.52	23542.8
-4727.56	-1485.77	35887.8
19638.2	6827.76	25126.5
537.588	1851.22	29210.3
847.149	-4321.93	15084.2
-2818.49	20202.5	28123.4
12644.4	10347.9	23752.2
17867.1	23358.7	17974.4
19545.1	1287.2	18355.4
14684	21537.5	17296
4463.36	12150.8	18501.3
12028	17433.1	31846.6
3823.42	2523.75	33635.7
11998.7	9496.47	13107.8
2911.15	17389.5	36360.4
8768.56	-3134.65	15798.8
13257.9	19914.5	26180.7
18449.6	1536.78	16712.8
4900.67	7443.62	26478.9
13497.5	24233.6	18175.3
17409.3	20247.2	17413.4
16291.4	23622.3	40310.9
5092.8	3190.54	33148.1
16483.2	4211.84	24515.3
1429.51	9816.64	19433.1
17601.4	26459.9	20402.6
18882.2	17620.4	30772.9
12144.5	24447.6	29706.6
21383.1	4744.18	29236.8
83.782	-2030.41	21909.8
2724.17	15080.4	21764.2
-1405.55	-5700.11	26845.3
-3272.98	-679.821	28878.1
19841.7	12064.6	32120.6
17658.3	15.0138	16264
10026	123.816	21233.3
-3242.17	2201.99	21078.5
-5035.75	14025.9	33845
-5076.83	15396.5	14644.2
-1346.1	-4909.59	33037.2
14344.4	38.2787	35387.7
6508.25	10978.5	33392.7
18735.6	11030.9	31985
-2906.22	-2454.53	29732.5
-5699.16	18544.3	12926.7
10212.2	13762.4	31555.3
-3505.49	-1992.04	31825.2
22080	2499.04	19034
19869.2	10214	41047.2
10534.7	22006.2	29986.3
5839.35	8968.69	23822.3
-4783.66	-1503.34	36313.8
19871.4	6908.6	25425
544.029	1873.2	29557
857.175	-4373.24	15263.3
-2851.68	20442.4	28457.2
12794.7	10470.6	24034.3
18079.5	23635.8	18188
19777.2	1302.26	18573.5
14858.6	21793	17501.6
4516.51	12295	18721
12171.1	17639.9	32224.8
3868.88	2553.68	34035
12141.3	9609.07	13263.5
2945.97	17595.9	36792.1
8872.64	-3171.96	15986.5
13415.6	20150.7	26491.6
18668.6	1554.81	16911.4
4958.97	7531.94	26793.3
13658.1	24521.1	18391.2
17616.2	20487.4	17620.3
16485.2	23902.5	40789.7
5153.34	3228.36	33541.6
16679	4261.65	24806.6
1446.62	9933.17	19663.8
17810.7	26773.8	20645
19106.7	17829.4	31138.5
12289	24737.7	30059.4
21637.1	4800.26	29584.2
84.7803	-2054.51	22169.9
2756.72	15259.4	22022.6
-1422.27	-5767.76	27164
-3311.81	-687.847	29220.9
20077.4	12207.6	32502.2
17868	14.9865	16457.3
10145	125.172	21485.5
-3280.61	2228.17	21328.7
-5095.32	14192.5	34246.7
-5136.9	15579.3	14818
-1362.1	-4967.85	33429.4
14514.8	38.5711	35808
6585.68	11108.7	33789.1
18958.2	11161.7	32365
-2940.71	-2483.63	30085.4
-5766.59	18764.5	13080
10333.7	13925.6	31930
-3547.09	-2015.65	32202.9
22342.2	2528.45	19260.3
20105.3	10335	41534.8
12692.8	22289.4	30591.4
7503.68	9068.58	24185.8
-2528.27	-1567.61	36149.5
21934.2	6965.88	26577.4
2471.7	1863.92	29661.2
1866.44	-4458.05	15363.6
-1072.5	20713.7	28319.4
14618	10587.8	24780.4
19630	23952.7	19176
21395.5	1284.57	19717.6
16297.7	22085.6	18313.9
5821.22	12451.7	18988.3
14510.1	17854.1	32938.7
6156.38	2546.62	34333.9
13252.6	9727.21	13946.8
5388.04	17810.3	37006.2
10096.3	-3245.42	16530.4
15408.1	20408.7	27252.5
20155.9	1543.75	17988.8
6798.03	7607.36	27119.8
15128.8	24854	19131.9
19121.2	20758.4	18589.6
19468	24196.4	41748.9
7435.51	3231.06	33908.6
18635.7	4282.51	25787.3
2748.95	10055.7	19769.7
19513.8	27134.5	21616
21520.4	18042.9	32233.9
14487.8	25060.3	30754.7
24007.3	4819.7	30851.4
1525.03	-2112.81	22239.5
4237.73	15457.5	22193
311.519	-5886.57	27173.4
-1485.85	-732.159	29117
22601.8	12334.9	33670.5
19309.5	-17.9042	17493.2
11750.9	93.113	22105.8
-1966.79	2237.13	21197.5
-2985.62	14365	34016.8
-4288.55	15796.7	14530
779.019	-5082.59	33456.7
17141	-15.7048	36709.4
8911.32	11227.6	34214.8
21450.6	11274.4	33473.5
-1050.33	-2556.04	30009.3
-5045.17	19032	12743.8
12616.3	14086.1	32551.1
-1532.23	-2083.3	32097.6
24058.4	2526.38	20545.2
23216.6	10423.1	42733.8
12692.8	22289.4	30591.4
7503.68	9068.58	24185.8
-2528.27	-1567.61	36149.5
21934.2	6965.88	26577.4
2471.7	1863.92	29661.2
1866.44	-4458.05	15363.6
-1072.5	20713.7	28319.4
14618	10587.8	24780.4
19630	23952.7	19176
21395.5	1284.57	19717.6
16297.7	22085.6	18313.9
5821.22	12451.7	18988.3
14510.1	17854.1	32938.7
6156.38	2546.62	34333.9
13252.6	9727.21	13946.8
5388.04	17810.3	37006.2
10096.3	-3245.42	16530.4
15408.1	20408.7	27252.5
20155.9	1543.75	17988.8
6798.03	7607.36	27119.8
15128.8	24854	19131.9
19121.2	20758.4	18589.6
19468	24196.4	41748.9
7435.51	3231.06	33908.6
18635.7	4282.51	25787.3
2748.95	10055.7	19769.7
19513.8	27134.5	21616
21520.4	18042.9	32233.9
14487.8	25060.3	30754.7
24007.3	4819.7	30851.4
1525.03	-2112.81	22239.5
4237.73	15457.5	22193
311.519	-5886.57	27173.4
-1485.85	-732.159	29117
22601.8	12334.9	33670.5
19309.5	-17.9042	17493.2
11750.9	93.113	22105.8
-1966.79	2237.13	21197.5
-2985.62	14365	34016.8
-4288.55	15796.7	14530
779.019	-5082.59	33456.7
17141	-15.7048	36709.4
8911.32	11227.6	34214.8
21450.6	11274.4	33473.5
-1050.33	-2556.04	30009.3
-5045.17	19032	12743.8
12616.3	14086.1	32551.1
-1532.23	-2083.3	32097.6
24058.4	2526.38	20545.2
23216.6	10423.1	42733.8
