-268.907	-259.309	3831.27
677.971	814.842	5192.36
-768.544	36.9042	5052.49
-552.324	-693.827	4672.34
-286.804	1210.69	3582.54
445.206	-572.367	3863.84
803.165	202.81	3520.48
122.388	801.235	4008.49
729.823	985.297	5137.06
446.623	375.995	4135.24
1255.41	-602.639	3746.08
1062.22	-92.987	3341.92
1248.1	-458.379	3368.33
-77.6277	-322.698	3287.61
666.84	-218.875	4029.5
960.173	-558.394	4685.6
-208.735	-101.046	3969.51
-614.146	-948.003	4479.02
-973.825	1079.69	3679.72
366.053	13.9105	4502.1
-256.16	1125.87	4687.6
-215.842	-437.018	5228.99
345.534	24.8719	3264.67
564.788	299.143	3870.44
506.339	335.224	4970.44
708.189	522.441	4245.8
736.173	-602.951	4858.93
92.4649	1106.56	3949.63
505.383	-591.546	4858.57
1250.12	-402.83	3717.12
907.445	167.279	3742.63
-75.6123	-589.936	3276.53
-409.131	-210.433	3490.88
-691.908	164.558	5169.89
-456.279	168.159	3880.78
130.683	-178.457	3578.26
1088.82	12.103	4442.58
-140.085	-428.861	3704.88
667.594	-764.09	4295.01
259.628	884.749	5071.28
126.977	-947.399	4974.96
39.7841	-132.502	3770.6
363.082	26.2293	3818.92
-350.696	-339.539	3152.38
-460.897	1220.07	3377.55
-688.686	973.192	4727.95
484.595	500.316	4707.35
58.2426	1098.19	4675.37
653.759	-458.424	3857.71
735.353	784.714	3807.42
-268.907	-259.309	3831.27
677.971	814.842	5192.36
-768.544	36.9042	5052.49
-552.324	-693.827	4672.34
-286.804	1210.69	3582.54
445.206	-572.367	3863.84
803.165	202.81	3520.48
122.388	801.235	4008.49
729.823	985.297	5137.06
446.623	375.995	4135.24
1255.41	-602.639	3746.08
1062.22	-92.987	3341.92
1248.1	-458.379	3368.33
-77.6277	-322.698	3287.61
666.84	-218.875	4029.5
960.173	-558.394	4685.6
-208.735	-101.046	3969.51
-614.146	-948.003	4479.02
-973.825	1079.69	3679.72
366.053	13.9105	4502.1
-256.16	1125.87	4687.6
-215.842	-437.018	5228.99
345.534	24.8719	3264.67
564.788	299.143	3870.44
506.339	335.224	4970.44
708.189	522.441	4245.8
736.173	-602.951	4858.93
92.4649	1106.56	3949.63
505.383	-591.546	4858.57
1250.12	-402.83	3717.12
907.445	167.279	3742.63
-75.6123	-589.936	3276.53
-409.131	-210.433	3490.88
-691.908	164.558	5169.89
-456.279	168.159	3880.78
130.683	-178.457	3578.26
1088.82	12.103	4442.58
-140.085	-428.861	3704.88
667.594	-764.09	4295.01
259.628	884.749	5071.28
126.977	-947.399	4974.96
39.7841	-132.502	3770.6
363.082	26.2293	3818.92
-350.696	-339.539	3152.38
-460.897	1220.07	3377.55
-688.686	973.192	4727.95
484.595	500.316	4707.35
58.2426	1098.19	4675.37
653.759	-458.424	3857.71
735.353	784.714	3807.42
-268.907	-259.309	3831.27
677.971	814.842	5192.36
-768.544	36.9042	5052.49
-552.324	-693.827	4672.34
-286.804	1210.69	3582.54
445.206	-572.367	3863.84
803.165	202.81	3520.48
122.388	801.235	4008.49
729.823	985.297	5137.06
446.623	375.995	4135.24
1255.41	-602.639	3746.08
1062.22	-92.987	3341.92
1248.1	-458.379	3368.33
-77.6277	-322.698	3287.61
666.84	-218.875	4029.5
960.173	-558.394	4685.6
-208.735	-101.046	3969.51
-614.146	-948.003	4479.02
-973.825	1079.69	3679.72
366.053	13.9105	4502.1
-256.16	1125.87	4687.6
-215.842	-437.018	5228.99
345.534	24.8719	3264.67
564.788	299.143	3870.44
506.339	335.224	4970.44
708.189	522.441	4245.8
736.173	-602.951	4858.93
92.4649	1106.56	3949.63
505.383	-591.546	4858.57
1250.12	-402.83	3717.12
907.445	167.279	3742.63
-75.6123	-589.936	3276.53
-409.131	-210.433	3490.88
-691.908	164.558	5169.89
-456.279	168.159	3880.78
130.683	-178.457	3578.26
1088.82	12.103	4442.58
-140.085	-428.861	3704.88
667.594	-764.09	4295.01
259.628	884.749	5071.28
126.977	-947.399	4974.96
39.7841	-132.502	3770.6
363.082	26.2293	3818.92
-350.696	-339.539	3152.38
-460.897	1220.07	3377.55
-688.686	973.192	4727.95
484.595	500.316	4707.35
58.2426	1098.19	4675.37
653.759	-458.424	3857.71
735.353	784.714	3807.42
-268.907	-259.309	3831.27
677.971	814.842	5192.36
-768.544	36.9042	5052.49
-552.324	-693.827	4672.34
-286.804	1210.69	3582.54
445.206	-572.367	3863.84
803.165	202.81	3520.48
122.388	801.235	4008.49
729.823	985.297	5137.06
446.623	375.995	4135.24
1255.41	-602.639	3746.08
1062.22	-92.987	3341.92
1248.1	-458.379	3368.33
-77.6277	-322.698	3287.61
666.84	-218.875	4029.5
960.173	-558.394	4685.6
-208.735	-101.046	3969.51
-614.146	-948.003	4479.02
-973.825	1079.69	3679.72
366.053	13.9105	4502.1
-256.16	1125.87	4687.6
-215.842	-437.018	5228.99
345.534	24.8719	3264.67
564.788	299.143	3870.44
506.339	335.224	4970.44
708.189	522.441	4245.8
736.173	-602.951	4858.93
92.4649	1106.56	3949.63
505.383	-591.546	4858.57
1250.12	-402.83	3717.12
907.445	167.279	3742.63
-75.6123	-589.936	3276.53
-409.131	-210.433	3490.88
-691.908	164.558	5169.89
-456.279	168.159	3880.78
130.683	-178.457	3578.26
1088.82	12.103	4442.58
-140.085	-428.861	3704.88
667.594	-764.09	4295.01
259.628	884.749	5071.28
126.977	-947.399	4974.96
39.7841	-132.502	3770.6
363.082	26.2293	3818.92
-350.696	-339.539	3152.38
-460.897	1220.07	3377.55
-688.686	973.192	4727.95
484.595	500.316	4707.35
58.2426	1098.19	4675.37
653.759	-458.424	3857.71
735.353	784.714	3807.42
-268.907	-259.309	3831.27
677.971	814.842	5192.36
-768.544	36.9042	5052.49
-552.324	-693.827	4672.34
-286.804	1210.69	3582.54
445.206	-572.367	3863.84
803.165	202.81	3520.48
122.388	801.235	4008.49
729.823	985.297	5137.06
446.623	375.995	4135.24
1255.41	-602.639	3746.08
1062.22	-92.987	3341.92
1248.1	-458.379	3368.33
-77.6277	-322.698	3287.61
666.84	-218.875	4029.5
960.173	-558.394	4685.6
-208.735	-101.046	3969.51
-614.146	-948.003	4479.02
-973.825	1079.69	3679.72
366.053	13.9105	4502.1
-256.16	1125.87	4687.6
-215.842	-437.018	5228.99
345.534	24.8719	3264.67
564.788	299.143	3870.44
506.339	335.224	4970.44
708.189	522.441	4245.8
736.173	-602.951	4858.93
92.4649	1106.56	3949.63
505.383	-591.546	4858.57
1250.12	-402.83	3717.12
907.445	167.279	3742.63
-75.6123	-589.936	3276.53
-409.131	-210.433	3490.88
-691.908	164.558	5169.89
-456.279	168.159	3880.78
130.683	-178.457	3578.26
1088.82	12.103	4442.58
-140.085	-428.861	3704.88
667.594	-764.09	4295.01
259.628	884.749	5071.28
126.977	-947.399	4974.96
39.7841	-132.502	3770.6
363.082	26.2293	3818.92
-350.696	-339.539	3152.38
-460.897	1220.07	3377.55
-688.686	973.192	4727.95
484.595	500.316	4707.35
58.2426	1098.19	4675.37
653.759	-458.424	3857.71
735.353	784.714	3807.42
