351.005	184.519
429.716	265.98
325.767	212.023
336.195	154.787
348.149	331.106
419.168	153.732
459.684	229.747
389.44	281.821
433.834	278.668
418.071	242.087
500.993	147.799
492.201	197.859
512.294	157.092
365.068	173.261
438.729	188.356
455.707	163.846
358.201	199.915
328.393	131.635
282.945	314.896
409.371	209.8
361.07	296.156
366.072	178.198
412.853	211.753
430.94	237.076
418.463	233.327
440.202	253.724
436.267	162.245
386.832	310.685
418.598	163.367
501.261	167.528
466.143	224.872
364.871	142.95
332.297	187.574
332.788	220.88
334.565	225.288
388.941	190.687
469.96	209.141
362.047	166.672
435.834	142.245
400.334	272.429
389.639	138.23
380.386	196.162
411.826	211.32
332.213	170.275
327.113	339.191
328.325	283.795
418.176	247.601
385.29	294.305
439.39	164.371
448.13	284.088
351.005	184.519
429.716	265.98
325.767	212.023
336.195	154.787
348.149	331.106
419.168	153.732
459.684	229.747
389.44	281.821
433.834	278.668
418.071	242.087
500.993	147.799
492.201	197.859
512.294	157.092
365.068	173.261
438.729	188.356
455.707	163.846
358.201	199.915
328.393	131.635
282.945	314.896
409.371	209.8
361.07	296.156
366.072	178.198
412.853	211.753
430.94	237.076
418.463	233.327
440.202	253.724
436.267	162.245
386.832	310.685
418.598	163.367
501.261	167.528
466.143	224.872
364.871	142.95
332.297	187.574
332.788	220.88
334.565	225.288
388.941	190.687
469.96	209.141
362.047	166.672
435.834	142.245
400.334	272.429
389.639	138.23
380.386	196.162
411.826	211.32
332.213	170.275
327.113	339.191
328.325	283.795
418.176	247.601
385.29	294.305
439.39	164.371
448.13	284.088
351.005	184.519
429.716	265.98
325.767	212.023
336.195	154.787
348.149	331.106
419.168	153.732
459.684	229.747
389.44	281.821
433.834	278.668
418.071	242.087
500.993	147.799
492.201	197.859
512.294	157.092
365.068	173.261
438.729	188.356
455.707	163.846
358.201	199.915
328.393	131.635
282.945	314.896
409.371	209.8
361.07	296.156
366.072	178.198
412.853	211.753
430.94	237.076
418.463	233.327
440.202	253.724
436.267	162.245
386.832	310.685
418.598	163.367
501.261	167.528
466.143	224.872
364.871	142.95
332.297	187.574
332.788	220.88
334.565	225.288
388.941	190.687
469.96	209.141
362.047	166.672
435.834	142.245
400.334	272.429
389.639	138.23
380.386	196.162
411.826	211.32
332.213	170.275
327.113	339.191
328.325	283.795
418.176	247.601
385.29	294.305
439.39	164.371
448.13	284.088
351.005	184.519
429.716	265.98
325.767	212.023
336.195	154.787
348.149	331.106
419.168	153.732
459.684	229.747
389.44	281.821
433.834	278.668
418.071	242.087
500.993	147.799
492.201	197.859
512.294	157.092
365.068	173.261
438.729	188.356
455.707	163.846
358.201	199.915
328.393	131.635
282.945	314.896
409.371	209.8
361.07	296.156
366.072	178.198
412.853	211.753
430.94	237.076
418.463	233.327
440.202	253.724
436.267	162.245
386.832	310.685
418.598	163.367
501.261	167.528
466.143	224.872
364.871	142.95
332.297	187.574
332.788	220.88
334.565	225.288
388.941	190.687
469.96	209.141
362.047	166.672
435.834	142.245
400.334	272.429
389.639	138.23
380.386	196.162
411.826	211.32
332.213	170.275
327.113	339.191
328.325	283.795
418.176	247.601
385.29	294.305
439.39	164.371
448.13	284.088
352.316	183.184
426.635	268.398
325.66	209.118
339.056	152.527
341.848	329.415
422.006	156.014
458.446	234.129
385.623	282.299
430.077	281.277
416.273	244.12
503.983	154.439
492.565	204.065
514.766	164.421
366.958	172.827
439.712	191.59
457.944	167.885
358.702	198.912
332.462	129.001
277.569	309.842
409.28	211.368
356.552	295.004
367.688	177.421
412.664	213.792
429.381	239.849
417.119	235.258
437.745	256.865
438.623	165.234
381.515	310.966
420.925	165.423
503.205	174.16
465.144	229.544
368.343	142.53
333.467	185.339
332.215	218.318
333.772	223.033
389.889	191.407
469.777	213.898
364.278	165.965
439.247	145.326
396.979	273.318
393.319	138.759
381.058	196.376
411.655	213.151
334.287	168.155
320.432	336.446
324.497	280.961
416.086	249.527
380.825	294.417
441.635	167.71
444.06	287.657
