3553.28	6691.91	14410.6
9071.29	4412.8	11294.9
8178.7	5560.53	19294
5669.41	8307.7	6691.03
10622.4	1483.6	12385.7
1935.38	8414.75	7134.54
-2223.71	597.528	10179
2838.81	9223.07	17232.5
1566.55	10717.9	14832.2
5474.97	2378.99	17637.6
9245.08	315.381	17913.7
3430.3	10946.1	12262.2
5523.78	10995.6	17752.1
-1711.43	5467.52	15888.3
10506.6	-87.6961	15126.5
-2454.3	-410.442	14629.5
2638.12	10264.7	16688.4
2560.53	958.431	8040.69
951.572	-1100.54	10989.2
7628.58	11602.4	9040.85
3252.73	4139.36	8723.74
1741.08	-1227.44	12198.4
5849.65	10539.9	10032.6
6238.13	7699.16	12018.9
-979.12	5178.57	13327.7
-3069.98	9657.32	15860.6
-1861.32	3671.37	12628.6
820.653	4895.63	15488.7
5344.2	761.357	12882.9
-3049.95	7876.86	7871.66
3379.95	10758.7	19520.3
485.612	5529.16	13911.6
4436.25	3511.03	14093.1
4711.32	7429.63	6755.74
3949.79	11961.4	7256.24
9895.72	5558.83	11007.4
6683.89	11024.6	11899.7
271.014	8378.25	15963.6
9874.16	2090.97	17176.3
-1213.44	-1583.98	16173.8
2966.82	4495.71	15818
725.254	4438.22	6430.77
3948.41	4380.08	15035
6130.07	3920.39	11432.3
1224.68	8145.26	17976.6
7275.08	6472.36	12481.6
-1694.06	6477.06	9784.64
186.995	2530.94	8760.03
5117.53	4444.35	8081.97
2939.84	3461.86	12724.5
3583.77	6749.32	14534.2
9149.11	4450.66	11391.8
8248.87	5608.23	19459.5
5718.05	8378.97	6748.43
10713.6	1496.33	12492
1951.99	8486.94	7195.75
-2242.78	602.655	10266.4
2863.17	9302.2	17380.3
1579.99	10809.9	14959.4
5521.94	2399.4	17788.9
9324.39	318.086	18067.4
3459.73	11040	12367.4
5571.17	11089.9	17904.4
-1726.11	5514.42	16024.6
10596.7	-88.449	15256.3
-2475.36	-413.963	14755
2660.76	10352.7	16831.5
2582.49	966.654	8109.67
959.736	-1109.99	11083.5
7694.03	11701.9	9118.41
3280.63	4174.87	8798.58
1756.02	-1237.97	12303
5899.84	10630.3	10118.6
6291.64	7765.21	12122
-987.519	5223	13442.1
-3096.32	9740.17	15996.6
-1877.29	3702.87	12737
827.695	4937.63	15621.6
5390.04	767.888	12993.4
-3076.11	7944.44	7939.2
3408.95	10851	19687.8
489.78	5576.6	14031
4474.31	3541.15	14214.1
4751.74	7493.37	6813.7
3983.68	12064	7318.5
9980.62	5606.52	11101.9
6741.23	11119.1	12001.8
273.341	8450.13	16100.5
9958.87	2108.91	17323.6
-1223.85	-1597.57	16312.6
2992.27	4534.28	15953.7
731.477	4476.3	6485.94
3982.29	4417.65	15163.9
6182.66	3954.02	11530.4
1235.19	8215.13	18130.8
7337.49	6527.89	12588.7
-1708.59	6532.63	9868.58
188.6	2552.65	8835.18
5161.43	4482.47	8151.31
2965.07	3491.56	12833.7
3601.05	6781.88	14604.3
9193.24	4472.13	11446.7
8288.65	5635.29	19553.4
5745.63	8419.39	6780.99
10765.2	1503.55	12552.2
1961.4	8527.88	7230.46
-2253.6	605.56	10315.9
2876.97	9347.06	17464.2
1587.6	10862	15031.6
5548.57	2410.98	17874.7
9369.36	319.627	18154.6
3476.41	11093.2	12427.1
5598.03	11143.4	17990.7
-1734.44	5541.02	16101.9
10647.8	-88.8683	15329.9
-2487.3	-415.961	14826.2
2673.58	10402.7	16912.7
2594.95	971.318	8148.79
964.366	-1115.34	11136.9
7731.13	11758.4	9162.4
3296.45	4195.01	8841.03
1764.49	-1243.94	12362.4
5928.29	10681.6	10167.4
6321.99	7802.67	12180.5
-992.285	5248.19	13506.9
-3111.26	9787.15	16073.8
-1886.34	3720.73	12798.4
831.684	4961.45	15696.9
5416.04	771.595	13056.1
-3090.95	7982.75	7977.49
3425.38	10903.4	19782.7
492.139	5603.49	14098.7
4495.88	3558.24	14282.6
4774.66	7529.52	6846.57
4002.89	12122.2	7353.8
10028.8	5633.57	11155.4
6773.74	11172.8	12059.7
274.654	8490.89	16178.2
10006.9	2119.08	17407.2
-1229.75	-1605.27	16391.3
3006.7	4556.16	16030.7
735.002	4497.89	6517.23
4001.49	4438.96	15237.1
6212.48	3973.1	11586
1241.14	8254.76	18218.3
7372.88	6559.38	12649.4
-1716.84	6564.13	9916.18
189.508	2564.96	8877.8
5186.32	4504.1	8190.63
2979.36	3508.4	12895.6
3601.05	6781.88	14604.3
9193.24	4472.13	11446.7
8288.65	5635.29	19553.4
5745.63	8419.39	6780.99
10765.2	1503.55	12552.2
1961.4	8527.88	7230.46
-2253.6	605.56	10315.9
2876.97	9347.06	17464.2
1587.6	10862	15031.6
5548.57	2410.98	17874.7
9369.36	319.627	18154.6
3476.41	11093.2	12427.1
5598.03	11143.4	17990.7
-1734.44	5541.02	16101.9
10647.8	-88.8683	15329.9
-2487.3	-415.961	14826.2
2673.58	10402.7	16912.7
2594.95	971.318	8148.79
964.366	-1115.34	11136.9
7731.13	11758.4	9162.4
3296.45	4195.01	8841.03
1764.49	-1243.94	12362.4
5928.29	10681.6	10167.4
6321.99	7802.67	12180.5
-992.285	5248.19	13506.9
-3111.26	9787.15	16073.8
-1886.34	3720.73	12798.4
831.684	4961.45	15696.9
5416.04	771.595	13056.1
-3090.95	7982.75	7977.49
3425.38	10903.4	19782.7
492.139	5603.49	14098.7
4495.88	3558.24	14282.6
4774.66	7529.52	6846.57
4002.89	12122.2	7353.8
10028.8	5633.57	11155.4
6773.74	11172.8	12059.7
274.654	8490.89	16178.2
10006.9	2119.08	17407.2
-1229.75	-1605.27	16391.3
3006.7	4556.16	16030.7
735.002	4497.89	6517.23
4001.49	4438.96	15237.1
6212.48	3973.1	11586
1241.14	8254.76	18218.3
7372.88	6559.38	12649.4
-1716.84	6564.13	9916.18
189.508	2564.96	8877.8
5186.32	4504.1	8190.63
2979.36	3508.4	12895.6
3631.36	6838.95	14727.2
9270.61	4509.76	11543
8358.41	5682.71	19717.9
5793.98	8490.24	6838.05
10855.8	1516.2	12657.8
1977.91	8599.64	7291.3
-2272.57	610.658	10402.7
2901.19	9425.72	17611.1
1600.97	10953.4	15158.1
5595.26	2431.27	18025.2
9448.21	322.31	18307.3
3505.67	11186.6	12531.7
5645.15	11237.2	18142.1
-1749.03	5587.65	16237.4
10737.4	-89.6239	15458.9
-2508.23	-419.46	14950.9
2696.09	10490.2	17055
2616.79	979.49	8217.36
972.48	-1124.73	11230.7
7796.2	11857.3	9239.5
3324.2	4230.31	8915.42
1779.33	-1254.41	12466.4
5978.19	10771.5	10253
6375.19	7868.33	12283
-1000.63	5292.35	13620.6
-3137.43	9869.52	16209.1
-1902.22	3752.04	12906.1
838.685	5003.2	15829
5461.62	778.085	13166
-3116.96	8049.93	8044.62
3454.21	10995.1	19949.2
496.283	5650.65	14217.3
4533.72	3588.18	14402.8
4814.84	7592.88	6904.18
4036.58	12224.2	7415.68
10113.2	5680.97	11249.3
6830.75	11266.8	12161.2
276.97	8562.34	16314.3
10091.1	2136.91	17553.7
-1240.1	-1618.78	16529.2
3032.01	4594.5	16165.6
741.19	4535.74	6572.07
4035.17	4476.32	15365.3
6264.76	4006.53	11683.5
1251.59	8324.23	18371.6
7434.93	6614.58	12755.9
-1731.28	6619.38	9999.63
191.104	2586.55	8952.51
5229.97	4542	8259.55
3004.44	3537.92	13004.1
