3337.17	6285.46	13537.9
8520.42	4144.73	10610.8
7681.74	5222.62	18125.8
5325.15	7803.38	6285.28
9977.39	1393.27	11635.9
1817.7	7903.92	6701.97
-2089.12	561.014	9563.01
2665.96	8662.92	16188.7
1470.99	10067.1	13933.5
5142.12	2234.19	16570
8683.41	295.81	16829.5
3221.74	10281.5	11519.1
5187.99	10327.9	16676.7
-1608.12	5135.33	14926.3
9868.51	-82.7354	14211
-2305.88	-385.897	13744.2
2477.47	9641.36	15677.5
2404.87	900.073	7553.97
893.443	-1034.03	10324.3
7165.37	10898.1	8492.58
3055.05	3887.95	8195.39
1635	-1153.25	11460.3
5494.35	9900.04	9424.37
5859.17	7231.63	11290.8
-920.16	4863.98	12520.7
-2884.22	9070.88	14899.9
-1748.8	3448.26	11864.1
770.325	4598.17	14550.9
5019.44	714.84	12103.1
-2865.13	7398.65	7394.58
3174.18	10105.4	18337.9
455.671	5193.28	13069.2
4166.57	3297.63	13239.9
4425.2	6978.59	6346.16
3709.88	11235.4	6815.96
9294.85	5221.23	10340.7
6277.9	10355.2	11178.5
254.028	7869.43	14996.7
9274.4	1963.67	16136.6
-1140.37	-1488.25	15195.2
2786.25	4222.52	14860.3
681.028	4168.73	6041.17
3708.3	4113.91	14124.7
5757.71	3682.22	10740.1
1149.76	7650.51	16888
6833.18	6079.28	11725.6
-1591.59	6083.76	9191.92
175.348	2377.13	8229.65
4806.72	4174.45	7592.43
2761.01	3251.46	11954.1
3352.76	6314.8	13601.1
8560.21	4164.08	10660.4
7717.61	5247	18210.4
5350.02	7839.81	6314.62
10024	1399.77	11690.2
1826.2	7940.83	6733.27
-2098.87	563.636	9607.67
2678.41	8703.36	16264.3
1477.86	10114.1	13998.6
5166.13	2244.62	16647.3
8723.95	297.183	16908.1
3236.79	10329.5	11572.9
5212.22	10376.1	16754.6
-1615.62	5159.3	14996
9914.58	-83.1313	14277.4
-2316.65	-387.697	13808.4
2489.05	9686.38	15750.7
2416.1	904.273	7589.25
897.613	-1038.85	10372.5
7198.83	10949	8532.23
3069.32	3906.1	8233.66
1642.63	-1158.64	11513.8
5520.01	9946.26	9468.37
5886.53	7265.39	11343.5
-924.452	4886.69	12579.2
-2897.68	9113.23	14969.5
-1756.96	3464.36	11919.5
773.925	4619.64	14618.9
5042.87	718.172	12159.6
-2878.5	7433.2	7429.12
3189.01	10152.5	18423.6
457.802	5217.53	13130.2
4186.02	3313.02	13301.8
4445.87	7011.17	6375.79
3727.21	11287.8	6847.79
9338.25	5245.6	10389
6307.22	10403.6	11230.7
255.221	7906.17	15066.8
9317.71	1972.83	16211.9
-1145.7	-1495.2	15266.1
2799.26	4242.23	14929.7
684.211	4188.19	6069.39
3725.62	4133.11	14190.6
5784.6	3699.4	10790.2
1155.13	7686.23	16966.8
6865.09	6107.66	11780.3
-1599.02	6112.17	9234.85
176.168	2388.22	8268.08
4829.16	4193.94	7627.88
2773.9	3266.64	12009.9
3352.76	6314.8	13601.1
8560.21	4164.08	10660.4
7717.61	5247	18210.4
5350.02	7839.81	6314.62
10024	1399.77	11690.2
1826.2	7940.83	6733.27
-2098.87	563.636	9607.67
2678.41	8703.36	16264.3
1477.86	10114.1	13998.6
5166.13	2244.62	16647.3
8723.95	297.183	16908.1
3236.79	10329.5	11572.9
5212.22	10376.1	16754.6
-1615.62	5159.3	14996
9914.58	-83.1313	14277.4
-2316.65	-387.697	13808.4
2489.05	9686.38	15750.7
2416.1	904.273	7589.25
897.613	-1038.85	10372.5
7198.83	10949	8532.23
3069.32	3906.1	8233.66
1642.63	-1158.64	11513.8
5520.01	9946.26	9468.37
5886.53	7265.39	11343.5
-924.452	4886.69	12579.2
-2897.68	9113.23	14969.5
-1756.96	3464.36	11919.5
773.925	4619.64	14618.9
5042.87	718.172	12159.6
-2878.5	7433.2	7429.12
3189.01	10152.5	18423.6
457.802	5217.53	13130.2
4186.02	3313.02	13301.8
4445.87	7011.17	6375.79
3727.21	11287.8	6847.79
9338.25	5245.6	10389
6307.22	10403.6	11230.7
255.221	7906.17	15066.8
9317.71	1972.83	16211.9
-1145.7	-1495.2	15266.1
2799.26	4242.23	14929.7
684.211	4188.19	6069.39
3725.62	4133.11	14190.6
5784.6	3699.4	10790.2
1155.13	7686.23	16966.8
6865.09	6107.66	11780.3
-1599.02	6112.17	9234.85
176.168	2388.22	8268.08
4829.16	4193.94	7627.88
2773.9	3266.64	12009.9
3382.73	6371.29	13722.7
8636.76	4201.34	10755.7
7786.63	5293.95	18373.3
5397.86	7909.94	6371.1
10113.6	1412.31	11794.8
1842.51	8011.85	6793.48
-2117.64	568.672	9693.57
2702.35	8781.21	16409.7
1491.06	10204.6	14123.8
5212.33	2264.71	16796.2
8801.98	299.861	17059.3
3265.72	10421.9	11676.4
5258.82	10468.9	16904.4
-1630.08	5205.44	15130.1
10003.3	-83.851	14405.1
-2337.36	-391.17	13931.9
2511.29	9773.02	15891.5
2437.7	912.366	7657.11
905.646	-1048.14	10465.2
7263.19	11046.9	8608.54
3096.76	3941.05	8307.29
1657.33	-1169	11616.7
5569.36	10035.2	9553.04
5939.16	7330.38	11444.9
-932.729	4930.39	12691.7
-2923.62	9194.73	15103.3
-1772.68	3495.34	12026
780.839	4660.96	14749.6
5087.98	724.608	12268.4
-2904.26	7499.67	7495.54
3217.51	10243.3	18588.3
461.888	5264.19	13247.6
4223.46	3342.66	13420.7
4485.61	7073.89	6432.81
3760.52	11388.8	6909.02
9421.76	5292.54	10481.9
6363.6	10496.6	11331.1
257.488	7976.88	15201.5
9401.04	1990.5	16356.9
-1155.93	-1508.58	15402.6
2824.29	4280.18	15063.2
690.322	4225.65	6123.66
3758.93	4170.09	14317.5
5836.33	3732.51	10886.7
1165.45	7754.98	17118.5
6926.48	6162.3	11885.7
-1613.33	6166.83	9317.42
177.74	2409.58	8342.01
4872.35	4231.46	7696.09
2798.71	3295.86	12117.3
3188.51	6508.02	13308.8
8536.94	4515.22	10437.4
7653.42	5577.91	17824.1
5149.89	8128.17	6179.49
10118.8	1765.84	11448.3
1576.81	8105.51	6585.74
-2135.58	490.879	9399.35
2423.85	8902.44	15912.8
1155.16	10290.6	13693.7
5172.96	2446.79	16294
8846.56	599.598	16553.8
2926.79	10572.5	11321.5
4932.22	10686.5	16393.9
-1802.51	5160.64	14669.8
10063.3	258.044	13980.8
-2317.88	-483.197	13510.4
2196.66	9891.92	15409.4
2424.22	997.036	7428.3
957.67	-1027.02	10151.6
6915.42	11342.2	8349.38
2980.55	4060.96	8057.65
1717.95	-1122.7	11269.2
5251.12	10266.3	9264.5
5719.34	7562.15	11101.4
-1095.34	4910.39	12305.6
-3241.2	9121.05	14640.1
-1889.19	3440.34	11660.1
636.993	4698.7	14303.3
5097.08	898.698	11903.3
-3170.77	7424.26	7262.52
2892.29	10387.4	18025.4
293.928	5294.16	12846
4138.5	3496.54	13018.5
4263.26	7256.63	6239.01
3384.48	11563.6	6697.55
9286.62	5638.63	10171.9
6034.43	10756.4	10989.5
-4.22501	8009.71	14739.1
9388	2318.65	15872
-1090.8	-1564.67	14938.7
2702.54	4387.85	14609.7
551.831	4263.64	5937.33
3644.06	4310.55	13887.4
5741.53	3946.1	10562.1
917.364	7817.59	16599.4
6752.14	6423.6	11530.5
-1825.8	6130.09	9031.56
103.238	2420.75	8089.53
4752.58	4415.23	7466.34
2708.1	3400.36	11753.1
