3028.1	5701.94	12281
7729.93	3759.97	9625.76
6969.57	4737.81	16443.1
4831.06	7078.91	5701.8
9051.67	1263.96	10555.7
1649.3	7170.11	6079.78
-1894.58	508.944	8675.14
2419.36	7858.67	14685.8
1335.2	9132.47	12639.9
4665.65	2026.81	15031.6
7878.21	268.403	15267.2
2923.24	9326.96	10449.7
4707.24	9369.08	15128.5
-1457.94	4658.57	13540.5
8953.07	-75.0012	12891.7
-2090.96	-350.042	12468.1
2248.34	8746.25	14222
2182.02	816.528	6852.67
811.106	-937.998	9365.75
6500.53	9886.31	7704.19
2771.86	3527.01	7434.55
1483.88	-1046.15	10396.3
4984.72	8980.91	8549.44
5315.79	6560.26	10242.6
-833.995	4412.41	11358.3
-2615.56	8228.71	13516.5
-1585.73	3128.13	10762.6
699.649	4171.28	13200
4554.1	648.509	10979.5
-2598.69	6711.74	6708.04
2880.51	9167.19	16635.5
414.121	4711.15	11855.9
3780.48	2991.5	12010.7
4014.67	6330.7	5757.02
3365.78	10192.2	6183.2
8432.42	4736.52	9380.71
5695.62	9393.85	10140.7
231.305	7138.82	13604.4
8414.22	1781.41	14638.5
-1033.58	-1350.05	13784.4
2528.41	3830.51	13480.7
618.138	3781.7	5480.31
3364.81	3732	12813.3
5223.73	3340.38	9742.99
1043.98	6940.26	15320.1
6199.39	5514.89	10637
-1443.29	5518.93	8338.51
159.548	2156.44	7465.6
4360.85	3786.91	6887.57
2505.35	2949.62	10844.3
3060.83	5763.55	12413.8
7813.46	3800.58	9729.79
7044.89	4788.99	16620.8
4883.28	7155.4	5763.42
9149.49	1277.6	10669.7
1667.14	7247.59	6145.49
-1915.05	514.449	8768.92
2445.51	7943.59	14844.5
1349.64	9231.16	12776.6
4716.07	2048.7	15194.1
7963.34	271.285	15432.2
2954.85	9427.74	10562.6
4758.13	9470.32	15292
-1473.68	4708.92	13686.9
9049.81	-75.8334	13031.1
-2113.56	-353.819	12602.9
2272.65	8840.76	14375.7
2205.6	825.346	6926.73
819.866	-948.136	9466.99
6570.8	9993.12	7787.45
2801.82	3565.11	7514.91
1499.91	-1057.46	10508.7
5038.6	9077.95	8641.84
5373.24	6631.14	10353.3
-843	4460.1	11481
-2643.81	8317.64	13662.6
-1602.86	3161.94	10878.9
707.215	4216.36	13342.7
4603.31	655.506	11098.2
-2626.75	6784.27	6780.56
2911.66	9266.24	16815.3
418.604	4762.06	11984
3821.33	3023.82	12140.6
4058.07	6399.1	5819.24
3402.17	10302.4	6250.03
8523.55	4787.68	9482.09
5757.19	9495.35	10250.3
233.818	7215.96	13751.5
8505.15	1800.64	14796.7
-1044.75	-1364.64	13933.5
2555.74	3871.9	13626.4
624.826	3822.56	5539.55
3401.18	3772.32	12951.8
5280.18	3376.46	9848.29
1055.27	7015.25	15485.7
6266.39	5574.47	10752
-1458.87	5578.57	8428.65
161.275	2179.75	7546.3
4407.98	3827.82	6962.01
2532.43	2981.49	10961.5
3075.25	5790.7	12472.2
7850.26	3818.49	9775.62
7078.07	4811.55	16699.1
4906.28	7189.1	5790.56
9192.58	1283.62	10720
1674.98	7281.73	6174.43
-1924.07	516.871	8810.22
2457.03	7981.01	14914.4
1355.99	9274.64	12836.7
4738.28	2058.36	15265.6
8000.85	272.57	15504.8
2968.76	9472.15	10612.4
4780.53	9514.93	15364
-1480.63	4731.09	13751.3
9092.44	-76.1825	13092.4
-2123.51	-355.488	12662.3
2283.35	8882.41	14443.4
2215.99	829.236	6959.35
823.729	-952.601	9511.57
6601.74	10040.2	7824.13
2815.02	3581.91	7550.3
1506.97	-1062.44	10558.1
5062.33	9120.71	8682.54
5398.55	6662.37	10402
-846.974	4481.1	11535.1
-2656.27	8356.82	13727
-1610.42	3176.83	10930.2
710.544	4236.22	13405.5
4624.99	658.597	11150.4
-2639.13	6816.23	6812.49
2925.36	9309.89	16894.5
420.572	4784.49	12040.5
3839.33	3038.07	12197.7
4077.18	6429.25	5846.64
3418.19	10350.9	6279.47
8563.7	4810.24	9526.75
5784.3	9540.08	10298.6
234.913	7249.95	13816.2
8545.21	1809.13	14866.4
-1049.67	-1371.06	13999.1
2567.78	3890.14	13690.6
627.766	3840.57	5565.64
3417.2	3790.09	13012.8
5305.05	3392.37	9894.67
1060.24	7048.3	15558.6
6295.9	5600.73	10802.6
-1465.75	5604.84	8468.34
162.033	2190.01	7581.84
4428.74	3845.85	6994.8
2544.36	2995.53	11013.1
3075.25	5790.7	12472.2
7850.26	3818.49	9775.62
7078.07	4811.55	16699.1
4906.28	7189.1	5790.56
9192.58	1283.62	10720
1674.98	7281.73	6174.43
-1924.07	516.871	8810.22
2457.03	7981.01	14914.4
1355.99	9274.64	12836.7
4738.28	2058.36	15265.6
8000.85	272.57	15504.8
2968.76	9472.15	10612.4
4780.53	9514.93	15364
-1480.63	4731.09	13751.3
9092.44	-76.1825	13092.4
-2123.51	-355.488	12662.3
2283.35	8882.41	14443.4
2215.99	829.236	6959.35
823.729	-952.601	9511.57
6601.74	10040.2	7824.13
2815.02	3581.91	7550.3
1506.97	-1062.44	10558.1
5062.33	9120.71	8682.54
5398.55	6662.37	10402
-846.974	4481.1	11535.1
-2656.27	8356.82	13727
-1610.42	3176.83	10930.2
710.544	4236.22	13405.5
4624.99	658.597	11150.4
-2639.13	6816.23	6812.49
2925.36	9309.89	16894.5
420.572	4784.49	12040.5
3839.33	3038.07	12197.7
4077.18	6429.25	5846.64
3418.19	10350.9	6279.47
8563.7	4810.24	9526.75
5784.3	9540.08	10298.6
234.913	7249.95	13816.2
8545.21	1809.13	14866.4
-1049.67	-1371.06	13999.1
2567.78	3890.14	13690.6
627.766	3840.57	5565.64
3417.2	3790.09	13012.8
5305.05	3392.37	9894.67
1060.24	7048.3	15558.6
6295.9	5600.73	10802.6
-1465.75	5604.84	8468.34
162.033	2190.01	7581.84
4428.74	3845.85	6994.8
2544.36	2995.53	11013.1
3075.25	5790.7	12472.2
7850.26	3818.49	9775.62
7078.07	4811.55	16699.1
4906.28	7189.1	5790.56
9192.58	1283.62	10720
1674.98	7281.73	6174.43
-1924.07	516.871	8810.22
2457.03	7981.01	14914.4
1355.99	9274.64	12836.7
4738.28	2058.36	15265.6
8000.85	272.57	15504.8
2968.76	9472.15	10612.4
4780.53	9514.93	15364
-1480.63	4731.09	13751.3
9092.44	-76.1825	13092.4
-2123.51	-355.488	12662.3
2283.35	8882.41	14443.4
2215.99	829.236	6959.35
823.729	-952.601	9511.57
6601.74	10040.2	7824.13
2815.02	3581.91	7550.3
1506.97	-1062.44	10558.1
5062.33	9120.71	8682.54
5398.55	6662.37	10402
-846.974	4481.1	11535.1
-2656.27	8356.82	13727
-1610.42	3176.83	10930.2
710.544	4236.22	13405.5
4624.99	658.597	11150.4
-2639.13	6816.23	6812.49
2925.36	9309.89	16894.5
420.572	4784.49	12040.5
3839.33	3038.07	12197.7
4077.18	6429.25	5846.64
3418.19	10350.9	6279.47
8563.7	4810.24	9526.75
5784.3	9540.08	10298.6
234.913	7249.95	13816.2
8545.21	1809.13	14866.4
-1049.67	-1371.06	13999.1
2567.78	3890.14	13690.6
627.766	3840.57	5565.64
3417.2	3790.09	13012.8
5305.05	3392.37	9894.67
1060.24	7048.3	15558.6
6295.9	5600.73	10802.6
-1465.75	5604.84	8468.34
162.033	2190.01	7581.84
4428.74	3845.85	6994.8
2544.36	2995.53	11013.1
