2966.24	5583.69	12022.5
7581.08	3687.84	9437.7
6832.8	4644.84	16113.5
4736.89	6940.49	5589.13
8877.13	1240.34	10349.2
1615.71	7021.61	5952.59
-1849.2	497.686	8471.01
2370.56	7695.69	14377
1308.72	8942.35	12373.6
4568.85	1985.18	14711.8
7720.08	264.229	14955
2865.41	9139.48	10237.2
4615.71	9184.6	14826.5
-1423.1	4553.46	13230.1
8777.02	-72.4062	12634.2
-2039.58	-340.764	12169.2
2203.32	8565.79	13924.7
2135.37	799.313	6702.59
793.843	-915.958	9151.7
6380.23	9702.73	7559.56
2714.25	3453.18	7276.64
1451.7	-1021.73	10160.4
4889	8807.45	8382.46
5211.67	6431.14	10038.3
-813.899	4314.12	11101.4
-2554.97	8044.08	13209.6
-1548.07	3057.19	10514.2
685.789	4080.24	12906.8
4458.98	635.676	10745.4
-2539.65	6561.72	6556.65
2823.13	8979.64	16290.4
406.423	4608.42	11593.4
3702.13	2929.33	11755.6
3934.8	6204.23	5640.78
3300.38	9992.71	6060.98
8273.66	4647.55	9201.62
5587.64	9214.71	9945.04
227.882	6984.7	13306.8
8249.37	1747.36	14346.6
-1007.36	-1316.99	13455.7
2475.69	3749.25	13189.1
605.351	3700	5360.53
3295.12	3654.01	12540.3
5118.38	3273.08	9543.02
1023.27	6791.67	14987.3
6078.52	5407.15	10426
-1410.11	5396.39	8151.24
156.89	2108.96	7298.16
4272.47	3710.04	6745.78
2452.78	2887.06	10609.6
2966.24	5583.69	12022.5
7581.08	3687.84	9437.7
6832.8	4644.84	16113.5
4736.89	6940.49	5589.13
8877.13	1240.34	10349.2
1615.71	7021.61	5952.59
-1849.2	497.686	8471.01
2370.56	7695.69	14377
1308.72	8942.35	12373.6
4568.85	1985.18	14711.8
7720.08	264.229	14955
2865.41	9139.48	10237.2
4615.71	9184.6	14826.5
-1423.1	4553.46	13230.1
8777.02	-72.4062	12634.2
-2039.58	-340.764	12169.2
2203.32	8565.79	13924.7
2135.37	799.313	6702.59
793.843	-915.958	9151.7
6380.23	9702.73	7559.56
2714.25	3453.18	7276.64
1451.7	-1021.73	10160.4
4889	8807.45	8382.46
5211.67	6431.14	10038.3
-813.899	4314.12	11101.4
-2554.97	8044.08	13209.6
-1548.07	3057.19	10514.2
685.789	4080.24	12906.8
4458.98	635.676	10745.4
-2539.65	6561.72	6556.65
2823.13	8979.64	16290.4
406.423	4608.42	11593.4
3702.13	2929.33	11755.6
3934.8	6204.23	5640.78
3300.38	9992.71	6060.98
8273.66	4647.55	9201.62
5587.64	9214.71	9945.04
227.882	6984.7	13306.8
8249.37	1747.36	14346.6
-1007.36	-1316.99	13455.7
2475.69	3749.25	13189.1
605.351	3700	5360.53
3295.12	3654.01	12540.3
5118.38	3273.08	9543.02
1023.27	6791.67	14987.3
6078.52	5407.15	10426
-1410.11	5396.39	8151.24
156.89	2108.96	7298.16
4272.47	3710.04	6745.78
2452.78	2887.06	10609.6
2966.24	5583.69	12022.5
7581.08	3687.84	9437.7
6832.8	4644.84	16113.5
4736.89	6940.49	5589.13
8877.13	1240.34	10349.2
1615.71	7021.61	5952.59
-1849.2	497.686	8471.01
2370.56	7695.69	14377
1308.72	8942.35	12373.6
4568.85	1985.18	14711.8
7720.08	264.229	14955
2865.41	9139.48	10237.2
4615.71	9184.6	14826.5
-1423.1	4553.46	13230.1
8777.02	-72.4062	12634.2
-2039.58	-340.764	12169.2
2203.32	8565.79	13924.7
2135.37	799.313	6702.59
793.843	-915.958	9151.7
6380.23	9702.73	7559.56
2714.25	3453.18	7276.64
1451.7	-1021.73	10160.4
4889	8807.45	8382.46
5211.67	6431.14	10038.3
-813.899	4314.12	11101.4
-2554.97	8044.08	13209.6
-1548.07	3057.19	10514.2
685.789	4080.24	12906.8
4458.98	635.676	10745.4
-2539.65	6561.72	6556.65
2823.13	8979.64	16290.4
406.423	4608.42	11593.4
3702.13	2929.33	11755.6
3934.8	6204.23	5640.78
3300.38	9992.71	6060.98
8273.66	4647.55	9201.62
5587.64	9214.71	9945.04
227.882	6984.7	13306.8
8249.37	1747.36	14346.6
-1007.36	-1316.99	13455.7
2475.69	3749.25	13189.1
605.351	3700	5360.53
3295.12	3654.01	12540.3
5118.38	3273.08	9543.02
1023.27	6791.67	14987.3
6078.52	5407.15	10426
-1410.11	5396.39	8151.24
156.89	2108.96	7298.16
4272.47	3710.04	6745.78
2452.78	2887.06	10609.6
2966.24	5583.69	12022.5
7581.08	3687.84	9437.7
6832.8	4644.84	16113.5
4736.89	6940.49	5589.13
8877.13	1240.34	10349.2
1615.71	7021.61	5952.59
-1849.2	497.686	8471.01
2370.56	7695.69	14377
1308.72	8942.35	12373.6
4568.85	1985.18	14711.8
7720.08	264.229	14955
2865.41	9139.48	10237.2
4615.71	9184.6	14826.5
-1423.1	4553.46	13230.1
8777.02	-72.4062	12634.2
-2039.58	-340.764	12169.2
2203.32	8565.79	13924.7
2135.37	799.313	6702.59
793.843	-915.958	9151.7
6380.23	9702.73	7559.56
2714.25	3453.18	7276.64
1451.7	-1021.73	10160.4
4889	8807.45	8382.46
5211.67	6431.14	10038.3
-813.899	4314.12	11101.4
-2554.97	8044.08	13209.6
-1548.07	3057.19	10514.2
685.789	4080.24	12906.8
4458.98	635.676	10745.4
-2539.65	6561.72	6556.65
2823.13	8979.64	16290.4
406.423	4608.42	11593.4
3702.13	2929.33	11755.6
3934.8	6204.23	5640.78
3300.38	9992.71	6060.98
8273.66	4647.55	9201.62
5587.64	9214.71	9945.04
227.882	6984.7	13306.8
8249.37	1747.36	14346.6
-1007.36	-1316.99	13455.7
2475.69	3749.25	13189.1
605.351	3700	5360.53
3295.12	3654.01	12540.3
5118.38	3273.08	9543.02
1023.27	6791.67	14987.3
6078.52	5407.15	10426
-1410.11	5396.39	8151.24
156.89	2108.96	7298.16
4272.47	3710.04	6745.78
2452.78	2887.06	10609.6
2966.24	5583.69	12022.5
7581.08	3687.84	9437.7
6832.8	4644.84	16113.5
4736.89	6940.49	5589.13
8877.13	1240.34	10349.2
1615.71	7021.61	5952.59
-1849.2	497.686	8471.01
2370.56	7695.69	14377
1308.72	8942.35	12373.6
4568.85	1985.18	14711.8
7720.08	264.229	14955
2865.41	9139.48	10237.2
4615.71	9184.6	14826.5
-1423.1	4553.46	13230.1
8777.02	-72.4062	12634.2
-2039.58	-340.764	12169.2
2203.32	8565.79	13924.7
2135.37	799.313	6702.59
793.843	-915.958	9151.7
6380.23	9702.73	7559.56
2714.25	3453.18	7276.64
1451.7	-1021.73	10160.4
4889	8807.45	8382.46
5211.67	6431.14	10038.3
-813.899	4314.12	11101.4
-2554.97	8044.08	13209.6
-1548.07	3057.19	10514.2
685.789	4080.24	12906.8
4458.98	635.676	10745.4
-2539.65	6561.72	6556.65
2823.13	8979.64	16290.4
406.423	4608.42	11593.4
3702.13	2929.33	11755.6
3934.8	6204.23	5640.78
3300.38	9992.71	6060.98
8273.66	4647.55	9201.62
5587.64	9214.71	9945.04
227.882	6984.7	13306.8
8249.37	1747.36	14346.6
-1007.36	-1316.99	13455.7
2475.69	3749.25	13189.1
605.351	3700	5360.53
3295.12	3654.01	12540.3
5118.38	3273.08	9543.02
1023.27	6791.67	14987.3
6078.52	5407.15	10426
-1410.11	5396.39	8151.24
156.89	2108.96	7298.16
4272.47	3710.04	6745.78
2452.78	2887.06	10609.6
