2926.29	5508.48	11860.6
7523.16	3659.67	9365.6
6759.23	4594.83	15940
4694.27	6878.05	5538.85
8816.39	1231.85	10278.4
1595.36	6933.17	5877.62
-1815.59	488.639	8317.02
2335.72	7582.6	14165.7
1289.11	8808.32	12188.2
4508.86	1959.11	14518.6
7643.35	261.603	14806.4
2829.68	9025.51	10109.6
4559.53	9072.82	14646.1
-1396.24	4467.52	12980.4
8707.15	-71.8299	12533.7
-1999.18	-334.013	11928.1
2171.15	8440.7	13721.3
2107.38	788.835	6614.73
781.383	-901.581	9008.05
6332.36	9629.93	7502.85
2680.8	3410.63	7186.97
1429.42	-1006.06	10004.5
4842.12	8722.99	8302.07
5158.8	6365.91	9936.43
-799.673	4238.71	10907.4
-2504.76	7885.99	12950
-1519.83	3001.43	10322.4
674.472	4012.9	12693.8
4405.45	628.045	10616.4
-2495.3	6447.13	6442.14
2781.6	8847.54	16050.7
399.809	4533.43	11404.7
3654.35	2891.52	11603.9
3895.42	6142.13	5584.32
3266.16	9889.12	5998.15
8218.66	4616.65	9140.45
5535.56	9128.82	9852.35
224.06	6867.57	13083.6
8175.7	1731.76	14218.5
-987.954	-1291.62	13196.5
2439.37	3694.25	12995.6
596.912	3648.42	5285.8
3250.49	3604.52	12370.4
5064.71	3238.76	9442.94
1006.36	6679.48	14739.7
6021.06	5356.04	10327.5
-1386.22	5304.96	8013.14
154.483	2076.61	7186.2
4228.2	3671.6	6675.88
2418.73	2846.97	10462.3
2926.29	5508.48	11860.6
7523.16	3659.67	9365.6
6759.23	4594.83	15940
4694.27	6878.05	5538.85
8816.39	1231.85	10278.4
1595.36	6933.17	5877.62
-1815.59	488.639	8317.02
2335.72	7582.6	14165.7
1289.11	8808.32	12188.2
4508.86	1959.11	14518.6
7643.35	261.603	14806.4
2829.68	9025.51	10109.6
4559.53	9072.82	14646.1
-1396.24	4467.52	12980.4
8707.15	-71.8299	12533.7
-1999.18	-334.013	11928.1
2171.15	8440.7	13721.3
2107.38	788.835	6614.73
781.383	-901.581	9008.05
6332.36	9629.93	7502.85
2680.8	3410.63	7186.97
1429.42	-1006.06	10004.5
4842.12	8722.99	8302.07
5158.8	6365.91	9936.43
-799.673	4238.71	10907.4
-2504.76	7885.99	12950
-1519.83	3001.43	10322.4
674.472	4012.9	12693.8
4405.45	628.045	10616.4
-2495.3	6447.13	6442.14
2781.6	8847.54	16050.7
399.809	4533.43	11404.7
3654.35	2891.52	11603.9
3895.42	6142.13	5584.32
3266.16	9889.12	5998.15
8218.66	4616.65	9140.45
5535.56	9128.82	9852.35
224.06	6867.57	13083.6
8175.7	1731.76	14218.5
-987.954	-1291.62	13196.5
2439.37	3694.25	12995.6
596.912	3648.42	5285.8
3250.49	3604.52	12370.4
5064.71	3238.76	9442.94
1006.36	6679.48	14739.7
6021.06	5356.04	10327.5
-1386.22	5304.96	8013.14
154.483	2076.61	7186.2
4228.2	3671.6	6675.88
2418.73	2846.97	10462.3
2926.29	5508.48	11860.6
7523.16	3659.67	9365.6
6759.23	4594.83	15940
4694.27	6878.05	5538.85
8816.39	1231.85	10278.4
1595.36	6933.17	5877.62
-1815.59	488.639	8317.02
2335.72	7582.6	14165.7
1289.11	8808.32	12188.2
4508.86	1959.11	14518.6
7643.35	261.603	14806.4
2829.68	9025.51	10109.6
4559.53	9072.82	14646.1
-1396.24	4467.52	12980.4
8707.15	-71.8299	12533.7
-1999.18	-334.013	11928.1
2171.15	8440.7	13721.3
2107.38	788.835	6614.73
781.383	-901.581	9008.05
6332.36	9629.93	7502.85
2680.8	3410.63	7186.97
1429.42	-1006.06	10004.5
4842.12	8722.99	8302.07
5158.8	6365.91	9936.43
-799.673	4238.71	10907.4
-2504.76	7885.99	12950
-1519.83	3001.43	10322.4
674.472	4012.9	12693.8
4405.45	628.045	10616.4
-2495.3	6447.13	6442.14
2781.6	8847.54	16050.7
399.809	4533.43	11404.7
3654.35	2891.52	11603.9
3895.42	6142.13	5584.32
3266.16	9889.12	5998.15
8218.66	4616.65	9140.45
5535.56	9128.82	9852.35
224.06	6867.57	13083.6
8175.7	1731.76	14218.5
-987.954	-1291.62	13196.5
2439.37	3694.25	12995.6
596.912	3648.42	5285.8
3250.49	3604.52	12370.4
5064.71	3238.76	9442.94
1006.36	6679.48	14739.7
6021.06	5356.04	10327.5
-1386.22	5304.96	8013.14
154.483	2076.61	7186.2
4228.2	3671.6	6675.88
2418.73	2846.97	10462.3
2926.29	5508.48	11860.6
7523.16	3659.67	9365.6
6759.23	4594.83	15940
4694.27	6878.05	5538.85
8816.39	1231.85	10278.4
1595.36	6933.17	5877.62
-1815.59	488.639	8317.02
2335.72	7582.6	14165.7
1289.11	8808.32	12188.2
4508.86	1959.11	14518.6
7643.35	261.603	14806.4
2829.68	9025.51	10109.6
4559.53	9072.82	14646.1
-1396.24	4467.52	12980.4
8707.15	-71.8299	12533.7
-1999.18	-334.013	11928.1
2171.15	8440.7	13721.3
2107.38	788.835	6614.73
781.383	-901.581	9008.05
6332.36	9629.93	7502.85
2680.8	3410.63	7186.97
1429.42	-1006.06	10004.5
4842.12	8722.99	8302.07
5158.8	6365.91	9936.43
-799.673	4238.71	10907.4
-2504.76	7885.99	12950
-1519.83	3001.43	10322.4
674.472	4012.9	12693.8
4405.45	628.045	10616.4
-2495.3	6447.13	6442.14
2781.6	8847.54	16050.7
399.809	4533.43	11404.7
3654.35	2891.52	11603.9
3895.42	6142.13	5584.32
3266.16	9889.12	5998.15
8218.66	4616.65	9140.45
5535.56	9128.82	9852.35
224.06	6867.57	13083.6
8175.7	1731.76	14218.5
-987.954	-1291.62	13196.5
2439.37	3694.25	12995.6
596.912	3648.42	5285.8
3250.49	3604.52	12370.4
5064.71	3238.76	9442.94
1006.36	6679.48	14739.7
6021.06	5356.04	10327.5
-1386.22	5304.96	8013.14
154.483	2076.61	7186.2
4228.2	3671.6	6675.88
2418.73	2846.97	10462.3
2926.29	5508.48	11860.6
7523.16	3659.67	9365.6
6759.23	4594.83	15940
4694.27	6878.05	5538.85
8816.39	1231.85	10278.4
1595.36	6933.17	5877.62
-1815.59	488.639	8317.02
2335.72	7582.6	14165.7
1289.11	8808.32	12188.2
4508.86	1959.11	14518.6
7643.35	261.603	14806.4
2829.68	9025.51	10109.6
4559.53	9072.82	14646.1
-1396.24	4467.52	12980.4
8707.15	-71.8299	12533.7
-1999.18	-334.013	11928.1
2171.15	8440.7	13721.3
2107.38	788.835	6614.73
781.383	-901.581	9008.05
6332.36	9629.93	7502.85
2680.8	3410.63	7186.97
1429.42	-1006.06	10004.5
4842.12	8722.99	8302.07
5158.8	6365.91	9936.43
-799.673	4238.71	10907.4
-2504.76	7885.99	12950
-1519.83	3001.43	10322.4
674.472	4012.9	12693.8
4405.45	628.045	10616.4
-2495.3	6447.13	6442.14
2781.6	8847.54	16050.7
399.809	4533.43	11404.7
3654.35	2891.52	11603.9
3895.42	6142.13	5584.32
3266.16	9889.12	5998.15
8218.66	4616.65	9140.45
5535.56	9128.82	9852.35
224.06	6867.57	13083.6
8175.7	1731.76	14218.5
-987.954	-1291.62	13196.5
2439.37	3694.25	12995.6
596.912	3648.42	5285.8
3250.49	3604.52	12370.4
5064.71	3238.76	9442.94
1006.36	6679.48	14739.7
6021.06	5356.04	10327.5
-1386.22	5304.96	8013.14
154.483	2076.61	7186.2
4228.2	3671.6	6675.88
2418.73	2846.97	10462.3
